,T,P,zs
13825,58.986209456915695,555964.9404710581,"[0.11525186191451771, 0.30648518856212303, 0.45765110686103105, 0.12061184266232827]"
17755,97.31202954042098,701894.7796992691,"[0.24236444934289528, 0.20454634550095993, 0.4327503505328125, 0.1203388546233322]"
13518,516.9235607460834,254873.8309954625,"[0.19826037565725024, 0.5000756446920059, 0.22526161170150566, 0.07640236794923834]"
18812,209.08698235669948,365287.5538401406,"[0.9285847394288721, 0.0033646870485395746, 0.028959653143985853, 0.039090920378602415]"
6571,484.7754156880972,589039.5528110377,"[0.19212720855785181, 0.07875262258426917, 0.4084240965687746, 0.3206960722891043]"
17100,31.220702578910817,794337.2194022913,"[0.24139280606912802, 0.0500307248085741, 0.12977869321733998, 0.578797775904958]"
19949,942.9326937394122,261701.88874163703,"[0.23081316877608404, 0.222934844160523, 0.17505824767248832, 0.37119373939090466]"
5404,511.8748517954911,570161.28445181,"[0.17909701598020833, 0.4470055927319251, 0.12622579348679352, 0.24767159780107306]"
18890,519.2925960311602,240018.5137235145,"[0.5023218393945296, 0.06475966229284175, 0.4040070456083161, 0.028911452704312657]"
13599,103.18870763761986,159210.99760296725,"[0.4692239145096336, 0.1273513963453025, 0.236492065339779, 0.16693262380528476]"
3130,648.3620749807819,121369.34773911192,"[0.015527686990079663, 0.2383335905268014, 0.5451949539794949, 0.2009437685036241]"
7860,64.87261386148985,695116.9906395213,"[0.29451385574479183, 0.001618190732364563, 0.5636112056131818, 0.14025674790966192]"
12906,533.4456557982577,535311.7096057044,"[0.021931994215484685, 0.19035715230878192, 0.3481681461905591, 0.43954270728517425]"
4345,398.077847662981,907478.6530834693,"[0.4999610222303717, 0.017966752786732276, 0.22272613483365955, 0.2593460901492364]"
583,539.1185756677066,331886.9751872481,"[0.06842161262863256, 0.09043286725107329, 0.34933503890593975, 0.4918104812143545]"
10766,913.6259820951736,853492.6185814562,"[0.04641466851444202, 0.10867639398718636, 0.3258360533792285, 0.5190728841191432]"
3213,524.1245347894043,472984.9770705436,"[0.0003238889416174243, 0.3391040967891173, 0.63680080516923, 0.0237712091000353]"
16637,441.0769444966176,400318.96035502834,"[0.13385992919179004, 0.11742950910826341, 0.26157187966511714, 0.4871386820348294]"
2306,753.0955849076613,227890.21165193408,"[0.16564279407957547, 0.14311088728954086, 0.08955481811030484, 0.6016915005205787]"
13410,770.8394632275522,759909.561097865,"[0.5266741125429367, 0.08912770869197109, 0.06645375554988288, 0.31774442321520907]"
5970,359.0661145527331,301509.0248972127,"[0.1892026224302953, 0.04742344135608566, 0.07739844369742373, 0.6859754925161954]"
17657,500.8659487099574,503570.5832596383,"[0.15600740427769633, 0.07475271383282267, 0.7261773015949964, 0.043062580294484724]"
8872,272.44481895111005,783415.7788847369,"[0.1244614467633678, 0.03437899826794152, 0.3554854158946516, 0.485674139074039]"
5400,293.4548379706012,541601.4955317475,"[0.1510156531069543, 0.298428935369664, 0.2561225714825102, 0.2944328400408716]"
6381,879.4078082398261,741817.0583218022,"[0.21970687095270108, 0.4088446057950108, 0.013487539317384369, 0.3579609839349039]"
11164,860.8353834129852,222615.5381179717,"[0.30001649461994245, 0.0680031595596553, 0.37187791457917463, 0.26010243124122756]"
18242,755.1544690127193,670233.856115321,"[0.12409971432832495, 0.06980151052968345, 0.40806976484894086, 0.3980290102930506]"
3615,357.4839010801553,595348.8184178217,"[0.14839288539721757, 0.1888838726794652, 0.3551268367325647, 0.3075964051907526]"
4073,472.86141356968506,617209.0510146277,"[0.1769063302349251, 0.6498825228741442, 0.03686381221547368, 0.13634733467545715]"
14377,40.78783649109017,297079.6357569625,"[0.07317299507287191, 0.13660016327072255, 0.6555210274669794, 0.13470581418942607]"
6252,491.5251405610152,749483.6852595595,"[0.47494222692446575, 0.3348909657274077, 0.10896456661713672, 0.08120224073098999]"
14819,659.4570197003604,710334.6321581036,"[0.2781222786566282, 0.18355803368512535, 0.1933950297632935, 0.3449246578949529]"
19898,185.24860285575093,375600.85713736224,"[0.1808098893909272, 0.05461239755057505, 0.49129041240326915, 0.27328730065522866]"
10216,190.44292659043904,405934.56225189805,"[0.6294731401101926, 0.02360266625232378, 0.1709381034439741, 0.17598609019350941]"
5670,511.7678839329374,675114.2900310511,"[0.2647320252099114, 0.07318475450932847, 0.12228012439246869, 0.5398030958882916]"
3359,639.1823050420865,861546.6168543019,"[0.3376374439158573, 0.17036945455331848, 0.37466300451274176, 0.11733009701808234]"
8757,436.8135321331168,458367.28239353147,"[0.5413747431657283, 0.09024892994328665, 0.242081542466874, 0.12629478442411085]"
16388,680.2102888059256,619254.1633928642,"[0.005569851374744808, 0.1300663068524279, 0.8021414310989464, 0.06222241067388099]"
2739,832.2844620711896,805013.040538863,"[0.15297417432326724, 0.4511294033689679, 0.048099279665346426, 0.34779714264241846]"
7845,896.6211333088642,858433.8332471293,"[0.6209772727589451, 0.18966408520170042, 0.0029761790858608625, 0.18638246295349362]"
9316,365.9553416927742,193311.2868490208,"[0.2372574884431147, 0.4351590881609693, 0.10658522318486698, 0.22099820021104905]"
4335,320.16738481384544,590381.9534579756,"[0.39054723348053594, 0.49628978150779257, 0.02401310772246349, 0.08914987728920795]"
11162,159.3424230430151,760982.1180353588,"[0.2338345793887473, 0.21531738422554797, 0.25152494527136704, 0.2993230911143377]"
3530,55.81988768025313,237244.52849766985,"[0.1598082168755225, 0.18688936552322435, 0.21882846135363807, 0.434473956247615]"
12303,362.4123165285607,334787.1144099798,"[0.08376676110564453, 0.29705615673851465, 0.4531172509997919, 0.16605983115604886]"
14256,433.5887895071119,964262.373271978,"[0.2561301977088556, 0.037074592774339915, 0.24306177943424148, 0.4637334300825629]"
7775,171.7879888586846,851430.1233781367,"[0.0893003699043907, 0.02048280798420244, 0.2614525373096651, 0.6287642848017417]"
3661,444.5596399078617,404944.7325031035,"[0.6379155097171424, 0.12169622808587804, 0.09678106190575758, 0.14360720029122195]"
3340,565.9304832777036,721685.2238414043,"[0.20873376407571617, 0.1450362698136114, 0.14293630511944486, 0.5032936609912275]"
6179,290.4310767942587,363987.108608493,"[0.008330555851692494, 0.09937790208653333, 0.14838563664165508, 0.7439059054201191]"
5132,569.5644009866062,103259.08437448376,"[0.21474617173026753, 0.12089781844193082, 0.06614111012600277, 0.5982148997017988]"
13294,205.50648594797144,448635.3548282206,"[0.2208424779244678, 0.2479919820381219, 0.042712904249458235, 0.48845263578795217]"
5965,184.55134068021337,188466.8900792865,"[0.07279071322760786, 0.7396118129036523, 0.18434946800328347, 0.003248005865456458]"
17614,26.536669766957534,284545.4061886809,"[0.497044608624655, 0.38293847088290633, 0.08749711098244618, 0.03251980950999241]"
8749,603.4976350457566,266723.2589401464,"[0.07917922824761536, 0.10609825416377816, 0.1193762053602689, 0.6953463122283376]"
2959,531.1784227733245,452682.4016971388,"[0.41077984678246715, 0.4351009054843726, 0.0607774272638298, 0.09334182046933036]"
12295,489.1420904134589,324532.64056153654,"[0.14998590730928735, 0.22298439057458067, 0.14122517134733983, 0.4858045307687922]"
16380,174.92930597801876,257333.3892624317,"[0.10020925142342846, 0.33041264698049216, 0.21394635844610982, 0.35543174314996967]"
1422,661.0125250937051,178376.3227911081,"[0.1063340110734841, 0.45403822473238364, 0.32397968809214545, 0.11564807610198681]"
4776,301.1556128871293,802792.364782026,"[0.40453510605607124, 0.3037528976244565, 0.16261602487348636, 0.12909597144598597]"
18723,141.96859910005838,971068.375735878,"[0.03556556354113553, 0.10119100062220969, 0.2680310936463237, 0.5952123421903309]"
1123,954.948247865905,382437.8470734751,"[0.4029911205596835, 0.5228337203221962, 0.06076803140224467, 0.013407127715875556]"
2545,402.89228475795886,628368.0431351142,"[0.8501174339505577, 0.011279090219148238, 0.06581712282841602, 0.07278635300187805]"
18380,940.8469322435044,564051.1723894835,"[0.4187025101250539, 0.2567800764586048, 0.18659962405705544, 0.13791778935928595]"
6031,316.01084044704936,478484.74641369376,"[0.6148743863671163, 0.2030262142163873, 0.10578038912497016, 0.07631901029152628]"
14699,882.4922319716919,883212.2592571311,"[0.06393889921459271, 0.35307974879413656, 0.5534900688957823, 0.02949128309548851]"
12225,645.9879413379359,405552.6333517795,"[0.1426592894017752, 0.08997854851616607, 0.11282068484937459, 0.6545414772326842]"
11849,478.8850578006465,112955.82255677092,"[0.12537486873141618, 0.4413669634022966, 0.26706796954348766, 0.1661901983227995]"
2517,840.3665735159738,443326.8033255302,"[0.15848036657025177, 0.3216202549700932, 0.4124568661984323, 0.10744251226122278]"
11952,30.091080015867348,553053.1054929285,"[0.0719654496255301, 0.7803528423951815, 0.09480154315348889, 0.0528801648257993]"
16737,232.36109499595844,311005.8182058028,"[0.2990526938992715, 0.19168078430833613, 0.19855933425859937, 0.310707187533793]"
16053,809.3633318966909,977467.8194365124,"[0.001268314817275748, 0.2417787003019912, 0.2444450378220858, 0.5125079470586472]"
11719,827.9841939954248,368511.8728032298,"[0.14288055571614114, 0.4384390929900443, 0.020709810366733666, 0.3979705409270808]"
4099,306.67446589475287,101601.9257301974,"[0.04407575829928157, 0.6743217337599685, 0.2207622526584248, 0.060840255282325166]"
15965,476.3610068884536,912393.0865775478,"[0.4877940005846571, 0.19385845559780637, 0.08100079958070548, 0.23734674423683105]"
5974,443.2326719929966,111420.93766879308,"[0.16265870984512112, 0.14506571443002553, 0.17593855302976288, 0.5163370226950905]"
4229,975.4646137863792,698225.6436186427,"[0.603562322331737, 0.07245167061749627, 0.17671544771019843, 0.14727055934056824]"
7698,408.75112494194144,788227.9470084239,"[0.508397616178343, 0.11217282153826992, 0.34299938867123886, 0.03643017361214832]"
2325,228.2258597100565,349092.5021057145,"[0.3442683247980708, 0.32394352242451835, 0.3232035987225848, 0.008584554054826063]"
16665,517.2132241439853,520923.2161508756,"[0.03636834473143858, 0.565404930710587, 0.33013748364990836, 0.06808924090806623]"
5716,932.3081353586032,934417.269835408,"[0.2542244742096905, 0.019359961747986664, 0.40448521010978394, 0.32193035393253877]"
5771,963.0736720159152,252969.97462188665,"[0.614421965355949, 0.0019494585979309249, 0.13664454457908778, 0.24698403146703232]"
7536,401.7475148025509,821686.97737642,"[0.02319618518870494, 0.2180711019595007, 0.13889235089792246, 0.6198403619538718]"
16803,231.67146553733,281395.4926697647,"[0.0462534757839856, 0.38175661908305114, 0.16071797092742718, 0.41127193420553604]"
14955,103.80051868035716,528107.1268676629,"[0.3079501302064843, 0.06761857420298897, 0.44247899082004527, 0.1819523047704815]"
15870,918.7013243967234,837996.97807765,"[0.33604335046735984, 0.14842771045242803, 0.305477225572164, 0.210051713508048]"
19009,102.64956472340342,444084.2761158567,"[0.013899503897133344, 0.8588840912983291, 0.1239259754529292, 0.0032904293516084564]"
13165,156.81789728010327,805607.2760106155,"[0.23940711568255452, 0.1219793663950875, 0.2711045360668706, 0.36750898185548736]"
17362,809.9030033642555,885830.4105362596,"[0.20695962924425007, 0.6819603583676436, 0.10356621802886853, 0.007513794359237809]"
4959,946.9458838306672,138290.0558023408,"[0.4278041933557251, 0.004249095126101651, 0.33532855402100253, 0.2326181574971707]"
9220,762.2749228934757,202342.6784572485,"[0.35958298916150466, 0.11670386583472919, 0.2716863517758152, 0.2520267932279511]"
7508,386.6819710961737,705409.8802817026,"[0.728103003261031, 0.0519277937852064, 0.20705149150380187, 0.012917711449960671]"
2444,193.2579427695629,236625.52121746,"[0.19542885483579908, 0.13782668459356331, 0.21590229058495286, 0.45084216998568477]"
18779,914.768356814684,978791.3574847094,"[0.4020107806506142, 0.24847258835728073, 0.2678567589716622, 0.0816598720204429]"
7017,162.91033014894316,897345.2544068204,"[0.3058388119538595, 0.22389936077613465, 0.3152759063065794, 0.15498592096342653]"
12498,609.6036181636721,873105.7630030353,"[0.003963133281476778, 0.0533431535640251, 0.038874379488115056, 0.903819333666383]"
12398,57.39944698516,306691.83273877786,"[0.013437097498707005, 0.8643346347084995, 0.09036941508699808, 0.03185885270579557]"
3120,733.8892268470079,102429.68613876612,"[0.4617974814359106, 0.041184170454224456, 0.0323185840228376, 0.46469976408702746]"
16930,412.49389380657874,961240.4334302788,"[0.2741201821134144, 0.030501663554371176, 0.6899575184365235, 0.005420635895690939]"
7988,368.62568200320464,995439.1218773172,"[0.08017028535220488, 0.4486629223441761, 0.2255374958189228, 0.24562929648469617]"
3151,337.9328561049058,802672.7407139515,"[0.21112042214488466, 0.3441380210693416, 0.11222197066149261, 0.3325195861242812]"
1522,471.1062349243977,412542.610835701,"[0.1813060789695368, 0.26220048175883465, 0.49563217839994494, 0.060861260871683656]"
8214,500.3005453273865,292081.5463890074,"[0.2590802470667421, 0.4047091859136318, 0.11267715061054834, 0.2235334164090777]"
8537,81.69558199621052,794461.7366159167,"[0.21803936097743012, 0.5643486665476811, 0.17282486814882356, 0.04478710432606519]"
1587,259.3031393750663,783694.331303068,"[0.19715354904769367, 0.015093825246938261, 0.5655463041351885, 0.22220632157017964]"
13607,191.07187787221284,767431.754423157,"[0.05092178581120249, 0.321545815953479, 0.23821296873361486, 0.38931942950170373]"
15167,575.3400687621047,977047.0511954403,"[0.06880485173099857, 0.5096062105749594, 0.06890776454167888, 0.3526811731523631]"
149,309.2883563491373,938871.856695537,"[0.06092823107439169, 0.472896965752685, 0.032741736450217246, 0.4334330667227061]"
3724,468.0616696974129,244679.8760421454,"[0.45395653402626013, 0.00464371286228776, 0.21439022903075833, 0.3270095240806939]"
3019,401.6110756336564,291206.304504149,"[0.18147920816117638, 0.25603677511300355, 0.4216724167353072, 0.14081159999051285]"
19178,564.6002208820755,756949.6806378007,"[0.1044301590228008, 0.23445976652445583, 0.22632591829186172, 0.43478415616088173]"
2078,35.609614328149746,556152.3247821645,"[0.486540867569005, 0.1688447039043949, 0.1404521666813225, 0.20416226184527753]"
909,854.7175061062599,612910.9876340604,"[0.09284211309583222, 0.5148654770193737, 0.24353715240028792, 0.14875525748450624]"
7874,337.7843769143354,588668.6461810363,"[0.22119069290454305, 0.2637998281521903, 0.002275508237519658, 0.5127339707057471]"
16548,152.9168184923715,310691.7174762108,"[0.23859760842215305, 0.2794638908088216, 0.2110279626073252, 0.27091053816170013]"
713,717.7944937481197,707204.4251898814,"[0.4071777776430451, 0.3954010212390087, 0.08672054945723677, 0.11070065166070939]"
881,830.3395763820781,372173.27668234415,"[0.11706105152024315, 0.3057588423189205, 0.41274267431205286, 0.1644374318487836]"
11088,157.46399236788363,696340.3308222734,"[0.40252697291515205, 0.12406034885963653, 0.17357639730299748, 0.29983628092221387]"
17397,214.1233576439752,944176.7339580732,"[0.4406284595069926, 0.4308968855339892, 0.1163401138154829, 0.012134541143535276]"
5079,509.88138969398494,175086.22348827388,"[0.46620062219041525, 0.025249614151061757, 0.2806367938421211, 0.2279129698164019]"
16335,787.4089250921292,893672.4512164502,"[0.21457743842929675, 0.5343012923301661, 0.20773841711338903, 0.043382852127148035]"
157,419.1984150555916,705786.7279748801,"[0.4315576560730117, 0.2258933934654608, 0.13330071631344564, 0.20924823414808175]"
16298,585.9604048177961,480815.36421425286,"[0.058122951772252414, 0.24607892228384662, 0.2789555381279457, 0.4168425878159554]"
10597,723.8023990813284,146012.44165405649,"[0.4269822333038296, 0.23985018920189308, 0.2710741263762681, 0.06209345111800924]"
1392,926.3884805504404,462761.4906013737,"[0.4586664990040474, 0.03537864238302103, 0.024502565451559325, 0.4814522931613723]"
8565,807.3524981720866,917240.0627868368,"[0.09294827197220408, 0.44649323669918367, 0.31036933159482194, 0.1501891597337903]"
1019,30.682709583265098,967207.6426821426,"[0.42253156184305835, 0.20614942920213725, 0.21681368343590848, 0.15450532551889595]"
15762,479.209470566565,429218.7504092255,"[0.20826289016456845, 0.47978686558998684, 0.25941355809509403, 0.05253668615035062]"
3507,938.7934630111948,560068.803258534,"[0.13565603269412851, 0.11735124725322736, 0.24790130336231167, 0.49909141669033236]"
13346,584.8165863151822,169969.1006151156,"[0.07050164451183658, 0.6400687853442038, 0.2854952963235107, 0.003934273820448828]"
14290,133.83465863827448,278704.51503671904,"[0.3573485181451536, 0.13638197759681706, 0.10870232836180509, 0.3975671758962242]"
3895,427.36025174000594,623944.3560696228,"[0.10876327029275455, 0.2930842980153833, 0.009035576222712059, 0.5891168554691502]"
2798,317.09187479797873,883517.7547654905,"[0.08513924668489378, 0.5619893417515397, 0.3066978464724415, 0.04617356509112499]"
2104,130.36962180251027,441796.7397626944,"[0.059165840324264425, 0.1210463684531189, 0.07054146058133218, 0.7492463306412844]"
8520,360.2512969393235,761598.6233541493,"[0.441214240316241, 0.31932317246553826, 0.01478111367322331, 0.2246814735449976]"
613,338.14245866603767,334539.202351023,"[0.3223849544743575, 0.23076764838683625, 0.34388805773969205, 0.1029593393991143]"
6027,562.8487432211978,570271.2103586595,"[0.5912392963164169, 0.078728327901834, 0.0596152251402727, 0.2704171506414762]"
2052,113.0186436524702,563339.3123744961,"[0.43952693551827743, 0.08155571548459015, 0.38669769170032914, 0.09221965729680323]"
16500,837.4738114683882,679571.8326229573,"[0.2218288762998031, 0.3119749665072651, 0.17452327772807705, 0.2916728794648547]"
2988,467.8509981481307,243671.4279729966,"[0.10974789273431865, 0.5815883045279785, 0.11899303223421408, 0.18967077050348882]"
8780,105.6865109183237,721501.4547459601,"[0.26218686481854225, 0.5840288737984223, 0.13878378391007593, 0.015000477472959519]"
4816,697.4115110061912,501916.72645979177,"[0.5216034721139473, 0.03244751273202899, 0.35200680440872684, 0.09394221074529699]"
17753,248.14802040627728,858924.3973318223,"[0.1542674416319672, 0.02490177374905239, 0.20084227702723653, 0.6199885075917438]"
10398,70.2980282421463,946020.2483998662,"[0.33318599392273296, 0.415612471316052, 0.14736121822429762, 0.10384031653691743]"
19840,725.7469842960738,231939.54309693657,"[0.2937874028935224, 0.6126020950049876, 0.07853517584797548, 0.01507532625351462]"
656,496.6356269347374,354986.4337226312,"[0.39811544392322074, 0.43107721694398704, 0.06667466389991165, 0.10413267523288045]"
309,180.6294504447089,489949.1248772667,"[0.27685449864839645, 0.28910607549328626, 0.11791037729087868, 0.31612904856743856]"
9866,162.0393551107415,248902.294840233,"[0.11180999275243275, 0.2921975138579753, 0.36776035901930665, 0.22823213437028536]"
19724,241.43689470886144,858555.3789837342,"[0.3121979529397151, 0.44713097247170325, 0.00317192412973192, 0.23749915045884973]"
4427,137.99437808756895,544676.6534502334,"[0.22112279496680734, 0.1906410835209934, 0.1833233268748117, 0.4049127946373875]"
14776,275.3947359439585,540060.0197007572,"[0.34873678716825096, 0.32332562942296716, 0.05692018367323141, 0.2710173997355504]"
464,154.23939719023593,803814.8265024914,"[0.29407701173214995, 0.2047701232350224, 0.2480635637672857, 0.2530893012655421]"
4587,175.6100697883456,574960.6650946836,"[0.2388272158278226, 0.23480607810577037, 0.09687029224663637, 0.42949641381977055]"
7791,824.5565496008766,353118.31605346734,"[0.32629961130136415, 0.30233344155892944, 0.20981405895229505, 0.16155288818741131]"
14331,180.51807080962132,977232.7091999984,"[0.5156457946977703, 0.20327252261181855, 0.16004368546079314, 0.12103799722961799]"
4848,303.44135796605747,636551.0514595739,"[0.08755412024705476, 0.818282942616948, 0.04256459602204815, 0.051598341113949106]"
3977,381.3358770141149,225601.2101748443,"[0.2600653344409228, 0.03158095334721767, 0.22965650377131674, 0.4786972084405428]"
16372,597.5167776907659,760739.6242243081,"[0.1891955080372847, 0.18222062572569375, 0.4934318046743919, 0.1351520615626297]"
10603,122.21185144489492,592783.231848856,"[0.2856080186490177, 0.040704468994604254, 0.07342431481751453, 0.6002631975388636]"
10733,825.891668952665,790297.6029771102,"[0.35855026470525286, 0.02777420436197006, 0.5423516481022305, 0.0713238828305465]"
6875,220.07320550519748,451036.4452672769,"[0.22182144554167402, 0.4817792182353218, 0.2804072595420688, 0.015992076680935302]"
4936,889.8167460320259,161730.34571013224,"[0.11546774296758278, 0.373018610132392, 0.1560986454416916, 0.3554150014583337]"
7113,600.8225721962077,706764.0020901728,"[0.04255212435933896, 0.831687660382788, 0.014621264141534106, 0.11113895111633887]"
17779,338.2842018029023,600468.1326475751,"[0.39658661628342745, 0.174855148263986, 0.12908629147547906, 0.2994719439771075]"
17569,935.5359020090964,924354.4747713804,"[0.0522153186342662, 0.3880237014894439, 0.2797508706759277, 0.28001010920036234]"
6734,32.88443645077864,301116.2307977672,"[0.034353174335197, 0.4141993870758669, 0.34479797266138307, 0.2066494659275531]"
5777,787.5240877918717,321308.74222734605,"[0.050175623176866066, 0.48434248874237534, 0.16861625826583596, 0.2968656298149225]"
17220,709.9868517924294,326895.2991336263,"[0.25891105344036913, 0.3118067598655057, 0.14924503094247515, 0.28003715575164995]"
11841,40.50226335208656,407748.2042363037,"[0.6466161375049875, 0.16970361813280432, 0.029413287749835045, 0.15426695661237297]"
13649,436.61409325859216,868861.2959981239,"[0.5139837766147192, 0.054724547921832754, 0.34263663344562495, 0.08865504201782302]"
16698,361.5973470801479,859936.5706377445,"[0.057725731969060494, 0.5092257522793939, 0.045084346498645955, 0.3879641692528997]"
2723,230.24302225379805,833397.58335982,"[0.24268190371235784, 0.3554961745949537, 0.35754285535006564, 0.04427906634262283]"
1058,237.72633462935147,112162.84426363774,"[0.20556247504625322, 0.03174971224913461, 0.04726403081187592, 0.7154237818927363]"
10894,804.1423059202452,216857.6133300301,"[0.2879268493550965, 0.04256334831083599, 0.6045247373283876, 0.0649850650056798]"
4341,752.6519667333307,411281.0888954139,"[0.10842357974255858, 0.4575068657482364, 0.3819147451075117, 0.05215480940169326]"
19622,582.1555980331365,921438.4508906816,"[0.026714621123056143, 0.39455468215643147, 0.05579786103546194, 0.5229328356850504]"
2005,65.16007594328053,843032.5430694071,"[0.09620480220277161, 0.5489954263053273, 0.23415754947123488, 0.12064222202066606]"
6123,496.4479536492782,501779.5725487225,"[0.18022121530871898, 0.03266028762087907, 0.6778880576387504, 0.10923043943165152]"
3492,862.3702293823566,965377.076604102,"[0.4881208342247874, 0.03207188111789441, 0.3345699278355415, 0.1452373568217768]"
4948,995.3013236428912,616670.1474622667,"[0.21487258079148588, 0.59066256008174, 0.14180134657780233, 0.052663512548971766]"
1759,511.61402977487137,653971.8604228204,"[0.2997264116140506, 0.1256247516114007, 0.182794843916725, 0.3918539928578238]"
17162,873.2116784293663,563599.3494215668,"[0.14667537628373922, 0.3944226388962511, 0.09153389078595357, 0.36736809403405607]"
3779,749.3246135222223,549720.3954755843,"[0.17357526718124264, 0.37260885066691235, 0.26415104996399674, 0.18966483218784827]"
13449,768.3388307604473,814601.366359274,"[0.08451318595529876, 0.07319615449602979, 0.18961614195962884, 0.6526745175890427]"
8768,393.8516166002657,383667.40910186525,"[0.02853996617452234, 0.4840174448456747, 0.047920132224978484, 0.43952245675482454]"
2159,90.2897615570976,580990.9311563837,"[0.3455266454574624, 0.20336622865813622, 0.35988127401887954, 0.09122585186552193]"
12029,676.7456072733941,479640.05735829,"[0.22842331952001482, 0.27700444127606944, 0.1550718664147092, 0.3395003727892065]"
19111,799.2716640456641,460651.803898666,"[0.004647028669072773, 0.4971459404046897, 0.23702139064439673, 0.2611856402818409]"
12981,415.8004613548872,269938.76061005367,"[0.3274760858990496, 0.28645569248403124, 0.2335716236040595, 0.1524965980128596]"
4047,772.209326292423,353452.0146115093,"[0.23744370826536562, 0.00013633800175395373, 0.2613950620994097, 0.5010248916334707]"
6086,761.6847094062695,704462.8491396274,"[0.11965914198720205, 0.629251059671975, 0.07855997375019484, 0.17252982459062804]"
10347,857.9690785125446,718637.8377642563,"[0.09674031910437934, 0.15174611630740953, 0.5447124326731017, 0.2068011319151094]"
10196,253.8419271649497,854676.3897063105,"[0.08198302245695101, 0.330056659571656, 0.4434386478155348, 0.14452167015585826]"
12480,470.8130437727538,803637.4651328255,"[0.04652107089525731, 0.09338856703777813, 0.48049665666942004, 0.3795937053975446]"
940,318.77881133846535,918028.7851872155,"[0.4961892726749651, 0.23282055297270363, 0.2449605818723609, 0.026029592479970425]"
7967,914.806600802,623693.428911498,"[0.31682508725444797, 0.05866467495447567, 0.07009681906121477, 0.5544134187298616]"
16109,671.0166618889817,799632.6686446024,"[0.17620695277999815, 0.3291095249821434, 0.004889404048155939, 0.4897941181897024]"
8118,452.80171606707967,538231.1464015876,"[0.03125748113366568, 0.23704406292771918, 0.35790048256702683, 0.37379797337158827]"
3762,148.19230951503107,451254.0647662875,"[0.06017089061459398, 0.3479352079088745, 0.471481769335261, 0.12041213214127056]"
15288,194.0638863746464,456135.2446077457,"[0.5280800703650486, 0.05025278693953647, 0.25378867269184424, 0.16787847000357076]"
5916,392.2819455796889,293170.92356771126,"[0.14194573741822034, 0.25609348364775575, 0.3024324453668962, 0.29952833356712766]"
13394,770.4977316658031,911490.536565397,"[0.03487120548671763, 0.11298642248522021, 0.10304037071230324, 0.7491020013157588]"
13133,46.9045792515957,610731.7586838354,"[0.21801438611278962, 0.36970302232292296, 0.1723021913764991, 0.23998040018778832]"
19741,555.9950482519564,706519.9625385976,"[0.04824861411835166, 0.7262731666857604, 0.12438409290889496, 0.10109412628699325]"
4161,940.4649164058128,860144.5402078001,"[0.12937477726519572, 0.4762800845103458, 0.37708862271757093, 0.017256515506887574]"
11552,615.9741545226613,583607.4869676221,"[0.28694403828886733, 0.5616090843576197, 0.07790631108028724, 0.07354056627322567]"
8992,423.503926731431,923152.2105434338,"[0.09071944683139276, 0.2610498778719413, 0.19737558548818301, 0.4508550898084829]"
2080,373.32101915273375,732332.5563851069,"[0.025514026931747414, 0.2046539285439799, 0.11106679672118629, 0.6587652478030865]"
11125,640.4882099974151,531460.6339768006,"[0.26339183559618007, 0.0029935640578347515, 0.1524535379598692, 0.581161062386116]"
16312,977.024389266038,867030.6649758472,"[0.4249091628975228, 0.008670788366235357, 0.3427491113098571, 0.2236709374263849]"
7762,536.23210765095,719453.6113668728,"[0.3504295795901241, 0.19571933869471556, 0.13887806667484415, 0.314973015040316]"
13828,271.663260029178,482749.2383207593,"[0.48101109387004565, 0.01677978428053834, 0.17918372430872112, 0.32302539754069476]"
6068,631.4010449483123,205100.9949969269,"[0.12241458469760874, 0.12908657306698026, 0.32904265269102634, 0.41945618954438474]"
10153,662.4294095099805,277802.87615751475,"[0.23546386353411966, 0.04974800775418066, 0.4945676644857406, 0.22022046422595903]"
17054,212.4165608139752,667056.0687646249,"[0.378294764401141, 0.10636480096164184, 0.27545657481688673, 0.23988385982033048]"
6775,98.0879560822614,690475.215277859,"[0.2502226295354402, 0.07652370816838668, 0.061535256510903184, 0.6117184057852699]"
9692,782.3830735138906,163622.7315061078,"[0.5497994812509344, 0.374097915759556, 0.038721203413002316, 0.037381399576507386]"
2277,137.0856331849135,201784.9983924709,"[0.08941358215501749, 0.27694209402971964, 0.2795433347179537, 0.35410098909730914]"
9836,839.826567680259,882080.3917244145,"[0.052159600573988524, 0.5095227790560727, 0.022894527305782487, 0.41542309306415626]"
3872,327.51087105652186,254617.68372256152,"[0.0575535919691544, 0.0071252740263997374, 0.6801726599096678, 0.2551484740947782]"
14903,433.9192380088274,945854.0676075504,"[0.6247170395468886, 0.15429683705546618, 0.21626502720585788, 0.004721096191787266]"
14295,504.1850212459287,617610.349186723,"[0.4258512717587709, 0.18335917239597024, 0.25119528610172337, 0.13959426974353567]"
10862,545.5516196686976,487501.86067232327,"[0.47782562558696207, 0.1480214354279947, 0.014455642411427555, 0.3596972965736156]"
3429,606.5107813774148,718033.5734292462,"[0.3908634709150451, 0.2355303342701159, 0.08775768219662586, 0.28584851261821315]"
19296,746.9881066585257,536809.5121335483,"[0.12725883303658964, 0.22111211115161392, 0.3455033279246425, 0.3061257278871539]"
19410,674.1590026186516,465427.3059397935,"[0.08179816985952289, 0.42783624633408385, 0.3281283379733275, 0.16223724583306567]"
726,914.9139739307228,137698.9216229723,"[0.22519637822238148, 0.5352826323052813, 0.07775061497792653, 0.16177037449441076]"
19370,617.5111620361115,248471.38171646977,"[0.3277132413110585, 0.18703757984297328, 0.47675597908377654, 0.008493199762191737]"
4598,992.9416976368676,496823.36368651525,"[0.2749820523154168, 0.5865639445338161, 0.10577795089355585, 0.03267605225721132]"
1584,941.9086855959166,417654.7180598892,"[0.23143003462969783, 0.4156866356375332, 0.10695032830411591, 0.24593300142865315]"
8268,392.84066854551065,884075.4428071388,"[0.13389477418591705, 0.19282450399837717, 0.37448668209244945, 0.2987940397232564]"
738,118.7270216276682,840896.309758602,"[0.10191200475409608, 0.4331519735819779, 0.08030932721079723, 0.384626694453129]"
15012,528.668820874297,150564.14370555108,"[0.539484010671381, 0.2751474372931205, 0.16525125654475672, 0.020117295490741687]"
14405,472.1927180391059,612439.8272616593,"[0.026372821727037254, 0.2671906240165754, 0.20593886146378415, 0.5004976927926031]"
19358,545.3814731797603,667896.5941999488,"[0.2788293822422429, 0.26121741945365257, 0.01021015336489955, 0.449743044939205]"
2195,16.326928847962343,918182.8487457294,"[0.2898801846638232, 0.38494830692405096, 0.2611916751269788, 0.06397983328514706]"
3050,498.7830665134778,537713.9815368641,"[0.17025417643064242, 0.12570680233447148, 0.5543495757090378, 0.14968944552584837]"
10622,703.9876190587022,976922.2917743586,"[0.425259112611999, 0.26314109200131125, 0.18151196838002495, 0.1300878270066648]"
15811,888.8372580130808,816600.3091095698,"[0.2708075654738574, 0.14248434071484933, 0.48931157931142183, 0.09739651449987141]"
10616,54.23385871912489,146745.03258539856,"[0.05844792144122934, 0.6389195779993622, 0.017753099280102137, 0.28487940127930633]"
13955,277.03658620054847,655381.6649838715,"[0.0722837069809412, 0.05028654093072997, 0.03793809313343534, 0.8394916589548933]"
2125,543.6330864663435,183135.8247137908,"[0.15709028669108088, 0.06120462123051643, 0.055825913664731754, 0.725879178413671]"
17444,981.5327011636524,499725.6160993662,"[0.01788029142145627, 0.05755218392290814, 0.5346827832163695, 0.38988474143926605]"
2752,224.9657367102636,609446.6785427751,"[0.1415816513976223, 0.4712314415130098, 0.29956047172496486, 0.087626435364403]"
3400,675.6427939360591,210239.4286237097,"[0.5438586790673342, 0.015754526591284696, 0.10503348161632242, 0.3353533127250587]"
14844,313.3724763129371,529461.5296688055,"[0.5554958810130829, 0.1037177926809487, 0.017563329191061888, 0.32322299711490643]"
9609,244.38062717191949,147221.2181971038,"[0.4073267071813852, 0.2609989438846074, 0.2596970213798422, 0.07197732755416517]"
9157,999.216783705025,941322.7123873322,"[0.3637458043863201, 0.41656379225004364, 0.1901067939033989, 0.029583609460237387]"
6084,984.568234002612,311649.0100243539,"[0.04133405832013685, 0.14888734390423222, 0.21250227743587413, 0.5972763203397569]"
9132,128.02515644511664,252514.5061701878,"[0.34200762370714827, 0.5318129149407929, 0.08892531927118606, 0.037254142080872674]"
7711,772.1241330564865,381736.9201893846,"[0.0063521819110145305, 0.5841183217465915, 0.3216172240354003, 0.08791227230699375]"
1625,286.0481434685282,462026.3461224156,"[0.2716600741388813, 0.40517152274865587, 0.20070256539963466, 0.12246583771282821]"
18100,853.9920362104336,379924.39703569165,"[0.2547527472036237, 0.2242669356819681, 0.08469477845929642, 0.4362855386551119]"
1578,591.717657521309,795806.8780188381,"[0.10866592607273948, 0.0029069332997145214, 0.6899061960528424, 0.19852094457470348]"
8085,295.19898256536493,173729.88377453614,"[0.22967414875430306, 0.33335100763411996, 0.3971853912064876, 0.039789452405089375]"
19965,687.7259370718082,111391.12211143284,"[0.11037051759413431, 0.16231651653568355, 0.669547191524968, 0.057765774345214065]"
18008,625.9611874248783,635518.1136283738,"[0.3418206950995104, 0.04511007483290067, 0.36571228093357433, 0.2473569491340146]"
1109,440.6102097333936,190353.81011061728,"[0.46957847736814073, 0.4592830284406177, 0.0609906608339252, 0.010147833357316524]"
9321,22.105071163615737,202654.21823520635,"[0.20182626908592324, 0.6635555272122275, 0.007369354715706242, 0.1272488489861429]"
11217,472.6639811611055,400188.54338712577,"[0.09565286748836378, 0.3248880997871796, 0.4996903694216749, 0.07976866330278186]"
16518,369.1449738387896,177058.93686654986,"[0.16597423086157712, 0.043773150434973485, 0.21691407194617035, 0.5733385467572791]"
5844,553.688589271168,796631.292018724,"[0.40304529711196563, 0.049117063767360136, 0.5361129188793156, 0.011724720241358705]"
16178,753.4584084073483,934596.7529865378,"[0.1311237781035305, 0.22766742396990544, 0.4033120061814009, 0.2378967917451631]"
10102,944.7955679115286,469490.4503071402,"[0.21558077341372728, 0.41951753360283495, 0.06114615911434436, 0.3037555338690936]"
10870,301.5350745098763,236628.73996637893,"[0.19887079737008106, 0.18040702979877724, 0.00259415351450543, 0.6181280193166362]"
10819,904.2646086398668,830008.5193506635,"[0.039135344387713544, 0.46660045310682124, 0.15857447692589183, 0.3356897255795735]"
12897,450.3820376813203,475782.0767926048,"[0.10921283512605806, 0.12947903923501675, 0.22958637172357294, 0.5317217539153523]"
11243,692.4804804144608,808148.2420129385,"[0.24751819779868553, 0.10193447781825718, 0.4537960953148298, 0.1967512290682276]"
12332,559.3524411775229,876865.7033177046,"[0.6210021558208343, 0.25392936514470954, 0.02512808224037394, 0.09994039679408222]"
915,974.5834787594164,314036.9431700258,"[0.29004365942665483, 0.18053583122491645, 0.09296331799095035, 0.4364571913574783]"
17502,648.8818249013333,776192.3160587412,"[0.3604970554358866, 0.05474466395972718, 0.19704757244381138, 0.38771070816057474]"
8842,638.0592327251808,252828.10603578747,"[0.14760119608665948, 0.17700341524007418, 0.6647205613275943, 0.010674827345672138]"
14902,296.68830562216425,502016.7776649165,"[0.22681621540991279, 0.09965160318614923, 0.14216245737233862, 0.5313697240315994]"
6788,258.19594596067924,764475.3928256317,"[0.39272710455789483, 0.056749099416020236, 0.16266228549819592, 0.3878615105278889]"
4723,500.94846252900334,325140.1909329788,"[0.06171331862702912, 0.3680981695125264, 0.0038824658407516834, 0.5663060460196928]"
15963,490.39489154326776,666738.3750758858,"[0.023693658665959374, 0.4761598329387295, 0.27974844025314916, 0.22039806814216192]"
4593,281.86610994440366,594453.5179688584,"[0.46007357111107183, 0.3396106038357155, 0.18954451023837396, 0.010771314814838796]"
12955,859.6600612964245,329046.3362207049,"[0.4637895039703582, 0.013046620034738055, 0.4945614325773883, 0.028602443417515392]"
8483,354.1332674162825,255526.0093178844,"[0.2809929565090214, 0.036471259736439283, 0.13210814041592137, 0.5504276433386179]"
5801,619.0015202824111,725777.7024902697,"[0.27045237384808174, 0.07983922093847347, 0.41915469989044823, 0.23055370532299643]"
10775,859.0142509779456,294440.8389102981,"[0.17537047985556253, 0.08738918126691571, 0.17412677899974943, 0.5631135598777722]"
10634,110.64139676054948,981765.4137625368,"[0.3007693766429256, 0.1620534226192958, 0.4975280100450025, 0.039649190692776136]"
13756,269.582769272415,243051.2927280048,"[0.42007452123628314, 0.20932806660313888, 0.01618065939928763, 0.35441675276129025]"
18832,831.8334943659218,132774.43134305396,"[0.37568644640934334, 0.2584177531677872, 0.28829143885816116, 0.07760436156470842]"
17457,230.4372369960737,881739.9835281576,"[0.0575336027677773, 0.17481979080702625, 0.4116997930875507, 0.3559468133376458]"
19696,181.4513513277116,212044.5809136498,"[0.20133256127863622, 0.050695625306106995, 0.07506973274583245, 0.6729020806694244]"
7075,208.86789358927788,673618.2521266124,"[0.29035361096435075, 0.2812607035419401, 0.39890124076917705, 0.029484444724532027]"
15307,216.74978743725453,989570.1198395244,"[0.33219796204241847, 0.026561591857942296, 0.49552428078456856, 0.1457161653150707]"
5108,200.90677229938245,855668.1692745168,"[0.23744139312180723, 0.3463939121910578, 0.0731006339922372, 0.34306406069489775]"
5838,12.434883912717268,513935.8992788324,"[0.015746739232740496, 0.40831671262516306, 0.4823498973707111, 0.09358665077138524]"
13780,999.3530347664029,921623.5203448556,"[0.13222535360715817, 0.20320545144376714, 0.5945926782550047, 0.06997651669406994]"
1687,168.9743720870129,389814.0574749545,"[0.3698360699084013, 0.30642568148794375, 0.313159898707706, 0.01057834989594893]"
7903,453.9893458849696,489442.2558486676,"[0.19181282289350365, 0.1450382893027983, 0.5644801829837099, 0.09866870481998798]"
11206,719.6224976155991,133726.34622356624,"[0.2017444124771632, 0.16377495588116717, 0.06277040300149309, 0.5717102286401765]"
18518,908.1112157077888,146245.96479552618,"[0.12273446065148275, 0.04259935790485008, 0.6078800823685667, 0.22678609907510044]"
18783,853.789333671419,709647.6343812464,"[0.08967707565244391, 0.34473882576337067, 0.20320663345121306, 0.36237746513297237]"
18774,425.4651486916,706413.7746935925,"[0.8661912251136515, 0.0271844485364288, 0.029489570715974033, 0.0771347556339456]"
2861,943.7970864719634,385105.7477308853,"[0.12343254401898177, 0.5832825566328376, 0.28575923199756165, 0.0075256673506190796]"
15787,779.3247275414979,899247.666055976,"[0.09700233556198039, 0.34243353791706505, 0.057860916721187095, 0.5027032097997676]"
14497,726.2476070845349,608972.3267572057,"[0.05966848072753317, 0.5613121629731, 0.09120531230627098, 0.2878140439930957]"
17194,778.3407078163647,250327.534390294,"[0.015154669105884025, 0.33075623388721015, 0.2581408527955275, 0.3959482442113784]"
10517,210.7306983572745,299476.7302702834,"[0.08754089673507233, 0.01797442988430753, 0.8740096390207919, 0.020475034359828358]"
6348,415.2088125594575,698657.9252540425,"[0.041648973418850425, 0.3800517298678144, 0.47402793644028945, 0.10427136027304579]"
2669,320.0863350482743,895231.0144051735,"[0.5592309554058207, 0.28430700998984715, 0.02294153975324188, 0.13352049485109024]"
16482,922.0483804864836,878875.3625694661,"[0.027380496478040455, 0.8958971059230176, 0.026335590812485616, 0.05038680678645634]"
12698,228.85678844905044,704503.4380249368,"[0.3758192823945434, 0.22662497843552779, 0.03231746510956393, 0.36523827406036485]"
9403,980.8844842973064,718539.3561509559,"[0.2902832906425289, 0.10699722255278166, 0.37569669702059977, 0.22702278978408966]"
16513,828.6629745049396,647067.4938530924,"[0.10281602507760242, 0.3829616097509786, 0.29716842859112985, 0.2170539365802892]"
12751,436.8602610126672,889117.9232909314,"[0.40140668050264644, 0.02502815398178817, 0.44524641368484275, 0.12831875183072255]"
6874,74.81091249703145,567640.8899270422,"[0.02621047901027517, 0.5547317267572763, 0.32419527472375065, 0.0948625195086979]"
16574,582.2341848669885,547164.4311166897,"[0.14567423947369668, 0.2376173193407416, 0.25521722940224817, 0.36149121178331356]"
11845,981.7428916818544,154413.13785595002,"[0.05101599697462574, 0.1257536881432545, 0.2128774126764318, 0.610352902205688]"
18145,703.5274501807252,464193.1362880398,"[0.5689218093506387, 0.2698806003555163, 0.09204242644858804, 0.06915516384525688]"
6259,630.5252251850167,335919.133185207,"[0.1463976912133982, 0.6316936911179571, 0.14809928633069983, 0.07380933133794484]"
9500,491.3340919037372,177402.976213269,"[0.23798933053918755, 0.19367382157931753, 0.4042692060225385, 0.16406764185895642]"
19967,276.6216804450283,622741.5650286446,"[0.05992186437490418, 0.5443414425333923, 0.15126794375936684, 0.2444687493323367]"
16153,545.1471937520442,405613.7031259435,"[0.07365298895932557, 0.07498049310100141, 0.6497281456236879, 0.20163837231598505]"
13957,451.9406755352888,147245.8343904328,"[0.11877406103501258, 0.35758524862564917, 0.2627454478790638, 0.2608952424602744]"
17146,351.8973007807237,858586.975495113,"[0.5334537476724889, 0.1325128986593878, 0.06981236654901864, 0.2642209871191047]"
18957,88.52004823179743,619297.046785445,"[0.02221413778819899, 0.18121040604002536, 0.008172931529914707, 0.7884025246418609]"
12963,330.48751219300954,921696.7617200314,"[0.0810428296054673, 0.016600975807240587, 0.08414397027579679, 0.8182122243114952]"
7757,344.5005473723048,231492.33404953327,"[0.1380337198358229, 0.3102277233951029, 0.3546100716043455, 0.1971284851647289]"
12922,788.3039781620312,975324.4176599162,"[0.3473879818690425, 0.25561043652949106, 0.07454873935343112, 0.3224528422480354]"
6048,494.0929796522365,507165.104052574,"[0.22630319551939904, 0.1768099831846115, 0.5161379387758548, 0.08074888252013458]"
14450,308.74378507015365,330908.05773272587,"[0.4471793792823601, 0.0007834208744266134, 0.004752614184183129, 0.5472845856590302]"
9608,314.90757988692525,653655.0157786338,"[0.07702582487844947, 0.11936232106806657, 0.3038244903275204, 0.4997873637259635]"
8453,683.1908901916144,386999.2487001984,"[0.3429494088573196, 0.31744590750240287, 0.21567213910500382, 0.12393254453527376]"
12842,730.8992129664266,971016.7417648291,"[0.3679782931187124, 0.06637714068745346, 0.4362212032657857, 0.1294233629280485]"
7693,807.3385467072217,237159.0148858009,"[0.24602244544767696, 0.13636368399135085, 0.40273315041730245, 0.2148807201436698]"
9790,251.0647389728604,769190.0345928546,"[0.0023840851136046354, 0.12208914020361705, 0.5592070455274863, 0.31631972915529194]"
1895,696.7467376341339,128050.56073720408,"[0.3815400925062846, 0.41878200131563076, 0.1920317945179101, 0.007646111660174595]"
2812,532.1548720311939,286965.6356255209,"[0.3804996402977778, 0.2168286193886785, 0.09217182031241529, 0.31049992000112847]"
14921,833.6854984237061,244366.2519344572,"[0.31558797917357684, 0.08510392643537663, 0.23395789603399292, 0.36535019835705357]"
17501,670.3497106203669,929478.5663763924,"[0.704349855998764, 0.10944607392156193, 0.13268277780370077, 0.05352129227597343]"
7821,985.567797087224,449214.3523785253,"[0.3222437668729348, 0.5622338250079061, 0.0005129371928418701, 0.11500947092631723]"
12462,869.1722166556624,302913.15033991646,"[0.16899569507004628, 0.0027719331373351674, 0.23595519419630062, 0.592277177596318]"
5815,251.75990758046,136280.80718861552,"[0.017702088367611033, 0.26117641930441915, 0.034802298031459296, 0.6863191942965106]"
9632,750.9676763865565,575174.8158236109,"[0.3045708203999187, 0.303892836228976, 0.016005116065843542, 0.37553122730526173]"
10939,959.6441137401258,721579.6406072408,"[0.14670747202851347, 0.09210588770262479, 0.5763802891910653, 0.1848063510777963]"
4259,762.8273869323025,938030.6663461744,"[0.26547796535054585, 0.12798938610499122, 0.37459193572465993, 0.23194071281980302]"
5979,631.8393772960678,530396.0405984761,"[0.054659000163050406, 0.30489151923990687, 0.4214885570608639, 0.21896092353617896]"
8854,972.5299997433297,748538.0896337201,"[0.029093914070659928, 0.7373000679015549, 0.016814446397595967, 0.21679157163018942]"
349,150.76433939655237,577033.0669800986,"[0.028884662102712292, 0.5073934147941331, 0.34882490650252124, 0.11489701660063337]"
18263,514.2086183379427,231491.95429663672,"[0.4238472324879154, 0.23794412850749716, 0.25756313412123677, 0.0806455048833507]"
2711,522.7980604820698,402031.8833880349,"[0.10774325733562347, 0.5226770406609622, 0.01064043830705468, 0.3589392636963598]"
5618,862.6888561925941,546269.5301838105,"[0.5565922104520451, 0.14566442227954474, 0.19461472658314155, 0.10312864068526854]"
4982,385.7488625096562,147381.62307650346,"[0.020157553706168174, 0.5034350775131887, 0.06459885985996025, 0.41180850892068294]"
15335,362.59798313034753,848442.7374069431,"[0.19162117412661991, 0.06197946974829978, 0.1330575481452897, 0.6133418079797907]"
17933,867.6242316554129,911029.3725928058,"[0.573138816766556, 0.31421743942271824, 0.06836407968186034, 0.044279664128865484]"
10993,542.8780063671221,341246.75376983103,"[0.035937942870050844, 0.06358748013690813, 0.11351766851773867, 0.7869569084753023]"
3950,266.0821761613294,318702.6822911843,"[0.38692009149507817, 0.2590083205609549, 0.34875858868928317, 0.005312999254683706]"
7632,982.6957100843772,864080.0646530787,"[0.41709084450611333, 0.062015176177088745, 0.05313785997351153, 0.46775611934328637]"
7358,550.2404369768306,258808.9324056487,"[0.1607929629786215, 0.00686330049771265, 0.350943601848776, 0.4814001346748897]"
15781,656.3947488445483,992700.5381402632,"[0.46990103762868546, 0.15418057670714555, 0.27872556388643704, 0.09719282177773204]"
212,880.5895617229744,346448.63563641283,"[0.42505200551260125, 0.14899428342880652, 0.07997806749162742, 0.34597564356696475]"
15542,232.45159146391308,950430.3291357574,"[0.3385258595431206, 0.04439497255669601, 0.04272579542703767, 0.5743533724731458]"
3214,837.0077531051372,338242.6498504305,"[0.13824155915062675, 0.1515155608470066, 0.2465071461701878, 0.46373573383217886]"
14273,995.4555781323716,587084.8006410326,"[0.40307607936823875, 0.1573138048465891, 0.10219567988333822, 0.3374144359018338]"
4034,340.7942338936578,177452.57251844506,"[0.10386870872121774, 0.590754100537579, 0.20179958490237265, 0.10357760583883059]"
19624,629.7924817714593,840641.5396478826,"[0.10431406618894917, 0.16374025644700838, 0.12634209433050225, 0.6056035830335403]"
18701,575.9747558254235,779494.9477846094,"[0.21957257045255898, 0.4898576371527605, 0.19787391857083172, 0.09269587382384893]"
2232,682.361752833124,521825.9544001616,"[0.21056502184028436, 0.463351910193762, 0.14942307481597158, 0.17665999314998204]"
16122,590.7735878091905,217403.28189319663,"[0.25505560212127504, 0.20384081143067748, 0.5397876334115083, 0.001315953036539278]"
5544,448.2936398789796,626928.1590957143,"[0.2704627478284307, 0.20559061387337707, 0.5143407870904326, 0.00960585120775955]"
13230,93.13115313273192,391563.6757029512,"[0.04390328339901326, 0.25444802902104546, 0.18504210057969853, 0.5166065870002426]"
1455,804.3971808751077,564731.6734045792,"[0.043440553941964444, 0.19729916048419713, 0.5102338571222185, 0.24902642845162004]"
17691,410.93501990663816,550572.9595936849,"[0.08996235795344004, 0.05840075492788137, 0.6242331641635888, 0.22740372295508973]"
16569,477.8317952138453,164247.2149117768,"[0.35313844338918043, 0.00555938247904996, 0.05006849473520186, 0.5912336793965677]"
11853,567.2739228149502,107380.4719744561,"[0.7208379668487197, 0.09466286311396796, 0.16103026192435926, 0.023468908112953157]"
6096,658.5307866996619,259232.18531411383,"[0.37086017489355955, 0.001177636127657269, 0.10739519193737207, 0.520566997041411]"
13378,329.32546172120067,172617.28807350248,"[0.12555513897563114, 0.2878213627413104, 0.031651698071477434, 0.5549718002115809]"
11772,345.9610024197303,128820.033114483,"[0.47836067745679306, 0.1509670485186887, 0.1765483531052707, 0.19412392091924754]"
9911,50.78266307598344,993734.4238355282,"[0.2264241081508679, 0.08218662817627724, 0.6889472745889066, 0.002441989083948209]"
17977,919.4102002310948,519946.9147052896,"[0.00803273569751084, 0.23881718944453742, 0.5602187920334499, 0.19293128282450173]"
17346,303.9266274625546,666712.2395632731,"[0.3598670630905365, 0.46497913750112385, 0.12076141338277778, 0.05439238602556182]"
3703,197.52597283610825,369911.71288343857,"[0.31311800850254823, 0.09179228523146322, 0.08818679629540824, 0.5069029099705803]"
7735,772.8436119212557,650215.7460720367,"[0.182578744544395, 0.159234536030232, 0.5365902540852456, 0.12159646534012744]"
4788,284.7148408507368,185294.55684223745,"[0.15409855688598093, 0.21859647167564747, 0.01855926983670672, 0.6087457016016649]"
16256,567.6510206792673,541386.7294667135,"[0.060695911409062275, 0.1985044241892571, 0.03558432546174078, 0.7052153389399398]"
16679,549.5782636247245,371240.71971788135,"[0.054433692234948795, 0.01215330793424346, 0.7538713565481661, 0.17954164328264166]"
11860,665.6256415201401,802354.1557871652,"[0.034719104946052695, 0.33735510872510044, 0.06582465770841321, 0.5621011286204337]"
2749,604.647302717701,370581.4739713491,"[0.022644461305494374, 0.3235053602742633, 0.05392726726821131, 0.5999229111520309]"
3617,697.6521393991246,928002.689619384,"[0.12454540473768437, 0.1415967693988515, 0.3497655868239148, 0.38409223903954937]"
14990,862.4961284900305,864715.0147586111,"[0.20191788523610435, 0.063237705009668, 0.5005825907028704, 0.23426181905135735]"
12060,996.5214481943922,294764.7602010742,"[0.230618501032267, 0.307281485268369, 0.13777187420231582, 0.32432813949704825]"
4946,119.00099953657056,992878.9848853202,"[0.236555253241461, 0.39142373648156975, 0.16376965362909388, 0.2082513566478755]"
9300,341.677280998187,849106.458249631,"[0.025173216383095772, 0.16677175616955336, 0.09898427831916516, 0.7090707491281857]"
6639,109.85731792916316,684683.7216783232,"[0.5248708122559583, 0.09033232112139801, 0.188067597215121, 0.1967292694075227]"
5168,34.84739833403687,958186.8090631852,"[0.013569492450239515, 0.242188189223407, 0.6114486005132783, 0.13279371781307522]"
5606,449.6437720620816,956098.5535005956,"[0.17442107958925834, 0.4625787558320477, 0.08842856288156467, 0.27457160169712913]"
16784,994.0152847134144,586100.9988932516,"[0.17560260293098218, 0.09167907082018932, 0.6326865673205638, 0.1000317589282646]"
11762,762.6816038613747,715424.3404121803,"[0.1582377124571376, 0.3285064692102157, 0.215913118483237, 0.29734269984940975]"
17050,222.82045269391585,408986.9468426642,"[0.021582131968991596, 0.03782688017376149, 0.5004384814486623, 0.44015250640858455]"
2278,548.4402941771219,950740.9872404012,"[0.097868337776965, 0.6696703236575863, 0.11000653476752624, 0.12245480379792265]"
3013,946.6030087877384,177050.19915505534,"[0.5690475756470575, 0.08086357367453487, 0.14402919938233963, 0.20605965129606796]"
13395,828.2788524506441,827212.3166406855,"[0.047146971997769675, 0.16631191780573779, 0.03710392177907759, 0.7494371884174149]"
13925,174.9581736437559,240259.70213533303,"[0.46110227663602865, 0.3419195442959896, 0.1765779181294644, 0.020400260938517354]"
18526,54.39956351870139,695482.4333707874,"[0.28222336744859694, 0.5772843365274624, 0.08670282142739953, 0.05378947459654116]"
16248,283.12508663919823,860641.9720346786,"[0.10898263933784527, 0.7117125991327643, 0.1320985173408435, 0.047206244188546846]"
10384,329.28743629700585,761658.3620152676,"[0.3672792630115703, 0.26300545735986536, 0.16858909874622713, 0.20112618088233694]"
15554,402.51385350031086,283329.78739096463,"[0.048555879205019775, 0.18655459789471773, 0.6667920653789619, 0.09809745752130067]"
7524,213.2543074667492,450481.7170195171,"[0.33976134047328205, 0.12838885222594565, 0.3303548049250336, 0.20149500237573859]"
1100,33.63189108562886,964950.5959862015,"[0.08131563672639948, 0.650229175574271, 0.21573428558564073, 0.05272090211368886]"
3800,490.2068315490022,795128.2744697033,"[0.5572939404588211, 0.17719613841005807, 0.09272003848912777, 0.172789882641993]"
5207,462.2604662940413,613626.7659431212,"[0.027578483634505196, 0.44007573941125305, 0.1772330035248888, 0.3551127734293529]"
10246,493.8404425403551,498683.7152231863,"[0.09618825139261171, 0.26734031221787397, 0.09550630093924098, 0.5409651354502734]"
19334,782.234478080471,959226.088654954,"[0.03669050949837407, 0.007610755987281823, 0.011396226373227899, 0.9443025081411163]"
8238,503.5294880002968,845907.9806112038,"[0.10861913456092043, 0.00033194495791832694, 0.3864659234510902, 0.504582997030071]"
8397,431.2480416528495,869651.3233985046,"[0.11500546328270682, 0.07696394759200374, 0.2646134293219552, 0.5434171598033342]"
12990,527.1280109564923,931813.2167066884,"[0.18164380669789407, 0.09556724387776165, 0.0808445066466015, 0.641944442777743]"
557,637.4668001130007,234165.69897122515,"[0.32202488688529013, 0.4273697881215831, 0.22072698419407824, 0.02987834079904849]"
14469,107.73643769971386,315236.9311353375,"[0.09152571773278208, 0.4125732715655515, 0.07984060228294022, 0.4160604084187263]"
7067,998.1771678667598,372529.2105058745,"[0.06741105671536042, 0.23101996122593557, 0.17215328489486384, 0.5294156971638402]"
13161,904.7756963011532,698962.3927439541,"[0.5371231833513552, 0.09131283228795062, 0.33373451996637504, 0.037829464394318946]"
18843,226.6128995879033,599648.171749739,"[0.07603002839201094, 0.297325042359525, 0.48247195177124536, 0.14417297747721863]"
9953,878.7103934011201,419238.67669759033,"[0.12492965380761124, 0.005788864072525809, 0.8187868892360439, 0.05049459288381897]"
9805,649.5434553418963,648269.6280636726,"[0.5366214143839859, 0.15717322524893354, 0.13523363957201942, 0.1709717207950612]"
5506,756.3252699085492,574296.1554403085,"[0.09264169027953602, 0.4653754476004865, 0.2728897180108313, 0.1690931441091463]"
9228,710.0506010427865,664259.2974395545,"[0.17634624209076763, 0.5190228122451791, 0.0961444529365499, 0.2084864927275033]"
8624,553.5903976775152,691901.534559767,"[0.6795598116344364, 0.012545541654252618, 0.018219615543856406, 0.2896750311674546]"
8212,958.2377694720628,771762.0111407402,"[0.3871271194780202, 0.32065455859165276, 0.23428539676054694, 0.057932925169780165]"
12306,583.6392278412291,100812.66669092,"[0.49090705275088237, 0.2812179814632258, 0.08620088559242318, 0.14167408019346872]"
8278,775.385098583554,859046.3336253377,"[0.7482851424136604, 0.004598773692867838, 0.1591477718913477, 0.08796831200212415]"
4159,980.576486154342,900808.3766182528,"[0.030818841573450953, 0.14848462381193017, 0.6971304651765239, 0.123566069438095]"
5880,990.965907103378,510972.8548475075,"[0.036236399834072466, 0.4055197735128599, 0.08541429342943574, 0.47282953322363197]"
1793,550.5607762011497,733870.1155436389,"[0.02644274733490377, 0.5203750343406974, 0.36475512503678464, 0.08842709328761425]"
11019,422.7025562852329,197418.53092049228,"[0.25374834384933725, 0.33048282692186565, 0.13728491877572957, 0.27848391045306753]"
413,673.0535779843277,182213.57463102348,"[0.3196744271974734, 0.248209010617768, 0.24581160415767375, 0.18630495802708477]"
6112,132.32331460088471,663389.948606623,"[0.2185858632554841, 0.22279721640300298, 0.3621682349676715, 0.19644868537384128]"
13511,89.23904543355405,703545.5546075731,"[0.10008064563831374, 0.11689964355864274, 0.14226659598213567, 0.6407531148209078]"
6077,224.79130887669217,887477.6737924832,"[0.07814576504700595, 0.3719525163618317, 0.28655404483570984, 0.2633476737554524]"
4402,913.6023695043996,776668.3044629073,"[0.09982746895573344, 0.06535675850040334, 0.42765751751749387, 0.4071582550263693]"
17500,38.6116525368564,455538.3045801142,"[0.09252963432880912, 0.16788012827635368, 0.6900343952898775, 0.049555842104959676]"
7064,316.4474343309528,262923.2014718872,"[0.2065478090726716, 0.05806707217539927, 0.06731511448465334, 0.6680700042672759]"
19416,848.7537632844218,551429.5440238744,"[0.3198913066456693, 0.14871236460850268, 0.20002447969606946, 0.3313718490497585]"
6279,793.6313045918308,637364.738388006,"[0.32545233468990464, 0.5143454141864191, 0.046924938824617596, 0.11327731229905864]"
13737,361.0015829008406,722434.5514194522,"[0.6997655738148197, 0.19702990733551604, 0.04683446542893896, 0.05637005342072522]"
651,889.7861723118741,269094.6772746702,"[0.045938458084463604, 0.06150062048733319, 0.8240411878717906, 0.06851973355641258]"
10989,629.9807714401638,130704.57355781615,"[0.5534203795640869, 0.2701949576462174, 0.08771619863980383, 0.08866846414989198]"
3896,944.9938211399224,909765.3795014628,"[0.625126035788782, 0.02190884095251467, 0.2815888633623656, 0.07137625989633765]"
18739,285.4669397394814,869058.9682438424,"[0.3578544947917312, 0.3061241103087484, 0.10373320463071403, 0.23228819026880626]"
2290,757.7334536671117,231975.92901869057,"[0.13621913257450013, 0.07750208274934525, 0.11404161204624176, 0.6722371726299127]"
1348,695.8656830357781,377465.9173127916,"[0.3201421243076845, 0.09244155175457476, 0.36636089956513856, 0.22105542437260228]"
2792,630.0805409028591,916477.2941264808,"[0.2597147127287892, 0.44021748832855595, 0.0488307133784975, 0.25123708556415736]"
3113,790.7524390095494,756495.7424594522,"[0.2799977051112315, 0.15499724011433044, 0.31668099151937046, 0.24832406325506748]"
13221,863.5270457576107,936687.7930984088,"[0.10606378465116281, 0.15456003804522783, 0.4826294382721813, 0.2567467390314281]"
19927,739.9641861505818,510054.396489416,"[0.04813586579300694, 0.015465863830737229, 0.4304610961846135, 0.5059371741916423]"
11018,199.14766207859657,587158.2138785662,"[0.13548226220308582, 0.40522527313669826, 0.4158277799801814, 0.0434646846800347]"
17638,249.7884004002848,655695.0709558825,"[0.06272423371024537, 0.20746818372844267, 0.19104716696927945, 0.5387604155920326]"
5911,911.2513566500276,246137.3848321255,"[0.18568000140862312, 0.4320793049352457, 0.2747516814454251, 0.10748901221070617]"
13489,37.72673881677288,840407.3851743201,"[0.11363501925647883, 0.019094960699287948, 0.8652962726986766, 0.0019737473455565795]"
6060,206.21326391915363,482374.6081404515,"[0.06385726109155684, 0.7812540972610861, 0.09150955258465655, 0.06337908906270061]"
4952,373.4753414110378,620430.3587253174,"[0.44045581164853137, 0.07297871636911435, 0.43970234578290707, 0.046863126199447165]"
3927,159.67068379240175,583276.0141556759,"[0.034313657436377126, 0.08663745616314601, 0.4859713686684694, 0.39307751773200744]"
11336,202.9675491834255,163603.38638749003,"[0.36428644900169216, 0.058420119295680695, 0.2672637260311323, 0.31002970567149496]"
9322,480.9408015095291,976598.0183375916,"[0.22444972751229958, 0.33334158440144585, 0.05852102886592159, 0.383687659220333]"
112,862.004656893883,391259.7878056912,"[0.09121021473533762, 0.15479544156278646, 0.1406957119949401, 0.6132986317069359]"
9477,818.5065920156443,362750.5623885071,"[0.14171269099636194, 0.3980028469625946, 0.2117159663776294, 0.2485684956634141]"
3739,699.8839203614301,366263.8040610271,"[0.04344224552186786, 0.5687996391446474, 0.17249740774119243, 0.21526070759229238]"
4552,572.9504214440273,673450.6713782621,"[0.23082343491127705, 0.11481271954748445, 0.5020839640880931, 0.1522798814531455]"
14113,384.2802226816404,205587.1183880449,"[0.00022662176595362332, 0.07095573285127803, 0.7412794614538505, 0.18753818392891794]"
9568,619.7067450448652,802378.3707114394,"[0.2773548656555784, 0.09780473070378294, 0.4944068898523201, 0.1304335137883187]"
19542,354.9260724226368,885897.0977982838,"[0.2424598779307137, 0.449117336169147, 0.2823721848282798, 0.02605060107185945]"
1890,59.20632458536144,889592.92802377,"[0.404909932550473, 0.42518997933400776, 0.09041829871968035, 0.0794817893958389]"
15501,653.9161942740176,677191.3372825116,"[0.4848263095533976, 0.0624248317886334, 0.14243066303415286, 0.3103181956238161]"
8139,290.1102997585643,133363.48391948812,"[0.17646198067696722, 0.04670385418923662, 0.3220952628693958, 0.4547389022644003]"
15411,391.810411447904,742011.6496875709,"[0.14160543752382626, 0.006007201456773518, 0.7376683465616806, 0.1147190144577195]"
17400,693.945302953746,517941.07589856174,"[0.4677466503221179, 0.20617541328490527, 0.029545123414486788, 0.2965328129784901]"
16146,725.1660161141732,362936.25968810177,"[0.03733408358802628, 0.1529510763942686, 0.2721313405982697, 0.5375834994194354]"
18647,563.8589004484462,854315.1710480284,"[0.5375539517285325, 0.22361269744754886, 0.022552901506206802, 0.21628044931771184]"
3677,672.8672765399531,625062.3208363823,"[0.262313211157838, 0.5799581969732605, 0.03272558561449837, 0.1250030062544034]"
4122,443.426568298899,955984.2924895082,"[0.4364201115584061, 0.15173148782131274, 0.3231111858105489, 0.08873721480973239]"
15007,14.655567862925064,543188.6876994714,"[0.004276344326476843, 0.5500956140208172, 0.21115381293933758, 0.23447422871336832]"
9511,595.8721391665619,413573.2848847099,"[0.21083308074866594, 0.31530457953412633, 0.3589717919965849, 0.11489054772062295]"
8077,152.76136932152116,465231.090803917,"[0.3978733463103445, 0.29682355660811166, 0.03871972928727982, 0.26658336779426395]"
3191,556.5702815444035,318630.616199904,"[0.07166960097601645, 0.2760476196604702, 0.03025279294053061, 0.6220299864229828]"
3016,813.1837604515421,546231.6938791825,"[0.2948019248357937, 0.14237330219012242, 0.2576555195506591, 0.30516925342342477]"
18416,74.19883996489229,666100.898888802,"[0.19804990680737375, 0.11516224198052555, 0.5607212746756223, 0.12606657653647854]"
10129,41.71111015305036,987923.5374572309,"[0.19793346213254331, 0.3839433794396676, 0.18475752947197646, 0.23336562895581267]"
6005,287.46218196167683,224169.1553002696,"[0.10749835894512672, 0.20532181466426924, 0.02239458172349201, 0.6647852446671121]"
11193,200.5756328545699,458527.9360921001,"[0.15939987655203708, 0.5797514823516579, 0.10317782582402071, 0.15767081527228452]"
6408,291.16419288611746,796308.5915793537,"[0.00345583377323223, 0.19630299355637143, 0.6242998041306458, 0.17594136853975054]"
13101,339.1918299927176,821559.998858911,"[0.206652450762789, 0.6030289217847543, 0.05561731387670942, 0.13470131357574738]"
13869,252.29105142703435,584284.5856018057,"[0.08660049502658018, 0.3458908893928774, 0.36931306132765723, 0.19819555425288515]"
14982,383.3328109478005,916794.047549355,"[0.10761643582972012, 0.14634995519293723, 0.0010800957364644872, 0.7449535132408782]"
16817,74.41332812879786,890074.8588145805,"[0.05044240556480326, 0.09828558754572372, 0.3697098490710664, 0.4815621578184067]"
4818,216.51270204898307,562490.4263451098,"[0.026930426300114246, 0.12039234657243848, 0.37967409395926754, 0.4730031331681798]"
18275,991.4776589515302,901527.0791658848,"[0.17007008998039908, 0.34068610179690617, 0.10100156279431077, 0.3882422454283841]"
4841,906.6481553450412,291778.14014187246,"[0.102479947352053, 0.37733222170807523, 0.4568392108427607, 0.06334862009711097]"
593,869.33260251187,587842.9718649484,"[0.18652106726503478, 0.0672902707084933, 0.5432863583624129, 0.20290230366405906]"
11095,393.3776422106911,205143.36849227687,"[0.28131786231990136, 0.12339765720848796, 0.4379002415083988, 0.15738423896321205]"
19635,487.0700694851645,478501.8287654765,"[0.01522155279976078, 0.21292277184825967, 0.2755573670502346, 0.49629830830174493]"
6038,237.77761441986743,466767.1085675724,"[0.5744777802491492, 0.31684003396641874, 0.030281839763754006, 0.07840034602067811]"
331,24.51172955643708,402069.0555867038,"[0.08319562910125068, 0.1001529789875795, 0.09538933458798535, 0.7212620573231846]"
12640,728.1835962745504,858461.4243141485,"[0.42791733876499555, 0.10865132438348535, 0.3701881630178474, 0.09324317383367177]"
12966,566.7651710948659,478235.11101,"[0.08028536148315989, 0.3978942711911949, 0.04383179340216005, 0.4779885739234853]"
6042,643.1292571632785,177994.81665970033,"[0.29438354797013966, 0.21983487802968243, 0.1364330445392925, 0.3493485294608853]"
5906,483.3910919884076,569156.9644724305,"[0.6553548554729135, 0.01738667742894589, 0.32097658936288, 0.006281877735260546]"
2930,400.7916477470536,832150.0853392247,"[0.09897060121880313, 0.5894287222392421, 0.24050744335464586, 0.07109323318730904]"
19087,294.10372050765903,651719.6719506977,"[0.06841849591257504, 0.3684194764631667, 0.45091052642207224, 0.11225150120218616]"
19883,511.250227745681,652019.170276703,"[0.01578477362283179, 0.2705614845213237, 0.3632463341142998, 0.3504074077415448]"
11501,554.388154912602,469985.07421609527,"[0.11591443845199491, 0.07331308756066192, 0.20494729275416862, 0.6058251812331745]"
11678,198.0859058654813,726860.8297307418,"[0.12447234979387456, 0.005842001108369541, 0.811370856064686, 0.05831479303306985]"
213,651.8059415287555,764966.3048439872,"[0.0667610020390239, 0.503121345846355, 0.08754048498227898, 0.3425771671323421]"
991,443.4049105224046,952660.1962471404,"[0.4733998388765329, 0.39864025108280055, 0.08225704028243326, 0.04570286975823315]"
2844,954.4905080694532,432740.2723295523,"[0.4283800292049686, 0.19947805556961787, 0.021287013032591826, 0.35085490219282167]"
17427,42.49410246030883,424457.85950797686,"[0.0727718048993557, 0.23960227376453044, 0.27867482379723907, 0.4089510975388747]"
5083,217.8796885068811,357010.6048618149,"[0.061430356252007, 0.18156049044613004, 0.14096866617261175, 0.6160404871292512]"
18508,361.593591196664,603406.5202843193,"[0.118578184696353, 0.14163721566866738, 0.015407254995641674, 0.7243773446393379]"
15503,148.7341689114033,958567.173431352,"[0.22309367399425128, 0.48756813363782847, 0.2253987593437777, 0.06393943302414257]"
3121,966.4569887423112,469877.427465708,"[0.04674278580765454, 0.01619534437272624, 0.31214165247338294, 0.6249202173462363]"
10472,541.3213480384843,962642.0415489397,"[0.19794008078427025, 0.11555822077827037, 0.25684039713973605, 0.42966130129772345]"
1094,871.4858624954135,812172.9455394539,"[0.1391252742494132, 0.31056301155650906, 0.24279313040156958, 0.3075185837925082]"
2830,995.222572551034,698824.717878246,"[0.2140919054869939, 0.14479714150513387, 0.6006282986906493, 0.04048265431722301]"
10850,770.9299524460667,997923.666613926,"[0.11861018630062727, 0.5500410940066189, 0.12639834331741961, 0.2049503763753342]"
2484,773.8801021025042,160153.68239334342,"[0.2995507377457356, 0.0003322159839382693, 0.08639153645672851, 0.6137255098135977]"
10069,112.27426335712936,927253.602408458,"[0.2690787778253829, 0.22266263705517472, 0.3000917238694355, 0.20816686125000683]"
8535,178.5745940921733,763991.0838423973,"[0.07245308882172471, 0.1837175552138391, 0.6725441973735986, 0.0712851585908376]"
19014,625.6651994587276,118439.43345125778,"[0.1418090968939343, 0.3252990125663668, 0.15167982876967082, 0.3812120617700282]"
16446,338.1320074310679,440600.39051738544,"[0.0048072789027259425, 0.3823345986965631, 0.5362329893030635, 0.07662513309764743]"
13183,606.9327566516931,685098.580699315,"[0.6463796254566293, 0.0690324430429785, 0.1807587068129856, 0.1038292246874066]"
5898,306.9983009937776,380062.6173050746,"[0.08630608761972251, 0.6865748464838102, 0.08575632792020844, 0.14136273797625895]"
6983,474.9858928797991,169001.1442820635,"[0.7006921526826244, 0.08414939437006114, 0.10663774802454669, 0.10852070492276775]"
10695,349.5105759453442,903162.7589328692,"[0.452761238540937, 0.32386147000109616, 0.11164345583234438, 0.11173383562562242]"
1942,125.50662847546974,437612.1534906919,"[0.07677791773374049, 0.6733623075419205, 0.1821799440608134, 0.06767983066352563]"
7097,695.2102960119126,819307.5845034897,"[0.4593190160984157, 0.15137779255416148, 0.2943482775863433, 0.09495491376107944]"
11195,780.6460406144912,935089.8867533632,"[0.3347772002815877, 0.04123245712497462, 0.49258349360277787, 0.13140684899065966]"
10122,733.3632450881134,699383.6887613969,"[0.035693716642242454, 0.22708399794268053, 0.47602845138489025, 0.2611938340301867]"
19711,449.75843485608914,942232.2472648878,"[0.23835372716706585, 0.02225927750707137, 0.1695008990002202, 0.5698860963256426]"
6280,13.432746343240233,741716.6918703564,"[0.19748422169902002, 0.05062177334936195, 0.12632880591584994, 0.6255651990357679]"
14387,946.6520644352482,807723.308228195,"[0.7158479496551174, 0.10083140061231634, 0.04322682886358234, 0.14009382086898367]"
5350,141.28087402302944,374919.3126140734,"[0.2250527142867539, 0.0349872467887463, 0.5333245310798036, 0.20663550784469611]"
6171,17.540156272438516,876970.7028923559,"[0.5203670698963732, 0.16891842628210546, 0.079660158137893, 0.2310543456836284]"
13147,992.3273481145312,590133.6184612643,"[0.08415148627869697, 0.18959577345370354, 0.4141646723905242, 0.31208806787707527]"
6359,82.80938295889504,520578.1213710241,"[0.03527780252253894, 0.2602955875768414, 0.01128043496925332, 0.6931461749313664]"
1039,277.8827964997362,234770.5783882645,"[0.16161250174977887, 0.02074099342773971, 0.5262101311099288, 0.2914363737125526]"
9178,27.000020085686653,443316.0360846273,"[0.009189336820410666, 0.004908972745556546, 0.28914385083636845, 0.6967578395976644]"
13189,881.3950442764678,832223.1289384587,"[0.06529749096195311, 0.5894239677899836, 0.32608987267184886, 0.01918866857621445]"
5016,224.21344947644727,428423.4231595216,"[0.5340680715336477, 0.4356322182618453, 0.005450113071101868, 0.02484959713340521]"
204,321.33655095777675,588223.8073982671,"[0.42978815231308654, 0.16271826778130463, 0.21024188679056416, 0.1972516931150448]"
19966,48.70592984412401,448235.7693689148,"[0.05463534449823044, 0.021308936765534147, 0.390051867519369, 0.5340038512168663]"
19914,545.4561826183568,335372.7752360122,"[0.043557789450780385, 0.4180501308001296, 0.10247639343586973, 0.43591568631322036]"
12420,69.52052482170762,240716.3501432196,"[0.2105285554651056, 0.450445417419054, 0.3115398925958887, 0.02748613451995163]"
9210,514.3148119847438,873804.5922532068,"[0.30278341913855467, 0.5085787103549193, 0.06416613731793745, 0.12447173318858852]"
7033,260.0737241234688,623195.0179118697,"[0.11936145539335635, 0.2404697070577699, 0.08505312061345223, 0.5551157169354215]"
10701,533.9254271600328,473835.6127465571,"[0.47791286914141445, 0.2554938983201043, 0.2007557047687435, 0.06583752776973807]"
10652,15.76537393231336,916367.1804956364,"[0.13011184474465703, 0.8047277451879885, 0.04136523908837364, 0.023795170978980946]"
7655,557.3824956046826,906134.220312222,"[0.42556233002934885, 0.3605895848997482, 0.1481647622639308, 0.06568332280697209]"
13084,796.7211124937448,161427.18502051267,"[0.38625051418886647, 0.32808546221366275, 0.13746012926967677, 0.1482038943277941]"
9711,430.9378970020429,126025.00101859252,"[0.07095827158630606, 0.8370074792242678, 0.02297523386066404, 0.0690590153287622]"
1615,408.3040715606042,968974.6165162656,"[0.1673120497462572, 0.6646745393498297, 0.13032773575373463, 0.03768567515017862]"
3743,950.5531257096336,546088.3162043592,"[0.028199495997928075, 0.33687910395150467, 0.18111261436392506, 0.4538087856866422]"
9202,841.6836953699857,669524.3325503366,"[0.28468449002372964, 0.5221062055644842, 0.07000499114509223, 0.123204313266694]"
15338,560.4539988092813,229538.20762092725,"[0.5745526849328592, 0.14336990804232114, 0.2493103392600261, 0.03276706776479365]"
10913,851.1576342149077,768462.5940261206,"[0.36247214034244263, 0.414875160875229, 0.008283204089534743, 0.21436949469279365]"
12411,83.93249280386024,690473.7910820376,"[0.26252540209891445, 0.3253019597953162, 0.23168001943254085, 0.18049261867322858]"
3620,574.357508841772,806641.14213539,"[0.19756706494867407, 0.6458538381368946, 0.00358273570111527, 0.15299636121331608]"
3010,690.95569303005,367304.4426929717,"[0.3045266790883538, 0.11945367738995152, 0.1414623177951817, 0.43455732572651284]"
12384,144.75068891769658,150407.56744455494,"[0.2967594601244764, 0.31355849879010567, 0.32364479883546277, 0.06603724224995514]"
14838,464.6563099717509,857939.6333660668,"[0.0026498399944737835, 0.7731952718272281, 0.19922899566303082, 0.024925892515267195]"
7802,725.5620409841812,986050.4467050426,"[0.11394402029442213, 0.3287515698557023, 0.4365854748664189, 0.12071893498345664]"
9558,25.86285433530544,782023.559883337,"[0.04504134482909983, 0.11630564783737944, 0.22830579118294522, 0.6103472161505754]"
19562,777.4410029314023,326093.5536336985,"[0.09432664466845167, 0.17623002410062302, 0.4312438521868987, 0.2981994790440265]"
14896,341.03809807865827,810565.9866536306,"[0.007544602332173606, 0.0331734819744227, 0.21306943938739215, 0.7462124763060115]"
19141,271.1818800670309,355565.3260991453,"[0.17130073394839546, 0.5255235422803867, 0.20857588720647277, 0.09459983656474512]"
13057,722.1696020398614,245338.90146057907,"[0.06522502347879637, 0.013223809534557318, 0.621834641435263, 0.2997165255513834]"
1846,838.4264053748394,467531.9334022204,"[0.27354951608963546, 0.578437796473053, 0.09850341400670737, 0.049509273430604]"
14061,375.5271602719917,645137.0070488312,"[0.10675934158731164, 0.1370657745623189, 0.5248504749058286, 0.23132440894454093]"
15199,445.1684198623111,445808.3869832269,"[0.03544112241964811, 0.35841206416530524, 0.4643477039255977, 0.14179910948944904]"
4519,617.9074809442626,179044.18629338307,"[0.40925282902973414, 0.20277914455772972, 0.011686529277037044, 0.3762814971354992]"
6563,176.01292101064715,495581.5191737286,"[0.5011774244086428, 0.03434992961076744, 0.1074401400068877, 0.3570325059737021]"
11671,453.0381504780474,160054.69469912315,"[0.360052597647303, 0.35562639237091154, 0.19586335949051986, 0.08845765049126575]"
3077,651.3200983169417,366831.27060511,"[0.45611515380004813, 0.02682887421714629, 0.4930714370191661, 0.0239845349636397]"
5952,254.45931030384872,251659.64216485384,"[0.14564502542899238, 0.2776423850839862, 0.5259095578182293, 0.05080303166879207]"
6523,287.4981439050894,816082.659575071,"[0.1944562340318349, 0.3342917056755297, 0.3995357025474573, 0.07171635774517818]"
15367,991.3909374882576,319453.156092942,"[0.09630994539724405, 0.4545651639765329, 0.15041632680468098, 0.298708563821542]"
18152,935.3452393109812,532556.5570418341,"[0.37339964837080414, 0.2713011417520122, 0.21403018840373028, 0.1412690214734535]"
6258,690.9159936916031,301355.4743706924,"[0.19467449857945368, 0.23271071190363415, 0.03418613328226396, 0.5384286562346482]"
8801,639.2830668877626,972772.3267931152,"[0.8081137009763547, 0.14750842293922295, 0.0360902386562142, 0.008287637428208008]"
9943,312.4215840744847,480858.8393896504,"[0.4402361295571969, 0.5214921680524487, 0.01606075803886928, 0.02221094435148523]"
17739,875.1822125755563,759610.07580862,"[0.09437282772351233, 0.19659324464258326, 0.13577796311593568, 0.5732559645179687]"
10000,266.2202643996559,672415.491994794,"[0.04869999243186722, 0.017173450681446246, 0.39730285950881244, 0.5368236973778739]"
18246,25.760013402777965,509296.3698880609,"[0.5654480069886921, 0.1902749171371519, 0.017265805376476123, 0.2270112704976798]"
19598,890.3525947448742,936546.9468201186,"[0.3478656197682371, 0.19460126198771494, 0.2444463046037857, 0.21308681364026233]"
17274,489.8649899449925,784482.6219516523,"[0.05453474081097666, 0.11867390302266503, 0.007412058607102918, 0.8193792975592555]"
12593,869.562162487869,990289.5886553722,"[0.1288353043428571, 0.39395559462718915, 0.05731940922243466, 0.41988969180751906]"
13515,869.2554386417239,447746.1869713059,"[0.06819508783314956, 0.41296503331598255, 0.3242522148950053, 0.1945876639558625]"
3294,207.3435813450002,690832.5953038804,"[0.1816132708149202, 0.4827194743819349, 0.20883693536263864, 0.12683031944050627]"
12010,79.82097784283609,637806.3573095906,"[0.2001190380213223, 0.6203829387310629, 0.015533712396305894, 0.16396431085130894]"
16391,440.8215707791093,380280.7493723048,"[0.15213897281245237, 0.1499343083335791, 0.03834267736990668, 0.6595840414840618]"
5209,115.27017185530308,151936.10261569315,"[0.279306968337271, 0.3073517335594389, 0.2781639133770501, 0.13517738472624008]"
5762,765.9120185063985,297879.7759145396,"[0.18048137937372563, 0.048450106489334545, 0.025635029479900866, 0.745433484657039]"
19512,215.16804928048649,355604.33493007533,"[0.5393952627084411, 0.24390233451904886, 0.2087727407612492, 0.007929662011260873]"
14694,614.133524972821,294216.9355790582,"[0.3280092407040392, 0.04246650642971032, 0.6196744839693595, 0.009849768896890886]"
19916,626.113446644767,715035.1644901808,"[0.06428382444037449, 0.06153247338561651, 0.6006747375160685, 0.27350896465794056]"
3419,157.72438113272463,483732.6649608774,"[0.26645609609886683, 0.21786391978547132, 0.1071734081031049, 0.4085065760125569]"
2951,613.319951526749,693942.4007293284,"[0.04269453729110125, 0.47361123808687294, 0.3544293430630782, 0.12926488155894764]"
1973,178.25226706585303,174543.73054215702,"[0.35341334243060923, 0.23350743713573277, 0.11302551825372163, 0.3000537021799363]"
3306,317.54655412367487,813293.8609695617,"[0.023685747112497657, 0.35145766915862153, 0.5551462509107642, 0.06971033281811673]"
3364,559.8699831167214,894897.5708102628,"[0.3677359789219774, 0.5534685522821223, 0.049147412468210055, 0.029648056327690367]"
992,756.3641308399118,675504.5736264136,"[0.3609193166259083, 0.45046894548814415, 0.034817873944706444, 0.1537938639412409]"
4770,726.260118766138,111048.60494569848,"[0.3422865795063077, 0.25247939057329993, 0.06339064228155676, 0.3418433876388358]"
15518,325.7376838759813,429394.62302697584,"[0.2633230528715868, 0.005767139209025711, 0.2785400947409786, 0.45236971317840885]"
9240,771.8715876649736,311954.0427089726,"[0.07097280084769512, 0.47621000672710145, 0.02184399039082397, 0.43097320203437933]"
19827,982.3277715993124,730421.9774192211,"[0.058454487170683425, 0.05381794895651619, 0.3298235172734143, 0.5579040465993862]"
19655,271.40052076384404,555095.2721457866,"[0.38532008785032307, 0.3990770705525307, 0.1970662361401331, 0.018536605457013088]"
17868,918.4340933402734,847144.5633335942,"[0.10961410134461821, 0.07007296772195776, 0.4145749935783742, 0.40573793735505]"
10966,547.8627283590389,114216.553929957,"[0.8621490643552654, 0.00405589592925972, 0.007453517313862541, 0.1263415224016123]"
2639,346.1245994402921,828508.0216068095,"[0.3599948418301652, 0.023579761759017076, 0.255333768037544, 0.36109162837327374]"
4130,587.4367960653346,830432.5145750494,"[0.3740672478534436, 0.20164120051220286, 0.26180795154561476, 0.16248360008873888]"
9649,979.6513814688176,797906.5017576057,"[0.05961488654558435, 0.014583262611258415, 0.5551027839984995, 0.37069906684465764]"
13628,888.817242629,330989.4808097493,"[0.4656108818157265, 0.019001328754115733, 0.28513173403530245, 0.23025605539485514]"
10204,137.92317477537085,307402.5736186667,"[0.08382594034076483, 0.09085118172042835, 0.39728385147333983, 0.42803902646546704]"
3790,780.0818529193905,808032.2409723939,"[0.1219530688794958, 0.5880063186783979, 0.003526630948751753, 0.28651398149335455]"
12288,222.1618753493842,727710.36701671,"[0.04037669447612573, 0.5281528000908917, 0.3720495844842261, 0.059420920948756464]"
2376,861.321420588177,915780.3276051,"[0.1551525997299353, 0.8275904060977032, 0.014689372381083131, 0.0025676217912783137]"
10949,479.7925318923221,807588.456196784,"[0.057026886833398044, 0.07964895875052931, 0.4750041201603038, 0.38832003425576905]"
2651,43.04506719335291,898019.4117083418,"[0.01658666365652076, 0.06663340836778331, 0.17562087466746668, 0.7411590533082292]"
12293,623.7632004667928,277389.4302647858,"[0.08614792117335937, 0.6102462370188775, 0.08500332296174715, 0.2186025188460162]"
8175,508.3797281664604,912386.425536404,"[0.16199173719842855, 0.10560529357719918, 0.4700685740207853, 0.26233439520358687]"
19813,761.2187522059394,634249.1595701383,"[0.3520344244202044, 0.5505434160296627, 0.011016081394264009, 0.08640607815586887]"
17141,20.902774280424044,809039.324365681,"[0.07887709432454788, 0.28193865152815145, 0.31001687320388416, 0.32916738094341663]"
14050,898.5365461133937,447546.112120823,"[0.48836680916970426, 0.2535674383821002, 0.21258614026513936, 0.045479612183056184]"
4262,896.5714481027599,338886.8759194733,"[0.2835366137259596, 0.25919845286094034, 0.14943922038820914, 0.3078257130248909]"
17794,47.936457199734825,170831.7558145915,"[0.12187953532671579, 0.41923132060754237, 0.16237377381526236, 0.29651537025047936]"
11120,234.0201600408199,271218.901801397,"[0.7526835663161131, 0.0014224999802483534, 0.006146008146503987, 0.23974792555713456]"
10239,71.89624304268094,347411.27176787704,"[0.6270441887270463, 0.23629739385973855, 0.044353352336821174, 0.092305065076394]"
8028,913.119574111615,786166.1764312586,"[0.42722277854326995, 0.40038119951829215, 0.1658221802299829, 0.006573841708455006]"
10444,109.9380753171885,931154.054527848,"[0.12860310082887746, 0.13058959043335436, 0.04571935848742795, 0.6950879502503402]"
18326,735.7747258414274,122029.23669137972,"[0.023553031227159214, 0.2999721139652885, 0.6070527749276414, 0.0694220798799107]"
18127,260.1908255682191,668991.1578206951,"[0.09542856836831065, 0.010778818472366988, 0.6504167136173525, 0.24337589954196992]"
8140,893.3092233759569,324428.4341927646,"[0.35085409232450565, 0.4325567022455055, 0.17978280432926405, 0.03680640110072484]"
4633,873.9112888161735,681145.4174169456,"[0.26855893718983476, 0.6862224421066988, 0.030968330377245754, 0.014250290326220678]"
15665,141.60930522325398,454747.5972482891,"[0.009141804788270315, 0.33519556542451373, 0.2843349447325492, 0.37132768505466685]"
486,333.13999506294454,571042.6750843257,"[0.4032530033933881, 0.11186348610446813, 0.42387276241586375, 0.061010748086279994]"
13926,982.7788943141096,240938.59268982089,"[0.017123626878638446, 0.5110493492872834, 0.008816527281879346, 0.46301049655219884]"
8178,229.04516017087985,992114.0824343368,"[0.7233258796189024, 0.11194870219922509, 0.0020186329261537477, 0.16270678525571877]"
15714,150.22770289377576,868057.7684110948,"[0.4680987920255504, 0.1904783631405343, 0.12443315549136072, 0.21698968934255466]"
13416,794.6519249682359,692058.8883483066,"[0.1054916704778155, 0.35174202547960304, 0.4170847640771073, 0.12568153996547407]"
14158,923.9084115337308,846526.2187200987,"[0.12492025589406348, 0.13026802290715947, 0.36140234901719864, 0.38340937218157833]"
16707,423.78456280104416,746217.0983069539,"[0.37914415073797975, 0.028897509051757097, 0.10666618125678905, 0.485292158953474]"
4625,864.0541944005913,936728.5833825778,"[0.21786884859734748, 0.27993278794601556, 0.0590116838838703, 0.44318667957276664]"
13203,270.07181143412765,392546.845646298,"[0.21525713107624156, 0.5174167755225746, 0.22297006679468984, 0.04435602660649403]"
17948,267.6433962529564,411907.8771877597,"[0.09455576509442631, 0.26918948446436547, 0.01571919731716265, 0.6205355531240456]"
14093,943.5181606929532,249598.7909285164,"[0.22915192533110348, 0.03892142576086283, 0.664621893001711, 0.06730475590632269]"
18997,420.8825975678805,107527.13706270224,"[0.04648054625320569, 0.11845275965819885, 0.24716602402374324, 0.5879006700648522]"
5073,339.65786087837387,471666.43198505446,"[0.036111370370276466, 0.1686469342069655, 0.25903328801437464, 0.5362084074083835]"
806,304.5130486169948,370710.0481611327,"[0.044367427235013794, 0.40212759871865106, 0.0844154371063105, 0.4690895369400248]"
3391,442.8470663003442,998022.3119519716,"[0.048582821808906114, 0.4714699565751313, 0.407988591967874, 0.07195862964808851]"
15682,635.2855844377585,673730.1832084474,"[0.34354763546318656, 0.20373805006869872, 0.27045746457094166, 0.1822568498971731]"
12837,393.24017614423553,383522.6829105622,"[0.16252299183048555, 0.01108503402606909, 0.5862691030560598, 0.24012287108738564]"
12781,677.1048999146602,999760.365486428,"[0.17775163200366345, 0.3410338983164775, 0.29240056195340786, 0.1888139077264511]"
6253,39.54547609753008,181093.97967668736,"[0.7216198960049842, 0.04362781557952229, 0.07408552019994848, 0.16066676821554499]"
1086,878.8570278884715,321583.6460789875,"[0.3858221465205132, 0.2621911604651131, 0.0677335675842497, 0.2842531254301241]"
19479,803.1923670335439,405173.57726167503,"[0.3753605529799736, 0.17963148783316837, 0.2782164604889715, 0.16679149869788668]"
6679,976.0387928827364,560479.1164871164,"[0.10245278384729829, 0.12335339153824994, 0.3932569472982793, 0.38093687731617243]"
9309,449.8930958559287,940025.2206454332,"[0.19035703446759708, 0.2523588601779456, 0.13000970095222486, 0.42727440440223236]"
4368,828.421654294869,470546.3253281204,"[0.4011212771052904, 0.027232173297058824, 0.35904971638220484, 0.21259683321544576]"
8920,761.5488327098332,565399.4169502312,"[0.21318579651385697, 0.12411826261685593, 0.2714967628272923, 0.3911991780419948]"
18531,974.56513443417,603608.9800246763,"[0.1626219176669059, 0.4961120515001184, 0.30963210868063273, 0.031633922152343064]"
14045,915.7275889405788,492770.43538687663,"[0.09460301644513372, 0.4600529920229, 0.43092378520777835, 0.014420206324188035]"
8250,265.6913604768061,235618.1579461652,"[0.2063351827346838, 0.30969878729860917, 0.3554300959332106, 0.1285359340334965]"
19712,673.2939078204348,393918.5741499309,"[0.06137675094258371, 0.6134216500007119, 0.18592221807849363, 0.13927938097821083]"
17454,927.0395771796668,904733.1547767431,"[0.7739396010929025, 0.09004918647119035, 0.09550203628108793, 0.040509176154819276]"
1760,288.6116080100127,244226.8814371797,"[0.45520068283167164, 0.3180741211853512, 0.012888560951270502, 0.2138366350317067]"
2291,971.3952629025262,471035.7255577159,"[0.3072126901378863, 0.38852420562383166, 0.12964225690967335, 0.17462084732860858]"
19321,342.5438722344841,959044.7948859698,"[0.0036879492796182004, 0.5114790042086127, 0.3639099704165838, 0.12092307609518538]"
5812,291.6475998552807,112410.6193144437,"[0.16995173560298088, 0.15205224142451004, 0.001942623769379858, 0.6760533992031293]"
18356,230.53457759790427,276029.1928462171,"[0.14105307570283446, 0.05470571387461823, 0.3408092700386803, 0.46343194038386704]"
1305,74.52272098903863,319170.02745579404,"[0.12339772993592889, 0.049420573146267785, 0.06706068438831848, 0.7601210125294848]"
13488,503.2091344464597,926384.021754502,"[0.1810176116112837, 0.6175117501150873, 0.015857909174218747, 0.18561272909941015]"
11199,768.2183058509156,209431.36565804883,"[0.28974423893448176, 0.1130971539232927, 0.25222058742442915, 0.34493801971779636]"
8828,630.5481671458056,623201.1318827961,"[0.18450897311374514, 0.43714243644670486, 0.0043505534930238865, 0.37399803694652606]"
3550,868.7633906102436,290031.9230480583,"[0.6293773086516943, 0.19483905249256211, 0.08362503844262023, 0.09215860041312333]"
11418,840.9391043713013,975824.5718308107,"[0.0368672453980334, 0.09267681588232299, 0.8209102885091095, 0.04954565021053419]"
12607,826.6629750255271,684208.0830173178,"[0.15452452872192013, 0.2012806752802301, 0.6068646130597818, 0.03733018293806779]"
10864,212.72602640357223,161608.93998004592,"[0.4302962473464334, 0.2744710654897107, 0.27852113121037564, 0.01671155595348034]"
18087,853.8637694488928,700956.3118998051,"[0.02874299559938303, 0.1813429057663854, 0.13161051727576456, 0.658303581358467]"
7165,408.8059127032713,318190.4427496098,"[0.09809448872501716, 0.36388901663566653, 0.04507650416450585, 0.4929399904748106]"
4067,752.2400647556947,732110.7743786317,"[0.11841479025423818, 0.4248267798356678, 0.23646394937077578, 0.22029448053931805]"
14953,833.8086111738334,327341.1263611282,"[0.2332343752490109, 0.3730195736582138, 0.3095653033935487, 0.0841807476992267]"
4275,694.1928738862057,789701.430092359,"[0.27241598938610323, 0.37911416893596595, 0.1358669908769549, 0.21260285080097588]"
1207,735.8130558877543,802732.0248773415,"[0.20621763854329592, 0.016690699429598093, 0.43390299969334933, 0.3431886623337566]"
16108,340.8123819154097,649136.2495164543,"[0.21776482645421014, 0.05328073385555434, 0.4101331419542001, 0.3188212977360353]"
2978,496.905208376695,934128.8764168684,"[0.18829611952079936, 0.3085882780320661, 0.22177974878549048, 0.28133585366164415]"
2479,607.3623428797198,962599.6273923533,"[0.5729195191350126, 0.11191378462288469, 0.19557624454201025, 0.11959045170009232]"
5648,75.95734592917884,761981.0110295833,"[0.32785922124376843, 0.20529279728921412, 0.2837129629047877, 0.18313501856222966]"
729,950.885403441587,651928.8755312968,"[0.4951924518942713, 0.29438853901434897, 0.1759309177326402, 0.034488091358739745]"
12107,428.5364355918032,406892.2783229553,"[0.0425594548089524, 0.41380222072928174, 0.4552872235130934, 0.08835110094867252]"
1384,845.6490487766099,632557.256328791,"[0.23192636753067195, 0.6412158228002333, 0.09723034908640839, 0.02962746058268644]"
6221,523.6074970486156,668331.8182419874,"[0.09702508490988185, 0.290199758310957, 0.52448298951032, 0.08829216726884109]"
15617,127.07121647581432,501377.3769736069,"[0.16013976320780368, 0.005023115317081829, 0.2577087896734008, 0.5771283318017137]"
4027,455.4507399933058,608488.9085869762,"[0.15356734843002323, 0.5838167873203396, 0.06037289740673379, 0.20224296684290344]"
1288,746.288696849316,878418.8395781623,"[0.21286996668038163, 0.17044949386714991, 0.4606609529766841, 0.15601958647578434]"
16747,465.9217490656157,896051.6257514554,"[0.16354472520636387, 0.01897880133910048, 0.3662601272026179, 0.4512163462519177]"
13998,548.3028328572517,768723.363871793,"[0.0873720260822222, 0.039882557709459254, 0.18297260867673573, 0.6897728075315828]"
13298,440.8642163509474,253157.0773865769,"[0.13214730943566785, 0.4323279625656429, 0.29593706776697193, 0.1395876602317174]"
17505,515.793933651595,785200.5946198062,"[0.4531932922678036, 0.15784094133435952, 0.035816965598596026, 0.353148800799241]"
12218,298.66778517973574,497617.2490174869,"[0.07010593195756243, 0.02176237261739863, 0.8785608360784469, 0.02957085934659188]"
6395,532.4629239442219,720398.6629758816,"[0.11570926468205843, 0.582923480076617, 0.22726772792228, 0.07409952731904468]"
8901,419.9597874582264,640739.9049628944,"[0.43674142559176293, 0.2035618816759941, 0.35567158224975504, 0.004025110482487948]"
6519,585.3593331718997,660730.6798658279,"[0.09676800963934136, 0.20810948401561455, 0.025716103152987002, 0.6694064031920571]"
4632,784.8608528702428,609857.5132767346,"[0.03003359855459241, 0.1958230331545427, 0.4135533631553557, 0.3605900051355092]"
1299,286.70951385519606,277191.9728785915,"[0.16002602893316073, 0.33245782370498844, 0.392446238949515, 0.11506990841233584]"
11208,839.7436373249349,380426.8946170779,"[0.4708942609672879, 0.005929942272552834, 0.4489812531737969, 0.07419454358636227]"
15865,233.3137986273873,926759.4047161604,"[0.05265604012488899, 0.25439089654296987, 0.1391281786676749, 0.5538248846644662]"
4780,629.6176547103776,803723.6224939397,"[0.013178664102273955, 0.028266309486773722, 0.4139320301252139, 0.5446229962857385]"
19098,400.5288134586494,195232.6566854988,"[0.1087126451217941, 0.011883066229963381, 0.018675480696790973, 0.8607288079514515]"
6505,51.82244775631607,655225.3272028113,"[0.8883162393677289, 0.06137883622304192, 0.014246593836131145, 0.036058330573098096]"
9094,869.1682647786207,203069.2285921269,"[0.3255306394331679, 0.17455934656658328, 0.322470714466312, 0.17743929953393683]"
19268,703.2114050406136,826899.471274185,"[0.3462334361901326, 0.08681863452474996, 0.3359067894484911, 0.23104113983662647]"
18696,714.4727052936579,639800.7837675186,"[0.1491239191973786, 0.033077724604495665, 0.6056530343361982, 0.21214532186192753]"
2621,779.3740944964117,430927.0538858455,"[0.1800268974209191, 0.3620497408197704, 0.005611337730372543, 0.45231202402893805]"
2436,954.0245476779604,165751.77526154876,"[0.034926566694737454, 0.7351322451583618, 0.12478781261069247, 0.10515337553620815]"
1873,43.87669986487279,123110.91766419457,"[0.17424814392959445, 0.483121222159921, 0.22482466326304248, 0.11780597064744208]"
8906,117.44361906858622,623669.9466297987,"[0.042380615961238564, 0.583930474451322, 0.2710033276850322, 0.10268558190240729]"
8736,572.9888764564859,131346.37074947663,"[0.09054801803645256, 0.38413504831171635, 0.11853751383309258, 0.40677941981873855]"
10440,181.41646806577128,861909.4754404055,"[0.30603656969260623, 0.19449395848629578, 0.45491418593673993, 0.04455528588435816]"
9060,57.66307929454643,789356.9324350995,"[0.7754884911872734, 0.1258520711333831, 0.02872020972139496, 0.06993922795794855]"
15656,754.6373785815757,611345.0741151725,"[0.10493468038729538, 0.5206380115829616, 0.09060915141981915, 0.2838181566099239]"
13917,687.3436995601832,510888.96909129625,"[0.049851016755217296, 0.6148319960327826, 0.24468091178353132, 0.09063607542846876]"
8655,591.8834384805829,503616.7333323204,"[0.6642713704328188, 0.018297310061981292, 0.23035719941893246, 0.08707412008626744]"
882,719.4947851297597,854747.1391931894,"[0.24379664358825132, 0.03920206864227737, 0.3898059656604346, 0.32719532210903673]"
11869,752.9932120794823,984109.8548499236,"[0.41617569354093104, 0.20771735213444562, 0.12550318325679208, 0.25060377106783127]"
9463,631.957757579276,766858.194999504,"[0.380460800483633, 0.12500138846795725, 0.48651879298199974, 0.008019018066410045]"
6073,50.59862920018749,609306.9856267393,"[0.2164558759550638, 0.24736447005180207, 0.04536081299712884, 0.4908188409960053]"
7637,639.6904773574787,163141.42313751642,"[0.282564690407912, 0.37375402382525336, 0.12237780588774544, 0.22130347987908916]"
14544,360.3317653963418,632915.9629417483,"[0.14409274075062997, 0.6402411128419764, 0.20368829766468613, 0.011977848742707539]"
13292,713.3785555920516,705125.4243110869,"[0.06763720976967841, 0.22930865566442643, 0.39126738355603735, 0.31178675100985775]"
10833,685.3452754136744,677734.9244293985,"[0.3115387428638855, 0.4156960643465429, 0.14359712032811492, 0.1291680724614568]"
13990,318.5077286980976,699230.6180293814,"[0.4989155361969017, 0.26582993077136075, 0.06076544943834906, 0.17448908359338844]"
12638,121.92288125764048,931538.009142959,"[0.27156430056626646, 0.00713475370980853, 0.5052546617049738, 0.2160462840189511]"
1466,546.0971273385435,298888.0934536032,"[0.6639379728819099, 0.10122589295347008, 0.05363156112494277, 0.181204573039677]"
4411,802.9155659159419,744139.6777503022,"[0.19510885372143447, 0.006489933029435773, 0.4293612067396437, 0.3690400065094862]"
5396,279.0662118010744,727453.2564840934,"[0.44421216342503256, 0.39385451266048216, 0.157775603754899, 0.004157720159586499]"
14780,546.9049696154785,686857.4994706694,"[0.19459247852497802, 0.22956982265433293, 0.014737243126641736, 0.5611004556940472]"
15680,34.26084331661346,554134.0672370982,"[0.32362741214466445, 0.05939641248383925, 0.28633573174292387, 0.3306404436285724]"
7024,282.62853664339275,245231.01468196904,"[0.10361707190503741, 0.29442462229238214, 0.22354524406395765, 0.3784130617386228]"
17624,335.23970314455084,710057.3358332028,"[0.019664019087342704, 0.18110165114464802, 0.15453038186082402, 0.6447039479071853]"
9344,835.3457711191188,949510.4766995966,"[0.7437596648273188, 0.16817782846955912, 0.06684250648985789, 0.021220000213264294]"
607,916.1680866836645,880999.2335517028,"[0.07764927592176143, 0.17062038930580392, 0.11232984246810256, 0.6394004923043322]"
8817,458.327396541672,686532.5061457322,"[0.2154864888973323, 0.16999229876458088, 0.3790068270548951, 0.2355143852831915]"
4272,56.54245920793053,613641.4920114004,"[0.39022659289872097, 0.2368062465444437, 0.18435673978794065, 0.18861042076889464]"
10801,77.92937577643843,301906.55189143354,"[0.20188950307388767, 0.0728496152502997, 0.5991940197284908, 0.1260668619473219]"
15563,543.730040480238,271800.3084492584,"[0.14212727484584511, 0.36611476253864644, 0.2667536095490947, 0.2250043530664138]"
2859,311.1918853894797,969582.7632950796,"[0.3545128665920065, 0.3241722865069965, 0.25847233181251733, 0.06284251508847954]"
19738,384.8639710992026,763782.3827426536,"[0.016624467890928866, 0.2570134874112808, 0.5595399200544185, 0.16682212464337176]"
1155,832.4912671443204,776741.1063159466,"[0.43875537839708983, 0.20091915471413074, 0.32153597155314145, 0.038789495335637955]"
2362,622.0406855431288,849871.7823230919,"[0.5653642527738381, 0.18942460812055348, 0.1415211874431639, 0.10368995166244455]"
1107,246.2830522117288,296228.52440688,"[0.7756055666455288, 0.03698987181307618, 0.043454912971115915, 0.143949648570279]"
12,416.33823108705855,654403.9505405886,"[0.271674099326026, 0.44551658897671703, 0.2516315882723655, 0.031177723424891477]"
2127,815.2706838865143,718415.3250938847,"[0.16411843520231692, 0.2544419252995366, 0.3518569279188413, 0.22958271157930527]"
19376,983.770493665829,542429.824098259,"[0.17410636656198278, 0.07437220555789456, 0.20181536769254785, 0.549706060187575]"
14918,909.8539203199116,742316.4114610987,"[0.34713164937416596, 0.015902242961953587, 0.5899524218699331, 0.04701368579394732]"
9342,499.8806733196795,155803.85956108727,"[0.6423655725534144, 0.23943283856100708, 0.05713068158747434, 0.061070907298104195]"
3041,782.2913774784813,240530.7289924012,"[0.2638988299445696, 0.08676518573307304, 0.032348495963689244, 0.616987488358668]"
18044,301.2761179586508,686513.57868033,"[0.02457030911784694, 0.17927110684371167, 0.23039980713554387, 0.5657587769028974]"
7832,854.9753583476253,427807.2952899565,"[0.7483907764088651, 0.08566490159984683, 0.08999998958941524, 0.07594433240187287]"
17029,129.03593779231957,485898.72851035965,"[0.0930512830489302, 0.6376048301544583, 0.07525723508754227, 0.1940866517090693]"
1729,141.5327633082151,712454.2714510377,"[0.5291024189896114, 0.15547713025306112, 0.05258728343672981, 0.26283316732059764]"
11251,305.40674813728526,388110.2047167263,"[0.46530703198705464, 0.056597334865020194, 0.458998082598033, 0.01909755054989225]"
2855,796.7696263408085,497286.7526512926,"[0.09661369163183474, 0.45432195240323225, 0.16595423776726465, 0.28311011819766824]"
17635,682.781656049019,861491.5585626055,"[0.24047331195311822, 0.02957521587371608, 0.6257901372901573, 0.10416133488300837]"
5015,682.8703628506727,792416.3348043222,"[0.17497828150894185, 0.23163077789299027, 0.057956898096616825, 0.5354340425014511]"
17241,28.35175595033964,494183.29459822056,"[0.04583568120132429, 0.4205265557348757, 0.34775776089725924, 0.18588000216654085]"
6739,524.6773571304825,876866.1950206622,"[0.05326896996734546, 0.8049172918224349, 0.013195063630328461, 0.1286186745798912]"
8686,741.3351808479819,482124.6815861581,"[0.513389945650876, 0.013965546058891103, 0.3479527182434066, 0.12469179004682619]"
12729,824.3963975256622,999849.7527754804,"[0.02761029983978531, 0.2828987226895874, 0.3433575522388627, 0.34613342523176455]"
17059,695.7584602210675,732415.4210658367,"[0.03910872599455478, 0.3663987460110661, 0.24064304726318445, 0.35384948073119477]"
17886,231.1624206864309,823669.0874884896,"[0.009812047809575737, 0.07018848908718105, 0.02988235880536084, 0.8901171042978824]"
16117,207.93807305063808,708428.3343118863,"[0.38411427394867215, 0.47212427604186463, 0.043439566480900534, 0.10032188352856283]"
13414,899.6608622201684,430337.7350908862,"[0.035422791291729205, 0.22636570035815795, 0.40002397514109134, 0.3381875332090217]"
18109,961.8718566413932,200934.4908344928,"[0.313456191937754, 0.06206111591269733, 0.3843350855241103, 0.2401476066254385]"
8410,691.9071501828632,661218.4640028118,"[0.22397948814012222, 0.2264346512187137, 0.41013537337706685, 0.13945048726409728]"
9367,603.8149814454433,775833.0704124651,"[0.07607962448786748, 0.3551319629091013, 0.3731282424505431, 0.19566017015248796]"
16641,558.5585723789299,725616.3578819038,"[0.12809610027768265, 0.030725352719865935, 0.4738931835410391, 0.3672853634614125]"
17800,415.317680471256,521371.7647427592,"[0.18791180580926978, 0.4847199260615906, 0.29165379007758024, 0.03571447805155929]"
8701,957.359900854568,224310.14296217493,"[0.17529819478592257, 0.5718727348758104, 0.22750290344678117, 0.025326166891485914]"
10249,411.8015260479099,321231.90327573253,"[0.07478399448803211, 0.18339439508550717, 0.29502301446475937, 0.44679859596170146]"
317,842.4671623549241,988921.7943995688,"[0.2360314214390764, 0.0007077476778275312, 0.4492332145471531, 0.31402761633594284]"
205,850.2629503990833,266195.9162426321,"[0.4702196908092945, 0.2721643680382821, 0.07735739291421956, 0.18025854823820378]"
19026,936.2502176211974,752377.6241740854,"[0.2949856280307569, 0.10579194831688815, 0.14613845501133735, 0.4530839686410175]"
11296,539.4253798308109,412344.914045563,"[0.06456322856714876, 0.4277837311897374, 0.15766891467466862, 0.3499841255684453]"
11284,390.3549172324883,889018.8665036786,"[0.011294097612828829, 0.2596878364333535, 0.6580824602134515, 0.07093560574036607]"
19620,569.2964377521339,489425.1609926162,"[0.0739342902235475, 0.18847448272799666, 0.6799920660424864, 0.057599161005969415]"
10495,561.2833242061307,456431.7553028125,"[0.009866958684854182, 0.23998792899213725, 0.36943943567142123, 0.38070567665158733]"
9684,373.0733505667644,882796.3437031579,"[0.08831028787625893, 0.5931301818131175, 0.1452660721937862, 0.17329345811683716]"
16897,512.0419163258551,344932.91309440427,"[0.06510780796308815, 0.7247326783083825, 0.15986598906931238, 0.05029352465921696]"
8715,562.6850311743899,621313.2096063974,"[0.049804220955716766, 0.19862956224604117, 0.6115032577656869, 0.14006295903255522]"
5378,29.20290288291333,675925.7799833118,"[0.20525498212345128, 0.30457114729164625, 0.07902095818430384, 0.4111529124005986]"
9894,126.8820772652478,366552.4695648156,"[0.3929496982598429, 0.06907995664689501, 0.08722578171885817, 0.4507445633744038]"
3334,475.6303096304577,320473.23738050053,"[0.221658453905926, 0.44648051171801567, 0.10652099236132637, 0.22534004201473207]"
18076,773.7241714505108,354018.5059010321,"[0.3572953471674131, 0.29166200059832026, 0.20349434117033235, 0.14754831106393435]"
16235,56.14962401106254,403152.4050446739,"[0.004967280652347814, 0.5227562925117124, 0.01165444867950374, 0.46062197815643613]"
6617,86.8506382860385,906383.8977487813,"[0.03709272242686979, 0.170256783581384, 0.08288669253120805, 0.7097638014605381]"
16090,919.3907645553292,787693.4246782811,"[0.2602021171439569, 0.6326410931872711, 0.018117593187873444, 0.08903919648089859]"
3250,188.4218335095173,469893.1129615491,"[0.35261890943796176, 0.008824141790119857, 0.4718687211435911, 0.1666882276283272]"
17345,93.4083694286485,199556.78770895448,"[0.180319613752114, 0.36495819561401344, 0.02585503243002113, 0.4288671582038515]"
2326,56.45657119917028,169347.95805567788,"[0.055452932846131085, 0.6448498978525806, 0.003953051588755896, 0.2957441177125326]"
14708,255.7089251798004,954613.2451257352,"[0.07570836848354169, 0.32563566002868116, 0.2841574863360951, 0.31449848515168194]"
6548,72.76897921056904,296283.3747767208,"[0.27231731913501406, 0.11560029608024634, 0.06435069751430474, 0.5477316872704349]"
193,737.7675476657857,949020.4195143132,"[0.3258439527078711, 0.11020293328057194, 0.2548565506241067, 0.30909656338745045]"
12470,325.3328524454888,873585.2573551707,"[0.15960959535605157, 0.1847186060724581, 0.25579510546408507, 0.39987669310740526]"
11203,850.7346953517427,601146.2288991683,"[0.3060571723393554, 0.23597428540582158, 0.15693348579708968, 0.3010350564577334]"
2061,337.71332067266263,841691.8467251045,"[0.3428638654717765, 0.2190528383134921, 0.15612893908492326, 0.28195435712980815]"
12707,492.9781462550496,992365.0954465992,"[0.22736527237038875, 8.616055435773992e-05, 0.07240965266017964, 0.7001389144150739]"
9788,504.28472073804585,746174.1360422311,"[0.08083022396017422, 0.3952158795408709, 0.09189043446062438, 0.4320634620383305]"
8190,286.49113375116946,853280.8135394172,"[0.44350418544707404, 0.06062942219838791, 0.4423959784014372, 0.05347041395310089]"
6833,497.5564964783098,205751.3884189856,"[0.46452209562029007, 0.1580342100637464, 0.34686133546289927, 0.030582358853064293]"
1267,558.8676969945759,551581.476714833,"[0.25045990121076955, 0.2721407186393102, 0.45830634625436795, 0.019093033895552357]"
7664,811.3274497889112,962608.330315301,"[0.11519870014523761, 0.04044595835693426, 0.7961161751248765, 0.04823916637295155]"
13017,740.2144151674765,159381.9347808211,"[0.44717827813619365, 0.21520390677829007, 0.25580830113397107, 0.08180951395154519]"
3683,702.1873023478798,744224.615867838,"[0.05239394315522681, 0.2239358808862372, 0.7152993044362495, 0.008370871522286494]"
10710,161.49274400811953,634267.5866079499,"[0.3404448306556383, 0.46601411703309586, 0.006272650847679352, 0.18726840146358661]"
4868,88.55916362317227,330145.136074878,"[0.09394740522251886, 0.4435593471694435, 0.2600597814274159, 0.2024334661806218]"
12429,549.6999001781166,995302.358834763,"[0.3327097174617514, 0.06279677481399609, 0.5046481791007523, 0.09984532862350019]"
15140,848.1095027693536,213628.99602830395,"[0.03272278844528241, 0.6489705845078997, 0.2362110288779431, 0.08209559816887477]"
4609,341.4981086472429,422036.4451371403,"[0.6003718750862194, 0.015382776492294449, 0.1814002421092086, 0.20284510631227773]"
6492,653.1956640418874,203890.0413076704,"[0.40271461143438564, 0.05425445789777171, 0.22605359604089265, 0.31697733462694994]"
13266,248.8941418080785,985742.4364499736,"[0.28273671969079484, 0.26774098176630307, 0.18833273804250275, 0.26118956050039943]"
10174,239.42557823210373,340874.6341275855,"[0.49522262251675586, 0.3269025620963934, 0.007932323414740488, 0.16994249197211023]"
12034,781.4229750362034,885604.4094953237,"[0.30943309409729697, 0.21569736832902917, 0.4471102605751402, 0.027759276998533585]"
1925,193.04221347198765,871381.4231848047,"[0.17450157293432528, 0.24333119543719922, 0.28473113903469416, 0.29743609259378134]"
17448,620.6985011701767,693702.9055930966,"[0.249217622184407, 0.40942844687740465, 0.03158646263330701, 0.3097674683048812]"
5533,284.1274467475818,887955.6477384778,"[0.19804386655340012, 0.2424194732408666, 0.113091444082149, 0.4464452161235842]"
11425,874.4009135936366,434480.8558113391,"[0.2551480585333335, 0.26210621395892436, 0.4746481581400002, 0.008097569367741874]"
2622,269.69751009994786,947271.5403259991,"[0.24890408892342886, 0.14714246601149522, 0.06922749109789218, 0.5347259539671839]"
12604,508.3592499293818,996674.5376853242,"[0.3470475787598431, 0.4683121005710243, 0.1292992056969286, 0.055341114972204036]"
4890,316.09220045806626,655328.3721219212,"[0.30223195391055546, 0.10652984952180458, 0.33363516812160465, 0.25760302844603516]"
16294,156.30847441723208,687918.0311972433,"[0.09599714668805809, 0.05889902910667238, 0.628208776585537, 0.21689504761973266]"
1032,946.833324857913,267223.6958202905,"[0.07384060026495412, 0.1748012735761185, 0.09347934427429175, 0.6578787818846358]"
2502,730.8361872915322,146014.89213991244,"[0.27294089717728937, 0.47795554545576435, 0.0038438885506009153, 0.24525966881634534]"
11767,992.057159384407,822551.9757096156,"[0.08721611350979226, 0.042710187150741125, 0.22572063977261403, 0.6443530595668526]"
19800,156.0628228583172,285939.02038602415,"[0.01468169226561593, 0.5659196236935449, 0.23189489769805693, 0.1875037863427822]"
5894,53.1476626209549,937136.4285199364,"[0.08815682562597803, 0.7480229496333308, 0.12129846994087803, 0.04252175479981296]"
4188,566.9488812622455,279689.74533751584,"[0.48990670984596246, 0.09368577968123865, 0.177451699260444, 0.23895581121235504]"
8449,387.4612795578942,245513.31744221016,"[0.17560241585733563, 0.316870208291238, 0.06750972509192368, 0.44001765075950267]"
1995,23.23667366014179,165191.79203759093,"[0.15914836620249304, 0.13599832970060918, 0.5859409228193009, 0.11891238127759685]"
17061,33.76329728963982,193045.84263411103,"[0.5218289767804619, 0.2970410757016301, 0.1618268201903843, 0.019303127327523626]"
13589,653.6229452975098,700186.9875656563,"[0.007866386888622578, 0.3362046312543519, 0.2674377304378934, 0.38849125141913216]"
11358,748.8307308569034,826177.5833535615,"[0.39203353870466645, 0.0073132403657110755, 0.2712791620751526, 0.32937405885446963]"
19599,176.32694689550067,737994.1909801218,"[0.0031350467385868265, 0.5360852324881805, 0.40930424911909885, 0.05147547165413389]"
10133,728.7387594176195,571234.746254494,"[0.017309624750062768, 0.7377895383027072, 0.17555353542777077, 0.06934730151945923]"
9401,621.7241758124749,878387.138737404,"[0.04863168144762548, 0.5962667405426186, 0.028741663479474322, 0.3263599145302815]"
18521,233.0592430129239,340674.94387457456,"[0.24302260565014605, 0.028653654503645792, 0.22238961791013576, 0.5059341219360723]"
16320,346.377060799115,568890.6801503634,"[0.16115905160962485, 0.1278335863819475, 0.6304294143101268, 0.0805779476983008]"
14044,416.18951541228455,644753.3938599993,"[0.09860276872887411, 0.6081332152964684, 0.2706620378657803, 0.02260197810887733]"
15113,320.5410829378675,277807.7783260505,"[0.22627201192167976, 0.23316771894003913, 0.2314785061354048, 0.3090817630028765]"
8258,205.3195069055368,909996.0858001204,"[0.06297235539279586, 0.18116826775821426, 0.4365039234289328, 0.31935545342005717]"
17633,113.6035324481375,318825.28133983014,"[0.04260645479770985, 0.2751560882928326, 0.2813879597964561, 0.40084949711300155]"
5327,447.64502602116943,693996.5778404133,"[0.230877395361671, 0.039573861246985774, 0.2865401741214093, 0.443008569269934]"
7551,322.3282206117561,406089.0324232789,"[0.3378255390430636, 0.27233323558343936, 0.0060811002098346174, 0.38376012516366237]"
8,771.6476426301595,824086.0828499417,"[0.38029556494582295, 0.06785368691227016, 0.23238969386387678, 0.31946105427803007]"
2834,587.7015259598732,185132.4534775716,"[0.015255176451806301, 0.24232356866517066, 0.5584331998880164, 0.18398805499500656]"
3525,856.8096343579595,694007.4592034359,"[0.02321822147758215, 0.361918389097019, 0.11540632322763213, 0.4994570661977668]"
5706,32.488057405291656,321710.88079026825,"[0.42280119829965496, 0.11445238950671915, 0.03923616912619284, 0.42351024306743296]"
9844,486.82866637598585,669497.5038693332,"[0.5299099753184969, 0.0823145034124302, 0.043854986703590275, 0.34392053456548255]"
17983,79.89299984942785,235343.4484034907,"[0.4260904032188977, 0.42809555708050046, 0.039673964105798064, 0.1061400755948036]"
14087,373.3520173731654,127305.39461080555,"[0.04778670666886152, 0.48578797379656297, 0.33196321656830974, 0.13446210296626562]"
4221,342.68148720925683,294184.03055311646,"[0.018076914017924932, 0.927098723066315, 0.027004643718205573, 0.02781971919755432]"
4678,609.0561920161434,236481.22222951945,"[0.45030347556757505, 0.23580307142942378, 0.05518341369636017, 0.2587100393066411]"
9529,343.3825112026008,871460.7023305946,"[0.07943993273934495, 0.17254692728514717, 0.5752357590371309, 0.17277738093837716]"
14632,400.8915571759519,187958.5312561022,"[0.04347505451074331, 0.013987140744966355, 0.7234573834071779, 0.21908042133711228]"
18940,345.3147496409945,732898.7918058163,"[0.1328245857418813, 0.38607179443727585, 0.10378449859771628, 0.3773191212231265]"
6954,775.8992228067553,537416.6049054845,"[0.08091848903005237, 0.22396540212842922, 0.000403219787619849, 0.6947128890538985]"
7326,894.6860709321211,323196.21755400125,"[0.37862670059706305, 0.47490840894392855, 0.10544603155829915, 0.04101885890070942]"
14186,454.6481688781153,483020.5628614775,"[0.45753285315761427, 0.06926875929985542, 0.08581715456655087, 0.38738123297597954]"
7384,333.247396690668,755029.5396611332,"[0.0019363517443784033, 0.4455089393936245, 0.2333554572565759, 0.319199251605421]"
1486,21.43299819047497,720018.8470434763,"[0.22476267140474213, 0.3252961509950392, 0.2618680988972725, 0.18807307870294598]"
17410,697.6136525294218,604287.5643698599,"[0.3693342504764407, 0.31157700813773986, 0.07630247600946881, 0.24278626537635062]"
2167,898.7370449020048,746685.9341473187,"[0.3226455911054988, 0.25158880321225774, 0.27812137734631676, 0.14764422833592675]"
18309,623.2630023431378,755692.8506557596,"[0.46060006107703666, 0.1805730921763549, 0.2597400381102267, 0.09908680863638178]"
6754,844.2043294082367,448888.3937162283,"[0.10397435556379023, 0.259651632730459, 0.3367555763509016, 0.2996184353548492]"
6474,671.4500666818307,668997.4099895299,"[0.361773437607804, 0.3957116152610727, 0.18497121758537408, 0.05754372954574935]"
14952,838.3752856171632,441470.1733165499,"[0.03479992207806589, 0.08229897810277136, 0.030650930585260746, 0.8522501692339021]"
3733,121.13316140376328,707457.3917535812,"[0.41483349765338096, 0.2663385930554976, 0.30056142989640133, 0.018266479394720158]"
1234,945.5887808897768,890611.5862721159,"[0.08105253335200831, 0.13432804085728195, 0.45836350744371385, 0.3262559183469958]"
6903,913.1254833250556,638893.9971369649,"[0.011678642587696934, 0.030595101247836435, 0.44459754258628553, 0.513128713578181]"
10113,507.0551897217517,533751.5135133199,"[0.22964367146806108, 0.2856191200222029, 0.4368883864306804, 0.04784882207905564]"
1512,746.4740421507487,750184.1566580195,"[0.32744447852661224, 0.12897881827980232, 0.17795129341679405, 0.36562540977679125]"
19423,122.64697559023014,775178.0620838198,"[0.20342631348458068, 0.0775433944047516, 0.3695999676482295, 0.34943032446243827]"
19251,29.892267372486693,123417.25692019484,"[0.46670153990928553, 0.01054907786934132, 0.028619360082391965, 0.49413002213898116]"
5972,402.1577612252625,521114.63251729513,"[0.0010799536463793177, 0.06643771417771921, 0.15537578484365483, 0.7771065473322465]"
4987,798.6586977794854,959327.005252534,"[0.015141961195423865, 0.3718796457964652, 0.2038442544722182, 0.40913413853589276]"
18717,219.2966786659944,942155.2102959702,"[0.36096457021430245, 0.03274590037104439, 0.33174300725503475, 0.2745465221596183]"
5478,247.2576583034604,784930.789279698,"[0.10912643743640114, 0.01871189738931087, 0.8064213380356877, 0.06574032713860023]"
8893,808.9247169967072,664781.2680641308,"[0.06818848800213306, 0.6121275498802846, 0.1841110239818431, 0.13557293813573937]"
1634,822.3450144411429,601953.3400827027,"[0.8639751577884881, 0.0692164596621754, 0.028823599443132366, 0.03798478310620421]"
18153,662.9697335291306,974655.4735836592,"[0.31935198461762365, 0.20072870241295224, 0.0526719644282571, 0.4272473485411669]"
11124,797.7555551448554,457145.3564864315,"[0.008773455428455397, 0.6867426195872995, 0.026813391224952778, 0.2776705337592923]"
19864,534.0933485243704,614613.8185964124,"[0.2330358644493197, 0.28147535512879196, 0.18793826090444143, 0.297550519517447]"
12404,998.7867077470742,775074.2709041708,"[0.48933481697469255, 0.05297200779372134, 0.436100248218065, 0.021592927013521217]"
15804,276.6702345795842,465286.48179790814,"[0.36531252081723165, 0.008093428177610953, 0.31398128192726293, 0.3126127690778944]"
17032,249.2188851368309,321807.80754390964,"[0.3734549845491419, 0.1776122455547176, 0.20638680273733598, 0.2425459671588045]"
3287,889.0045799146459,234656.47149557289,"[0.08680280934522595, 0.27240428512187004, 0.3801270006502962, 0.26066590488260766]"
14120,214.30818817257853,790635.5946014194,"[0.05256128481878135, 0.711333641406764, 0.11629108668257007, 0.11981398709188452]"
19308,836.0589060429897,951410.183175945,"[0.1698398117297625, 0.3872967978250781, 0.3759035667060549, 0.06695982373910461]"
11287,549.7761388984611,753815.1128365576,"[0.010336100046006139, 0.06386916947497585, 0.6848506523206588, 0.24094407815835897]"
3114,76.59208175840959,947854.5512528344,"[0.4276713697573181, 0.03926095755738602, 0.0023975493929904884, 0.5306701232923056]"
13393,44.09062626841568,133231.07706329343,"[0.22916206643156134, 0.2382969576494702, 0.4794776998933895, 0.053063276025578865]"
239,482.6161772784651,679485.7058524401,"[0.6374820770988264, 0.1270745457381809, 0.11917205093288301, 0.11627132623010965]"
6134,745.6789871799607,452453.24027948,"[0.2057163420117774, 0.28554544756611266, 0.046047459838229395, 0.46269075058388043]"
9872,927.028269360518,501626.0022622469,"[0.32807172202562684, 0.381791457503, 0.2004033964527761, 0.08973342401859728]"
9270,186.49955199124608,292605.30617944186,"[0.01300268603696709, 0.5316960433633211, 0.29261162530907636, 0.16268964529063537]"
9758,121.82602389953573,714613.5206964901,"[0.32215174954368964, 0.5620993742557948, 0.09765250886569657, 0.0180963673348191]"
9019,635.084450231838,659088.6010103914,"[0.22031661675969275, 0.33157343699542485, 0.24028902278385403, 0.20782092346102835]"
17447,860.758034546358,899861.333703873,"[0.48062879091944827, 0.3042413275169153, 0.04783404775705218, 0.16729583380658417]"
6831,670.9554022781643,569340.3037206922,"[0.5209115131824681, 0.22305130183224026, 0.13849284666307618, 0.11754433832221542]"
9100,562.6314451836708,989255.8529721164,"[0.08455014976511657, 0.2168987898640445, 0.18581474128646375, 0.5127363190843752]"
11832,200.89314090394663,980036.7141810418,"[0.14918744063682549, 0.11640031754528021, 0.05033317288469225, 0.6840790689332021]"
14338,323.3910452292835,482230.0327960995,"[0.16602401294731187, 0.05659175567060213, 0.09907375397764348, 0.6783104774044424]"
16527,422.2262457496757,895036.5059790792,"[0.050983395801915486, 0.5820325103551659, 0.1726892094071145, 0.19429488443580403]"
15902,763.3286402202236,270067.6951358224,"[0.09818629239883293, 0.2159205286989478, 0.358279488888122, 0.3276136900140974]"
4725,510.0426216005479,779047.6519100384,"[0.09937314775105642, 0.40499028471347537, 0.08965170068842256, 0.40598486684704566]"
15259,163.36918303024817,812668.1063436966,"[0.213928657653474, 0.524482626846865, 0.11208496226366979, 0.14950375323599124]"
9654,233.06115015577907,778926.9944523857,"[0.20780224305927136, 0.04828593384144452, 0.3053699885261451, 0.438541834573139]"
14287,734.3140705197962,951284.6128041912,"[0.24298802959172225, 0.4150741099142718, 0.140653778103698, 0.20128408239030782]"
19782,276.604043796105,376284.2574392564,"[0.41601331480316034, 0.4011848780872283, 0.023466730697948735, 0.1593350764116627]"
18296,49.9077838852089,897325.5030823856,"[0.07952683985775579, 0.4102200574602828, 0.4285216552490916, 0.0817314474328698]"
1674,465.68000597280695,898394.9796907372,"[0.2846785370508462, 0.28359516271396734, 0.38466595554629784, 0.04706034468888846]"
9071,97.0378525277803,824515.2838472758,"[0.15108367385930632, 0.046137795958391396, 0.5204120953151578, 0.2823664348671445]"
8255,346.80439779627795,689674.8901223445,"[0.10523161135985822, 0.0522273760110503, 0.03755276994601013, 0.8049882426830813]"
14980,165.50315105664313,580271.2361863663,"[0.37079238241573803, 0.09977598878439636, 0.33028541175238674, 0.1991462170474788]"
8824,593.6940356051355,981823.7937204944,"[0.18765069975836324, 0.47881095345797037, 0.22219601600093117, 0.11134233078273523]"
10933,431.9579888516442,775973.997044787,"[0.017508855987186822, 0.16905122394932517, 0.47761760340379705, 0.3358223166596911]"
9461,565.5434458831246,821768.5773141807,"[0.13024154415779815, 0.360780965338506, 0.25631366088001106, 0.252663829623685]"
18098,623.892963397949,509855.5317553937,"[0.12185903540511217, 0.5261188475769794, 0.23278092510015164, 0.11924119191775664]"
3988,570.6345423657093,406701.0482212838,"[0.22029917945396538, 0.01440004899069931, 0.03898575970578992, 0.7263150118495454]"
4669,883.666860994806,646345.3725014458,"[0.4502783450258111, 0.024564656887818486, 0.3427075057950801, 0.18244949229129032]"
5520,294.94294813798126,253528.2043622721,"[0.18262684433888793, 0.5505822991699179, 0.2602224890950047, 0.006568367396189571]"
19770,447.7857685092008,329574.3346754506,"[0.12388084595635852, 0.23095000330733503, 0.21722432868653851, 0.4279448220497679]"
13897,721.1773029731429,358531.5262691614,"[0.05489443658703858, 0.6316564128164569, 0.10846969789344081, 0.20497945270306356]"
1449,182.0046791877483,948039.7621404232,"[0.1544737696543267, 0.0901303649709225, 0.22329915847179724, 0.5320967069029536]"
3907,916.3296312301526,279141.91362365737,"[0.37493613085120947, 0.4074331006145127, 7.256000697352145e-05, 0.21755820852730418]"
4647,57.93958614475922,209133.1887115356,"[0.34978347700826196, 0.23927403985747522, 0.3555676759487892, 0.05537480718547373]"
12367,870.6763306625405,172062.3098480532,"[0.5753992654583505, 0.0957303456706917, 0.2993917626560486, 0.029478626214909126]"
13882,254.8612970642715,259341.7695665024,"[0.7031524010550145, 0.15846083587992887, 0.09033318998857039, 0.04805357307648614]"
898,36.47861793198622,213152.0287373296,"[0.19642444028946301, 0.24979576700022257, 0.27397523744128777, 0.2798045552690266]"
9854,683.8356963054107,699484.1425438758,"[0.037322425028467, 0.013873741751568086, 0.3268888175972611, 0.6219150156227038]"
1067,879.4677779270294,239930.79925214872,"[0.003311966394304483, 0.3932546652832199, 0.3523683380167558, 0.25106503030571997]"
16389,541.5689122881961,350751.51055624825,"[0.31846807723877374, 0.4207005309211928, 0.18936035946864094, 0.07147103237139266]"
6645,352.7375126355153,432155.41925951897,"[0.35663091813878034, 0.11047413730008074, 0.17385457080187053, 0.35904037375926845]"
17079,88.97791009917248,345774.1779848656,"[0.3338325962656931, 0.19100077604001, 0.23340957287638683, 0.24175705481791002]"
13151,594.0408533612185,870068.2401629678,"[0.02295261504495141, 0.5795788097254736, 0.314260617245118, 0.08320795798445692]"
18570,387.5059999736736,838081.8764042924,"[0.5768422211336713, 0.09414144993942734, 0.2890323590158572, 0.03998396991104396]"
8266,652.9400660728998,171325.59006190376,"[0.04505268598100369, 0.3198947578693526, 0.30901569819130537, 0.32603685795833826]"
15659,893.3309089562493,222122.3875837274,"[0.5751177188521591, 0.22683381695017166, 0.14509904321339434, 0.05294942098427486]"
4439,396.03534933949214,669242.3713603107,"[0.21478233308829534, 0.6006518100410032, 0.06307055602900298, 0.12149530084169857]"
9074,748.9872410127858,521491.1302128425,"[0.0727416550145598, 0.06285528784927513, 0.40056785653412696, 0.463835200602038]"
6512,638.0452768198057,401802.136678355,"[0.1665023833209103, 0.17309064852311018, 0.042846599217176436, 0.6175603689388032]"
8301,963.561441567342,634217.7987499583,"[0.03254278102641624, 0.10039148516399653, 0.529194008883931, 0.3378717249256562]"
422,703.8562771729519,890378.7297558293,"[0.5462314536011944, 0.004791921995059738, 0.20060707236655143, 0.2483695520371945]"
15256,152.10802363647923,820683.9610615148,"[0.1195201441537818, 0.12670641634141627, 0.18695890564313042, 0.5668145338616715]"
14755,279.01628442051964,958212.7213950692,"[0.08882662898004652, 0.4367098131589648, 0.20682766503838482, 0.26763589282260375]"
16631,532.8789360016478,341438.7654203217,"[0.71656574676526, 0.03042884285579345, 0.07474763506364607, 0.17825777531530046]"
16802,557.8228510733214,955321.7893696128,"[0.07251677764321454, 0.4920465516485005, 0.30681275683244746, 0.12862391387583758]"
6133,643.011132879507,404115.418259286,"[0.095680176159152, 0.38752397515865733, 0.5059288831069908, 0.010866965575199937]"
5288,205.6612417251227,640147.2915096391,"[0.8193347952363493, 0.0009247319813994099, 0.1321117821730059, 0.04762869060924547]"
8039,805.7875490131087,422181.957328417,"[0.09770402823954871, 0.5750739324058608, 0.19576962209999393, 0.13145241725459664]"
9948,352.5616932961512,949249.9057217018,"[0.01142238856595763, 0.682367193545362, 0.27051864708463946, 0.03569177080404079]"
9902,52.9618653045818,938964.9387459216,"[0.016059630779929036, 0.10653113499582696, 0.03893957308124123, 0.8384696611430028]"
12101,361.72693786899873,590730.3163609768,"[0.7394947278234104, 0.12422706733349793, 0.07139686791319709, 0.06488133692989438]"
3296,667.6329190065844,365240.3668935055,"[0.15178322872849484, 0.41719066834177654, 0.16547825181616382, 0.26554785111356477]"
9549,865.4473369055423,169986.95391246746,"[0.4209410481730658, 0.08088657009004863, 0.0173269457863953, 0.4808454359504902]"
17311,762.6653039171653,976441.7694600776,"[0.02570515148171123, 0.046951730344510896, 0.5265218438392534, 0.40082127433452436]"
19625,531.0175516417972,882107.4167674506,"[0.47114447721597663, 0.21063675270023066, 0.10705707070443038, 0.21116169937936227]"
14977,629.6280609295113,135027.53682857534,"[0.31479493332119657, 0.0013191254648629118, 0.027207541376223277, 0.6566783998377174]"
8267,139.05838177074756,535131.8459356261,"[0.2515013298930618, 0.059355588812778706, 0.23161433450938884, 0.45752874678477057]"
6649,410.9430062813792,317189.9610182284,"[0.10965767773378253, 0.0254511335138841, 0.20072685955411046, 0.6641643291982229]"
13944,279.76025885303903,573664.1938863716,"[0.5269124573695094, 0.04650168228826571, 0.02932666444908394, 0.39725919589314096]"
1373,798.1242152410238,641156.36629069,"[0.08711740784954755, 0.16406519928976765, 0.6296051079663836, 0.11921228489430125]"
19105,167.09573964808365,504703.30089261534,"[0.10324861883597784, 0.7079534583003346, 0.12160145792816386, 0.06719646493552373]"
19362,564.65435334503,862886.1095311542,"[0.10068452274769146, 0.6056022938529511, 0.14511771021300515, 0.14859547318635233]"
264,392.81399927959455,473105.1341759045,"[0.24326332859200148, 0.016491691855914217, 0.4577016748690723, 0.2825433046830121]"
13245,195.36082168639132,558212.9383734211,"[0.2802047147287626, 0.353908851956801, 0.21171047212772334, 0.15417596118671303]"
1899,604.8593668603244,527535.8024235305,"[0.7582413095757884, 0.14449597150683438, 0.024280796696140715, 0.07298192222123649]"
11800,388.7209968963977,280286.3522408364,"[0.003541537099187224, 0.4540955205278245, 0.40664958157874864, 0.13571336079423954]"
5531,538.8551002581045,858887.4042012095,"[0.19080919099073101, 0.12901160744611243, 0.3078045686110589, 0.3723746329520976]"
14062,743.6607535117896,532696.7494840024,"[0.45489794239221604, 0.14084723941438773, 0.38888529177185094, 0.015369526421545257]"
9899,634.4554373948101,621338.6259694598,"[0.09874315296679073, 0.2374932772332148, 0.09325948310344774, 0.5705040866965466]"
17495,986.5742661199366,435118.8140252534,"[0.43381721686930735, 0.45229061508804347, 0.012125983343781685, 0.10176618469886752]"
9791,555.0582712502204,119339.1420139411,"[0.15649340107253804, 0.3090800070918528, 0.2117489023471258, 0.32267768948848335]"
4193,419.7020409333393,105518.1001155672,"[0.05910698231931593, 0.09025154008700238, 0.7178602735509396, 0.13278120404274207]"
6992,897.5216725841902,779124.8126425857,"[0.5696585252551207, 0.10629742578320937, 0.11496814091631836, 0.20907590804535167]"
1721,155.83877113248738,593973.7886390302,"[0.4786432554406521, 0.10954947543189776, 0.20325257792434737, 0.20855469120310274]"
2172,545.7267060761486,135657.8300490199,"[0.23703684180604176, 0.26769527068708676, 0.008253063565589077, 0.4870148239412826]"
13466,987.5865817604632,350504.6970446551,"[0.08474297891255629, 0.3289579928969644, 0.3631118189935006, 0.2231872091969788]"
15546,633.8232805503466,796095.5910772859,"[0.29295370755559325, 0.4170712174273512, 0.021951308436976274, 0.2680237665800792]"
14159,693.026681530412,245905.74715854143,"[0.026669024064340734, 0.21600928963965177, 0.2040523598933088, 0.5532693264026985]"
5137,654.0200659285399,170512.63557040272,"[0.2653924065194394, 0.1947132954735125, 0.20202761760613114, 0.33786668040091694]"
6594,415.2248860965252,278957.9247146689,"[0.5133538385486442, 0.18926203503316674, 0.0719787624455081, 0.2254053639726809]"
10448,787.8569290002027,329923.7532984263,"[0.19543184835832048, 0.41251628922792893, 0.2823184480017506, 0.109733414412]"
18794,412.1913777553697,346401.1530203633,"[0.24051889082470415, 0.615721318446438, 0.08637504225872247, 0.0573847484701354]"
2121,369.02011045957295,566133.7286638916,"[0.08340724961123726, 0.5773322814120905, 0.2210284092336672, 0.1182320597430051]"
11056,210.87175448523945,730522.27520862,"[0.2911305974587093, 0.2208589516551748, 0.16817335411888232, 0.31983709676723354]"
7254,107.02854461105784,870179.6966817117,"[0.23450475900850273, 0.396859731937076, 0.2744652046273219, 0.09417030442709938]"
13139,104.7631028673864,412080.8203236954,"[0.17329513188085235, 0.1879205889482084, 0.19371725965941614, 0.44506701951152305]"
16027,18.419350943417925,378263.7392598944,"[0.32650366853085905, 0.2980942306655897, 0.13020508016232266, 0.24519702064122867]"
19791,563.9478419456448,887779.4598339507,"[0.18469940338177968, 0.6577425460284515, 0.04280436693777606, 0.11475368365199254]"
16524,892.1579965804983,604425.8238015329,"[0.039886702772807626, 0.5585338873093044, 0.32399477560988404, 0.07758463430800407]"
7376,916.3965815671352,255273.5069897697,"[0.20890088392560832, 0.18122674768483685, 0.3360922455444189, 0.27378012284513586]"
13947,859.9522003900948,814737.7279451933,"[0.03628897706804724, 0.29505281782419124, 0.00010119367258896371, 0.6685570114351725]"
4346,763.8303014966976,696037.6863584358,"[0.5616081120495031, 0.19148790168622043, 0.0830597875451787, 0.16384419871909764]"
16386,610.0364523892032,385389.2616077461,"[0.32531376610683405, 0.610037139083826, 0.03482810942749898, 0.02982098538184109]"
17318,265.1410704875271,965525.0626017316,"[0.40231560144155476, 0.07950487171323181, 0.4384451607178144, 0.07973436612739898]"
13711,731.8524452245373,157669.9358306177,"[0.3674491682141887, 0.030546268278919073, 0.5862856556615085, 0.015718907845383736]"
9633,225.5379226532774,283015.6971297234,"[0.2613086005882465, 0.3976326569252597, 0.3233423186160429, 0.01771642387045104]"
14490,158.6253192529631,460405.301931816,"[0.30168193779736946, 0.4391602872630163, 0.2508954589661404, 0.008262315973473844]"
19225,637.1418018137418,234463.429348679,"[0.569988981876321, 0.1184090753550458, 0.160451777509193, 0.1511501652594401]"
19700,765.7160474612607,449407.2655829956,"[0.373753109027946, 0.23106531201156594, 0.3611613315965317, 0.034020247363956445]"
12864,599.8331816956763,746099.7886180958,"[0.03955461441965328, 0.3437187379408854, 0.39178741410427703, 0.22493923353518439]"
17010,232.35350551371056,225018.7077909907,"[0.1062928739867331, 0.20959999206545438, 0.3393922706861483, 0.3447148632616643]"
10273,811.8989031036766,128997.06763601353,"[0.11613258517992596, 0.4973928943591239, 0.2571104671972332, 0.12936405326371683]"
18115,712.0040600776048,250058.09445465927,"[0.4067636977943452, 0.26227466979875486, 0.021140270482868276, 0.3098213619240316]"
19466,369.1006482985998,370961.8247429249,"[0.33070966894502624, 0.33117363234149033, 0.13606328329160466, 0.20205341542187857]"
13795,363.5849375211228,519977.594742584,"[0.021443173700126213, 0.7796168792841743, 0.10570627930522693, 0.09323366771047246]"
19806,331.2592522467145,175494.946481649,"[0.13159125236064553, 0.13446842896587485, 0.44071314365437075, 0.2932271750191089]"
3406,821.5160806719693,609704.6063657871,"[0.16866441636165802, 0.3607891950288277, 0.16417431934171864, 0.30637206926779564]"
7177,309.12156413651024,626510.97549279,"[0.061999300591442805, 0.16371815897718492, 0.5252982063850102, 0.24898433404636214]"
5313,809.9410400931027,822946.146857033,"[0.7383731668247439, 0.055524835315096076, 0.030912125611792022, 0.17518987224836788]"
1745,935.421623636184,844186.9403555226,"[0.028653320956433654, 0.2264398924075283, 0.651001774101477, 0.09390501253456095]"
15640,485.4940678384864,346938.34292552783,"[0.2331746305909373, 0.29647405263621546, 0.3428851882023432, 0.12746612857050402]"
13312,820.3640942596938,182386.3759622356,"[0.18184677132203017, 0.7502139720692941, 0.0500347229217755, 0.017904533686900193]"
2299,963.204163646061,707079.499544345,"[0.047189310888548955, 0.3590278791349906, 0.12294655793454796, 0.4708362520419125]"
4037,923.553540796878,337383.6904696464,"[0.3172136106660899, 0.22195661376906084, 0.056672325285027705, 0.40415745027982164]"
16600,214.1494405811497,902701.0210412464,"[0.15997415110307056, 0.05612060754410175, 0.08412330106103495, 0.6997819402917927]"
8964,865.9347356012624,910329.2321371288,"[0.042601608867066265, 0.13411022656612911, 0.7810359835640577, 0.04225218100274705]"
13427,314.55108729534413,221584.2294224751,"[0.2199280560666764, 0.5827259974019869, 0.1879303337174378, 0.009415612813898923]"
17883,772.5429319034871,602312.0741136391,"[0.0693912681647306, 0.09747485379733953, 0.037997434422808604, 0.7951364436151214]"
6710,887.994551945429,797106.8567388015,"[0.1943865535146642, 0.11791942442741538, 0.04174152115249569, 0.6459525009054247]"
2623,983.6592758978732,625941.7601010472,"[0.3992256143889251, 0.007657469880408255, 0.51102737641927, 0.08208953931139658]"
6261,23.354543613996626,892257.2448916438,"[0.4036332539148308, 0.06412107765108056, 0.10047520141551342, 0.43177046701857535]"
12174,521.7541146908521,594351.3556633745,"[0.7278478069265533, 0.028442871428140466, 0.16796745627748452, 0.0757418653678217]"
2297,527.618651908523,309554.1967969969,"[0.24770312954535484, 0.17948229256452913, 0.5470185971730049, 0.02579598071711101]"
19526,643.0494008529433,341165.3131832987,"[0.6836729993193078, 0.08764633581380293, 0.1443662666407534, 0.08431439822613593]"
6981,677.0761801428108,210086.77204729256,"[0.45949532706492746, 0.29357051807925877, 0.0363455998122904, 0.21058855504352347]"
9631,625.4809575808443,945727.9610934017,"[0.2002709091216852, 0.17558530672049966, 0.23110912653582735, 0.39303465762198775]"
12644,100.65562649340583,273058.1498541037,"[0.021353694451692135, 0.2644473529345025, 0.6489846554596441, 0.06521429715416115]"
3874,873.4803574003405,574375.8924769016,"[0.2989711628156984, 0.03773195404671448, 0.25981760258394715, 0.40347928055364]"
5425,120.37513601579168,949524.0507513058,"[0.03996072301970053, 0.6064699437530453, 0.3135269013730267, 0.04004243185422739]"
6114,120.70152977423815,378997.8012345844,"[0.023070377392838314, 0.16513245532610787, 0.7821881542395992, 0.029609013041454642]"
11747,781.4795067263174,725162.4002930218,"[0.04197152226998683, 0.4674320311015918, 0.07112017264113034, 0.41947627398729104]"
14541,973.0601719866844,405045.38696473365,"[0.17117262623002485, 0.037407588897151005, 0.6104532264184015, 0.18096655845442272]"
16301,670.6636568395746,144420.90538016908,"[0.1982910190445448, 0.24834105497676665, 0.12052872204479223, 0.43283920393389635]"
396,916.9873319454132,807525.9793908714,"[0.2954041551138349, 0.20032799344340604, 0.10873897021896696, 0.3955288812237922]"
12895,216.1748806275586,292589.08186621184,"[0.11900628711016004, 0.6541677970991112, 0.05748212369897072, 0.16934379209175798]"
15396,955.7943247946624,458927.6359090899,"[0.2747854214292624, 0.22525970414678265, 0.011542495516028435, 0.4884123789079266]"
10131,347.7589106213724,105768.63386218536,"[0.5794268325925845, 0.08476094345168499, 0.07310286164032738, 0.2627093623154033]"
17760,935.5675837288276,604586.7336181799,"[0.2192219777921416, 0.24887530766261265, 0.1679968527468856, 0.36390586179836026]"
7172,681.1461286795492,505475.3768163221,"[0.0687941892407948, 0.5801680257867038, 0.2766034896956481, 0.07443429527685333]"
9188,407.4976649775703,167988.96986567084,"[0.1854207648753283, 0.5824852058825155, 0.12758281766211363, 0.10451121158004237]"
18083,32.95268773521897,295992.8012190112,"[0.019292031886129494, 0.4211644404091169, 0.06681666014389571, 0.49272686756085793]"
3967,423.30975491316593,808164.468934802,"[0.04482212071741162, 0.4287199724020388, 0.04465579389964898, 0.4818021129809005]"
10589,483.32522000763976,688528.0284941446,"[0.18671703414102447, 0.023544603295912625, 0.5667968417931054, 0.22294152076995744]"
4265,547.1058174414602,759877.4890672928,"[0.1478998895182416, 0.8251540911901335, 0.0020356232359016427, 0.024910396055723278]"
1334,575.1400806015273,721405.6275999175,"[0.15188791401552318, 0.06817216641899815, 0.2093016006582292, 0.5706383189072496]"
14912,819.5789207577354,380079.4739135261,"[0.010946505126189214, 0.2701318673112188, 0.045959551893234155, 0.6729620756693577]"
2488,825.7296897708131,918990.1965064713,"[0.14387720109683083, 0.34040470686072516, 0.12109837274253843, 0.3946197192999055]"
6609,385.5568462822639,899461.775595844,"[0.3129918631128304, 0.37760590257048143, 0.20134174817310127, 0.1080604861435869]"
5452,348.3197916861764,891496.5667684311,"[0.08458143365529003, 0.3620169026000502, 0.22793488835704295, 0.32546677538761687]"
7311,674.3827751421167,548338.899956875,"[0.053066335528253225, 0.1527000255532954, 0.7510372899634405, 0.04319634895501087]"
2040,622.9124054553305,505892.9785346721,"[0.13461215859605788, 0.048081957825193505, 0.3085361484412073, 0.5087697351375413]"
4914,803.3820875590118,553243.3707795102,"[0.3137621373387332, 0.01189876633438316, 0.2803108414987712, 0.3940282548281123]"
50,403.7400390153974,136309.25314098684,"[0.6527485977732028, 0.11380237467817711, 0.20665147149841698, 0.0267975560502032]"
3460,174.0452619715454,783233.0490872175,"[0.20689347121376525, 0.1809364206240876, 0.3089531810400068, 0.30321692712214043]"
16376,576.9832272142123,625666.0396696203,"[0.7029637990721375, 0.19024236632088443, 0.0721156267509487, 0.03467820785602928]"
1503,526.9235035893555,807519.5986254265,"[0.31308203332975904, 0.10185183871493443, 0.03177358633473788, 0.5532925416205687]"
5408,127.61546395777042,386363.22789420345,"[0.008208730989725688, 0.0011292330095924047, 0.4148559885134501, 0.5758060474872319]"
12618,455.6175360609763,230425.5149202617,"[0.10843678315132066, 0.3919852791694066, 0.15008294853491824, 0.34949498914435445]"
4895,345.45694020402925,742363.0845436646,"[0.028817001420927368, 0.16509091795946068, 0.3548820449558479, 0.4512100356637641]"
783,622.3483402363378,392876.5983630436,"[0.14882527554078304, 0.5740495549927155, 0.20071084749816953, 0.0764143219683319]"
19271,39.19808013224724,635039.0310292969,"[0.6318621447133602, 0.06616774584333182, 0.004961177314174834, 0.29700893212913326]"
8867,909.4877817927912,324463.189300846,"[0.10920678500340365, 0.29390183101521206, 0.18213327962392634, 0.4147581043574579]"
16763,173.95342479989674,351706.6992485317,"[0.05531172115344374, 0.4846420023234604, 0.19044516480852017, 0.2696011117145756]"
17499,295.294754516406,360464.5479510234,"[0.34611828992159555, 0.09973549958163216, 0.4254978065134505, 0.12864840398332178]"
4049,100.09305901425896,174011.25485265354,"[0.03664308499592464, 0.3278395614640492, 0.3526803778045511, 0.2828369757354752]"
10909,160.0336813415374,476941.6817290717,"[0.5537078418426401, 0.2596239890516144, 0.0395480649310121, 0.14712010417473334]"
10749,569.5831751169766,278003.29899634805,"[0.14685855058715758, 0.4650612468092646, 0.2556765721807485, 0.1324036304228293]"
8282,391.2907508722776,540711.3552364579,"[0.19992214411882103, 0.3109200715235743, 0.4633443243083873, 0.025813460049217286]"
3258,389.6421143462935,717057.7154591036,"[0.3842073279230449, 0.07798787107738049, 0.5104356782591979, 0.02736912274037674]"
2926,645.2047313656425,405356.8627385693,"[0.31739121198420617, 0.21463285188320697, 0.04678306752706912, 0.42119286860551775]"
10981,894.1129276685402,506948.71215422254,"[0.17165292185683945, 0.43186245229147174, 0.25188259253865647, 0.14460203331303234]"
10206,521.7106233869799,436899.7341956495,"[0.3210400923039913, 0.12810097756554809, 0.0008238094121181064, 0.5500351207183426]"
12294,736.2583833884769,905281.5686376845,"[0.39994406987175646, 0.003400718877711238, 0.5877673838488328, 0.008887827401699508]"
395,105.81720022024015,833530.2069275487,"[0.2575945034317872, 0.0672861716797733, 0.49123627387097446, 0.18388305101746516]"
14058,43.796533089445866,539584.7736244246,"[0.6902396453280351, 0.08769970687738156, 0.14143190864233493, 0.08062873915224848]"
3866,919.3339022918884,983452.3842541858,"[0.25715636646615253, 0.13204140143306817, 0.46102035743762465, 0.14978187466315443]"
12553,720.6149096796092,872860.059549662,"[0.10918502237506172, 0.10954247501125791, 0.21486857706383686, 0.5664039255498433]"
14778,525.8255795332395,717717.8601959292,"[0.46288770225435116, 0.027164922796650427, 0.29398716015793536, 0.21596021479106314]"
17661,244.6237577788804,655985.2362594028,"[0.26332823141531503, 0.03845206228466661, 0.29066941127799356, 0.4075502950220248]"
6270,219.9188103016224,627633.8827493425,"[0.04046367874379382, 0.004901007024292868, 0.3567150468503194, 0.5979202673815939]"
5152,216.2495710635612,227010.3044281201,"[0.0792018069354694, 0.6739539235872777, 0.2271749759410294, 0.0196692935362235]"
13177,330.8937289769597,465377.83745511953,"[0.2725053603711193, 0.028854194268290213, 0.10774239019907232, 0.5908980551615179]"
1418,678.0525799669849,983913.156614718,"[0.42230721732077625, 0.008483168854223733, 0.3435044060439069, 0.22570520778109296]"
1071,477.41184861458464,755890.0429048042,"[0.2894659259041176, 0.3817669639212159, 0.237137098764072, 0.09163001141059429]"
12540,607.4934384275319,344859.0908805848,"[0.02487509416881335, 0.2942521019961261, 0.04298165195623371, 0.6378911518788268]"
13861,511.27378764689337,372389.6981584738,"[0.0374237641114411, 0.14216832992506326, 0.4728676969563626, 0.34754020900713295]"
10,843.557335074196,731677.4223501782,"[0.2812176671186282, 0.5965169889917767, 0.07039742348678321, 0.05186792040281186]"
7703,594.2623837041301,433500.9880640556,"[0.3926387124410428, 0.3722452756482517, 0.11262815511745988, 0.12248785679324573]"
477,177.95643131955595,255020.29311309932,"[0.025090925779514016, 0.2943305035079042, 0.3686788592211505, 0.31189971149143136]"
13530,946.5022568504488,456360.5068878628,"[0.07231830416719048, 0.713529491924459, 0.19610660708493538, 0.01804559682341513]"
8230,111.08398592693952,666868.3159727335,"[0.38868602973702016, 0.0668785139230748, 0.09170519260335795, 0.45273026373654707]"
17648,473.5753698363053,773180.9875697118,"[0.021491418722921655, 0.053207381798503366, 0.7636169795348989, 0.161684219943676]"
15495,510.1038794660732,569303.3147254274,"[0.24843967499977315, 0.20432397666723698, 0.14158469689851594, 0.40565165143447396]"
17373,138.72784632108264,856334.8104155408,"[0.07175581286166394, 0.5757594464812122, 0.24081567083323555, 0.11166906982388826]"
13553,820.139556064451,408594.0802372355,"[0.05059339038789713, 0.27022016951502686, 0.28751976239424193, 0.39166667770283403]"
19745,859.2642357384549,898989.2801017888,"[0.19108056543162186, 0.08048864391769943, 0.34990043677507415, 0.37853035387560463]"
8235,751.9123972665133,271262.69873874175,"[0.15252754445263622, 0.3047448228302521, 0.5123322759813526, 0.03039535673575902]"
18733,840.2444751842547,690909.333199093,"[0.17937950193333818, 0.42862972499549556, 0.3629732637251481, 0.029017509346018332]"
18095,225.6574252113409,371327.6009773627,"[0.3524490278146115, 0.01013780857380164, 0.20611249866702763, 0.4313006649445592]"
7009,518.9767680605371,354203.9969982525,"[0.5490625537293925, 0.3291451583431471, 0.09714232488219283, 0.024649963045267745]"
10791,942.5040404665816,478475.18562243297,"[0.6171329884454718, 0.15217243425041505, 0.20019388368977264, 0.030500693614340508]"
2212,820.2517656799727,970444.7534891346,"[0.6652840270092165, 0.20038195092449357, 0.023353743896622616, 0.11098027816966737]"
2148,834.9624213119433,551118.5526688206,"[0.04910266570337341, 0.5077923653844195, 0.08837476847173888, 0.35473020044046816]"
13413,376.45047516331647,981857.557423284,"[0.30340685455461924, 0.11257697816678627, 0.2581579435758352, 0.3258582237027593]"
7959,741.1202377866884,698210.4562099854,"[0.3639451332666106, 0.25983906009709823, 0.14727330931770194, 0.2289424973185892]"
17543,580.3133619973715,154213.02034822004,"[0.3270337967095804, 0.275225299880561, 0.26377331403948967, 0.13396758937036884]"
6041,311.47487810297,647238.621522162,"[0.22143822068640098, 0.013462757073653442, 0.37849110759087684, 0.3866079146490687]"
8961,244.4962832447968,301760.0244409785,"[0.6015498527428954, 0.1566723422221059, 0.11485159018885277, 0.12692621484614608]"
1124,454.1331886267955,980136.8174804292,"[0.08182919711245312, 0.01548899911409526, 0.6898634408163608, 0.21281836295709083]"
14499,641.7027816914756,325090.4908883006,"[0.262587227469143, 0.1856421641979419, 0.06496609119208853, 0.4868045171408265]"
7362,26.34628466522931,426873.2642236925,"[0.2785693671283152, 0.33617317546259007, 0.3851520515579711, 0.00010540585112337654]"
19758,167.1085790146929,400501.0127818832,"[0.1540153644699504, 0.21602620330167877, 0.07568894519774418, 0.5542694870306266]"
10675,399.3799823273738,817869.1658562563,"[0.11415021533111554, 0.18062999662331344, 0.48928732391110014, 0.21593246413447087]"
14461,111.0061458275218,138726.52676734034,"[0.0379482951393893, 0.6829905764057487, 0.060604870314424894, 0.21845625814043715]"
18281,383.331863003798,887503.7925135175,"[0.608436085583775, 0.07790208443170908, 0.2783383364542774, 0.03532349353023849]"
16755,735.5670157684508,237266.68286591,"[0.160263879315471, 0.49044263238105945, 0.11611632700294489, 0.23317716130052465]"
14582,581.100175235697,345802.5707977611,"[0.05567401247989358, 0.1160393600383149, 0.41850975239093735, 0.4097768750908542]"
12078,125.76149592505313,581352.0556248454,"[0.340653798241271, 0.053491316530495124, 0.13413074316219806, 0.47172414206603597]"
5125,186.66697651013564,248198.9201007799,"[0.25549997414727754, 0.19494532527093755, 0.4845205482677588, 0.06503415231402603]"
12365,848.5850670930896,120473.87839579902,"[0.49891328486077746, 0.049879134960742366, 0.37558556294567974, 0.0756220172328005]"
3061,527.0158121076665,932940.9105351028,"[0.5593068550285657, 0.061398472843884125, 0.26930287153595056, 0.10999180059159966]"
13943,736.8947596517019,764218.5571141151,"[0.22892176143320436, 0.5132463091744052, 0.21729899983460726, 0.04053292955778319]"
12401,818.6134012560044,211279.7201156436,"[0.18004645863701504, 0.4257112493120586, 0.006716277558176996, 0.3875260144927493]"
975,268.3089280533682,857886.7617301753,"[0.4231098475827492, 0.008501089767064741, 0.17008708141894674, 0.39830198123123917]"
18474,294.5959192704668,386139.1987225681,"[0.40076068939653936, 0.1634101163054278, 0.16826123315085342, 0.26756796114717935]"
7500,786.2631356087853,668843.6598237109,"[0.03660301280582, 0.35855276005064424, 0.05741318329275105, 0.5474310438507847]"
9098,127.18053872463722,994828.8346887076,"[0.3569409948462773, 0.15803148442429954, 0.3083780620240801, 0.1766494587053431]"
16464,656.977588773118,667338.6781438175,"[0.12821460469165868, 0.08719967365528734, 0.06836747452259677, 0.7162182471304573]"
8756,463.0068680802058,508580.2503173713,"[0.1404013983002152, 0.15049260831901579, 0.47686145532888347, 0.23224453805188544]"
19118,639.6620166051092,621615.9370251733,"[0.16324084464791438, 0.6363697436978665, 0.13341559834387073, 0.06697381331034839]"
19163,32.388500911381655,741194.0222855117,"[0.29150209792018683, 0.10847623147631615, 0.37931612221851946, 0.22070554838497758]"
14998,66.70791346293818,642576.8745193633,"[0.21176685821751143, 0.378086569203928, 0.1846595968751379, 0.22548697570342272]"
6423,38.63437575983548,855934.1913517715,"[0.26446158382641216, 0.36022200013416955, 0.018765299342422517, 0.3565511166969958]"
11639,775.4359213281607,617994.6218630623,"[0.4298939244759, 0.33296085031263706, 0.09465228830080602, 0.14249293691065693]"
13554,696.6599370658081,458731.3512725966,"[0.16659135055438692, 0.41131324131451485, 0.13594415612791105, 0.28615125200318714]"
4447,78.42032483357606,783825.1909942275,"[0.3590220483861428, 0.44357207256679176, 0.13894734555570487, 0.05845853349136044]"
19142,678.7117677344283,423427.2335851279,"[0.25903819553691665, 0.10718599069336458, 0.13526628120298445, 0.4985095325667344]"
9543,130.30577682293963,894651.1621074227,"[0.446292625091272, 0.061730194973173454, 0.1357632740508712, 0.35621390588468343]"
18053,841.5182716817562,226420.3834173109,"[0.44705321157575584, 0.05815327891515943, 0.3759981241708513, 0.11879538533823335]"
13665,97.99895498676544,565209.6975002491,"[0.4941654446692589, 0.0027689272305440236, 0.22028272577867963, 0.28278290232151754]"
11768,780.5863095560982,634352.8244186884,"[0.02689297024010211, 0.19808896527705636, 0.7095474916684136, 0.06547057281442797]"
12061,521.0523638600141,406035.20830261154,"[0.0745100928786352, 0.223241376559089, 0.31692962608084335, 0.38531890448143247]"
12314,537.897720995502,872047.9770294052,"[0.11549630797466137, 0.1489991292615276, 0.5598002224693827, 0.17570434029442827]"
2791,665.0977123921854,513518.4482193556,"[0.0021832748783269635, 0.3688189996265411, 0.3825439430540019, 0.24645378244113017]"
10592,852.9959464368745,570896.7414435794,"[0.30792747844411317, 0.1584417491778337, 0.3839344994079363, 0.14969627297011684]"
1361,525.9726144421724,477274.64156184334,"[0.40500854872499387, 0.27198130509573565, 0.0015069955163461806, 0.3215031506629244]"
6692,841.1461089450786,442713.96769804246,"[0.02579037521545088, 0.16803563425002271, 0.7831207890179686, 0.02305320151655797]"
4580,939.5754098870152,311392.681637399,"[0.7526855716331015, 0.15000258433390604, 0.06964707227630348, 0.02766477175668894]"
18345,286.9714254613144,872034.9018073283,"[0.47011720101012927, 0.09346448545422956, 0.19259794877453154, 0.24382036476110955]"
10481,185.9195974496421,422105.80892635125,"[0.05238262284436037, 0.15139517238002284, 0.5688287654264199, 0.2273934393491969]"
8208,689.1847198467265,500530.1827029656,"[0.05816381849193594, 0.3093476093630616, 0.2962660976251706, 0.3362224745198317]"
8663,103.98635130546204,376425.95139910496,"[0.7948271052478434, 0.009272745691313507, 0.10293222210111899, 0.09296792695972403]"
5577,272.11272291160066,848851.2898634297,"[0.2070108034213304, 0.6555455879875787, 0.009359900147955014, 0.12808370844313594]"
6540,225.3293753107196,494082.8064369762,"[0.013609593332516219, 0.1444543035335234, 0.821102761977383, 0.02083334115657744]"
9355,139.31100966132232,631518.1722979093,"[0.18480930504766682, 0.2780532793143681, 0.21469606725674684, 0.32244134838121824]"
11319,772.2088344948495,441794.7199018826,"[0.4303932182053978, 0.31226184504839277, 0.10411881662241222, 0.15322612012379724]"
18838,616.39562447266,172934.80358744686,"[0.28348068222389183, 0.34535997142239255, 0.12363060029196479, 0.24752874606175068]"
16123,412.4925166118337,388231.23961706896,"[0.08660889850694582, 0.08211699871132117, 0.22670171051207635, 0.6045723922696568]"
728,913.0725819258188,683377.876775,"[0.3468542375502487, 0.1476444346667207, 0.13422777594335275, 0.37127355183967775]"
4242,869.3345465812724,309476.6111916988,"[0.3213707404583231, 0.17920153545501627, 0.1817839184044414, 0.31764380568221917]"
5537,722.2426430048783,289974.2795114103,"[0.435284806606898, 0.11145965726186033, 0.2883813723226046, 0.16487416380863715]"
5130,243.28762073008548,505602.8446266198,"[0.003849364084676808, 0.1336592108642664, 0.24234718402411834, 0.6201442410269384]"
13865,215.20473488103383,712116.5641457634,"[0.12993840193044764, 0.02602825578982592, 0.18041399567004607, 0.6636193466096805]"
12929,22.645271125717024,195724.52580455705,"[0.10682746727004784, 0.250123155375187, 0.11339400579494557, 0.5296553715598196]"
19447,845.8807910515542,715247.4462271185,"[0.17129430346103622, 0.029044072561378396, 0.7883431869258221, 0.011318437051763325]"
800,703.0353603624379,315615.7885827399,"[0.004200442062011104, 0.4303644386285117, 0.17893811399026496, 0.3864970053192123]"
4944,990.3205609644332,485087.4416750991,"[0.10586701759997888, 0.3278374800609991, 0.2685888002228849, 0.29770670211613703]"
2160,383.6509652037026,257562.16134669704,"[0.06053157723742783, 0.07531664825076258, 0.2558476647791011, 0.6083041097327085]"
1013,329.56188110337337,209688.1827117792,"[0.431557058101926, 0.030691892809653447, 0.3706736254298816, 0.1670774236585389]"
4292,202.36653313761573,403434.8087153805,"[0.10526585385077751, 0.20717571579832317, 0.5150426832382252, 0.17251574711267412]"
13843,976.770771681568,499454.812987761,"[0.03934092517491895, 0.3895012895561893, 0.5437306958834996, 0.027427089385391984]"
10553,208.02000644964355,221413.73821414693,"[0.14165916002758216, 0.444220100316918, 0.3069825058117382, 0.10713823384376164]"
2388,72.73544650677516,352165.9625175593,"[0.0055087740478936215, 0.09282081740870358, 0.3522338021551065, 0.5494366063882963]"
16182,881.7761728325349,734162.8347283325,"[0.146665816598457, 0.3703241610521036, 0.47909304253084656, 0.003916979818592841]"
14360,32.73331628208486,687189.2254444911,"[0.16052733953432197, 0.03182503968351823, 0.5193671354945044, 0.2882804852876554]"
13486,482.6221185130989,146414.57989924343,"[0.12563304877245043, 0.5156834370757235, 0.28658199880118074, 0.07210151535064552]"
8167,246.84071605103,637206.1296453376,"[0.3712771385161682, 0.0911084196211979, 0.10934666653970886, 0.428267775322925]"
10144,422.2598408055089,336367.025202448,"[0.20898078796231254, 0.09997010465762997, 0.43734741472754646, 0.2537016926525111]"
3067,449.3574825602453,649083.9523430159,"[0.0051020932598634565, 0.6451540872577457, 0.28536320346687216, 0.0643806160155186]"
9177,654.9477908410564,762309.4921044395,"[0.2920476632262707, 0.1017371846023078, 0.4495037783866569, 0.15671137378476466]"
6326,132.47581412318675,120621.20503077586,"[0.12084834354526765, 0.011609235827660878, 0.22530554922716922, 0.6422368713999022]"
1919,128.7041886188286,447970.32361446816,"[0.4748404920027568, 0.08137326804027686, 0.2267124142265251, 0.21707382573044126]"
5583,85.82183502311841,389405.9214403747,"[0.06384788399380885, 0.8169776165473941, 0.018800243043094186, 0.10037425641570283]"
10569,262.6922781806329,865700.9297032261,"[0.21703961549426729, 0.5353841723428656, 0.1414861645525653, 0.10609004761030176]"
13709,664.1115193273716,720562.053671354,"[0.4106739012187237, 0.21657354133726567, 0.2049368394519246, 0.167815717992086]"
14013,968.2013193239144,730170.5446098564,"[0.3918264637815092, 0.14040699098519505, 0.3951155201385315, 0.07265102509476416]"
16647,993.9718202756396,771242.0275846622,"[0.6402480569171253, 0.12311707132499052, 0.20033390391647604, 0.03630096784140813]"
10370,316.4509441024025,149389.2718664285,"[0.3651579652504958, 0.2788174611466449, 0.17898419832350113, 0.17704037527935812]"
8095,745.3644350923213,858547.0080960525,"[0.004153661679116131, 0.2428413916164715, 0.3553601194171354, 0.39764482728727685]"
3961,759.7942629030305,401530.9984354031,"[0.19589256715510728, 0.12284963222449093, 0.4019984862609361, 0.27925931435946566]"
17348,755.2078374018132,434910.4062666855,"[0.3266076559433028, 0.2010526072209786, 0.09798102765421601, 0.3743587091815023]"
12209,827.0630530867226,457391.1887526474,"[0.24759398010318415, 0.022743933141648628, 0.09881823176116247, 0.6308438549940047]"
225,342.3437916373993,678758.7489965813,"[0.11413912421191774, 0.45573627244922027, 0.051252604779961825, 0.3788719985589002]"
7481,468.1056308874954,753921.2400341101,"[0.24922248035337952, 0.23382233970079894, 0.04085883694442325, 0.47609634300139825]"
18787,327.75316992244825,494350.19776749343,"[0.48799709799997465, 0.18005118892504426, 0.24805957958266037, 0.08389213349232072]"
19059,923.821700269965,672352.0050979998,"[0.5135039165424827, 0.09160913832415962, 0.1535264356798368, 0.24136050945352094]"
114,989.114989294564,427405.8064801901,"[0.3030438879843661, 0.15355825252933197, 0.1716368541325118, 0.37176100535379003]"
1905,487.58807601747446,255114.5681929704,"[0.2713350615230996, 0.15244695633233585, 0.11750015200389398, 0.4587178301406706]"
13154,228.10575389746305,862236.598820515,"[0.2492854176094331, 0.2509554464042208, 0.3411180008635487, 0.15864113512279754]"
17169,409.334212415575,659278.7586725862,"[0.5325088994353109, 0.0170085471496564, 0.38359080381044514, 0.06689174960458753]"
1429,521.2198394349979,773234.2658233987,"[0.6983976517035554, 0.1298993676504074, 0.07696087680379546, 0.09474210384224176]"
4734,41.74489590368496,589122.3028816989,"[0.2085922380853275, 0.4782260048267001, 0.023361641957384032, 0.2898201151305883]"
6138,825.4381928078508,551105.7164508513,"[0.41754732938354494, 0.036072175352209225, 0.20895388294123715, 0.33742661232300863]"
8116,845.3977215242154,953558.2799910916,"[0.22221102108437632, 0.24585377845318296, 0.45482804429265183, 0.07710715616978894]"
829,896.7575424682684,237102.86548539225,"[0.7323530197666924, 0.14643417377482396, 0.09693700836636411, 0.024275798092119473]"
15875,248.74846009752773,803532.536304639,"[0.16962475238015493, 0.6516688454257399, 0.015038105610160698, 0.16366829658394438]"
5715,856.0476707748833,821015.2435924575,"[0.09248338426670691, 0.16478952234823965, 0.6453967615395079, 0.0973303318455457]"
10787,619.8984407945518,360920.03133253474,"[0.3178077967246723, 0.2749937200148119, 0.18606171836417815, 0.22113676489633752]"
13509,145.82735733463952,780625.7327997132,"[0.6037027224962462, 0.2026989554731699, 0.051882435015397584, 0.14171588701518606]"
11154,817.1941902271046,909992.8563681868,"[0.05678574816993883, 0.050480772175912715, 0.8492483887872336, 0.04348509086691462]"
15246,411.31639275731993,689567.2010045253,"[0.6312657094942398, 0.08557298375104941, 0.22736328955300814, 0.055798017201702646]"
4916,651.0824181550114,187913.1897563972,"[0.4538328391838871, 0.08540713824649356, 0.3245152217802137, 0.1362448007894056]"
59,975.2090065978026,692966.9947225789,"[0.028239388358980752, 0.40340783931873214, 0.29684415231730427, 0.27150862000498277]"
19495,519.2025522500983,969406.1794234517,"[0.004601457573608232, 0.22883156833956703, 0.5361086823295202, 0.23045829175730442]"
926,193.5281513709867,768362.4660640528,"[0.4068310748720455, 0.1817267220886196, 0.1033203268189449, 0.30812187622039]"
739,479.8524733019773,493800.8443707472,"[0.4045355575540756, 0.08705115665927238, 0.37422575501149247, 0.1341875307751596]"
18493,534.912156437351,348551.0733289934,"[0.49826133056018684, 0.3350624049354445, 0.16274829582993067, 0.0039279686744379105]"
18736,852.8041845758726,259255.61159732813,"[0.2449885465969727, 0.392170220025756, 0.2683923535503091, 0.09444887982696222]"
13658,386.1159919213919,310807.72133652994,"[0.10624183805632646, 0.46885272558223695, 0.17819356394636135, 0.2467118724150752]"
19532,504.56825839312825,659714.1809814355,"[0.11354333866472546, 0.315643450330513, 0.12160432726074683, 0.4492088837440146]"
13657,588.4276994832329,928222.6085305316,"[0.39675101676876484, 0.06315310818733876, 0.2121535395703303, 0.3279423354735661]"
18703,928.445046677212,189923.3962086056,"[0.5073003136801679, 0.30214925740227705, 0.1393672810326675, 0.051183147884887724]"
9715,794.1599346368109,888204.5136933933,"[0.15383105237049213, 0.08400137762667154, 0.270723116085603, 0.4914444539172333]"
16231,108.54772711289324,276472.767542057,"[0.38542500925059403, 0.018901755929639327, 0.5317282839315252, 0.06394495088824152]"
1038,433.1555069856069,592297.175703891,"[0.20961700837720318, 0.3441976312917983, 0.2707098683089859, 0.17547549202201268]"
2263,534.7979590522448,490389.74578544206,"[0.7344646410649894, 0.0037893042971838143, 0.1372314266381059, 0.12451462799972088]"
7076,170.24706522279217,355636.7103545059,"[0.6596333479883012, 0.05933899734254184, 0.17790150653146025, 0.10312614813769669]"
4702,264.1196088518907,816216.2792012836,"[0.06082503760273369, 0.6372594570530506, 0.04709490241693334, 0.25482060292728215]"
1457,797.0358853007032,728111.2160687345,"[0.0628141526317881, 0.4995606145587956, 0.26539899249578663, 0.17222624031362968]"
12632,134.49171449132518,453711.9350300927,"[0.07061305766286559, 0.30685052760783793, 0.2699440472246273, 0.3525923675046692]"
10199,636.1657089340463,732811.666237611,"[0.1383080824326421, 0.38249206775040534, 0.04589707860903332, 0.4333027712079192]"
124,105.8373598095378,945175.4084039066,"[0.033695781206719344, 0.44497812344034177, 0.46348982643397113, 0.057836268918967815]"
4035,54.54650643896784,556379.723202752,"[0.2810574972951818, 0.206507040813923, 0.08296742192608554, 0.42946803996480976]"
9696,111.5164454455318,904935.108564331,"[0.1607237292523808, 0.2805976148460293, 0.36632382170377215, 0.19235483419781785]"
15540,827.8123710153186,870347.9200905359,"[0.0007845122019396397, 0.28027559999446955, 0.5140004216327915, 0.20493946617079944]"
15115,64.82327417202936,329100.1592565038,"[0.11159741656365699, 0.33813577446652415, 0.11757815982299559, 0.4326886491468232]"
4980,312.3201512955847,805132.8458006755,"[0.09545265930985729, 0.08016037839668383, 0.30078301762722687, 0.5236039446662321]"
1075,384.053940123348,861270.62226737,"[0.1252297735458272, 0.30459743193279515, 0.01927491759725813, 0.5508978769241194]"
17021,862.271506714327,989652.6011886986,"[0.4891993319859938, 0.41837025469391753, 0.015713868130285254, 0.0767165451898035]"
16853,514.7995861202896,232339.91596823125,"[0.5324898646255687, 0.17883530836816605, 0.17470170289785664, 0.11397312410840857]"
7993,699.8466930376737,246602.85784208425,"[0.6067951832044628, 0.26520006385922, 0.020739376631848327, 0.10726537630446893]"
189,594.8785655401908,160429.31011918414,"[0.5279272676450976, 0.06375730332419548, 0.2180955889069257, 0.19021984012378124]"
11383,871.470848384233,101513.6760084942,"[0.17966381188519506, 0.507200291726884, 0.10526277915987078, 0.2078731172280502]"
11389,569.0869695746253,242200.24052871528,"[0.1061426945615641, 0.09051167854898312, 0.1585487448315387, 0.6447968820579142]"
293,828.4170355963364,252097.29448754896,"[0.007747881734601956, 0.14457312493708083, 0.803948087980642, 0.04373090534767524]"
5667,893.9098410569005,890590.7199545549,"[0.3328060262179112, 0.09499812189501734, 0.19118769567482402, 0.3810081562122473]"
14052,838.2621791059837,902748.4978469524,"[0.36043437120696287, 0.19826691698651633, 0.22666652862367537, 0.21463218318284533]"
7020,737.5217484302073,604770.1853495416,"[0.122894085786851, 0.0028282702801044066, 0.08120600368221488, 0.7930716402508299]"
7562,160.161390609859,216503.92849423303,"[0.3389890950968916, 0.30390796301360257, 0.05185222927978393, 0.30525071260972175]"
14681,833.0503227628553,822404.9807993257,"[0.6309148725927082, 0.01414865009940146, 0.23858735719475888, 0.11634912011313135]"
7426,877.2247194463811,873421.4938812183,"[0.537478785954725, 0.21324939216016922, 0.20321500622376226, 0.046056815661343585]"
4682,750.964327386576,223590.0476500092,"[0.2509942490543456, 0.30500816584349605, 0.1632238865466742, 0.2807736985554841]"
13371,356.3278540235853,199359.622456211,"[0.023708608007991034, 0.2719937022930085, 0.2518260485670507, 0.45247164113194965]"
1568,817.6764798873315,735595.4295945753,"[0.03061699023107094, 0.7505081744304526, 0.20798774952730897, 0.01088708581116762]"
11176,121.31151483347452,843170.6591903483,"[0.106172666744571, 0.05102319145442634, 0.21796893042050264, 0.6248352113805]"
15454,217.99804175398592,768152.2938160142,"[0.18448155053990462, 0.22060276845881413, 0.5512404471178458, 0.043675233883435485]"
11846,561.498747647337,563574.9390050087,"[0.054450431759414705, 0.24752782080261235, 0.11509598049814009, 0.5829257669398328]"
8368,894.2069054780964,485573.1288742729,"[0.3815274649515089, 0.4311734607094789, 0.15329532087247583, 0.03400375346653641]"
18824,649.3511259362585,966055.912503701,"[0.05828694712170977, 0.016517918247871605, 0.8537279656196628, 0.07146716901075596]"
12004,128.23634358874057,627503.4641399675,"[0.7611217525125084, 0.060369960553801116, 0.009292395803409622, 0.16921589113028088]"
17762,247.90761753643133,156223.51655264327,"[0.13738011781757573, 0.652370569720749, 0.008984613611624037, 0.20126469885005135]"
18265,597.3651276589153,691870.3212339068,"[0.0905804758374214, 0.20239688784659499, 0.35723253443971614, 0.3497901018762673]"
3405,421.6161337962346,900406.8980538641,"[0.018236714786117842, 0.26554402060691085, 0.12677677873034504, 0.5894424858766263]"
13840,855.6597606408669,116640.99669097977,"[0.5856294739888264, 0.11327597909911626, 0.14864354666187124, 0.15245100025018615]"
5558,50.59326893033185,932252.0038493434,"[0.09234850341206806, 0.035582771241037175, 0.3362615022377491, 0.5358072231091456]"
12731,612.3231920009791,488694.4541397624,"[0.16531007362696246, 0.060965574780653266, 0.7045854996555777, 0.06913885193680658]"
16867,712.231785192727,767241.9701605682,"[0.196550320583639, 0.14083984229559052, 0.022802207639683263, 0.6398076294810872]"
19433,242.4548776999986,451177.25084039685,"[0.13169858103626012, 0.003744501207082489, 0.08903277128066064, 0.7755241464759969]"
4433,453.1541025480836,762676.3714240149,"[0.06023179965263708, 0.17722417256828527, 0.3377853363995028, 0.4247586913795747]"
11240,99.9412083566359,815890.0330962568,"[0.8084456418679054, 0.00548486157391515, 0.01071219769862205, 0.17535729885955748]"
14000,425.2721616730639,132100.7228646743,"[0.6020023567589704, 0.05253364240794879, 0.18906030622098707, 0.15640369461209377]"
1226,43.74211094116897,186236.5156887993,"[0.2373832776504302, 0.04657922096441933, 0.0054951004612248345, 0.7105424009239256]"
16197,348.3736871126117,173287.3390972232,"[0.021217518134152027, 0.08175194894848621, 0.4744172714909927, 0.4226132614263692]"
18840,248.63439810197173,479730.2222343845,"[0.05012344893016748, 0.2727521155859606, 0.3931493505305334, 0.2839750849533386]"
17634,200.04550563385035,746237.3474913291,"[0.04529328759949557, 0.2917236903042989, 0.46828988638818003, 0.19469313570802552]"
9430,391.68144987786985,640783.4556042842,"[0.06700778322515624, 0.24989650081199172, 0.10287510174475065, 0.5802206142181016]"
5615,814.2272687381704,576559.2284825718,"[0.16553627932142806, 0.3874160562347417, 0.08143458180662676, 0.36561308263720355]"
2609,607.1618707235191,384600.7905752464,"[0.013308754503104526, 0.8825654449177962, 0.08609008215254724, 0.01803571842655229]"
2350,545.6471658988278,945574.8172605714,"[0.27862188576708935, 0.31422744540735414, 0.007561296977336376, 0.39958937184822013]"
17244,109.2434986993552,689556.9936909911,"[0.2826142789228609, 0.24217543658769883, 0.12784139035117026, 0.34736889413827]"
11011,566.3099498127281,833776.4748040099,"[0.20652471157041496, 0.43157205814765526, 0.19715243438537386, 0.16475079589655586]"
8709,922.9186451584368,889789.0630615617,"[0.42339098921773527, 0.17134387301711734, 0.3926307324746464, 0.0126344052905009]"
5969,489.3694601743508,578912.1505288959,"[0.2705951532420669, 0.07507611601674254, 0.2440423607000276, 0.4102863700411629]"
4603,551.50851386923,357368.7243128822,"[0.10291244419104618, 0.13384267665682267, 0.6711045538556423, 0.09214032529648879]"
878,442.5926240186759,789908.1582666596,"[0.185144412381212, 0.2346763115351394, 0.11165988220086964, 0.4685193938827789]"
13645,666.2603044545689,400643.9899219907,"[0.21371775482628083, 0.35051829923160444, 0.1683050083469369, 0.26745893759517786]"
17044,99.84036686081596,715742.1278101836,"[0.16245652639982494, 0.4639923264028166, 0.3352103269310018, 0.03834082026635671]"
10574,99.04877716122844,582489.494496519,"[0.6121136611086018, 0.07379141643120317, 0.14167703543731158, 0.17241788702288333]"
17456,292.9560032993565,649229.1748773399,"[0.35044222484427723, 0.5707552900051159, 0.04161556397076125, 0.037186921179845435]"
2426,326.5159694700512,353790.4505986565,"[0.33796537333618987, 0.3142717828332922, 0.34663584706597683, 0.00112699676454117]"
15185,144.78015240638197,385558.9617470484,"[0.36709677406076047, 0.05977063504261436, 0.020515503388649277, 0.5526170875079759]"
8373,10.49000317963187,902811.6133438656,"[0.2774327501096704, 0.1058988255874386, 0.1911093584824055, 0.4255590658204856]"
10905,591.0777820158874,814965.5776870634,"[0.7288039602783337, 0.08669560120560085, 0.17013834482154302, 0.014362093694522276]"
19931,765.3954170514387,956171.6781486658,"[0.5833516415615955, 0.18513235794898553, 0.04038073173712677, 0.19113526875229203]"
6268,422.00111243749296,829184.4576404935,"[0.008125633618054642, 0.4540156804287627, 0.10106702868756688, 0.43679165726561575]"
11737,15.310646035020694,721583.6344689623,"[0.17724750883787252, 0.6175856343185083, 0.056876355780066626, 0.14829050106355263]"
4875,782.5150195121261,844104.1149103462,"[0.6655333349467293, 0.16180976037565745, 0.07267679823260347, 0.09998010644500975]"
17863,262.30603953631453,523527.1034664621,"[0.396152665675132, 0.06106005527404042, 0.3302618399182096, 0.2125254391326179]"
16365,746.7759864353127,762630.8745344592,"[0.5030785964565836, 0.20438284600356174, 0.11782765205319712, 0.17471090548665755]"
6175,206.97729469311383,877846.4109937063,"[0.23530517688644106, 0.10813877543729863, 0.014276850501093556, 0.6422791971751668]"
14881,506.2860674277029,616986.8097859009,"[0.631710649239313, 0.16550390301226275, 0.029947618390426294, 0.17283782935799805]"
6124,211.96754065632115,485807.5878057697,"[0.12779301706564264, 0.19845750943670135, 0.21255788305058604, 0.4611915904470701]"
8310,767.6204551906505,696122.2033753324,"[0.18197774223211707, 0.30863328934387474, 0.36928965338903963, 0.1400993150349685]"
19832,902.753136929884,385860.5618116168,"[0.45736922758172843, 0.07021533931279482, 0.37368903094245826, 0.09872640216301856]"
7467,59.16911424239369,978297.3114162952,"[0.19632904392670042, 0.10250130146921456, 0.25073525384690837, 0.4504344007571765]"
2310,937.8770674682733,803857.2869374282,"[0.4028069864461662, 0.2430752104125234, 0.13694145579737219, 0.2171763473439383]"
18041,216.68750151734503,930210.0065435676,"[0.5331357326487755, 0.18418437863867962, 0.06531752789176189, 0.217362360820783]"
16205,613.4928298900822,917721.0692886552,"[0.0712680599852013, 0.39968844957468336, 0.44485744185929355, 0.08418604858082179]"
14524,204.16754975146583,613125.6860535037,"[0.030553227338442644, 0.3701215933753033, 0.09074112684672678, 0.5085840524395273]"
19670,836.4823412072565,369197.5422779794,"[0.007544058037950961, 0.09159425554654815, 0.31306214255097725, 0.5877995438645235]"
17658,760.6362447147638,809489.6148782843,"[0.6236669725174674, 0.07678508847526738, 0.23854045160365933, 0.06100748740360602]"
10265,407.1251624355427,371080.99708479847,"[0.053234317841544594, 0.11732103549486472, 0.5197540479819267, 0.3096905986816639]"
12200,514.4728687870399,368738.8275367775,"[0.4420123783051883, 0.22356058964000866, 0.05301363537886023, 0.28141339667594284]"
4762,852.6761219086518,783373.7285727985,"[0.22117660249132995, 0.1301051894098326, 0.3891376922807299, 0.25958051581810754]"
13893,600.70912744305,766835.0943317057,"[0.17063166898320073, 0.17251278642659557, 0.24728683092258288, 0.40956871366762077]"
5211,651.9590698915538,349607.9924257647,"[0.09135984703375759, 0.532087259288353, 0.13607665704957936, 0.24047623662831003]"
1909,557.4106818975079,892370.882666172,"[0.3395456614630494, 0.12809305450720948, 0.22879023406818053, 0.3035710499615607]"
9905,544.466006409904,466023.7648018151,"[0.1882738676034431, 0.180219371394871, 0.2968718739536189, 0.33463488704806693]"
8009,115.59513192683444,875025.4671611767,"[0.07110401749113202, 0.28540994257678853, 0.3800349501603271, 0.26345108977175213]"
6228,910.8293154087166,757808.7850230157,"[0.5455681718648212, 0.07031023003434332, 0.3439699545620864, 0.04015164353874907]"
11631,997.903720906366,626301.126767149,"[0.0113180036037924, 0.09614950572548894, 0.17565887030171165, 0.7168736203690071]"
52,58.60728288855581,738693.0349650703,"[0.6434826861764099, 0.1810423506708578, 0.12975555551462312, 0.04571940763810926]"
9845,19.5651904622136,111684.3814723492,"[0.2910675130514467, 0.46675248800745606, 0.030008117294774966, 0.21217188164632245]"
16703,513.3009008753854,679622.079244309,"[0.025280551554491743, 0.1809593662530489, 0.34069782639849383, 0.4530622557939654]"
5237,728.727523780158,353582.01693041774,"[0.16294529914319236, 0.5014669395131396, 0.24549935438706016, 0.09008840695660794]"
8331,579.9295014215234,135514.94225228485,"[0.15300444385984416, 0.13713350151155393, 0.6627730850191959, 0.047088969609406034]"
13687,149.83520868357573,649985.8857470258,"[0.02570154196111017, 0.6779737750903315, 0.14479664988450558, 0.15152803306405285]"
16156,240.50698830669944,978320.3417051192,"[0.36206846849135127, 0.22411883739670002, 0.2545116845635128, 0.1593010095484359]"
16699,96.35679995761286,713602.5113347102,"[0.047496161089371235, 0.2139113072699653, 0.09205039168204891, 0.6465421399586146]"
5095,443.49497996705617,602498.6769880794,"[0.37958812451002927, 0.29383210480875965, 0.09538410498221803, 0.23119566569899316]"
16383,634.3437514271823,539487.8266020799,"[0.06028442457740044, 0.08342473442031338, 0.7274809564376123, 0.12880988456467388]"
14595,176.71031790716006,236056.5454781792,"[0.24047308761674965, 0.6567702503802344, 0.05633903328248334, 0.046417628720532456]"
3487,90.94892738987052,351786.5488506127,"[0.41318521588007734, 0.22325138230507463, 0.018440830698921336, 0.3451225711159267]"
18702,321.26284795500027,167669.1083035317,"[0.07304327060756612, 0.05874424997809402, 0.5132787465650516, 0.35493373284928825]"
11696,179.13244630283444,951744.7974602692,"[0.3055696798316849, 0.22595204998877394, 0.07692864179797933, 0.3915496283815617]"
1211,10.055452528364262,932315.8203575058,"[0.2323786215725451, 0.07422690551230789, 0.676793678524932, 0.01660079439021507]"
17291,783.4128195391725,642376.8417583972,"[0.4516817890399489, 0.1468103149708434, 0.11516697267565994, 0.2863409233135478]"
12836,705.3773148345667,419114.2999548093,"[0.29098565914922775, 0.10123951445208187, 0.5813618963098788, 0.02641293008881176]"
7850,484.120680369694,404757.0795577004,"[0.12492885679735571, 0.30143540880769837, 0.3676166708873815, 0.20601906350756435]"
10471,193.9597741159092,681128.7616296879,"[0.16648558855873757, 0.3261440123371095, 0.2844893658781077, 0.22288103322604522]"
10004,860.8461223562285,131980.22871668797,"[0.2661595079072489, 0.3194312965157155, 0.30724740904519454, 0.10716178653184108]"
13703,627.9714832175633,441701.29411970655,"[0.11189146885801918, 0.46350018446723296, 0.3071974871028253, 0.11741085957192246]"
7896,655.83130047179,995654.5013426072,"[0.18844630334828932, 0.44842689339294983, 0.19287198319473786, 0.17025482006402295]"
15684,193.6235953366875,343472.4022407936,"[0.04310637025537953, 0.5397840150381441, 0.3726000782380138, 0.0445095364684627]"
7373,564.9702393386697,406723.5283364216,"[0.07602774844343468, 0.4575335405086082, 0.3626445858422113, 0.1037941252057458]"
498,606.2179683368634,797735.4694242006,"[0.7403721743780043, 0.10958114122967048, 0.14377868205706876, 0.006268002335256577]"
1256,29.04682972683108,941387.0285020118,"[0.3862690818263091, 0.05900122539482108, 0.363219350510634, 0.19151034226823593]"
4174,433.70630053841984,706559.5446721563,"[0.0538220751477523, 0.6090676384947813, 0.25430436346835295, 0.08280592288911334]"
8379,321.661783338118,734020.6136475813,"[0.016956004975147834, 0.20829015334629178, 0.6494629911337704, 0.1252908505447899]"
8058,466.4925834244483,655050.1356803996,"[0.2230403578141052, 0.17155248396073655, 0.4493496709979486, 0.15605748722720966]"
2695,477.953605024949,340468.3449364348,"[0.03493885841508738, 0.36423749430034136, 0.3196830118417841, 0.2811406354427872]"
7019,64.56256015995808,623377.9353337253,"[0.14897751847206428, 0.40523875812420423, 0.07213344922354867, 0.3736502741801829]"
5180,733.9780099547421,141497.0659001568,"[0.05261798584094669, 0.1890765874862225, 0.5791090283451918, 0.17919639832763912]"
5138,566.3222970958359,304647.6380456103,"[0.32919765614423163, 0.3963831189381505, 0.2609863219175921, 0.013432903000025934]"
12841,475.5201194636632,922706.3508493564,"[0.00795373504013843, 0.49876059660573535, 0.07478688407450222, 0.4184987842796241]"
4867,398.7488501728084,396417.5481938645,"[0.3631357778806743, 0.3224596007957433, 0.2971197875938763, 0.0172848337297062]"
18755,959.8643970986732,672153.4893686849,"[0.24429336230202867, 0.049354332790190414, 0.23697098427909405, 0.4693813206286868]"
1401,262.0106250554754,178288.11951392936,"[0.19897432981934335, 0.18266580600641916, 0.022023739378067873, 0.5963361247961696]"
11327,955.5573176956888,749248.7117258412,"[0.5984197995257151, 0.2624605733950412, 0.06970290383550289, 0.06941672324374068]"
3488,405.4118460896416,148481.61868842813,"[0.28896242013988255, 0.3586577946797686, 0.26593428562920074, 0.08644549955114791]"
18595,507.3076568201246,360577.5475497616,"[0.33541654966245665, 0.49322019209028456, 0.12226199497623229, 0.04910126327102658]"
4764,992.501315376772,325975.1557916062,"[0.3271902955422603, 0.3053317312165536, 0.006544931630370945, 0.3609330416108151]"
7622,320.8366313038584,488619.78544156766,"[0.0026837064917799493, 0.5877020933544027, 0.26864941621776856, 0.1409647839360489]"
669,348.6381509965082,730133.7112836039,"[0.12878651687636544, 0.2286413892569486, 0.6147699595749887, 0.027802134291697284]"
10571,30.7890586055486,551095.6913239071,"[0.08712368297813661, 0.39749397460076213, 0.08966612742668308, 0.4257162149944181]"
3707,774.1222527812687,220547.4502737963,"[0.26824293281592065, 0.3517885641392707, 0.1966252509531245, 0.1833432520916842]"
18268,921.7089612792688,680286.1523401119,"[0.051547958720085836, 0.1925710092874059, 0.47903208558650484, 0.2768489464060033]"
4733,612.0319857172899,724071.9675120068,"[0.06377652620169681, 0.4718461339431959, 0.2675905243009636, 0.19678681555414357]"
1099,715.7985250051263,405283.7530526121,"[0.08867423432334258, 0.1620058188188536, 0.09081601909695049, 0.6585039277608533]"
14184,569.1642546632738,805912.5651628774,"[0.37278102566983545, 0.10846029676246217, 0.5035168120825947, 0.01524186548510767]"
8585,763.4514136436464,205436.16888023,"[0.05379086258110232, 0.16681626868428878, 0.16393030918719492, 0.615462559547414]"
3862,367.76207021462886,278150.1300504268,"[0.09526893397601607, 0.14643004627314304, 0.6222451822179418, 0.13605583753289902]"
322,447.3271802290408,518921.8431398951,"[0.3813186927238273, 0.5203992848489922, 0.07305892494206655, 0.02522309748511388]"
19947,296.8624370955185,469989.51324883726,"[0.28290711413327246, 0.08315160582139423, 0.478117270620691, 0.1558240094246423]"
19718,846.8581998338324,832694.7967476285,"[0.08160584316107315, 0.31148009756796485, 0.3388166260102393, 0.26809743326072266]"
3793,564.1868321216746,475174.1314613521,"[0.21539019813425914, 0.18456665446007806, 0.5565042491219946, 0.0435388982836682]"
3080,928.7199160777768,756181.5794812796,"[0.3352715595597146, 0.3896289564231356, 0.16088693934014905, 0.11421254467700075]"
14772,301.47446470117416,868655.6130727107,"[0.7493035372130896, 0.09591209770915517, 0.10446666350692695, 0.05031770157082826]"
16546,586.0691351908625,316497.62066052225,"[0.1045878559848298, 0.27157394067950147, 0.47867219069515454, 0.14516601264051415]"
14904,195.76006167922364,332042.1511702598,"[0.43224455036077564, 0.005240140080039739, 0.35947591242429205, 0.20303939713489255]"
7392,491.8090409309637,477318.1141953967,"[0.24574192268417672, 0.2614509755513811, 0.31570599563449875, 0.17710110612994331]"
11842,110.29752551199292,409197.07999677525,"[0.012773796279493455, 0.4321983387530895, 0.2733027872587405, 0.28172507770867655]"
14494,391.72957277892857,307037.6702107369,"[0.15166650986818436, 0.40206741340537644, 0.21347190882648814, 0.23279416789995094]"
17375,419.13684751748406,686518.8439101874,"[0.6148246200442462, 0.14313017895923566, 0.1602833375969817, 0.08176186339953632]"
18870,352.2044962170713,396395.6257310321,"[0.06532672034489179, 0.26810360025698193, 0.26531349835582296, 0.4012561810423033]"
273,911.5354212167924,814578.0115114591,"[0.6976700698692491, 0.0336238486250766, 0.003956859085795767, 0.26474922241987864]"
17524,329.7059776190055,625998.5171248054,"[0.14861687597289291, 0.3642052711381733, 0.08288862791079224, 0.4042892249781416]"
1235,833.0340149707508,200030.1201726241,"[0.3925314213137748, 0.022913456024477537, 0.5821450388733007, 0.002410083788446922]"
9596,355.6181551736057,885642.599562494,"[0.2605564414404741, 0.15273982982023662, 0.45306109757513113, 0.13364263116415825]"
15171,836.9339440086095,217123.97985455103,"[0.09110773831524836, 0.23084897044341288, 0.4911144065952243, 0.18692888464611448]"
16423,569.7008961834492,947358.81369845,"[0.22548769945378958, 0.056911692694270724, 0.025895834274496536, 0.6917047735774431]"
182,54.99650071204194,686507.9073016862,"[0.03513205029575118, 0.23172113324347282, 0.0359180477293538, 0.6972287687314223]"
17865,321.5821842150203,613866.2378015222,"[0.16086826570976726, 0.28425666538927313, 0.27974902114462735, 0.2751260477563323]"
7778,99.7046924843789,348174.8238741986,"[0.4392005244542079, 0.31772022674433764, 0.037261294235447606, 0.20581795456600688]"
10494,732.572714992609,713322.2446064987,"[0.0023105417490615217, 0.08718467443858924, 0.8090687919777748, 0.10143599183457425]"
18911,899.94286445313,774903.5191426364,"[0.05283530051599123, 0.6037575585880394, 0.12433565546310198, 0.21907148543286747]"
11054,128.78262611836652,318521.67621878826,"[0.18471267151621035, 0.21561793516436095, 0.3108103127335918, 0.2888590805858371]"
7981,732.4205971816712,422720.2041750972,"[0.3345395554136165, 0.12639935061807955, 0.20370606141551004, 0.33535503255279403]"
14252,343.68910306685905,864150.8471886031,"[0.01662055318783394, 0.3040573202393557, 0.4719114700639502, 0.20741065650886018]"
9636,597.4352354190382,748562.442912785,"[0.34106513249117554, 0.10537858257216072, 0.3753640502679457, 0.17819223466871797]"
11337,66.71816994909747,704473.0821370961,"[0.15406843175353782, 0.14818681734012779, 0.47473252981413294, 0.22301222109220142]"
6470,478.4426592878922,548504.2946964571,"[0.23935754898609574, 0.10628893961636322, 0.20188908793332463, 0.4524644234642165]"
10177,550.243066793776,355065.0015123036,"[0.017482189787657167, 0.04354604456650656, 0.35421901665029676, 0.5847527489955395]"
14249,882.2269464801365,204501.9264842849,"[0.1291342832168348, 0.7208313905935761, 0.07730851165358307, 0.07272581453600602]"
2120,627.6402550633052,285356.1756486605,"[0.46415182071492467, 0.026339203513348737, 0.0844104054303731, 0.42509857034135345]"
8853,426.9097476088135,931437.5229451288,"[0.020052910492493244, 0.3731825758843326, 0.22758407232473243, 0.3791804412984416]"
17097,732.6058484909327,761997.818022777,"[0.2639598856918709, 0.08159754926844506, 0.5851832650504656, 0.06925929998921852]"
8744,597.8272787413094,950654.986249666,"[0.5503705130784645, 0.29521641760114326, 0.0013057066752218418, 0.1531073626451704]"
368,368.3279497059998,746462.8525329252,"[0.37693698164960304, 0.13121393023933817, 0.34236965234258304, 0.1494794357684757]"
3868,904.102948795422,299485.4978726808,"[0.27529973046011363, 0.09342548171301959, 0.3164723739033167, 0.31480241392355]"
19201,143.18350881024222,174439.6565214804,"[0.6710016137000868, 0.27987253633514675, 0.01081465068354762, 0.03831119928121868]"
4457,455.4683665147781,518158.7769996972,"[0.016166494433674142, 0.06386851172718783, 0.06967058437644538, 0.8502944094626926]"
5624,421.85901419662525,910539.3047084572,"[0.26020263391278337, 0.05909040335327814, 0.03373764485463519, 0.6469693178793032]"
7095,943.9891015390956,846098.2674836395,"[0.13718001295663096, 0.39248460469231816, 0.08987495432809638, 0.3804604280229544]"
13785,21.879980744137576,904051.2416248168,"[0.3841812656265535, 0.10806267371963285, 0.4183996016189984, 0.0893564590348152]"
2274,635.8139075805028,984224.4957033911,"[0.7121574070516501, 0.06136632829324777, 0.029522504263769834, 0.19695376039133253]"
14456,755.6597847920731,336591.8837264889,"[0.26023437972486385, 0.21620326901369735, 0.1276738560861009, 0.39588849517533775]"
15482,641.835026264211,370888.7796770201,"[0.11824596443358583, 0.26517486520443173, 0.021569751189951296, 0.5950094191720312]"
3830,715.9972366585395,419970.74645829527,"[0.010096358705754364, 0.7756789678840451, 0.10645109299889104, 0.10777358041130963]"
13961,842.5824325623496,946981.2815327848,"[0.095635312774256, 0.037710115675783515, 0.03782157921314419, 0.8288329923368163]"
13809,225.51497128455452,430610.7852738536,"[0.2860605186071125, 0.08689791241005387, 0.042220410316386604, 0.584821158666447]"
16723,313.7598371019668,679152.8674499439,"[0.12738913092762633, 0.3458671256955358, 0.32048175226770503, 0.20626199110913288]"
16771,159.51107179284224,415378.8238106585,"[0.0788726355465144, 0.3398192397801792, 0.3123160127981409, 0.2689921118751656]"
19833,742.6617350553806,847636.6904789627,"[0.75828334228441, 0.07617643966311441, 0.12775228765961877, 0.03778793039285689]"
6069,950.544004442492,891038.8029729916,"[0.062427181150090674, 0.0007062067712797343, 0.37680343043997877, 0.560063181638651]"
2654,548.8292781403848,656652.9841003073,"[0.028706843201820507, 0.2646375992162576, 0.01404297721930285, 0.6926125803626192]"
14590,433.9964760351533,460583.126051027,"[0.4322837410001324, 0.1925619555718521, 0.06943859162715385, 0.3057157118008616]"
2657,241.5473515828969,300971.4221477221,"[0.3251220695766635, 0.2007732315254911, 0.06345590233041651, 0.41064879656742903]"
3243,279.9176761236583,904177.7266074067,"[0.3830774692673342, 0.3626281379259884, 0.22534245527744795, 0.02895193752922945]"
383,504.8560515827721,594371.0179566911,"[0.3561855870009965, 0.21130017109135643, 0.2077168525213305, 0.22479738938631633]"
16120,444.524954470021,432373.83959943627,"[0.35999386274320094, 0.04017203214516511, 0.47446559648646974, 0.12536850862516433]"
12777,801.9492385780142,780661.8767717556,"[0.7406636390823661, 0.09414999272174943, 0.15349053785505287, 0.011695830340831517]"
17727,448.0722930616418,344433.1322069408,"[0.1661652280770131, 0.798436108627714, 0.02373369747955581, 0.011664965815717056]"
17530,299.07560028113875,197031.74764017525,"[0.08948803428572287, 0.5374017835536037, 0.26052081942155897, 0.11258936273911443]"
19841,26.656651190351045,863631.1611563915,"[0.764312066718088, 0.05597268765933229, 0.044487150567412356, 0.1352280950551674]"
16425,707.4177901465399,831410.2682491047,"[0.18164270848154002, 0.34794437361093616, 0.3688669000996712, 0.10154601780785268]"
1960,169.90050662056444,355166.9579392463,"[0.11284489299162474, 0.06447625552279483, 0.7026843381723367, 0.11999451331324372]"
17055,265.6289088583869,445127.9938839982,"[0.48617611313483056, 0.2559370021081942, 0.165027595793913, 0.09285928896306231]"
10147,793.118927098396,370056.9463954127,"[0.14653888424220002, 0.5739942325251643, 0.014149394769272626, 0.265317488463363]"
6776,871.587041190292,739081.1957207303,"[0.4254812188501036, 0.12098266068263948, 0.2776587970155835, 0.17587732345167348]"
17230,669.6019147957307,618034.427883235,"[0.19370888294660563, 0.11018856375344158, 0.5020863972510785, 0.1940161560488744]"
14788,635.9225947463244,422660.6062249752,"[0.5400209419718767, 0.19471947341034176, 0.02254317228233325, 0.2427164123354482]"
9667,344.0511543186004,618785.0611393915,"[0.4955226621184966, 0.013939360311337799, 0.0483489448845309, 0.44218903268563464]"
15630,537.0479653774586,503900.8290595948,"[0.035438562239101454, 0.40028002384175065, 0.381713793972393, 0.1825676199467548]"
11044,139.49837156729103,703707.3835655455,"[0.33935533789650535, 0.5236715412297038, 0.07180777213003804, 0.06516534874375264]"
12983,196.35359140733613,324573.3980085014,"[0.27015393485128947, 0.41998552051734733, 0.13796133476806616, 0.1718992098632971]"
2053,779.0536860498396,662605.3786834527,"[0.42093042458022534, 0.20023795809270428, 0.07167323409281902, 0.3071583832342514]"
6249,517.245975444762,316424.0776389125,"[0.08827204636834841, 0.255467173377339, 0.24431323559088775, 0.41194754466342487]"
14941,176.89509182575785,370173.45195354434,"[0.07768603395649949, 0.35700049825354946, 0.05942908994848369, 0.5058843778414673]"
18731,609.2005123630319,546499.8963157943,"[0.4900885871977192, 0.15662727262985593, 0.20558554439103796, 0.14769859578138686]"
10493,644.8755915882184,322830.7966878556,"[0.2744917165317326, 0.1269154115157656, 0.27140683274326977, 0.32718603920923206]"
8997,407.8123798571863,896631.4550916656,"[0.5687779004265198, 0.042350087389591354, 0.10883352397406149, 0.2800384882098273]"
19342,900.7404834440104,410551.88116355456,"[0.09409003730061094, 0.5994431355816889, 0.0603734648930509, 0.24609336222464925]"
11485,711.318260654587,671359.4358095154,"[0.49355124999328304, 0.062426263012766645, 0.40908695861292566, 0.03493552838102453]"
15121,449.4167616932392,735467.1724819238,"[0.1529187545393937, 0.07386376368556581, 0.46877568116029383, 0.3044418006147466]"
19019,886.0904665813625,329063.80965656426,"[0.10567053845091888, 0.4335804201200403, 0.32169790472715437, 0.13905113670188654]"
2220,619.8785405678359,592123.2787513516,"[0.2823426377747462, 0.27177926111835565, 0.1064431738576892, 0.339434927249209]"
7096,100.20033522540948,642363.735842291,"[0.11975122047549569, 0.3867536801758494, 0.03395235197156372, 0.459542747377091]"
19646,520.2943679198931,799725.2641875369,"[0.04971614118183117, 0.0681238268942975, 0.4670879983358519, 0.4150720335880195]"
10230,978.8229919093176,414441.1593440893,"[0.14283595345365246, 0.3766577216343542, 0.0634178660302967, 0.4170884588816967]"
15109,183.50990472483795,884665.5596409254,"[0.912391126580316, 0.00022297153871231494, 0.030251329733274965, 0.0571345721476968]"
6343,785.6848047688998,155152.74335722107,"[0.4775863958278521, 0.33707873037655517, 0.07578797419542362, 0.10954689960016911]"
9147,929.1590053600012,391668.5175915635,"[0.3914838305731544, 0.32297923134874534, 0.20876407828667937, 0.07677285979142087]"
8206,489.346487917698,675209.9911355599,"[0.6155983836385719, 0.025514979451932047, 0.2735921821064031, 0.08529445480309292]"
13125,430.0288637009693,534850.9030154694,"[0.11540568607880829, 0.38323965453345915, 0.2603042264592118, 0.2410504329285206]"
16660,720.6198018964119,811464.4643387822,"[0.5491587231311569, 0.2265663046938704, 0.22196710146400098, 0.0023078707109716787]"
10888,263.90971412049703,977304.0200851744,"[0.0792293972887593, 0.07677791617118357, 0.3020605074187394, 0.5419321791213177]"
2592,236.8601036145245,211892.01464050185,"[0.38288306051399096, 0.24904093682223308, 0.004717411553430451, 0.3633585911103457]"
18827,978.208689998194,986904.800319204,"[0.1748386786172467, 0.1344710572731242, 0.42222117728676467, 0.26846908682286447]"
12379,432.00484226846606,389186.5823560697,"[0.12749329746460955, 0.3772471932830278, 0.2386239676354951, 0.25663554161686775]"
18492,131.61876497070602,363566.4729120152,"[0.08598774106918673, 0.12410974614312079, 0.11724141177260551, 0.6726611010150869]"
7828,615.5769993062072,318590.8353925724,"[0.4268809345731637, 0.33284270720268977, 0.17651634034043717, 0.06376001788370919]"
4204,256.4508824058339,691309.8450943691,"[0.5930997034628646, 0.27238069135414955, 0.12093303896976883, 0.013586566213217056]"
6468,294.33709094247155,961322.1691613948,"[0.47004049544251186, 0.017901145901681723, 0.20638669507118526, 0.30567166358462117]"
3148,236.61711305259405,226012.37687380507,"[0.22549392878074068, 0.26403881372808835, 0.1454731298076277, 0.3649941276835432]"
19964,564.7410614116005,144652.501849895,"[0.270951906103195, 0.11497458379168575, 0.49178677962039735, 0.12228673048472186]"
6147,457.74259084266544,626154.6746923679,"[0.11671458124364843, 0.15384856845057002, 0.2656845531217268, 0.4637522971840548]"
1386,515.1958358838965,812427.4426862093,"[0.5578144961593766, 0.195226961553047, 0.2136981415547077, 0.03326040073286871]"
3685,688.4874677954142,806241.0180536109,"[0.3409640237956957, 0.26531937509165565, 0.1498789256012413, 0.2438376755114074]"
35,224.17263848917503,255786.48803711712,"[0.0024789509682781744, 0.03803460116501377, 0.8760884318755232, 0.08339801599118475]"
7055,49.83938396995332,822135.8863223077,"[0.8724101856748899, 0.0068280060456616274, 0.07770524736202043, 0.04305656091742806]"
13231,682.1424332663609,898049.8547072293,"[0.2113050646870181, 0.16050283815244254, 0.19166056482918792, 0.4365315323313514]"
5865,827.0936746874514,369341.1736157957,"[0.2867400660566714, 0.1264466515596535, 0.20934846119863856, 0.37746482118503655]"
18105,485.9877517789511,657524.2081291757,"[0.4752933100505304, 0.23711061186092014, 0.2245480520026109, 0.06304802608593862]"
15514,899.0007954014637,498704.97970669385,"[0.13865553874705472, 0.2480868363688595, 0.6036250968982408, 0.009632527985844963]"
19069,718.9852039712775,694273.873878408,"[0.22740178074562187, 0.015224371672194696, 0.5031259056011067, 0.25424794198107664]"
3588,422.9558266480239,994861.0098014962,"[0.007677919068024467, 0.3638455467217719, 0.3656478680838516, 0.26282866612635203]"
4543,766.4037912573978,597141.528250379,"[0.05226283734718035, 0.08649946802615831, 0.7585730830266172, 0.10266461160004403]"
6708,570.215319409938,539052.8403180516,"[0.7639242477063639, 0.05327723677476071, 0.07204563605589945, 0.11075287946297606]"
6693,478.4625403576889,190562.04526436105,"[0.17869384342401806, 0.44705382575398706, 0.04573281418092175, 0.32851951664107315]"
2553,12.044915369683004,833512.8693796787,"[0.5913023062866716, 0.14801483801493168, 0.08539811555659074, 0.17528474014180595]"
4336,362.8228100591647,899208.4085204146,"[0.2310593616340447, 0.17114494797500296, 0.03873874528630778, 0.5590569451046447]"
14401,91.5001101586615,573279.0261585896,"[0.3643159036056459, 0.20021940205070743, 0.3546401375010436, 0.08082455684260322]"
18505,821.9601414714446,202111.50275818096,"[0.29495672598319067, 0.45241682926837057, 0.12063060617510614, 0.1319958385733326]"
2348,734.8033233163272,115761.24717890656,"[0.3008680096126355, 0.24270778991455436, 0.0042299693877462154, 0.4521942310850639]"
2731,206.2857440178905,239405.9135239146,"[0.9411420945796677, 0.017452791465007986, 0.012694774567460935, 0.02871033938786326]"
16956,78.02522917072139,428324.1681663469,"[0.049104547729663085, 0.2860371964056065, 0.4219388449698991, 0.24291941089483146]"
15250,881.3759926903144,788949.4068040414,"[0.38056277705939395, 0.20727734220424768, 0.07778134135027259, 0.33437853938608586]"
7355,371.925954911237,968026.3673556208,"[0.06014039144500979, 0.197201686002139, 0.3262290503162322, 0.41642887223661884]"
7470,440.952120998182,814691.8508995678,"[0.0320643529924056, 0.6903267136155066, 0.04015711384118412, 0.23745181955090366]"
15906,692.6435249551603,891879.0593792165,"[0.09009553833057615, 0.22069585049478907, 0.4165229721658797, 0.27268563900875514]"
8367,886.4556548494758,374151.1226778292,"[0.1523082738768914, 0.666902151857991, 0.13322863719577246, 0.04756093706934526]"
1144,472.14124855814464,151246.7457244209,"[0.5016759082492691, 0.027865852487593695, 0.39626698596548204, 0.07419125329765514]"
14539,629.2837250501021,183039.9484079144,"[0.44246745919970787, 0.15415045743036807, 0.3820977067641964, 0.021284376605727812]"
15569,794.1208112388967,611886.7113351456,"[0.15157775707758853, 0.2874911498055627, 0.23499688899929547, 0.32593420411755336]"
14101,474.1352240172845,230141.1488668981,"[0.1795748839897813, 0.08486516013657497, 0.11577077452364927, 0.6197891813499946]"
12713,330.51256005831186,213950.94006932608,"[0.41375375472214393, 0.4192179542282163, 0.11368226439457431, 0.05334602665506548]"
10020,377.5920536961296,552441.7557392551,"[0.34742431401241924, 0.07138189585195262, 0.5526256357097533, 0.028568154425874924]"
8101,481.4632455045052,693310.7738922709,"[0.261426893248677, 0.2263469862207496, 0.38236568339980614, 0.12986043713076717]"
3314,86.33997375931011,581336.8034061524,"[0.3486012890795597, 0.03523763451843977, 0.36108460053721125, 0.2550764758647893]"
5803,162.84946235359018,656053.56636524,"[0.25355965604388503, 0.4058813466578653, 0.28610524167899837, 0.054453755619251545]"
1648,423.1698271136856,997379.8918715584,"[0.018246717482742234, 0.4165425026398505, 0.337555316181905, 0.22765546369550219]"
5526,729.8950016676431,291224.1431996967,"[0.6738225037475942, 0.024689605319460555, 0.08341414291360136, 0.21807374801934384]"
10537,399.43439936127896,788985.9234948286,"[0.5202272746794415, 0.10997741665546064, 0.07000802749239635, 0.29978728117270154]"
15051,970.6858280205738,996020.8860560848,"[0.06886036151120323, 0.29166654333089403, 0.1986776575084906, 0.44079543764941215]"
15026,555.3275620088838,616817.7321173064,"[0.0497237983712175, 0.30354750580590356, 0.0794949414400177, 0.5672337543828612]"
5362,911.9375310409416,826278.9616940416,"[0.05294242207724531, 0.40359283016858305, 0.4030171667100924, 0.1404475810440794]"
16696,971.2259156164334,659198.9785807506,"[0.4498783823381485, 0.040854918561396905, 0.028995180501985185, 0.48027151859846945]"
4886,68.68852569187251,971069.518059224,"[0.10538351240317145, 0.16301315718063897, 0.5803949200291427, 0.15120841038704674]"
2230,914.0515305443232,552192.0082832682,"[0.0005288476318870433, 0.12796721119143473, 0.46922597704355534, 0.4022779641331229]"
11038,384.949838038433,814445.3549584178,"[0.09328944678972849, 0.004243568411228442, 0.6214901739098466, 0.28097681088919646]"
1758,92.43386405407271,962057.0907258237,"[0.21016819152590505, 0.15625095542237816, 0.13351657632521552, 0.5000642767265012]"
7209,248.3574587444476,939150.2917310752,"[0.5038185451349815, 0.28538737535642816, 0.20051736889413035, 0.010276710614460133]"
7231,461.4817153836775,590210.045011544,"[0.117237169506575, 0.18748372774339744, 0.6841327037113079, 0.011146399038719553]"
13873,173.29576180231382,366150.97405577294,"[0.278844911715819, 0.5597666303261281, 0.15221429050217397, 0.009174167455879075]"
10583,561.6137615196116,216577.91292223724,"[0.43552265477172564, 0.3699115550371507, 0.1303742462774914, 0.06419154391363231]"
13135,27.67411095469068,946606.6019783476,"[0.6800190479045015, 0.04431442625543603, 0.20575266690350905, 0.06991385893655339]"
15776,437.6018432290239,379694.3723380027,"[0.7234023635971154, 0.1922228750314031, 0.07193437006306859, 0.012440391308412948]"
2357,594.5733283670454,396804.9970688878,"[0.12984633165501502, 0.4536179446480846, 0.13834766001519577, 0.2781880636817047]"
3025,114.08688286991888,468614.6011910847,"[0.04251433235340761, 0.26632734926724827, 0.5447126073799692, 0.14644571099937487]"
879,147.99804308600446,756126.598098729,"[0.09297604479264887, 0.18132046004737912, 0.30372297349830335, 0.4219805216616687]"
8827,862.4002334544313,303109.7704707202,"[0.6855101089791681, 0.10158174710791992, 0.09690748060675791, 0.11600066330615423]"
13613,895.5332348081266,185422.18678048515,"[0.24116717080144195, 0.24145446578845353, 0.4150428218592844, 0.10233554155082007]"
9896,754.79315199523,965630.687142977,"[0.00883915304400513, 0.30194002813563386, 0.109570756105168, 0.5796500627151928]"
801,674.6976899266753,454865.776656058,"[0.37472190268003036, 0.28621209646706264, 0.007018307333228335, 0.3320476935196787]"
9275,842.2712574160662,208865.3452404981,"[0.13609237770178512, 0.38533908516968235, 0.44067809061542934, 0.03789044651310326]"
19671,883.2051765435403,147845.16722571268,"[0.3213395603085252, 0.0229800238655441, 0.025355650919257414, 0.6303247649066732]"
7249,207.9274609117191,954562.30666969,"[0.1732963630316379, 0.2727406536718198, 0.1627296739117298, 0.3912333093848127]"
12980,422.7234362536665,514915.3634841847,"[0.01008842188210444, 0.049775690546218006, 0.24930218761872647, 0.6908336999529512]"
14510,892.9296559232289,364417.7509447582,"[0.0706210912941831, 0.061260111087262675, 0.040934485526031766, 0.8271843120925224]"
11182,424.5235587117269,510785.1076357506,"[0.04334341219229071, 0.17830145162117136, 0.14253547044595538, 0.6358196657405826]"
17034,746.3562435551778,295607.27001168777,"[0.2090045655546217, 0.4698971838435501, 0.19416877125835877, 0.12692947934346954]"
9817,897.7954606555037,737767.94857399,"[0.3233261934101251, 0.017056688037529993, 0.005162303311477333, 0.6544548152408676]"
1525,699.4748347225111,291626.2626126437,"[0.36817002219449085, 0.25728494021240417, 0.21213112304142145, 0.16241391455168333]"
11518,904.9343300173692,782576.8212521075,"[0.5433941660007545, 0.0013031652079640269, 0.17491357938040913, 0.28038908941087237]"
6774,660.6856435651563,986154.6821714456,"[0.04170530267796305, 0.19078514333874522, 0.5794482550206175, 0.18806129896267415]"
18786,755.8012124660863,744177.2029888475,"[0.17274942987588957, 0.43251444733384836, 0.28137041288896064, 0.1133657099013016]"
3900,680.6583788757282,644027.6383411278,"[0.37681007519426407, 0.2674283608770249, 0.2652657114159948, 0.09049585251271616]"
18075,762.6807497623566,570389.1706901842,"[0.03413653225332385, 0.2029051921067006, 0.716559882209998, 0.04639839342997758]"
12744,371.258323521321,532892.6187908052,"[0.059323376846512614, 0.1287880378734179, 0.681277203840828, 0.1306113814392415]"
19428,578.8123694305862,555475.5111201063,"[0.48513588952548514, 0.0919034454120501, 0.31619231772672285, 0.10676834733574182]"
6750,318.3639891150995,197685.51667672227,"[0.19108990044287485, 0.06696791989730497, 0.5964331285517532, 0.14550905110806697]"
6646,772.9795328772778,777857.0621353488,"[0.4118837543133205, 0.38666183499627266, 0.08891987738157733, 0.11253453330882945]"
4489,535.9438318913149,145144.84085431797,"[0.22913895997915257, 0.3911101730104757, 0.013063227136731864, 0.36668763987363984]"
14011,191.43403654378605,467259.5695859508,"[0.1773122564765435, 0.15505584203663839, 0.32550600082675174, 0.34212590066006626]"
12722,410.9550759042513,845193.8686347638,"[0.15539070798657054, 0.31250507694885343, 0.060387154355366214, 0.4717170607092099]"
11033,509.96050350807167,957502.8554897322,"[0.6253688202853104, 0.22468712957185347, 0.0942710281841594, 0.05567302195867668]"
6475,729.8524901577308,602272.5751442432,"[0.1426658346607386, 0.27022885904451877, 0.3018487915032876, 0.285256514791455]"
3430,903.6649298561484,866493.0877541917,"[0.14559643438466466, 0.2593536053588767, 0.30671101755193814, 0.28833894270452054]"
16325,882.9627318946002,776951.9552256248,"[0.44162025521680154, 0.014116660677164038, 0.26241018270253585, 0.28185290140349856]"
3100,288.1375227681575,802900.253351013,"[0.4384671727103755, 0.37507233340564633, 0.05400074238935946, 0.13245975149461892]"
17734,518.6140479743378,947820.3522081474,"[0.4588831824678712, 0.1258707608016228, 0.26240335082657135, 0.15284270590393467]"
10565,50.59149011853269,959834.2268321236,"[0.3340390678196484, 0.05958544833066486, 0.01947198476468498, 0.5869034990850017]"
8089,718.5798968188943,532668.658108905,"[0.042052549498613666, 0.30435542467815696, 0.4715289615692315, 0.18206306425399793]"
3716,11.370506710778098,885225.1586023706,"[0.18316992789487885, 0.0763463727431364, 0.22353607436187856, 0.516947625000106]"
5455,490.616492777915,293275.68390535656,"[0.1922062866325289, 0.2877226118936781, 0.4323779666703682, 0.08769313480342489]"
8579,625.3909072789779,765309.4687931641,"[0.16787311800840413, 0.4381953499638749, 0.34539270272485956, 0.04853882930286141]"
146,516.9686008401286,745633.6468081218,"[0.6647302825402667, 0.04815953720528311, 0.07891185254829917, 0.20819832770615107]"
15296,41.059035525711806,981526.0662186934,"[0.7941789009438085, 0.07099234224609577, 0.06173591607839232, 0.07309284073170338]"
13243,874.1438880920759,152067.31471096666,"[0.1171788230490186, 0.06441786502760345, 0.5799550231597276, 0.23844828876365035]"
526,362.0851051322216,745810.3118302897,"[0.5215181030270825, 0.2890359810395103, 0.09206718315380787, 0.09737873277959916]"
13383,783.9383923988481,271857.5509825712,"[0.6307382949249223, 0.03925222316469596, 0.011046053063151795, 0.31896342884723006]"
5675,519.1929508334556,282128.6014393382,"[0.18456062358733813, 0.005665107597164383, 0.3291044590632862, 0.48066980975221135]"
13533,666.736188317139,384423.6631488908,"[0.02972503321518789, 0.4873261720492762, 0.3297629608673758, 0.1531858338681602]"
10957,879.4569558528407,822782.2725159129,"[0.09847329438869347, 0.2240452095395375, 0.5613426122300921, 0.11613888384167706]"
15516,987.941083127427,110577.5214326551,"[0.45656376335888177, 0.04159560483617535, 0.12162138942580651, 0.38021924237913646]"
8499,344.2879209829911,964265.3347701514,"[0.21294772257190536, 0.27683989043505564, 0.0918610202423993, 0.41835136675063966]"
3029,403.3403825075111,862804.4462416035,"[0.25939895060125745, 0.47789921818402137, 0.16127208794704653, 0.10142974326767461]"
14697,663.8989796976404,114575.28407387498,"[0.16014387101468364, 0.09795614967386308, 0.266404718157798, 0.4754952611536553]"
1378,667.7813832335407,468746.0841500097,"[0.1032320435817417, 0.13555413698827112, 0.3723234868817535, 0.3888903325482336]"
15322,156.84626519330095,984033.1043659034,"[0.10117014217776343, 0.41846454632169083, 0.049847702096902695, 0.43051760940364314]"
6811,330.59214690953075,839381.0674364102,"[0.023201681071557716, 0.2998511343153714, 0.030189872922934964, 0.646757311690136]"
786,292.03787886049446,550134.8299354336,"[0.013236562813949899, 0.5089986347930807, 0.03289807378274626, 0.44486672861022325]"
8915,851.7860598775873,241766.1550038769,"[0.3090368274863008, 0.2192634585802628, 0.03993671905559438, 0.43176299487784203]"
13978,49.789446042814326,578062.632300392,"[0.6299987910194659, 0.09915585877274083, 0.2612737719175777, 0.009571578290215495]"
16401,223.39010478882665,259231.771685107,"[0.4082228116651787, 0.2906146927655921, 0.09363594656133528, 0.20752654900789383]"
18561,503.16325294653535,670969.2534455073,"[0.01397192105956002, 0.21476529253812351, 0.4248320932609152, 0.34643069314140135]"
13107,80.91452106958798,238171.1436822248,"[0.049404940210088955, 0.5575343367304982, 0.34440574779691674, 0.04865497526249601]"
5923,875.5396341082089,158572.26933133006,"[0.11396963392434298, 0.25691283127043496, 0.5592876024896092, 0.06982993231561303]"
816,401.0686617554668,497412.07043377793,"[0.24881534886667128, 0.16304081110362295, 0.17749075047941892, 0.41065308955028673]"
13152,608.6263482412886,297775.7290727019,"[0.1292238539521823, 0.366709138381767, 0.2920502244438147, 0.21201678322223602]"
5372,757.6800758835928,512710.4404554757,"[0.1841114230326771, 0.6087252537502326, 0.19637366768398437, 0.010789655533105971]"
15760,97.74419014316112,731846.6650116399,"[0.22798873777690054, 0.6139746755014573, 0.007131426570524479, 0.15090516015111746]"
3415,489.0293979451017,372441.48049131886,"[0.1684353151940945, 0.10308231795254896, 0.41905155088126295, 0.3094308159720936]"
13610,25.509772763575302,144185.58520053062,"[0.25925487995504226, 0.6680399713293188, 0.02657164943410722, 0.04613349928153169]"
6239,957.2887702896747,773036.9106286075,"[0.240942117910189, 0.021078659008452145, 0.24329477958879422, 0.4946844434925647]"
16377,334.29423299049046,966605.9848480067,"[0.6471577091381437, 0.12743119365646868, 0.10471608662613496, 0.12069501057925267]"
3737,646.3615694601009,193489.81640441163,"[0.15039267307350235, 0.49187126960219163, 0.042265442038380216, 0.3154706152859258]"
12489,720.7959013113057,293211.9055488693,"[0.012982404522143729, 0.2216918418242744, 0.10385916275689895, 0.661466590896683]"
9424,722.8324167530889,957888.5874160136,"[0.14437937901837108, 0.19114959665947764, 0.16463650760884915, 0.49983451671330204]"
12416,176.09802930739883,968932.4080761347,"[0.27439706258548324, 0.3803206447444194, 0.12666065581261823, 0.21862163685747923]"
18228,701.391295868838,570284.2953019445,"[0.3370708152867781, 0.4613832245296459, 0.11420168198882452, 0.08734427819475132]"
1423,667.0542354205767,797264.4744863362,"[0.17760124787124962, 0.2198207387169994, 0.4833971331067562, 0.11918088030499484]"
3943,508.1065170909493,615363.9690895063,"[0.5281332246345015, 0.08980106628841247, 0.2546030391961153, 0.12746266988097066]"
1830,24.12494196664204,927108.8534753426,"[0.20640813228464422, 0.034378452409498814, 0.5131314640718216, 0.24608195123403545]"
9357,611.7203622810878,114046.1896876118,"[0.09205261737590356, 0.18337762878856018, 0.17994115653182677, 0.5446285973037095]"
10786,420.6472792673751,961058.825604846,"[0.033318576422729326, 0.65893962729875, 0.23690175693085508, 0.07084003934766571]"
17388,932.926280871466,778995.6619333861,"[0.28243245124727684, 0.3907114422248815, 0.30453392190443235, 0.022322184623409215]"
3909,98.696733936579,643310.1091202048,"[0.2693808061093446, 0.16380346779379887, 0.23754279031686998, 0.32927293577998645]"
9274,871.6408305297364,588955.2549619784,"[0.12723260101118739, 0.1123516147152735, 0.19412164216562128, 0.5662941421079178]"
18704,878.2430611853667,313256.54090455186,"[0.011359250348935984, 0.563157748603424, 0.057166568669923326, 0.3683164323777168]"
10962,727.7762363008212,762365.5553959709,"[0.5220866679779304, 0.4269283608313656, 0.030132386579290342, 0.020852584611413816]"
2505,556.8887247838147,557708.7299251526,"[0.1040097137540067, 0.24766614209193868, 0.39976545338485847, 0.24855869076919607]"
11644,228.94725566001588,760761.8966630041,"[0.12184566099974954, 0.16856294658935106, 0.4402296288278597, 0.26936176358303965]"
7803,573.2941056366386,631442.0663227541,"[0.5752190822801331, 0.2599153664066768, 0.1354909346839826, 0.029374616629207484]"
17086,62.483491368181085,588737.4832858106,"[0.05536215173653457, 0.8156798754791219, 0.08405118055784631, 0.04490679222649727]"
15933,338.2445932343315,333342.79386120447,"[0.15347359660139898, 0.012329022066118675, 0.7730065293020054, 0.06119085203047694]"
8643,886.9163734764222,956044.6007495424,"[0.23764869512504838, 0.07335028906826294, 0.21978340122479467, 0.469217614581894]"
7877,67.97892263876733,338834.3958337119,"[0.6292456396278336, 0.19703543935896015, 0.14847532962338247, 0.025243591389823697]"
5507,539.6885509898963,352962.0516397897,"[0.24661136396248048, 0.0069517487040749075, 0.3341808282077465, 0.4122560591256981]"
16900,700.4083517164003,315829.8211920205,"[0.38313067406511525, 0.07231602380595233, 0.36052436338576715, 0.1840289387431653]"
15575,515.1542203786371,170883.53312704887,"[0.1339617783715788, 0.1353495759362945, 0.5723387187123028, 0.15834992697982375]"
15196,810.3923565289099,716587.2159336389,"[0.391459642027915, 0.2116203972637329, 0.0921368192586109, 0.30478314144974117]"
12383,544.5908872372687,647760.8880745857,"[0.1706956448119001, 0.45481035965188576, 0.0671563858177172, 0.30733760971849694]"
19179,272.5226384686636,794979.6133644816,"[0.550824900513367, 0.40482033942032675, 0.010744275810887056, 0.03361048425541917]"
8132,211.539197990162,522030.5276345453,"[0.5428864911911307, 0.15252682375469603, 0.22254205847619166, 0.08204462657798142]"
13991,342.3731478384408,570681.5564668133,"[0.391919381837063, 0.16020122744127457, 0.1847829837343187, 0.26309640698734377]"
18965,244.1212531067817,145403.11216642862,"[0.06517234698134161, 0.0775726010018624, 0.039616359594046434, 0.8176386924227497]"
5559,751.2492403481832,966005.8721911096,"[0.05119363692321025, 0.0974240836768793, 0.03254968761157549, 0.8188325917883349]"
12733,965.191242430435,993569.8436654008,"[0.07574768885237762, 0.3151427308817679, 0.254337399252574, 0.35477218101328056]"
16141,10.554911323402736,505700.74658257264,"[0.15978376698953722, 0.5234190693203766, 0.19865968524773567, 0.11813747844235055]"
18695,726.8021141986984,657272.2716916576,"[0.05283487524649516, 0.40893643072289887, 0.13044094634536604, 0.4077877476852398]"
17728,336.3630057455003,240175.4173153852,"[0.35805206818843627, 0.246731711532389, 0.17753307770397292, 0.21768314257520177]"
952,716.28518764436,507320.8003436063,"[0.07655541767091402, 0.2486480719960489, 0.05598901036608974, 0.6188074999669474]"
18886,882.2647034860173,119724.86035174177,"[0.4056339801659358, 0.01124742968590532, 0.33431974933413755, 0.24879884081402145]"
17257,102.90323555249344,233548.78630493127,"[0.03296923216653818, 0.34567480322610833, 0.12061121769698419, 0.5007447469103695]"
7088,930.685813797838,834105.6378510286,"[0.22824191843825412, 0.16858827007873486, 0.040136905329260085, 0.5630329061537509]"
17582,488.1774094754565,834833.8509406565,"[0.49540018278742454, 0.177211718809667, 0.22306653646188804, 0.10432156194102031]"
14596,752.1840684020268,797008.1714450077,"[0.04101276221137832, 0.0664097359621377, 0.07909368123038427, 0.8134838205960998]"
18364,843.5872425071904,514535.2064670122,"[0.3427200806652855, 0.40559751664575383, 0.19013213423292785, 0.06155026845603282]"
6247,324.38132677957026,531514.2898684561,"[0.18295844379350762, 0.05177009370634022, 0.21358376298201903, 0.5516876995181332]"
5515,732.924557081989,163864.9129236675,"[0.08633857947694817, 0.3254077042582052, 0.2875590159840764, 0.30069470028077033]"
13457,293.13980394381986,263161.5997310084,"[0.3178132943128535, 0.08129599439163317, 0.28700420292777395, 0.31388650836773935]"
10998,614.2260158016602,710850.7695914056,"[0.35825298468681843, 0.544856105714283, 0.08585009460806545, 0.01104081499083315]"
10140,541.5394993594423,680968.594768487,"[0.28731276248237564, 0.24309109239124882, 0.27821866362620884, 0.19137748150016676]"
17785,533.927972803719,654681.3830288774,"[0.32260349379111647, 0.05706561472417718, 0.5997467698773721, 0.020584121607334287]"
7145,745.9876150964039,256591.81508467533,"[0.030047747174849083, 0.0980833190784679, 0.06417799442313853, 0.8076909393235446]"
5872,645.7685803109129,841016.4520228428,"[0.11311858599065938, 0.4973883707392073, 0.21428174669427952, 0.17521129657585383]"
6366,173.61112231870615,929220.6127724434,"[0.060835239875843106, 0.6733754759454063, 0.1753303519789828, 0.09045893219976785]"
7884,943.6005588722828,978921.360267936,"[0.19925626620795006, 0.10013993705469285, 0.10043426361247727, 0.6001695331248798]"
12178,345.22681331484694,439804.77034134633,"[0.33693019052184037, 0.487320117187718, 0.054046703647687495, 0.12170298864275422]"
3755,779.5297717706258,176376.7195711863,"[0.10410312047153168, 0.005732809854528633, 0.349599380818052, 0.5405646888558878]"
11616,344.919997151642,542686.2474513636,"[0.48718687154961215, 0.3172438875058186, 0.16442699535993033, 0.031142245584638854]"
2201,886.8994308422959,409136.4394945828,"[0.1737434329191276, 0.2023180828713556, 0.5866174703842124, 0.03732101382530448]"
2618,531.9467644210836,895076.9200795937,"[0.23946630680618386, 0.27959188501635385, 0.1865132525801339, 0.2944285555973284]"
6959,946.3455150535252,737552.8874455668,"[0.5603630165451313, 0.23124042514979892, 0.04403455585867094, 0.16436200244639887]"
15773,836.4874420812,389830.97932373465,"[0.8467530414719768, 0.005465788098523613, 0.14567782153241754, 0.002103348897081961]"
10209,710.1862353070017,918776.1811942564,"[0.014283839424258206, 0.349523200419251, 0.010438028725884441, 0.6257549314306062]"
9611,327.37792714048203,740760.4393870169,"[0.06635747469410014, 0.6868264387134778, 0.06079485038057634, 0.18602123621184588]"
2833,91.18727854918986,127815.59692050028,"[0.11914358627188462, 0.7500084613191339, 0.07431333593557676, 0.056534616473404777]"
4050,607.8166710862959,931551.7104294364,"[0.13748321788000994, 0.26337579040057635, 0.05527627338673256, 0.5438647183326811]"
16204,302.9277140677291,418995.3181927303,"[0.5589494687825384, 0.3528164169190122, 0.08050867862127138, 0.007725435677178048]"
18650,611.126829521152,224185.7208682326,"[0.2450377626918359, 0.05241312088314845, 0.6493434399205072, 0.05320567650450851]"
4008,912.5833340653458,113963.49241460064,"[0.09934720880465933, 0.4412402607088075, 0.07313235533531129, 0.38628017515122176]"
18225,524.334217151087,713233.534735388,"[0.19547761758076362, 0.37218522975635215, 0.06278994291808666, 0.3695472097447977]"
3575,680.5327444894955,926547.5225340036,"[0.4301097098866151, 0.4472081767793463, 0.0754122212767331, 0.04726989205730533]"
13067,926.403729511656,295676.14897300024,"[0.48332611597105685, 0.23144380236062775, 0.0808382860903465, 0.204391795577969]"
16608,627.7015469114034,765229.8823020292,"[0.2026419872188113, 0.13770822431929283, 0.47964003196300786, 0.18000975649888787]"
10572,542.2097908891698,402668.9844038799,"[0.23042170796503147, 0.2835034164489751, 0.3438365461380419, 0.14223832944795162]"
4267,471.40246023716674,358192.495857017,"[0.38005615785743807, 0.11238207981297531, 0.05650016370847004, 0.4510615986211167]"
6287,600.8501526699441,712940.1509160551,"[0.03936591697469468, 0.08468878732923332, 0.047044826329658646, 0.8289004693664134]"
1060,60.09931582204983,474767.00524040393,"[0.4629014114262565, 0.0632618422684918, 0.3241894612719949, 0.14964728503325686]"
8467,295.0087407556986,329811.56334325345,"[0.3908253739848475, 0.05542212178317386, 0.21190607714966636, 0.34184642708231233]"
18659,413.6209849263121,574682.9452918696,"[0.5871636804693156, 0.05518580841837827, 0.15800299241870006, 0.1996475186936061]"
8806,959.5374463088642,331240.4775373532,"[0.02611512032442608, 0.10554721523132318, 0.7559080447347108, 0.11242961970953982]"
16790,266.30823439659974,908917.2726212397,"[0.19659824309510393, 0.1403137459805105, 0.0680967011856419, 0.5949913097387437]"
2682,519.9825590392844,433182.5371004762,"[0.010738815200217475, 0.3162079378370286, 0.0819136864384148, 0.5911395605243391]"
17793,266.60000086642947,216552.9296137863,"[0.12747701079288556, 0.01750671942841279, 0.29042867354850554, 0.564587596230196]"
19001,857.433385416155,175989.55946307268,"[0.11111680620004588, 0.5079512973361083, 0.031008384753899703, 0.34992351170994607]"
18693,734.5796421464637,483418.4717978968,"[0.029387400156938366, 0.3708334488494457, 0.5280544210232456, 0.07172472997037022]"
11252,39.08081513346688,272590.7506686918,"[0.40702855650260766, 0.1468317052664504, 0.40471029764255295, 0.04142944058838902]"
5099,149.76247263605356,851308.0963086234,"[0.12087443688737216, 0.2130820709957674, 0.14351863200021048, 0.5225248601166499]"
7899,221.02494238794927,101246.38311534752,"[0.39283157804518376, 0.3922998326934163, 0.0568552995115395, 0.15801328974986056]"
16809,971.3393640980588,173772.90203904203,"[0.04222754542251746, 0.1723318366220291, 0.36972909354701966, 0.4157115244084337]"
13263,238.1134896050007,982392.4441191542,"[0.4317643879971155, 0.2999063303075274, 0.1467502108367531, 0.12157907085860405]"
12793,670.1123409045581,304088.2138436603,"[0.4570935390813073, 0.3859408786053731, 0.09858742141126532, 0.05837816090205426]"
7888,736.3085173527398,140011.39885936695,"[0.12071423938873155, 0.4397124955427104, 0.412067572877759, 0.027505692190799076]"
9121,432.96851851340193,520903.5390498112,"[0.47055528840070854, 0.30697977058446535, 0.08858208473223936, 0.1338828562825867]"
3232,869.5127068008329,287626.4008586204,"[0.04552555535432621, 0.36965567148751277, 0.07867903396394105, 0.50613973919422]"
1640,30.715376957193875,185429.36163059308,"[0.795704463469764, 0.02870636991641063, 0.12878569722370467, 0.04680346939012065]"
9388,107.30276645933822,747700.2953025991,"[0.0717218004251917, 0.07282841718673705, 0.650342984054959, 0.2051067983331122]"
4906,14.740474139928187,248883.92816235183,"[0.42307080979480094, 0.25004353887304853, 0.011581294103411984, 0.3153043572287386]"
10179,454.6416875066286,451634.3780459817,"[0.171819120708605, 0.10121992493950853, 0.1360702994399804, 0.590890654911906]"
10369,65.89975049389312,851079.3924169666,"[0.5712324097554909, 0.029889286811751816, 0.08125456406663216, 0.31762373936612515]"
15549,739.2331038651149,714007.664225545,"[0.17540482591461132, 0.3073979022800709, 0.2875955624090966, 0.22960170939622113]"
5551,487.478206292335,809466.5520549428,"[0.10867191958715286, 0.1765283185277641, 0.03594664988769057, 0.6788531119973925]"
6336,645.2601499636235,764239.524387294,"[0.15894484106628937, 0.13406041250599293, 0.689557145310226, 0.017437601117491527]"
17084,85.1742529023361,803253.6773125299,"[0.0014335158994912543, 0.23214805655119164, 0.5184088663230366, 0.2480095612262805]"
393,174.84815731015863,220727.43461337104,"[0.02490975958075373, 0.3948385792152615, 0.4748264275983011, 0.10542523360568376]"
8918,81.61715039224892,761509.6358410846,"[0.0047990771476473255, 0.12103865374000622, 0.47892731830708707, 0.3952349508052594]"
3187,984.6644632826176,230723.57866930423,"[0.12231542045472016, 0.3242411840969355, 0.47588473286808464, 0.07755866258025973]"
7305,158.86406297388294,732517.075599092,"[0.04560553287336452, 0.5333367098277613, 0.04025793967041544, 0.3807998176284588]"
9644,972.845232116526,701160.4455301979,"[0.2557797209082122, 0.20075028861292707, 0.08940075819766408, 0.45406923228119667]"
13632,870.6139160543692,388368.61753226287,"[0.0970095509889438, 0.5600496179944249, 0.08452021505785261, 0.2584206159587787]"
14707,491.22963431770455,722667.8755553679,"[0.49803023734512913, 0.17311477470130376, 0.3186630525021266, 0.010191935451440499]"
2901,41.29906439052043,219983.02210654225,"[0.27708351995900976, 0.5025251617927362, 0.1757621565348234, 0.04462916171343064]"
11096,916.2094428725616,809774.630824066,"[0.5055481537631279, 0.34722431791032576, 0.10793176610236598, 0.03929576222418046]"
5420,730.1774232504212,528578.2423835259,"[0.28309090681999194, 0.03352224686526075, 0.2482330865138952, 0.43515375980085214]"
8588,23.145415015824632,837811.6268285521,"[0.1853459248442407, 0.012333041027216165, 0.129253736435447, 0.6730672976930963]"
12292,813.0392546779015,484148.7384768975,"[0.35893252405917453, 0.1257826316365531, 0.29811375548623503, 0.21717108881803734]"
8721,289.52956427274006,998830.0042339772,"[0.40241971838383805, 0.19209196398449935, 0.051586543203416074, 0.3539017744282465]"
17589,78.1171083792595,381995.97964098,"[0.5922892625300872, 0.22960863102121018, 0.060161536323222284, 0.11794057012548032]"
13569,562.2807399339296,401520.31120102765,"[0.03542375507372384, 0.49797018928212144, 0.004408469067095632, 0.46219758657705906]"
3975,345.01690605486186,937687.71918944,"[0.545439724169533, 0.2682863507849637, 0.008985618945883428, 0.1772883060996199]"
13099,670.34553104848,550825.6858449831,"[0.22094085107198863, 0.08358315091171058, 0.3011951754092562, 0.3942808226070448]"
18855,37.624224099394645,949639.8529056992,"[0.039699475033141064, 0.3921779430387961, 0.04073932428291108, 0.5273832576451517]"
5226,862.1777787151988,159272.65843829,"[0.18468566506165326, 0.21828277674321223, 0.5747219432438562, 0.022309614951278273]"
365,724.7233518526255,497529.7939546319,"[0.06352250235480678, 0.48731952447280463, 0.4105501409028197, 0.03860783226956866]"
9541,975.488649941044,699632.8329689639,"[0.230710858065888, 0.0632174388752128, 0.054543071325734105, 0.6515286317331651]"
11885,491.2826557145544,662725.0795991698,"[0.1955853041432413, 0.07404638737901853, 0.15201820439150257, 0.5783501040862378]"
19651,553.1865906790928,715139.6070992394,"[0.21248024246640015, 0.01593749240338078, 0.5471224972865087, 0.2244597678437103]"
14503,743.2813652127392,716674.2474265584,"[0.05482512820610132, 0.69767041056322, 0.12607662678591522, 0.12142783444476352]"
5161,251.51995073475743,503525.95323692606,"[0.07276102693986004, 0.1167926303933014, 0.7480298054098405, 0.06241653725699795]"
17201,877.5299810876536,485182.9118513191,"[0.006299093753467711, 0.551197660369754, 0.2248377408920121, 0.21766550498476617]"
1141,811.2256984816822,984255.2629590773,"[0.3626956860680394, 0.21384163706246773, 0.11800636678040687, 0.30545631008908597]"
9712,798.7358931566044,690306.4724208175,"[0.029382075592249503, 0.5409418412434472, 0.2839288799792833, 0.14574720318501996]"
3154,356.0463948325737,117875.07947004844,"[0.46484353413323704, 0.12269822673105038, 0.16855223108364903, 0.2439060080520636]"
14100,397.0644989614231,910295.705986129,"[0.1295350715151792, 0.35951763963907907, 0.5020440151623392, 0.008903273683402501]"
7100,917.993681043296,768176.1485261736,"[0.09752425155274946, 0.7276904017514586, 0.034660565308765684, 0.14012478138702633]"
19611,755.335916909474,623403.0565545626,"[0.0036354619883839433, 0.08085163872213794, 0.4978274473724933, 0.4176854519169848]"
1238,581.9207322096831,535881.7922956467,"[0.041976767682687315, 0.3947543829812521, 0.45746497667395203, 0.10580387266210846]"
15788,630.2691057725488,877373.6895792211,"[0.21141753513002373, 0.11305925604209119, 0.0904049617076235, 0.5851182471202616]"
9459,916.3372259504108,858851.7998329327,"[0.2636736003371036, 0.1446325632492751, 0.4046269968700968, 0.1870668395435246]"
10372,946.1604353733508,519883.16641183896,"[0.00882963497691971, 0.15905524926117004, 0.07376967038953569, 0.7583454453723746]"
542,220.9200244771488,221212.3326673357,"[0.018271705913863845, 0.09578427451105796, 0.23650996675912414, 0.6494340528159539]"
17781,67.43111769451744,414690.67253551394,"[0.06417724334966798, 0.39249255281803186, 0.42114760411405705, 0.12218259971824313]"
6836,610.7369680474831,415987.3217625856,"[0.01788329626364409, 0.14779438377506723, 0.17810076514753193, 0.6562215548137567]"
402,83.92390318739908,474557.3851883607,"[0.9135781425742987, 0.0006306641888994013, 0.0307380398643387, 0.05505315337246315]"
5909,844.9416741013234,264769.216924701,"[0.22437807312719416, 0.056590894333341794, 0.4090710318114102, 0.30996000072805374]"
9564,612.7288124113812,240932.67537503951,"[0.35478127556168615, 0.007751991344704811, 0.37168927270529745, 0.2657774603883115]"
15017,345.1907298890271,471687.68554444175,"[0.08045074820295317, 0.6940365342651305, 0.03346508683528613, 0.1920476306966302]"
14263,974.2120617678682,228683.588837744,"[0.02126189780153824, 0.6048069035334073, 0.13373040978925552, 0.2402007888757989]"
5094,563.4543548145053,644258.0044558329,"[0.30107206078865384, 0.6303333973032788, 0.020921975366988067, 0.047672566541079424]"
14123,882.0460133754582,122010.3381693927,"[0.18573013430825522, 0.001448429499248645, 0.5484675295645631, 0.26435390662793296]"
3255,519.173856294894,972079.2582673308,"[0.5645163612232444, 0.03747009162978756, 0.01614315261451737, 0.3818703945324506]"
3490,980.7214101910224,482688.0535316737,"[0.054107487193252875, 0.34521395766892415, 0.2021226383189239, 0.39855591681889907]"
4318,429.5041418900733,887837.2037261872,"[0.21561676916522912, 0.1423866088959744, 0.4566459341092581, 0.1853506878295385]"
18006,113.25857740470204,772376.5920464651,"[0.048792970645235564, 0.2593721417392872, 0.19584315418412598, 0.4959917334313514]"
4312,270.33901977614164,592120.7451555827,"[0.24726386543523035, 0.15694091475087535, 0.177559240032045, 0.41823597978184923]"
10847,132.13395687566492,347369.1921513019,"[0.4566858188446816, 0.1472960221213503, 0.3646668598937063, 0.0313512991402618]"
5492,174.922269451684,219539.9636831915,"[0.3648227844805369, 0.3498317410960865, 0.1669422406604965, 0.11840323376287998]"
19769,924.9377116857872,399563.53132686927,"[0.28167508289657184, 0.3344510773424403, 0.3595487283756243, 0.024325111385363557]"
10972,862.8002469358813,610665.9440154909,"[0.38566341164108714, 0.10252030678470095, 0.10629681138840216, 0.4055194701858097]"
11829,882.810288778062,337026.3962924329,"[0.038574836738063306, 0.3007256426815867, 0.2235226379309669, 0.43717688264938304]"
3273,814.6637287981087,579842.5319026825,"[0.2609195573469719, 0.2721007739496565, 0.26618654259083413, 0.20079312611253758]"
7143,63.04885705898697,118091.2062985009,"[0.2380768844248198, 0.09636073020895658, 0.1525047869566381, 0.5130575984095855]"
14027,218.60875053165023,776313.763633656,"[0.007114755166180345, 0.14850252398106956, 0.04396261044996234, 0.8004201104027878]"
13419,75.52818717151517,185798.31945867784,"[0.3741490706105232, 0.10445177239871128, 0.29597078984362873, 0.22542836714713668]"
533,97.78592124381017,893213.8272172972,"[0.43958603404755825, 0.4234210014680164, 0.03668471674546594, 0.10030824773895959]"
15894,460.96537363012646,537840.4230462213,"[0.11390340009719789, 0.1153644674447243, 0.41923854825244394, 0.3514935842056339]"
968,738.1344256260946,588540.4595546038,"[0.20402069519160237, 0.07490447998598458, 0.6296076156638895, 0.09146720915852359]"
12500,630.9922107166867,415016.4088639188,"[0.14689089443667694, 0.24233328575977764, 0.572627097752092, 0.038148722051453476]"
13642,381.86642476839125,241103.10621620697,"[0.12828449478693307, 0.48026126143141157, 0.3864162911060271, 0.005037952675628413]"
16961,839.2850144680673,262821.7071792679,"[0.33178036717198545, 0.053364646613407875, 0.19134226257465484, 0.4235127236399519]"
10693,581.0377610835587,264397.02932671586,"[0.21717660245798828, 0.2003306923488746, 0.0821967331693064, 0.5002959720238307]"
19785,600.7320850402557,797510.6405771042,"[0.25737594866505603, 0.2652385005864518, 0.09791125213948225, 0.3794742986090099]"
5007,992.7804875813198,299397.97714693646,"[0.14452794351502674, 0.2076245870888974, 0.5024591813212812, 0.14538828807479456]"
11748,671.5955365356373,629758.7832255412,"[0.21415833080943827, 0.21285689310260555, 0.45377282724274853, 0.1192119488452077]"
7226,953.2791373491624,492668.1985615139,"[0.08225121501757496, 0.23368111550031123, 0.35558929409031886, 0.3284783753917948]"
14107,861.9803233539545,401582.3928460286,"[0.0032068305366396038, 0.18704956574178463, 0.3667249272765063, 0.44301867644506937]"
14125,80.10953163385311,534555.9815347632,"[0.04672346741957712, 0.23446753975669996, 0.49793138274669746, 0.22087761007702547]"
12912,89.24262043820951,219833.45053129885,"[0.5865644852830555, 0.20747635998226102, 0.10964350532589175, 0.09631564940879189]"
14358,826.2404153732,460237.7873914008,"[0.09400101250509396, 0.06175668233530979, 0.055616833452767904, 0.7886254717068284]"
17395,145.99459815520862,874747.48400997,"[0.011240311607388758, 0.3911615277386526, 0.34391452484131313, 0.2536836358126454]"
11500,171.02024779059906,833628.082562549,"[0.23537953944555062, 0.0744009306368186, 0.24641870310404995, 0.4438008268135809]"
18768,462.7868896945192,552542.6422032292,"[0.36461511461153084, 0.4176703471123512, 0.014165121071208653, 0.20354941720490932]"
18828,187.1319910253696,648839.3694076188,"[0.03117136555020499, 0.029520157489288625, 0.7148036786592571, 0.22450479830124928]"
6135,33.94418849117457,749779.8507816847,"[0.18169473286706625, 0.2786371802936305, 0.22167587028082156, 0.31799221655848164]"
13801,484.8445045316791,469923.2571530333,"[0.6238574289450179, 0.3266193406753942, 0.0201993004759635, 0.029323929903624295]"
7657,992.7028877228524,257807.49820655465,"[0.23724286302423403, 0.15430324188156136, 0.28765648872777755, 0.32079740636642706]"
17260,94.90905198780388,733860.4865681938,"[0.33970278276173077, 0.07275061112499812, 0.23559518747842192, 0.35195141863484913]"
4694,738.2558336078645,786346.5756993562,"[0.5613411964875061, 0.10737409681263393, 0.2682000082308297, 0.06308469846903028]"
5796,756.7634634025868,649204.56683534,"[0.1166756009177992, 0.3343262654956178, 0.46037736934735496, 0.08862076423922807]"
15648,424.49826959121015,511665.2631692826,"[0.3313666569018154, 0.024624255787145364, 0.41082170182651406, 0.23318738548452525]"
17119,321.69001568048344,199451.56125631195,"[0.4267022812532106, 0.38288534696235343, 0.11141625875802923, 0.07899611302640681]"
1041,32.404580327361565,196853.09612601524,"[0.1450120957148784, 0.5873067145092431, 0.13447645300505462, 0.1332047367708238]"
4800,609.3442446468981,565074.929653711,"[0.01013490581788307, 0.08057327051282137, 0.23000625478576348, 0.679285568883532]"
8599,733.0236184982914,371450.2431535588,"[0.01977117682032894, 0.30126599737179205, 0.42683408615933954, 0.25212873964853943]"
12322,385.0523306038677,294196.04476455203,"[0.32807665788817136, 0.24743648491970466, 0.19813251964130238, 0.22635433755082154]"
13566,744.530078107796,447044.4005091487,"[0.3250927430193665, 0.04905788813548722, 0.35932565521030635, 0.2665237136348399]"
3458,846.712002224596,532068.7993042092,"[0.17226417904344513, 0.2680092191491756, 0.17269368614962843, 0.3870329156577508]"
13674,348.66445028268566,798658.8103501053,"[0.0018464249501402282, 0.6801193862241239, 0.007884653255188855, 0.3101495355705471]"
5627,207.2331506705244,106144.82924713254,"[0.04729811048456317, 0.36838027303761794, 0.5474126042206314, 0.036909012257187394]"
14242,740.1741544545789,822435.5215689397,"[0.014434920960702244, 0.37612145032578903, 0.1905304718653684, 0.41891315684814023]"
15628,830.1685270497333,788736.9204505554,"[0.27266456284170454, 0.4033685554662255, 0.21867199108282606, 0.10529489060924378]"
11013,469.635350160571,621773.8842765377,"[0.10090786339625978, 0.2498492297784286, 0.21325056945680196, 0.4359923373685096]"
4245,899.093779921121,350484.6854258543,"[0.16717488184993412, 0.1753136335224998, 0.1944579047229693, 0.4630535799045967]"
17155,913.4617599344682,645344.4933403394,"[0.03101203006704815, 0.4337024453319807, 0.07542374031336341, 0.45986178428760766]"
5666,173.77712573439487,111717.81641761604,"[0.3205659592324933, 0.49846067168805985, 0.056572953466316155, 0.12440041561313069]"
2765,523.1428650086237,606578.825454665,"[0.15218712944615775, 0.14065779793935654, 0.16421681984075048, 0.5429382527737353]"
1345,21.80935957576406,858802.1115417848,"[0.1290501699843881, 0.24192997884459275, 0.5821232056174156, 0.04689664555360347]"
8892,285.0194338399032,976581.419178416,"[0.2490755353948967, 0.2085349343519958, 0.4860982294619366, 0.05629130079117086]"
10911,285.4624141736309,651882.8143919497,"[0.20854979974431553, 0.15679569468978954, 0.43388518821164695, 0.20076931735424797]"
19114,897.8687721212829,249707.2827546957,"[0.46518464224389283, 0.023783845406394312, 0.13356306634441023, 0.37746844600530266]"
6513,779.1848173444208,961064.9342358196,"[0.03240038019954297, 0.3602579160581976, 0.3681762980178447, 0.2391654057244149]"
174,434.7829959102763,352769.0326938832,"[0.1519347496034935, 0.3581782758804423, 0.34447844522060095, 0.1454085292954633]"
13662,304.36437340054016,788782.5610229914,"[0.07163874940810312, 0.33970534134215197, 0.2734672056834868, 0.315188703566258]"
7980,109.7943902640432,474824.4408430198,"[0.20362522717719853, 0.5126953596829384, 0.03583223282382339, 0.24784718031603953]"
9197,310.58778583774483,672100.4288715483,"[0.6060154430108897, 0.03350165913406023, 0.01132352426073708, 0.349159373594313]"
9838,581.2287296492086,750269.0773853734,"[0.021632307052284066, 0.1682969582001447, 0.20360270464320607, 0.606468030104365]"
17451,520.5524442042354,231799.07977047504,"[0.2069998659203224, 0.06263354184592106, 0.16038650555112632, 0.5699800866826302]"
2373,382.8387219654088,750700.1026117723,"[0.683929340563027, 0.0634909931033847, 0.17670434821853837, 0.07587531811504974]"
2965,203.98742604168496,746129.6054635481,"[0.12484256527023856, 0.016073946321470228, 0.7819844794853463, 0.07709900892294481]"
19506,58.88427833972027,326683.4336164154,"[0.10139941401648686, 0.305675057913389, 0.46099907521597805, 0.13192645285414625]"
3432,466.3746694947226,234671.32954296647,"[0.007685298469414488, 0.3981222626010354, 0.3221539023608939, 0.2720385365686562]"
7734,575.7803998121291,969737.0402921042,"[0.0714231999627128, 0.1730068346388013, 0.4821687852651529, 0.2734011801333331]"
4722,63.08468199759791,747189.6323162251,"[0.17840305003762744, 0.34144177356917954, 0.2422986655945992, 0.23785651079859405]"
9842,895.0208915810974,927982.5785869996,"[0.4450608753579865, 0.056210475713472194, 0.11619772397263618, 0.3825309249559051]"
12048,897.3189252321846,504275.520269622,"[0.44725742685223663, 0.015151700267924435, 0.2823009538691791, 0.25528991901065984]"
16675,201.01649931416657,717934.6511032969,"[0.19016806023240465, 0.10853413139926184, 0.36075704111612417, 0.3405407672522093]"
4995,944.5070805676338,711999.8957627021,"[0.6915558998109909, 0.03758682067835047, 0.24863925704033893, 0.02221802247031987]"
9887,860.7387504478882,329180.7421539136,"[0.7270988562532589, 0.06013152973640583, 0.1438926680860088, 0.06887694592432643]"
358,223.167836298814,821931.5318310617,"[0.013042283458741238, 0.042545056418157964, 0.5491538222215315, 0.3952588379015693]"
8589,89.98302966526248,803665.2659311156,"[0.12325464955856345, 0.41519108522093706, 0.4320793469822677, 0.029474918238231628]"
9869,458.8787106140464,710738.6351717648,"[0.5633825810020237, 0.044995870967652965, 0.0516507580227626, 0.3399707900075608]"
14725,718.5838346618666,252918.8681662537,"[0.41436793051634957, 0.2485600113502938, 0.12240920748651565, 0.214662850646841]"
7511,117.62081198783574,191119.26539331733,"[0.013325036530874329, 0.69716711745161, 0.005407015769192461, 0.28410083024832344]"
11321,852.6792613896538,672686.394149651,"[0.18754854753249978, 0.6184460931587812, 0.17515879353086194, 0.018846565777856983]"
8470,87.20824154972995,855741.7364886072,"[0.15598999458583684, 0.7941869801852088, 0.012849231075398837, 0.03697379415355553]"
14822,100.94558962718664,728272.1852482702,"[0.10778054245531023, 0.4664341750503189, 0.27945184842027854, 0.14633343407409227]"
79,524.0096328181195,204804.07302377129,"[0.1579648662880445, 0.4321106368678662, 0.3351189398413094, 0.07480555700277981]"
6025,193.1113525982612,994135.0654983482,"[0.1230344213932696, 0.02397385674046422, 0.6543086275269365, 0.19868309433932965]"
7494,515.9215491821283,155245.64422501894,"[0.15959178899907325, 0.0698142957650523, 0.28592345868115077, 0.4846704565547237]"
13406,976.042550372799,968532.168742208,"[0.13569816308277485, 0.7442189932852695, 0.03474440077981766, 0.08533844285213793]"
9438,685.2912180381765,270143.26114704914,"[0.1446794414242941, 0.4798723346831916, 0.13150437177465338, 0.24394385211786102]"
10295,821.9437895444801,592337.67988653,"[0.4191645867475259, 0.14891978797439187, 0.3160354313688473, 0.1158801939092349]"
19994,412.27365746548367,883822.2173584297,"[0.008790269549757014, 0.7808832790518868, 0.006862499250487153, 0.20346395214786883]"
15070,137.8655859777923,874596.3217685272,"[0.18056719824856532, 0.15899679169355257, 0.12139261146231703, 0.539043398595565]"
19022,880.6954614477445,735793.9140174987,"[0.056083412689484274, 0.5117269499366862, 0.01219611557888553, 0.41999352179494404]"
9840,307.00958101205725,689140.1635388114,"[0.07160349515971134, 0.10005328522801932, 0.5930546681139235, 0.2352885514983458]"
10778,65.87033591901664,650639.9155675614,"[0.0484386310272744, 0.8371848704866174, 0.10622840313008022, 0.008148095356028045]"
4106,481.9102990902538,829975.0547566197,"[0.1921177780796116, 0.6921165035534653, 0.059072243270564664, 0.0566934750963584]"
16970,123.20480798158952,706097.947944758,"[0.18909423734610803, 0.14586574797197754, 0.004163349304161865, 0.6608766653777526]"
1748,39.02376913679914,611895.5921256273,"[0.19276898712796656, 0.3648866109749873, 0.34623876438945894, 0.0961056375075873]"
17950,966.6151049680916,263378.9910877113,"[0.34475264775545833, 0.26015395524438434, 0.08906807693785554, 0.30602532006230176]"
6083,388.2077611363209,918328.189005448,"[0.09903580642339649, 0.3449842204251533, 0.39529363324560796, 0.16068633990584225]"
3989,550.0184289399517,922519.9990429912,"[0.2106940170499531, 0.6381846146201378, 0.06661922663441144, 0.08450214169549768]"
12949,942.79092404361,324389.44400788826,"[0.11125811240047143, 0.41865690179068776, 0.40508137073635375, 0.06500361507248685]"
17548,249.584522117641,717330.9190868912,"[0.594399342605825, 0.24615625538741678, 0.048468783832701326, 0.11097561817405674]"
19007,761.5325381382984,275239.1974358504,"[0.059720981564056336, 0.17303844348674227, 0.6600445216309531, 0.10719605331824833]"
8270,580.8343626761292,820842.75321036,"[0.013560192178611173, 0.4767080048162753, 0.041609297264727875, 0.46812250574038583]"
18778,126.06129451146197,290481.41486321995,"[0.7353566909947025, 0.04309164131159127, 0.1905090873814227, 0.031042580312283498]"
13712,921.3090221841532,738419.6703498317,"[0.33182756787555484, 0.08031389518413004, 0.05210689603570206, 0.535751640904613]"
9257,937.1386208640944,213805.47912209947,"[0.006805651305175832, 0.3430971966575061, 0.4844718934608215, 0.16562525857649654]"
11347,944.9842890100164,132693.4776473793,"[0.1664546931717409, 0.010578225198058502, 0.6010908199363403, 0.22187626169386035]"
3523,395.919431436595,265453.98934079625,"[0.12223284284977243, 0.2442948218331169, 0.4628341673555927, 0.1706381679615181]"
14072,958.7192040486418,389209.8751191428,"[0.2568446258181196, 0.0032588977199154573, 0.12348650164694924, 0.6164099748150158]"
11865,510.88985602755565,614993.4867647277,"[0.2982477482600714, 0.17961343286678444, 0.032473211039643735, 0.48966560783350055]"
14307,904.205940552818,634264.7350809351,"[0.47338404458586364, 0.22930428779140918, 0.19578220583847394, 0.10152946178425325]"
9640,296.4676012952917,862709.3346120302,"[0.10484094900630665, 0.548542419002757, 0.23790967333181048, 0.10870695865912575]"
9363,567.0496136847756,384030.3470058097,"[0.33492117366717356, 0.007501053547037605, 0.1392113257087894, 0.5183664470769993]"
5773,828.0596044862388,759417.2260679483,"[0.441592591770459, 0.09359284202743809, 0.2775301478041344, 0.18728441839796864]"
10053,195.0258869119008,940511.6403568544,"[0.07159962272348877, 0.05729122668999346, 0.08458650970087929, 0.7865226408856385]"
17216,429.04239642574896,112498.26804382958,"[0.031853929771209814, 0.07936703667601085, 0.49164312612286654, 0.39713590742991267]"
13036,870.5052190986944,445725.3058791423,"[0.28934326272320116, 0.30846229952151755, 0.007468185587978805, 0.3947262521673024]"
10614,399.0621130475071,961247.7140905017,"[0.021434742415324278, 0.6606600201095826, 0.257170501473356, 0.06073473600173721]"
3824,578.9924145309244,391257.64981194807,"[0.6531152443455384, 0.062090957728932666, 0.0585655925387723, 0.22622820538675684]"
8560,112.01961359025164,800188.8522060561,"[0.009475145594590903, 0.5921985873703511, 0.16286868302612598, 0.23545758400893205]"
6478,98.8426215857806,374657.5887014488,"[0.12669163838616235, 0.06426138586681876, 0.5179229876068757, 0.2911239881401433]"
634,908.8696712349011,719222.9111755167,"[0.23330849244062185, 0.4472511124518317, 0.2904403569218817, 0.029000038185664913]"
3505,876.9074416131111,170788.05152001476,"[0.24081962261678838, 0.10865706960115386, 0.46219405579107403, 0.18832925199098371]"
1931,790.415071174287,101143.80864655152,"[0.028076935632540375, 0.26977845033341785, 0.5829982029740761, 0.11914641105996565]"
4451,878.2238166413415,688476.5073385498,"[0.12987975303978058, 0.11411612359863252, 0.0654298011482157, 0.6905743222133713]"
6064,100.63605365784508,252244.3793048117,"[0.39765167276450475, 0.2143077966205851, 0.04182556742925793, 0.34621496318565226]"
883,280.48391627596845,695338.6893081735,"[0.49131976348415846, 0.2803602085587249, 0.13244072478884023, 0.09587930316827646]"
3153,63.59601163742675,935774.8067989025,"[0.22425919755896925, 0.04793629779000126, 0.16238271278061867, 0.5654217918704109]"
4570,429.963973931912,987103.6378433896,"[0.1637990724951722, 0.1233630063934479, 0.41486049928659446, 0.2979774218247856]"
8249,168.97388063773434,707463.6877377513,"[0.03741844754223671, 0.7898704921823501, 0.14249430671857005, 0.030216753556843248]"
2755,97.3950155738878,822683.2799032173,"[0.2922043725373442, 0.3730910202344149, 0.28035151260339486, 0.05435309462484606]"
18742,893.18437568437,809031.1482530016,"[0.4614367886418825, 0.011633575659957254, 0.03741594655932265, 0.4895136891388376]"
7025,806.990309126187,261444.56079319777,"[0.1126128285510087, 0.3585514629097076, 0.41206641532917154, 0.11676929321011215]"
13688,386.5692597076964,965064.243508268,"[0.25079278512425607, 0.05843273733263057, 0.49723872520615336, 0.19353575233696002]"
19988,442.9826368297267,335124.31471050053,"[0.5366894575560578, 0.14144396375239737, 0.30312870143573784, 0.018737877255806952]"
5212,665.5670411764844,491505.81754575705,"[0.3304143519963715, 0.019945095734308662, 0.23606486795653858, 0.4135756843127813]"
14779,288.02767384207334,287113.9702960651,"[0.23278596607854624, 0.24140839030716846, 0.3676362854331398, 0.1581693581811457]"
11538,811.282316354887,105222.09285920186,"[0.16460732789178364, 0.4104074324267555, 0.005429520390676458, 0.41955571929078456]"
12739,328.1647181802317,263260.2287937385,"[0.05765560136946009, 0.05556124052403504, 0.5103334573647059, 0.3764497007417989]"
14149,978.580785618348,152625.10647394118,"[0.2344434577903145, 0.03558904455703829, 0.102354484256612, 0.6276130133960351]"
13874,573.7044118869836,781658.4363870041,"[0.003041778668079121, 0.09238159800948845, 0.7550403914585992, 0.1495362318638331]"
1279,820.3002194061772,297809.4832577858,"[0.06279037844636408, 0.19865684833302372, 0.6277056217404554, 0.11084715148015678]"
6266,901.8210057681696,797250.4451840473,"[0.1128978109699824, 0.41552560957009754, 0.015083454541595443, 0.4564931249183247]"
3984,100.67317045843552,965355.9290508312,"[0.04844710509379248, 0.0453486210431638, 0.18926353241297622, 0.7169407414500676]"
5002,411.13252496330057,323514.1783639149,"[0.5901999560107324, 0.12644811316361054, 0.0032846534988242326, 0.28006727732683273]"
11534,841.8982054874883,463895.2917836394,"[0.2434050805063642, 0.202356101478412, 0.01921618541582828, 0.5350226325993955]"
16059,512.7600806533833,105851.49334978408,"[0.4581248580404278, 0.023597973856671596, 0.19154745163718018, 0.3267297164657205]"
9191,199.1807048677392,893662.1257134259,"[0.05148212229552714, 0.05206417769426723, 0.7867033738822593, 0.10975032612794645]"
19215,183.52062147515016,653612.5771184487,"[0.1242098585902295, 0.1561472663604157, 0.34993535391859043, 0.36970752113076455]"
13560,498.7674690926171,578606.5178951831,"[0.7963492343074068, 0.012021502673091078, 0.04396343474956805, 0.14766582826993407]"
10007,478.2013929975688,197686.0078507469,"[0.31154133337470097, 0.002891528454029958, 0.2538506387786873, 0.43171649939258183]"
10797,882.4776582230121,460160.8894107499,"[0.6849483771191563, 0.17231659050649098, 0.07572687203602635, 0.06700816033832636]"
5243,720.4286201605378,918923.2663079032,"[0.34494136929050945, 0.11272705691112249, 0.23998748847724594, 0.3023440853211221]"
8150,976.6044864264396,961755.4676515168,"[0.6913894026021679, 0.20058969071849644, 0.061499782895463505, 0.04652112378387229]"
4492,651.5492229949785,185615.64843870027,"[0.0944289825573622, 0.41551217709426097, 0.1295428271364391, 0.36051601321193755]"
2837,133.05732917060158,154139.1997986189,"[0.1450311659795668, 0.1853092421659669, 0.026814097251313018, 0.6428454946031531]"
9492,41.2206627928946,165614.92780669747,"[0.39059848941251707, 0.23165021048259352, 0.14898043060544428, 0.22877086949944517]"
7555,395.782159990868,372350.57780689775,"[0.4842119468037164, 0.07883264355930353, 0.07534837584015329, 0.36160703379682696]"
2634,750.9183757458958,526307.0640213734,"[0.09195868772426759, 0.04742477616797879, 0.29076480018706047, 0.569851735920693]"
17350,18.17916448338399,247776.02906052867,"[0.4559307419730621, 0.3550743210232177, 0.12384726418491424, 0.06514767281880605]"
16709,563.2759522252513,365586.1696526953,"[0.429338532791438, 0.03961698194789613, 0.0012118264151807852, 0.5298326588454851]"
700,237.14762721192656,974118.9064218762,"[0.031853546998848424, 0.6818655428380245, 0.02064033603938658, 0.2656405741237405]"
7247,378.0561483699256,286516.02804471593,"[0.27630173419216564, 0.6085823080480846, 0.07846029508765193, 0.036655662672098015]"
13452,691.1655869728162,784097.1188467451,"[0.0732460712787801, 0.39172032112918903, 0.25618800951586085, 0.27884559807617]"
19164,956.576656345282,787568.3123545831,"[0.008203597257266746, 0.13535581968542607, 0.7310986291170781, 0.12534195394022893]"
10457,13.73892313924952,554984.4416333553,"[0.10063104097369097, 0.5843714166920544, 0.1516310876638327, 0.16336645467042185]"
19930,915.8861744157416,690938.2726743781,"[0.04131908871867259, 0.3669629287942623, 0.32316832664937695, 0.26854965583768814]"
10355,747.2130173886995,410311.6830002082,"[0.21972918333013752, 0.6974210212971526, 0.048324955161552496, 0.03452484021115758]"
3071,924.1196662200052,189290.7165812601,"[0.8011320110506382, 0.024340281206505606, 0.12561296669532976, 0.048914741047526286]"
18020,174.42485314016642,747653.5000515226,"[0.22788137190466218, 0.5106958813398589, 0.09589022907207426, 0.16553251768340463]"
4511,415.477808628558,634933.1380349457,"[0.20841603134136844, 0.621685330849183, 0.04816610909779309, 0.12173252871165532]"
1479,401.07340503920415,555789.6714820964,"[0.37253383858438655, 0.011157100073963486, 0.5532985004930862, 0.06301056084856377]"
4529,720.7164190623462,543119.4084632515,"[0.005541859500160214, 0.12225793612109168, 0.020818941678537883, 0.8513812627002102]"
10170,190.4431489112186,892132.4918373703,"[0.3161401475757248, 0.2344352396524858, 0.23438928505623385, 0.21503532771555578]"
13038,115.50935998816824,925181.0462591734,"[0.025774585837231336, 0.26271866017534196, 0.6263936236385488, 0.08511313034887792]"
17741,348.5203936278078,789169.6293755878,"[0.13867122014206446, 0.049631238529028426, 0.058220068829005385, 0.7534774724999016]"
18901,788.0824329409919,861240.6248520081,"[0.009929879663301434, 0.40033386981732016, 0.16897323944416165, 0.4207630110752166]"
5630,790.2163967830732,170159.1699614583,"[0.02339974403734809, 0.37457107342089485, 0.4611086880882109, 0.140920494453546]"
6403,456.65258711959945,859361.1212199064,"[0.09103236170231783, 0.08243783867623247, 0.8219107162521153, 0.00461908336933439]"
2372,929.0694795320984,529071.4172621442,"[0.07422828308040734, 0.15460760029682202, 0.0014383564544070897, 0.7697257601683635]"
370,187.2537937752769,852216.1598879375,"[0.01930148197358821, 0.5143050190071365, 0.1270264631213535, 0.3393670358979219]"
18562,495.27465971369617,528900.4344454742,"[0.21130546768676728, 0.16333119299689045, 0.4215088052404104, 0.20385453407593182]"
16306,466.9893331189027,748972.1505914895,"[0.16646355069407812, 0.6858414263987862, 0.00802837944337432, 0.13966664346376134]"
7825,612.797784679263,540517.4549157327,"[0.08189462599179365, 0.1027543604230094, 0.4020576493147245, 0.41329336427047236]"
17417,972.9323054181906,722814.8154726599,"[0.011911261328331259, 0.14690862421602802, 0.03647481260488776, 0.804705301850753]"
7393,449.2931757533104,142678.70670001922,"[0.18904895683915485, 0.2456706668166972, 0.03179068953768548, 0.5334896868064624]"
9755,822.1840109209595,414888.6193233199,"[0.21785442470134778, 0.2439117391160423, 0.23633383244751394, 0.3019000037350961]"
14552,372.0053733429429,555319.683068064,"[0.2591577531379904, 0.23897405335770058, 0.002978971180368513, 0.4988892223239404]"
9426,372.1813836985133,430275.2034238107,"[0.23345322835550003, 0.24291135161776814, 0.10533284117122095, 0.4183025788555108]"
14212,363.4290634158705,376015.03354631,"[0.07720792629134775, 0.717435737558911, 0.18875466043768385, 0.016601675712057447]"
4377,730.3707660769485,813386.898992714,"[0.4047974550805344, 0.1297796514726624, 0.02739607886765795, 0.4380268145791453]"
4430,162.0514183927236,801018.0955724764,"[0.05734269874738207, 0.15371469883697508, 0.6851208762770493, 0.10382172613859356]"
9040,386.6406711230127,241141.67236842192,"[0.4894427455238747, 0.0803663284331408, 0.40796120892207216, 0.02222971712091245]"
17178,611.1311865986048,623512.9564624171,"[0.28753602731217287, 0.04780477925074806, 0.5967637726412577, 0.06789542079582149]"
6113,386.4561684003228,544264.4585327618,"[0.1963471707069064, 0.32023250183899155, 0.10704797903532648, 0.37637234841877554]"
2478,731.7785835786007,556807.9633693297,"[0.18302296281094974, 0.1129848121415203, 0.18974675605807667, 0.5142454689894534]"
15458,518.9794657091094,321562.6902409998,"[0.2782894641671462, 0.16010382553948427, 0.5380717453704512, 0.023534964922918053]"
16818,997.5135945275506,815616.8114414209,"[0.12528378527637926, 0.6265388736983724, 0.2343218402388462, 0.013855500786402276]"
8896,521.4816918908055,640575.7023721489,"[0.15795343396715164, 0.7693161292643547, 0.07049528470013397, 0.002235152068359721]"
750,792.8047766481016,729071.5928886259,"[0.08430661472265251, 0.37003483398177517, 0.5193488710921119, 0.026309680203460407]"
16823,590.7355955900782,968964.9787505992,"[0.42899481096277464, 0.04601329609538284, 0.1179910984472521, 0.4070007944945905]"
18155,224.93516863860413,486857.1122871356,"[0.12454605866383724, 0.5086245409575699, 0.14532037802061928, 0.22150902235797346]"
16220,403.8734432637009,519257.3489627569,"[0.02559881167517909, 0.44170366231858543, 0.17801267714587773, 0.35468484886035767]"
10427,701.3441452334375,331982.1659865002,"[0.22506504183878287, 0.09391515301894991, 0.5046988918766073, 0.1763209132656599]"
11285,782.6777299646918,737319.703560101,"[0.559465109570347, 0.02444183166055537, 0.10991827345399478, 0.3061747853151028]"
3000,106.33607870239422,456445.0850050781,"[0.2583579019986589, 0.33103774454350665, 0.11865177323032942, 0.29195258022750503]"
4002,869.7314636878199,698429.0522615607,"[0.8863134277592054, 0.06307526126075792, 0.005275875789872312, 0.04533543519016425]"
6604,607.0987895408549,360792.4907182381,"[0.36073727990367344, 0.07563879891492276, 0.17576295817412277, 0.38786096300728096]"
3585,401.1309674318124,255149.98726643063,"[0.06760028727588238, 0.8353193240040552, 0.09298681969755657, 0.004093569022505852]"
19706,927.1039467296848,845227.6263516119,"[0.25125338912228834, 0.1518738058738718, 0.34209269380887825, 0.2547801111949617]"
11020,315.0380194782442,194689.65490386417,"[0.5415911684931748, 0.26798142036070116, 0.13954423189373794, 0.05088317925238616]"
3855,345.2380924341488,724167.8452207781,"[0.08556960119418507, 0.10607593596944488, 0.017860934754928854, 0.7904935280814411]"
10089,36.21411246534056,182260.5721883968,"[0.5194678366389771, 0.2213485293008158, 0.01865543216360843, 0.24052820189659854]"
4608,851.2827262930564,682917.0297972764,"[0.07048006888412175, 0.3620576890869021, 0.2934151601518105, 0.2740470818771656]"
18527,665.1340966355098,324104.9210365673,"[0.20299722977984674, 0.284731237727183, 0.28048187266911906, 0.2317896598238512]"
7574,313.2756016862464,350882.4946165975,"[0.3658109132496542, 0.08724446094174863, 0.3260084302127711, 0.220936195595826]"
7360,512.4601378923038,240896.6215117793,"[0.05604137709105924, 0.797330837325587, 0.13484946029717731, 0.0117783252861764]"
13150,388.7054084545643,518019.8512349834,"[0.06514479194033386, 0.5881962816762074, 0.11202177716389122, 0.2346371492195676]"
16215,892.2587316364613,113795.87643442996,"[0.12032435495253269, 0.10753014602531817, 0.004091975015324712, 0.7680535240068246]"
14182,713.9879819956186,623503.4661235686,"[0.3630073969680132, 0.2003330664829351, 0.2875993356022996, 0.14906020094675201]"
10501,220.7672050292788,722111.0713362301,"[0.24050940841463536, 0.08701498359278097, 0.34456385401041706, 0.3279117539821665]"
14414,543.6350544321062,715435.5983287073,"[0.044062380693186486, 0.29821059951354567, 0.4056769898132119, 0.2520500299800559]"
18953,319.0692011650424,746028.9049793236,"[0.2204258575694839, 0.6535149266759372, 0.040664007944975634, 0.08539520780960327]"
16316,779.7249027810744,988478.2061076594,"[0.10303214026120115, 0.12405757963264841, 0.36337942105223575, 0.40953085905391484]"
7505,584.016665744559,629183.1051618631,"[0.23124189043855678, 0.08399117426991308, 0.10731598268163928, 0.577450952609891]"
11169,878.3040975075246,974467.524701619,"[0.18631651112406866, 0.23256983639715417, 0.5009860130928581, 0.08012763938591914]"
17684,49.229118464236656,322146.25855924934,"[0.3836351101640584, 0.2346415454659583, 0.05337686466183678, 0.3283464797081466]"
1967,630.9299223607377,162337.28973992626,"[0.0878444872960532, 0.3353213832223794, 0.22999878571056234, 0.346835343771005]"
107,31.09660539799744,357846.014930359,"[0.0915342059991752, 0.013721519667955531, 0.733314762506777, 0.16142951182609244]"
16919,597.2615399487578,773929.246173858,"[0.11122812192850585, 0.37605680945150505, 0.3831895137298868, 0.12952555489010215]"
14615,437.2606281360208,234027.12320532207,"[0.32523130365007175, 0.15113241337339625, 0.41693324712043356, 0.10670303585609833]"
3999,628.3758966827935,395591.9413080652,"[0.6989289632734487, 0.11747956452063998, 0.12646837075393666, 0.0571231014519747]"
7054,243.7446421516216,740019.644505967,"[0.4201416406666971, 0.3996163647813568, 0.06634378901714488, 0.1138982055348011]"
13499,937.3538934856348,477410.10502927104,"[0.03141200336931006, 0.6872388018209669, 0.017485840683423088, 0.2638633541263]"
17503,596.500792909247,439785.1917984431,"[0.20589369867227375, 0.6633960841235343, 0.08532601112843315, 0.045384206075758826]"
6331,708.9672492091712,740025.226362706,"[0.2860026950518414, 0.4940483536774629, 0.012551333926970868, 0.20739761734372494]"
17861,327.6535493139318,905592.1518492148,"[0.4087912907299591, 0.15347542580073228, 0.26407967319673414, 0.17365361027257456]"
7475,958.1126179931356,221658.2209667074,"[0.30262687426204715, 0.318677601990456, 0.36914426597268196, 0.009551257774814886]"
17261,754.6587578544583,146722.83419646195,"[0.05201001473891368, 0.2056674136316922, 0.34646656155374933, 0.3958560100756447]"
12117,196.51779987831355,591873.0156378807,"[0.11855164876358786, 0.29097367354342724, 0.37226841688442697, 0.21820626080855793]"
17754,506.6673766325479,173171.21904830253,"[0.19411210442609406, 0.24789015247348337, 0.14070295317434015, 0.41729478992608243]"
7875,488.22317754436216,871953.7061239241,"[0.14583621374076858, 0.09217270158486941, 0.7260445455099334, 0.03594653916442877]"
5382,964.5432693599208,538336.6232138923,"[0.1294622122967733, 0.586683385189213, 0.017619827637855627, 0.2662345748761581]"
3649,687.4698298487526,147776.06978718366,"[0.7248564307091261, 0.004496168307012631, 0.019526849459911354, 0.2511205515239501]"
15764,167.2951947301735,989907.1327141376,"[0.28175682815629355, 0.4199195943339131, 0.2919890943466077, 0.006334483163185584]"
4213,777.856797836066,697430.5743949534,"[0.5562924553626519, 0.07248386393505321, 0.06066537994416209, 0.3105583007581328]"
8120,146.18018378374325,948809.3015049386,"[0.16019285574098663, 0.15321979017313325, 0.0511910260905685, 0.6353963279953115]"
17803,576.8318153373838,916229.129887172,"[0.04621136771300476, 0.11214746051059334, 0.29527423929471547, 0.5463669324816864]"
18585,827.8964702370324,703283.1308735531,"[0.6058542223623548, 0.1410087026412143, 0.03509702494974295, 0.2180400500466879]"
3682,424.2025506638967,522994.1007599503,"[0.05272701873796374, 0.33003223153352834, 0.35028647598688645, 0.26695427374162145]"
16582,672.7825173861946,363292.61681422585,"[0.1817566754720846, 0.436911774092343, 0.1975946096736528, 0.18373694076191982]"
12803,729.3122682594029,760475.2377840142,"[0.31205370721306586, 0.07844797336024167, 0.42942192082424674, 0.18007639860244584]"
15805,229.67822850082047,606536.5649185283,"[0.15147437354949583, 0.6062149910408252, 0.19844325429843646, 0.043867381111242616]"
15930,850.4504546562307,357422.857291362,"[0.35856428235576876, 0.2860174655731281, 0.2396793373614795, 0.11573891470962373]"
7151,694.4983257482268,995488.9730063656,"[0.13523147683936754, 0.133463629137498, 0.2947896333393173, 0.4365152606838173]"
13329,44.66644893841973,536310.68894448,"[0.5560080016729255, 0.0714086974802439, 0.24395877014990494, 0.12862453069692573]"
1473,96.93958203168108,422875.8402505652,"[0.6002936197049227, 0.18634304046780883, 0.2132907612549334, 7.257857233510343e-05]"
2596,406.95165652663104,890167.445821131,"[0.2641028668211542, 0.18021667271944497, 0.30175309535545314, 0.25392736510394753]"
5022,624.7786211817476,473954.0304070671,"[0.001128907368168369, 0.25395620436728145, 0.1652259251543203, 0.57968896311023]"
17704,577.1425775639069,264164.91323898087,"[0.47346681494767745, 0.16768689317866936, 0.3093578733107301, 0.04948841856292311]"
13450,341.5686374085738,795739.4246578859,"[0.3897181538153009, 0.3847051483856441, 0.16729296795169507, 0.05828372984735991]"
8036,745.5728020264935,941832.8176530516,"[0.6423359624654018, 0.1964836093058822, 0.09644515828134037, 0.0647352699473754]"
12342,249.1125334716744,236926.0299491204,"[0.24883940138346936, 0.068919384548056, 0.22623641866578587, 0.4560047954026889]"
12924,916.0774229758592,604867.0404174323,"[0.05882464509433064, 0.5593853299218945, 0.3146554055679173, 0.06713461941585759]"
2781,723.9934892671419,946926.8896255168,"[0.43711405823773264, 0.09244385971279656, 0.3175609205239424, 0.1528811615255283]"
15583,389.19930799386464,653511.8937471949,"[0.1252007069644422, 0.0790789061807305, 0.526832619386435, 0.2688877674683923]"
1170,953.694458767758,989040.7014985684,"[0.03335413435760817, 0.06866166326589714, 0.3268963146437836, 0.5710878877327111]"
15032,312.8845491468045,783457.2993086001,"[0.13148331229531612, 0.15620033686872004, 0.4922157140546207, 0.22010063678134292]"
6942,672.6460158334506,595158.0538913752,"[0.2539027850641111, 0.47219809677018304, 0.027360974580510195, 0.2465381435851957]"
6629,44.08634223498638,650711.5445535833,"[0.18403950179498918, 0.3106507066487678, 0.04628551802477668, 0.45902427353146646]"
18858,541.5073920825805,991864.6969394946,"[0.3564963638071114, 0.41137861035444473, 0.20230267228836193, 0.029822353550081872]"
18484,95.18257692401684,986643.6632272656,"[0.2132022333009151, 0.12586068325950545, 0.14973889789329187, 0.5111981855462876]"
5213,198.40657317618223,282576.0754522541,"[0.39502646299201366, 0.482065903773549, 0.042710830642750934, 0.08019680259168653]"
14097,653.3234922982059,491955.1998836053,"[0.4290136994643939, 0.22393645369283105, 0.10866720237656077, 0.23838264446621427]"
18760,467.9736168604332,514327.34551511134,"[0.27563448550443764, 0.1194485777229257, 0.07618341360530687, 0.5287335231673298]"
13685,877.6474002325266,720226.1341033342,"[0.14391425834739668, 0.025482705299475706, 0.09756601599064858, 0.733037020362479]"
6770,326.7860508764709,110917.0355150107,"[0.11017477378949515, 0.20737811152430893, 0.5123707061489192, 0.17007640853727676]"
4538,854.7037324674232,623513.7541169855,"[0.0012795260107647788, 0.6214332986375015, 0.30715761009148795, 0.07012956526024557]"
6461,838.8767545508599,668492.0494487257,"[0.36007088740907517, 0.08742044814388168, 0.1492453083321908, 0.40326335611485226]"
19677,894.7215840442894,368077.9341658341,"[0.1795640854583104, 0.10717271110394015, 0.4309256576526552, 0.28233754578509407]"
14626,116.0928013911367,759882.3548298837,"[0.24899292939902531, 0.4548669940928506, 0.06934386895330749, 0.22679620755481675]"
4191,798.2512889896034,775903.5383611916,"[0.02330451182507245, 0.47475847590144526, 0.20751504082138725, 0.2944219714520951]"
8133,474.8327821398372,136954.2525089893,"[0.1538953497667825, 0.5114266271308222, 0.26134683240464357, 0.07333119069775165]"
13455,808.4461092251897,280595.1596409184,"[0.38969730404237235, 0.1243527447904377, 0.10647588723757838, 0.37947406392961147]"
6233,842.303020815398,528983.3260046793,"[0.2551122888650391, 0.04552289290850643, 0.43250273164394076, 0.26686208658251376]"
6288,709.6536838253569,474784.7647749721,"[0.2879129215952938, 0.30326330422248365, 0.024270441532413825, 0.3845533326498088]"
6908,796.1424174611979,536122.3671080226,"[0.03618669292188385, 0.3212570479544098, 0.02437702531901585, 0.6181792338046904]"
5164,295.28067053293887,599641.5171627912,"[0.013764427147931786, 0.6365901206397132, 0.2954812138119264, 0.054164238400428576]"
6718,407.8663341112483,679267.7984763315,"[0.22100128637487595, 0.22594748008702442, 0.5058081387982828, 0.04724309473981687]"
6174,353.71181558813527,650807.3200708003,"[0.003245687523827729, 0.8547656505188789, 0.07159119425514712, 0.07039746770214635]"
6126,596.2158793582471,936155.2299471071,"[0.569847832706518, 0.011146565323621014, 0.008230794837246562, 0.4107748071326146]"
19335,590.8283498380855,914970.7223296852,"[0.4022590700532985, 0.28559148433974735, 0.13084868857701448, 0.18130075702993956]"
12050,356.49992101866746,466194.87756755325,"[0.21060875069115942, 0.2758155383886417, 0.0216047605447216, 0.4919709503754774]"
10954,967.6299955610896,399772.1706832665,"[0.016877851203757923, 0.38969954691892644, 0.4047896710373017, 0.18863293084001395]"
3333,481.5510352611926,177019.4588312179,"[0.025832267858209884, 0.5746586634335209, 0.3181026504426703, 0.08140641826559883]"
19391,160.39783156951424,968754.7634186888,"[0.09240844154556813, 0.4428106477923549, 0.28920455115921295, 0.17557635950286388]"
6517,757.3214429463164,387581.47747249465,"[0.26864902404041513, 0.10804442125418504, 0.2706002821799978, 0.352706272525402]"
11132,171.7830248589389,358459.08059147093,"[0.47683825916963524, 0.027040546888426865, 0.08394121477711479, 0.41217997916482313]"
14649,632.1150775417452,691602.0899309332,"[0.009236936389327604, 0.3283836610804502, 0.08911035547154676, 0.5732690470586754]"
5847,851.7766198300727,645909.6578202088,"[0.40706030671224724, 0.05370269889271819, 0.35080941684789796, 0.1884275775471368]"
4079,12.62725697490352,595945.0450309413,"[0.6028809814203968, 0.10425923865546105, 0.1825646897617164, 0.11029509016242578]"
7141,750.8007144267907,126180.00701724592,"[0.24037045381744943, 0.16956365113659844, 0.5361417938098992, 0.05392410123605297]"
12040,940.1210071066112,981501.8206753508,"[0.22887927140578593, 0.19355509290961173, 0.21142243381509018, 0.36614320186951227]"
16731,132.75803033524127,718965.308381996,"[0.8183595239690813, 0.016531894607364636, 0.048216551917897796, 0.11689202950565616]"
10057,539.2546896153505,960960.619590237,"[0.26350774321052883, 0.21046205564784806, 0.1060907819590779, 0.4199394191825451]"
19903,656.2219187867444,418742.33320431,"[0.17562295636499453, 0.590613475739681, 0.21241922737238808, 0.02134434052293632]"
17697,170.49921151192183,570960.2556486548,"[0.14723141427331468, 0.6762808320644881, 0.02434776305867724, 0.15213999060352]"
11434,342.80403410247453,664797.6962222576,"[0.1848459906389681, 0.5428990437870271, 0.1469662018623554, 0.1252887637116494]"
10696,48.41744391693488,278113.8672289093,"[0.33752241758853935, 0.16122324668796575, 0.17981701516232418, 0.32143732056117075]"
11163,529.5153814853002,794938.9734327468,"[0.08941351459118431, 0.15106820239669316, 0.6948863451638773, 0.0646319378482452]"
1040,199.7349959605507,487051.406313378,"[0.4812361660550099, 0.046066914607533496, 0.29834558055379345, 0.17435133878366302]"
8236,564.8834640780713,848118.9155523926,"[0.03363609510652826, 0.7114145825393414, 0.12898725030503994, 0.12596207204909024]"
6536,541.191442588374,933434.4958795636,"[0.47023542853566375, 0.08467654842900661, 0.21155375775203572, 0.23353426528329385]"
7937,734.7068555720032,941383.1447049596,"[0.295980022013476, 0.021194833966093625, 0.36989444645599545, 0.31293069756443487]"
17452,874.1576777188548,433899.1424680056,"[0.22687288840343062, 0.17129622028248978, 0.2738591335574314, 0.3279717577566483]"
10186,420.0784284129974,934713.4666242534,"[0.40088288811302997, 0.22139790602535542, 0.2556198009741317, 0.12209940488748292]"
250,822.5429788943167,780854.9987725096,"[0.6787452661330966, 0.007424687279973772, 0.20213377906147945, 0.11169626752545017]"
19103,429.0783296747614,721236.7093358276,"[0.20040293870234951, 0.05858169708075151, 0.1523767782425656, 0.5886385859743332]"
2026,861.0896984869522,734569.1681515642,"[0.44080381867691176, 0.2037778450103009, 0.208838732947804, 0.14657960336498335]"
8714,64.94534842728807,923406.9021176297,"[0.003886810564101168, 0.4415550206356555, 0.029067541482754537, 0.5254906273174887]"
18909,532.6064609789435,430915.3290827958,"[0.11628255069218664, 0.3946923948013582, 0.22012736481153236, 0.2688976896949229]"
9156,83.69725461386494,276300.35472519044,"[0.11701054588102282, 0.44079987311186913, 0.017466475210026373, 0.4247231057970817]"
3263,543.2889144296005,249935.63450995323,"[0.024215455095622073, 0.10362337740975444, 0.58837880178031, 0.2837823657143135]"
6232,334.02289687022864,135571.53792641143,"[0.28768545554839137, 0.05333716744505817, 0.02453440076097183, 0.6344429762455787]"
16988,373.1891307470223,224457.50204781123,"[0.28274367456080235, 0.4020241408892659, 0.12847262675726545, 0.1867595577926663]"
17776,139.48047041999232,433831.16827480734,"[0.00456068782700067, 0.028945709244561788, 0.0897200910966758, 0.8767735118317618]"
1542,662.0353516140856,595317.9414831672,"[0.09383952239608045, 0.39964522624465054, 0.4422532066221585, 0.0642620447371104]"
19763,321.84785602739294,943844.64696881,"[0.12002158259612013, 0.16275694807579724, 0.14443164461777427, 0.5727898247103084]"
15980,704.1303487422363,612652.0026574461,"[0.08815612646463572, 0.33402574801674884, 0.3624307734891709, 0.21538735202944456]"
16225,680.1239438992974,546587.2915163769,"[0.5790176963383551, 0.27365869576036606, 0.09204755027623258, 0.0552760576250463]"
15159,629.5599170305564,134885.63225540685,"[0.754480817404761, 0.060615467095641445, 0.1777604802742604, 0.007143235225337063]"
1954,441.0453482614437,856614.2026712003,"[0.09516549562952267, 0.24534617310404358, 0.5100720370307632, 0.14941629423567054]"
16744,324.9036807322997,758003.2484273947,"[0.03153100043738932, 0.2121839594263071, 0.57711052252807, 0.1791745176082334]"
8189,562.6610628900933,773842.2863619508,"[0.14992631273277643, 0.11318435447844453, 0.6949283496407627, 0.041960983148016495]"
9409,449.9712288208229,257979.13385942084,"[0.3819057730974632, 0.314771105135534, 0.2360725909734003, 0.06725053079360241]"
16880,956.5556935463824,360421.5510150969,"[0.6727911140254194, 0.015597114645302477, 0.24676548362881506, 0.06484628770046297]"
17401,253.5508370445661,247880.88432890177,"[0.19965557368802475, 0.04157191820457039, 0.27921713239621604, 0.4795553757111888]"
19535,194.134364320366,247638.18949664343,"[0.3394600935691621, 0.0067853101159446975, 0.29765061338853716, 0.35610398292635603]"
8168,892.4704653451873,715836.9874510496,"[0.5190453180480782, 0.07066111307108028, 0.01275221422351871, 0.39754135465732277]"
11816,603.4047736379064,665907.6192728151,"[0.022338051378651164, 0.9311871433141745, 0.03198431281609458, 0.014490492491079839]"
14189,319.57127340314065,926914.5431001704,"[0.44598717505808716, 0.29346115866148875, 0.033791418149817155, 0.22676024813060697]"
6131,828.2516801974634,251296.9002984873,"[0.2993610177641282, 0.515690395526696, 0.018567753104463115, 0.16638083360471265]"
12419,348.101900067447,698555.9609440505,"[0.10438470349725706, 0.0710870502747059, 0.15505988801033457, 0.6694683582177025]"
4629,841.2150514862188,635838.7294827553,"[0.4583631965271729, 0.016670898066695305, 0.03500854892010728, 0.4899573564860245]"
6967,607.510948056096,203201.97158628947,"[0.20295658116776205, 0.32958659257776174, 0.027737541719956557, 0.4397192845345197]"
17732,605.460551960889,135438.17979069147,"[0.05392104524094426, 0.5244512499082421, 0.37728706735218986, 0.04434063749862364]"
11112,964.809615228445,873852.0051609101,"[0.39750836803145745, 0.3164985306379409, 0.04336950410618618, 0.2426235972244155]"
4642,925.9777100950732,401513.9168141163,"[0.2765613751564858, 0.1480022609836936, 0.5346966392741312, 0.040739724585689474]"
11732,260.7255318686938,151849.3224140635,"[0.03626109005752785, 0.013520807620218768, 0.05451406512181865, 0.8957040372004348]"
2063,279.0236169734833,887137.2070768565,"[0.3343590057342029, 0.25261160446090597, 0.3740733761612603, 0.038956013643630875]"
7401,860.9692076568317,446526.4930222077,"[0.3964483534771576, 0.08389528769075251, 0.15747531953905483, 0.36218103929303513]"
17122,124.36875206042396,522684.92742454784,"[0.49368237454081226, 0.12143290891317236, 0.1464141561837564, 0.23847056036225894]"
10783,281.47705767791075,391273.2705610639,"[0.0847554202892437, 0.01361106964731087, 0.6758809634808101, 0.2257525465826355]"
4381,906.0712029332478,795776.3469221646,"[0.4163235501901796, 0.17840773685277583, 0.14137676659322834, 0.26389194636381624]"
14752,194.89014872557763,567875.6668394977,"[0.06032359317948926, 0.1279541016327692, 0.5264234149284717, 0.2852988902592698]"
4700,156.34150449987396,503008.1138272988,"[0.05479348213772249, 0.28746962721173863, 0.3680663805720452, 0.28967051007849365]"
19165,435.1524302972747,611559.4655907764,"[0.5802376484493745, 0.18133640088575334, 0.12186487859093537, 0.1165610720739366]"
16982,222.9623338794456,581964.9469763048,"[0.572868568043411, 0.047062712561263244, 0.08594903658605411, 0.2941196828092717]"
600,828.2360841747917,443579.6426636525,"[0.3915696122556735, 0.17749729368971587, 0.2972099833139781, 0.13372311074063245]"
7835,188.33370362173744,769817.7162581554,"[0.16048082661306423, 0.47098344434386125, 0.3071302496572632, 0.06140547938581132]"
2399,628.7053909246107,434740.4424341638,"[0.08506666516150294, 0.702018627008164, 0.009759062662485706, 0.20315564516784748]"
19694,111.5699298302736,544266.7033922194,"[0.16239002507404804, 0.07500304466305326, 0.762131452125153, 0.0004754781377457317]"
11318,575.1176629848392,582638.2252798455,"[0.1157675002588848, 0.4429689896537857, 0.06947691794021955, 0.3717865921471099]"
17829,131.36291451902378,783902.1058345693,"[0.4277841833084394, 0.08740998013103948, 0.11359266226917322, 0.37121317429134776]"
10524,860.0931922859362,413810.6018784688,"[0.1540200244576804, 0.047865464054252634, 0.664433815326691, 0.13368069616137587]"
18889,898.7266825646335,267253.15144093614,"[0.08641718936515047, 0.5241771033348498, 0.2764055134576925, 0.11300019384230707]"
4438,570.2840284768849,660477.8249232097,"[0.36145841238905274, 0.20032212215249345, 0.20389276957524965, 0.23432669588320415]"
8038,926.4672636861858,773486.8738475104,"[0.22370722621482178, 0.3795656525096411, 0.0713637181832927, 0.32536340309224454]"
15744,130.81413150996678,746007.0409838003,"[0.18171800084747325, 0.08352107883128083, 0.0633811554514184, 0.6713797648698275]"
4453,765.28650128798,964807.6255444796,"[0.7633702698032638, 0.14998786723980062, 0.010436860788613871, 0.07620500216832153]"
6643,673.4117245090874,384503.2622386331,"[0.05672753258538545, 0.10624458182669641, 0.539951296700095, 0.2970765888878231]"
14933,146.95745745130165,481085.559483992,"[0.1304783702196231, 0.6847210803674079, 0.08477883565844911, 0.10002171375451994]"
7564,530.4300054817688,330686.39098910976,"[0.46620519993445486, 0.26093754059194596, 0.21525969295384434, 0.05759756651975475]"
8613,801.8960950026236,363304.2286045992,"[0.2458342335943475, 0.1691094332394431, 0.1105860003104342, 0.4744703328557753]"
18148,876.9394573868387,285133.8782786753,"[0.13344534746365896, 0.20217858289203278, 0.41153737957295117, 0.252838690071357]"
16672,466.6460902292338,897683.8570325396,"[0.4248420970705314, 0.11120419317104327, 0.14385340265423488, 0.32010030710419046]"
10433,445.8416994052009,951895.5132460766,"[0.7207001930633842, 0.16276354540669044, 0.09956976504874467, 0.016966496481180784]"
19063,965.7556692032756,580113.7688496783,"[0.0218371119569788, 0.5870393586478069, 0.25876600202724287, 0.13235752736797138]"
742,226.4401596392488,734692.9539511567,"[0.1631059259292328, 0.3120956913900119, 0.3245297166129115, 0.20026866606784388]"
16037,999.2208621072764,498939.1358546901,"[0.30469068312492426, 0.3204132571843837, 0.14123060693526665, 0.23366545275542547]"
17225,499.02370854483456,159916.59386168676,"[0.018560678229524962, 0.3354197326622838, 0.18591102061721287, 0.4601085684909783]"
1339,405.46225629333446,941071.5048153384,"[0.5122248668934163, 0.22872697822288468, 0.16668116542821246, 0.09236698945548666]"
5758,203.51707558028545,461624.908621064,"[0.10991329310988207, 0.13203292630434812, 0.14454459920143162, 0.6135091813843382]"
2328,839.3520096492393,826940.6917327836,"[0.6698979648579064, 0.1793616071732845, 0.13281276075504792, 0.017927667213761038]"
19175,79.20541844435077,658284.8471786901,"[0.08607227082811143, 0.434273434405275, 0.22834416591828138, 0.25131012884833215]"
10165,72.6906635104608,131334.92213029377,"[0.11881124752701641, 0.33813008282922946, 0.047531616697957725, 0.4955270529457964]"
15369,71.05758399958793,145820.62498988057,"[0.20428387958370353, 0.40078474886342585, 0.33943866268047385, 0.05549270887239673]"
18402,68.3413429580967,699362.598741356,"[0.10004707638101301, 0.36164237467210897, 0.3030712327949134, 0.23523931615196456]"
12672,285.6984412619236,197595.1290715838,"[0.3795501141998301, 0.07515997820131182, 0.056106739097611213, 0.4891831685012468]"
12792,940.5549522743672,933299.4450271892,"[0.12723446587394008, 0.07608362833700405, 0.7926820008848005, 0.003999904904255554]"
3952,242.74562345800788,269270.0131466461,"[0.04086368053355937, 0.7177103658717264, 0.13081876620111882, 0.11060718739359522]"
13138,933.2610924526604,458095.45699379145,"[0.07543623236758268, 0.5791858065809397, 0.33830996603458674, 0.007067995016891003]"
7974,429.4662759909227,720349.9179895439,"[0.007009708299271765, 0.23653019668915765, 0.7032478453851082, 0.053212249626462586]"
6802,517.2193103564159,213507.52306346875,"[0.1575424058991194, 0.33792675831661223, 0.3926656422915203, 0.11186519349274807]"
15008,968.7746682862266,150467.93674001424,"[0.4075166185575672, 0.40114471456636086, 0.13098815243343218, 0.06035051444263974]"
3394,640.8142687192293,720757.4561490992,"[0.027581441160098554, 0.13865418936808674, 0.5820331590678567, 0.2517312104039581]"
10468,699.2658898659159,289301.13216824783,"[0.05058652877827439, 0.004243278987057494, 0.8421824787978104, 0.10298771343685789]"
9082,523.7069004822705,463898.2090909661,"[0.21693041797176527, 0.25633093782525873, 0.17170727272102676, 0.3550313714819493]"
19912,124.61580801016918,169545.12784765294,"[0.07862859492317543, 0.6106793198275187, 0.1260351177518001, 0.18465696749750565]"
10097,201.5148461346344,731468.2735325493,"[0.5568825660148861, 0.12294793527541194, 0.12236800023641159, 0.19780149847329045]"
4128,57.895216654423685,910992.4972867778,"[0.03555808759156544, 0.5738053099721163, 0.3294771957640441, 0.061159406672274055]"
15737,372.6258819794501,979211.5229252652,"[0.04684435259877632, 0.2486836012363897, 0.20579100653426174, 0.49868103963057225]"
9475,731.8126145317858,414093.7905622597,"[0.17521672096209057, 0.0536697382053667, 0.19839795839083785, 0.572715582441705]"
14333,996.9226849234408,785596.7276989183,"[0.3041092791325692, 0.07305297019464338, 0.21183181986933516, 0.4110059308034523]"
14301,668.8364228619126,625464.3352501035,"[0.38355395658367325, 0.2547331078848371, 0.12921195810528702, 0.23250097742620268]"
19232,666.7772365421833,150718.90577517048,"[0.006242097650833608, 0.38392256805447394, 0.16950378486564477, 0.4403315494290477]"
3741,285.92118831421413,434363.92381756566,"[0.05502993204900361, 0.13109168622281964, 0.5210679999212473, 0.2928103818069295]"
12074,183.89650490484823,464469.5794087711,"[0.5443352956210901, 0.36302068040584595, 0.007645383561366899, 0.084998640411697]"
14300,476.2152654974113,259911.1111218893,"[0.04155317588652169, 0.46496574339452956, 0.2564369686594281, 0.2370441120595205]"
15791,611.1352335716451,642711.7897967199,"[0.35847571286916174, 0.5034294815153213, 0.13721647540636348, 0.000878330209153502]"
14774,259.98411624206176,776583.9295707732,"[0.32630371005385794, 0.336918844406082, 0.3179097262038646, 0.018867719336195396]"
18050,373.5790276295081,528743.2021323936,"[0.0012632968877293017, 0.8690340195697934, 0.03739179604421429, 0.09231088749826297]"
11813,438.9714369969775,312502.2480216078,"[0.21094624958208835, 0.2987179806747949, 0.20268401060751556, 0.2876517591356013]"
6580,310.11999451344025,346920.68001761776,"[0.0350886128692032, 0.6158204686370364, 0.07961315058541447, 0.26947776790834593]"
2741,662.6156419154221,185251.76292408296,"[0.20339457158142865, 0.3677146839248314, 0.4011199754700016, 0.02777076902373822]"
19697,947.0421509428164,378235.85049687605,"[0.03475191918782783, 0.23340718198869964, 0.6738313312636453, 0.0580095675598274]"
15608,487.54037512774113,880511.2355983594,"[0.06919817626805937, 0.5352781246098218, 0.19605663228230863, 0.1994670668398102]"
2152,197.3283497531982,748418.9037446714,"[0.08947541994130277, 0.07607059151137777, 0.308488021678359, 0.5259659668689605]"
19547,795.9330732563322,225693.940515116,"[0.8389375621546217, 0.13768053841520334, 0.012939475357617606, 0.010442424072557457]"
11260,290.61646813031643,758167.5390012793,"[0.21374511785945846, 0.06378370133568625, 0.09949677786916651, 0.6229744029356888]"
3787,750.7518219358373,923808.870685658,"[0.6073870815741901, 0.10477363567783232, 0.09204993405523264, 0.195789348692745]"
10121,619.188716707885,380386.5280341064,"[0.10847442798910571, 0.06350605768144363, 0.2800267314812015, 0.5479927828482491]"
369,148.71712754523475,599734.3744864957,"[0.3228807749368954, 0.5892374793638775, 0.04627689416444364, 0.04160485153478361]"
2428,313.535419452818,690573.2758597223,"[0.03074401305675406, 0.5787772347566214, 0.2769264099738116, 0.11355234221281309]"
6418,380.609327516538,794723.913375528,"[0.07302779065679216, 0.12499206749882377, 0.7357391770773926, 0.06624096476699137]"
13343,754.8636791213416,407222.5652398638,"[0.3402932671882171, 0.2366749764235291, 0.3404577756044664, 0.08257398078378742]"
10973,417.7475639384626,744047.4273253811,"[0.224106693745729, 0.2293096401954302, 0.1182265878617468, 0.428357078197094]"
10837,437.9631932160199,496884.23055150895,"[0.6810981403712686, 0.09788188213079707, 0.15891862145045224, 0.062101356047482195]"
8341,767.9685866634195,440152.7155802848,"[0.31808664933571196, 0.23123829019739642, 0.10318042233607329, 0.3474946381308183]"
5660,996.1926473153756,547229.4005929946,"[0.30704564098898773, 0.03175949691162095, 0.07569916667109779, 0.5854956954282935]"
15208,484.59753242614113,222990.3425659303,"[0.19468756075900281, 0.3989278135460418, 0.22677229819358855, 0.17961232750136688]"
8141,855.8629664004515,112074.02691117914,"[0.1739149316612579, 0.1753494416871617, 0.06617837699385834, 0.584557249657722]"
8769,594.7008778999412,708212.4031759461,"[0.4098262805693541, 0.16396035220778993, 0.36807227306504575, 0.05814109415781032]"
15488,366.8558807635686,121695.17429843632,"[0.2526800412780415, 0.39211376100624024, 0.3067111240052559, 0.048495073710462404]"
2415,582.7344212749861,149407.0823869231,"[0.2077675933794433, 0.14216019189890913, 0.37452525115594615, 0.2755469635657014]"
5416,807.473726791744,328515.9635492222,"[0.02638561709242399, 0.36753793983722255, 0.39419238301135534, 0.211884060058998]"
9502,381.4159385897751,964999.450854699,"[0.08668962478602439, 0.5225955076151358, 0.16179023487174796, 0.2289246327270918]"
7363,886.3267881238826,845594.5409330805,"[0.017756144506902872, 0.5050589551960101, 0.10296882995510719, 0.3742160703419798]"
4747,394.68570265400206,735689.2197087476,"[0.0370097640723085, 0.20661059857886, 0.5525728208149473, 0.20380681653388416]"
18210,394.9579583528701,282620.9930169056,"[0.22159646552604992, 0.37737668030809096, 0.04787977615807618, 0.3531470780077829]"
2469,610.4083845529979,624425.0210729897,"[0.08580293401105685, 0.33404959427438946, 0.37750183449555247, 0.20264563721900128]"
17966,554.4172296427366,558110.6149723069,"[0.5124807462656005, 0.20929187668610164, 0.15582360797667055, 0.12240376907162726]"
6385,818.3592751819602,124640.94705128574,"[0.14886755258334577, 0.2918411417436794, 0.4959538499763824, 0.06333745569659212]"
13442,832.4821947610968,229619.0881817736,"[0.2735708842874517, 0.6671092941301954, 0.03946973792422373, 0.019850083658129094]"
18821,669.4728607074551,314788.3331077791,"[0.13359952430509053, 0.0003565033467880272, 0.7289474409152125, 0.13709653143290895]"
3574,848.4133740511176,226943.1697320208,"[0.1981453452495716, 0.7092088301042117, 0.07181140613955143, 0.020834418506665234]"
2164,791.492120888938,601288.423002294,"[0.0025557881320064702, 0.5097459027158985, 0.2599080904521805, 0.22779021869991464]"
9118,594.8792740157568,267998.88841436175,"[0.30468333582577295, 0.07444396931703953, 0.5027150071292968, 0.11815768772789076]"
1452,683.4392301914636,702501.9227962638,"[0.24972930633789656, 0.11289386316975768, 0.4277598032829272, 0.2096170272094185]"
19808,321.31782264703827,338686.24887061515,"[0.04488073255071684, 0.1429383512555826, 0.5381494562430092, 0.2740314599506914]"
469,428.4142111246509,619770.0990263969,"[0.16786715675399733, 0.4006209825929538, 0.23674556698632132, 0.1947662936667276]"
17662,110.37640336015023,702339.6256442065,"[0.18406775176561613, 0.6482603827541555, 0.06009692984711515, 0.10757493563311334]"
19214,285.8668930696168,163740.2589393156,"[0.5328751072696055, 0.06812702102750443, 0.12515292251361734, 0.27384494918927266]"
18983,630.480432921095,395879.9889677087,"[0.6897386303943852, 0.16983829382443236, 0.014344047438732912, 0.12607902834244963]"
9392,763.7625961830043,227156.06038030225,"[0.2040893831021195, 0.6087418055996048, 0.15752646560003802, 0.029642345698237763]"
18253,926.6014666990168,164280.49970205227,"[0.5337505748515512, 0.03243351074030028, 0.015622660050917381, 0.4181932543572311]"
14592,557.9411905219447,761431.1674893572,"[0.16119979124087605, 0.4878159422531663, 0.3074756583262429, 0.043508608179714796]"
1133,812.097682925016,446971.8289066298,"[0.11742595429153188, 0.1393258831806449, 0.22345976171781948, 0.5197884008100037]"
6701,566.5344648883473,596527.5051514579,"[0.04016080724974708, 0.43591390359879273, 0.4226497753740654, 0.10127551377739487]"
7950,265.3472156616698,738599.243999498,"[0.03029869101166155, 0.2880757432252813, 0.28995247641084, 0.39167308935221734]"
11267,776.2586615378447,138500.61681227677,"[0.39447593251861673, 0.4380732421207795, 0.10812575200548173, 0.05932507335512198]"
15053,48.792728767626826,334612.23725719424,"[0.4335886134036296, 0.3899930806701009, 0.10880001410899409, 0.06761829181727538]"
15466,889.1364136620001,679497.4083841613,"[0.12422518287445147, 0.45622853729472695, 0.00945813534274631, 0.4100881444880753]"
15340,980.7965809798133,783445.714988659,"[0.05159523427682507, 0.24571549485671085, 0.234985265212897, 0.467704005653567]"
7002,38.431613479644696,796318.4982159314,"[0.07380677388341038, 0.1315207226193685, 0.5705370258772443, 0.22413547761997685]"
3970,892.1302155963392,299255.5280698947,"[0.10261645055776623, 0.26865622274574624, 0.43301897360038005, 0.1957083530961075]"
7539,663.7700439167844,656149.7693585028,"[0.2068612983167997, 0.43868610170451944, 0.31176923927013406, 0.042683360708546794]"
11731,53.21580703984333,185796.7552857224,"[0.4989700501961211, 0.13789515109510897, 0.36076579359455624, 0.0023690051142137417]"
11754,754.0038443528935,664307.6742967488,"[0.010113804137495188, 0.132038596793359, 0.535385810823972, 0.32246178824517385]"
1092,119.2209227333721,790129.1338705412,"[0.26737569985669124, 0.1896619912954387, 0.08402814087963477, 0.4589341679682352]"
8739,818.5044331534718,773915.1866223174,"[0.07435619324495428, 0.17334464748623363, 0.33407387747446093, 0.4182252817943512]"
17337,452.1242653400258,111326.4449500078,"[0.21306669736318146, 0.040324441903689105, 0.39463266031589056, 0.35197620041723876]"
16133,927.5123408293372,473781.1948419276,"[0.072619068812484, 0.11406842785227622, 0.07318140355854431, 0.7401310997766954]"
16849,782.0021741069085,225987.4635075187,"[0.2565319906435469, 0.23808286709354654, 0.21136087678100834, 0.29402426548189814]"
13213,513.935993659188,131778.31560699508,"[0.083877530448662, 0.0010779986968898069, 0.41038700254263033, 0.5046574683118178]"
5511,609.3245333115514,489757.5381419837,"[0.14147004514218028, 0.24397499700066125, 0.03849238054106112, 0.5760625773160973]"
13829,771.070607068601,276436.7800614805,"[0.6385460569755533, 0.04274301125215055, 0.239693751014984, 0.07901718075731196]"
428,651.6512502528476,404607.5114586566,"[0.35078716079055283, 0.14428646149096527, 0.04498362858802009, 0.45994274913046174]"
10345,24.242292457459147,165165.08314184877,"[0.37400986480787746, 0.3476552152896944, 0.004512644422948527, 0.27382227547947957]"
19637,708.080915035292,911626.7347519976,"[0.11861472539400517, 0.3256012492558478, 0.4775927437906164, 0.07819128155953059]"
12969,430.2683918397412,345983.5677380607,"[0.017832917732673297, 0.47677079552188023, 0.1579750855083188, 0.3474212012371275]"
8363,274.05397141341354,243690.0260946681,"[0.014579617479242567, 0.7901671488209678, 0.08941748627863828, 0.10583574742115141]"
9931,978.923514662348,224237.948749659,"[0.5509049900185715, 0.013962777973164014, 0.14284028968465518, 0.29229194232360933]"
2645,39.48649023930264,119786.17112790908,"[0.48842618981693214, 0.37156637848641616, 0.014242640529360775, 0.12576479116729103]"
7721,874.4483172054275,625479.3141967835,"[0.036684208416810235, 0.532700587864804, 0.2841505307674044, 0.1464646729509814]"
16625,674.5743369479126,825052.6840863251,"[0.42538897464297487, 0.008496460748787722, 0.11465689248934817, 0.4514576721188892]"
14787,842.166384288808,465545.0009794614,"[0.020963517138453205, 0.2979367001493299, 0.4328907306922164, 0.24820905202000054]"
5764,136.4844688001744,365236.38409586233,"[0.22613281252033843, 0.014501296935096776, 0.15638035475035278, 0.602985535794212]"
19982,477.0419619087607,175007.83579215768,"[0.008866055163432226, 0.06583310483939868, 0.22018353233038637, 0.7051173076667826]"
19754,812.4713927701405,609461.7574586651,"[0.1363489479375559, 0.19653253352394073, 0.2175767876882308, 0.44954173085027255]"
1974,574.2840902497063,810217.3894357751,"[0.5597769625412571, 0.22422065642121028, 0.08153792043949559, 0.13446446059803718]"
4063,285.7920477946638,718549.2904262042,"[0.4111564151167874, 0.07061350761403634, 0.0012572457713664218, 0.5169728314978098]"
16808,825.2110945459882,910186.7085225432,"[0.3592443534675141, 0.0487254749537006, 0.022261629203412382, 0.5697685423753729]"
11760,689.0991534232551,857135.8624726747,"[0.18278837691132985, 0.28339301568726444, 0.12548238315674984, 0.4083362242446557]"
3138,287.93799277236894,457955.32845130784,"[0.2535905799055476, 0.2512681175701247, 0.36065918787766865, 0.13448211464665918]"
2358,456.036329886204,872989.8492285804,"[0.0628971115698254, 0.497699581275207, 0.1998578510114414, 0.2395454561435262]"
18419,107.1669996146612,573317.0808004502,"[0.14765584584082608, 0.23253163044794078, 0.534236279684064, 0.08557624402716915]"
9394,956.273326056624,225420.48104689943,"[0.3169602360451284, 0.07581760204449865, 0.5961122049335509, 0.011109956976822152]"
7975,646.3564148521606,893591.6147902167,"[0.5893066324071684, 0.020579880772733202, 0.1644120255768301, 0.2257014612432683]"
8654,912.6144009316412,902973.3372818764,"[0.13415253735234103, 0.008178816724784757, 0.44735004694668173, 0.4103185989761925]"
4349,898.5249589433038,358667.57469573943,"[0.6628391331882627, 0.0975720734296115, 0.12365204886705199, 0.11593674451507394]"
8158,120.97867094407512,114138.55324241478,"[0.08125423033667566, 0.3741480182618965, 0.2443029868403911, 0.3002947645610367]"
3295,244.23344694056905,457046.1044388351,"[0.023495273226830427, 0.15147247066177197, 0.2217140437658322, 0.6033182123455655]"
13640,693.2547811830397,355220.2509189109,"[0.32327250047386596, 0.558874628239597, 0.05087595354957918, 0.06697691773695778]"
10243,507.466837062187,580649.967861184,"[0.01977239308186026, 0.04087714884774949, 0.5376614567849466, 0.4016890012854436]"
5734,237.91054847240167,437672.9245691458,"[0.2714080824249682, 0.06600026047606736, 0.28933036601197215, 0.37326129108699235]"
10157,287.4760161666911,470111.9987809245,"[0.343432516881556, 0.0029683265385320123, 0.35727279789029903, 0.296326358689613]"
3725,971.6186713351416,609385.3841994386,"[0.004339733446711375, 0.05460864833361352, 0.31300236689543853, 0.6280492513242364]"
17363,896.7859193919728,455996.9945488657,"[0.07043282017221866, 0.2531574675239278, 0.3486915834263106, 0.32771812887754276]"
10236,491.2319648493177,508935.844164723,"[0.2146559902685266, 0.003227012490248405, 0.7630026530696382, 0.019114344171586743]"
2126,708.9060971805476,818406.6574137616,"[0.01022320164614384, 0.7661002034136515, 0.14119970424569223, 0.08247689069451235]"
8567,167.5601568583091,825818.6690112419,"[0.030989952341167616, 0.6779795757812805, 0.031178600293862616, 0.2598518715836892]"
16773,466.3270098053461,244166.4644393372,"[0.23086588131998256, 0.6295436947472213, 0.07123403991828395, 0.0683563840145121]"
12315,406.7454953701565,876471.8241373589,"[0.24853600434156228, 0.3201405951001736, 0.4278575700487028, 0.003465830509561245]"
4203,265.6418524760187,616743.6456373722,"[0.18998081385689328, 0.05010809059914923, 0.4658963998049636, 0.29401469573899397]"
6414,843.9577766140802,531400.845816557,"[0.5615148388119672, 0.2015526964098568, 0.02345179106581872, 0.21348067371235713]"
9607,607.7724566926993,581251.7237696178,"[0.33125328866463166, 0.307493504850418, 0.1280325173620373, 0.23322068912291308]"
18798,37.98168539617736,709441.1890947798,"[0.08452323806746374, 0.006515463832030329, 0.46076400323279454, 0.44819729486771137]"
1045,608.959430716507,981612.2186019298,"[0.20054014649625482, 0.184709294542855, 0.5651128202263364, 0.04963773873455391]"
12752,941.5698774355384,722961.8353523805,"[0.3059327366047376, 0.2333458044670714, 0.41776727691943477, 0.04295418200875631]"
17324,226.2761503005862,531630.4334693267,"[0.35144874536601495, 0.230026723445448, 0.13641582056464038, 0.28210871062389664]"
15641,624.1200524334106,971053.702403932,"[0.3536718408898724, 0.37933176427219906, 0.24077680898679055, 0.02621958585113793]"
11209,826.8033530717684,435998.6845918733,"[0.11355929941233137, 0.5278539886611526, 0.10378177858775438, 0.2548049333387618]"
17288,91.25490789798128,643424.285396588,"[0.08040018075490625, 0.06938638384385375, 0.4922465853837116, 0.35796685001752837]"
5165,236.39858710586785,193230.3513871038,"[0.17676401036773043, 0.7238921998346685, 0.02581082379716131, 0.0735329660004399]"
8730,436.7499565250324,639079.019843525,"[0.599941182396221, 0.16226054775077595, 0.08763767084028934, 0.15016059901271359]"
2010,255.5199460401365,816379.7306768635,"[0.2824116177473913, 0.17607024244692146, 0.13119493322127745, 0.41032320658440957]"
16478,725.5457745413132,970749.0848619709,"[0.1069239235071622, 0.23452563568116275, 0.6160314145263376, 0.0425190262853375]"
1393,395.412529239894,791677.4605138534,"[0.512653040473706, 0.04949638105253375, 0.3827586561328062, 0.05509192234095406]"
8639,762.5121353371213,837509.5298416537,"[0.1557184865004562, 0.5486034019135162, 0.2866872808729626, 0.008990830713065025]"
18857,772.2030053442893,498494.8734042485,"[0.1735505663866505, 0.2219126242697852, 0.04442344417974242, 0.5601133651638218]"
2802,477.0959459759888,104666.87036272428,"[0.2074502908234764, 0.15804630420706156, 0.19472672832308166, 0.43977667664638026]"
846,123.86882705458603,399416.7007791203,"[0.39170219119265054, 0.10350941184601752, 0.029655758801699142, 0.47513263815963286]"
18991,660.63790862262,522816.4288430118,"[0.15076892368545616, 0.3473767309517135, 0.4658036816874165, 0.03605066367541378]"
19726,237.1037877582501,216463.15057173127,"[0.6329079782705983, 0.2385801487258975, 0.0773290415151297, 0.05118283148837448]"
9175,332.1783478822802,314623.69780785614,"[0.21381676273053782, 0.11906047954759422, 0.21125967246610444, 0.4558630852557635]"
4282,295.60058128612894,566320.0974651235,"[0.1880269871482636, 0.21633925241120405, 0.2130997802488254, 0.382533980191707]"
5617,871.3821519938172,889906.8174060656,"[0.08164465890593386, 0.18847288743642643, 0.31579136868020996, 0.41409108497742975]"
14811,712.5923294145551,985262.2804840964,"[0.004186666052575155, 0.35254081909688834, 0.4892617677180542, 0.15401074713248233]"
14284,593.3667708364172,748064.1618520962,"[0.5449971866790797, 0.042078763790391015, 0.3110240548939748, 0.1018999946365546]"
13274,764.4518314443819,155189.76348592644,"[0.7123661593110855, 0.040954312475356774, 0.19931090077783023, 0.047368627435727485]"
7872,778.3132206291344,250204.79064003803,"[0.04206160431691769, 0.5839068119398496, 0.06953496393720236, 0.30449661980603027]"
15873,242.7194207702292,675044.8283796288,"[0.010462257184661499, 0.0397143149386754, 0.6870639058795365, 0.26275952199712665]"
17379,587.3984863089462,722824.2873876158,"[0.10526495005280168, 0.48848765994704946, 0.24874124277989623, 0.15750614722025258]"
16753,432.27197588918807,903177.2054916706,"[0.31657194354391827, 0.38498345844255133, 0.10704092899979555, 0.1914036690137348]"
7116,67.82079537148036,600076.3585603328,"[0.35126551389622596, 0.3042969149245988, 0.18175645688664432, 0.16268111429253088]"
10335,347.2392230816882,176867.0474902577,"[0.1456627684817428, 0.1263760154062526, 0.4355688289843275, 0.29239238712767707]"
14702,183.7443865977924,313326.1044286826,"[0.23717304034137388, 0.07394407929002687, 0.15577180653146538, 0.5331110738371339]"
6912,164.19481516109926,748678.9153031611,"[0.560527977091299, 0.13177252506169218, 0.21314073532224082, 0.09455876252476787]"
6826,769.8665508510315,886490.2763274682,"[0.19299122146824962, 0.13930109930088339, 0.26294962423892365, 0.40475805499194334]"
10254,35.8817522686267,433428.84487622016,"[0.19270680358918715, 0.13695242185648349, 0.15876463065643934, 0.5115761438978899]"
13256,36.24822499763786,909351.6201040344,"[0.3087577365847332, 0.4110705873095277, 0.018776134993888367, 0.2613955411118508]"
5913,694.6631288560365,605992.1737882233,"[0.24721851919505236, 0.1497364991570724, 0.4650955527439027, 0.13794942890397266]"
14531,660.6841813900528,190146.75011238863,"[0.28082108481065865, 0.32273863044518636, 0.25695642049361633, 0.1394838642505388]"
11873,722.6001557347989,829570.5215056111,"[0.18514798983299355, 0.7707913891580755, 0.04155925327944632, 0.002501367729484607]"
3402,652.0406102826403,642476.1333193411,"[0.09773096994917699, 0.3943361570929654, 0.10900484247533358, 0.39892803048252423]"
19845,339.45404754355854,481639.52338212833,"[0.1911435985562832, 0.25619565778867215, 0.46100791601146474, 0.09165282764357989]"
15652,10.258129012239332,562270.7750251595,"[0.11699821575675375, 0.2593321067863526, 0.5556412730336447, 0.06802840442324902]"
614,35.20059622673329,351950.12438779324,"[0.4150777767639319, 0.29352854047045424, 0.289604568118786, 0.0017891146468279227]"
9405,122.7736225397838,388946.13032510056,"[0.11611174755163198, 0.005818241796998687, 0.8179782541959664, 0.06009175645540297]"
13005,120.10597076998704,318775.5986930381,"[0.004820547232646913, 0.2551377789342072, 0.506520185678285, 0.23352148815486098]"
9800,370.23175283893096,633181.0416471253,"[0.022203333794518314, 0.21101899888071415, 0.06172138044892275, 0.7050562868758448]"
19871,997.225759926388,700821.0707632491,"[0.4191953395153373, 0.24895490261468237, 0.1627314248937518, 0.16911833297622855]"
15221,324.8961147377885,805021.8426332851,"[0.024205203184274084, 0.019702084236034288, 0.5112392576647992, 0.44485345491489237]"
15280,792.6778236806699,424514.1056067071,"[0.18140063271814422, 0.1885721337676173, 0.14687417725007532, 0.483153056264163]"
1929,811.6112121367012,608710.68850843,"[0.2212361811413062, 0.6997978468005525, 0.07402486952606267, 0.004941102532078699]"
285,516.309163985982,668573.6562824792,"[0.15581782513362924, 0.06010042356262995, 0.46993850345165805, 0.31414324785208264]"
11954,643.3426051284143,714988.5545347881,"[0.08137255974910072, 0.2621139551526323, 0.3376876234693517, 0.31882586162891524]"
2221,547.1469560977204,484114.36619346734,"[0.3890825316632724, 0.397761742435486, 0.12904293925299581, 0.08411278664824588]"
3608,398.71151787344536,713397.4398674397,"[0.16152521239433976, 0.05167921625862096, 0.6484262404413195, 0.13836933090571976]"
14147,883.4208209362023,546665.1763685974,"[0.8526404093661345, 0.06477572868273304, 0.08083262179959952, 0.0017512401515329798]"
8265,326.8021335287033,750249.9096630949,"[0.5126106639420751, 0.034152253513156546, 0.1942299610455575, 0.25900712149921085]"
2785,977.5758999932262,481231.2057512037,"[0.1825821880899852, 0.2266245024812985, 0.48803209524467633, 0.10276121418403997]"
439,734.2146306353619,814785.7379530484,"[0.3730412659681552, 0.08461196254275541, 0.1596985608930502, 0.38264821059603926]"
6024,444.3217366200843,694539.7709031778,"[0.05260771664668849, 0.2087883087284005, 0.4856002872489304, 0.25300368737598056]"
1046,670.7186017660168,234724.9264938196,"[0.21342683177903737, 0.1915912217956933, 0.23494207308743523, 0.36003987333783405]"
8388,27.25282960823996,609891.9724459685,"[0.1439067886026721, 0.0457215605083415, 0.13144572546596509, 0.6789259254230213]"
875,640.1544514032155,256451.7707894681,"[0.22402082170217286, 0.4907710804333423, 0.22924520483719496, 0.05596289302728975]"
11720,149.55418697542433,714439.8120921417,"[0.5767266099184282, 0.0046454100563092324, 0.34378664972440515, 0.0748413303008575]"
4549,548.9187564788192,766219.8708710012,"[0.8123058183685148, 0.11006785573813227, 0.002225723978376557, 0.07540060191497622]"
3064,216.48483791944864,753141.0413150974,"[0.4275593783811444, 0.5080557473797755, 0.050646847225682835, 0.013738027013397514]"
3734,159.27686892563327,965660.2477441606,"[0.7128780413340576, 0.045721941265571775, 0.14069727325968062, 0.10070274414069005]"
3392,681.6206694971273,544444.8248170234,"[0.025868327794300386, 0.3394195509637751, 0.3603635239450913, 0.27434859729683314]"
12787,834.105499111875,941387.6335777396,"[0.06546486105067251, 0.7102897297325815, 0.15875627139397874, 0.06548913782276714]"
2023,967.9652636027258,318258.0801265149,"[0.24161219370405226, 0.335144458736966, 0.001975864940196346, 0.4212674826187854]"
3688,524.4829070617578,964475.5802727784,"[0.12042201062559804, 0.5919469527478084, 0.0043711565436697665, 0.28325988008292374]"
6208,548.0532691333157,769913.017595609,"[0.01850930723498659, 0.3942501636889282, 0.17590257760475211, 0.4113379514713333]"
13921,574.6536121449416,215223.942793675,"[0.05786834404062191, 0.6054356454986967, 0.21237980740988915, 0.12431620305079219]"
1269,376.27802701204206,427927.87059597496,"[0.1795136856744618, 0.1849841310159203, 0.4339611504569425, 0.20154103285267533]"
2689,470.1244583729966,182352.54100552385,"[0.04944859199299527, 0.2798029089927901, 0.18999457692622618, 0.4807539220879885]"
15723,376.6309238672048,953273.145871764,"[0.6104952549549363, 0.09266912194914977, 0.10178966614702797, 0.19504595694888602]"
10272,243.9001154702411,403186.51892945,"[0.6154930920838619, 0.15634050680408715, 0.2000179014597636, 0.028148499652287187]"
3576,292.94234579833267,567740.3838878695,"[0.000218320857984758, 0.286453508330812, 0.04169876124908914, 0.6716294095621141]"
17331,752.9166395826879,365721.737713319,"[0.09984529231678378, 0.049950428400439714, 0.7644313906151047, 0.08577288866767188]"
589,820.2172187498045,396034.4427763744,"[0.2637948104009083, 0.42621396186564053, 0.03289485851228575, 0.27709636922116554]"
16145,838.5632371445524,894626.8648309492,"[0.036752581680751246, 0.6812230905001151, 0.08666759210663896, 0.19535673571249468]"
11103,952.9303082435816,446530.42580760346,"[0.08580648873448411, 0.0772282512897025, 0.3332983677220703, 0.503666892253743]"
5824,719.0027469428661,423790.91234873625,"[0.10054046586165134, 0.12202430029111956, 0.05856180693089566, 0.7188734269163334]"
6202,174.42939041102926,336152.3924803273,"[0.29278071545045414, 0.3521674677501165, 0.049014819661053394, 0.3060369971383758]"
9493,536.5318301490585,700544.5846997135,"[0.6184033848378764, 0.3131176816667532, 0.03874534385910245, 0.02973358963626809]"
7793,808.0882643102647,918810.5811891255,"[0.13354712213731704, 0.5187045742935797, 0.151753870908702, 0.1959944326604012]"
16903,327.1682931067252,388281.6725685173,"[0.5408339956017229, 0.0740869947072841, 0.11756924165894043, 0.2675097680320526]"
16361,287.75394556229656,445210.967145266,"[0.5126194063672206, 0.0843518556018681, 0.3368384330880568, 0.06619030494285465]"
6428,552.1102508897508,248443.5055864056,"[0.55566344531844, 0.2582214040522449, 0.015615438208408418, 0.1704997124209066]"
10465,94.68043172712304,959640.4607222488,"[0.25098946180319764, 0.5628995722167327, 0.039960985691055426, 0.14614998028901416]"
2774,806.0374318238337,638292.0457453054,"[0.020982905752795468, 0.612567769700831, 0.26255090559446004, 0.1038984189519134]"
2556,380.1840061176753,774316.6218590338,"[0.6745011424670725, 0.014158052208677083, 0.002302335264231, 0.3090384700600194]"
1566,378.33237436868217,398660.31840167305,"[0.1589221498493725, 0.3772020405187903, 0.034544592157133555, 0.4293312174747036]"
12373,223.24013406828496,629117.5599492696,"[0.05879501869806953, 0.1676020076882755, 0.484112058393916, 0.28949091521973874]"
18961,424.3671108158044,836308.9821443114,"[0.366753564736965, 0.1036232073227826, 0.23201961752849404, 0.2976036104117583]"
1110,508.7952394487517,828704.152669804,"[0.054348845665730415, 0.7686970909789025, 0.04529641753408934, 0.131657645821278]"
11815,336.9239046707256,515657.3944966876,"[0.6190029620152758, 0.31781452893005, 0.04014383027341638, 0.023038678781257815]"
12899,196.72846547170417,467824.38567056303,"[0.19563018083971503, 0.24639999542285382, 0.06440982949218937, 0.4935599942452418]"
2873,978.7808801483052,180125.38229968626,"[0.32726474754893464, 0.287123623044511, 0.09292382177512591, 0.2926878076314285]"
13723,84.31844798283849,853158.4788816475,"[0.4731693822000622, 0.15362256978604677, 0.21859849614787316, 0.15460955186601777]"
15361,127.83222179062572,580398.0961080282,"[0.14117110553779139, 0.18868331878238787, 0.5211512978816469, 0.14899427779817392]"
3220,546.9322651581224,782677.0631235187,"[0.1614025527673154, 0.4060099965140929, 0.11480665612478672, 0.31778079459380487]"
12582,728.9654429174309,859870.924522565,"[0.5295451663940608, 0.23248496344171646, 0.19395082087708765, 0.0440190492871351]"
11598,281.9243818101382,841002.5461394124,"[0.02158759653272484, 0.14433669109349337, 0.09640386983887839, 0.7376718425349036]"
7032,69.15545401441602,997921.941878686,"[0.13031284321778833, 0.13877601943315354, 0.07412238109882863, 0.6567887562502295]"
16891,555.0754511760222,357186.5245931988,"[0.22039592539977165, 0.028668379059146692, 0.6693854872785376, 0.08155020826254403]"
15890,114.94767846533684,884997.8317074789,"[0.17880389219990672, 0.0873978436353177, 0.6144101356487154, 0.11938812851606019]"
3663,98.53729275465788,733551.5785821317,"[0.21451881487389485, 0.13549652573363097, 0.21454915887347034, 0.43543550051900376]"
13552,518.3205369420248,933827.1661210458,"[0.17640911871904214, 0.358498927134715, 0.420041032456823, 0.04505092168942002]"
12763,347.78110016072264,331189.19622895133,"[0.5764684233713218, 0.09574995499694737, 0.2140139788054672, 0.11376764282626359]"
2450,12.897189150382092,391605.2037620608,"[0.21873008373503877, 0.07164790025187365, 0.5260759359073861, 0.1835460801057016]"
16171,798.1619527213778,752694.8646386352,"[0.6162589221377307, 0.160726940278561, 0.13668572527610484, 0.08632841230760337]"
12388,783.7450383642996,224291.91669070223,"[0.12294624861508091, 0.05235689067973012, 0.7819253566705161, 0.04277150403467279]"
19137,587.1115880078518,589977.6623345988,"[0.2344933927225009, 0.14483528898940576, 0.1962259250366661, 0.42444539325142716]"
7720,65.22919071006197,495484.23544364446,"[0.4577660985677522, 0.17367047347286257, 0.12543892276198654, 0.24312450519739867]"
784,287.58555723783155,300003.72053320054,"[0.372765575164865, 0.3394480249469113, 0.165952817569599, 0.12183358231862469]"
2677,990.2835288225076,481478.69483480864,"[0.32568244764608956, 0.30259481147307365, 0.2908562262135371, 0.08086651466729979]"
17151,880.7989233494657,206631.2080266589,"[0.00048499296998752195, 0.6731742586520493, 0.2759455996230633, 0.050395148754899914]"
9540,868.8337940470916,566880.1714187352,"[0.3449717535750504, 0.45667121959540624, 0.14878704576665686, 0.04956998106288659]"
7795,98.659282479946,575529.3528189948,"[0.16176352164163932, 0.45229338000309255, 0.21295932397830725, 0.1729837743769609]"
4673,565.6518147142897,175693.46359925717,"[0.14293629653674486, 0.6683607711500016, 0.07245382874408082, 0.11624910356917258]"
1159,786.9938270452726,400515.65416863776,"[0.1918022192275755, 0.14452050520554158, 0.1325783309858954, 0.5310989445809875]"
6606,409.6056378369215,745326.129601229,"[0.1111857006954637, 0.7331450127143613, 0.055626026035287046, 0.10004326055488802]"
4478,748.5825110768951,239727.14348367305,"[0.05058843313875503, 0.49072937426201324, 0.32606281230700296, 0.13261938029222883]"
9448,464.8291938873781,593094.5746385794,"[0.8245326280988167, 0.06576212121077342, 0.05864505479614833, 0.05106019589426159]"
9730,396.4854577761225,432879.9902559793,"[0.0500231920747418, 0.015546901796229647, 0.4183059412855071, 0.5161239648435215]"
7050,942.2416189102402,612365.0711205868,"[0.32015172644340967, 0.22010321391193494, 0.026481171877487688, 0.43326388776716745]"
7436,890.7808602816444,833824.5547687816,"[0.054738491843103955, 0.2866779160490305, 0.1471670783790194, 0.5114165137288461]"
9023,427.81525135224274,114313.75670841896,"[0.017510140462205507, 0.4055738141811256, 0.47182312654609104, 0.10509291881057771]"
18030,804.9923078738863,775279.4051420654,"[0.10754020344895292, 0.05919612843521878, 0.491530603250587, 0.34173306486524124]"
6243,228.8970589136106,921426.8305301928,"[0.2830198998409702, 0.3050020431451544, 0.39230140049455287, 0.019676656519322558]"
9037,593.6710723122682,720155.4845122714,"[0.46038494615496567, 0.3488231729974019, 0.10182475167479099, 0.08896712917284139]"
10643,225.7899680250675,381843.5720207235,"[0.30135949070633417, 0.47264033341033385, 0.06985513250666285, 0.15614504337666912]"
19529,789.5868511427955,200379.0662272189,"[0.06325676900717202, 0.2630637508164887, 0.19264484693611433, 0.4810346332402248]"
11617,198.48793567374736,649237.7208075159,"[0.15092105103314696, 0.7190825219477145, 0.08646228548503118, 0.04353414153410742]"
12978,548.1126351495294,756010.9095445373,"[0.05463560759775183, 0.343648656512057, 0.1378638889857715, 0.4638518469044195]"
4571,778.0269008250766,799472.7885906376,"[0.35716523365368436, 0.13637284324342214, 0.2025643806070138, 0.3038975424958797]"
10686,34.05652322666697,573860.5992766204,"[0.2679206736871199, 0.07893754677864194, 0.15251912656864627, 0.5006226529655918]"
14292,424.9945928159996,497872.4345776194,"[0.20520914858121123, 0.012721585322427873, 0.2216958888944631, 0.5603733772018978]"
15774,508.5506963214299,168317.53051438383,"[0.2919967999479161, 0.06825842894164802, 0.11923844462124196, 0.5205063264891939]"
10072,433.68423844867726,403979.40052830783,"[0.5657424619146633, 0.28769386765446464, 0.03476064957572959, 0.11180302085514275]"
14643,288.9389588879493,651100.4223771864,"[0.641232042441277, 0.17636312415048327, 0.0006197391884271412, 0.18178509421981254]"
14561,403.22899457038,637623.9422607735,"[0.08840984303788207, 0.3737180605441021, 0.5347432771178139, 0.0031288193002020274]"
6152,162.54511794735012,377477.5107277031,"[0.8984496278217834, 0.006504615711390085, 0.07778099903524391, 0.017264757431582626]"
1379,71.30002125808265,850792.319405732,"[0.2603923910300572, 0.1455195010724637, 0.368551986072656, 0.2255361218248232]"
15960,217.62219296681687,118333.43339528136,"[0.35957335144563274, 0.32672315913515476, 0.21941361015998434, 0.09428987925922819]"
896,468.405286382074,484585.5958658976,"[0.712876722200289, 0.05663265047580317, 0.0534986438721446, 0.17699198345176317]"
9789,807.0684669923058,497543.32660767867,"[0.06724421221170596, 0.5709706913484714, 0.36026741154559927, 0.0015176848942234328]"
17370,418.39996654525504,899010.5706966282,"[0.46202980498923535, 0.22515781627079834, 0.10929965803260572, 0.20351272070736048]"
2602,232.48060157348047,183036.27057110536,"[0.39779947626951934, 0.44602199364424555, 0.08872581340220817, 0.0674527166840271]"
1063,189.03731447643187,731005.7957090832,"[0.1212776160220222, 0.8124517710547534, 0.00997411826284363, 0.05629649466038083]"
16270,993.4055743988164,934516.305374824,"[0.17088966736765632, 0.6792444540004468, 0.038784134871780326, 0.11108174376011659]"
16525,559.8633103116939,385596.12893786567,"[0.23321872853324985, 0.15094838182599843, 0.5906211779542814, 0.025211711686470527]"
13465,111.54442186820656,758243.5158299926,"[0.16813213034524963, 0.248833255110288, 0.35682332931783045, 0.226211285226632]"
11357,964.7612397949862,258862.8901662645,"[0.2748581801553758, 0.11366307940087549, 0.5373056973759892, 0.07417304306775951]"
5177,858.7101422685387,656458.1462933995,"[0.34523892420737523, 0.09994535236906525, 0.3373866031068228, 0.2174291203167368]"
6434,109.36718548817184,483882.4308290083,"[0.47064896690045854, 0.2387687610989623, 0.02018801431778029, 0.2703942576827989]"
9729,245.387362129796,500536.6324978779,"[0.2561067466412675, 0.6773063248179707, 0.0020037979732573184, 0.06458313056750463]"
6100,844.6828712272425,315650.10768881487,"[0.06676154403523017, 0.33007456928966067, 0.5612451254008582, 0.04191876127425079]"
8183,176.80802547533645,375241.0174992448,"[0.006160346795266552, 0.04988234172989399, 0.7322099328300814, 0.21174737864475815]"
16463,810.2521314404834,302143.7800859517,"[0.5071926941160341, 0.1618872392388125, 0.09002389773330562, 0.24089616891184767]"
15271,930.7527232131577,623105.6488987361,"[0.70982284674403, 0.0022377314463774955, 0.07070369855169191, 0.21723572325790064]"
11554,488.3542921889137,202211.33130017505,"[0.05272127672372257, 0.039227413458683295, 0.23148696154507323, 0.6765643482725209]"
11709,367.5456276101671,839000.2350732327,"[0.5283914933798101, 0.07062219272778379, 0.341304965833077, 0.059681348059329224]"
5924,657.220672982144,118198.31905135924,"[0.3260252434169827, 0.4195676071225047, 0.20176172229108633, 0.052645427169426426]"
18877,930.4476047327744,203306.2688658527,"[0.1599188754291748, 0.10523014727929891, 0.11273925482899257, 0.6221117224625337]"
3081,266.7805177511086,934270.4296914132,"[0.31409952872168884, 0.33158547633067437, 0.11281046364086171, 0.24150453130677507]"
327,157.50546248496275,482579.9804440352,"[0.20209293051771252, 0.198085853990963, 0.07678283909576393, 0.5230383763955605]"
4052,60.47591296765844,685106.1599682063,"[0.2901689143952464, 0.21913571737363516, 0.08713754374167873, 0.4035578244894396]"
627,47.15075109672689,324551.1918588228,"[0.04324487234885912, 0.15015194769970983, 0.6648246433836148, 0.14177853656781617]"
9171,883.721866456905,946299.8275059232,"[0.21089286524665518, 0.3820594986786272, 0.20430150111852044, 0.20274613495619728]"
6507,790.3880612911638,997922.0524439288,"[0.23791189161602078, 0.34133918807568325, 0.2723584945321383, 0.1483904257761576]"
8626,819.1085439498178,294142.8078616719,"[0.8243663555446396, 0.10197431511125452, 0.022503297246281136, 0.05115603209782487]"
4343,114.0605932935738,113802.52734247636,"[0.04467963829466332, 0.14051973483981298, 0.5716379155040511, 0.24316271136147272]"
3137,916.6458612589604,408730.1337550533,"[0.1455255242765124, 0.6945415006957849, 0.15764257606156376, 0.002290398966138806]"
16819,278.2090119094095,339081.5926180845,"[0.20493155491307763, 0.206858530889329, 0.24333804170986684, 0.34487187248772655]"
2501,582.771647909124,500049.834029296,"[0.040083389759392504, 0.13720581743093588, 0.7139856766301577, 0.10872511617951383]"
9706,711.923176652686,740040.9665694517,"[0.22084659789783342, 0.4287820866636333, 0.10823174771957525, 0.242139567718958]"
10585,158.56813782797477,997948.6334906912,"[0.017071306970804504, 0.2982146532727872, 0.4855306440000116, 0.19918339575639682]"
8108,767.5076884846472,739221.393492011,"[0.07091527319016165, 0.13121121446157522, 0.29533049486453455, 0.5025430174837286]"
9604,40.344715880387085,456179.2360647846,"[0.05510320094800511, 0.1598657025845274, 0.6596438741829302, 0.1253872222845373]"
5915,36.64816212910547,612306.2992521056,"[0.11058478984172941, 0.29562635549969696, 0.02615174319067138, 0.5676371114679023]"
17675,509.5054020303164,941827.3192248665,"[0.5364274267576358, 0.26584815800505085, 0.09441102880650905, 0.10331338643080429]"
6957,522.626170785606,782639.8654702548,"[0.41917134877234036, 0.2525968989813189, 0.24146215514735428, 0.08676959709898655]"
5188,708.2493375738867,544370.4423550193,"[0.549153623532587, 0.1971582490748642, 0.2188652936560288, 0.03482283373651999]"
15039,25.434975141445165,533681.6404890013,"[0.19566926178530908, 0.6844947614538471, 0.031885202812266804, 0.08795077394857698]"
2795,567.234258433538,315319.4396725462,"[0.4862359541536774, 0.16503326399112847, 0.21133357736597744, 0.13739720448921686]"
14425,289.81363851295777,357314.66623377474,"[0.21291876781997093, 0.5767012519021889, 0.12690408133521813, 0.08347589894262207]"
2409,623.5248738544519,395711.2047119399,"[0.18280814271769524, 0.21244141059338986, 0.43688521087156273, 0.1678652358173521]"
13415,240.62972886539853,558889.768104635,"[0.07340427049149241, 0.07687953495464743, 0.4571154683288134, 0.3926007262250469]"
643,434.32384519195256,876629.2889837548,"[0.20307168956015564, 0.5880305647974293, 0.1399265685387012, 0.06897117710371373]"
7235,831.8822138131374,754941.5922652467,"[0.0005934249491897411, 0.7325030760469249, 0.09784724689486665, 0.16905625210901867]"
16224,169.06466266620149,409626.74997924006,"[0.01211086559856243, 0.3281984036613913, 0.10687288339614207, 0.5528178473439043]"
3578,413.2591778233773,678518.7825271309,"[0.05422042817944752, 0.05308434094601153, 0.6774157134814847, 0.2152795173930563]"
2142,526.39589249432,866125.6183231799,"[0.27700803721000405, 0.07835379165567932, 0.4021875114746576, 0.24245065965965892]"
9076,722.3868388716382,996343.1015405874,"[0.2849369613461091, 0.18964732621262484, 0.3258462443041934, 0.19956946813707252]"
9591,283.60838267557347,245667.2277620199,"[0.09513882659092394, 0.31872572446276964, 0.42391702841135104, 0.1622184205349554]"
19046,910.072595577064,176793.53410559424,"[0.11532722494079099, 0.631883493917559, 0.019273516653894776, 0.23351576448775532]"
7039,119.36507954907944,624169.176265094,"[0.053618174305672096, 0.0520683893786045, 0.13161767505829702, 0.7626957612574263]"
12439,84.21675592161934,139200.37923667888,"[0.19452685462646271, 0.2794954642815228, 0.2568348776574019, 0.26914280343461255]"
10845,436.7651735864609,717499.2581519271,"[0.1354884064998993, 0.5368675842278985, 0.10781464811911788, 0.21982936115308435]"
7496,148.9746428653795,579104.7187991368,"[0.13251782437998097, 0.051097648413166295, 0.2458307916191062, 0.5705537355877465]"
18829,480.1230606522963,181064.48738300643,"[0.2751315044294503, 0.090848874420357, 0.033008577729468566, 0.6010110434207242]"
17817,65.45483782735342,436016.4945845299,"[0.03672253575721771, 0.5197335930013597, 0.2959025083637441, 0.1476413628776784]"
8340,527.8861702849781,704711.3497403915,"[0.5816934946709965, 0.24362457626640502, 0.03378796322015011, 0.1408939658424483]"
11369,970.8171158898652,948546.3312190744,"[0.45402110027867687, 0.20095831953318707, 0.19803986645826074, 0.14698071372987534]"
12659,884.6653645896072,254105.6627823272,"[0.44222011347089696, 0.21890547760030946, 0.18236813398721183, 0.15650627494158173]"
13769,280.13000868391595,861238.0767102501,"[0.2228039723858828, 0.37257824478673174, 0.24470640152190232, 0.1599113813054831]"
16188,965.441656287352,494620.192986839,"[0.11706158575625648, 0.6794335043018115, 0.06665882890579343, 0.13684608103613857]"
10428,575.6336728286132,334110.90104780963,"[0.18826842628764417, 0.2643736391343179, 0.27931961432247776, 0.2680383202555601]"
15847,623.1627373778578,485469.0943902926,"[0.6288531865696304, 0.020862829211969254, 0.2399440002371197, 0.11033998398128055]"
1006,58.762391624484856,457371.039318827,"[0.1946697496785285, 0.30501815546233957, 0.22424917994335267, 0.2760629149157793]"
13912,626.8285452616428,328951.3950060103,"[0.44867682693774075, 0.47585418673702046, 0.018484794017394588, 0.056984192307844045]"
10562,398.8707105129157,202199.19196089284,"[0.2942234614879675, 0.11293315487342698, 0.4414937766878194, 0.1513496069507862]"
6170,864.9740421592559,579709.2355119684,"[0.4846414229215231, 0.17773438320489318, 0.11448023627110107, 0.22314395760248265]"
3,717.046190905048,925082.3358829012,"[0.18445401037043388, 0.08915336913821445, 0.3846564698714085, 0.34173615061994317]"
9897,654.6888507013681,701875.4052952394,"[0.12189750613533004, 0.04496465208006371, 0.42816423701071715, 0.40497360477388916]"
6565,17.45717885396347,186795.507024502,"[0.5166743950565412, 0.25883309952760836, 0.2119835117144408, 0.012508993701409558]"
7516,280.52150114294653,206191.346712915,"[0.4878932330708959, 0.061895322245987414, 0.14952686752308733, 0.3006845771600292]"
9786,358.1920794261489,820402.8155661614,"[0.2720953716033876, 0.5160940388268136, 0.2081231027083976, 0.0036874868614011715]"
3684,931.8164773472269,234812.94457065372,"[0.28370122652568525, 0.3404393211781264, 0.14537678947750257, 0.23048266281868576]"
11367,300.1012414570175,111958.0890810955,"[0.06097055168057182, 0.22490953170873498, 0.0772431348566033, 0.6368767817540901]"
5238,152.390516597037,534651.4097245153,"[0.09390680748830285, 0.11038059873522642, 0.2607928608170288, 0.534919732959442]"
11212,500.8280731610799,645096.6456891949,"[0.41220614007533224, 0.07183354378346322, 0.29754226297072595, 0.21841805317047872]"
6193,74.82277667436142,411012.9000948207,"[0.028557956835019844, 0.47593513892641615, 0.40953927797189477, 0.08596762626666922]"
11968,977.6430398129312,250166.25105735715,"[0.002249900725761457, 0.25832548259275506, 0.15239931111600738, 0.587025305565476]"
15571,821.388953811941,212295.82627558504,"[0.029489297812332105, 0.21286763454328203, 0.6299772330386771, 0.12766583460570863]"
9485,407.008614584621,932284.628286345,"[0.08732042688790852, 0.24088024462258203, 0.15176823519603885, 0.5200310932934705]"
274,723.7702990206536,754731.1775367738,"[0.26979005671503536, 0.08726888093139842, 0.028447101010113388, 0.6144939613434528]"
1628,653.8437022740762,723908.2365313247,"[0.09158982369050854, 0.2052318321284611, 0.2581642925099398, 0.44501405167109054]"
19781,243.9300736033764,799179.0187639826,"[0.6002586909447762, 0.13616213089542226, 0.18885797275358174, 0.07472120540621968]"
5242,16.976247189218782,243667.2257992276,"[0.24650709023501405, 0.33736066745016297, 0.36976222999033725, 0.046370012324485774]"
13836,284.0285529059126,147127.9430157314,"[0.47690471064054485, 0.08105004278181921, 0.3043924207244783, 0.13765282585315758]"
12283,745.3175823651812,799236.4518293676,"[0.18941821236807568, 0.5710172590838697, 0.22983369632815032, 0.009730832219904353]"
6872,224.10689499311107,624494.2609801829,"[0.04292280673775985, 0.6063332933050861, 0.2811282423831131, 0.06961565757404102]"
15506,401.4653336823652,308110.3337531035,"[0.2135226846065356, 0.1347566781302621, 0.49034498538952026, 0.16137565187368208]"
15778,428.2772227658376,520818.1486187393,"[0.07237572195795135, 0.21057852567898896, 0.06091386930458582, 0.6561318830584738]"
18996,481.03773377712565,657646.8600300623,"[0.2262177189159377, 0.358268944212919, 0.30321251139373884, 0.11230082547740453]"
18324,704.8578794114907,701140.8541243194,"[0.24679517702404552, 0.4139419049024938, 0.24711334216939268, 0.0921495759040681]"
17879,393.9061504095576,497909.4109346115,"[0.16883661533021796, 0.4866477941618111, 0.2953680406464007, 0.04914754986157008]"
17872,849.3778822738446,760183.4271457032,"[0.5830044370014392, 0.19773435906067463, 0.21790723344018972, 0.0013539704976964749]"
9280,988.710148172925,280069.1425820192,"[0.2160118122677407, 0.28646033106803553, 0.15763669048986145, 0.3398911661743624]"
16408,224.0841316703121,879217.8871318761,"[0.36138092163901225, 0.00926717363884839, 0.2953269161186328, 0.3340249886035066]"
3439,685.7143317950021,731841.7749263495,"[0.1176995863269209, 0.38300628440994233, 0.2834826193352411, 0.21581150992789577]"
12318,41.53191651437372,899268.6779991793,"[0.4133298399912137, 0.31830090377548054, 0.0945207338231882, 0.17384852241011753]"
18213,768.6560330102611,166961.3058378096,"[0.0939787904605675, 0.012795965829343623, 0.3910015834425964, 0.5022236602674924]"
18588,295.4964473225352,204396.01873119656,"[0.23067887372296794, 0.4416483368270977, 0.0043888324370725445, 0.3232839570128619]"
12193,119.87235573237912,899722.9652814664,"[0.09448194305348848, 0.5412180692754078, 0.1871475252847507, 0.17715246238635302]"
11200,826.0835940529377,394638.56252283626,"[0.26107488118021743, 0.11125445624004458, 0.5231283616247817, 0.10454230095495642]"
18932,779.1635385344941,993009.2513672386,"[0.12353683175583147, 0.31358331550089885, 0.39385222762686656, 0.16902762511640315]"
12066,104.51146895247744,108749.30531138134,"[0.20822182341378417, 0.4873346361088729, 0.2093720240078474, 0.09507151646949563]"
14876,713.6496688344533,670331.917630745,"[0.38151326476920644, 0.15607980219864107, 0.33411765517714365, 0.1282892778550088]"
15377,710.1832134088305,177797.38746536116,"[0.06701081158102883, 0.11152206427483877, 0.21519649088478887, 0.6062706332593435]"
10789,758.208952619543,627214.0137297644,"[0.04755183195648858, 0.15363036310145112, 0.43504162432824456, 0.3637761806138158]"
13901,525.4219676311529,647522.6469258667,"[0.1598200475992187, 0.1240816099374344, 0.5999606900190031, 0.1161376524443439]"
16017,721.5344132868346,507861.9363079747,"[0.7660556923282594, 0.06356913488062446, 0.00668106397497674, 0.1636941088161395]"
9503,755.5823641999355,601763.76736291,"[0.7985227201361422, 0.006024476748895006, 0.09448640259402329, 0.10096640052093939]"
452,390.2546087539311,560193.6216309413,"[0.0693725978792091, 0.49897955057598714, 0.15731951625992552, 0.2743283352848781]"
6200,727.0891819723049,694809.8563080502,"[0.4700934186383398, 0.15309973610084032, 0.01984043478026657, 0.35696641048055344]"
5289,487.1774788545463,421354.8121016184,"[0.5633588935113216, 0.1328589197785244, 0.08396346955050682, 0.2198187171596472]"
1476,527.9985488624636,988744.8572362384,"[0.14913216810585023, 0.4623492580476733, 0.29993292640381464, 0.08858564744266186]"
19207,734.0276249401036,464162.24253000936,"[0.061388317328196426, 0.09713079481546924, 0.75740065034764, 0.08408023750869437]"
17668,630.9979149071769,693578.0365638972,"[0.5377966693735584, 0.2589417454275329, 0.08615703112267951, 0.11710455407622913]"
19181,200.09821411095663,643074.7624345648,"[0.0051690119078595335, 0.7221750367661147, 0.26680681375472454, 0.00584913757130112]"
6812,458.15374693058646,301012.8396685483,"[0.02275869300843321, 0.08385349768630561, 0.5079580500780135, 0.38542975922724754]"
16097,308.4242505979025,413528.8469783282,"[0.12161802441452137, 0.521465050111313, 0.10632591441856862, 0.25059101105559684]"
16202,80.17611562142059,617788.9635857481,"[0.3515269821107242, 0.15734260144337886, 0.21243611465999257, 0.2786943017859043]"
13669,164.5035845893289,872843.0511076376,"[0.34020954548336313, 0.16541229678740152, 0.4661178266472045, 0.028260331082030715]"
4459,254.72150324558487,112873.47850957177,"[0.17384479945263445, 0.72117686691309, 0.09066889518806269, 0.014309438446212727]"
10096,614.3516963100917,548295.27350449,"[0.14244732011460837, 0.18790377131235947, 0.3947115141275355, 0.2749373944454967]"
1621,42.18498371017931,483369.79884363856,"[0.09484429862725358, 0.194480295182137, 0.18268728783007518, 0.5279881183605344]"
10019,572.912236928955,107805.34878490525,"[0.41557158305551584, 0.2017182341349959, 0.11009076160897725, 0.272619421200511]"
13588,270.9082576163564,526510.5174687983,"[0.37002960962440434, 0.11275265481790417, 0.4149621370394203, 0.10225559851827118]"
2681,726.6164080809006,572532.6422115646,"[0.0791902460733123, 0.27522770530374635, 0.32044729197725064, 0.32513475664569075]"
7738,264.45797228332174,671899.8834983887,"[0.6756529584867726, 0.03095830992664564, 0.09324187670488714, 0.20014685488169448]"
3446,884.3932266321949,949806.9869483542,"[0.03382551535989511, 0.09621615992553303, 0.11922113542348417, 0.7507371892910876]"
4163,411.3888978500593,546184.7243384831,"[0.23350164272293783, 0.10749862050032065, 0.10242543828239788, 0.5565742984943436]"
18554,999.6751561633736,235876.99975783308,"[0.37804282354173663, 0.284715475605475, 0.08728262065440259, 0.24995908019838572]"
9689,65.51143450416396,479582.0763021265,"[0.19641621345676197, 0.04165755125324374, 0.5424355965600627, 0.2194906387299315]"
15282,875.3915454542679,371295.6717970419,"[0.7345503534554535, 0.15096759704016896, 0.004617327251941238, 0.1098647222524361]"
2199,979.2175352723868,717710.4739187718,"[0.6064869682812712, 0.24929375328251982, 0.01757527694208714, 0.1266440014941216]"
19484,178.3455160964543,672252.7586665706,"[0.18456209084482522, 0.24779286031042147, 0.36130876937930567, 0.2063362794654476]"
3717,658.7039244361657,938596.1141834676,"[0.4038868663396485, 0.05839304191832747, 0.1467659734688913, 0.3909541182731328]"
14756,923.6328924283356,898973.1991719403,"[0.453088133861539, 0.4095957858472508, 0.06861382418949694, 0.06870225610171335]"
15944,688.3264819235854,630305.5324985712,"[0.0001474428089047346, 0.06171905161633688, 0.8924348283018945, 0.04569867727286394]"
6978,259.8459323274236,235634.71691325703,"[0.4239271437251576, 0.010712964986433962, 0.18004677123573828, 0.38531312005267004]"
16047,990.506970315128,791193.500842068,"[0.12003757895372705, 0.6239546811446227, 0.13367535585732676, 0.12233238404432345]"
8121,708.9104084398358,639239.1917713913,"[0.034398789672906875, 0.1916117358549972, 0.18569321635904357, 0.5882962581130524]"
9102,572.439444337005,968518.778757263,"[0.2600700014675352, 0.3910667701826309, 0.3119607974090538, 0.0369024309407802]"
10827,903.1654702230431,981389.918934117,"[0.17103273463750024, 0.3587382470737325, 0.2994774086483081, 0.17075160964045918]"
747,636.0887413813645,799328.69762929,"[0.05772645484686874, 0.25646193557188124, 0.034122494641993184, 0.6516891149392567]"
334,243.64287085718425,464847.8731021259,"[0.7253787875015694, 0.2408469877493432, 0.0332993101917005, 0.0004749145573869794]"
19658,845.8346989714338,166711.82429640173,"[0.38957136308552576, 0.0816807131368854, 0.417169583926644, 0.11157833985094477]"
2244,343.99287102740897,134384.1745902149,"[0.6524444051083904, 0.056461373769946824, 0.10817543763073509, 0.18291878349092774]"
14199,310.0696178343004,167146.851548332,"[0.6172479039286634, 0.17984604989213057, 0.17108374955235303, 0.03182229662685305]"
5914,12.25066027901942,811953.0001129907,"[0.11524807737980106, 0.2633349780323579, 0.1397356967995988, 0.48168124778824234]"
14224,25.52785712526962,389340.7626489354,"[0.6987074878787513, 0.02519327034439198, 0.2660385078799552, 0.010060733896901663]"
3536,993.2448461086587,367130.0116670372,"[0.08785631857997495, 0.11092615046953364, 0.7846951289800543, 0.01652240197043706]"
11190,519.9401444682762,457038.0772314007,"[0.05871797312933274, 0.1494018122343045, 0.2951485889562991, 0.4967316256800636]"
4769,654.8967227501508,295181.46859228937,"[0.1734129206893333, 0.15461302596801688, 0.08396327658740434, 0.5880107767552455]"
15416,368.68391065863415,721550.2870113548,"[0.5317481827342381, 0.1346186859799338, 0.24922104141359802, 0.08441208987223014]"
2417,831.6047666507684,786477.7760484731,"[0.24609925466577845, 0.06964623162980776, 0.023312597253926193, 0.6609419164504876]"
1908,118.9373012212889,853417.7602094711,"[0.8488334443031503, 0.06856602800346405, 0.031459250501277784, 0.051141277192107766]"
18643,548.0200405069586,862935.9129671474,"[0.319585427700935, 0.41272993197067825, 0.09784515873042646, 0.16983948159796033]"
5832,510.2508562161202,936822.600223546,"[0.0030811857095221547, 0.8767898084665964, 0.08931148064273227, 0.03081752518114925]"
4278,612.7257808241071,265993.9978619085,"[0.33440773302144267, 0.3196331040918957, 0.1738580665685268, 0.17210109631813503]"
9997,903.3412970956384,552593.3551577191,"[0.1402085506648599, 0.14248210973001077, 0.5994833899208175, 0.1178259496843119]"
13002,154.67535770105633,434983.981551764,"[0.033582944422001784, 0.15099668669017155, 0.3078514408093562, 0.5075689280784704]"
7829,731.9928497961654,866330.7574485794,"[0.04058435013689138, 0.18936316374378975, 0.39512277135526125, 0.3749297147640577]"
19540,421.59086961946497,649167.8635991444,"[0.15826649007216848, 0.7486066910925858, 0.05000786025283603, 0.04311895858240965]"
6459,168.77483782030592,148244.09068472683,"[0.09002428010264443, 0.39264177125453636, 0.033963327125750196, 0.483370621517069]"
4684,182.7225191063629,505549.7140560136,"[0.34584709109794565, 0.521444409098156, 0.05769618347267203, 0.0750123163312263]"
19952,411.24675831308167,755053.0263466246,"[0.19224336121394203, 0.5372287061051169, 0.1027226941018867, 0.16780523857905436]"
1668,796.5023292022394,149508.44520474627,"[0.4010515461951032, 0.23397924582221918, 0.08020933470019688, 0.2847598732824806]"
17784,284.88661660455745,526337.0530419454,"[0.23421671903421581, 0.6567006027946174, 0.023838055861251484, 0.0852446223099152]"
3435,454.5276191973554,416334.4990883039,"[0.045414519852213786, 0.7944824869041185, 0.12318289801197453, 0.036920095231693116]"
9456,159.02071057078447,222750.6632166128,"[0.30077349789065777, 0.25768629547068456, 0.4395492850738857, 0.0019909215647720235]"
19171,845.9547953269462,959417.961229294,"[0.008562520723187642, 0.14544343324702746, 0.09809640039567193, 0.7478976456341131]"
9417,906.3671066743042,551043.0691518062,"[0.2025005880381519, 0.24186090189567913, 0.44971082288593106, 0.10592768718023766]"
4954,790.1249539634831,573600.261120734,"[0.6513754761008208, 0.08758519928856724, 0.016243578711327693, 0.2447957458992842]"
17625,221.4595462538024,497575.67510904704,"[0.08113783709743883, 0.24254467648684522, 0.6081773615538111, 0.06814012486190478]"
19477,173.32093147473043,756182.4910481753,"[0.27080436419533616, 0.6525073596732404, 0.013430079355314943, 0.06325819677610854]"
4116,605.8706241044176,148847.33770255727,"[0.10631476603754708, 0.24759767574077615, 0.31095440737840085, 0.33513315084327594]"
7609,343.00397365480626,202698.75943443365,"[0.1887146877072338, 0.19524220872705833, 0.25282024236232337, 0.3632228612033846]"
5744,673.2957633541823,730399.8468812293,"[0.2784707809123295, 0.2462286435702216, 0.13033461113694836, 0.3449659643805006]"
9234,906.1540224264934,467553.96947235306,"[0.3337908842320519, 0.26412457929724653, 0.1514501695084501, 0.25063436696225133]"
6250,747.6622325460561,748926.256469889,"[0.24999911887906845, 0.05580890434100918, 0.4331816095804257, 0.2610103671994967]"
6897,541.862381006507,769123.2541408108,"[0.15045737012458266, 0.31299111665235413, 0.3676184935112959, 0.16893301971176722]"
15866,525.934772400835,993733.6934035288,"[0.2395850766342239, 0.08521651534896568, 0.49937707042122514, 0.17582133759558527]"
17835,273.3664222989758,639571.946638898,"[0.2611387726723859, 0.3867183719094561, 0.0736006888693097, 0.2785421665488483]"
13058,920.9138908806916,519914.2866379868,"[0.44947799174346553, 0.010073710762418829, 0.16865638432437002, 0.3717919131697457]"
7556,223.57602038674852,526002.5935696503,"[0.04367469827754682, 0.3342852007247417, 0.36306350030503476, 0.25897660069267653]"
16693,361.0217831423929,526356.4623762276,"[0.48260725563279255, 0.18249978090222932, 0.09884965296986069, 0.23604331049511748]"
11313,586.5158204111623,820861.0612525489,"[0.23169607179050444, 0.012013632027058666, 0.3027479178456214, 0.4535423783368154]"
15959,851.4954283199894,497572.2186659893,"[0.12468530026551365, 0.5857352131128398, 0.13375741949492256, 0.155822067126724]"
834,256.2201095327599,387313.4263478279,"[0.3334235780609134, 0.15215182304290878, 0.13640230249406443, 0.37802229640211343]"
9296,809.5209889362762,708301.4354393823,"[0.10252956121828836, 0.3141814211427717, 0.15376193689180218, 0.42952708074713775]"
13077,661.7892561911044,202905.0823898996,"[0.19030154286551462, 0.1869206723207279, 0.12327027498165502, 0.4995075098321024]"
4401,419.2405151753679,682442.1853069746,"[0.634329659184439, 0.09072517247155933, 0.2748107343299414, 0.0001344340140602262]"
10339,613.7791175357947,638344.3709138043,"[0.4077990726263104, 0.21547004884416912, 0.1242694615957866, 0.2524614169337339]"
10146,37.24839776540372,848015.049891676,"[0.5966339585277654, 0.2230440707650452, 0.14833811658690327, 0.03198385412028608]"
1725,332.7805509109655,870007.9847412322,"[0.6455129463386764, 0.17513692127896546, 0.06108850510130567, 0.11826162728105227]"
14976,159.09722242795849,480070.7545140126,"[0.1853056471125949, 0.398856232701666, 0.38189568846452643, 0.033942431721212585]"
6444,831.3625489065505,914008.3092530412,"[0.2539667379836693, 0.06530698405292784, 0.4810860461751492, 0.19964023178825363]"
17707,352.17731933270807,909234.910621574,"[0.3374581209281583, 0.2176912017467038, 0.31468996845821473, 0.1301607088669231]"
7299,815.7636227939474,368316.86032118497,"[0.3292205182136288, 0.07599436627270276, 0.03970074988688956, 0.5550843656267789]"
5678,252.5422571934745,650434.0999324631,"[0.29484140929578845, 0.0435519686622272, 0.44265016441959576, 0.21895645762238855]"
15878,49.25362823587762,790593.3288074004,"[0.7311922653997827, 0.05240867619104324, 0.08535659702718322, 0.13104246138199088]"
18658,583.9239446132322,683852.6693677142,"[0.2123135397782572, 0.004780798796397864, 0.011860255501687912, 0.7710454059236569]"
12971,43.63440509737079,617983.997481486,"[0.09420628119617709, 0.0646639451424548, 0.6787059149733125, 0.16242385868805564]"
19189,514.6542210156741,870148.9272763019,"[0.1810763946319785, 0.1852715853945748, 0.3594471888247607, 0.27420483114868593]"
16991,926.0023888199744,120002.28504940764,"[0.2215104782962226, 0.20755623899695097, 0.3462964040765732, 0.2246368786302532]"
13404,866.8632569413563,866193.9454026985,"[0.32935066987928674, 0.0067690945641415935, 0.012855327311978838, 0.6510249082445928]"
19071,345.8062853664131,576783.345890715,"[0.027005852483697995, 0.0757271460284638, 0.5685933786665704, 0.3286736228212676]"
7302,722.8377350519097,327516.53018686734,"[0.12467469394848954, 0.6295547773800592, 0.11770990716960138, 0.12806062150184977]"
17942,897.5010444704977,671047.0774388806,"[0.3814318558885669, 0.07590516842583471, 0.42041136683253155, 0.12225160885306699]"
15523,512.8649703327094,868746.9761422148,"[0.39127352315358593, 0.161592899471395, 0.14315239281005085, 0.3039811845649681]"
14534,351.8216615853364,164997.4018232674,"[0.04868926046595034, 0.04378482680487481, 0.4339481583325844, 0.47357775439659056]"
13079,923.0565067746404,686541.612357565,"[0.3121121063818, 0.009972751073354694, 0.6257713847192738, 0.052143757825571534]"
15433,175.8208959966421,220538.67897784404,"[0.06971159151864188, 0.5214134283851612, 0.1455244081671207, 0.2633505719290761]"
12518,567.6123710891238,566294.1815748804,"[0.2345003029682133, 0.4430064352818287, 0.07990393315293327, 0.2425893285970248]"
5495,810.5903016118381,944025.4064098004,"[0.6166332282068261, 0.06337546066648342, 0.2904062551540371, 0.02958505597265351]"
7864,786.9016634779385,254633.85713099403,"[0.003999197590899315, 0.3497986612578099, 0.4509145980574367, 0.19528754309385415]"
18047,393.86324721087,124663.64765783968,"[0.22335468493302385, 0.17851638143584694, 0.3605913638844731, 0.2375375697466562]"
13362,227.28665036215705,292555.6404582382,"[0.34587000393070705, 0.03301519101557035, 0.413484603624579, 0.20763020142914354]"
10823,601.8867463619318,156918.88111321707,"[0.11699168559841593, 0.5558758537752235, 0.046514019818318035, 0.28061844080804244]"
8323,239.52059232970703,490822.8777049045,"[0.43346306294860354, 0.30080728115131716, 0.03554668516746541, 0.23018297073261396]"
10945,165.0274792425609,444397.6592395197,"[0.4937481390511187, 0.1467329791279013, 0.3456604163886025, 0.0138584654323775]"
1470,874.2684159385382,509950.74786645867,"[0.2565159846675815, 0.07393939327671863, 0.29156308488408955, 0.37798153717161037]"
13144,775.7960307406548,594961.2053557155,"[0.5792050008736205, 0.2514421319528024, 0.03189829943548269, 0.13745456773809428]"
15550,177.23356342319403,429281.9259202872,"[0.20490538067567607, 0.3020526509361241, 0.1680175803562908, 0.325024388031909]"
11258,689.27668527116,874671.1337096691,"[0.14820640525600356, 0.06256185916295048, 0.2936897729381948, 0.4955419626428512]"
1985,805.2960772497669,885610.7806147656,"[0.02210206267723621, 0.37569751761855963, 0.4522019828305541, 0.14999843687365025]"
440,43.24217641561877,575033.116618689,"[0.2629456616665482, 0.2652728793432299, 0.14923718223775886, 0.322544276752463]"
19318,727.8077002708357,303983.05460871826,"[0.005324244918245423, 0.0343032340827915, 0.5540061426516705, 0.40636637834729267]"
3068,745.7193331533032,331394.3111765513,"[0.20047454847134563, 0.081426220145381, 0.27000001299001963, 0.4480992183932536]"
9821,695.608072299166,585256.6971766271,"[0.6712064130544227, 0.13987634605964988, 0.17848162818060795, 0.010435612705319258]"
9376,996.5312813130691,606164.0658834523,"[0.37514839169612885, 0.029028907193299047, 0.507605324114466, 0.08821737699610609]"
2214,936.5700491236624,619479.2462104023,"[0.1256242074326907, 0.15612202599256708, 0.3049786419932987, 0.4132751245814435]"
7570,297.1928282493021,180352.546386472,"[0.12901760889814576, 0.105512420277651, 0.563976288893217, 0.20149368193098616]"
3635,791.1425382839125,782370.8834794869,"[0.08084582445602932, 0.05155360266664164, 0.2653376621069527, 0.6022629107703763]"
10999,787.3810598329841,642225.350775296,"[0.019902305468608616, 0.7383099485487875, 0.14134691572932462, 0.10044083025327925]"
18922,467.6016446696236,893238.4624893893,"[0.2476713154836199, 0.5353989865783032, 0.049964852436294886, 0.166964845501782]"
5519,127.69290528726746,549254.864665186,"[0.08989198592358894, 0.21152631136387984, 0.43988016589380097, 0.2587015368187303]"
10586,16.49981199453299,462117.8707725966,"[0.31368369170648, 0.4060287103427685, 0.19429547013249315, 0.08599212781825832]"
2714,597.9893698446712,381984.4073245297,"[0.2732649064073521, 0.12513080972737953, 0.5451754531402312, 0.056428830725037175]"
6923,171.28521165930684,590997.0442154361,"[0.1805444939222257, 0.239074243494764, 0.36921743904140747, 0.21116382354160282]"
1354,72.36412305764415,938707.6756559354,"[0.03706947047310615, 0.4153402925679019, 0.23997249286812172, 0.30761774409087045]"
13320,388.7186897445713,714022.5935472221,"[0.1590475551774758, 0.10495215672355535, 0.517507594982509, 0.21849269311646]"
12769,198.7853717659873,108607.74211929804,"[0.27314161995330627, 0.21513132020847936, 0.04628574883181753, 0.46544131100639685]"
17519,523.2085234997015,338721.1400535895,"[0.34054302468602765, 0.041583968285370525, 0.43783296138016714, 0.18004004564843465]"
4766,501.50222630551366,448295.6742501321,"[0.021580537924068253, 0.012210788201280987, 0.8036484497071796, 0.1625602241674712]"
8068,272.4289304280466,129211.30853050506,"[0.1149902682802715, 0.24153976566472896, 0.3289385255645891, 0.3145314404904104]"
5854,774.8493929766237,184094.8884774837,"[0.4257896756854064, 0.2854882480430422, 0.23762282078803693, 0.051099255483514426]"
9751,280.7051769584492,165045.7856627781,"[0.2097234198926412, 0.47424951358456063, 0.19078907183368154, 0.12523799468911667]"
16728,384.09049505088666,143115.2992680465,"[0.28608932346737403, 0.5327816973291565, 0.0769715078165652, 0.10415747138690415]"
5081,112.05416475704529,264275.71407736896,"[0.07045145470789077, 0.6053860824428222, 0.1366119048105087, 0.18755055803877843]"
15182,913.9194726039734,243434.50462752508,"[0.40379031265655646, 0.10675783106170941, 0.3483939740826002, 0.14105788219913373]"
12334,449.6571385918927,483097.3841106047,"[0.38571164332297353, 0.46796682202220585, 0.07323432537022426, 0.07308720928459618]"
7232,201.0372004083568,835715.7984643036,"[0.3424264861223823, 0.18464573134303283, 0.4622092328062724, 0.010718549728312484]"
15829,431.31862381359895,656019.1543309968,"[0.42063568912909144, 0.15672493258778647, 0.12707381280900656, 0.29556556547411555]"
5689,258.2872077148718,671134.6709910136,"[0.005138008306311175, 0.06474827834710402, 0.5174315649388814, 0.41268214840770323]"
12129,121.13315302735391,844627.1119103145,"[0.6070486120980246, 0.08078632953044616, 0.2612153167989542, 0.05094974157257503]"
13643,134.69842552864367,903406.620190752,"[0.11558127589039126, 0.04661217065362179, 0.08918247954755053, 0.7486240739084363]"
17240,81.54869686083363,671006.898615264,"[0.09175709124696871, 0.24735454823410766, 0.4448475851428186, 0.21604077537610494]"
8511,197.96098571107945,671704.5128981704,"[0.2609786081823782, 0.23432944425576555, 0.14562069443922265, 0.35907125312263355]"
1541,245.85262060421385,179292.82603812407,"[0.06910397969030294, 0.19666660565700828, 0.2142474842458318, 0.5199819304068569]"
9328,840.9001283419022,391475.6705830338,"[0.18870230586446582, 0.44073739636814024, 0.1794550450398338, 0.19110525272756018]"
4644,939.0392464313828,649372.1021545148,"[0.273357632819273, 0.27624398134265377, 0.21798647643035754, 0.23241190940771586]"
15457,806.4795260519095,655626.1585601192,"[0.3945451892032901, 0.10619776522761831, 0.4955234813689408, 0.003733564200150967]"
964,724.6531126614104,254791.706402573,"[0.3462263481163815, 0.41517496080176564, 0.10469759976487733, 0.13390109131697558]"
2427,740.8928275959644,787667.8767181673,"[0.23864990775205933, 0.5280407990778415, 0.08273162909314395, 0.15057766407695514]"
2736,683.5760852246699,447433.822872029,"[0.18584456919099954, 0.12658263246178728, 0.575528279721966, 0.11204451862524725]"
8790,217.32117955051183,690762.1249132871,"[0.6461577035167938, 0.2811692849990639, 0.07201462848034582, 0.0006583830037964015]"
11707,748.9796957435218,283518.7092319288,"[0.3855501082956552, 0.018247113335815857, 0.20686771341434007, 0.3893350649541889]"
240,245.0130390273737,608910.0629719587,"[0.3378049915532712, 0.3416096784998514, 0.1157060179520289, 0.20487931199484868]"
16181,343.03636319176564,424127.8317380086,"[0.032936518113715244, 0.23086004486392345, 0.334160262025258, 0.4020431749971034]"
1179,351.1432544364655,391634.0319862512,"[0.09167434806163721, 0.19728359213765428, 0.6311706957316137, 0.07987136406909483]"
4574,521.8812362170063,190337.8747014489,"[0.5671971287715487, 0.051938328801057046, 0.3226648291312676, 0.0581997132961266]"
217,777.6333520198125,650465.5446701789,"[0.2277286200521831, 0.15514783821776845, 0.5133680459583229, 0.10375549577172555]"
8083,145.0755601954132,206278.0182824921,"[0.4501484618518388, 0.00853754607183223, 0.1762417618261914, 0.36507223025013763]"
7756,396.67962593619006,690868.1403667629,"[0.41486361421308726, 0.42536686932778756, 0.12328498867599882, 0.036484527783126136]"
18808,969.1291051987632,647711.0711664173,"[0.3433246331367732, 0.15308651236318108, 0.4607250206277338, 0.042863833872312004]"
705,943.1984874031266,782763.8050181118,"[0.338891033661915, 0.32766860718877405, 0.24366418834359882, 0.08977617080571217]"
444,54.058362184522814,806904.576697606,"[0.16425131319678687, 0.3845282250985914, 0.05973493899244454, 0.3914855227121771]"
5439,423.23666694004896,920769.9161055632,"[0.23875373658955745, 0.2660222919493185, 0.17021983462135362, 0.32500413683977036]"
2149,857.9623884133481,679269.1904525895,"[0.10127931844942692, 0.2717073434800337, 0.592852641334258, 0.034160696736281575]"
10689,685.6492181074148,999178.3369819088,"[0.16729858091647015, 0.2920365535561013, 0.19707664666530347, 0.343588218862125]"
9713,599.9733059546941,331752.8970073755,"[0.23389119495386848, 0.07702051354971931, 0.0018154577050608486, 0.6872728337913514]"
6196,588.3524558679374,282590.6567709292,"[0.03485551798708958, 0.9064643618721192, 0.0011076804681185918, 0.05757243967267279]"
3912,11.56173118905215,996477.4267881172,"[0.40538159181193456, 0.08516142236243664, 0.0016422229559470325, 0.5078147628696819]"
9266,779.5662261848414,340553.6179784468,"[0.31166514622855235, 0.23193032832545873, 0.24478312419260956, 0.21162140125337936]"
16272,690.8213552840322,439986.4986068342,"[0.020202996505044514, 0.08264905258321796, 0.26350342138917776, 0.6336445295225597]"
5282,482.45481583541965,838237.4677859562,"[0.49975754426068375, 0.04750573801386017, 0.34359335228266275, 0.10914336544279332]"
9046,383.99350693672113,491290.7815902391,"[0.47271443864071605, 0.02498710393489794, 0.4429893984131365, 0.059309059011249485]"
3313,930.5501031695088,705193.2980792974,"[0.24437280137222825, 0.6602626374169944, 0.05401334743929237, 0.04135121377148491]"
672,184.5417856576049,292904.6062435188,"[0.5030225755357429, 0.025214505611607506, 0.12862377986594398, 0.34313913898670567]"
17666,502.7072594010099,874477.9185716934,"[0.0048183254078207095, 0.5104875387402427, 0.34891673775241966, 0.13577739809951714]"
11953,199.630155264992,121134.18808207595,"[0.46355847062702993, 0.050831324805338134, 0.3282826824036317, 0.1573275221640002]"
13631,430.88956142561966,349365.8559781824,"[0.07992079501568645, 0.18216116445399502, 0.20426864357312954, 0.5336493969571889]"
17304,226.9250450886362,706116.3622306583,"[0.40073579245808555, 0.13321305436141617, 0.13829071015223204, 0.3277604430282662]"
18906,467.5975981149491,810551.7591684671,"[0.14723818800664593, 0.5231176367721297, 0.13862740266333476, 0.19101677255788974]"
13689,743.6127092083339,819591.7835556597,"[0.0458003743715783, 0.43050231217639273, 0.1966723677204127, 0.3270249457316163]"
15643,773.8312357439255,712045.1425499613,"[0.27714380896550084, 0.0011379831596118836, 0.6489020919235305, 0.07281611595135677]"
19064,596.1902959881945,193216.86544373044,"[0.23767482495206263, 0.2475208770664448, 0.3157915714677305, 0.19901272651376203]"
1950,286.21419224009065,708476.6189209401,"[0.02354402696037935, 0.42421167219540207, 0.427990758843728, 0.12425354200049048]"
6306,308.52164322388285,342032.13932929654,"[0.06443199040895253, 0.46019007537862266, 0.19263186348368833, 0.28274607072873637]"
1467,793.5825500690611,925690.9257517724,"[0.39725974692766647, 0.2562079265215687, 0.0964907888047519, 0.2500415377460129]"
129,616.5438443237084,820810.4850276272,"[0.22661150539259636, 0.28869309843027174, 0.03908106618420865, 0.4456143299929233]"
13807,930.6261966559384,380832.2641626125,"[0.30814792051268924, 0.2853066689409545, 0.18313125312556106, 0.22341415742079518]"
17655,71.24220332408134,696559.0531415783,"[0.07186376528205767, 0.34609999865072644, 0.06752199300306017, 0.5145142430641557]"
130,442.8673258862127,368182.9871437745,"[0.05148436059599808, 0.024159767000647998, 0.6635281344296581, 0.26082773797369585]"
4329,875.6448045483216,600409.6122619321,"[0.06148894872870056, 0.18239972622076214, 0.26699138709897796, 0.4891199379515594]"
1516,663.5100117266142,617179.1459434663,"[0.420443655743739, 0.03682821849154215, 0.21344381215241903, 0.3292843136122998]"
1911,73.56542457811761,184584.6238243525,"[0.6543836205533942, 0.12127437106220962, 0.12823003700474353, 0.09611197137965254]"
9709,172.28532991510428,832868.019089593,"[0.1685746322811692, 0.3348604166386997, 0.01992247623075493, 0.4766424748493761]"
6823,904.2016176220228,752055.0523772332,"[0.41494309078327213, 0.45301621003422565, 0.0623169206770614, 0.0697237785054408]"
7280,534.3126498096541,194209.9369746645,"[0.5951108933007211, 0.2969238429340288, 0.010528463315538913, 0.09743680044971129]"
5144,19.34648132365397,154019.50164604688,"[0.33980337598225613, 0.07018110314606532, 0.1571738436492219, 0.4328416772224568]"
16210,695.5915383775915,150570.74621538335,"[0.12841207614522449, 0.17967900905881157, 0.3100347048029284, 0.3818742099930356]"
15908,905.999250506333,449385.8011827048,"[0.5848188994447924, 0.012895806740037943, 0.34611843373710544, 0.05616686007806427]"
14065,71.33565895789951,391038.0274968876,"[0.2853271344443385, 0.0627332548320547, 0.2630394884200124, 0.38890012230359444]"
18803,601.4426564927725,344561.6830375035,"[0.3255422308991583, 0.13413125395735853, 0.39530046663405466, 0.1450260485094285]"
9290,451.92392180638535,335323.49621728616,"[0.27276672296737453, 0.05176082093411867, 0.3459356799392353, 0.32953677615927157]"
7677,709.4480835874837,896072.1679455976,"[0.08546167619826743, 0.3138675574874481, 0.0031233872165002427, 0.5975473790977843]"
1489,67.42135445530748,501338.9384906355,"[0.14078767629812167, 0.07842676380203067, 0.08149486857706273, 0.6992906913227849]"
17897,400.4339213004152,820905.3500617199,"[0.5066368299178677, 0.14450832014510917, 0.059291042780361645, 0.2895638071566616]"
6715,684.5082774231809,121680.984064408,"[0.1712418506413482, 0.2522150060088173, 0.4216526373212482, 0.15489050602858623]"
18472,63.73892052428089,955138.8739908342,"[0.6481327161413649, 0.16660393912401633, 0.0558872551894385, 0.12937608954518026]"
9883,76.54157100163745,349357.2979375076,"[0.11667948331830238, 0.3721889663838395, 0.33367239111694263, 0.17745915918091548]"
18924,393.6196219690459,800637.9512099514,"[0.08689166233975838, 0.3971597165758113, 0.07604506548871239, 0.43990355559571787]"
6748,724.0923960333008,798337.8711916106,"[0.025184093647782336, 0.10415568244334455, 0.6700156927590429, 0.20064453114983025]"
6156,47.97668864555395,176465.6192610298,"[0.0721249735794737, 0.6352972949617446, 0.04663271434976061, 0.24594501710902114]"
8620,594.5746518442694,656363.9526544495,"[0.11463351889693053, 0.3269498711504249, 0.17744904895940025, 0.38096756099324436]"
8170,924.7855536332768,855876.3260902531,"[0.207588801802399, 0.6195076196882724, 0.03981548691204024, 0.13308809159728854]"
4347,133.32816885855027,164427.0784731272,"[0.24182619654384221, 0.22907140965505132, 0.09864078254976216, 0.4304616112513442]"
11371,317.75522124439914,865756.8793611156,"[0.6906408799702025, 0.13249659902066035, 0.15108207337304044, 0.025780447636096587]"
10618,637.9286608842629,963442.9507420422,"[0.17503559758813095, 0.5228717034439313, 0.2509247607810233, 0.05116793818691444]"
6477,879.5351736346312,856999.8003850498,"[0.02205129724276468, 0.6659635838626686, 0.31051784329626375, 0.0014672755983028683]"
12855,665.8659667413248,694059.4434324777,"[0.5543691073750743, 0.016198812850917656, 0.3668207354020917, 0.06261134437191648]"
3221,618.1495135821186,355370.4345421166,"[0.20738920198918803, 0.024346418873076484, 0.12073769423963994, 0.6475266848980956]"
5062,306.76918952384256,965918.8440163048,"[0.3888931470237559, 0.25469679708562915, 0.285302657212158, 0.07110739867845703]"
11443,534.3744120689684,389780.7209973048,"[0.4828943833336431, 0.30158681121010994, 0.07910314461063633, 0.13641566084561063]"
15193,889.3753509538105,371622.1078709275,"[0.20379011400407077, 0.037832756203351844, 0.6599300144826482, 0.09844711530992908]"
12378,997.693118476458,341606.92493383284,"[0.1796296355140155, 0.10346569000635397, 0.23766013377425677, 0.4792445407053737]"
357,42.42557901346029,174935.51392352086,"[0.03521091917871455, 0.16044766760594673, 0.34462665311839313, 0.4597147600969456]"
5040,38.334121618330606,630253.9231407044,"[0.22693915638422993, 0.23861058165467147, 0.4626622924677779, 0.0717879694933208]"
19551,608.7219558112827,970972.756401244,"[0.4014469618447518, 0.4093861500304441, 0.08444986318172204, 0.10471702494308217]"
7859,396.5754371511446,853952.237179621,"[0.144486728623168, 0.10527251462025751, 0.7066434677343828, 0.04359728902219162]"
12049,318.10078377756975,690669.3878117711,"[0.5344352594036342, 0.054003616405612805, 0.17417882294166212, 0.23738230124909074]"
1992,26.496766806131568,261912.6298700411,"[0.14390341350031594, 0.5760491014125977, 0.05510422845528798, 0.22494325663179837]"
5398,707.1793614312106,821892.8863302708,"[0.15737668744571426, 0.43354423702765965, 0.3064354264738092, 0.10264364905281705]"
16995,740.7074640866759,216495.13261026656,"[0.2119740195905602, 0.2765906521499493, 0.03779264731773914, 0.47364268094175127]"
2482,336.28300299583174,791861.1607917919,"[0.429967961448801, 0.2969501574131684, 0.14169571351505708, 0.13138616762297367]"
9243,820.1728755649315,718974.0848495296,"[0.05473585569106251, 0.4953338923047373, 0.015776900633570474, 0.43415335137062977]"
5283,557.7663192121969,171037.0818077744,"[0.19352849288849422, 0.31138330478750104, 0.47756250100902553, 0.017525701314979297]"
9017,124.5920628230392,350823.1554242391,"[0.2709770583385465, 0.12119533021021948, 0.5975235338825999, 0.010304077568633914]"
15154,694.3300685249181,569647.2952113562,"[0.22792184952918004, 0.20989883241440072, 0.3506815115854179, 0.2114978064710012]"
8859,525.4168758273217,347379.10377413593,"[0.2022721349237511, 0.37011658600874153, 0.22991199602711113, 0.19769928304039616]"
19860,160.54459103114505,935757.292219087,"[0.4275859128800168, 0.09065713552001538, 0.1709104343387773, 0.3108465172611906]"
6028,124.36018963561035,487906.6703305136,"[0.06270970785956755, 0.1217646134712086, 0.3886265251224395, 0.42689915354678437]"
2563,935.0340885082248,430891.7901313646,"[0.3760863267503468, 0.45048262623690116, 0.014323391728766663, 0.15910765528398524]"
4978,815.8446519100024,598096.8781856862,"[0.10871888207877094, 0.182281797380328, 0.18749477271975593, 0.5215045478211452]"
5769,272.8083696013376,614582.6455866214,"[0.020699244115067135, 0.29897661754948196, 0.05989213510403937, 0.6204320032314115]"
5401,853.1805591058878,170305.02711681084,"[0.5327079780709018, 0.09346175691863974, 0.22266025184513855, 0.15117001316531992]"
666,706.1521104224192,584054.2433033908,"[0.1741261642128582, 0.5267963018914897, 0.010555645486665046, 0.28852188840898696]"
14146,779.6906845103514,824995.4490839854,"[0.0931817839936585, 0.08977607290430337, 0.38271914216553987, 0.4343230009364982]"
4452,565.3734797367921,943502.9327807502,"[0.37004880777184984, 0.044691131432216716, 0.14394754557827974, 0.4413125152176537]"
13200,907.7690616439596,536644.570491635,"[0.15650178589498612, 0.40987789925991935, 0.19451122381212646, 0.23910909103296799]"
12816,325.96642066159944,428778.374167871,"[0.24277485419295766, 0.2826079629215122, 0.0734424238604355, 0.40117475902509464]"
9797,406.6796508655614,134157.70023019068,"[0.1512835719967039, 0.10221093388006458, 0.5352974848449787, 0.21120800927825287]"
8664,885.1456502305605,586109.8819094584,"[0.30784436351869, 0.0362169997216727, 0.5285623167414366, 0.12737632001820084]"
1896,851.504036063118,281203.1923341972,"[0.23025521042021171, 0.5096661439648493, 0.14239452949362186, 0.11768411612131717]"
9099,935.2519502685687,586957.9963075729,"[0.3651016359277874, 0.2654515715813819, 0.04752591575641266, 0.32192087673441805]"
4080,475.2044509310732,278954.57066292095,"[0.16085017732822085, 0.14997061087361033, 0.11374910159652588, 0.575430110201643]"
16842,162.7242830949841,343761.80196291587,"[0.28567900476477814, 0.10383282698531959, 0.1283925279220947, 0.4820956403278075]"
7623,460.12860816107536,136517.40236773854,"[0.11997288944778721, 0.2238574302190568, 0.48950337575029146, 0.16666630458286463]"
5867,720.0768476244909,167247.58595332055,"[0.08904030950919335, 0.7575608276815313, 0.14799595471771512, 0.005402908091560126]"
6744,602.626267726218,809274.7692051859,"[0.21958573732269432, 0.461614978280156, 0.05031458006591659, 0.26848470433123306]"
13919,778.2477750189297,812761.7412624687,"[0.07094462891276274, 0.3623018976851347, 0.09123093863030136, 0.4755225347718011]"
5926,659.8842940953687,103167.51251957584,"[0.48842775849429676, 0.4281680470414538, 0.07272137663971173, 0.010682817824537868]"
1689,338.4419798109232,300881.642578982,"[0.4791881300792535, 0.021852935467737186, 0.12154981906679863, 0.3774091153862106]"
4525,410.972067677293,434488.0111160909,"[0.1998271592503248, 0.01420277143996693, 0.7061677605014286, 0.0798023088082798]"
8815,455.12606840869495,912662.9211952428,"[0.11840096697066962, 0.5641664619577347, 0.13966545950809167, 0.1777671115635042]"
13236,41.9762603159467,656626.7296217027,"[0.06497722122892932, 0.7464318239506602, 0.13020128931585462, 0.05838966550455597]"
1809,388.6095349910444,675854.8372077371,"[0.28219505784491133, 0.3036329167118061, 0.09552754237587056, 0.31864448306741205]"
11721,154.01735667444564,135689.6734581907,"[0.44532806439052064, 0.15438910021167038, 0.3146238295108294, 0.08565900588697963]"
2691,692.070507328301,804491.8370924287,"[0.17287353056016488, 0.3549240918214461, 0.11062735891213796, 0.36157501870625125]"
11827,101.33658018064662,916322.4410408394,"[0.4336414420735205, 0.145118903960635, 0.235333898346964, 0.18590575561888056]"
7599,309.99072686535845,493399.9005495955,"[0.20697345252074026, 0.175177167972482, 0.5169079437198261, 0.10094143578695149]"
2907,812.8264188682036,461557.9655614856,"[0.07610051785683922, 0.1955673966500672, 0.3850149169879883, 0.3433171685051053]"
2401,889.6324224465512,302158.2690355167,"[0.3735782788803999, 0.06522463737851958, 0.30210308558622373, 0.25909399815485673]"
16634,447.5369059314661,436368.9355802626,"[0.21034317144895717, 0.26633225049104137, 0.3788248557051294, 0.14449972235487202]"
15886,393.12101632586575,714482.4036475793,"[0.11131315739548626, 0.3325214694889382, 0.39861080525487425, 0.15755456786070127]"
234,869.3214253878497,591934.1460292623,"[0.5836981735476248, 0.09759736022583919, 0.04964370592976682, 0.2690607602967691]"
5802,618.0586907461228,236317.92151412155,"[0.03587575191296924, 0.1479328622631801, 0.12800969419827707, 0.6881816916255735]"
10061,977.104117344555,437707.8542716607,"[0.23191116480680565, 0.2912155343041196, 0.23637601845818976, 0.24049728243088497]"
8383,680.8258299332895,995260.1836931048,"[0.3178346674724792, 0.36125602185289074, 0.10109172314360225, 0.21981758753102798]"
1996,443.01366654150655,744087.090932668,"[0.13659062354385768, 0.16793291248676778, 0.2576961473130738, 0.4377803166563009]"
4327,936.6555329496844,999894.4176171622,"[0.354703272402405, 0.14880033678362836, 0.28466926330877024, 0.21182712750519636]"
17478,640.6183704777706,337486.37626709166,"[0.00519057480501949, 0.35519436805156507, 0.44515578386004845, 0.19445927328336704]"
5563,754.8711613581643,345113.71280141256,"[0.6598636632010608, 0.03888452084914789, 0.07689525609024708, 0.2243565598595441]"
6327,397.9031852240397,301756.43396377005,"[0.2658121886911765, 0.20314350450222593, 0.33298528102198394, 0.19805902578461348]"
1653,884.2536435986145,923289.1121789172,"[0.046589250995124364, 0.10909493018009683, 0.0054110159531478375, 0.8389048028716309]"
18395,198.3472129939522,365070.443901295,"[0.3804800794664241, 0.2866969816758339, 0.32737099978806933, 0.005451939069672656]"
15419,518.8980690458357,385893.1360860774,"[0.14922623024043902, 0.551241582657422, 0.19640856393668357, 0.10312362316545544]"
16511,673.7980244539599,837049.2198522525,"[0.12783280216705586, 0.527593396627043, 0.2144491208931407, 0.13012468031276053]"
7061,136.69926983930432,977602.4821408038,"[0.2852262778459732, 0.25104527806927635, 0.21965997750772437, 0.24406846657702616]"
19480,744.9212947901243,329736.3141437047,"[0.017517749314698315, 0.2379561600219731, 0.6706780852453958, 0.07384800541793286]"
14722,799.8228094288127,325165.4563760123,"[0.5020504809593641, 0.321221001598114, 0.04646496960909865, 0.1302635478334233]"
2511,386.6029200279008,164680.29599414847,"[0.23733343588559772, 0.5597855898099656, 0.07531485995852845, 0.1275661143459081]"
2377,499.2246049885456,817033.2468062,"[0.14347684717046452, 0.02891976109184618, 0.2012074636925758, 0.6263959280451135]"
4460,854.0922484816676,194653.27669256763,"[0.1345305264702864, 0.31778505354316006, 0.40395456866416823, 0.14372985132238522]"
12911,754.0853156743267,551413.605383829,"[0.28137747676158675, 0.3720650699888935, 0.10835837388802644, 0.23819907936149343]"
4998,457.0384219786832,315557.6173476414,"[0.022297338505766616, 0.5552261556010054, 0.08564289875072761, 0.3368336071425003]"
5552,414.0131594500293,267260.7353029741,"[0.19594164686756577, 0.10988492642867802, 0.31644350546426947, 0.37772992123948673]"
5074,256.741434607271,202813.07471088108,"[0.035677867631274715, 0.6686175047576572, 0.04588244956033537, 0.24982217805073256]"
19351,964.8569694690236,112574.56686537908,"[0.32867392784792027, 0.3198084934219466, 0.22355932091433023, 0.12795825781580294]"
4088,85.84342508951246,534876.922206694,"[0.05185813318787381, 0.05765913540737265, 0.31815081918203103, 0.5723319122227225]"
2923,315.04530623783467,659935.8774524946,"[0.034837759883540674, 0.3619164648830754, 0.45701775456084187, 0.146228020672542]"
14496,914.6518366366583,636609.882591461,"[0.6266861835716909, 0.11951019966563006, 0.033052322777220075, 0.2207512939854591]"
10377,361.5249419932051,879691.5857952377,"[0.030461075117121053, 0.13349891210127918, 0.6466864325016982, 0.18935358027990157]"
948,420.21365108939375,193847.03590478995,"[0.3177419402572028, 0.5197913593116248, 0.07340661876781741, 0.08906008166335502]"
18320,529.1669266891225,167583.9401759273,"[0.605697471498734, 0.1797428040495271, 0.12887744232305243, 0.08568228212868652]"
9108,391.2292637300109,394922.7165439344,"[0.26577613731091515, 0.3266088869580717, 0.3352592403297368, 0.07235573540127618]"
7290,177.57015373309517,121243.70571469497,"[0.1528659376658755, 0.37156323308279104, 0.3676628420016669, 0.10790798724966658]"
18142,131.26160163797067,930884.5257858743,"[0.47065912068353066, 0.03202111877809848, 0.3250758591263267, 0.17224390141204413]"
19851,907.4764636243668,940139.6290095,"[0.30082994193906465, 0.15072251602588635, 0.4918848758654756, 0.05656266616957339]"
18757,851.039620532444,999697.2803037337,"[0.19088341470466993, 0.4696977110612437, 0.015594212150219779, 0.3238246620838665]"
9062,857.6603538402854,166841.3298221998,"[0.35153633830989356, 0.3523599858126731, 0.008854574698278144, 0.28724910117915525]"
1017,880.8781865783526,989236.6762035884,"[0.5134845320465967, 0.13210324118628425, 0.005325630010644776, 0.3490865967564744]"
14872,777.9795150260226,428175.176101321,"[0.07560509003377251, 0.45724427999558903, 0.23696294033666596, 0.23018768963397254]"
6520,590.040243407389,729624.4814422338,"[0.6800573919675549, 0.09137157912916949, 0.1690688092560844, 0.05950221964719109]"
175,181.8354909425649,204479.26712261923,"[0.09213813090376266, 0.0027083863839522503, 0.8780410111789716, 0.027112471533313427]"
17518,861.0746005448827,386473.7552309304,"[0.28214529413211914, 0.30541043648057997, 0.1249402774650792, 0.2875039919222218]"
16861,77.47349794933993,494597.7912995895,"[0.2740154414421018, 0.10473801606488768, 0.4024659847890329, 0.21878055770397759]"
11844,386.8991603861624,309882.549170516,"[0.44803097689435767, 0.30448078671956486, 0.0555366700569022, 0.1919515663291753]"
12992,94.67787581594544,946971.9747798486,"[0.21145909823398232, 0.24593278182722791, 0.501083873177521, 0.04152424676126886]"
18350,646.3090435862978,809332.2673406756,"[0.24481591306172548, 0.17219132153766956, 0.19592826311840764, 0.38706450228219724]"
4913,294.4604357600288,227156.4454507446,"[0.44539824357364793, 0.11267096962078467, 0.19153917931376618, 0.2503916074918013]"
10361,417.3225253059781,337830.5816091227,"[0.03013551024728095, 0.029326383450590934, 0.21120948415021132, 0.7293286221519168]"
6789,343.248086678693,866297.2903248388,"[0.029643426703383144, 0.7398663381679139, 0.062012319316784886, 0.1684779158119182]"
8950,572.4059388066806,698438.850261267,"[0.7313462919630856, 0.03292853127966514, 0.17362927628473196, 0.0620959004725173]"
18928,433.3203786215632,793393.5167082715,"[0.45662533698914676, 0.04642922791271987, 0.013220832800497025, 0.4837246022976362]"
5335,633.4237300741053,217680.61423011724,"[0.20878534757424705, 0.4561666984822466, 0.29747766874621373, 0.03757028519729256]"
14202,546.0029490200894,157121.75451814217,"[0.4291443159801131, 0.20171978322390233, 0.005929970328012034, 0.36320593046797256]"
12400,237.24553704679224,555323.3928145813,"[0.25389163750364174, 0.15423772958813442, 0.5105541055585366, 0.08131652734968728]"
19330,831.3427990327405,378246.1021194677,"[0.49341254045280125, 0.011808250966783349, 0.2721082225408828, 0.2226709860395324]"
4149,939.6293017390042,894809.3376076522,"[0.15166879083909762, 0.3452299065927583, 0.491590848689598, 0.011510453878545886]"
18792,691.0085604004789,898236.3424641496,"[0.02005518766875263, 0.8196723586777515, 0.15236591214333847, 0.007906541510157341]"
7123,39.40419318741895,842860.3715145341,"[0.1664739794197487, 0.2884484173275045, 0.38944761622309426, 0.15562998702965247]"
12564,108.31149315588748,589100.7444784383,"[0.30997829697561535, 0.45876305050244703, 0.1839758874549936, 0.04728276506694401]"
16836,895.4486171231162,911113.051129224,"[0.24940472379102982, 0.011166816794180062, 0.5020539905712464, 0.23737446884354363]"
5997,580.833813571312,551293.86077006,"[0.12850251879584534, 0.020709624909020816, 0.7470366777486296, 0.10375117854650434]"
9050,909.0802608269096,805551.4249539817,"[0.0872289423977579, 0.1423429792089687, 0.43109104534302006, 0.3393370330502534]"
11984,209.64497286887732,957530.7473867416,"[0.6556375105673847, 0.2344879335882366, 0.06750964854358533, 0.042364907300793266]"
10309,752.9448896290705,330665.81363669666,"[0.6248890788906456, 0.009377963582242962, 0.24419074049161624, 0.12154221703549516]"
13761,179.0666272486845,528034.6109458425,"[0.22926527194376675, 0.5575800853508383, 0.18675330677899493, 0.026401335926400083]"
12084,146.35010574214218,676852.6819629149,"[0.5469854716934311, 0.12883012899884455, 0.007880340311646023, 0.31630405899607833]"
8669,131.8669078475615,936534.3468921676,"[0.16029689163090988, 0.4940281346495239, 0.12227991497135628, 0.22339505874820986]"
12662,530.4223750543055,306576.8645562425,"[0.1210596039161848, 0.07083958304483812, 0.2221317236880483, 0.5859690893509287]"
15868,515.139350137026,347532.10736533854,"[0.008172196069017793, 0.393863795229405, 0.4917576698423136, 0.1062063388592636]"
9325,292.58787868631646,667263.7227044621,"[0.03401695538253203, 0.3503318684721013, 0.18921881730520942, 0.42643235884015723]"
2590,310.75615747053786,794592.6679519612,"[0.19899942427598782, 0.08046697942277864, 0.43299103070128514, 0.28754256559994834]"
6878,846.2510043064053,547439.78812184,"[0.3708080674481898, 0.24010974702116133, 0.03983471546582096, 0.34924747006482815]"
13953,223.1468927192784,213637.58303669852,"[0.3054151476361946, 0.35432785795706107, 0.24838146644925058, 0.09187552795749379]"
14208,362.1793346273825,467858.1052215739,"[0.18707814056363226, 0.4541536526660359, 0.24773071375727584, 0.11103749301305603]"
8106,510.704003524307,454432.28812790615,"[0.0208653748380653, 0.36119686193451206, 0.493558673405903, 0.12437908982151963]"
1645,805.7777896078197,387726.972140046,"[0.3830682254991864, 0.10621919120743613, 0.206216687855464, 0.30449589543791356]"
633,789.8255787762328,997641.5270376836,"[0.5439278758478601, 0.0023375126981616343, 0.2109904115878042, 0.24274419986617407]"
13616,468.1651715158459,168639.70342217773,"[0.20951493322772058, 0.06496315659083171, 0.13850392185679308, 0.5870179883246546]"
5774,617.944679636436,587898.117937918,"[0.12283479386990379, 0.5520186485927479, 0.1846923196267877, 0.14045423791056058]"
16488,216.64449840239936,991807.0736359232,"[0.09453180981286632, 0.5546300570242131, 0.011748345893126904, 0.33908978726979355]"
3885,746.13593104132,691037.5817714554,"[0.47190713432561, 0.23785765058945127, 0.028253805371313116, 0.26198140971362566]"
16687,887.8149592176748,168657.82107064332,"[0.32633621304261445, 0.12166836881457993, 0.42663347314833816, 0.12536194499446732]"
4239,737.8601999155288,647418.8207648627,"[0.26463966988873244, 0.33402562750330733, 0.19758483967560309, 0.20374986293235722]"
17774,242.1463130426708,737763.5360886655,"[0.41319473895026765, 0.26621255264869836, 0.07201420826014789, 0.2485785001408861]"
10831,647.36381008371,733428.5346022061,"[0.014485214694188505, 0.4506209558469822, 0.3792349722408155, 0.15565885721801387]"
12083,562.7612895662909,651678.2644283867,"[0.00795235018013305, 0.6787849703766392, 0.10722369466606918, 0.20603898477715862]"
8834,128.0197815197114,829735.5106022155,"[0.02738882101548971, 0.03514352827530979, 0.05934078197382501, 0.8781268687353756]"
17712,242.5990454314405,454456.2273565423,"[0.26758944755640157, 0.053750305231955516, 0.5518196795744974, 0.12684056763714555]"
8486,603.8881841115377,518406.94045647327,"[0.32968619406232674, 0.3889598793351438, 0.06647405875729175, 0.21487986784523763]"
15211,222.81910654616675,983613.429913703,"[0.041012358372393205, 0.6011063929105726, 0.19594575546006368, 0.16193549325697063]"
8947,757.5525581443737,573811.3300904322,"[0.20664776066385368, 0.2898285468716381, 0.4101066464629832, 0.0934170460015249]"
15607,67.63543414667,871777.6394133265,"[0.2127592706316576, 0.3414970783034921, 0.13450399408707847, 0.3112396569777718]"
418,332.93384490314133,367924.7021267957,"[0.1370540791152017, 0.07902147638037231, 0.33946370713361035, 0.4444607373708155]"
9580,94.65264439650522,543279.3180168115,"[0.0590074197579986, 0.5175637349590421, 0.36656927172978004, 0.0568595735531793]"
13993,842.7427192186991,689918.1604404098,"[0.5915791508612194, 0.16770579588482984, 0.19538515512342222, 0.04532989813052857]"
6842,589.3022112301734,208554.11379770248,"[0.02680242429017993, 0.636431294071307, 0.243122517457127, 0.09364376418138602]"
19340,194.736242960146,267803.3850968381,"[0.10167785242220478, 0.4072388617530432, 0.4063362600508729, 0.08474702577387905]"
19987,14.222723994087962,559841.3038507985,"[0.16709991728408624, 0.08411683217720267, 0.11511223827745916, 0.6336710122612519]"
17716,995.2525030995852,936329.1152407762,"[0.6512983950509919, 0.002798827036880866, 0.1891566963852228, 0.15674608152690458]"
11375,497.50161323600304,681337.0301760131,"[0.24660966901405798, 0.41340888240841583, 0.2946074215212623, 0.045374027056264025]"
18405,702.697172599852,857002.3126041206,"[0.036319741495615024, 0.14017147737460797, 0.2243484501124093, 0.5991603310173678]"
12843,922.7897670024288,194253.48158648275,"[0.10510251521928395, 0.12932952765988662, 0.5774553135894285, 0.188112643531401]"
19081,385.1390027126365,434615.0448295925,"[0.15252622796654777, 0.10176019776173398, 0.038361457486975524, 0.7073521167847427]"
18670,382.3926408756517,208015.23013044172,"[0.23143483447120267, 0.23779665588408505, 0.23616209138875394, 0.29460641825595846]"
11421,162.93614976927603,604250.1344879579,"[0.4845169749757789, 0.28595960588588787, 0.05043311373346294, 0.17909030540487011]"
1662,113.14278803358224,287637.9801732511,"[0.22223168016084532, 0.016027029650355077, 0.5636561220875881, 0.19808516810121157]"
467,629.8506231391292,746938.7940767471,"[0.46481087875323424, 0.3210230614321975, 0.14530791022221728, 0.06885814959235113]"
14992,704.7356864220636,440331.9331742373,"[0.021372222013827054, 0.16273771430352627, 0.6517293828545458, 0.16416068082810098]"
10323,205.468066490244,599617.3958884382,"[0.12362937221655393, 0.09024625075274954, 0.1753797931699029, 0.6107445838607937]"
17756,922.4364098016512,307983.25064062024,"[0.14458264266992896, 0.22978107540521733, 0.6207190071111072, 0.00491727481374657]"
15304,296.7966339271475,839557.3768648254,"[0.056345186250733634, 0.8032417245438302, 0.04992873602939994, 0.09048435317603629]"
1608,191.50580160304892,220275.77241625104,"[0.3887018706573411, 0.18162499771196552, 0.16422502463912217, 0.2654481069915714]"
6999,519.0245356813515,995573.1146568076,"[0.17874312376814122, 0.1395845349013712, 0.2304087738640838, 0.4512635674664038]"
8348,197.4660443530153,937275.0798630902,"[0.23717298119796884, 0.12735008263734748, 0.5080196440593276, 0.127457292105356]"
2215,945.6546288176106,734928.164606392,"[0.34341910033184736, 0.03651681514600656, 0.3141741394114124, 0.30588994511073386]"
18525,777.7017520600499,624978.0487614082,"[0.2793596796673066, 0.5712131077030979, 0.1461765790617054, 0.00325063356789035]"
7926,992.5145432756394,301269.5351000576,"[0.6845650604384552, 0.14538114382040188, 0.01315145171149952, 0.15690234402964331]"
5332,827.0881931164281,548979.759228348,"[0.1522008566394894, 0.34706841057791293, 0.1787790927143088, 0.3219516400682887]"
5525,817.5900622666946,537204.9801159014,"[0.09999484084009959, 0.27201783131954954, 0.3376601882545693, 0.29032713958578166]"
14411,696.7821901675176,180148.13479300984,"[0.07068429428995991, 0.23555896756001543, 0.1653219094916451, 0.5284348286583797]"
3088,51.466376756739145,989048.291209009,"[0.11361227614754621, 0.06242548777172512, 0.46546047567236154, 0.3585017604083671]"
17066,777.1500477012567,857077.0941091592,"[0.6605046877726889, 0.08214382255813235, 0.07437678382859492, 0.18297470584058373]"
8137,797.9339669631172,404606.237524875,"[0.11907833619843713, 0.3100527927015309, 0.1549133505732684, 0.4159555205267636]"
15144,283.7469890014595,602185.3306639936,"[0.19844894533958882, 0.11950440961233787, 0.23449533505716272, 0.4475513099909106]"
12667,143.8991367974175,978371.6779069208,"[0.14247698105392928, 0.7088409721861938, 0.006876230065944483, 0.14180581669393247]"
3680,688.0434670544083,444568.7192301514,"[0.13113722703290107, 0.01681059110869246, 0.28950773369591953, 0.5625444481624869]"
1709,566.5127472135023,548714.6187060631,"[0.014988127141153195, 0.4918389882870033, 0.24561970438796943, 0.24755318018387415]"
11030,119.39296373099596,258808.7553485696,"[0.45179280666339344, 0.3941303147425036, 0.01686742910445724, 0.13720944948964564]"
14999,11.372747399682998,710213.4564009947,"[0.013932869027294247, 0.7700946917423236, 0.17777122684479318, 0.03820121238558893]"
9952,625.1181287853226,332570.7811813999,"[0.22319981386499715, 0.6429256756919514, 0.07837376747707862, 0.055500742965972946]"
4429,804.8214438215213,117062.73773398486,"[0.10335944627982194, 0.17563791985937313, 0.25393388824777385, 0.4670687456130311]"
5941,295.0538488569735,854581.1158955531,"[0.3419214773857087, 0.161460898799003, 0.4248852560026465, 0.07173236781264171]"
18491,44.897354882360936,911104.8741140536,"[0.1452841669484562, 0.6400839183425222, 0.0071427365001316395, 0.20748917820888974]"
13970,88.85142681557804,672504.7580186327,"[0.6511443727657773, 0.0020100767843962623, 0.14244693630150995, 0.20439861414831642]"
13794,814.5394599273308,123749.29072369973,"[0.003459324985021094, 0.12208034554546128, 0.7092942813192643, 0.16516604815025324]"
15968,548.6604551625614,723446.8331903622,"[0.07283380694382124, 0.7595977416413073, 0.03206158977498893, 0.13550686163988246]"
7343,403.85938290344967,452589.9871295199,"[0.08195231167905451, 0.46297706018499246, 0.23138651207944294, 0.22368411605651017]"
13398,921.1915623205604,614747.7424890037,"[0.25118722245435093, 0.2646630236979501, 0.1484501819043866, 0.33569957194331246]"
9979,477.4316499203029,552968.5615945214,"[0.19076192387881466, 0.39534924739047184, 0.38951896246850976, 0.024369866262203662]"
8300,133.05658030816986,905302.7262309388,"[0.5430377100708431, 0.2657467776952269, 0.1220031522454579, 0.06921235998847201]"
13614,483.8726854200376,709223.1954267789,"[0.13436522524124977, 0.13573881659744896, 0.31899913040283034, 0.41089682775847114]"
15076,76.96585742568374,879774.2579840184,"[0.5634544355053457, 0.19061873932480813, 0.09073025253400267, 0.15519657263584352]"
3371,788.2429371472173,134697.6068769419,"[0.5072105422999733, 0.15496014949799325, 0.22917409915505652, 0.10865520904697701]"
13268,228.4765577736768,918590.401816994,"[0.5375242135071489, 0.04766705528043986, 0.3996659421844448, 0.015142789027966735]"
19979,138.29987105171224,135553.73153843882,"[0.15273635962947632, 0.0964600738666185, 0.20581222851437583, 0.5449913379895291]"
6541,410.7965864391553,312215.48391634435,"[0.14044271990379228, 0.6193234165519649, 0.06112992842535113, 0.17910393511889186]"
2718,551.5706375344528,147158.90042690502,"[0.34446167546240314, 0.09216509128766678, 0.1270429153873026, 0.43633031786262744]"
4170,765.0472746825625,604232.3922399376,"[0.22781449113748664, 0.07212024526696441, 0.46691643867481397, 0.23314882492073502]"
13806,724.3118768222436,622070.0025315234,"[0.5193747699285604, 0.0810677181999033, 0.058202798384950884, 0.3413547134865855]"
16121,170.31284512895556,178792.59792693026,"[0.1141798370666178, 0.12690491241731236, 0.047726777836125785, 0.711188472679944]"
15598,968.8434904431664,330129.9737256831,"[0.34987112563383616, 0.3596334924120469, 0.09142732076576988, 0.199068061188347]"
8479,354.2206562543155,711240.9415290615,"[0.4097899079480635, 0.32226707076113087, 0.202931357412038, 0.06501166387876771]"
19012,968.5211002652752,749711.6975069538,"[0.5431182698124536, 0.11577399886110612, 0.27517770530869934, 0.06593002601774108]"
10312,35.607499615196055,650237.9495551924,"[0.009253243366325398, 0.15107872236303052, 0.46781234945618894, 0.3718556848144551]"
6521,482.1455430962144,193530.24569530605,"[0.2607367977131152, 0.11985275664209231, 0.15099884362661165, 0.4684116020181807]"
12133,651.9155807269639,223137.35753010068,"[0.062484116618437724, 0.3246474782479619, 0.1722891116238285, 0.4405792935097718]"
6699,890.6339085696867,320881.95586660644,"[0.03975225664479152, 0.15553114943346694, 0.21435871073348395, 0.5903578831882577]"
17048,744.9686113762273,617465.6631376131,"[0.023996753409329843, 0.48667682691217096, 0.3922011177318105, 0.09712530194668852]"
15251,395.1744433765734,103773.32245810004,"[0.2956323279548782, 0.37570702149980373, 0.0985298996127011, 0.23013075093261706]"
9606,25.758653951781213,529712.3357010738,"[0.08768129838981757, 0.1218347035105609, 0.24855125545468826, 0.5419327426449335]"
16266,675.1793155340245,291023.0609177357,"[0.5942655955520864, 0.33395766109852704, 0.022202550962432455, 0.04957419238695408]"
19638,208.6921087111846,777043.8133234169,"[0.2677510246303461, 0.026088922704741915, 0.6378534706810205, 0.06830658198389147]"
19126,626.719656764748,365851.7064704432,"[0.17221552630737222, 0.03077516669880081, 0.6677536591182999, 0.129255647875527]"
17767,977.627735573914,541311.0012032776,"[0.14671170089248442, 0.43253610387745633, 0.07806030324143726, 0.3426918919886219]"
15559,346.5879408056172,661554.6301645638,"[0.18715423492310798, 0.055864302702142404, 0.04331055967248016, 0.7136709027022694]"
2353,639.6338763309228,229772.44964701688,"[0.1783219482421526, 0.4083503708091398, 0.22925731827432516, 0.18407036267438245]"
13420,100.549137642573,262337.40973665967,"[0.18286021068804098, 0.11718127164867508, 0.5712431597201093, 0.12871535794317462]"
5234,375.8924990193679,655368.6572073142,"[0.6098402339341631, 0.14596701936733045, 0.09218747177439428, 0.15200527492411214]"
10041,506.8426294703989,574136.3801075656,"[0.1144696063322995, 0.3611586540585778, 0.011788041107919681, 0.5125836985012032]"
19663,478.9320558804797,158419.8310000375,"[0.10530092449207322, 0.6106383081130969, 0.2527215607864933, 0.03133920660833665]"
19051,51.86739284384574,402934.8792765589,"[0.03855296495836197, 0.5330619736786938, 0.020202052723426966, 0.4081830086395173]"
16418,613.1855020410737,709191.713456882,"[0.026737932314166987, 0.24629773397291865, 0.4235072232586904, 0.30345711045422397]"
12861,278.90668556700564,877853.2260855054,"[0.0936945814562004, 0.08582845002269465, 0.26295435428618574, 0.5575226142349191]"
1431,853.5679041914068,920560.9168853934,"[0.34857596689709097, 0.32599928020483687, 0.3162072542512101, 0.00921749864686197]"
15692,335.8112246415934,701727.1927300625,"[0.4166954621296174, 0.3060509596593361, 0.17797482925508248, 0.099278748955964]"
5903,204.75009405704208,898579.5550712077,"[0.49776746811523126, 0.1298132916551735, 0.04949539876627487, 0.3229238414633205]"
8426,296.86697746667767,554618.6093153299,"[0.13051874838260258, 0.6912526771157972, 0.12543129826887256, 0.05279727623272768]"
2552,106.87775114166008,176288.44709094014,"[0.10913114202399632, 0.814625551055122, 0.017587131181431844, 0.058656175739449805]"
6832,735.8088567480476,310403.4077422288,"[0.7079479547929363, 0.0760293599363403, 0.09204763014804287, 0.12397505512268055]"
9747,256.0072459648658,556692.8338482241,"[0.6753263143332404, 0.09127677911638755, 0.02917828863585979, 0.20421861791451218]"
4792,904.5613130614196,706977.8622073951,"[0.09764819531387592, 0.2415468132133378, 0.2966450034712054, 0.3641599880015806]"
15318,241.60532088778345,485055.3543728045,"[0.17430454213608487, 0.5548934727723415, 0.10873081984842015, 0.16207116524315351]"
12795,215.82809294146765,539126.8661762215,"[0.289676496506727, 0.1383463285718741, 0.30241818705359663, 0.26955898786780225]"
522,920.1201344780123,187239.3763661718,"[0.32883978406477377, 0.36632640131603394, 0.18496718864794126, 0.11986662597125092]"
5402,978.2931827319708,249731.952178294,"[0.10231464281387094, 0.5876524833924643, 0.2166289592359119, 0.09340391455775274]"
5503,769.9655121940506,597584.9997393873,"[0.023649635517842382, 0.0618617690301159, 0.661406572734535, 0.2530820227175068]"
15479,700.1859228765247,403306.9389202741,"[0.36197641160871996, 0.0011892417913311692, 0.623052248425347, 0.01378209817460179]"
11395,907.4672101621188,915400.3959286684,"[0.31594345746897123, 0.31097498021872655, 0.23781024914170587, 0.1352713131705963]"
18284,63.53186622117671,884298.2334375993,"[0.09978679254653905, 0.19647174144257293, 0.31595287642165953, 0.38778858958922846]"
7758,74.2564925002507,339894.789556145,"[0.2840111536277284, 0.3625060255630349, 0.2536186532485105, 0.09986416756072619]"
15937,880.6321112332943,331098.8897770832,"[0.33502672511780857, 0.2659469141865883, 0.14684704278831612, 0.25217931790728704]"
18971,492.236636550582,694460.8674397246,"[0.31691288681160223, 0.11472105342922524, 0.04136244104293844, 0.527003618716234]"
17778,411.2296742182115,580548.3051981619,"[0.26447710111320794, 0.44057000165447635, 0.11247227425918603, 0.18248062297312978]"
5451,190.6111656542651,769610.3199551897,"[0.1920633958747914, 0.14939583669216383, 0.6005133050354237, 0.05802746239762125]"
8129,527.0026169782519,462058.730869518,"[0.40015913490081145, 0.2385891830460877, 0.2995799743827884, 0.06167170767031231]"
3346,517.7758109361297,242050.17407737844,"[0.1571034181610854, 0.5494147521087266, 0.08459605319433083, 0.20888577653585705]"
11746,349.09790074251333,980134.9290065588,"[0.38593583934083975, 0.2739462224730254, 0.06321732064283889, 0.2769006175432959]"
12350,726.6216866581092,709884.718386017,"[0.15574615480445114, 0.18766634225024267, 0.11343251386035977, 0.5431549890849463]"
15138,560.0180858429721,880934.4443694296,"[0.050545122988059556, 0.29429351910784735, 0.5676060019245512, 0.08755535597954177]"
19123,891.12581231161,436854.4440641879,"[0.20337381085906153, 0.3130287356495573, 0.30319254611465724, 0.18040490737672382]"
529,598.9690893333451,728920.5999515025,"[0.016722080287893303, 0.1828467323909622, 0.5766885340433258, 0.2237426532778188]"
7653,811.6709699627764,897561.4903152705,"[0.36320192339082824, 0.304305620773449, 0.14642596478524691, 0.1860664910504757]"
2706,998.7226370738686,160578.44900069392,"[0.05924164034691182, 0.40823133473420636, 0.037323717527558975, 0.4952033073913228]"
14124,270.9785646674813,639776.0559635399,"[0.3337249060185019, 0.020009881783403276, 0.15114702662991542, 0.4951181855681795]"
17570,26.545276377795915,873048.928254411,"[0.3084971097737302, 0.021361505022681884, 0.29196201134879335, 0.3781793738547947]"
15934,503.4554424561557,880990.7674420617,"[0.0809917959345866, 0.26709469924589363, 0.2552598188284849, 0.39665368599103495]"
13798,494.966780310778,569490.607122228,"[0.5962988908634004, 0.009671900775558111, 0.13588300588482868, 0.2581462024762126]"
11661,23.01467824521801,733843.5846340766,"[0.03721045099617259, 0.5939484608710557, 0.006606331876067436, 0.3622347562567043]"
5871,268.80104795139573,979241.7823649162,"[0.4082505569531096, 0.49175767450936403, 0.0444010339207804, 0.05559073461674594]"
18175,937.0543686093202,868294.4898387825,"[0.1465084991324041, 0.3147651087178081, 0.35388008438268365, 0.1848463077671042]"
14265,792.8180215240861,910767.3626223552,"[0.43163742983035996, 0.15742853685456437, 0.18726576006084347, 0.2236682732542321]"
1037,839.1419211303211,240538.7979988392,"[0.0206251396867227, 0.26409777225460324, 0.4195303157148534, 0.2957467723438207]"
17878,478.1788986706863,735092.4875640533,"[0.032527325410059794, 0.246419016676078, 0.7106017845230821, 0.010451873390780169]"
1869,880.6858024919563,863020.2252305087,"[0.07821606209403252, 0.2394062820585038, 0.2068280620476755, 0.475549593799788]"
16937,41.62519304569302,389842.23145221255,"[0.10060416050082413, 0.0019265051973183203, 0.4247074945269945, 0.47276183977486297]"
18032,184.46107704206764,841787.4874291207,"[0.39584358408502623, 0.19852562367587467, 0.24211163230418775, 0.16351915993491126]"
6419,309.5528210502638,348980.6115975788,"[0.33540580933185815, 0.4221096750794423, 0.08087516818075839, 0.1616093474079413]"
19138,102.7789113922966,524128.4554552854,"[0.144394940486331, 0.1360475881421521, 0.4562199011351166, 0.26333757023640025]"
4915,749.537970306276,937692.2842475306,"[0.68523528142656, 0.17178746357106722, 0.024201184998313714, 0.11877607000405889]"
3448,759.8372228094723,148401.2504029604,"[0.18062384938493728, 0.34534280105837256, 0.28479899413975585, 0.18923435541693426]"
2699,144.77956292380733,546465.8393402142,"[0.10380607476683881, 0.3836023830647663, 0.028552830688885936, 0.484038711479509]"
9395,507.0103355237223,522485.38631854014,"[0.2439058180019849, 0.5812583390521928, 0.07029090179100986, 0.10454494115481251]"
11868,290.81840517311537,527991.0463478044,"[0.09157515598340478, 0.510681279129056, 0.13380949912106413, 0.26393406576647505]"
3194,350.80179758972145,856447.6737500044,"[0.08425640564749579, 0.024385584626189095, 0.8434074664426008, 0.047950543283714224]"
1545,707.6312336412492,651795.494578724,"[0.09139738847594056, 0.3866075912940726, 0.1375787492770826, 0.38441627095290437]"
1700,536.3396396885167,375292.8415602682,"[0.500074720991971, 0.09354617537767577, 0.058960853527252735, 0.34741825010310035]"
17562,828.6761448323589,171182.71178009058,"[0.3523924312262166, 0.08172578012647629, 0.5349904894486875, 0.03089129919861953]"
17632,170.65020045257205,626710.4074359577,"[0.3916508218431925, 0.15177175055485956, 0.10171341151359777, 0.3548640160883502]"
8056,723.6803572881653,994612.8180261228,"[0.3225597023538329, 0.15425576827120505, 0.06055928470903341, 0.4626252446659287]"
17450,345.6479833084723,744003.4737217394,"[0.41412690308763844, 0.05583631735888099, 0.039299086160583536, 0.490737693392897]"
14384,208.36736938753333,428389.7828360004,"[0.012939601881369502, 0.04196853515882184, 0.8727459547469824, 0.0723459082128263]"
4564,333.1640561490718,601505.6939286238,"[0.001130122952960751, 0.08624291211598026, 0.40873959605317, 0.503887368877889]"
6347,824.3932764006744,471140.08384477865,"[0.2952943871835321, 0.15301711644291385, 0.12883712453942694, 0.4228513718341271]"
4746,10.992984242361397,963694.291063201,"[0.15759611558820658, 0.30843352702113697, 0.18064362563070196, 0.35332673175995455]"
10790,770.1795570333107,566327.9613809279,"[0.07207921763121848, 0.4957004719757183, 0.10040535948592448, 0.3318149509071388]"
19099,646.9186022206416,650043.8771622173,"[0.6309827233110569, 0.21287557834915122, 0.019980774834116394, 0.1361609235056755]"
11352,632.5976258619432,911825.5397968153,"[0.4117524965364479, 0.5075212390730761, 0.029324970134189558, 0.05140129425628654]"
19959,835.9493675654518,758025.5571398089,"[0.10412981881058724, 0.35533032177857793, 0.5033996646413661, 0.03714019476946882]"
15938,387.61457930001313,161537.7784440079,"[0.06320035726072587, 0.361060510190607, 0.49573545702302424, 0.0800036755256429]"
13855,737.0587375160028,511666.8187709346,"[0.21381027385904605, 0.11739817427843297, 0.4698919766479121, 0.1988995752146089]"
11891,106.35057238566742,519722.72146332526,"[0.4231833439521379, 0.05172128665236368, 0.41765881549567657, 0.10743655389982192]"
1670,461.302500606544,833249.0816955798,"[0.43481105744086945, 0.04041393070438688, 0.44070592038396283, 0.0840690914707808]"
19548,186.72317009301744,138502.89138673226,"[0.2066805304770197, 0.4978584080757547, 0.18746205041617928, 0.10799901103104623]"
3853,131.8432275355794,237504.1178001208,"[0.19087008498682573, 0.28532969174720235, 0.4676042226083393, 0.056196000657632826]"
15814,568.6437730454586,338072.8812060971,"[0.008837466501598104, 0.08786069333489287, 0.8602013049936745, 0.043100535169834524]"
509,666.9443380215661,361665.762594674,"[0.004743998119626988, 0.6860155251487675, 0.08392747217988841, 0.22531300455171696]"
12499,43.4182946671654,698056.5467896899,"[0.05097667444044973, 0.41359236627679974, 0.03939647266366927, 0.4960344866190813]"
4420,801.198949163556,824360.8002943184,"[0.26992325483052126, 0.031943029941727825, 0.19764273941835064, 0.5004909758094002]"
2105,949.2517090315188,810115.2400209869,"[0.7563945429173837, 0.010445574725954882, 0.08101049425036706, 0.15214938810629428]"
12802,730.4574438562964,914281.5373130152,"[0.09113838687805093, 0.11075123034220509, 0.7751309226932511, 0.022979460086493018]"
7404,634.0351548767396,535626.3537006481,"[0.02975231426770544, 0.24583352526525115, 0.655510297195927, 0.06890386327111632]"
5686,285.7533466152798,716318.0838438941,"[0.13917427568960714, 0.2368141478879402, 0.10381845259414306, 0.5201931238283096]"
14429,732.0645678220264,623301.3244077237,"[0.5094775161425183, 0.07307319022881775, 0.35165907374308863, 0.06579021988557522]"
11113,493.5657610184746,735254.076718458,"[0.3342098554257051, 0.5619585313955896, 0.010733821392515068, 0.09309779178619006]"
9889,125.21459788830032,527060.3081717052,"[0.20513321106271776, 0.08568999197085425, 0.29060775367606917, 0.4185690432903589]"
3397,571.5309924504721,515014.82084415,"[0.06131636687176207, 0.5919619528234157, 0.10132611028931779, 0.2453955700155044]"
6888,616.5288394538641,501342.18316757487,"[0.3708501965679392, 0.30166104183962983, 0.2835051071212295, 0.04398365447120136]"
7724,593.3843031986124,167327.40440743748,"[0.4704704611608735, 0.05666136822053777, 0.12421992853960223, 0.34864824207898654]"
19468,134.8358942746085,289461.0570450282,"[0.07280532702538098, 0.6696902097271517, 0.19581771370426537, 0.06168674954320197]"
15275,295.16146773498787,364148.4338131758,"[0.22572379223480277, 0.2727782180438559, 0.4253474052821745, 0.07615058443916674]"
10211,265.4966090584229,528964.6826845369,"[0.1659909894895958, 0.147856225775568, 0.449306997870693, 0.23684578686414318]"
4847,292.3373349947233,884154.7857451404,"[0.04621985182171016, 0.15908367950544497, 0.3000782485598815, 0.4946182201129634]"
1001,600.086052209311,817305.4358764687,"[0.14559567553072297, 0.13392335436500627, 0.22577463046653282, 0.4947063396377381]"
4263,436.2344392950479,607233.3206320938,"[0.004264218624889835, 0.36782891245401655, 0.5176751226817037, 0.1102317462393899]"
17209,666.970878166351,476949.2219996631,"[0.1024317650470091, 0.7721055344572216, 0.07706749086242738, 0.04839520963334184]"
5938,646.7142187496128,772406.8198809644,"[0.16796534171128802, 0.033940773853015166, 0.6351179368211175, 0.16297594761457937]"
6797,78.560649975049,891456.656283604,"[0.21292823224917642, 0.31515379189734427, 0.392765271617438, 0.07915270423604125]"
18226,492.9812489873506,396592.44092033006,"[0.008265221542635832, 0.25607608938372395, 0.26219941484365694, 0.47345927422998324]"
12073,271.33111240303026,146926.83804774107,"[0.1894288946054362, 0.08455251601129307, 0.46985574956804943, 0.2561628398152214]"
14613,576.3831530119438,842653.1267560154,"[0.3775515315397703, 0.059077652117071985, 0.5613886274551793, 0.0019821888879783963]"
19990,295.9663148420535,687011.8683615981,"[0.1825349939461739, 0.10363967736798534, 0.5701209685712643, 0.14370436011457643]"
19874,379.2442279810158,914255.1686404992,"[0.17676610642623639, 0.3167238734831933, 0.17466781474491977, 0.3318422053456506]"
1111,809.6314180048528,367568.8465902214,"[0.09072352128659057, 0.07365783408146075, 0.4399664707403509, 0.3956521738915976]"
7542,478.6379604501067,712306.2688797355,"[0.4504834343811112, 0.35951793698854684, 0.0006214853818431749, 0.18937714324849875]"
162,79.49380511903716,800378.9138709159,"[0.405139700295599, 0.4416432137220271, 0.09423672212616499, 0.05898036385620892]"
9124,757.8146340152059,770929.7622310125,"[0.5073951003853622, 0.11987780881072005, 0.34965565144370775, 0.023071439360210232]"
13290,557.1369326606396,150821.9055183586,"[0.38208243911776874, 0.16672071502251098, 0.13484787265845735, 0.3163489732012628]"
523,580.601351727317,538133.2151908735,"[0.23911305357403034, 0.519986389761452, 0.046810859649330926, 0.19408969701518677]"
6921,693.5045665500338,870757.5889290607,"[0.06654371922522724, 0.5555904168909191, 0.0030533414212901558, 0.3748125224625635]"
2941,699.5473534365127,530683.8675041382,"[0.3469106834011362, 0.19158123085305745, 0.29873740383647046, 0.16277068190933586]"
2943,819.9914956569575,379351.5049018548,"[0.42947380097251897, 0.19725097546899664, 0.27607488807117064, 0.09720033548731383]"
10856,446.81552105266303,322706.78738390014,"[0.23512133688514006, 0.11919182211034629, 0.12855731024251624, 0.5171295307619974]"
3731,226.2998930131237,283044.0007345696,"[0.42439969170599895, 0.1293645045482714, 0.028934745280641654, 0.4173010584650881]"
7809,273.6432282212487,198968.95439129008,"[0.06159497951172836, 0.4794336892707992, 0.3476363393771563, 0.11133499184031605]"
9358,976.6525105404028,431091.7317338109,"[0.2322906596571601, 0.4729511479549157, 0.23542314888253107, 0.059335043505393155]"
8159,277.2024081427842,398441.9405889797,"[0.5443310571922448, 0.28922362242862437, 0.060660471150639994, 0.10578484922849087]"
11460,712.1689064501393,433717.21790063294,"[0.2450826751347209, 0.024054094508016256, 0.6127904443563694, 0.1180727860008935]"
7852,462.38313827010666,792540.8520676655,"[0.08009410527914068, 0.7054056662405764, 0.1671261917413017, 0.04737403673898105]"
11511,385.1924865522132,633872.332657582,"[0.25691289378932974, 0.2101920856828979, 0.4188412103839265, 0.11405381014384577]"
17076,384.0120046307737,735029.806927634,"[0.41975807905467066, 0.07147313164419063, 0.11160823233355553, 0.39716055696758334]"
3160,83.59613821966543,683191.5828348553,"[0.07593544171616774, 0.13576943314410161, 0.6921398811306677, 0.09615524400906304]"
12276,535.4065586624146,550252.3998508763,"[0.24939803076016884, 0.029676397348369216, 0.3593039657700999, 0.361621606121362]"
19243,872.5183014776063,662548.773375254,"[0.27875972359323814, 0.2667193211512446, 0.14259159704740826, 0.311929358208109]"
2475,571.8547065156912,712840.7928498997,"[0.1731346393149516, 0.10196707984335987, 0.044196702126481836, 0.6807015787152068]"
2656,942.1643069166976,803961.7255852536,"[0.02834701519226534, 0.22879973986151894, 0.7037657576884015, 0.03908748725781428]"
10018,892.4163369660164,325160.4647921135,"[0.19627625830220558, 0.22067810484208916, 0.48581000778838174, 0.09723562906732357]"
684,121.23602453201312,233264.29218645507,"[0.3312997998141081, 0.5624912991304745, 0.06556896451334074, 0.040639936542076795]"
3336,617.4212666985458,180694.16843657315,"[0.30247244252106525, 0.25871040690649805, 0.41950893660940347, 0.019308213963033057]"
3768,387.2795333682621,595896.1493556073,"[0.20590405764830252, 0.25632217085766346, 0.42310042225664957, 0.11467334923738441]"
16786,765.3175376516282,653054.680279571,"[0.015687487431406976, 0.1750187156523973, 0.05710026958553609, 0.7521935273306597]"
1639,258.3394814120279,980910.1005015998,"[0.12923698481867948, 0.5041042995551616, 0.3464677351039745, 0.020190980522184366]"
13600,464.4316957825762,450703.8253429272,"[0.19013001123739479, 0.09862330027721931, 0.04887337779539988, 0.662373310689986]"
6182,620.3942598888533,163447.28342825425,"[0.25108619008381683, 0.31157475375481486, 0.09817369823652451, 0.33916535792484387]"
17286,212.6632330153136,394225.5442413832,"[0.1684048751424201, 0.12447061100449526, 0.6019570550538028, 0.10516745879928173]"
475,786.0784843883878,945180.8535738213,"[0.2227932774150089, 0.1855651095560148, 0.24380574057476623, 0.34783587245421]"
16501,970.9931533262258,485849.6782380749,"[0.00530682621712427, 0.4657285953474275, 0.3598748378302279, 0.16908974060522028]"
3466,350.3402572606215,898359.5629880879,"[0.3031901657226047, 0.15108801188955553, 0.5071655754616304, 0.038556246926209285]"
5122,215.73199204130808,141786.14425236743,"[0.25838942725900454, 0.05646267536976952, 0.620377989846595, 0.06476990752463077]"
6838,800.466480398406,836033.2453036918,"[0.46384995574224913, 0.09267789939113073, 0.4220233694986217, 0.021448775367998385]"
10426,591.4434580007213,632694.910527931,"[0.4433811046931985, 0.3090905498719259, 0.034554276211077796, 0.2129740692237978]"
6895,442.35228895609015,124102.1939643603,"[0.19338274895228472, 0.322094391549786, 0.38694966489754723, 0.09757319460038201]"
1208,145.1631457802585,321442.698018946,"[0.09840927550930438, 0.16159589796361568, 0.30043727115790586, 0.4395575553691741]"
15343,675.0224553198522,459523.853400893,"[0.1608080122542176, 0.3267760950695567, 0.4711226610766253, 0.041293231599600314]"
10509,304.4621787216771,537490.4425296593,"[0.4251186881212592, 0.40019372489018756, 0.1507324794340488, 0.023955107554504425]"
18785,892.3730268032541,579574.2289756415,"[0.19656019465098895, 0.6802231324465663, 0.04741703046541527, 0.07579964243702944]"
17258,460.235632293144,722939.0154829266,"[0.4158575573462408, 0.08978737813733186, 0.42539413225614975, 0.06896093226027747]"
5085,671.0158289235552,976974.1982222322,"[0.41221151485284424, 0.18218357292013188, 0.03490717294139955, 0.37069773928562444]"
7540,35.55476363220898,351252.65514136525,"[0.08657983689591554, 0.028968107899959242, 0.5199952121458012, 0.3644568430583239]"
5199,740.9491413997597,591692.6519738256,"[0.024153213055545405, 0.8260491204973779, 0.11323667434535503, 0.0365609921017217]"
11368,688.6558384771932,904713.7425270237,"[0.14513347062990192, 0.23215154265918242, 0.0818091093760732, 0.5409058773348425]"
12628,174.7058027591128,179164.36738437094,"[0.07255494846627268, 0.18430468640341335, 0.5825046346505359, 0.16063573047977792]"
14240,379.3074570403997,113251.17998089606,"[0.029414902912707985, 0.025881208910286894, 0.8575663572142365, 0.08713753096276866]"
1957,447.2439429924355,942011.1530497314,"[0.09529326678070993, 0.029063087302195267, 0.06045347657988005, 0.8151901693372148]"
7927,544.7986217836248,560102.7339339997,"[0.5374941956119095, 0.07506536566509517, 0.18464558370806175, 0.20279485501493347]"
10193,999.9043525407984,464094.5777949135,"[0.2650181926450445, 0.11086835044838697, 0.5977687651530065, 0.026344691753562213]"
18196,609.3566861414092,168473.4915340479,"[0.4133237528427034, 0.04951808341951731, 0.041941277388595606, 0.4952168863491836]"
7913,617.4858695193811,218767.34116534327,"[0.33539095830716986, 0.06773599807546035, 0.3450916740816813, 0.2517813695356887]"
8984,190.9088413041809,322898.86091859353,"[0.2902665991940754, 0.5119896661610814, 0.1582865960722416, 0.0394571385726015]"
4822,631.7614161543171,216620.5238015529,"[0.23629625278120459, 0.11122261324980467, 0.0031478043733169972, 0.6493333295956739]"
15128,988.1461630549818,104772.9585036782,"[0.0947617506939767, 0.20057311024364585, 0.3820205037897686, 0.32264463527260867]"
3023,333.8790418536556,559224.0532374389,"[0.17854443901639286, 0.15227539669906434, 0.575477287014334, 0.09370287727020885]"
5260,998.0001094180852,725855.7234920891,"[0.2975513149793921, 0.3486894721867826, 0.01813427879726466, 0.3356249340365607]"
7523,49.812630886411945,575003.1718289903,"[0.6122136376241577, 0.29443633545171005, 0.07173600508815244, 0.021614021835979814]"
18618,642.5660866961732,517583.379977433,"[0.07523042504292045, 0.07411732146195986, 0.5957630755262139, 0.25488917796890576]"
12907,222.56648637901543,347572.12460153026,"[0.43392941625211473, 0.09443150208694302, 0.23418329933123475, 0.2374557823297075]"
19287,720.5650013884105,947197.4216221992,"[0.1667090493688238, 0.21329463643391386, 0.564857997740891, 0.05513831645637128]"
11495,779.229677858904,554453.3546497545,"[0.04271204389815832, 0.543282807196553, 0.004376220270006361, 0.4096289286352825]"
16503,64.16313636032453,566054.1700770145,"[0.025346424272194596, 0.17795431736874023, 0.08568491466557972, 0.7110143436934856]"
685,466.9099457199087,314549.1980744507,"[0.18583805099769937, 0.636999035497546, 0.15767746051885773, 0.019485452985896774]"
1511,879.5961412761958,744983.7583973825,"[0.3618854368813038, 0.38428922027783446, 0.12559753500678372, 0.12822780783407797]"
2474,136.70985091449694,375219.31143284665,"[0.42509780165706135, 0.33266308516616117, 0.08495608252312215, 0.1572830306536553]"
12822,645.6183461130113,378691.81800024334,"[0.10720293855274012, 0.4084884117637676, 0.36696976153650773, 0.11733888814698472]"
10623,253.0471159849725,921525.122809903,"[0.0020824883337869945, 0.00967588026397472, 0.6863134128415488, 0.30192821856068947]"
2471,821.6209227334607,125297.73814333472,"[0.13709277149847543, 0.4756205538952466, 0.13140568739077532, 0.2558809872155026]"
5013,627.5174188774504,224517.82262644643,"[0.45219568384435527, 0.05834227060059445, 0.367844683464338, 0.12161736209071221]"
1622,194.1472323516486,478203.3178496112,"[0.014929172585735229, 0.07217920347144197, 0.5038733560685705, 0.4090182678742523]"
12807,723.8850285170012,724132.4618810572,"[0.03444491323639463, 0.2847630240474387, 0.5375873637687408, 0.14320469894742582]"
19521,46.42670523937881,815534.9445974092,"[0.407515290091244, 0.10142141384541717, 0.07253515938126287, 0.41852813668207584]"
8330,405.4747765391024,948408.7145482608,"[0.0756482280547638, 0.32603258269706786, 0.5221599013168284, 0.07615928793133978]"
15084,95.1226793683163,901979.3530687436,"[0.11966589311180552, 0.47246231197674055, 0.04575386536757316, 0.36211792954388067]"
10612,976.012222296196,696296.2349014216,"[0.4385309190234942, 0.14689752656399957, 0.06430305115079041, 0.35026850326171566]"
4301,846.1441345389687,961015.2568931574,"[0.35905696538947185, 0.07748297297534158, 0.49856528864060173, 0.0648947729945849]"
9629,737.6395623997006,883177.4289043023,"[0.25155262959157226, 0.31083810678184687, 0.15817392462211452, 0.27943533900446643]"
17700,808.1783159866239,691113.9963578954,"[0.1354885163738294, 0.06108237225515063, 0.30169271663820424, 0.5017363947328156]"
5673,424.1119348371922,817622.816755858,"[0.28215999073888215, 0.553763035212779, 0.14903032118413162, 0.015046652864207253]"
15204,342.0140396725678,202645.51571930136,"[0.6584088986009446, 0.03591688268578437, 0.04118072353421771, 0.2644934951790533]"
602,142.83174062710646,836898.8016687743,"[0.28743296951183733, 0.003903654478821023, 0.4471504874694317, 0.26151288853991]"
9661,69.1221515907057,855064.2577031131,"[0.3117618948476829, 0.13032591802193244, 0.49291854179222966, 0.064993645338155]"
9123,584.0598054613048,548549.848260725,"[0.06285399712840059, 0.4164490242606414, 0.08027681201620708, 0.440420166594751]"
18201,836.4106183447574,632622.1802736619,"[0.46594912512739, 0.24919433363421511, 0.18766679455241292, 0.09718974668598201]"
1772,85.61327768692084,306946.8941893523,"[0.009724560969799423, 0.11576983780353915, 0.5953933184033452, 0.2791122828233161]"
8717,523.0677948658465,632586.9366808136,"[0.35141437355199884, 0.2420841892802802, 0.2845063230290497, 0.12199511413867134]"
10729,432.0325088570502,791185.6342715514,"[0.003810532984302331, 0.06399422762534981, 0.3168432737950718, 0.6153519655952762]"
1862,286.08089816854897,772195.7430243492,"[0.09811524424219334, 0.2747572942095331, 0.05184263048989832, 0.5752848310583751]"
1196,177.60975458187212,967738.3880375233,"[0.1952660068639032, 0.06349355235334686, 0.34507693005218093, 0.396163510730569]"
19455,654.4368086099107,552193.0989226957,"[0.1520471900214233, 0.6034391333967258, 0.1475032983564464, 0.09701037822540437]"
2738,748.8871312755314,481811.87321222975,"[0.712170820802207, 0.029217381106159488, 0.02807441335401694, 0.23053738473761656]"
19986,603.6034353762576,167819.4668631474,"[0.026179834351188536, 0.3853635142191082, 0.11497291560316739, 0.47348373582653586]"
15600,926.6784256070764,971296.4153992208,"[0.2845888166316021, 0.360640978100336, 0.15846286928356523, 0.19630733598449654]"
9418,298.91761469692835,286686.8622735021,"[0.044089543764098134, 0.348437008586463, 0.6050734594347261, 0.0023999882147127866]"
10105,830.7501540148827,988280.3115501888,"[0.48034030606701017, 0.17530230747744696, 0.25222956324308227, 0.0921278232124605]"
15923,713.4327251573761,939792.6629791794,"[0.25444487982137176, 0.5079905565673671, 0.1028663391211144, 0.13469822449014685]"
19135,199.07547003238065,666511.127319662,"[0.3860857340154182, 0.5568438021896052, 0.031233665862552835, 0.02583679793242386]"
8436,387.4518543450407,626545.1762881286,"[0.054418770989403974, 0.1725419839727269, 0.44666636454081526, 0.3263728804970539]"
15952,276.7725582235804,510967.76138381567,"[0.41855770151678534, 0.07029920192581865, 0.36796537767446197, 0.14317771888293407]"
5069,11.419472810568031,329276.6190507233,"[0.040172875906107124, 0.026896178478601877, 0.6920804511100853, 0.24085049450520568]"
15477,687.4996310785507,905832.3062266576,"[0.3662186084143726, 0.22606909157576957, 0.01399324620981266, 0.3937190538000453]"
2659,314.47495991708,908498.2293841528,"[0.5516587887710481, 0.2168101635445434, 0.22883989473508937, 0.0026911529493190392]"
1854,538.1214175702733,288805.06062933215,"[0.39536668213386295, 0.16227657013900476, 0.3839857798161745, 0.058370967910957826]"
15633,313.1372568929162,279923.40616603935,"[0.02895501110543105, 0.7433402552382554, 0.1177966643613729, 0.1099080692949406]"
1477,727.9758557257531,482133.0749493564,"[0.14619054787800917, 0.07369108438666815, 0.41297344142581066, 0.3671449263095119]"
7883,226.65723512675004,826708.8638142302,"[0.44152425147422, 0.03828748044902579, 0.23000844817714655, 0.29017981989960784]"
12145,260.8365103583875,166067.25423798052,"[0.04042784591858052, 0.236306396033661, 0.4472221141974884, 0.27604364385027014]"
7752,821.9552156560244,739331.9708267482,"[0.4312870833356634, 0.15517939280845372, 0.39468842170228813, 0.018845102153594674]"
15591,104.23275478940236,606284.3504442263,"[0.24850761184790998, 0.05188126295184494, 0.01948272486383026, 0.6801284003364149]"
437,575.1833889706745,640920.7224700146,"[0.026177524592775763, 0.17166862484289017, 0.6684835314125861, 0.13367031915174785]"
6303,780.9616809764465,625302.4288184426,"[0.083300738022783, 0.15708455785159184, 0.5108693567241848, 0.2487453474014404]"
15308,956.5446128995028,871718.5350210534,"[0.018073919082049025, 0.03215440694329124, 0.9039825594928567, 0.04578911448180307]"
9602,218.62358319939875,461798.2186026236,"[0.046830123508376204, 0.2777308174663745, 0.6168555328608643, 0.058583526164385134]"
11965,181.34663168081252,501672.0623770905,"[0.19676964383410925, 0.15400279248853505, 0.06816131619553724, 0.5810662474818186]"
10054,556.0610433911492,283388.3626103499,"[0.1140290356982365, 0.32713932238564686, 0.45417349412797686, 0.10465814778813995]"
2296,721.7021550063785,111326.7893327706,"[0.04531757073422218, 0.08223867627755357, 0.18582668699336172, 0.6866170659948626]"
2138,989.8765868910252,424764.616164891,"[0.22351502020873779, 0.2865392747085923, 0.28146893171044873, 0.20847677337222126]"
9391,969.4216923688612,716794.0123930818,"[0.14375141990554213, 0.18563228606848153, 0.11100298721724731, 0.559613306808729]"
191,527.1853720493065,975197.0344296892,"[0.5715629581919293, 0.13071972665259, 0.2742007759372211, 0.023516539218259733]"
8402,55.018343955329975,865295.5550091412,"[0.13471246768243456, 0.17743831968875695, 0.2522170513497861, 0.4356321612790224]"
11370,284.7608730537305,615478.4334095228,"[0.4917707305963414, 0.0740344435925258, 0.422996043105334, 0.01119878270579885]"
6657,831.3958775372687,908886.7290694416,"[0.43868626876674066, 0.24609750706342096, 0.2220334087335216, 0.09318281543631685]"
17453,531.8715053779815,259052.40177744563,"[0.18831239999470917, 0.43875438936531214, 0.3288737185165679, 0.044059492123410836]"
17667,440.2844100889877,696283.1286614968,"[0.09784145864746974, 0.2384248618068729, 0.3946767127522921, 0.2690569667933652]"
7744,791.8878029120306,422498.2385821285,"[0.16358566326979385, 0.15928022159878893, 0.378528133303399, 0.2986059818280182]"
19257,771.93530206382,619977.282992077,"[0.10137063855806289, 0.34803908112251886, 0.5068047873664021, 0.043785492953016106]"
11119,739.3977166138561,366386.7117808405,"[0.011101550468939899, 0.43462580027409164, 0.44517624357925756, 0.10909640567771085]"
19777,217.39744344482983,493626.4264034503,"[0.21669132042535577, 0.16354685310941994, 0.38162006107903, 0.2381417653861943]"
2464,665.7857220301368,711551.8276233273,"[0.14687530180640387, 0.3178517269023007, 0.14123386558890616, 0.3940391057023893]"
16062,970.3089146006512,867142.8941353433,"[0.23155665778176973, 0.11312647576594134, 0.2716278458285607, 0.3836890206237282]"
6746,479.1229723708164,821187.3793788366,"[0.39175233334919335, 0.14291360560736363, 0.423251398389493, 0.042082662653950026]"
18621,102.04015065528678,730121.0084603974,"[0.16138576736530127, 0.18224135868260954, 0.16267804745122663, 0.4936948265008627]"
9152,238.6420685207248,791577.6030428723,"[0.5162629471644921, 0.029327779631388697, 0.051273411172010015, 0.40313586203210916]"
10391,484.5464731212911,876417.3616797545,"[0.12072825163730858, 0.5531859046477235, 0.08131779766300178, 0.24476804605196623]"
2205,653.8995077455966,278605.5129945619,"[0.22892835637888784, 0.6470451628582318, 0.003210464121847558, 0.12081601664103286]"
1343,581.8082373798886,720532.61016534,"[0.32013780760644384, 0.018468455210464692, 0.05935258413823226, 0.6020411530448593]"
18282,704.7129962825079,882697.8859198965,"[0.19154122589168834, 0.05989164393475027, 0.283102133693671, 0.46546499647989037]"
18034,727.0668721287311,589477.0310239531,"[0.22611912703071607, 0.6064822844613574, 0.14586305875664204, 0.021535529751284435]"
2483,299.2866975139987,532690.2734300664,"[0.735133020038107, 0.08653824979892985, 0.1397016751843455, 0.03862705497861759]"
18133,600.2475699887859,746567.0011931009,"[0.2716689589922161, 0.06236000631643025, 0.07210801013629871, 0.593863024555055]"
16583,110.39737096310844,685120.0148776466,"[0.10992813137748109, 0.03216187519673602, 0.7243826310437949, 0.13352736238198806]"
1331,215.0742182972118,427640.36658907234,"[0.5432901889932299, 0.03810725786013861, 0.23103345452644114, 0.1875690986201904]"
6406,118.49823519688653,984288.5715536192,"[0.6296280476616601, 0.0034902870414843783, 0.11696481454213453, 0.24991685075472092]"
4351,637.7022916941037,859525.4307623719,"[0.16436537564565976, 0.49280947560821925, 0.2778905794893504, 0.06493456925677064]"
18310,853.6247661282947,572144.7084362382,"[0.031246584893683788, 0.8549670121946079, 0.10520418102065551, 0.008582221891052792]"
4515,208.146175960124,637685.4056410312,"[0.3476824648551714, 0.1497613852753118, 0.4599876757812565, 0.042568474088260325]"
13082,329.9675921800305,918073.6430262352,"[0.2842388670652416, 0.1638308619582307, 0.2636364407101557, 0.28829383026637206]"
14625,732.3900123774972,568021.9554855861,"[0.7640007261799239, 0.1031270963154761, 0.0166327597948326, 0.11623941770976741]"
9286,67.61162604628443,768519.4862278462,"[0.006374409354124464, 0.4801609078279713, 0.06854148948309073, 0.4449231933348136]"
9967,754.0398606238368,433272.85317072377,"[0.3932406710413037, 0.2996337884098411, 0.20649910352936504, 0.10062643701949027]"
11451,262.5085202468299,524809.7402334267,"[0.052229722555045356, 0.27133664477169633, 0.20144345998023397, 0.4749901726930243]"
6834,871.9367151975001,586477.5025553999,"[0.24167726968009412, 0.18778111748854262, 0.11052984947314647, 0.4600117633582167]"
4547,548.6466543212342,470946.3081273137,"[0.09157512359696482, 0.1477680542580272, 0.07833810306000376, 0.6823187190850043]"
15985,13.800873396616984,642320.9353066116,"[0.08816137490351669, 0.0740407092196822, 0.20806942335300835, 0.6297284925237929]"
7561,109.2996021746788,841131.0091922671,"[0.2949515093217971, 0.04443176774917886, 0.5590579733940018, 0.10155874953502236]"
8832,369.1297334749266,130442.64014447053,"[0.0861704666636, 0.2134289078967286, 0.04339741175176914, 0.6570032136879023]"
12216,63.515032346389965,442845.6969899513,"[0.4412604303864598, 0.34075689554217575, 0.18316299902163846, 0.03481967504972594]"
18011,914.2405075545458,556267.471481967,"[0.36734229934105206, 0.1176620778372864, 0.3476935931563492, 0.16730202966531227]"
19839,895.1067061684569,577883.248068517,"[0.8256170362276155, 0.009017755605813353, 0.059024882862053624, 0.10634032530451758]"
12360,956.7025976554194,210493.9605501367,"[0.07750279235829108, 0.6959496209862451, 0.21961787192911003, 0.006929714726353811]"
16514,650.6504363500409,472432.6817343062,"[0.06367168417112337, 0.49218960613502905, 0.330413715260223, 0.11372499443362465]"
1508,700.7551317364016,878002.5751993797,"[0.09715724481201173, 0.20373630761375935, 0.2821612758865134, 0.41694517168771544]"
12964,768.5186012604323,579992.2225090365,"[0.4219697958771784, 0.37886034971194293, 0.1623481611872075, 0.036821693223671174]"
2964,744.0859444538718,345616.6257530326,"[0.0047691371127800124, 0.6668444492897969, 0.1540376548158684, 0.17434875878155479]"
9991,466.2494196704326,828573.5938128303,"[0.025467844001232656, 0.13715221077475037, 0.325862642254456, 0.511517302969561]"
7816,25.77090612889615,125478.52836231823,"[0.021032267489041457, 0.3623562197472922, 0.53190708373852, 0.08470442902514616]"
6245,679.0012617594456,522619.1557199023,"[0.3301918086917609, 0.4158676269303352, 0.050785906475022756, 0.20315465790288117]"
5210,85.53475738068477,246771.17454198096,"[0.5505703804459705, 0.01797826774460631, 0.29680460333349085, 0.13464674847593233]"
12642,975.8916700326928,463492.4989736583,"[0.19439251690143564, 0.019789903462961868, 0.6934558046342445, 0.09236177500135793]"
15884,257.6880687235715,866944.9213735744,"[0.11185996670528389, 0.04943966719963432, 0.28624421270412037, 0.5524561533909614]"
9695,213.90571808969457,583388.7175221285,"[0.24741581996761905, 0.33663387839414305, 0.3118181353987511, 0.10413216623948678]"
4175,617.7860013938898,742414.4814229913,"[0.25054805166603317, 0.5330874599257226, 0.0745429749594843, 0.14182151344875998]"
15948,865.2619431013902,277531.4267970195,"[0.02727514141424892, 0.10519774156571902, 0.08601459574680526, 0.7815125212732268]"
6672,702.8214915846708,179008.98371939914,"[0.09408584255056454, 0.35465109833987185, 0.3217421842275249, 0.22952087488203873]"
7526,812.4367388102075,129652.71208977966,"[0.02928850411276729, 0.37554796173204813, 0.01771232001895554, 0.5774512141362291]"
15995,782.502262120849,638820.3815575104,"[0.08595862497151832, 0.3145887887743305, 0.30849486960592265, 0.29095771664822856]"
15567,472.3989397796448,838094.0117263776,"[0.4325703167398819, 0.392272344783581, 0.14701498574128155, 0.028142352735255755]"
2519,123.682853427257,583541.426074874,"[0.04508400699771813, 0.056515594884287146, 0.4238289136947653, 0.4745714844232296]"
4505,503.47853765275926,161124.12165634605,"[0.11805977827904982, 0.05549157126576952, 0.5865602447479844, 0.23988840570719627]"
9510,388.8542128536068,322620.2936139328,"[0.019366739199420002, 0.3167224128791042, 0.12484566321146817, 0.5390651847100075]"
16510,440.0304584748325,980826.5938192096,"[0.12598703426973148, 0.03493579953134625, 0.3789398766583252, 0.460137289540597]"
5988,866.87327546173,208306.2326700172,"[0.0933034282639426, 0.5818072075199894, 0.12353858445357017, 0.20135077976249777]"
4721,449.5143621261472,924897.0463600385,"[0.14081238547330738, 0.29813465468222833, 0.04364276974718227, 0.517410190097282]"
18434,654.9050966924452,452338.83955530304,"[0.09161515477482587, 0.005410428656789381, 0.8467953996689684, 0.05617901689941633]"
4528,305.7042220666189,345983.2990824298,"[0.24725481647795822, 0.0922862477426397, 0.4422677942198746, 0.21819114155952754]"
13745,771.968501468052,620245.6810794154,"[0.058536386733355664, 0.096551767198911, 0.07035481136291794, 0.7745570347048154]"
1520,396.6325562735392,768373.0443086753,"[0.15566361493385933, 0.07837623619813139, 0.5250048820619418, 0.24095526680606744]"
15570,748.1269313548264,939025.2489560886,"[0.23891894557715906, 0.32091793199572605, 0.1753670511887646, 0.2647960712383503]"
14717,456.0149063036936,887567.7548489667,"[0.2850765719985048, 0.2152962906782503, 0.26906716312024487, 0.23055997420300003]"
13870,965.6523367183354,539116.7904866985,"[0.16999531342228608, 0.3314412225525485, 0.4505754662665102, 0.047987997758655365]"
9444,483.2648463545352,857342.0916137222,"[0.2732525479459969, 0.6586065234042849, 0.040688941856362904, 0.027451986793355292]"
856,879.2918479894083,231404.3730307069,"[0.48543484646544505, 0.24009788156436465, 0.07119330551511703, 0.20327396645507328]"
14361,166.82740104881552,564841.7477911565,"[0.1995103964418351, 0.3907342833546012, 0.11480236052303461, 0.294952959680529]"
6549,464.02915191623975,554642.5134644525,"[0.36208138705604154, 0.34548942665660387, 0.01198521229191971, 0.28044397399543486]"
3571,996.1929612987504,270374.7260907523,"[0.541254908225888, 0.15410079996865989, 0.04449326837092351, 0.2601510234345286]"
13886,153.77464655523036,287745.265904052,"[0.2682329989461918, 0.2616717527618993, 0.026600027302330038, 0.443495220989579]"
5341,698.9800068940187,622559.1211935747,"[0.23234357149752255, 0.0990434846829288, 0.22423548726748493, 0.44437745655206373]"
13770,231.68302068956189,387193.5292833734,"[0.06960956519524376, 0.2147162656695175, 0.2980899981491809, 0.41758417098605777]"
6299,484.1407698107385,638355.1701122571,"[0.2178798197621733, 0.7030519679971801, 0.01854203589965423, 0.06052617634099242]"
3267,451.88247925753984,915738.8402818694,"[0.1036090760480543, 0.27589594292441516, 0.2156449775218056, 0.4048500035057249]"
4001,357.13918954619686,841387.88237602,"[0.23120813741304067, 0.15218211057659561, 0.6108656623047112, 0.005744089705652649]"
5695,549.38288231565,469346.8442821798,"[0.13803546447431675, 0.0772243474119775, 0.07909433240142401, 0.7056458557122818]"
5020,654.6299510842848,959001.4728315315,"[0.8595208627293921, 0.05867856460104316, 0.06612646960149218, 0.015674103068072525]"
7248,397.309544718705,763419.1459380826,"[0.04598646117509907, 0.6341217036817839, 0.172499335512968, 0.14739249963014914]"
18852,784.5005204926321,333690.4233181606,"[0.12664332979277493, 0.27841612193005766, 0.020323718415627322, 0.5746168298615401]"
4820,187.97006795998428,473156.8516048827,"[0.41850736988795, 0.06932549982200135, 0.10778763944697754, 0.4043794908430711]"
17534,202.7466498712581,387282.14652257314,"[0.2175691787840544, 0.10848769840846048, 0.6464980427090968, 0.027445080098388294]"
17713,484.0336572671606,711442.9121336818,"[0.14685989555652246, 0.41042189992736466, 0.12261547110494403, 0.32010273341116874]"
11237,999.487663575876,846597.0430039817,"[0.5272303083840283, 0.2630084977389596, 0.20426027603086866, 0.005500917846143569]"
16959,599.5609231734551,731583.5857928548,"[0.09552447166459387, 0.017579358858496184, 0.13483481047268267, 0.7520613590042272]"
17579,904.799934521538,840876.7327737273,"[0.20867615819728078, 0.18792647433135692, 0.3489636620409547, 0.2544337054304076]"
9574,323.2254136085219,653641.6580682136,"[0.4372376020768877, 0.05424832396451096, 0.20524772434953628, 0.30326634960906484]"
9969,218.93248808083672,920367.1548818222,"[0.15193399747279931, 0.17808137089464188, 0.05183478873260971, 0.6181498428999492]"
19224,893.6049634317728,815393.6886365975,"[0.5180649292923832, 0.2453409288212443, 0.1249615708518992, 0.11163257103447327]"
10567,414.695102376546,326339.66832037654,"[0.04707390473089861, 0.3846373264026879, 0.517136722082742, 0.05115204678367147]"
11028,275.65138795458466,279773.0974791378,"[0.24385268578587738, 0.11136703671099299, 0.3709249868463331, 0.27385529065679637]"
18261,496.5953294710688,241604.8038319936,"[0.1169337774249247, 0.5602639380782781, 0.10750541657114705, 0.21529686792565006]"
604,557.8766316856801,531636.3892001197,"[0.8954281162207833, 0.014013634070435568, 0.0275656861583028, 0.06299256355047853]"
8372,714.9691792660852,802674.2914523145,"[0.02073038561352867, 0.025944189894420665, 0.14712634218865053, 0.8061990823034001]"
346,41.25482195348859,186715.59763169696,"[0.31138134442775045, 0.03345100157004962, 0.4879947705465164, 0.16717288345568335]"
2761,492.7651554573888,664204.0361273707,"[0.0039347838158219845, 0.42317476320259095, 0.40953767187029777, 0.16335278111128929]"
179,896.0733527116615,525482.4457389782,"[0.11114028882903408, 0.09031998496154792, 0.6364449375632844, 0.16209478864613366]"
15200,763.2126707962245,199644.18930241905,"[0.05290774165657491, 0.2968694611688928, 0.42777249766349223, 0.22245029951103987]"
6849,337.17279769038043,269628.0759588006,"[0.00963285624463824, 0.10012631119299682, 0.6026736920161939, 0.28756714054617116]"
1782,553.5337596009415,980629.4237542356,"[0.1829021140402906, 0.13930988676908976, 0.05392800858797456, 0.6238599906026452]"
11393,180.57658774518632,486221.5670664404,"[0.17187343328819604, 0.10350915329059435, 0.5312140274488834, 0.19340338597232637]"
8001,649.1213305291781,273460.2929371724,"[0.5327287451004031, 0.1927005862392806, 0.09346940598215844, 0.18110126267815793]"
2058,936.540158281428,675197.5506278889,"[0.03408046640651024, 0.094291901233722, 0.047428852597799796, 0.824198779761968]"
11302,359.8681249141565,670430.1370304218,"[0.5154481952576048, 0.18186712625594884, 0.2224454720936235, 0.08023920639282293]"
7164,111.54967074507172,551090.1595447732,"[0.0380067358730455, 0.1853277611368043, 0.7602677866767901, 0.016397716313360164]"
13169,222.4373901034451,496368.5456212459,"[0.023869824028826113, 0.6623982651687577, 0.28923895948983747, 0.024492951312578705]"
8240,517.0633481771607,139820.3350218988,"[0.6880777308331505, 0.03659045084685078, 0.06823107097399837, 0.20710074734600048]"
4342,600.5027286905043,180132.42879227415,"[0.4678784621255836, 0.1673478888286435, 0.21074928907772694, 0.15402435996804592]"
3093,259.762988994883,582979.1663373823,"[0.04688557401564704, 0.37805786804626146, 0.05275084495895256, 0.5223057129791389]"
3870,813.2419687549169,116606.07777334124,"[0.08532786556428414, 0.39514469747337205, 0.44029445717182025, 0.07923297979052343]"
339,506.9345677268616,129782.88733857308,"[0.21536228503221522, 0.07080481926140134, 0.6995672581627217, 0.014265637543661835]"
1054,673.0214096624153,819306.429985834,"[0.2813658334203242, 0.38184336972106847, 0.30882198941195294, 0.027968807446654517]"
7293,438.5871861315446,408591.5148893777,"[0.32748752054734337, 0.36611881485818865, 0.3063812956532771, 1.2368941190987212e-05]"
11216,994.1089979893072,484023.51891367865,"[0.005077053566926383, 0.05927290964158112, 0.044447319301994734, 0.8912027174894976]"
17315,640.5036004037108,311072.50840115,"[0.3924471146039102, 0.290691039983569, 0.045799866705057084, 0.27106197870746374]"
12512,422.3562875109637,582721.5482660152,"[0.07882502685681016, 0.7852858969793615, 0.018487355658272368, 0.1174017205055559]"
4311,589.9273157088751,777952.400120167,"[0.11853869461456962, 0.3967658164626244, 0.11188454069138003, 0.372810948231426]"
14355,179.1896264701247,650476.8360071526,"[0.0864428662772042, 0.34535560583416874, 0.3635717099300946, 0.20462981795853255]"
3146,454.7044420738839,495764.2364473372,"[0.3022133552168032, 0.26954176220348797, 0.36456110279370024, 0.0636837797860086]"
6905,303.98470530788256,763685.9519262807,"[0.4288478165560069, 0.17164541956712798, 0.2862857193853486, 0.11322104449151658]"
5,596.5534264729203,883959.9403927103,"[0.2730397270255134, 0.022885213932250716, 0.2345760135148466, 0.46949904552738914]"
19386,54.80661630795683,483100.3637069413,"[0.23956281580163138, 0.26875887372134705, 0.18287135215696426, 0.3088069583200574]"
18550,528.5503235268028,519918.3414697811,"[0.6846792763434175, 0.016260299467479148, 0.25228257540601484, 0.04677784878308859]"
5711,36.02765759678961,850453.648483709,"[0.2638395434225659, 0.11519084938730785, 0.6151503083133201, 0.005819298876806186]"
18048,125.28996366209834,226351.886225042,"[0.014097257519581822, 0.8636161625747345, 0.05972368718455963, 0.0625628927211241]"
1264,586.174434330196,567516.2180391981,"[0.12394500093658956, 0.48974780682214514, 0.2130887744751171, 0.17321841776614813]"
9431,677.2880904971024,480548.651877844,"[0.09354689550551237, 0.3495385534739791, 0.061019896759722296, 0.4958946542607863]"
1346,936.4033087638844,432810.78815758985,"[0.30770469988677024, 0.021290496216329266, 0.05741138635067181, 0.6135934175462288]"
9415,964.92035276207,934694.3379195308,"[0.04668161668663729, 0.09642362150858592, 0.2598162428907355, 0.5970785189140412]"
96,97.71913986325453,423248.959916806,"[4.847321483650299e-05, 0.3797204978534304, 0.05513231279748978, 0.5650987161342433]"
14925,976.5067879291796,626538.5317460808,"[0.023080266624509058, 0.6632718567601822, 0.08476290219761133, 0.22888497441769748]"
7615,963.8215643831126,598865.527242009,"[0.09973280313834995, 0.21191343838924956, 0.4079495155171851, 0.28040424295521543]"
17183,945.4318902979898,412277.7305871248,"[0.10269850237606402, 0.35077080883478645, 0.4779144088103857, 0.06861627997876385]"
15724,979.7430807103882,414282.7175574504,"[0.5438414504310842, 0.2354685276066074, 0.07324216669554769, 0.14744785526676074]"
9724,653.5429196850685,416563.8665132188,"[0.0951322679966123, 0.11288983394169079, 0.4003062463344897, 0.3916716517272073]"
3674,369.499207897477,823082.6155642956,"[0.13198000976427565, 0.6235340742920066, 0.032063628024741, 0.21242228791897685]"
6753,887.1425085587026,798260.7473965783,"[0.063886342178442, 0.6360123715206384, 0.056068500585054595, 0.24403278571586506]"
1620,180.36806526298875,784760.3518286536,"[0.1154596703346075, 0.0890983673889879, 0.17356391524265347, 0.6218780470337513]"
13977,440.6344177599843,636469.3531714382,"[0.1478038752657115, 0.3462737912139403, 0.3839402356389891, 0.12198209788135911]"
15832,242.727413992818,718523.7328045374,"[0.1331307661650504, 0.3439193963067288, 0.03317493204772989, 0.4897749054804908]"
10223,871.7386579227835,494014.9996008021,"[0.016321064013970675, 0.09002475613071052, 0.2717657621861125, 0.6218884176692064]"
60,596.8612764795853,492047.56346020126,"[0.3601309889887717, 0.23278740695287187, 0.36776493723906634, 0.0393166668192901]"
3792,619.6042059844762,411728.9966722185,"[0.4814264638124156, 0.06510115489471013, 0.008967999545148465, 0.44450438174772566]"
9990,720.8736585040839,206153.02245520867,"[0.6896989435365712, 0.007732212365433844, 0.0015584395061760165, 0.30101040459181894]"
9908,555.7268293158887,173965.39691101952,"[0.30501781602510086, 0.3525557670583963, 0.16592384151004622, 0.17650257540645672]"
9933,362.3900123766491,864105.5317193321,"[0.48567338482949635, 0.16216300105320114, 0.1501636086066914, 0.20200000551061104]"
6635,507.9894003470779,184538.02759650824,"[0.08802598986184142, 0.01102777864881971, 0.7026692873737423, 0.1982769441155965]"
3884,145.6318052549413,104328.6438563788,"[0.0039555919299046486, 0.4454172690852081, 0.5324972572278789, 0.018129881757008262]"
11856,294.1495348609261,667415.0791502879,"[0.38031206046919336, 0.35973902007927583, 0.025307991941325745, 0.234640927510205]"
10613,98.828101731988,915589.3511490924,"[0.3955121464349368, 0.25385119163298436, 0.10267316721279822, 0.2479634947192807]"
4605,985.821562165242,276367.796900175,"[0.03896385869226739, 0.04876876823449169, 0.3064330353405627, 0.6058343377326781]"
2130,312.662497422372,947026.9445636212,"[0.08443648818469965, 0.21728630063628548, 0.37427346623644064, 0.3240037449425741]"
17077,118.23621923913458,285164.0273522772,"[0.39674291549656454, 0.39837277003145066, 0.0853452759843991, 0.11953903848758561]"
9287,546.1092985013038,485653.8609484506,"[0.02173434379746583, 0.9000145729156754, 0.047533456674160174, 0.030717626612698577]"
3936,753.1719210764637,442436.57148080895,"[0.38524402926169976, 0.2764859227452253, 0.2750352489407679, 0.06323479905230713]"
13541,148.75304351120667,406019.4186886854,"[0.18919198306652518, 0.09637178943147778, 0.30110080946144624, 0.4133354180405507]"
3729,968.5713133195136,955236.9284838764,"[0.05560887561143145, 0.09199581154008879, 0.5670802343036104, 0.28531507854486937]"
14485,930.690246916165,527559.5086312639,"[0.20205204697654525, 0.1654394221436722, 0.23815467580368907, 0.3943538550760936]"
7830,996.1288743439278,518214.1177675277,"[0.15154599183664264, 0.5514104688702304, 0.1894506710824682, 0.10759286821065875]"
555,834.0632437745143,736052.5297912221,"[0.20570647894105412, 0.3075660731192298, 0.06642955320591509, 0.42029789473380097]"
8523,477.8405540531854,353747.25380818907,"[0.07282147029292199, 0.6955456966497223, 0.1949371408965948, 0.03669569216076087]"
1829,693.1256835470291,374825.0207236476,"[0.576683841620284, 0.2146346009299448, 0.14201924930017448, 0.06666230814959682]"
19502,899.5235420549664,799752.1808285916,"[0.0806701563464584, 0.27670482309279176, 0.2432664808256651, 0.3993585397350848]"
13141,763.8110725861012,118809.90190085772,"[0.709310736755347, 0.05359657126092787, 0.04247321360253071, 0.19461947838119453]"
11255,119.08231888636456,738697.7475799589,"[0.03378375985650974, 0.2202418527969963, 0.722006447615597, 0.02396793973089711]"
5392,229.48099451701404,460609.3384651074,"[0.05280651647117635, 0.002746408781813035, 0.005570408940840426, 0.9388766658061702]"
11550,59.48223503638795,224894.0288786572,"[0.013598642195173314, 0.7648406875232883, 0.16884874632694233, 0.05271192395459608]"
18593,100.29261984522284,990130.0005865218,"[0.0015840225149160129, 0.09506957235826896, 0.3093808468001576, 0.5939655583266574]"
3758,68.71636450931894,383349.26420611487,"[0.5964731017577983, 0.0368054548183746, 0.012364909584909309, 0.3543565338389178]"
11497,337.6631310655396,346090.2557906696,"[0.5839961423779559, 0.3210164098804693, 0.08776735504330828, 0.007220092698266461]"
19682,705.8858313244159,363047.3505551179,"[0.4024669424698602, 0.1170197035019732, 0.05287022814215435, 0.4276431258860124]"
7633,945.6103733665356,608085.7267830488,"[0.07267305640904059, 0.18432899827623264, 0.4219086260938476, 0.32108931922087924]"
14798,625.400996899527,739006.1855219399,"[0.2960140597080995, 0.3691378565428024, 0.30479187107664774, 0.030056212672450285]"
14402,72.91886245972988,474098.2008487042,"[0.11236635863524454, 0.16089687627449623, 0.2863760029368833, 0.4403607621533758]"
2091,67.64178771784862,214552.55647107607,"[0.2377179880827077, 0.20102752512053498, 0.2540397339594968, 0.3072147528372604]"
9134,129.27599933987574,776612.7715487925,"[0.10318130151829036, 0.13046549964555354, 0.4731685790580862, 0.2931846197780697]"
16554,263.58342365923306,946703.575277857,"[0.020462174433541105, 0.07654519732767659, 0.20542846053274993, 0.6975641677060324]"
8211,201.24560507834565,328320.73554481554,"[0.011894466792482501, 0.8912402009676467, 0.09445755683742511, 0.002407775402445784]"
5436,719.0720436564006,961332.8391841212,"[0.08072836670566216, 0.4378797038605349, 0.25652875924410323, 0.22486317018969973]"
1458,73.89630046298234,579226.9321448366,"[0.4541818386278315, 0.3741270908354862, 0.04864811840111556, 0.12304295213556679]"
4972,665.0704836601517,733171.5510627885,"[0.31879507657595163, 0.49035006742608406, 0.04256217793798373, 0.14829267805998056]"
1827,420.6687442547637,211028.5670036221,"[0.021278973922439576, 0.3022234492205896, 0.23266017060547084, 0.44383740625150003]"
10111,65.02949392330845,154210.8759548233,"[0.04748215501090315, 0.5860960891306625, 0.16316222515639892, 0.20325953070203545]"
14042,163.69340965852334,967235.2801508176,"[0.04200866349178778, 0.5084520610478411, 0.24395739685957524, 0.20558187860079588]"
928,86.77912158334318,162225.12559150637,"[0.11650843994457677, 0.3729743935744561, 0.5027440389730047, 0.0077731275079624]"
2619,575.6864920618783,493906.50355873455,"[0.1637961544647878, 0.5952274822955949, 0.003290552949369647, 0.23768581029024763]"
3914,750.2712905245158,438025.9224702971,"[0.06009639328040175, 0.11036557079264768, 0.09427410826323937, 0.7352639276637112]"
6613,576.8100414652863,353716.8091586163,"[0.061024067491062255, 0.2632221413818751, 0.366683686709323, 0.3090701044177397]"
11310,331.9245408043228,159110.56948186932,"[0.026588281639021268, 0.37973090505569274, 0.04224287915575566, 0.5514379341495304]"
6194,653.4019169554771,387498.1479050165,"[0.034718167293714755, 0.459263695162996, 0.45502269439216947, 0.05099544315111965]"
7243,134.09601773240664,160570.0443600134,"[0.3821964626086031, 0.2494169761611609, 0.3509325671933663, 0.01745399403686965]"
3104,465.6475798740287,237301.47479231108,"[0.06288759288148445, 0.22879014515801646, 0.6752018867023851, 0.033120375258113934]"
8326,880.7366544050012,505311.900862732,"[0.12718441260034388, 0.5198358557621975, 0.02784794886036388, 0.32513178277709487]"
14762,891.5802877289981,197272.7970085609,"[0.3385612684664865, 0.41331316610022456, 0.06692084411958023, 0.18120472131370857]"
5384,826.034218342151,761776.4938155741,"[0.14689587668025297, 0.17290684775763804, 0.35648985305646047, 0.32370742250564843]"
9250,334.47579651170537,843546.4268572899,"[0.2404263668126629, 0.21495258781703888, 0.3273879678848177, 0.2172330774854805]"
7296,568.5086983673992,209899.3067759358,"[0.11903149036728874, 0.32183629800457414, 0.1642481026151843, 0.39488410901295284]"
4634,500.6227288652351,776097.6438627072,"[0.14414209103971282, 0.5349933180932916, 0.2522834221192457, 0.06858116874774962]"
5888,362.2213780145898,592847.8038852949,"[0.3751203006703335, 0.17545295200845176, 0.29425897968352777, 0.1551677676376871]"
5371,519.2423142910391,655779.8086575255,"[0.27437073667327433, 0.009202503331851051, 0.17624728946090223, 0.5401794705339724]"
17540,369.1003061986887,550893.2024016939,"[0.16276859757927242, 0.26317512071491106, 0.10883360955948605, 0.4652226721463305]"
6197,110.41259247715114,591181.7172536883,"[0.11748407718663681, 0.12486065648754031, 0.12188473144563951, 0.6357705348801833]"
16829,310.02917456583737,333737.2461554288,"[0.021712895673335713, 0.13546849728573965, 0.6448569562609446, 0.19796165077998004]"
2544,183.39777199983084,558086.7200593298,"[0.19175667519737102, 0.491038425654024, 0.05647510843061532, 0.26072979071798974]"
13390,652.4371073304756,703264.3164669201,"[0.5928441195939766, 0.07911976717623706, 0.1250418224081743, 0.20299429082161208]"
8462,518.6194742711725,301388.0331141865,"[0.07699368019158959, 0.08547389916210714, 0.3101688766243304, 0.5273635440219728]"
4137,514.997183172195,564803.8489659729,"[0.11982908762484096, 0.3682125713026086, 0.4157085817308377, 0.09624975934171272]"
6110,387.16753359836326,443096.01885160926,"[0.46277542955094414, 0.19973521014360995, 0.28310992411181957, 0.05437943619362627]"
3562,337.69959122047203,672172.9636734218,"[0.13147250009989705, 0.7360871039464599, 0.003376583974527638, 0.1290638119791156]"
11433,776.8010365945556,260219.66040602003,"[0.2930408542595688, 0.2923625211042008, 0.3108730650493678, 0.10372355958686286]"
11764,119.8342629273936,928920.5706220148,"[0.09931147512084515, 0.10749819405574651, 0.5613392944726349, 0.23185103635077356]"
1227,602.4345666679551,623469.9326567368,"[0.5185060488792841, 0.22506050335023306, 0.196829903823901, 0.05960354394658192]"
12435,406.3013145336593,116828.43404030272,"[0.17231356417409133, 0.10355400358953662, 0.4678544451671067, 0.25627798706926525]"
19191,800.3896619971905,553736.312148154,"[0.18220622393823696, 0.16020608392778526, 0.04815027284904827, 0.6094374192849297]"
13738,375.8189106655407,571727.1793047143,"[0.2620041096995148, 0.10237540058320752, 0.4413547701097509, 0.19426571960752673]"
4295,390.982909325512,803926.1055506599,"[0.12165985909197259, 0.09814114716061212, 0.13568250311557195, 0.6445164906318434]"
3143,936.2319957862076,888540.4106645122,"[0.19588246432741122, 0.5472233128547083, 0.17908288781999565, 0.07781133499788476]"
13587,407.05759685445054,978091.2134254074,"[0.07872997714537673, 0.23106423240073137, 0.6778855086112344, 0.012320281842657547]"
5530,921.1471698606975,515414.62299934006,"[0.5592906594875203, 0.11933595584756128, 0.1517200229877772, 0.16965336167714123]"
8688,974.36890083133,828434.9586328526,"[0.38538188316005384, 0.5705448530640991, 0.0036799134738708, 0.04039335030197629]"
6880,938.0955730491728,433880.08565964096,"[0.24330579090357946, 0.15822333423453577, 0.04525873783969031, 0.5532121370221945]"
18738,88.79911349482062,537286.6917223008,"[0.44218339042761295, 0.13287236820254517, 0.38739638680259164, 0.03754785456725041]"
12447,315.4108056626614,234135.97340334812,"[0.1868108512560535, 0.05812341026030618, 0.2586406930865679, 0.4964250453970722]"
3960,687.3175096932234,240851.5421643484,"[0.1341250489615194, 0.02210554814694896, 0.6094428922688999, 0.23432651062263177]"
9189,88.6765396700044,673384.7562448395,"[0.2033912174025143, 0.19446480930547022, 0.08546651529752125, 0.5166774579944943]"
18605,776.122287291979,674529.9363866397,"[0.44884973343689316, 0.023558140697131212, 0.35603629813149, 0.1715558277344856]"
1044,498.3315474292903,527331.942675231,"[0.25400029769632043, 0.1074376265333151, 0.10080843198013986, 0.5377536437902244]"
19325,190.6713038459085,120710.30798216983,"[0.1651195220352672, 0.05963957887819455, 0.05337656410313563, 0.7218643349834026]"
4911,841.7021755720061,483004.2650511054,"[0.7029997656350164, 0.006520182033806066, 0.1721021202199012, 0.11837793211127604]"
19033,414.78828674349256,703305.8986355681,"[0.010676540637338802, 0.05849870327652014, 0.029120683867749173, 0.9017040722183919]"
3621,642.8434285916313,163357.78213429343,"[0.043264576848629104, 0.07925552602454393, 0.5017118013523829, 0.3757680957744439]"
14633,515.214516714818,519416.1737387538,"[0.31188994000185916, 0.058653837401259255, 0.5111110238030564, 0.11834519879382513]"
11664,768.6106747065895,753492.0447599213,"[0.012608453983887028, 0.03151716347031207, 0.4065327512474932, 0.5493416312983077]"
13176,217.63361542302664,149954.0657353449,"[0.0512960763731132, 0.6423391551740226, 0.2321957604236868, 0.07416900802917727]"
4054,633.0810940874499,469039.4103980223,"[0.07229305299935189, 0.6591975063445097, 0.011914473683547885, 0.2565949669725905]"
14691,977.4653615292618,687950.5182935656,"[0.029029198477928647, 0.7042854124240696, 0.030719386685451152, 0.23596600241255036]"
11320,726.7903090753277,758176.248955782,"[0.4999934799475554, 0.13193221492099916, 0.2385493558784613, 0.12952494925298405]"
15215,124.1164015786365,971978.8764516752,"[0.5521675786413527, 0.11038909180636658, 0.3367451304334636, 0.000698199118816983]"
3438,655.1455997083604,687354.3529613393,"[0.31244709451039143, 0.25781623751972715, 0.07254710457086902, 0.35718956339901226]"
18892,148.13637647600314,679484.2660941281,"[0.1075877757886961, 0.14036041229179244, 0.004010158247126619, 0.7480416536723848]"
14241,429.1945341723989,142034.46706146718,"[0.2051695321642736, 0.5497103132436554, 0.14409817647929915, 0.1010219781127719]"
6494,636.6493412494837,524427.1396164806,"[0.08931410088212256, 0.3714468254614, 0.19291068739985764, 0.34632838625661994]"
3647,912.8713641545786,208078.48033458163,"[0.3199276520944, 0.5059812096388692, 0.012106589721967325, 0.16198454854476366]"
2056,474.8299352920658,108140.32195644028,"[0.011136298127194045, 0.39178817357231654, 0.44114097619477094, 0.15593455210571858]"
19794,976.9687885458276,986381.8590541062,"[0.23539680942603244, 0.268029113463591, 0.03560252148663129, 0.4609715556237452]"
2720,551.4508929069019,478764.7119958089,"[0.46501002850124135, 0.028746763047549723, 0.30982096127152253, 0.19642224717968643]"
10662,547.4137781397202,655764.8173725747,"[0.09098438699708782, 0.1235568935190824, 0.20955347518781264, 0.5759052442960172]"
6219,10.352213525282144,725205.2222983495,"[0.27940037913046895, 0.1816075848859153, 0.24269518037731583, 0.2962968556062999]"
12950,610.3142684229925,536516.6556536446,"[0.2903339492673382, 0.2996526826104458, 0.3227785855764856, 0.08723478254573049]"
536,991.76827364701,228171.89473741112,"[0.058343954870878414, 0.7179414460733019, 0.005543106724612438, 0.2181714923312072]"
13914,368.3520078682759,341048.3876367741,"[0.030857689484225202, 0.1703356061603502, 0.16772797880152274, 0.631078725553902]"
18854,103.29239988901134,653689.3742186169,"[0.7680748118090867, 0.023322969727935617, 0.008361589668742469, 0.20024062879423526]"
2961,254.9912677150055,160382.67790637372,"[0.3470606114673945, 0.02258846376673163, 0.09356366557516595, 0.536787259190708]"
154,833.1603813996626,590250.026747826,"[0.4589862103202074, 0.14001863976176324, 0.06824120167744147, 0.33275394824058785]"
3882,117.6963743430767,588274.6334220266,"[0.11146264311093292, 0.4731598069710499, 0.0521639112911961, 0.3632136386268211]"
2875,215.16812780940887,789235.3484295824,"[0.15067816921815844, 0.11487875146290892, 0.3102217312952614, 0.4242213480236713]"
17123,898.2045039234079,718955.3943771309,"[0.008112738785523892, 0.4939773478168714, 0.00439985119364175, 0.4935100622039628]"
8907,344.77258496610625,737719.6222915816,"[0.054716319058292766, 0.3912028000333732, 0.10017692361956898, 0.45390395728876504]"
8863,926.9739149275777,198100.75087391664,"[0.0017242097735744421, 0.14366113561677307, 0.012369275893148542, 0.842245378716504]"
17718,695.5899811123675,445227.6265033544,"[0.722036482688567, 0.1686135305218737, 0.024750782707485243, 0.08459920408207397]"
3694,942.6303859574424,425582.9942547299,"[0.5062659795678071, 0.18503259645689557, 0.271826556778803, 0.03687486719649435]"
19432,320.75615235776826,864650.4485735391,"[0.15703730210088332, 0.09083826064416375, 0.04533318343038405, 0.7067912538245689]"
18420,667.6597297125919,594552.5169543633,"[0.23819464437292126, 0.622787768495957, 0.1341131791719849, 0.004904407959136828]"
3020,470.71833941774383,946617.4715815816,"[0.3940356174202777, 0.20010481915226702, 0.24337906230486184, 0.1624805011225934]"
12925,824.0300772608337,266927.9242237284,"[0.46133820960775973, 0.002438165479530492, 0.022562023693342047, 0.5136616012193678]"
13701,912.8740843888726,741903.2026130912,"[0.17827666095528857, 0.4153134210887535, 0.24091096869081519, 0.16549894926514275]"
3485,936.3201896682956,748321.0682895515,"[0.6191922072481671, 0.07959599182810599, 0.22097075477200046, 0.08024104615172645]"
12184,498.80628697328274,564882.0420054586,"[0.014057208753820738, 0.024625557177078868, 0.7208289176583382, 0.2404883164107623]"
14834,685.4499192188472,954079.0169689034,"[0.22210624741682808, 0.16092487627486543, 0.443551583539898, 0.17341729276840848]"
5542,439.11346001189816,804858.4468439141,"[0.020324683069869443, 0.0037871307818699448, 0.8129561642085047, 0.16293202193975592]"
16776,874.3483877691275,407252.72809374577,"[0.3835121276368194, 0.47971120398797523, 0.06407015786049555, 0.07270651051470997]"
6479,25.42793214451441,642793.330588381,"[0.34241868755706667, 0.02331762312124514, 0.4095205963815149, 0.22474309294017336]"
8705,437.3802146246518,495276.8324791772,"[0.0240629093177822, 0.23092169015756123, 0.5488169983168629, 0.19619840220779367]"
18879,249.51159417175217,726571.231413301,"[0.24139211238486008, 0.5125484414003498, 0.002915041109975364, 0.2431444051048147]"
11413,656.5916546017071,422662.9767095985,"[0.4569382047158112, 0.10630688630333464, 0.20113899249088468, 0.23561591648996952]"
4857,361.51784798481617,335518.8666739143,"[0.15477486852594038, 0.251385877778465, 0.011400807856676291, 0.5824384458389185]"
16010,360.3937883745585,583171.5413101885,"[0.5825699361908309, 0.16525270836773068, 0.1773824762306189, 0.07479487921081958]"
3696,182.46093912407787,993907.5162917714,"[0.5089635310730144, 0.2632440614496752, 0.150192017427403, 0.07760039004990746]"
1808,174.26349127617297,746274.6988952823,"[0.18187076375886116, 0.4694102581043917, 0.31866214893887224, 0.030056829197874918]"
18734,997.3295454507416,381352.07718639687,"[0.349702245773481, 0.1183513134429614, 0.36593741655262024, 0.16600902423093722]"
6098,571.285423156206,805339.824454373,"[0.01653510175347446, 0.10757035479479087, 0.49922761378850633, 0.37666692966322834]"
17432,687.0388073951975,513473.0092139838,"[0.05574660030479693, 0.24604969828920709, 0.599153818079414, 0.09904988332658195]"
16682,235.70751449615096,499826.4498474432,"[0.005714801392532277, 0.00926234616672881, 0.49579886913708027, 0.48922398330365874]"
5904,283.0461908652092,859950.7940866605,"[0.10653394287115614, 0.06188541892254605, 0.5243969638730254, 0.3071836743332725]"
986,572.9046309733403,339372.842970732,"[0.07672166407890475, 0.2650254921949003, 0.5199404918887685, 0.13831235183742632]"
19528,325.4399288778788,586333.6514713212,"[0.054338646299706576, 0.7851114572733165, 0.1163339868560399, 0.044215909570936726]"
12319,445.40420726356206,526284.7862884854,"[0.1688749890444627, 0.10983073623785543, 0.15754591308449942, 0.5637483616331825]"
13382,42.44698568319571,395031.8596788648,"[0.07657385454836046, 0.21281014074838572, 0.4384016178388903, 0.27221438686436356]"
4101,890.2492828994541,129222.67622331103,"[0.6265979237220998, 0.1025423759147425, 0.14852304713557932, 0.12233665322757838]"
7365,972.1374270600904,645160.3615820599,"[0.43088057509716593, 0.07336373259650796, 0.2216546761770216, 0.2741010161293045]"
18635,834.8651684271695,768183.9341573247,"[0.40179330842230343, 0.47389322838138137, 0.012476013716319642, 0.11183744947999573]"
15346,979.6182047061166,976332.4652556232,"[0.8938982891439327, 0.027168647404051678, 0.0762483715117767, 0.0026846919402391967]"
9603,733.578432603131,127059.39442561848,"[0.12903980891515607, 0.02015847561502359, 0.2755212385769524, 0.5752804768928681]"
7941,749.2326941944322,875527.8323045097,"[0.5661008844586622, 0.26813370532311365, 0.102362845686726, 0.06340256453149815]"
15136,972.1995590999352,800714.8383868006,"[0.11892110524945314, 0.3928706575704563, 0.003550440837406625, 0.48465779634268397]"
12550,402.1628692144504,823462.1888329873,"[0.20031345229594247, 0.36864114453191066, 0.2537746640693343, 0.17727073910281277]"
3926,47.699950876853286,899513.4237568536,"[0.17607031868310066, 0.11632825449105835, 0.6786921215002135, 0.02890930532562743]"
2754,66.36624311503539,908180.3413593112,"[0.04678041889504568, 0.23304525978212062, 0.1382472299120753, 0.5819270914107583]"
4540,158.64902549868208,148978.39286975554,"[0.3251474746120188, 0.24417418167503618, 0.3603230977544263, 0.07035524595851866]"
16890,496.17469805499286,443102.6788920207,"[0.23516407581293533, 0.18433968985503127, 0.40310609663174296, 0.17739013770029033]"
2947,541.7488092631041,941026.0013556211,"[0.5133856285385926, 0.2752124106891728, 0.162236660056467, 0.04916530071576745]"
14257,441.6314501937268,418446.6526364019,"[0.1173969497897196, 0.2563343067636904, 0.31103535843532315, 0.31523338501126674]"
6102,441.6393035242656,533076.1842019099,"[0.6003744953984973, 0.1155553414587079, 0.2529491694817177, 0.031120993661077217]"
886,401.41768801644486,156924.11199279714,"[0.18921759799558124, 0.4666474202434275, 0.016238625077386278, 0.3278963566836049]"
13585,169.77073423557513,663295.8919161699,"[0.30121839405116807, 0.02176745803728764, 0.338783694067674, 0.3382304538438702]"
11102,412.5614538491858,797486.6043401115,"[0.1415174667335814, 0.5036056012585726, 0.23651776830242055, 0.11835916370542539]"
6473,607.9178702227324,836754.883746784,"[0.07540285094362029, 0.7885584497982743, 0.07515438427235517, 0.06088431498575035]"
15850,181.3670016917698,131393.59551732178,"[0.39780828994225675, 0.3999076798219748, 0.02759757252869494, 0.1746864577070735]"
13325,275.0727791611197,437112.7628128962,"[0.3910318974625621, 0.05033407696812975, 0.4069264517714169, 0.15170757379789143]"
7661,16.682889035876606,402116.5240303748,"[0.34382540606680595, 0.2675503438846174, 0.052638999759788155, 0.3359852502887885]"
12149,783.9545459392823,995490.6935803136,"[0.20510632157328373, 0.11299722367776152, 0.6247736781388851, 0.05712277661006957]"
13163,404.50064638236273,320160.53066754487,"[0.5205629718422641, 0.23887791654755247, 0.16026919006028653, 0.08028992154989702]"
9572,214.0863800674691,291528.5105361696,"[0.0003639694485751631, 0.7367702762144162, 0.03356807420382908, 0.2292976801331795]"
16132,410.7787755691127,507529.4052012348,"[0.28581218168421935, 0.45824727191925163, 0.1728412081501183, 0.0830993382464108]"
922,103.2126781769974,826630.0388156504,"[0.10090233370054984, 0.1452267241048376, 0.3335979909699705, 0.42027295122464214]"
10241,831.57776299127,515895.64839754126,"[0.0022825069905696225, 0.5435502038668254, 0.19949398101058427, 0.25467330813202077]"
8916,525.3996192365057,712600.2609408492,"[0.26389864622587506, 0.26094083435309057, 0.06931549898804237, 0.4058450204329919]"
13909,870.0645160200605,864900.3901746155,"[0.5387946929621555, 0.17016131162495568, 0.14364636920755164, 0.14739762620533714]"
7375,892.0016304188405,511692.7485361592,"[0.013637430944231498, 0.30957369820598146, 0.00891785880245562, 0.6678710120473313]"
6076,609.2360879337293,371475.9591355517,"[0.13568055359897502, 0.4381332703988496, 0.37577692575193233, 0.0504092502502432]"
6947,280.82940199620384,263577.1924293209,"[0.053501125481873114, 0.018230053614326936, 0.7890172518506254, 0.13925156905317468]"
5978,516.3855816989922,245118.63872811105,"[0.1607620250667781, 0.05258631775952921, 0.2651000997683403, 0.5215515574053523]"
11040,751.673869620941,115345.1179823454,"[0.12759043443059734, 0.44577358605475303, 0.2622150554322785, 0.16442092408237113]"
15386,535.7751771464318,924566.593851349,"[0.0761881650730095, 0.17493003592341808, 0.3842936149904126, 0.36458818401315984]"
8173,369.0038196810207,341597.70033160085,"[0.57448347259365, 0.21175579741426376, 0.1246685059734354, 0.08909222401865068]"
18181,145.90752450313073,630902.9251345112,"[0.8392388319529804, 0.0268258496024451, 0.028556934047236405, 0.10537838439733808]"
10843,293.5933672991956,396813.3599418856,"[0.3861123376641787, 0.03623033935844543, 0.4579257219133744, 0.11973160106400157]"
1474,724.0703737567536,241780.1880722138,"[0.57989698999689, 0.35224643977989134, 0.01349755257711483, 0.05435901764610386]"
12229,825.6600796487376,707252.6201636527,"[0.28069357257779504, 0.22530131244293836, 0.4487939497404, 0.04521116523886664]"
1538,678.4595795905504,807123.2397826086,"[0.16257481988003092, 0.3918330565640595, 0.09002331479399805, 0.35556880876191166]"
8576,167.88768072317922,445617.450782133,"[0.13231259046637178, 0.544542203265771, 0.2792839646939472, 0.04386124157391007]"
18856,973.6459972493014,976713.9703918212,"[0.11746769531680223, 0.6591564846652, 0.014069161146645914, 0.20930665887135175]"
14851,434.0990222950319,713444.7017185837,"[0.3504212294102028, 0.3962436039946767, 0.17546023474817996, 0.07787493184694037]"
16533,586.0323069604617,564837.4701091463,"[0.12063789184355275, 0.4076150209188333, 0.45216355868481617, 0.01958352855279769]"
3797,369.2488237869682,156763.31867225864,"[0.09726408858360441, 0.0865899051604232, 0.25404419828477487, 0.5621018079711976]"
9876,241.66952703509205,228334.29692371425,"[0.4279281593159374, 0.122221956376641, 0.15992157661013778, 0.28992830769728367]"
19603,677.7239257731134,474005.8379824869,"[0.27304984634929663, 0.42954284810156673, 0.29583124412902234, 0.0015760614201143467]"
13454,672.8315087013079,442087.0549566408,"[0.05644132859922905, 0.015251454106626441, 0.48230500799501896, 0.44600220929912543]"
631,168.01409476344287,196181.69211207976,"[0.539703541573856, 0.19922994159097693, 0.1263624301529817, 0.1347040866821853]"
11624,267.5874911573651,575538.5184274188,"[0.36065021561918326, 0.31519250543113636, 0.0006232160973988792, 0.32353406285228153]"
4777,531.8096035549617,758207.9284623212,"[0.2995630330126446, 0.25761444221680707, 0.033779245222609305, 0.40904327954793884]"
366,423.9692373213548,622324.4744271403,"[0.082628293002251, 0.46698532901725187, 0.07489134115493956, 0.37549503682555757]"
531,831.2577897912892,217445.4023888121,"[0.020970593705181423, 0.17928205411647893, 0.7101791328517987, 0.08956821932654095]"
18235,786.2769766371744,984639.1242951844,"[0.5686627114497075, 0.1336151316989297, 0.13985601969275413, 0.15786613715860875]"
8186,406.0315067067488,789156.6815346205,"[0.0026257889761265914, 0.5096643771200573, 0.19539372998550095, 0.29231610391831525]"
18956,859.9518718311937,496614.0120170922,"[0.4680313222477374, 0.2785799299631926, 0.16229790927162666, 0.09109083851744322]"
807,506.19269567380303,803205.8100899411,"[0.2255082321565349, 0.6281710454865083, 0.11243158834604956, 0.03388913401090729]"
4508,279.796225807484,463911.47682735085,"[0.5602713839215554, 0.25046315031595034, 0.17110449288555932, 0.018160972876935008]"
16209,663.9528178561594,671668.588168245,"[0.3221431103758935, 0.09105598448485909, 0.13635195262297586, 0.4504489525162717]"
7741,665.8253389385563,155170.70787802202,"[0.026543721188106453, 0.622427955329386, 0.18683281516716232, 0.1641955083153452]"
11745,421.1729117030184,866847.1999833575,"[0.0014939471583513926, 0.6045799509492145, 0.3441732463488745, 0.04975285554355969]"
7568,758.248835621128,888668.0302547564,"[0.013777881841368647, 0.4431412441282374, 0.023367711560458235, 0.5197131624699358]"
19816,475.5180706518646,520188.6478744602,"[0.286649356533928, 0.24089396286585582, 0.2612254925136817, 0.21123118808653463]"
18477,368.5954818817,913044.477117318,"[0.6970396120008024, 0.05744268964248974, 0.2379979106542737, 0.007519787702434045]"
7394,615.3877642051884,176535.1662174562,"[0.45629083600309056, 0.11075767310473106, 0.21188586563820372, 0.22106562525397475]"
14433,800.8737017219493,974382.2108784212,"[0.3161975143317422, 0.28241163919418705, 0.2474278519534328, 0.15396299452063797]"
6751,325.52822995487736,702967.9027197758,"[0.08669099806423619, 0.2847881715852705, 0.00324735551016581, 0.6252734748403276]"
11525,777.4647248343855,937666.9271400992,"[0.1823806992024431, 0.044035422492126906, 0.18550651432396906, 0.5880773639814609]"
16820,655.5872246198982,122272.34640884014,"[0.05024913180036253, 0.037074742977049574, 0.8172700858481776, 0.09540603937441039]"
15977,875.5519804983816,929508.3095549224,"[0.17462956744637817, 0.4107789486300155, 0.2747991558950366, 0.13979232802856978]"
12747,97.643980348062,587353.041488073,"[0.3369529337151928, 0.029527844602416496, 0.2442245718691042, 0.3892946498132865]"
9708,331.39827781893365,661274.8349739623,"[0.11184759202391654, 0.22808081007220107, 0.4210617031946856, 0.2390098947091969]"
3920,162.34373992021736,387861.87899683206,"[0.3476108973095529, 0.1057692345243377, 0.08098691976980679, 0.4656329483963026]"
7953,311.45914068436684,776853.9197964587,"[0.230211883034034, 0.10717956257341998, 0.09827141924149019, 0.5643371351510558]"
2768,890.5544704233099,428860.2095994914,"[0.08215356876662748, 0.21183946222100855, 0.6765088660266424, 0.02949810298572161]"
11609,171.64035452480474,770255.5149630412,"[0.21437953923133657, 0.2299849063845928, 0.34344861291255674, 0.212186941471514]"
19373,274.0294066444759,818674.6854767588,"[0.07950794413980407, 0.08929259452292237, 0.4835723874037637, 0.3476270739335098]"
16780,299.8065379393901,198786.7200513693,"[0.14747654636027677, 0.585270981901088, 0.01721237781785993, 0.25004009392077536]"
10896,116.86903196508808,567692.6416472001,"[0.27033175625868605, 0.44637482234010845, 0.2667768141815342, 0.01651660721967138]"
17987,955.1255311616244,370629.4410807626,"[0.025607180074662002, 0.31326398543200495, 0.13574927288849647, 0.5253795616048366]"
678,128.94748864507972,539435.87902309,"[0.2820447153220786, 0.008344062456238274, 0.34413921822040683, 0.3654720040012765]"
5640,915.801189719544,234926.8626576196,"[0.33380772950244997, 0.03803847311940613, 0.2191100456657721, 0.4090437517123718]"
16899,291.6686814011792,245518.3871989182,"[0.1766170577778088, 0.5424699269809526, 0.01499811525052559, 0.2659148999907129]"
11064,573.1723105604466,668014.6971952571,"[0.018678944097781734, 0.02166743017324163, 0.16467483761352597, 0.7949787881154505]"
5818,815.6830163268804,493829.1695533383,"[0.10786472006962412, 0.6972005891358095, 0.18330506537524563, 0.01162962541932059]"
5842,143.8637110763495,223402.9397716253,"[0.3513117653682316, 0.47823861167497284, 0.090108412196535, 0.08034121076026067]"
15295,954.9723295370808,332403.1366013811,"[0.18129227517575494, 0.007858999070980466, 0.8032662596138639, 0.007582466139400623]"
9619,219.6457237088497,308122.8449533743,"[0.48291254726195354, 0.15863281946246446, 0.0925615176637389, 0.26589311561184326]"
17089,207.16915353613064,925986.8165484782,"[0.12413693091996639, 0.4750168799534824, 0.16336114228928517, 0.23748504683726596]"
17521,902.0637164047944,106609.68655640115,"[0.3719128453433381, 0.3309807493364604, 0.21455385631452062, 0.08255254900568096]"
11022,649.2005548453166,481735.34410091,"[0.13021062437322475, 0.017345858290440212, 0.8453917958359827, 0.007051721500352361]"
83,634.5320805360057,461684.6681589272,"[0.018942727384570427, 0.08330306987579096, 0.41551124183010507, 0.48224296090953345]"
14777,159.59598417792506,164456.47528024216,"[0.09795407723885485, 0.7261406800486574, 0.07534654820474614, 0.10055869450774174]"
14775,480.90440477105136,387043.9604299179,"[0.11819470452876324, 0.5061588581254168, 0.1427710887466194, 0.23287534859920056]"
7119,943.170292163872,878261.3310417514,"[0.2920871657400835, 0.26589143002466764, 0.26912777446394287, 0.172893629771306]"
17992,354.16952259293294,348383.6987909038,"[0.17324152083525232, 0.40385950183044994, 0.32621470858895923, 0.0966842687453384]"
11804,343.5249904229002,655007.529759269,"[0.02287451137964383, 0.1953828947837312, 0.35172031785162533, 0.4300222759849997]"
8332,375.613922599015,498576.87607393,"[0.5321036454920607, 0.16061206343429163, 0.02345886296788768, 0.28382542810575984]"
18046,415.0593683735457,683623.2149952466,"[0.18128613446293515, 0.048850286105233454, 0.7272432362697862, 0.04262034316204525]"
9217,757.9111845790077,937290.326049265,"[0.11015731407177957, 0.5278585645992153, 0.3168373616107542, 0.04514675971825077]"
7132,119.51948660342288,789750.0467796045,"[0.09841590008111302, 0.5413980194139987, 0.2725535176272603, 0.08763256287762788]"
3327,48.73230146606552,619404.732677544,"[0.1958935403205975, 0.0330645874290077, 0.12450330376326654, 0.6465385684871281]"
698,742.5804529449606,430147.9599004783,"[0.003978550405121332, 0.12482771620693439, 0.27216893214497684, 0.5990248012429674]"
1872,169.14940498102774,524177.1852272099,"[0.2559163512779118, 0.016862706226697183, 0.6077296435441178, 0.11949129895127321]"
10413,14.12730611769628,338589.1605611101,"[0.03592108778639596, 0.2609829933449714, 0.0386356430400941, 0.6644602758285385]"
9846,255.33761548472097,899364.6193891269,"[0.6160844778525686, 0.08086173510598162, 0.2766242497885846, 0.026429537252865152]"
2702,339.1890086625196,433039.4752457201,"[0.11226789069313554, 0.3823307633140109, 0.35206371703937955, 0.15333762895347391]"
17303,578.4525385477235,656649.2025932631,"[0.1411747224352883, 0.2015686491175053, 0.03808353393397183, 0.6191730945132344]"
10334,442.8591460131872,258801.7195049697,"[0.27517853211582066, 0.021403847053730458, 0.42212239251819605, 0.28129522831225295]"
5111,696.4890037456214,972887.9357574476,"[0.042716682295505494, 0.5241842534107273, 0.17442149033122054, 0.2586775739625468]"
1780,960.8641892822336,684030.6012617043,"[0.2424627532824119, 0.07722483458568791, 0.3119024814791138, 0.3684099306527865]"
7933,796.4208210360691,741154.0636249509,"[0.02756760080837851, 0.1616744125191137, 0.03599939875518834, 0.7747585879173194]"
12202,839.4781815976936,212523.1721102661,"[0.0178085891353182, 0.04248334392746702, 0.5919857226878913, 0.3477223442493234]"
16436,619.1103804323494,676475.1231252844,"[0.06414635201843444, 0.06490442662929802, 0.41745239747265867, 0.45349682387960877]"
10685,447.9318501126416,705367.7088018846,"[0.08959032245096336, 0.32908151193159363, 0.3476633535962163, 0.23366481202122663]"
9137,971.2657460359244,815014.544754185,"[0.3013557103343061, 0.23630592594379948, 0.15983612463634256, 0.30250223908555174]"
7946,426.8731475557913,815297.5762204318,"[0.5089383651776134, 0.039035081628144855, 0.16037657168107408, 0.29164998151316773]"
19293,711.4591467099747,918265.5106800428,"[0.16376846082345026, 0.22339039080951903, 0.029521644314354223, 0.5833195040526765]"
3957,56.51502808864634,979139.5363443666,"[0.21812543716605146, 0.17727450895710803, 0.5690913095416794, 0.03550874433516094]"
17908,328.1817411604652,245800.29288852456,"[0.018086290010183588, 0.4785581422756875, 0.22776151398992314, 0.2755940537242058]"
3014,155.598437015193,370999.6814850371,"[0.05132618132125044, 0.30989181264737686, 0.3681972735177178, 0.2705847325136549]"
647,911.352460298339,335596.59970674454,"[0.41582956825695305, 0.22035538326446402, 0.21862583732986896, 0.14518921114871394]"
18744,644.8827086411646,575827.5953170692,"[0.22982974557276428, 0.6037436234624194, 0.031320957406091976, 0.13510567355872444]"
17467,371.40896286084165,712640.1622340452,"[0.24068870004952422, 0.3324536517775282, 0.09087385331136671, 0.3359837948615809]"
16314,672.9524298061021,630612.1646001477,"[0.6392170500481716, 0.21654391727744654, 0.14226986726665958, 0.001969165407722167]"
2320,508.6186312131816,985224.9416839378,"[0.12064853296697774, 0.21718566776259465, 0.6411640821621774, 0.021001717108250346]"
5008,252.6656577447032,121247.52252879014,"[0.0866176679818886, 0.656746280023807, 0.01321596026140024, 0.24342009173290421]"
13445,107.55044543203805,229972.80290248705,"[0.25133686159632224, 0.22864797080915647, 0.3147304771550184, 0.20528469043950295]"
11917,89.17781363510579,733176.5806574852,"[0.030973996027805605, 0.01561816977860489, 0.5971085344873258, 0.35629929970626373]"
1885,956.814172172104,771047.8911695398,"[0.28813460805042074, 0.36863808065841663, 0.0156959787723318, 0.32753133251883093]"
12456,527.4271911168786,656785.1761121458,"[0.2881347875114653, 0.36820977845912645, 0.2928250004503382, 0.05083043357907016]"
4754,722.0902528229327,455415.8061490776,"[0.18586821090223338, 0.358957215790882, 0.31517074832147524, 0.14000382498540936]"
6620,596.1823792750631,559936.4460040781,"[0.0631727466139167, 0.16945953448353884, 0.23406597841227011, 0.5333017404902742]"
18347,124.01759221980132,487735.32552458585,"[0.2751630476945408, 0.49206594383288244, 0.09904573292648877, 0.133725275546088]"
12112,72.52833679820242,197923.546374686,"[0.15646870350426217, 0.41260079940387623, 0.13757625590190434, 0.29335424118995723]"
19809,74.35592290821036,158591.18399467063,"[0.015704992025218873, 0.2094086754878394, 0.35067326271142224, 0.4242130697755194]"
3290,981.8588997778642,951281.7235917022,"[0.33504740334519995, 0.1303700232552474, 0.38783576875694253, 0.14674680464260997]"
16124,608.9560645841883,907733.1853576358,"[0.05814117943908266, 0.034043590550512905, 0.6341659940788874, 0.2736492359315172]"
11599,94.7677538875432,565850.8376757049,"[0.5041199475039359, 0.35351163859190815, 0.09741272761041633, 0.044955686293739826]"
18869,47.78167086615499,488695.7018070795,"[0.43695971834761177, 0.18213686111131813, 0.15482684445494743, 0.22607657608612264]"
5034,533.4029730214928,863694.3189687757,"[0.30491293607299186, 0.13598421851121256, 0.10734133753655414, 0.4517615078792414]"
9601,380.6278302244393,196422.40833083345,"[0.17952791604928728, 0.023366814820876446, 0.1487509533353345, 0.6483543157945018]"
4977,529.1593762991839,181834.35864760863,"[0.5437040962141607, 0.10329393823976116, 0.17026457466609685, 0.1827373908799811]"
11587,363.9152409738245,421263.8228498798,"[0.3844231417179773, 0.1955699998908, 0.25791868551854547, 0.16208817287267716]"
3082,929.482556550826,589720.4028474556,"[0.25116772160766526, 0.20927953119816786, 0.007657474223614844, 0.5318952729705521]"
16888,680.7729634514583,120060.2004926481,"[0.6587692409570333, 0.07578082897068163, 0.14355518715919785, 0.12189474291308722]"
4791,591.3466080357417,249128.0040454008,"[0.035452366055206054, 0.7947200375701101, 0.06149570758121628, 0.10833188879346747]"
488,446.0453170880321,801273.9705693525,"[0.13475355105162978, 0.3607752877095609, 0.09109732911162326, 0.41337383212718615]"
12301,780.453820893272,840732.6795893136,"[0.18093423013777352, 0.06190697817288542, 0.43846405154932006, 0.3186947401400209]"
6925,763.233191306925,153214.33792036868,"[0.22448981068652685, 0.16136755917510048, 0.15008930116322405, 0.46405332897514867]"
14235,65.20952253309608,359904.9858637544,"[0.7609077007089613, 0.1642221639316745, 0.04225099244286927, 0.032619142916495106]"
15073,129.15405773751547,591837.7190396879,"[0.2895448902791354, 0.02682706445302539, 0.4310510035549124, 0.2525770417129268]"
16255,501.4653951531926,604714.0385072941,"[0.07519770172204969, 0.5923308382444911, 0.2715221139140563, 0.06094934611940301]"
1849,984.8167117912566,297707.22678784584,"[0.3584124784425976, 0.11799347795472734, 0.1568233768458717, 0.36677066675680337]"
9722,867.0014990580756,112849.97568287764,"[0.41708316883115204, 0.20492670486125847, 0.21407267771001612, 0.1639174485975733]"
14958,628.749449882413,872268.1541874694,"[0.07884592954019268, 0.7071244249308843, 0.08049956870011159, 0.1335300768288113]"
5928,938.1468020142098,384480.5771924299,"[0.044103335041501567, 0.5628184014983372, 0.3348732211603556, 0.058205042299805686]"
10141,200.61760862416625,205896.54211543244,"[0.3390801323817839, 0.3165285777141038, 0.008342373007553638, 0.33604891689655864]"
242,80.27417733574681,518768.1251948537,"[0.4750523988326391, 0.0044341329305279545, 0.1905306558936524, 0.32998281234318055]"
4715,495.5024385802334,613068.4487760542,"[0.13806983304098797, 0.2148215961420763, 0.5483947747388443, 0.09871379607809128]"
11380,302.0471818256262,230986.6383816002,"[0.2267756071432242, 0.028199120083574575, 0.6924593948595704, 0.05256587791363097]"
1172,335.84539081388374,322855.64237492706,"[0.20294470371811865, 0.07346427871459361, 0.6493827025135211, 0.07420831505376645]"
1983,499.13843396624566,674146.7098069353,"[0.7205398433041437, 0.04916327919290515, 0.20277348627306685, 0.02752339122988453]"
11645,743.7806439375909,809000.4984458119,"[0.30158683020008165, 0.2521453320603596, 0.34547044030296, 0.10079739743659873]"
7428,637.8878754803576,984188.2212260398,"[0.10118534424463281, 0.2690142396663191, 0.3722647144304909, 0.25753570165855716]"
2014,763.8562078219737,668820.2901296361,"[0.07492082324427242, 0.7483630110329116, 0.05731524714252307, 0.11940091858029313]"
2746,585.1536705779158,472187.9164835322,"[0.34893220327729746, 0.06356833553350769, 0.2765657663759285, 0.3109336948132664]"
19688,988.3267216118892,513059.1176846348,"[0.5413841887229066, 0.10115214361406623, 0.011314448981213109, 0.3461492186818139]"
3732,250.5557076432414,887750.1154814069,"[0.24075939421214992, 0.5182951157659895, 0.001813547183343281, 0.23913194283851727]"
15688,765.223069359804,973129.7717768784,"[0.0820964927170909, 0.6951554622444077, 0.2204098043711747, 0.0023382406673265388]"
13854,636.7704293612607,559889.4942230217,"[0.012890249379126006, 0.46605798173764207, 0.5065060189308968, 0.01454574995233536]"
19654,160.8330405942065,654846.0345756334,"[0.5747349169349306, 0.12586807443645548, 0.095480348697758, 0.2039166599308561]"
4599,469.20715497019097,154650.57114308584,"[0.110220986960563, 0.40139308126011697, 0.2696313672151066, 0.21875456456421347]"
2521,449.12125322252587,278019.9415157483,"[0.07979232079865076, 0.32327057821323346, 0.31099997516431255, 0.28593712582380315]"
2539,182.5869526461612,357494.179625208,"[0.20917219465316592, 0.31328095781945775, 0.1669205215566329, 0.31062632597074336]"
1883,391.4614659393493,724547.0983076303,"[0.011244660886997817, 0.8884894442081742, 0.08489160210148693, 0.015374292803341216]"
11812,22.073022048796723,202248.45162954985,"[0.051722627108444136, 0.3008681445890246, 0.3076243247121355, 0.33978490359039565]"
4014,175.9645709801337,473808.9357856613,"[0.10862963631483441, 0.6519976088056998, 0.07211182310370248, 0.16726093177576343]"
11716,414.0195494924066,539482.1653018051,"[0.5774011302492504, 0.34040279318316635, 0.06845614838905252, 0.013739928178530562]"
1351,580.3469256863186,569689.8823736605,"[0.16644240437342542, 0.48683263887422196, 0.16314242169464166, 0.1835825350577109]"
7121,828.3271815581638,779875.7231366562,"[0.3183780881654598, 0.0031535448238018656, 0.5370013937364537, 0.14146697327428454]"
10244,860.1474151679,990476.6438460124,"[0.2679989560379551, 0.459669114496819, 0.12850257871399645, 0.14382935075122946]"
11966,712.8925982168475,789430.8555530934,"[0.3240501141572632, 0.3838960275917835, 0.015207495496277848, 0.27684636275467545]"
17341,227.22113502758063,967034.0103586658,"[0.28420384270114235, 0.05989001208951529, 0.06287423255769728, 0.5930319126516452]"
11677,520.4397960891222,646283.8731799123,"[0.20014148781457547, 0.5252292958277167, 0.1571642851497178, 0.11746493120799006]"
5955,652.6073576384541,634467.5325170779,"[0.18115065236033706, 0.4079454005233811, 0.26444554561515665, 0.14645840150112538]"
6128,257.32825097627256,603859.1658366339,"[0.08808800308891679, 0.46347981613461436, 0.06385155425503024, 0.3845806265214386]"
14781,878.0114097361047,371905.4084382593,"[0.024945674881497085, 0.4857217662475609, 0.334523934386588, 0.154808624484354]"
12676,254.53707726087413,532132.4068351276,"[0.6752752752981657, 0.06980987414216452, 0.13246187677404633, 0.1224529737856235]"
12584,202.4615976907088,761398.5564084637,"[0.5946299882204649, 0.12254712489608316, 0.2827488913309229, 7.399555252902402e-05]"
12870,80.88608488742646,408793.9320163681,"[0.3346842734279946, 0.21231187522457323, 0.2857405506179681, 0.1672633007294642]"
16642,809.3270991236626,627677.5876327476,"[0.27192079985960327, 0.2292233847432551, 0.15236756429656756, 0.3464882511005739]"
18106,483.321569084868,929259.921072832,"[0.2119482821366772, 0.503230270492386, 0.2628751841265535, 0.021946263244383358]"
18950,205.9706867864964,592323.5715182151,"[0.4887437402405008, 0.3834244444772392, 0.0024716356968391153, 0.12536017958542084]"
1174,885.7136418714791,635218.0309120455,"[0.007576958284373698, 0.706083851874698, 0.18085231725655673, 0.10548687258437155]"
4198,580.6896176933437,499285.1206007033,"[0.21881224445451516, 0.21107947574170524, 0.047266852924189216, 0.5228414268795905]"
5487,442.0340334043122,573771.9347093797,"[0.39173111400976524, 0.13830643507734447, 0.38517428510026586, 0.08478816581262442]"
9343,399.5280537305399,177446.07420352398,"[0.1202048395988137, 0.3724099672484715, 0.42418303244051486, 0.08320216071219999]"
13030,244.3976875431546,958857.010600891,"[0.20259729619242875, 0.038530322121777406, 0.006233023905024221, 0.7526393577807697]"
14740,93.11934428228416,107083.85651798698,"[0.1287304987342115, 0.336351425255367, 0.3769438776771535, 0.15797419833326787]"
10251,75.07043259642613,287900.0676692036,"[0.3182774388215176, 0.5135526453562688, 0.005832752793805583, 0.16233716302840803]"
16987,366.95884999733903,166626.54103766,"[0.11442145705614318, 0.004468886456895821, 0.6690867041496446, 0.2120229523373164]"
16813,43.070931047432936,950195.8208250446,"[0.5492153905931184, 0.02991240992722065, 0.4060590402606408, 0.01481315921902021]"
11805,585.8759420896523,630962.3906028668,"[0.041377222435903735, 0.6339019150859418, 0.1120272335632555, 0.21269362891489887]"
11399,44.73556168256995,912165.9573132398,"[0.3521490622289097, 0.05152886673647175, 0.5385440957660722, 0.05777797526854645]"
4554,197.8441649870951,726027.5602398566,"[0.12503927472373239, 0.44010055327766484, 0.1429937137182886, 0.2918664582803144]"
7861,494.0341928062814,968545.958534754,"[0.24454869708845436, 0.18589604275722027, 0.47057195037509625, 0.09898330977922912]"
7292,235.6255888543604,360592.5707729949,"[0.024760784702561843, 0.20624413543494233, 0.7517971062330474, 0.01719797362944842]"
16721,743.0667018908857,977004.6482822794,"[0.054041514017190186, 0.7233530647000758, 0.2110868343925276, 0.0115185868902065]"
4246,175.5450051761404,698679.3619310994,"[0.3016999952550058, 0.5920356707652714, 0.0513319468948924, 0.054932387084830475]"
1863,960.7896372690578,959839.7904749784,"[0.006737071077750388, 0.6807390762507297, 0.24339675383823955, 0.06912709883328048]"
7701,632.2605565527083,797036.9325302294,"[0.34148602790811117, 0.3586117374649713, 0.16612997163033486, 0.1337722629965827]"
9400,705.0635127448677,725529.4423100756,"[0.0949735072049919, 0.24926556203100045, 0.12553713376451597, 0.5302237969994917]"
8398,305.570849193738,150979.8038298815,"[0.0032691742057429575, 0.5638041245471586, 0.17741412461607414, 0.25551257663102434]"
10356,45.15419439684147,725391.0839425973,"[0.24956190162831826, 0.5882093791865498, 0.04044344182585633, 0.12178527735927548]"
5730,562.0919258393378,514437.9343821756,"[0.01868149091597673, 0.467270296503519, 0.014401430595959873, 0.49964678198454443]"
6764,834.2840319582941,611823.6365218249,"[0.5495531635589854, 0.0919710890964183, 0.26166875445524695, 0.09680699288934932]"
12268,396.7810687342909,779576.692968527,"[0.07482507438671014, 0.17196013568333052, 0.6096552767673782, 0.14355951316258117]"
13437,314.41158549733603,268224.6921904071,"[0.029715757594116456, 0.512982737941467, 0.10772515904448283, 0.34957634541993376]"
12765,721.7244633421476,348682.4926588468,"[0.0034038799120296105, 0.10903130380736552, 0.059030164165125125, 0.8285346521154796]"
10744,472.7214716925113,705021.9420037284,"[0.2611594055417034, 0.486464926057447, 0.004544599456496418, 0.2478310689443532]"
11219,865.556706364351,869199.6187036297,"[0.40120478571543816, 0.39922359052303263, 0.07713747311727677, 0.12243415064425239]"
12081,176.83237451706847,165867.86962712367,"[0.6069327465424716, 0.07991256871182405, 0.07948324127631552, 0.2336714434693888]"
17907,530.9322907798573,394066.6248900378,"[0.5355007155502235, 0.20057608391224965, 0.1767581408564979, 0.08716505968102893]"
14005,227.91597845784025,443614.3876082905,"[0.016237614387040408, 0.8271708470246446, 0.052718600932975694, 0.10387293765533921]"
15155,309.6505763579628,763538.4782956422,"[0.2797730894026198, 0.04150046727609285, 0.5672972227188198, 0.11142922060246743]"
2028,239.34075668998733,950219.3614965548,"[0.08292313317008321, 0.06379884469459939, 0.004282618338796267, 0.8489954037965212]"
15243,216.11831886566827,366047.59321022,"[0.2023751776982433, 0.06640839756733195, 0.34484974996839857, 0.38636667476602604]"
11627,852.7533744876667,697357.0872677427,"[0.2888800769876798, 0.20932690667897064, 0.4971475770333679, 0.00464543929998174]"
230,754.0983144527735,799601.3933432035,"[0.15828223876728523, 0.10556633852446046, 0.4034175727797721, 0.33273384992848226]"
4102,703.6274590263082,419412.5569123974,"[0.21305136376673287, 0.3164016126487203, 0.33258007015925384, 0.1379669534252929]"
19062,233.23822632419703,346264.2588978432,"[0.47220273728060996, 0.10593084910477094, 0.19873252023936616, 0.22313389337525286]"
10403,140.01066959519127,160401.63366832663,"[0.18757572441481066, 0.4401782651728017, 0.29818702210517584, 0.07405898830721183]"
5174,554.9231688859593,858617.0848986324,"[0.43884598171136113, 0.17839852536636058, 0.2544744148398082, 0.12828107808247002]"
13996,673.1269210563125,427982.5017850708,"[0.25701681618702366, 0.19765597671757393, 0.2550329485697359, 0.2902942585256665]"
7271,307.018240591995,829319.7803742421,"[0.058551133472645685, 0.4224268273514801, 0.21347776401123406, 0.30554427516463994]"
1936,512.5574201595535,792445.9082987172,"[0.030074497463122882, 0.4571710335925359, 0.08928998347288922, 0.42346448547145193]"
7335,808.9406946942794,668550.7616157298,"[0.12937673452719337, 0.6517842608062748, 0.06900750837661239, 0.1498314962899193]"
1104,590.4306564572577,919464.819790574,"[0.13275835604984135, 0.6495292556959855, 0.03516650825352241, 0.18254588000065086]"
15156,505.4962440693896,292984.3459108657,"[0.1465128770653027, 0.3811840005623814, 0.15023300584975754, 0.3220701165225584]"
10691,379.7052062989481,963337.278428916,"[0.32249443585610293, 0.3585448884883614, 0.2290343510708352, 0.08992632458470039]"
6176,184.1627709962612,136927.44793956066,"[0.1826064746732562, 0.36505686574474067, 0.004069592380678326, 0.4482670672013247]"
252,634.7074150488804,854606.6850478428,"[0.29039918797589864, 0.1566177010506797, 0.539264523123225, 0.013718587850196683]"
16841,61.08064290141945,317821.0607160735,"[0.034404853464322184, 0.0020446220790631153, 0.9196208817453057, 0.04392964271130902]"
5757,679.7320077286493,666254.5322290625,"[0.004263605083626447, 0.2837836997611766, 0.10250120402581227, 0.6094514911293847]"
12227,723.8308846330807,979530.2439597727,"[0.20792579906502037, 0.32766176327982827, 0.15602487815163277, 0.30838755950351854]"
3624,529.3753615797896,156074.57885125268,"[0.3779649965484392, 0.030777149911526216, 0.09500065984926831, 0.4962571936907662]"
14489,158.82520788031005,849827.4303607513,"[0.053862928125464365, 0.3591471528663587, 0.5654570292800087, 0.021532889728168095]"
13814,942.54845327611,999843.3112313588,"[0.6733068980546381, 0.0069064186544819635, 0.12127720763246443, 0.19850947565841548]"
7812,783.4619564931902,567338.8049736763,"[0.15176504755253392, 0.1951559302002932, 0.0453348631931017, 0.6077441590540712]"
1336,594.6220360781947,809676.5969844565,"[0.3702666923009342, 0.02323417237314365, 0.5738739527333528, 0.032625182592569454]"
18938,949.3347679282556,215978.85478177256,"[0.7051144654962068, 0.04663154550690273, 0.21882850369379725, 0.029425485303093066]"
1287,571.4854872623384,285293.799929382,"[0.3785341278019809, 0.42837419314342257, 0.02863237565588914, 0.16445930339870726]"
10330,776.2922934722092,667828.443489941,"[0.15729603879734824, 0.35247002499460334, 0.07433339196746054, 0.41590054424058803]"
7625,284.69494613514524,430419.596947688,"[0.4275864689458615, 0.15110880349949143, 0.0960794814863334, 0.32522524606831377]"
19337,923.8508361442724,679444.992313355,"[0.3859640631342228, 0.1387495939250397, 0.018742944125035438, 0.4565433988157022]"
17891,366.209119871448,268896.1792198621,"[0.6348958546485869, 0.18011747944134057, 0.022701999926287277, 0.16228466598378513]"
13661,541.3791875410483,649047.0240884604,"[0.03760954662362755, 0.5973326342348462, 0.27432432817482916, 0.09073349096669715]"
4524,417.25650740759295,577322.9017039773,"[0.26715363240460943, 0.2857047204418222, 0.2146501157929127, 0.2324915313606557]"
17389,511.933673667609,742264.5767240694,"[0.120304043812711, 0.1407327549083118, 0.04801866092565892, 0.6909445403533183]"
7772,911.204390267212,222441.9964115203,"[0.7112658596062252, 0.19338770611419842, 0.07035621000441132, 0.024990224275164882]"
8296,97.71306965043703,111952.3095414948,"[0.23681083341724823, 0.5506567989439288, 0.21018033200521605, 0.0023520356336068663]"
12938,89.94174233903375,460765.4635087028,"[0.0715866951936857, 0.27015210446305515, 0.5792233416199263, 0.07903785872333306]"
13911,701.2558633804894,286735.7319759701,"[0.07507602932731787, 0.07806376106538446, 0.14586274539422386, 0.7009974642130737]"
7367,128.93818415087316,999593.9071827374,"[0.061973261448781417, 0.404564740749133, 0.09377630679490878, 0.4396856910071768]"
1302,509.1643079483678,152772.06342301573,"[0.8263922261390468, 0.020120846992085564, 0.032397409980373444, 0.1210895168884941]"
13063,372.1564027632638,816410.1784634686,"[0.4980323693207948, 0.33688397109289064, 0.03887878744387187, 0.12620487214244258]"
4233,262.9770470887443,741145.5592878019,"[0.3940294160497305, 0.11334440356782155, 0.03006739627258002, 0.4625587841098679]"
15949,857.5370677992358,184285.4517233977,"[0.5507851465546925, 0.12254264384820034, 0.037778446263861294, 0.28889376333324573]"
13520,277.686804295691,686118.7007576065,"[0.1931367538451732, 0.6969866509214903, 0.06422359884560154, 0.045652996387734894]"
14832,707.087518792534,945142.1981674692,"[0.570114191466594, 0.027850145676145542, 0.15382088569509555, 0.24821477716216492]"
603,999.8910321465248,690328.4788166765,"[0.3051549938465778, 0.39707325469540056, 0.1046211405944304, 0.19315061086359112]"
12815,651.7057406924191,270039.50198580587,"[0.6368367821363567, 0.03359839546377117, 0.16679862376524454, 0.16276619863462755]"
10609,76.06444827988345,749346.1570378812,"[0.02894045452791211, 0.8887781163291697, 0.07639471750847326, 0.005886711634444735]"
6460,444.0002330237424,620253.5993446358,"[0.33139115776812356, 0.18926094255153791, 0.3646371723143216, 0.11471072736601687]"
13506,75.89390249365188,981578.1854721488,"[0.37812114182171136, 0.012915894716673584, 0.19660850500778965, 0.4123544584538254]"
9255,367.53508004853865,884274.5885458774,"[0.04428684708059087, 0.2494005876766129, 0.515262760072668, 0.19104980517012807]"
924,949.1616904152056,687012.7357428722,"[0.10318542757979621, 0.03694840609137909, 0.14926792724792076, 0.710598239080904]"
2334,85.14754950499385,236213.9349176264,"[0.1603570659621019, 0.3285986607267656, 0.09965762402587579, 0.41138664928525687]"
19760,641.0633900755382,498232.8675239176,"[0.31769732566213765, 0.13458473172817093, 0.4517440136711347, 0.09597392893855664]"
19267,245.5272596046373,553812.109041448,"[0.6494404921382865, 0.3316852680088522, 0.0035247244438334495, 0.015349515409027991]"
10502,31.791437399469984,918078.2064273398,"[0.05801810191002994, 0.22298333603553966, 0.7112970317314006, 0.0077015303230298406]"
2370,460.8085980338364,405982.8729002004,"[0.1074624843443782, 0.04031860647028645, 0.4579457362813307, 0.39427317290400477]"
7380,308.0185772588597,925393.6294049916,"[0.14484448747129974, 0.3697420301951942, 0.3563034683399045, 0.12911001399360164]"
11549,821.3164562351292,486328.6051201971,"[0.20070182014066332, 0.10391847341312457, 0.1847603068263315, 0.5106193996198808]"
17914,763.5527395915329,718985.4688687569,"[0.11958269932886562, 0.5833416624332222, 0.13570536116719023, 0.1613702770707219]"
5702,253.06104820026408,841766.7511917893,"[0.03720406306140649, 0.1399166708896753, 0.8197824680155774, 0.003096798033340918]"
11951,694.5681188793202,599165.902470652,"[0.23792938873293012, 0.1687002742213842, 0.4887578130122317, 0.10461252403345389]"
13108,476.7760214632156,339107.3477353543,"[0.0831754937861462, 0.44215157983833414, 0.10418240357407564, 0.3704905228014439]"
9369,921.8677530071724,646491.1997083153,"[0.21047827079272965, 0.2224840139053178, 0.31232669970614046, 0.2547110155958122]"
16781,370.5151379325781,861912.5905528363,"[0.5418999451426755, 0.122439769179339, 0.0678440656026352, 0.2678162200753502]"
10297,115.80595436497546,775140.7950889231,"[0.47395404973616334, 0.04925012197633086, 0.4200684972050916, 0.05672733108241401]"
11537,732.020968440297,748684.4834929164,"[0.21372620221884447, 0.36144265806348713, 0.16390651644993748, 0.26092462326773064]"
15082,308.96005045654425,281677.84977859835,"[0.21636866312545497, 0.201631727197334, 0.20863076662362742, 0.37336884305358353]"
10885,117.6180369345936,461663.5247490782,"[0.08996245304624258, 0.034876432557734684, 0.6183069728501472, 0.2568541415458755]"
2921,139.69821700783956,549272.5858442686,"[0.05052707671275971, 0.28770263077228353, 0.5592492978318244, 0.10252099468313214]"
727,392.8523466844255,319837.5185287478,"[0.2246254380454176, 0.21402890379957826, 0.171632943935854, 0.38971271421915016]"
14428,67.88163538489317,751661.2218472259,"[0.34875839022461225, 0.17108153425933262, 0.3890428782120294, 0.09111719730402582]"
2206,831.4303470313251,249994.686224896,"[0.5356052986969505, 0.44537080968215137, 0.014692643234526584, 0.004331248386371475]"
6843,346.813099439536,535083.6267255628,"[0.17261750168203568, 0.6000250847037265, 0.20063265087757656, 0.02672476273666119]"
19158,801.1433344188599,714271.9754911325,"[0.04997563440900728, 0.05610408195171455, 0.8732292971656211, 0.020690986473657025]"
1657,762.1156120666456,783801.7887197054,"[0.6273027664606816, 0.10572869504293003, 0.2583093601535128, 0.008659178342875605]"
15574,794.966276221829,635436.7131698434,"[0.1698698562387649, 0.41116156976570306, 0.15106382537601887, 0.26790474861951324]"
16584,374.8586192959918,699043.6130703677,"[0.5770613978695377, 0.3858422135283951, 0.001597460794207733, 0.03549892780785946]"
11855,51.65503534987306,274472.7457096329,"[0.01625020210709296, 0.30161610951961493, 0.05557288382424478, 0.6265608045490473]"
7639,917.3444577222152,877372.980246913,"[0.5188852366857925, 0.12857826082484208, 0.2559736315729491, 0.09656287091641631]"
8445,146.57762931883977,159117.8065833838,"[0.7162560761648269, 0.06526022695499657, 0.0261498569116283, 0.19233383996854814]"
8222,355.88219361576984,249227.7945730061,"[0.09782214722893147, 0.033691836220289026, 0.6788835420864413, 0.18960247446433823]"
18536,67.01281370731922,374016.7223385165,"[0.13953497855407856, 0.2041828999038997, 0.6298372015794602, 0.026444919962561503]"
1554,700.9004742375092,244346.4311025053,"[0.19405938729265163, 0.004916500361000899, 0.7379976757928979, 0.0630264365534496]"
15993,125.21536499797004,777059.1179682369,"[0.22173137934837311, 0.05429039782290612, 0.4469148260119674, 0.27706339681675346]"
6584,700.6614298822889,494481.1443660518,"[0.5552298994866474, 0.22899552345561233, 0.16128105788756603, 0.05449351917017415]"
11541,974.295205073642,237720.3638135848,"[0.23367556622612343, 0.12223430164795794, 0.477092572159828, 0.16699755996609073]"
16351,561.2256147404257,571475.899633088,"[0.29335279581426577, 0.2872887651277004, 0.14379656435567692, 0.27556187470235705]"
5426,390.0667242369604,789467.5960252623,"[0.21971085096498408, 0.5229574897961826, 0.23627517840838927, 0.021056480830444018]"
2633,669.0147727136366,936692.408456636,"[0.3166732075979381, 0.32907521253501165, 0.1539087389922794, 0.20034284087477083]"
8448,488.36175131516535,950530.8387166476,"[0.0032008881824044694, 0.06515447952612378, 0.8422669329610784, 0.08937769933039326]"
13597,132.9598438724999,752029.4815594077,"[0.13703420432939872, 0.12628952543017072, 0.597536682597463, 0.13913958764296766]"
11504,382.8870123946761,443069.18806794105,"[0.07911513310985634, 0.7128072059009921, 0.008491943446445856, 0.19958571754270574]"
1433,428.8798936384006,712665.4389447595,"[0.38959150545650423, 0.10632487879609051, 0.11349137044839794, 0.3905922452990072]"
8671,147.21508527519376,989092.4550502849,"[0.43815985493261334, 0.1320460931826504, 0.04598641683420803, 0.3838076350505283]"
14871,203.73280226552416,531514.9264584647,"[0.4169046314839555, 0.05034645278104955, 0.30929004458781795, 0.22345887114717708]"
10386,449.9139514746341,981422.805384842,"[0.009244429316168225, 0.28323188097636787, 0.5378663560931659, 0.16965733361429805]"
11851,134.711478562126,400663.6572352116,"[0.27879053322752334, 0.35501526136710065, 0.05477397067502559, 0.31142023473035046]"
16340,143.15322588578613,295340.1337596595,"[0.16102289873626546, 0.12035132986847889, 0.5941568363365829, 0.12446893505867285]"
11498,47.02566147778716,889867.5528257026,"[0.4466587414973011, 0.15257986138299007, 0.02418310981177065, 0.3765782873079382]"
19972,22.094966775974378,513193.8160050778,"[0.4606034730138048, 0.3809658335245441, 0.05833770884361169, 0.10009298461803946]"
18365,481.5403698863825,577041.5605255091,"[0.37946150562050995, 0.40515629787421836, 0.0733086979041627, 0.14207349860110902]"
4763,554.688578011184,865772.1494564803,"[0.31618566516979624, 0.501761253705978, 0.17786052822884554, 0.004192552895380239]"
13527,861.5735543284546,965798.314321383,"[0.2666295962477175, 0.13770058106494418, 0.20251341096757275, 0.3931564117197656]"
2867,380.1772485488112,434838.9215097946,"[0.007646466103426378, 0.15908463286492197, 0.0995863356131649, 0.7336825654184868]"
9855,949.1755853955556,532970.1278279223,"[0.39090278626015645, 0.21425784994375902, 0.1880338478887607, 0.206805515907324]"
16692,383.71238283861646,270314.61496951745,"[0.004535828195249222, 0.059973129911298835, 0.30113394033545837, 0.6343571015579935]"
18437,52.92454763705731,612167.0984605185,"[0.153074199525836, 0.13848559872942678, 0.12670355325541788, 0.5817366484893194]"
9145,533.6296979737481,146593.06476000865,"[0.4824834366940091, 0.09158021481751337, 0.2349832324158813, 0.1909531160725962]"
14701,337.1892527262144,351357.51295192254,"[0.05347377045264789, 0.5234025771382498, 0.07843158851129246, 0.34469206389780993]"
14495,458.9419207572865,174613.46546237136,"[0.3274130179062368, 0.2838323418165626, 0.004199005134994921, 0.3845556351422057]"
8017,209.2595479874569,911631.2919272278,"[0.4338214170375308, 0.37993291881256425, 0.09750595609915058, 0.0887397080507545]"
5538,874.6634505489106,442161.1471333465,"[0.23512299577316725, 0.3397226640371308, 0.383654932840152, 0.041499407349549836]"
5600,919.1085552339782,788141.4541689801,"[0.5636640444415166, 0.1803971761025146, 0.24076480777486486, 0.015173971681104008]"
8733,845.1805839463153,736421.1664376359,"[0.13948975881528752, 0.27161461440268675, 0.11582206188291932, 0.47307356489910657]"
5641,551.8969121968844,125284.63217353028,"[0.2367989759607563, 0.3670726498710986, 0.21890934207469306, 0.1772190320934521]"
4250,813.690273318778,480427.4341219518,"[0.09057432901701558, 0.3432326267747741, 0.5072408071246213, 0.0589522370835891]"
14204,500.16714337832855,934929.0704722282,"[0.3039851272063939, 0.1265633817955846, 0.05490125164175661, 0.5145502393562648]"
3515,385.1836928142195,834112.6155797911,"[0.1553924959860144, 0.6744317538107418, 0.16828748617379424, 0.001888264029449706]"
6251,780.4163077387195,949659.4127752202,"[0.3126549748399113, 0.03994857440895608, 0.5483864865923468, 0.09900996415878571]"
17263,104.40310592796004,329150.18204540416,"[0.11076966968796209, 0.24663295445622674, 0.38925149992446445, 0.2533458759313468]"
11997,967.0501710863066,890876.8496759065,"[0.4242736497787132, 0.011481319568755746, 0.4675367503061278, 0.0967082803464033]"
2137,274.85976191972094,254956.209670046,"[0.28065141901982993, 0.30247327281690317, 0.2845999465623074, 0.13227536160095926]"
13630,673.128796868163,992638.4301964692,"[0.631118314490864, 0.1350096821551091, 0.039147082302493606, 0.19472492105153338]"
18917,855.0640268307377,675267.7374285606,"[0.621624391331013, 0.16663784641240612, 0.0050009653786733535, 0.20673679687790744]"
3045,153.67661747589216,407043.83206198673,"[0.34807586422400544, 0.29915214899897724, 0.213286823946648, 0.1394851628303691]"
9027,804.3348401283749,617429.6532104905,"[0.4064760871494144, 0.3396128764929318, 0.16612582873944376, 0.08778520761820995]"
14477,690.2775730971662,542500.9613384434,"[0.08488000617714743, 0.03719058815127136, 0.8206587362493167, 0.05727066942226439]"
15935,290.9959320778572,964508.2722595708,"[0.13265181690501, 0.5124934403877887, 0.23077953747253407, 0.12407520523466738]"
7278,916.2650819591214,654085.4793896655,"[0.10470329387045187, 0.036123076220785234, 0.29110406578332093, 0.5680695641254421]"
461,508.4518374479241,911488.6282893374,"[0.08897222895233067, 0.27661784847604143, 0.5828052060433176, 0.05160471652831038]"
2467,564.5464664470549,337733.9500879517,"[0.09936482544198633, 0.37252662934762276, 0.21584796283360888, 0.312260582376782]"
13009,305.7316326737442,946300.7756624436,"[0.14991214581049866, 0.042286598636702824, 0.32221327735760497, 0.4855879781951935]"
12242,28.091797117129342,470851.6956085756,"[0.5843478885607211, 0.28525407115021434, 0.07441032185839039, 0.055987718430674085]"
16670,60.87270769230226,125772.31623889894,"[0.44713712228790026, 0.15671482610567905, 0.38528235775527814, 0.010865693851142567]"
17157,254.4184070012176,509987.5826520058,"[0.0239047064822804, 0.600505261634595, 0.056130183637669855, 0.31945984824545476]"
7183,275.2440105708699,110554.04136769808,"[0.12335166923364953, 0.06379033636537257, 0.2757342056857242, 0.5371237887152538]"
17979,777.1199319012442,258518.18498520067,"[0.09124966204761221, 0.024979696292072855, 0.5969558199052215, 0.28681482175509343]"
1233,43.442434973354665,112171.47698093564,"[0.32038659365034444, 0.46881882480757026, 0.19837948373632497, 0.01241509780576024]"
3517,410.3749123509295,969933.8707480629,"[0.1836817113976457, 0.5180234827616567, 0.009924760025377363, 0.2883700458153202]"
8088,843.4690682096165,909433.469591928,"[0.35906903884459646, 0.30159429523289916, 0.19995496560436002, 0.13938170031814429]"
15631,552.544095639773,395400.3797142271,"[0.19788592553954096, 0.09117726179537759, 0.6825866778498786, 0.02835013481520296]"
3767,604.2855009375431,161563.7973543336,"[0.32016603793362947, 0.3910504060253863, 0.25864217703008835, 0.030141379010895992]"
3841,124.52408336581414,748310.53700865,"[0.06589849574450858, 0.11696168432393236, 0.28030224050108843, 0.5368375794304707]"
19110,669.3810987206655,267461.9300725565,"[0.08078198864262938, 0.357680946037668, 0.3816980812459809, 0.17983898407372165]"
6678,511.8871434169364,566203.9870966433,"[0.10839232423041764, 0.26559864970741415, 0.4082419123802314, 0.21776711368193669]"
19498,472.0135321416993,689540.2755255041,"[0.2138604698686431, 0.4773830923561656, 0.1031033707463787, 0.20565306702881267]"
12896,253.02733167834413,787467.6511799493,"[0.17425583130963507, 0.395812820266746, 0.25972504382841527, 0.17020630459520356]"
6089,849.3518879172365,285652.5919841264,"[0.4022087366295681, 0.12850810839440902, 0.06346605063144867, 0.4058171043445743]"
15238,665.4222206327386,600236.4337756452,"[0.2814687474070816, 0.21900199827584876, 0.0857898484901865, 0.4137394058268831]"
9001,618.6713900782252,149069.87510992173,"[0.41001104088949947, 0.07696838587445891, 0.2973272455427333, 0.2156933276933083]"
2583,207.36694596369088,834971.3339296744,"[0.2146481261260764, 0.5695423993164016, 0.06381390614855881, 0.15199556840896325]"
12028,215.8605203386213,237837.7049244832,"[0.3896290855357344, 0.2863899056271187, 0.10503481553465759, 0.21894619330248916]"
152,15.518909961870865,107510.35420514536,"[0.015704759888114254, 0.06675066437975626, 0.5964600640400841, 0.3210845116920453]"
7433,656.0467113518265,896757.5197697976,"[0.07625101625379921, 0.39864309970164025, 0.4612906708986216, 0.06381521314593878]"
14916,401.932584801455,209441.3082927696,"[0.25961768532843066, 0.4541548908283331, 0.027881023809751587, 0.2583464000334845]"
15782,979.5125731711794,157349.4215416739,"[0.3865031680031177, 0.4937716115099123, 0.10688461484175227, 0.012840605645217645]"
5836,564.7381765246042,922651.0519965714,"[0.039686241962958654, 0.3033297319394908, 0.26677262335248414, 0.39021140274506655]"
4321,567.5728073686146,267424.3343004796,"[0.21906143933133132, 0.47167617476128754, 0.2795013387778935, 0.029761047129487586]"
15420,131.78848595156714,268989.3412324623,"[0.08160902213854924, 0.05029186085841317, 0.31778255595844596, 0.5503165610445916]"
2079,240.0472510650644,373829.5319913529,"[0.1603225369863421, 0.13766158824788896, 0.665343127183467, 0.03667274758230199]"
17488,942.27108567384,488107.06825196586,"[0.06611507300256918, 0.20859342634258352, 0.06276128384167287, 0.6625302168131746]"
9639,520.8727916487902,836907.9928356392,"[0.24059290969473215, 0.07114029603035253, 0.5043696831661767, 0.18389711110873863]"
15650,869.3336097635662,880867.3530864486,"[0.8218313986005914, 0.12031369630158976, 0.04983495708497285, 0.008019948012845845]"
3165,790.4055312852169,923056.477455674,"[0.09659127017778289, 0.2313044471813509, 0.22970494759469787, 0.44239933504616824]"
18018,921.774247369791,253448.78702025773,"[0.10115836736859661, 0.7189527386434743, 0.011583543903521818, 0.16830535008440736]"
5732,368.8647638116649,169556.90674532836,"[0.07289328214750151, 0.03550942253323985, 0.8507870685259041, 0.04081022679335443]"
10287,229.3652870495345,331313.9289429792,"[0.3773723538960476, 0.3906386705919547, 0.18246179778301697, 0.049527177728980666]"
16495,702.9654731408968,611042.4312650079,"[0.5137842616180599, 0.09950516196801495, 0.031917419754854306, 0.3547931566590709]"
3906,242.7683813953895,498892.81311312574,"[0.12593361665328026, 0.7863436339058496, 0.03352415845225884, 0.05419859098861139]"
19978,965.6913862715166,666734.9313452252,"[0.062097282983429154, 0.33811161488922187, 0.047938428877857514, 0.5518526732494914]"
8546,525.2880810542075,416407.1043543222,"[0.6923591109771431, 0.009308869922940525, 0.06252949396661718, 0.2358025251332991]"
11428,830.4455497481599,566004.4748158853,"[0.014900372789384895, 0.10009315309975421, 0.3434867428273431, 0.5415197312835178]"
18136,17.73111723366858,410925.1804496081,"[0.31569775334028755, 0.23184716131462318, 0.35615750750284975, 0.09629757784223955]"
9327,20.86127160091075,874182.6312636819,"[0.0009379737049815812, 0.8044183625797642, 0.1562825816565342, 0.038361082058720054]"
19686,12.347375246546484,857500.7016736853,"[0.013802785974611768, 0.5557700089935137, 0.08825612139057969, 0.3421710836412948]"
4065,639.7936010116919,916606.580483438,"[0.15534061978116817, 0.08834712767901266, 0.6637854742576608, 0.09252677828215825]"
11979,160.4586987121516,285540.2679575457,"[0.3018796444872346, 0.39638282832666194, 0.2081954853724901, 0.09354204181361334]"
19905,774.200855350844,888195.1756235316,"[0.2530082899244852, 0.5567784991270521, 0.11504638300023001, 0.07516682794823265]"
5464,783.7489777916267,294653.0147343639,"[0.29129546446066873, 0.5800909032793996, 0.06970212438093422, 0.05891150787899742]"
6661,341.5385466117809,202137.1817210063,"[0.0297271877019373, 0.11008255974727411, 0.3469226447071256, 0.513267607843663]"
5252,945.7295343742152,618072.5271390948,"[0.3282117055733778, 0.04995975217156728, 0.4415783257854782, 0.1802502164695768]"
5592,217.4793265429001,601559.1544504433,"[0.07601095684017926, 0.03456246619104028, 0.1423030879887171, 0.7471234889800634]"
3382,432.8041646792801,650011.4630800597,"[0.0017038244782808236, 0.0932568326643053, 0.6105350463551484, 0.2945042965022654]"
19306,724.5803082687378,595473.6468666568,"[0.017250558439890505, 0.2957107980786332, 0.6158868029951836, 0.07115184048629282]"
2821,458.3958753472737,664691.3597360981,"[0.5238316237758963, 0.01964742197530706, 0.37804801326347104, 0.0784729409853257]"
17583,951.2101770426412,951098.3976648728,"[0.478082223794028, 0.15614217356044086, 0.3135638433280563, 0.05221175931747486]"
2744,43.58785647730806,331278.52405250026,"[0.18010605196056897, 0.08125382089108837, 0.40732519823727714, 0.3313149289110655]"
1445,301.3361589425402,393206.14838400745,"[0.04622046201388443, 0.16049068815705533, 0.5465845145506497, 0.24670433527841046]"
18333,323.5584357248346,836751.4123479839,"[0.024480218666672278, 0.17240009739228154, 0.42213915372919697, 0.3809805302118493]"
1855,857.2391748679129,519143.6593057625,"[0.26040349992928175, 0.3617378050636149, 0.10785550356243542, 0.270003191444668]"
11218,356.3174780951071,348642.8106470286,"[0.24215325203940943, 0.07386142090457574, 0.602873395851844, 0.08111193120417089]"
2189,919.7927030786894,661517.0262194194,"[0.08952002647481609, 0.5379882861588711, 0.16891379053908134, 0.20357789682723162]"
4105,159.5368948855141,104308.3488394274,"[0.370093258559164, 0.23363409766249169, 0.022333876698342255, 0.37393876708000207]"
16639,977.8766550744614,198292.6864028626,"[0.11678709587844145, 0.11648916180836524, 0.4387891862606069, 0.3279345560525864]"
10065,141.00040623303045,483364.298244345,"[0.12671474306094366, 0.09590103920290255, 0.7042461753544061, 0.07313804238174772]"
15313,312.1645774865687,886618.6873067945,"[0.08793850801362178, 0.48705276244715184, 0.2140751560062798, 0.21093357353294653]"
15974,167.5472338450003,870535.3199688522,"[0.591558808836249, 0.06649081373790042, 0.16212283918246825, 0.17982753824338232]"
787,726.4546975053972,697250.3189591184,"[0.11209434203781407, 0.38265339513788643, 0.3886520357401357, 0.11660022708416388]"
2017,713.8875590246258,145268.8014585937,"[0.5377044333941288, 0.32789644037799076, 0.10696639201688556, 0.027432734210994802]"
12221,856.9715660888888,542081.4852398895,"[0.10182971268446715, 0.44318012167193727, 0.2535478443667583, 0.20144232127683726]"
4742,491.786117105206,150970.00185586466,"[0.1557146580789819, 0.2994079773168849, 0.07411669099485668, 0.4707606736092764]"
6945,980.5741333457628,838838.982576623,"[0.5230344478385286, 0.12415589009117499, 0.324179669064368, 0.02862999300592853]"
8251,575.1267135761447,501068.19468122144,"[0.14690356465183543, 0.36451597022836113, 0.4391121411838632, 0.049468323935940306]"
12299,308.8945117861452,527177.2165278642,"[0.03280749905495868, 0.025312021014371584, 0.014207356563726218, 0.9276731233669435]"
12085,448.31520793114686,244632.02742744453,"[0.1337890088762564, 0.5671422569624428, 0.15528379312023546, 0.14378494104106532]"
3769,158.21853303039163,291502.7405761328,"[0.37622445537377563, 0.29756071560936875, 0.23283458674497268, 0.09338024227188287]"
19085,200.20511712612088,762349.2191759702,"[0.02210972277874619, 0.6094252979225193, 0.007315811535493863, 0.3611491677632405]"
17052,917.9418153803994,922975.16301711,"[0.12654791151746064, 0.6035949591328457, 0.22480366316185887, 0.045053466187834734]"
13464,420.3635483367641,847198.3885241112,"[0.3901431200331791, 0.19765703501857446, 0.20450169925223838, 0.20769814569600806]"
13142,395.1618701658096,577805.4896628207,"[0.3079029464328836, 0.27926589706216515, 0.0063660176393519775, 0.40646513886559926]"
9209,852.0489518746904,153688.92113120612,"[0.11266167364173704, 0.020673968662577005, 0.6165387619013108, 0.2501255957943751]"
2019,767.9746735934151,481898.2063927619,"[0.1744636593934992, 0.5547728099062298, 0.17610780661687736, 0.09465572408339357]"
5625,379.8552416212912,915412.914392019,"[0.1075260933879649, 0.4984027958229651, 0.11429967110586829, 0.27977143968320184]"
5488,78.36758033773894,389782.705084953,"[0.517695119312923, 0.01678891625630608, 0.34982812260633284, 0.11568784182443803]"
18685,743.3460817637605,511917.34271589137,"[0.36265677457599793, 0.14224257612311164, 0.159078634638507, 0.33602201466238346]"
9806,90.55772470188022,851295.4438643224,"[0.010232277181156607, 0.2999317774197745, 0.5434509417972628, 0.14638500360180598]"
19086,819.028191414016,382977.1120836565,"[0.2512615167393257, 0.1894576399209802, 0.5234429020066512, 0.03583794133304291]"
7047,266.10235098725195,850369.6070399015,"[0.20774630415297116, 0.3720116620560927, 0.3989737438739979, 0.021268289916938313]"
5471,278.805757989287,245583.71736696613,"[0.04437191421649155, 0.0002816991834568709, 0.6503294871898753, 0.3050168994101763]"
8553,630.1090556903434,682893.449227967,"[0.0685063078389231, 0.20539423528206832, 0.34549293803755304, 0.38060651884145547]"
202,11.468619437454445,640410.1981363764,"[0.4118025869760009, 0.1637990049654731, 0.18359801278553034, 0.24080039527299565]"
1497,649.5839286106022,250822.1808461509,"[0.08869779316965945, 0.4904974719458149, 0.03616436385199392, 0.3846403710325318]"
10176,981.526199540648,958647.1868036266,"[0.21224964426877954, 0.5076961628493576, 0.04903755439164498, 0.23101663849021792]"
13192,850.8788641186719,834911.4784003994,"[0.43054320080548064, 0.11101477609878355, 0.023465809597719697, 0.434976213498016]"
6989,362.47033893930194,222677.6152170818,"[0.5109424885563604, 0.09728360790229815, 0.3816716106201778, 0.010102292921163662]"
16963,752.6885806517288,213314.16508933745,"[0.026444448897117993, 0.2653445094343901, 0.19670044039563395, 0.511510601272858]"
12887,124.93214778001646,753659.5846484699,"[0.1703688589168384, 0.4377183074970339, 0.23711288848775916, 0.15479994509836853]"
7370,452.1291860989738,650261.8275658728,"[0.0505272381819711, 0.5275441901699264, 0.2702523567558991, 0.1516762148922035]"
2285,391.6052381096079,131602.4263001374,"[0.03321576681183301, 0.6129516840896049, 0.25870455488494926, 0.09512799421361286]"
17007,261.59578013801627,695393.6237615125,"[0.3946334455207226, 0.20152538168469916, 0.3188730147460849, 0.08496815804849342]"
41,735.0257084791689,474217.32532959577,"[0.10025034253596271, 0.5659252045969474, 0.19477065645826003, 0.13905379640882984]"
6364,576.1877774923257,449757.1616002616,"[0.056695154672991306, 0.3078748147301353, 0.5470490288823319, 0.08838100171454158]"
3055,560.6250916334376,818590.6934605539,"[0.24633586763403964, 0.49411153163456684, 0.2022395684458038, 0.057313032285589656]"
4744,686.392900063577,635829.0646965804,"[0.13467589536174504, 0.08153407960002396, 0.42204446111643423, 0.3617455639217967]"
4548,580.0684058909654,346142.5952955884,"[0.1692272570672817, 0.034231194477528586, 0.5839985864099032, 0.21254296204528655]"
8727,701.106332830314,272888.257662244,"[0.028579980208720285, 0.19963914224221738, 0.6401729620077437, 0.13160791554131873]"
765,136.7641793389862,385465.7649687357,"[0.12702727518655235, 0.5053566771829939, 0.2805674324916331, 0.08704861513882076]"
4994,816.5212103190448,891790.43398427,"[0.8501464854833642, 0.010797140678416835, 0.05957923462484265, 0.07947713921337608]"
19493,879.796726811738,897323.3905966507,"[0.2836076775711612, 0.589198812118083, 0.03998009507543921, 0.08721341523531669]"
12625,315.97898375617206,448758.9582041296,"[0.47102943620870763, 0.006143927556073342, 0.2163669464945606, 0.30645968974065846]"
7691,905.0620329113592,771695.9361102167,"[0.06111331217866618, 0.7208128972095049, 0.10743320061168236, 0.11064059000014631]"
5325,188.39526655312187,930242.9145583656,"[0.00022092197079526184, 0.32281242814696376, 0.560341807287242, 0.11662484259499906]"
16981,49.28824510109796,837056.5557062009,"[0.30312035211262023, 0.1203994747688066, 0.15150860408539563, 0.4249715690331775]"
5646,511.296474055274,987646.5252836738,"[0.02228104254626327, 0.15496093707683026, 0.017990592762845866, 0.8047674276140606]"
14738,716.5533262341776,558427.1492793709,"[0.23594953948483885, 0.3881166403981193, 0.019276623526200225, 0.3566571965908418]"
17484,639.9290720614324,997844.2941186652,"[0.03842558120311537, 0.5395546301160701, 0.29215653993670954, 0.12986324874410496]"
12863,250.4284926730925,632580.1358645944,"[0.14013880406815693, 0.6221139478058476, 0.14573033162273574, 0.09201691650325969]"
19242,568.9770998152048,476266.5577125999,"[0.05663822023811248, 0.23847278261062504, 0.23480583558266754, 0.470083161568595]"
16917,814.7201099151999,335523.9203919013,"[0.4730490693538503, 0.10174722593606728, 0.08816366862326906, 0.3370400360868135]"
15207,699.9502208555596,145260.94342675127,"[0.00862450438962269, 0.3019123687829787, 0.12227603731049945, 0.5671870895168992]"
16313,280.26644418814243,396320.3726784333,"[0.05181758399973571, 0.1484625258446635, 0.26344725336267805, 0.5362726367929229]"
11211,585.8362936329073,538891.8918123646,"[0.2935321679580053, 0.588168978877149, 0.037558516371529176, 0.08074033679331641]"
5636,401.92647095444113,474773.003507558,"[0.08076721795589359, 0.34679227554296443, 0.059292562875492734, 0.5131479436256491]"
5768,725.964092430176,773045.8012463894,"[0.06561305160317998, 0.13692189235997687, 0.5244484824575419, 0.2730165735793013]"
8659,288.08204641598707,335370.56330855936,"[0.009193463584106328, 0.5296053110229261, 0.04424185936146351, 0.4169593660315043]"
15562,164.56056961798723,735231.5697241458,"[0.1512898675604462, 0.6697235231050935, 0.048368488103360474, 0.13061812123109984]"
10535,380.1124036980944,953244.487831222,"[0.39828776022932827, 0.22027416980825382, 0.0010383429136240963, 0.38039972704879355]"
4827,510.44955034428654,317293.9261828988,"[0.2645784699448002, 0.0338723410401204, 0.678569291890196, 0.02297989712488342]"
19971,524.1739034145131,316414.9621486282,"[0.05905955342450644, 0.06174038775289322, 0.7284824670407064, 0.15071759178189392]"
11857,396.0642949512163,963766.0885754776,"[0.0665443374794596, 0.10749932907091274, 0.3144073970659209, 0.5115489363837069]"
141,599.0168117433348,389115.3986887311,"[0.48764001391539336, 0.10097853302379861, 0.028119720658713092, 0.383261732402095]"
10530,792.9895628373986,322096.78929040825,"[0.1890967364577504, 0.4653602208850049, 0.1212557875463089, 0.2242872551109358]"
3527,270.3940258526132,758515.9556217942,"[0.5560895545075424, 0.006231100590253528, 0.29825106372630944, 0.13942828117589465]"
18748,173.41549229583129,828948.1044163211,"[0.23482607897996532, 0.07702721578859596, 0.08851335320293283, 0.599633352028506]"
1329,284.832701354436,365779.8005495678,"[0.5975701350615426, 0.04605663722584142, 0.3524962163690937, 0.0038770113435225764]"
6712,469.033065073216,985063.004033456,"[0.36474842771852667, 0.42085405595133407, 0.17415604070405105, 0.04024147562608809]"
14646,191.70204851440403,137956.08944475796,"[0.35018148386683257, 0.007493842730288061, 0.5779454290921079, 0.06437924431077148]"
16716,246.3447355013512,667623.8653437922,"[0.805778019442331, 0.0673093556382122, 0.06386311531434129, 0.06304950960511549]"
8820,240.5818720336575,961951.7790490997,"[0.10031316386305247, 0.5234485511865866, 0.3516314489046438, 0.02460683604571721]"
6894,668.4668917266969,274014.2328766462,"[0.24693715856596868, 0.2493762405066181, 0.2761687557255557, 0.22751784520185764]"
5345,416.41314824311365,189281.0613219801,"[0.33544798256078967, 0.17474062175115487, 0.35574849747203163, 0.1340628982160239]"
6839,936.5386298886306,503928.3147360605,"[0.7314270023894334, 0.015456988763031736, 0.1953549594131492, 0.05776104943438583]"
19260,281.50753852427385,498366.69710347423,"[0.1507038657890123, 0.3776129907276801, 0.4145225451439293, 0.057160598339378296]"
16879,261.3341082868637,369924.3477715515,"[0.14503091342660812, 0.3529514859129866, 0.4740947034891476, 0.027922897171257545]"
16093,538.2930467240091,685105.3661195035,"[0.2743250278809876, 0.2371881745143731, 0.25367858833105356, 0.23480820927358562]"
12160,829.4087158870016,972762.0319998832,"[0.22015423200744794, 0.007482758609141733, 0.010320722958573414, 0.762042286424837]"
10480,930.894948851731,576676.8660852299,"[0.41660831637665274, 0.45562007323665477, 0.07315963485229009, 0.05461197553440232]"
1309,77.73129908869099,421574.7006429006,"[0.008593019330272294, 0.04488633562798843, 0.5836622515340983, 0.36285839350764104]"
12027,686.6623901164231,222317.6441086357,"[0.4488084900807835, 0.3932543258358443, 0.1272642804414052, 0.030672903641966922]"
12813,655.8684827429744,478373.09456143045,"[0.028863157827368795, 0.3349493556928239, 0.07293579417025108, 0.5632516923095561]"
8254,512.1904611109646,752465.4499294644,"[0.2268125948487078, 0.6265211501588076, 0.009943947422196928, 0.13672230757028755]"
17602,855.322861291991,725666.044613791,"[0.04312308339437313, 0.5898317610883225, 0.10997057779198456, 0.25707457772531983]"
18017,547.3124755624694,786730.323525501,"[0.162233816967554, 0.04930413820339346, 0.18236548126702767, 0.606096563562025]"
19948,184.09954862187269,295121.8402342743,"[0.23231762458459318, 0.03150272463466482, 0.5899261500867471, 0.146253500693995]"
18533,316.2355700823303,968980.158239138,"[0.05862950595955734, 0.030966514249619163, 0.5180116571724147, 0.3923923226184088]"
8738,789.389773268472,455748.64382635057,"[0.27187133474590797, 0.05942782099621167, 0.10151888440310787, 0.5671819598547725]"
18219,619.018168071678,672273.6261567533,"[0.1645470626259177, 0.3704937371307611, 0.27776174604956894, 0.18719745419375222]"
7931,964.9196903030168,187179.6381648784,"[0.328607042387938, 0.013677660803216309, 0.39964593620185296, 0.25806936060699276]"
14289,241.571230930636,161844.17863582342,"[0.3444887605265763, 0.17616101596223543, 0.2584602063227538, 0.22089001718843448]"
14314,478.431693222,988322.458891644,"[0.07520948772108664, 0.38183218030057714, 0.09652854235839432, 0.44642978961994184]"
9072,792.3150913526313,168923.49931163157,"[0.4717002881783957, 0.14506958328479702, 0.23014042736470264, 0.15308970117210463]"
7668,495.7410173984794,953521.6054199114,"[0.11616369239230726, 0.32624129902141613, 0.5206737583808214, 0.03692125020545506]"
18863,599.0536391998265,212299.75174497167,"[0.17626142378324958, 0.6136336798822699, 0.12891164820117665, 0.08119324813330386]"
18161,832.2846410809126,726344.0547038255,"[0.3399109057844944, 0.004774831242248321, 0.14613954127833798, 0.5091747216949194]"
15233,741.6918102240938,220393.52576313016,"[0.030291164446137404, 0.308519104576695, 0.6023915776763027, 0.058798153300864804]"
4013,372.3400445854233,599869.8558583045,"[0.3863617841086393, 0.2811184851879101, 0.06932176656596992, 0.26319796413748076]"
18663,97.40593581306165,653259.9128535622,"[0.06561644983755714, 0.3248132075094572, 0.3203076249821735, 0.28926271767081213]"
8242,198.89375916489897,910137.1282417373,"[0.06808773390920402, 0.3497024207525503, 0.4864127576911126, 0.09579708764713306]"
8407,581.6771234372766,274282.7433617301,"[0.03177141714376764, 0.6831986358282539, 0.07494832150655538, 0.21008162552142293]"
12806,394.920724661765,452175.6173306618,"[0.03645736607422036, 0.8685792353920416, 0.03654301552936507, 0.058420383004372974]"
17761,137.35325703476687,779867.6197282547,"[0.04925340866269074, 0.2032874273212125, 0.08020629789005974, 0.667252866126037]"
16619,749.5025363655309,431014.3346140728,"[0.337609431388256, 0.018098616656056627, 0.2170660200827647, 0.42722593187292274]"
1495,619.0507332180016,671796.6831226852,"[0.0698612624198461, 0.10678228614343849, 0.22564177288425255, 0.5977146785524627]"
9763,483.8341060890593,568175.9734379207,"[0.021541735230909898, 0.18033004471999758, 0.3928282907916377, 0.4052999292574549]"
12266,593.4988681002662,390393.8835723401,"[0.31267473925371475, 0.11356174192525978, 0.3238375085284888, 0.24992601029253667]"
7546,813.3930481575419,695566.2514337032,"[0.5382362492663265, 0.12766622952610968, 0.034781071493338755, 0.2993164497142251]"
14039,64.3466435931773,416984.709713362,"[0.029618277856403613, 0.12741481635809712, 0.6088255852790612, 0.23414132050643816]"
9129,122.38948853075456,243661.9196284277,"[0.018139504382768398, 0.20013001687266047, 0.5708856699002156, 0.21084480884435536]"
14636,305.68733188506155,749742.9140968457,"[0.17613595125310852, 0.3034208564614131, 0.012555710197028069, 0.5078874820884505]"
9880,959.2054570618968,141893.14349491923,"[0.5516419453463738, 0.2932499687591349, 0.06840819793268278, 0.08669988796180833]"
18920,182.27620932738648,999544.7836351,"[0.8048469267375479, 0.056216406424842436, 0.11342775268305287, 0.025508914154556774]"
3850,103.28621745239826,950819.2019282426,"[0.26739949664955087, 0.6521399915408314, 0.0063563361041892785, 0.07410417570542852]"
2156,328.1314595772002,358325.25267608755,"[0.16960958552440314, 0.22982280578343312, 0.05978792213692606, 0.5407796865552378]"
8914,305.2597303218732,107454.60748735988,"[0.0552828274179675, 0.6096465967592992, 0.2466875765590373, 0.08838299926369605]"
4793,399.02147630365226,414370.0723487044,"[0.4438324005176634, 0.046634892222838155, 0.12893684375986442, 0.38059586349963404]"
14547,552.5562947205781,929442.8407636588,"[0.06853366719846878, 0.042799656764783145, 0.043893663860867405, 0.8447730121758806]"
6859,153.7945864342563,475791.8867308668,"[0.758812879397504, 0.06178835985595989, 0.05568064757010185, 0.12371811317643432]"
17596,141.4216453747881,321286.33482724964,"[0.16332174461252572, 0.12857255649023427, 0.6464328773098974, 0.061672821587342566]"
4277,554.4148829778833,807077.8719401933,"[0.6694907216576688, 0.2038197699151042, 0.11454785677932856, 0.01214165164789838]"
14801,79.40413937487574,181480.9016744496,"[0.16460808425212764, 0.3267825149399933, 0.26515062399999145, 0.24345877680788752]"
17690,982.6612624344904,819126.5253981005,"[0.43737070050329513, 0.06886655906094698, 0.3208809646090849, 0.17288177582667297]"
10028,67.86136465182639,327964.0795566592,"[0.06752756338644635, 0.3949961769534174, 0.0020440612588360414, 0.5354321984013002]"
5148,379.98472440007686,277685.4047860349,"[0.08744887581260917, 0.3057789460104251, 0.15399076179052196, 0.4527814163864438]"
14657,786.8762438389848,416185.485349856,"[0.361737316233928, 0.5208914630301463, 0.09176976916153029, 0.02560145157439547]"
14298,225.33546594817204,507430.1515830339,"[0.14846055247518158, 0.47770641830821936, 0.1945445277789527, 0.17928850143764613]"
6664,690.107156840171,790320.619729737,"[0.3096204797174879, 0.30039439293930004, 0.35647672118656387, 0.03350840615664822]"
3401,914.2244592924312,378135.8114145536,"[0.11412068126256428, 0.4243212172095791, 0.08277537823393565, 0.378782723293921]"
3180,953.1298149726172,114165.72391982736,"[0.08897110334430815, 0.509008903812974, 0.2146839429813108, 0.18733604986140712]"
2485,547.5208848242963,362970.8268101341,"[0.21518937797078233, 0.04257669597993351, 0.1943449880753806, 0.5478889379739035]"
10079,809.7603953074725,568278.8561149898,"[0.23866402497880748, 0.4322233403137931, 0.2844542171343732, 0.044658417573026146]"
16761,661.6039223901117,420504.8566828388,"[0.46248438875041514, 0.13301965353379994, 0.05159807235453828, 0.3528978853612467]"
1717,655.7360830930496,527875.721674152,"[0.3050187595701335, 0.17895705578620485, 0.09646167872797673, 0.41956250591568484]"
18308,710.5908749809025,200682.4601610752,"[0.31297000538337705, 0.08676541971346245, 0.25907345787426134, 0.3411911170288993]"
6075,386.5365577112533,514548.1240560208,"[0.26164190863038855, 0.08753483920744462, 0.5150060719903703, 0.1358171801717966]"
8182,31.946498521108563,246630.44893754352,"[0.000201278959526723, 0.4292001336464951, 0.3972306154326548, 0.1733679719613235]"
16974,356.1069317716986,825802.1520110556,"[0.12751225893918103, 0.5890614649270022, 0.020532537261209304, 0.2628937388726076]"
1714,799.4433553104157,719003.0765191439,"[0.1710197067495228, 0.051659014241655185, 0.5250097854136981, 0.252311493595124]"
10128,225.30365175215192,844788.5045665344,"[0.3757814594871801, 0.4601646067185913, 0.1052088115035555, 0.058845122290672965]"
3210,407.95891714358527,855215.4996327822,"[0.23566555996713237, 0.2355884222580009, 0.028508254059239423, 0.5002377637156273]"
13459,680.2326583975575,389091.221396106,"[0.37010977478037077, 0.5372154065517151, 0.0036512562150690727, 0.08902356245284512]"
13755,430.787476074786,672215.6401708729,"[0.12697187261432777, 0.41617166350359586, 0.35438377349501565, 0.10247269038706072]"
2491,59.25608265808093,853369.5298602203,"[0.25387938536987986, 0.3626560559683772, 0.21304987210452891, 0.17041468655721423]"
9204,963.023945500452,874431.8838061396,"[0.16004116704093885, 0.4452812010078513, 0.03329861907691914, 0.3613790128742907]"
6445,903.1657105063736,177652.33495460846,"[0.18997640597712323, 0.30581781676749414, 0.23966043095384143, 0.26454534630154125]"
10941,382.2689916719795,336063.8723732091,"[0.09406135406568228, 0.06678701697513223, 0.4625927905880802, 0.3765588383711053]"
7642,975.9693457991574,112502.14598211396,"[0.009268199785940566, 0.2444966632262667, 0.3581673077579477, 0.388067829229845]"
16118,544.9957975683164,233098.59077439737,"[0.5590169554701869, 0.006125853473342021, 0.4258297286586827, 0.009027462397788306]"
3757,673.7823644769088,154769.36444725475,"[0.3164848232242275, 0.0644714485517064, 0.48892779311502127, 0.13011593510904482]"
2437,563.8097239634362,232853.5117818012,"[0.10965301615597164, 0.3499099396329103, 0.193068140494203, 0.3473689037169151]"
2584,630.6795071842131,690702.8128864696,"[0.22346451718884658, 0.21961915768302154, 0.32947214377060674, 0.22744418135752506]"
2109,337.7108907974632,771316.2031899514,"[0.05170386610706154, 0.0027879893129101065, 0.14729468010667554, 0.7982134644733528]"
14526,468.920954810628,741114.3686245992,"[0.024768868030540445, 0.1809946895291045, 0.13816227595674166, 0.6560741664836134]"
10580,204.93692422212047,354631.2397657441,"[0.006030918661872266, 0.48047711256473835, 0.39109546409692325, 0.12239650467646612]"
3119,96.7778355840712,805666.8203643839,"[0.12532136867307925, 0.25619629179144576, 0.29070225076379846, 0.32778008877167647]"
17743,361.4680585700447,460202.8317163923,"[0.44358987454255355, 0.17217270970632484, 0.04571159869630013, 0.33852581705482154]"
17430,760.8147858392117,682091.117612066,"[0.03337011663670905, 0.06871932493810265, 0.48061823937418185, 0.4172923190510064]"
19211,332.2555496836361,371166.62429718353,"[0.12280677806700778, 0.5583644948050687, 0.028407624142368734, 0.29042110298555474]"
1439,937.0209517585472,484589.9267916948,"[0.06510383154255052, 0.21160377005596237, 0.4281289406672978, 0.2951634577341892]"
13376,604.9511268785428,971660.4022184056,"[0.02055352712117619, 0.34794900035953813, 0.1092269414452069, 0.5222705310740788]"
12605,393.8406511529298,213159.20831811609,"[0.3640579085213656, 0.14884784085423589, 0.28965577576232865, 0.19743847486206995]"
606,80.79635954860375,516394.00540183537,"[0.40045520224064185, 0.02806879780538887, 0.5260269105293938, 0.045449089424575456]"
6936,789.7590983692163,643642.019506833,"[0.0895194691544793, 0.05455640310283416, 0.5872900091959165, 0.26863411854677]"
16998,97.13772659167756,848724.5938914638,"[0.18017840606705232, 0.23948856168259533, 0.17550872868883755, 0.4048243035615148]"
16788,927.3390371651942,647779.7940334232,"[0.26771947424433834, 0.1962585846958075, 0.4925725169038248, 0.0434494241560293]"
2548,442.431478317324,945350.7119276208,"[0.5682199570875205, 0.09832421273355535, 0.1696565549439256, 0.16379927523499838]"
10763,602.8208556543394,181406.37953640005,"[0.032440106303923466, 0.3904171303926019, 0.052443050229545846, 0.5246997130739288]"
17338,935.7566030343356,454335.69077953446,"[0.030574396233284753, 0.5482448366453042, 0.22633752969971357, 0.19484323742169724]"
9084,913.1673618334888,354048.7170321312,"[0.19558741678271893, 0.01436698882896191, 0.6244702177337543, 0.16557537665456495]"
1245,659.5094949931134,240714.191449532,"[0.19635402381915654, 0.5374786322226999, 0.1391629209322326, 0.12700442302591097]"
18972,752.3956204518396,815959.1817302748,"[0.0314140299948109, 0.26037291332512297, 0.6306265560036649, 0.07758650067640124]"
11379,710.80491733295,830117.4458951231,"[0.10361322432190406, 0.21649790214507023, 0.5660607244211823, 0.11382814911184361]"
9811,472.0703070640886,881742.0637275398,"[0.3445504873322082, 0.2415911784637582, 0.298515389989216, 0.11534294421481747]"
6922,631.9948255654178,100326.22756043884,"[0.08689244618981287, 0.08130471467765252, 0.4798500148932146, 0.35195282423932006]"
16544,847.683465017538,297150.4176696407,"[0.02562409522559296, 0.28037032203562867, 0.3660799989165818, 0.3279255838221965]"
7455,611.7389013215078,237850.35442539383,"[0.4237396441729847, 0.009974616937543507, 0.5277278178990977, 0.03855792099037414]"
7585,339.07174071744976,242968.02660400045,"[0.5390544860451798, 0.014809366614823682, 0.18360369403813195, 0.26253245330186453]"
1845,549.9390574009577,780081.3788503816,"[0.06142195708250883, 0.04118354782467868, 0.8030229309751562, 0.09437156411765624]"
5151,677.4789683977012,403089.61691778735,"[0.11167435392111938, 0.7231492382767737, 0.00266771286704499, 0.16250869493506181]"
16149,649.9197981048975,335479.1311656899,"[0.5699888027561731, 0.01105235971858501, 0.08351593437627278, 0.3354429031489691]"
19492,29.51861957049975,836694.6019971292,"[0.17602645518865917, 0.10182670987497366, 0.6176243659253038, 0.10452246901106342]"
11346,43.48650002996173,951259.691826823,"[0.7978566178363686, 0.04561331469752811, 0.04720893742489862, 0.10932113004120464]"
15775,10.262177400790875,333951.8128500361,"[0.034011831698632575, 0.5193537805696143, 0.13674921847996013, 0.3098851692517931]"
18555,772.5782842427085,582867.4804994711,"[0.18660403900939562, 0.06923885501795621, 0.6289623358440258, 0.11519477012862225]"
4241,397.0933080027544,993674.7193456504,"[0.12406745999758503, 0.16841317645898574, 0.36714985421924723, 0.3403695093241821]"
18143,656.2547806212804,698416.8858889348,"[0.12379607116795169, 0.037703028858214874, 0.5529554135239367, 0.2855454864498965]"
17289,141.5632431828246,379611.8177650943,"[0.41123733491785663, 0.021913451818096247, 0.025088957858919052, 0.5417602554051281]"
12121,470.2025217267974,707069.0494504055,"[0.03869491100798143, 0.15379967576108677, 0.05736685748826486, 0.7501385557426669]"
6656,764.8618266068798,412836.3226141345,"[0.1922276972599015, 0.26101356521170993, 0.17197260558239927, 0.37478613194598936]"
3261,230.8242001153932,178686.76223498472,"[0.6489739166350926, 0.13594148220608807, 0.05294188897035372, 0.16214271218846554]"
15543,398.2698952516197,291706.72057404165,"[0.09959501098246165, 0.11341121090668532, 0.10097947790168663, 0.6860143002091664]"
5587,811.5588584818237,896850.3893486174,"[0.5041950255370699, 0.11091054698310086, 0.3654399577751248, 0.01945446970470462]"
13106,654.3451876065467,767086.6582219332,"[0.07347030503943686, 0.20537851290554557, 0.616847435380884, 0.10430374667413347]"
13710,582.8848130817481,381063.59433368366,"[0.3060398390800987, 0.6259877805700518, 0.05903385198102486, 0.008938528368824616]"
12538,965.5723243159456,290024.0484571297,"[0.20019888366446806, 0.21276922290119282, 0.32276641857274735, 0.2642654748615918]"
16980,326.5469188202292,922946.5147081838,"[0.6110364177903095, 0.06339255280002033, 0.05322732565836922, 0.2723437037513009]"
7935,471.324903411024,623477.5012873911,"[0.1743719465802763, 0.24482195547318994, 0.5266990124490005, 0.05410708549753311]"
18800,845.0738019236846,714158.3634164317,"[0.28397280268006475, 0.2577439213502389, 0.2951087387297296, 0.16317453723996667]"
231,995.4777482693606,477054.3417929179,"[0.17736903186730488, 0.23050243102138326, 0.4770192877655291, 0.11510924934578275]"
15410,878.8274682491053,316870.8964837933,"[0.14003089943239513, 0.736545333532667, 0.011581822737939871, 0.11184194429699786]"
17955,770.8444874741343,847248.1743834196,"[0.03676889694949375, 0.7767046293944997, 0.15468545130393277, 0.03184102235207376]"
3689,468.7617146484064,847902.8726852363,"[0.04903502208335216, 0.42028798127660316, 0.09974602144357082, 0.43093097519647383]"
1135,401.6963744828473,979137.5159994044,"[0.3252502029275728, 0.2699069482303245, 0.24422353553570217, 0.16061931330640056]"
16793,466.51660617046775,314624.81828717946,"[0.18275060422241393, 0.13230510582803376, 0.12677815509578153, 0.5581661348537708]"
18212,850.6597135458397,463292.69900577056,"[0.16071567168199374, 0.43551847854002523, 0.22754582604572274, 0.17622002373225834]"
15852,304.4293915460509,145593.01638590256,"[0.06813819426893171, 0.005282865515911204, 0.4872070126050878, 0.4393719276100694]"
11323,842.1775439849805,711116.7627225983,"[0.5793245119699081, 0.2646087297152073, 0.06985101086496168, 0.086215747449923]"
6642,339.47320476373005,892627.6592767765,"[0.3355656236426285, 0.32577557793718653, 0.13168869823281415, 0.20697010018737083]"
12609,70.62945884708273,927560.732672588,"[0.12933825172886984, 0.29216963222622866, 0.33073655656006856, 0.247755559484833]"
17231,501.6621646592535,396588.3341885153,"[0.10011940421287847, 0.02540430805704219, 0.7464856529841598, 0.12799063474591948]"
11490,21.77191097317547,144532.00847924998,"[0.24093370429632538, 0.007296725293459194, 0.5519639810134059, 0.19980558939680954]"
769,35.35532631619759,107502.41700806208,"[0.07901857009146974, 0.5830975431276845, 0.21390409986689396, 0.12397978691395194]"
1241,735.6208414102883,429163.4122531963,"[0.0001906478634036123, 0.6785030747191395, 0.31642919850344753, 0.004877078914009055]"
7995,625.7970562706079,425277.080173857,"[0.26610668034690094, 0.027886425070970326, 0.29494089318037764, 0.411066001401751]"
15918,56.11056251663783,709122.3271020714,"[0.29779249612017056, 0.14076597533348195, 0.35705594097582183, 0.20438558757052555]"
1839,471.12807330415967,950685.0847957616,"[0.31911920435680396, 0.26198416269711716, 0.4133483216363502, 0.005548311309728674]"
171,166.93205506578343,599994.7701443329,"[0.27220062286523233, 0.20856706860238244, 0.3086580446146564, 0.2105742639177289]"
11151,685.700390272468,729823.5182993733,"[0.21201994086799572, 0.15163390400737106, 0.21402676451103786, 0.42231939061359547]"
15342,776.3118804931214,812533.5654859846,"[0.12981709100853328, 0.25775971270794107, 0.2602612683065661, 0.3521619279769597]"
14274,18.5464452756277,216140.0310980351,"[0.0629816981660105, 0.4808059838223513, 0.3717514854558648, 0.08446083255577329]"
11134,521.9516814234921,785095.5847948446,"[0.0328610906217843, 0.41000633782582036, 0.23475175063218268, 0.3223808209202127]"
7545,639.2333413167128,713501.4709482869,"[0.2769797755482638, 0.2269211814226088, 0.40930024172199825, 0.0867988013071292]"
14846,298.7099661641922,940067.8251866794,"[0.05875901498843994, 0.34313361413050336, 0.026181560786958064, 0.5719258100940986]"
4785,302.0258877331556,654908.9812042458,"[0.2144537548444775, 0.549486996841341, 0.027479606620698257, 0.20857964169348317]"
865,929.7148693592226,131140.18400855787,"[0.23660520794725898, 0.02348962546959961, 0.2960266272842362, 0.4438785392989053]"
499,383.3474554290126,762853.9990460593,"[0.497072247275741, 0.008505481898771521, 0.45964271496583164, 0.03477955585965577]"
5477,642.5105390852414,721605.4574572478,"[0.3528135660730122, 0.0496441157075078, 0.5173195792267958, 0.0802227389926842]"
8375,350.83277778220486,271226.2089661573,"[0.39679946591220483, 0.5397309640096383, 0.013173455851630133, 0.05029611422652679]"
19643,513.4163432088005,124885.51825741744,"[0.4319643690246939, 0.33202699663068347, 0.08137018015244181, 0.15463845419218086]"
12993,226.8447094387966,471898.2678571408,"[0.588932922970937, 0.147613280549901, 0.210420053585101, 0.053033742894061126]"
13339,405.7055689760088,107929.83021694908,"[0.46217287224578485, 0.24770351764815818, 0.17203813094873174, 0.11808547915732516]"
6452,821.9234842459787,514638.8333596745,"[0.509859986523678, 0.05472586321610657, 0.3295041267179766, 0.10591002354223887]"
9829,822.2930832794035,733128.6084707372,"[0.034705199214689265, 0.45577929912295645, 0.12835597938736135, 0.38115952227499295]"
3595,424.8991902595521,694042.420213943,"[0.06888925458694617, 0.1880155914353263, 0.05843267662868483, 0.6846624773490426]"
14375,39.56079610926179,889508.435940391,"[0.011851031738761146, 0.6799493525924161, 0.19812990920083326, 0.11006970646798965]"
5879,450.996183236198,256168.66916685403,"[0.4524167583932574, 0.09230172615663976, 0.2526571831703534, 0.20262433227974938]"
15736,122.25949979327788,873929.7008249088,"[0.33862669379549526, 0.0030109981320495453, 0.3568299250107942, 0.3015323830616609]"
19361,610.3438665801315,773697.8430201673,"[0.48247341070274996, 0.13787717463492788, 0.14865170512522424, 0.2309977095370978]"
9766,400.9267364697461,301803.31583729666,"[0.23918555209367248, 0.1524379346593691, 0.33577881250530245, 0.2725977007416558]"
3660,18.001604069806213,865101.0311839529,"[0.40774219871838646, 0.16918244890024992, 0.3109292828021057, 0.11214606957925805]"
18623,774.1806627764411,461129.0836790333,"[0.3716856495821263, 0.20815807858288063, 0.34543944539729954, 0.0747168264376935]"
11784,703.6187089156919,168506.16790291024,"[0.02004107782612521, 0.16517337231647353, 0.5260562124633722, 0.28872933739402895]"
10811,992.0489527833074,531930.446268617,"[0.18323752204971047, 0.28314602309089204, 0.1495194368198855, 0.3840970180395119]"
11067,597.2754845509177,942278.6183686916,"[0.3977107810545265, 0.03205214838652475, 0.10743742442783114, 0.4627996461311177]"
6130,920.570600846641,945934.7812849733,"[0.12775312036075953, 0.005764472610081, 0.40842007489976445, 0.4580623321293951]"
8081,828.4139848108427,835542.3970771395,"[0.18317084371322234, 0.12837308777082518, 0.19690111557955234, 0.4915549529364001]"
13516,310.18405215513127,226374.7966471756,"[0.014067251530672873, 0.17261349917144972, 0.7061409739550963, 0.10717827534278108]"
9659,655.6634479448458,230998.99576172268,"[0.14695489150137753, 0.4160027778339672, 0.07807811783568004, 0.3589642128289752]"
8864,137.5869605689522,558172.6851917629,"[0.15384869596464337, 0.6885972289524596, 0.006578087972793267, 0.15097598711010368]"
18061,691.1202104853185,100126.14966868916,"[0.6164281672496935, 0.23521255875663435, 0.11138834820017561, 0.036970925793496444]"
13322,980.0491087274004,988675.277481354,"[0.17755199764093926, 0.20370866706225305, 0.11505995148365167, 0.5036793838131559]"
10655,89.67139945342475,904749.6878984428,"[0.06417844586181821, 0.01257587751103439, 0.5750947654339668, 0.34815091119318065]"
18873,902.5138035126646,592301.6338388298,"[0.03054729989091692, 0.46060781691187475, 0.4792270380072315, 0.029617845189976753]"
14860,14.39687060065291,914134.3314203032,"[0.36913522182947084, 0.1022750601261385, 0.2421841016357394, 0.28640561640865136]"
10296,38.4432156652104,589383.8564337876,"[0.278577811753741, 0.1827148911210062, 0.18233742190660618, 0.35636987521864677]"
12138,900.8360815115192,576105.3162563258,"[0.3885512642731742, 0.5803961376005049, 0.02548350417826943, 0.005569093948051238]"
1623,455.8752127283341,719571.857546191,"[0.013199042967061439, 0.04276874772804309, 0.7978253656990953, 0.14620684360580008]"
227,759.0496680580899,613343.6239127833,"[0.1247708417194393, 0.06052139260587802, 0.3191216457542499, 0.4955861199204327]"
13041,974.19455121139,117538.22793176436,"[0.09618796019483102, 0.05607789431325631, 0.7327640127741851, 0.11497013271772745]"
17380,825.3548356100899,322625.26299821475,"[0.15563146340404846, 0.2356185950349776, 0.2966982668110951, 0.3120516747498788]"
10106,439.889677037928,247430.67897739253,"[0.057795932827464154, 0.02212663589069025, 0.10486861855815216, 0.8152088127236935]"
17336,387.4340685622943,965727.107051572,"[0.465535944475432, 0.02950461162162844, 0.1262805072672726, 0.378678936635667]"
19363,367.8708774641996,187558.6619984464,"[0.5195475324902553, 0.03635887467190743, 0.27166766692284844, 0.1724259259149888]"
1847,22.33527460878944,418842.62144295895,"[0.6378664910513242, 0.17061360025861794, 0.00232364903062625, 0.18919625965943165]"
18874,939.499880262522,578951.344495824,"[0.06451480049208684, 0.446791358230933, 0.3263486591914846, 0.16234518208549548]"
3096,903.1211525411564,730187.1637511054,"[0.03852926827608472, 0.08363503006260072, 0.7020888741922687, 0.17574682746904574]"
430,320.530157666265,709810.818411082,"[0.1772898471283917, 0.33870127488187385, 0.46796747477680717, 0.01604140321292728]"
12947,661.9764213551588,962825.2680406594,"[0.042538819611632715, 0.21362337060265746, 0.5848340521629081, 0.15900375762280178]"
11876,411.4477073376255,547335.3170526754,"[0.3294435372105098, 0.13747629754172258, 0.21864239066087546, 0.3144377745868922]"
16516,466.3933359830396,824592.4433814387,"[0.47789039431392005, 0.08319512855066653, 0.2875038812135981, 0.15141059592181524]"
10158,296.7085556562928,102931.40727387225,"[0.20913092317510312, 0.09082195881295303, 0.5489512129283123, 0.15109590508363152]"
6706,872.6562557238378,796222.5422796643,"[0.4292055435283134, 0.2212396389512602, 0.2868806766285013, 0.06267414089192501]"
12507,814.5130959347564,653562.2529377486,"[0.4351609472005992, 0.3466261720126622, 0.027679243253833676, 0.19053363753290498]"
164,485.2729510680717,780300.4900227337,"[0.06713699977903716, 0.2188270959837269, 0.43952832933407054, 0.2745075749031655]"
12405,635.4706073598528,178203.39287662896,"[0.18345620158031148, 0.08401153353123426, 0.4753512385010402, 0.25718102638741397]"
929,232.8148055312629,321048.5952811484,"[0.43777487743327775, 0.16881648926715995, 0.06309824389060889, 0.33031038940895346]"
675,743.8154859386076,766737.3417163208,"[0.4110592187619659, 0.0002665471343684768, 0.19145871773107448, 0.39721551637259117]"
18417,346.8062043998761,542495.8057205696,"[0.5124502720359642, 0.39053788474041123, 0.06695910331577104, 0.03005273990785339]"
11335,44.93392335771647,534522.2541574023,"[0.26427259571452605, 0.21567675066534844, 0.2741352630776292, 0.24591539054249636]"
9253,482.1177332990218,381096.8968601988,"[0.03714010156880715, 0.03405398875111512, 0.7539753392027511, 0.17483057047732678]"
11075,118.7477995592186,917624.9116776916,"[0.09794874030825783, 0.2716731852724182, 0.010656153476487637, 0.6197219209428365]"
4498,210.4294979584975,134567.96287353605,"[0.08945786421029354, 0.32054039456631367, 0.20968984054372122, 0.3803119006796716]"
17870,321.1005891118689,810239.7040251701,"[0.08897513462311192, 0.2361253367291497, 0.031062639133109495, 0.6438368895146289]"
10220,63.997145393929166,899904.2314926846,"[0.0019935377572417464, 0.051806914246034945, 0.3542221089014362, 0.5919774390952871]"
1641,333.81369217169,674113.0240709096,"[0.05860887713687567, 0.3086698494309986, 0.1316433279549346, 0.5010779454771911]"
7287,473.7966497448327,936778.0592846264,"[0.43402499382386145, 0.20988477118236448, 0.0986867100897495, 0.25740352490402446]"
343,672.7883075756855,757159.6046439976,"[0.019255469444527086, 0.32501095199389923, 0.3292087263328944, 0.3265248522286793]"
18598,53.57220752297608,454910.0429290893,"[0.020310146003987676, 0.39958172088117827, 0.3670286853082365, 0.2130794478065976]"
14685,998.3131928773382,918878.313369363,"[0.5346187990222926, 0.41361830806914257, 0.016842798515812, 0.034920094392752746]"
6996,359.8742299258738,829815.4239168201,"[0.07269737383547317, 0.47295510812978003, 0.19747025144289013, 0.2568772665918567]"
3195,575.5290089091137,269715.98489290243,"[0.06084063701756743, 0.06864826675414343, 0.8335139466924354, 0.03699714953585384]"
5835,554.9830705847472,878223.8844144255,"[0.05176749172437865, 0.3249455374582196, 0.4074619920359546, 0.21582497878144724]"
13933,872.7648392196664,453426.6607783941,"[0.1277389918973115, 0.002262627831847522, 0.2123833951287203, 0.6576149851421207]"
3986,331.48215607342064,100199.7080307896,"[0.3311117569097809, 0.24174887272896353, 0.30434986031492556, 0.12278951004632999]"
14873,307.2303614314832,157731.5336964816,"[0.07505806409400975, 0.12093182289873688, 0.3333066592888779, 0.4707034537183754]"
18955,15.28099276734314,995584.3739466636,"[0.0014868637318648098, 0.1888868876756973, 0.36683878718936647, 0.4427874614030715]"
1598,113.2262713628498,266716.0135872964,"[0.036926793790792625, 0.43700841614100366, 0.1858438324402845, 0.34022095762791926]"
16824,989.799928583771,854214.4592364884,"[0.10633880744787862, 0.4804053191937037, 0.062252786135653895, 0.35100308722276374]"
7547,42.569830846041626,567548.0912751837,"[0.6615792996587471, 0.10302639697328891, 0.07251068876651404, 0.1628836146014499]"
6806,548.9629660280806,360318.7320744452,"[0.18230527745335198, 0.09154582213306592, 0.19740091293028286, 0.5287479874832992]"
19788,664.6630538573434,278250.8994691863,"[0.21730584450364812, 0.05599449245129881, 0.1816735240987519, 0.545026138946301]"
11566,778.0827038961322,668971.6917488863,"[0.05217112158384053, 0.1772550075042181, 0.5455308775546563, 0.2250429933572851]"
5150,964.6100358523938,589682.4642436642,"[0.144744163867995, 0.13573012349526176, 0.09027336338120702, 0.6292523492555362]"
89,707.4345679125705,348582.9533147081,"[0.535754995290573, 0.10932904767396176, 0.15446365402272902, 0.20045230301273623]"
11659,670.5969601573516,920247.1714423008,"[0.3141351057116617, 0.43486126477311815, 0.16115161179476453, 0.08985201772045569]"
19876,618.437478627249,673886.6368976792,"[0.43184577087231973, 0.02823254714510758, 0.33815738896788633, 0.20176429301468635]"
995,210.744588815944,188072.1633330681,"[0.06035876008469504, 0.05504944352071368, 0.591495539595991, 0.2930962567986003]"
14179,750.1967377586201,881790.5836963587,"[0.5314901387654614, 0.027615334867597378, 0.3673441368205212, 0.07355038954642011]"
1915,565.7735886950869,152596.65974716633,"[0.7493722515639615, 0.03915057430957283, 0.12316936494941208, 0.08830780917705364]"
11959,59.7044725931923,174412.9452834621,"[0.5879694672904443, 0.06266789134074409, 0.11301115608622506, 0.2363514852825867]"
3808,898.1045627571154,224768.05124180444,"[0.0729978286030433, 0.15404751455419138, 0.5189503745408417, 0.2540042823019237]"
17535,587.6924256140635,107708.62930846718,"[0.1677946758523364, 0.11968484186364016, 0.1380821044851303, 0.5744383777988931]"
18896,651.0335685394175,776986.3129453695,"[0.623070296700925, 0.03592696044980266, 0.2983510370184222, 0.042651705830850005]"
13782,222.3883212805473,216216.7590431734,"[0.4216042646455852, 0.05652086099829469, 0.5095445441338848, 0.012330330222235411]"
6910,368.5915029747812,636832.7514237247,"[0.2688797868346306, 0.1551422264497531, 0.22814127087002445, 0.3478367158455918]"
2154,573.3714589136378,138519.7887359529,"[0.09101870774312762, 0.3406644371258295, 0.16673623108750626, 0.40158062404353667]"
19652,556.5990101218204,160060.40756006096,"[0.5810965544797012, 0.0941451963525537, 0.14880328221752753, 0.1759549669502176]"
13960,654.8335534878181,818415.1861426681,"[0.07932251234813456, 0.4071784686083707, 0.4605071333850643, 0.05299188565843042]"
14309,861.7328051655688,707289.5832424839,"[0.19836924696792504, 0.00836593844825125, 0.18983827179229162, 0.6034265427915322]"
13305,492.6401210659776,448931.9894576098,"[0.9404805537209362, 0.01533567628210846, 0.013785814975287747, 0.030397955021667637]"
10943,453.54312552350433,519332.150187327,"[0.17140970678927753, 0.3215842239439748, 0.2311211568986412, 0.27588491236810636]"
18532,695.6183450226322,896951.4617335303,"[0.2848738088470853, 0.23723517292446272, 0.05245473768045909, 0.42543628054799293]"
9347,449.2019685920923,647919.8508316487,"[0.006921356226899178, 0.2678769700393755, 0.7186485940560061, 0.006553079677719165]"
17968,377.2288584676843,749792.0281179383,"[0.056360498190092215, 0.18382724706925807, 0.01186231951883968, 0.74794993522181]"
5620,157.62027958419057,340416.06171626376,"[0.11271596565414957, 0.26407176277633204, 0.3953203276868382, 0.22789194388268008]"
6882,346.57189912454845,762814.4514852501,"[0.035467821924643685, 0.0006589259579007116, 0.4817425894808925, 0.48213066263656307]"
14857,457.709942850321,450980.9237607019,"[0.3746856565271523, 0.25792746849718373, 0.03898117459044749, 0.3284057003852165]"
15169,356.9738668234506,936297.1916842144,"[0.16087733918785532, 0.3769929087230856, 0.055317709323852444, 0.40681204276520666]"
9338,562.0351333700288,827667.9594483054,"[0.3750799637229867, 0.40266624502476733, 0.17716604942316577, 0.045087741829080236]"
17747,175.65530659986197,171978.0895330403,"[0.3841913327483379, 0.3638635838794229, 0.22261934885119064, 0.02932573452104853]"
2033,367.9293185897011,338174.98868101765,"[0.08691303440809406, 0.06274686186147375, 0.41290944365582394, 0.43743066007460835]"
12970,733.5534640351508,115647.3892066336,"[0.3233293915761982, 0.01635625658317127, 0.28251578835167407, 0.3777985634889564]"
767,231.80714481655704,637671.9528511915,"[0.12696457439725914, 0.4191349413634831, 0.20699590787475958, 0.24690457636449814]"
10081,655.71345409041,903126.773869948,"[0.03498880470747171, 0.19989510637370253, 0.33432620065162705, 0.43078988826719855]"
7634,882.9418478051383,494723.22676699446,"[0.2788318566001792, 0.09274278074711956, 0.10204591011082664, 0.5263794525418746]"
18964,178.38397048634744,401890.5119325216,"[0.19515213252024824, 0.5687764281115922, 0.14990356464490112, 0.08616787472325821]"
14608,814.9896476732772,570573.6534173891,"[0.27875280943325254, 0.11470713136787211, 0.49601829284573634, 0.11052176635313891]"
7588,920.6279397552446,779704.0262616642,"[0.22737142497802704, 0.19833962439656308, 0.43227321596797924, 0.1420157346574308]"
638,647.1959061148945,353075.77646341204,"[0.161163584005303, 0.3427932192193473, 0.3305192109321031, 0.1655239858432465]"
13315,253.00534570063627,833809.1683795636,"[0.054164409145645194, 0.29117334638391357, 0.5638834072761372, 0.09077883719430416]"
10620,609.2979698864146,603046.7885583322,"[0.42446000182045457, 0.24132865415618368, 0.15380282833696643, 0.18040851568639515]"
11545,615.9905905424016,608854.8791525739,"[0.1911953874923992, 0.13147975005301754, 0.25571278937797604, 0.42161207307660725]"
8942,166.21039123654668,980906.1057361407,"[0.14929164428033406, 0.516018156888694, 0.023148345073193705, 0.31154185375777815]"
4393,204.39672437464364,953040.8068744594,"[0.06266251141779144, 0.2977025697008812, 0.5623490970833064, 0.07728582179802089]"
13051,665.3606070747732,659823.6924400068,"[0.5200549315785231, 0.07746258599023971, 0.3072108289527839, 0.09527165347845327]"
17725,929.644535912546,361872.7913593316,"[0.17253419396195524, 0.2166515657112433, 0.17892027198496863, 0.43189396834183286]"
7797,133.4988976335053,325964.1682846564,"[0.13806749962786244, 0.5893748695168767, 0.2542083163502816, 0.01834931450497908]"
8194,948.166494368186,990423.8287539472,"[0.341565320108442, 0.15177300382582817, 0.3184836157370735, 0.18817806032865636]"
14126,859.8400321270093,769329.9249544538,"[0.5209456500321196, 0.07449150719653479, 0.011163810598663518, 0.39339903217268224]"
17765,733.7002999189084,161935.97853882893,"[0.18849825029019943, 0.652681684104011, 0.09473895856642907, 0.06408110703936036]"
9847,434.7652183343738,280745.8342992067,"[0.06949354991197514, 0.3018500087634604, 0.578988656112464, 0.04966778521210039]"
1494,906.442077152874,975492.1684279272,"[0.027235486507095355, 0.2584022613608239, 0.19695093543337044, 0.5174113166987104]"
110,437.6062319672432,426043.6650632119,"[0.004694079538134777, 0.282940860452054, 0.6455991745327208, 0.06676588547709038]"
19183,904.0401823551014,143411.6255021174,"[0.45996851840158953, 0.14248846230265888, 0.19316952993561395, 0.20437348936013752]"
2887,138.37237809389964,168484.90520250768,"[0.7955741853690896, 0.010028511692554762, 0.024316923405888285, 0.17008037953246732]"
18751,114.4201432789898,368091.1861493947,"[0.1160110153335678, 0.02243824635055277, 0.20142949167365662, 0.6601212466422227]"
850,347.3506975308653,729829.6374522555,"[0.043806260168342194, 0.3385110596805126, 0.46187436544810023, 0.15580831470304504]"
9413,416.8621352142258,854178.0048659896,"[0.0381998838299586, 0.45349957604134356, 0.3617811348987237, 0.14651940522997411]"
15765,678.9587586026037,878860.5177851421,"[0.15358109272398934, 0.47314076391874405, 0.13447892116729418, 0.23879922218997246]"
12694,260.69740487748174,981484.67094203,"[0.0511068491939809, 0.16043309544773107, 0.04971842301623466, 0.7387416323420535]"
1769,765.7120510680054,985708.812277428,"[0.02968247759091708, 0.8470567202304154, 0.03872888125842589, 0.08453192092024157]"
9446,372.6448365818473,958633.8000592352,"[0.26111833916480776, 0.08401153641460297, 0.11391851816739652, 0.5409516062531928]"
4620,26.87909057667218,745207.0858502054,"[0.21202119242650064, 0.2961055168184464, 0.24779111349382332, 0.24408217726122972]"
13444,166.41866688273078,318129.2333205136,"[0.0018153952895511578, 0.3564028544734233, 0.15286110104041697, 0.4889206491966087]"
8865,644.5598403706452,546851.5290996308,"[0.1938925299479546, 0.04701098615731605, 0.3259791311066105, 0.4331173527881189]"
18092,87.74801552258096,424651.9354252466,"[0.4188625572506089, 0.3607104625028002, 0.10144697932165996, 0.11898000092493109]"
13922,855.7193203655136,928123.8976822682,"[0.3456062814346945, 0.4783710971995983, 0.13177953166677964, 0.0442430896989275]"
2181,267.829862011063,162955.1577265527,"[0.29856468988319784, 0.18849471506131443, 0.33804688881641193, 0.1748937062390759]"
12819,394.1148461486235,153587.8929528486,"[0.15163565910654586, 0.6786654649032849, 0.06219449401648023, 0.10750438197368899]"
16460,451.3172761063435,103248.393300454,"[0.10923505873987137, 0.2119753760777891, 0.6778416106312716, 0.0009479545510678714]"
6525,62.67031411731179,504054.42157478695,"[0.2023382991642252, 0.45754228078754483, 0.1803786432223552, 0.15974077682587476]"
14215,730.7766860049115,409900.1119675679,"[0.3767011244194548, 0.013603398254587729, 0.38407990847176376, 0.22561556885419368]"
5861,446.900087892044,284897.5431926246,"[0.010217341011893285, 0.019312585270210528, 0.04573900438637499, 0.9247310693315212]"
3821,248.15236388280627,256386.6016884508,"[0.2189191233881281, 0.15155318594841125, 0.5237136735195196, 0.1058140171439412]"
8700,671.3593342010487,291374.46143114334,"[0.0008455442584103695, 0.1968585939791885, 0.3462039327291155, 0.45609192903328555]"
5091,61.66284674634954,987459.7415034494,"[0.4008266972281427, 0.24304531424999049, 0.23946876014101146, 0.11665922838085542]"
14768,762.0100089568431,406849.6987114648,"[0.4347644352880649, 0.08620695930671363, 0.15841531422804306, 0.32061329117717835]"
12240,760.8058388956439,423806.5375437079,"[0.011350032302294174, 0.29834007973413323, 0.19872589918507633, 0.4915839887784964]"
384,275.0604430335613,437696.6468411696,"[0.18287570622768207, 0.3131866384978222, 0.24989737637047948, 0.2540402789040161]"
7951,16.445927961864676,292028.8498496291,"[0.5364619216865515, 0.2575403462246741, 0.13191684273368443, 0.07408088935509015]"
14842,962.4578125780832,703547.0543544722,"[0.1316871246079613, 0.6723114728898884, 0.02147940713677857, 0.1745219953653718]"
7770,147.5737103647334,640401.0202952985,"[0.24883986184400939, 0.19799427983547457, 0.03492281833206499, 0.518243039988451]"
11905,640.281654532016,972852.646095076,"[0.08048663823133022, 0.09443987380745661, 0.03256945627934617, 0.7925040316818671]"
12732,195.5566891916976,601837.5021153152,"[0.08433941469371566, 0.2257438761395242, 0.21453506000384584, 0.4753816491629144]"
4534,754.0968215099647,256554.216492462,"[0.05414698310048115, 0.05092677502046169, 0.06770240814867091, 0.8272238337303862]"
6866,749.7473634736155,625877.8516688274,"[0.5299919762468501, 0.3007321945457896, 0.13594773575670244, 0.033328093450657674]"
8246,580.717963170966,472455.4726546001,"[0.46941045260724445, 0.14315214090394865, 0.13714123477044848, 0.25029617171835855]"
12714,705.7817033468966,627489.4883345825,"[0.4562393167917426, 0.2240861342220793, 0.05705383541398304, 0.2626207135721949]"
5633,101.0866656475003,376153.34169063607,"[0.011382529839449413, 0.09360289686796995, 0.01854149607494267, 0.876473077217638]"
10379,562.8578160021013,762295.3482470352,"[0.6336047583039724, 0.005047279947576864, 0.24479542374897087, 0.11655253799947989]"
11665,424.7831170532706,730317.2740406351,"[0.08385278242293465, 0.38597243055182284, 0.2500573946535313, 0.2801173923717112]"
16177,734.8525740756584,506394.3966698266,"[0.30015943485335994, 0.3087453831271735, 0.3469708134668415, 0.044124368552625054]"
10889,140.6526154285353,250870.18882783584,"[0.46021844363414605, 0.49997960239280886, 0.035207566428886, 0.004594387544159128]"
12305,822.2081216395251,415982.7796248085,"[0.4391681722021423, 0.004424807809602161, 0.21884533835587044, 0.337561681632385]"
2111,169.2840227857854,435790.8805226041,"[0.6496519405669685, 0.0012781960307163727, 0.022135458481292315, 0.3269344049210228]"
19817,681.0991959602906,215248.7843578261,"[0.5245003378450285, 0.27642522895167904, 0.13635875834577443, 0.06271567485751793]"
14764,978.2065393196954,907483.2566168668,"[0.07565169583242774, 0.20167620967991792, 0.6766124325479963, 0.046059661939658006]"
9501,402.4331537269174,980959.6752304124,"[0.5548350950455505, 0.035384389180359396, 0.32724614819884584, 0.08253436757524425]"
5116,325.9182237570584,505134.89289403136,"[0.43255966871651647, 0.46548745914350154, 0.07909588058763978, 0.022856991552342262]"
5088,680.4655003466654,686342.7865053962,"[0.06898146891507745, 0.2271542289128929, 0.3866802940580539, 0.31718400811397574]"
5598,769.5048893917929,559309.625615645,"[0.32078440435256184, 0.5718542148162151, 0.06727904375263477, 0.040082337078588146]"
12090,309.2534681886266,888929.104922009,"[0.06999416671815713, 0.13160330353438862, 0.3796087094993435, 0.4187938202481107]"
3042,335.3397034547627,900836.411598111,"[0.2577395499689342, 0.17938081984896925, 0.4297138350462495, 0.13316579513584687]"
5222,134.11238266136868,210134.75058033736,"[0.28916382024699216, 0.2240345317369188, 0.048808497367292744, 0.4379931506487962]"
19854,231.68920459993512,591605.2779154767,"[0.26526980735478806, 0.5418038570971194, 0.024400620504362248, 0.1685257150437303]"
10991,612.6973306965097,439641.7193158328,"[0.03809618039935738, 0.44982700169654316, 0.11335222066806862, 0.3987245972360307]"
16187,239.25461543957016,858753.116768553,"[0.12929305242792027, 0.027868395370179256, 0.5040984827714788, 0.33874006943042156]"
2672,454.7394822903179,529924.0640609085,"[0.028244968279670372, 0.22973912970802943, 0.564779268890208, 0.17723663312209212]"
105,328.4850784087398,640370.1262822478,"[0.09294273252313782, 0.1669655540577609, 0.1683269624529929, 0.5717647509661083]"
7227,760.0532249474111,323887.0676867279,"[0.2288728316120754, 0.3071645544889967, 0.09695494055857243, 0.36700767334035544]"
19647,600.4962645915783,551208.5933095216,"[0.447576205464629, 0.3651186898967026, 0.15137865051767688, 0.03592645412099138]"
18144,394.9068070636156,772153.9123193896,"[0.38189765394945846, 0.5629488406872588, 0.042456330547708844, 0.012697174815573961]"
11089,646.7627992490494,164233.13604840968,"[0.2566300920239795, 0.5736204592220365, 0.09751349178648581, 0.07223595696749831]"
15444,738.1593843835091,296583.0486194779,"[0.274285611718448, 0.31124112481951766, 0.29729767450871203, 0.11717558895332222]"
16373,732.0710569267943,659608.6832632531,"[0.0847135820939132, 0.368281726906911, 0.41827103700947704, 0.12873365398969883]"
14954,946.018765342254,573636.3447654778,"[0.09897951029002769, 0.10753490342516103, 0.1496888193144229, 0.6437967669703883]"
8008,574.67661130983,242048.3518127784,"[0.24522701928401539, 0.03377584041402243, 0.26448574683315873, 0.4565113934688036]"
3500,916.8137903699316,974551.6050063794,"[0.08295215226102957, 0.5087808059399042, 0.23208858775702434, 0.17617845404204213]"
14157,256.8817684500988,427129.9501012378,"[0.007989362964669866, 0.6360572868074718, 0.3078926366746256, 0.04806071355323269]"
1907,400.2591808277131,761131.2446142953,"[0.0935633794142836, 0.26822437637706087, 0.45034633019334624, 0.1878659140153093]"
18640,49.39893746466407,692567.7203095247,"[0.004894514863298417, 0.9405387023445236, 0.03524748414636417, 0.019319298645813734]"
10447,845.1572173817046,230073.26401502427,"[0.0018435097095260281, 0.42702860477441623, 0.10303185845581331, 0.46809602706024456]"
11655,42.20630719109539,214522.0814402518,"[0.5727130000927169, 0.030128628553159516, 0.19749659466809594, 0.1996617766860276]"
5699,296.8714896994105,956796.4376424344,"[0.06460026171316378, 0.3902310307066463, 0.051089220849326246, 0.49407948673086377]"
15998,136.79846102315707,812310.9820924863,"[0.5809085779732529, 0.1693235011517626, 0.20179360257027357, 0.04797431830471083]"
1795,973.5084803994396,641496.8729527434,"[0.013620338012698697, 0.34864563574226287, 0.3309342426833202, 0.3067997835617181]"
12532,55.59211242897217,247219.7901922346,"[0.05104570655209146, 0.627863223181925, 0.22745981972515814, 0.09363125054082544]"
10484,54.52122394125267,219130.4145770845,"[0.2879576559236717, 0.20478794636665779, 0.30818326912906574, 0.1990711285806047]"
9630,131.10336136069583,701130.8288313077,"[0.41708786139531384, 0.346284336578205, 0.0016558647668480052, 0.23497193725963308]"
7592,986.0363509065182,262144.6443175824,"[0.3249143243057815, 0.263224958088414, 0.003658727913037449, 0.40820198969276705]"
19537,437.7349323058247,800426.5883107465,"[0.02632235281543595, 0.0939609877694791, 0.8011260717714175, 0.0785905876436675]"
6226,633.3277717232515,603971.7142541114,"[0.03652271245637771, 0.14265847393897232, 0.16050561176897704, 0.6603132018356729]"
1388,257.31075502530894,100171.64507553211,"[0.0024633010651848716, 0.3244584982360626, 0.0430480946204808, 0.6300301060782719]"
15460,428.423524173934,531344.2694423795,"[0.30521489717180145, 0.5956754578146122, 0.05571772161782547, 0.04339192339576099]"
18436,177.5343188604951,111026.48624651214,"[0.2038375928488504, 0.19368174667057336, 0.2996216348024838, 0.30285902567809236]"
6308,406.1910631079248,770355.7466114584,"[0.07153095733124726, 0.6602647346927226, 0.20978246263305544, 0.058421845342974475]"
16957,830.5212423215527,867766.8606051496,"[0.06904721482391969, 0.5279757968410064, 0.0845179190196079, 0.31845906931546597]"
3675,582.3130581542249,771877.8757660732,"[0.12239574103023212, 0.4444248542023596, 0.4080997802535613, 0.025079624513846967]"
15013,233.65924335561093,832937.4315000232,"[0.75305603818429, 0.10948995547805193, 0.05221380362205976, 0.08524020271559822]"
10799,739.1448308231816,849455.1927520802,"[0.0769949347543913, 0.7315286596468057, 0.037286776475794134, 0.154189629123009]"
18298,549.0181970635593,211428.1066757851,"[0.10388125355154414, 0.5106173348937882, 0.3242416383677547, 0.061259773186912905]"
7801,400.2618308309325,656461.0165340538,"[0.10135940128104623, 0.019143184699923054, 0.6859627812102129, 0.1935346328088178]"
3311,519.1734861259774,564410.1727222766,"[0.29252208269623986, 0.29886480808333804, 0.17144907161275444, 0.2371640376076677]"
9015,491.5825905099392,405929.4502411737,"[0.0284614521906089, 0.09871596091015632, 0.15644932403118728, 0.7163732628680476]"
14919,945.9623794572984,961571.7823135364,"[0.2885701127441596, 0.09102322974147867, 0.4026402548127339, 0.21776640270162773]"
6998,289.7950605784972,804191.7171454462,"[0.03650659571968529, 0.1303253013465178, 0.1508101440163334, 0.6823579589174635]"
19472,935.320148610036,282413.81090974394,"[0.14584852306882018, 0.2935388953307029, 0.4589531007204361, 0.10165948088004084]"
17722,437.9656983763885,247511.14820729577,"[0.3886523649482403, 0.2592809112945221, 0.1165850909302145, 0.23548163282702325]"
4074,88.90781762263917,803378.1660833657,"[0.38872131796795406, 0.04019825062016729, 0.45652406250155875, 0.1145563689103201]"
3924,717.760505637508,861763.4230830393,"[0.38460734574234884, 0.04722229840306915, 0.36616336186284093, 0.20200699399174102]"
13240,792.6058421575694,673437.1685105935,"[0.3301048672865609, 0.17209779102458983, 0.18683675526121177, 0.31096058642763746]"
19992,302.5292646337602,295973.728859719,"[0.2222592994439276, 0.25303272874207555, 0.21846631653615428, 0.3062416552778424]"
15057,259.1609026189164,594380.8708306553,"[0.37932151509631784, 0.2210935346151316, 0.13148014239787817, 0.26810480789067237]"
17497,774.6200632710727,911626.211196666,"[0.23727503663877175, 0.0004129158837135843, 0.05291660727431939, 0.7093954402031953]"
2800,599.4220296852985,272056.9083004808,"[0.034967273984605605, 0.4774722217106523, 0.2984977657340477, 0.18906273857069458]"
6607,685.7826633711887,152437.87497526014,"[0.10550923821363407, 0.04137933690330306, 0.06828441393639167, 0.7848270109466712]"
17993,787.7506766083325,844313.3735374268,"[0.03812722678902308, 0.7969471112822544, 0.11203273582346784, 0.05289292610525458]"
11743,626.1024113227193,320132.9441354157,"[0.1236640165162372, 0.5103558009044026, 0.04733906228886279, 0.3186411202904974]"
5173,103.30806310448668,543717.6028681828,"[0.03489054900714597, 0.5733204061149252, 0.20949947629092064, 0.18228956858700815]"
15853,104.64203516791956,962343.273583382,"[0.6428899402995196, 0.23535031958483005, 0.09263012184406598, 0.02912961827158441]"
11406,153.45598610935969,945716.7579303584,"[0.02937420329750916, 0.31140959332196494, 0.17209036598857405, 0.48712583739195175]"
6796,431.0411049863632,682533.6736963368,"[0.2385436167414746, 0.16018462327078054, 0.2207216391249028, 0.380550120862842]"
16105,417.6679831415729,434487.3522608101,"[0.12620913413636814, 0.2106038072636508, 0.2202758818162114, 0.44291117678376957]"
5608,982.8510416643492,473752.5033632316,"[0.2978984518953471, 0.45549248254834, 0.1687315261992927, 0.07787753935702027]"
8606,345.6788953369507,190365.7488583164,"[0.11370366890652392, 0.39012496803449787, 0.41581533083955724, 0.08035603221942096]"
4666,457.2174158359889,284855.64996205707,"[0.42323894418466496, 0.12087199784717187, 0.22955760090523838, 0.22633145706292487]"
9714,446.5770446155093,111010.99634158892,"[0.6050962767521211, 0.01946006599968637, 0.10812811442586523, 0.2673155428223274]"
8493,807.5223842823369,825690.8982797818,"[0.1418460694375321, 0.10153963959579472, 0.7499056988664725, 0.006708592100200637]"
2843,595.4896216852251,611416.2742621397,"[0.062287021780765714, 0.020971090446747956, 0.010768910350690442, 0.9059729774217958]"
18240,415.3334228131404,728706.1717776988,"[0.3469851869139337, 0.05298712249362621, 0.27345255044586747, 0.32657514014657263]"
5557,872.982032068543,705745.3103563578,"[0.3117166278257165, 0.08281549298713081, 0.4115061995799881, 0.1939616796071646]"
12338,42.77400272159369,208090.814462302,"[0.21262781581570642, 0.47032393075809675, 0.22685260632960166, 0.09019564709659525]"
2527,745.3131626818205,441030.7613463001,"[0.011665033434021917, 0.05623459241625114, 0.20539050006146817, 0.7267098740882589]"
13932,248.2847714219837,979383.0940179068,"[0.1181174715829745, 0.037189880908925534, 0.560324453733783, 0.28436819377431677]"
8949,255.1812874200608,239256.65454631628,"[0.3045779091776106, 0.36407503667264435, 0.09814989129694243, 0.23319716285280268]"
9174,562.5282943719544,497077.6703027518,"[0.16997165175976275, 0.01161459511953715, 0.2565716865507668, 0.5618420665699331]"
445,740.6384920340356,938310.9070465768,"[0.03692074348910507, 0.5422328397610519, 0.2209090286137502, 0.19993738813609271]"
16370,238.9799485860273,740305.6754461069,"[0.12221301083008158, 0.13173026658729753, 0.5324291499821578, 0.2136275726004629]"
17312,617.0538686375799,850014.3340759813,"[0.5961586103702786, 0.14561880546866032, 0.2565589782833042, 0.001663605877756884]"
16223,792.1554682048877,625120.8730372222,"[0.06856786911003092, 0.05114572920399752, 0.8694022565124492, 0.010884145173522273]"
2054,965.7664484506043,884944.8687857366,"[0.15372256663859094, 0.06315371566101519, 0.21570553835489625, 0.5674181793454977]"
7364,564.6993792345158,990702.8370323865,"[0.10485170979069329, 0.22137979840711228, 0.5412583945234504, 0.13251009727874416]"
13810,775.946932170927,794847.7830191642,"[0.35889773268074604, 0.07789115837247972, 0.17062452987284324, 0.392586579073931]"
3956,864.9396815572957,129306.06804366104,"[0.07791216019347288, 0.11206576637429604, 0.5722577761573723, 0.23776429727485882]"
2625,336.7631273567106,888055.8298451784,"[0.703904562951388, 0.009116966994465962, 0.27510311215753636, 0.011875357896609567]"
2690,547.6119532027483,910912.5572367928,"[0.47949852463617476, 0.25748200659661885, 0.2510625969757003, 0.011956871791505971]"
11449,297.11303930297424,451089.7168917744,"[0.039582741359124006, 0.40606803021255783, 0.2624445966538099, 0.2919046317745082]"
12477,764.8839062553907,368855.0386670121,"[0.21108667871150497, 0.368683046731549, 0.3946721808562729, 0.025558093700673145]"
1733,596.0693599568147,221417.52151141223,"[0.27876655447787163, 0.20912626721284064, 0.258712351324278, 0.2533948269850097]"
7058,378.3979865584786,214126.474335943,"[0.12119582094853336, 0.15939227036877046, 0.25216868631152267, 0.46724322237117366]"
12810,299.9647632126401,231356.55425086952,"[0.16350519727316148, 0.027619964240430207, 0.29616123922652476, 0.5127135992598837]"
290,862.868345854004,439980.2178649007,"[0.059138225256634154, 0.21308920033414758, 0.052971768264333446, 0.6748008061448849]"
3879,971.516384982452,735300.9655877973,"[0.3046773016847986, 0.28062959651614755, 0.1415980440494776, 0.27309505774957604]"
12862,775.7836392036982,104167.6425287938,"[0.028810087273358067, 0.2507409370277112, 0.6105233170574764, 0.10992565864145439]"
6896,851.7923564319985,760781.5153103473,"[0.5165307063093769, 0.34497356969367227, 0.09086551087813147, 0.04763021311881926]"
6518,802.8293430323316,521711.2756386638,"[0.13630604505266428, 0.050090605812696656, 0.14596296192955885, 0.6676403872050802]"
19755,787.4800855456448,237213.59172039505,"[0.43213891856270625, 0.19482174711159125, 0.06158861654387932, 0.31145071778182304]"
14875,115.81590522847172,100422.70025573926,"[0.07478509379800885, 0.41368639027824483, 0.29368756970822146, 0.21784094621552488]"
11672,236.7034479286492,632697.8078520572,"[0.2765793299594678, 0.6066987342674801, 0.0021066126293990133, 0.1146153231436529]"
10734,189.04152691606168,465463.2995357757,"[0.1437824273845612, 0.03662838919537136, 0.6545328144833586, 0.1650563689367087]"
8793,292.002409779456,911356.439183118,"[0.4451447336391826, 0.062119700464033006, 0.10895661883779245, 0.38377894705899207]"
2666,197.0665002366576,354245.43376277084,"[0.23813319173056322, 0.37801589639782035, 0.22512768995961305, 0.15872322191200341]"
18661,66.30872262188215,160249.93700570584,"[0.11228724476665058, 0.5621120524328649, 0.12945287259328653, 0.19614783020719806]"
1257,399.9460678133187,481293.2557307919,"[0.19725328316894414, 0.4437182269052255, 0.12232872846870334, 0.23669976145712696]"
14201,378.854569868042,257863.5842988807,"[0.008801932534505182, 0.46604472556680365, 0.476417681664243, 0.04873566023444809]"
3722,972.6734291218982,767679.8368768125,"[0.4052685228281003, 0.4015427705578198, 0.1663882245606697, 0.026800482053410273]"
2252,953.3572564720512,814291.6737153527,"[0.24388545189029923, 0.3882177782752547, 0.007376489414065701, 0.3605202804203804]"
18131,522.0513627417316,256148.2908376892,"[0.43385908977502474, 0.05375359304058224, 0.17190709128148657, 0.34048022590290633]"
2424,902.4217297560476,461785.3035860616,"[0.3659487198696085, 0.19637399992051363, 0.1375330909853142, 0.3001441892245637]"
914,665.444039821819,469999.9662813743,"[0.020331167993038544, 0.9322068870894549, 0.005733782641627365, 0.04172816227587922]"
7654,179.92361218683595,947031.8424990688,"[0.6727872793365203, 0.1256471330119044, 0.14118214835502946, 0.060383439296545924]"
10761,930.8072317896756,352345.6984484179,"[0.11014569003048613, 0.5760260633332668, 0.16359293909676198, 0.1502353075394852]"
12369,686.4284196050234,497620.7376085193,"[0.11811039181146653, 0.3612642573002306, 0.2662810432799654, 0.2543443076083375]"
3477,26.45221172723016,808085.6164039944,"[0.0418720880323692, 0.021060364510888035, 0.4469532325163378, 0.490114314940405]"
12019,846.5202377512521,386864.50927349646,"[0.5699189145873057, 0.15135214501144836, 0.22945733433224838, 0.04927160606899759]"
9612,446.0737523169754,149962.52458203188,"[0.36094683675511097, 0.05028353870851003, 0.22138518885233066, 0.3673844356840484]"
4235,413.8654240703323,568923.7885506423,"[0.28335901357701454, 0.12468493872232131, 0.0907957322181683, 0.501160315482496]"
9673,538.7426433806938,338451.92980200774,"[0.17236983943971274, 0.42951829636594574, 0.32079149145465813, 0.07732037273968342]"
17038,587.9989420718207,575398.3643978159,"[0.4217460452381286, 0.03740015468128705, 0.13906288078520343, 0.40179091929538086]"
11836,368.9717045900079,555714.5465960728,"[0.6114551113114618, 0.14631557195743672, 0.14843587679497763, 0.0937934399361237]"
15236,132.50780120592177,174266.04742785156,"[0.01354464948954859, 0.007558047700562513, 0.1671995991461719, 0.811697703663717]"
17398,552.6528634217698,833973.5638060276,"[0.3333795949230326, 0.06716736159774839, 0.5405868287971123, 0.058866214682106816]"
14911,265.93885593757057,651865.6812929253,"[0.2664508366974941, 0.31008771251524303, 0.35004716913061024, 0.07341428165665277]"
11181,358.54961649621634,726431.0680179173,"[0.2060480938362199, 0.16410148694245, 0.0419764254158671, 0.587873993805463]"
15326,180.4758884459284,814519.1129324483,"[0.23096450013536005, 0.037914537271048834, 0.3022447380217942, 0.4288762245717969]"
12528,831.2402595611396,704659.9530398481,"[0.0761396329430848, 0.038653757325737476, 0.8309918716721443, 0.05421473805903349]"
17339,342.9617001246477,575787.2958051795,"[0.5269841919209239, 0.002851785690720522, 0.29865101426303137, 0.17151300812532413]"
11065,91.0239619472136,116067.89307396322,"[0.2126991560325579, 0.29637004467604533, 0.17421201179340323, 0.31671878749799354]"
17463,449.5059108244727,756122.2014374672,"[0.006315431067317468, 0.2798073380237895, 0.1129534367827805, 0.6009237941261126]"
8103,674.1182848353288,763977.7597872246,"[0.5144680843391424, 0.05915183177456011, 0.40008229660691624, 0.02629778727938129]"
1469,58.62292244663871,664047.0544026853,"[0.1938983752507366, 0.1838799045865641, 0.01769159781423842, 0.6045301223484607]"
4093,821.7608589086587,961318.0357754548,"[0.14454120774184617, 0.31578570298878916, 0.16719615279670522, 0.37247693647265956]"
17951,822.5635775999898,263369.88458008145,"[0.47504047141185723, 0.08262400998898872, 0.16017628768559922, 0.2821592309135548]"
16775,261.5849530457439,875689.1845256711,"[0.10049069589436485, 0.24836096803877544, 0.33230446525119045, 0.3188438708156693]"
6930,197.3539520384316,880925.6094580204,"[0.3316770683573045, 0.541615561740577, 0.08434297556938128, 0.04236439433273719]"
17673,216.8617731959767,151311.21366270236,"[0.2903089832525521, 0.014137964860217806, 0.5044252079368298, 0.19112784395040028]"
17477,200.4845262526976,942115.237077928,"[0.24728453331352857, 0.21047468774643951, 0.4536447412380408, 0.08859603770199112]"
4120,129.91894503956567,422747.14373351785,"[0.42528977843808585, 0.2515732554098104, 0.19044846601793097, 0.13268850013417277]"
8594,977.6027291532938,517403.1881880797,"[0.18263376610057364, 0.5207824691239674, 0.10953338276837621, 0.18705038200708274]"
19621,925.9337196902871,935226.10416758,"[0.17467526836649358, 0.06466888825798353, 0.38093873520011345, 0.37971710817540955]"
11919,35.20251516725805,358788.1484579366,"[0.24734443800452924, 0.005841750272899841, 0.6820935347410522, 0.06472027698151867]"
14936,640.4207541922701,770245.4388934877,"[0.06576841275700272, 0.4829352070672492, 0.3726220059527431, 0.07867437422300508]"
12941,17.359413852943746,669911.7345842338,"[0.012920825589081536, 0.1437132886628641, 0.5058066266557294, 0.33755925909232504]"
1492,710.2783272707874,440425.42542728776,"[0.3023512656371496, 0.0363928932497509, 0.0434518948550417, 0.6178039462580578]"
5399,336.07244883387,452528.4470581541,"[0.5501270660088392, 0.3863106569714095, 0.010548190753062825, 0.05301408626668841]"
4828,12.247644327991104,588021.0050694695,"[0.2513879788309332, 0.32892958210155515, 0.36363861428465283, 0.056043824782858895]"
18799,984.72795276132,786546.2627712024,"[0.12280322846305196, 0.08870317047973904, 0.6851666643313361, 0.10332693672587288]"
835,855.2551089946295,834465.4928728517,"[0.011090256346121196, 0.09039449305366136, 0.3135409512846467, 0.5849742993155707]"
3528,952.7353893795894,651329.2047602272,"[0.010031396412256886, 0.41028229865171356, 0.2918726215510781, 0.28781368338495134]"
13229,273.4593929920169,675340.1252556725,"[0.36280985536999666, 0.018814662933007226, 0.6176872959610621, 0.0006881857359340016]"
16611,301.9787614344539,399332.6628450799,"[0.08562045025887197, 0.22316067413899934, 0.30249829445261, 0.38872058114951874]"
5483,769.3457035615146,142888.48276262687,"[0.023301821579948163, 0.4211877358158527, 0.38915409731387424, 0.1663563452903247]"
575,622.0774683128355,673928.1241457528,"[0.15400619271839058, 0.2591098863993225, 0.4483132953809293, 0.13857062550135754]"
11686,920.6042369147226,101629.65160103152,"[0.19195555211578003, 0.3497839615608799, 0.12297771054465491, 0.33528277577868515]"
18019,450.6463954386713,469049.4665541749,"[0.09702862044816701, 0.014129764860672267, 0.25116236133928393, 0.6376792533518767]"
17023,919.5911479556296,804090.4825476705,"[0.17923278507936627, 0.07474419102508734, 0.014934444784928688, 0.7310885791106176]"
15040,82.7382479417039,376056.97666473954,"[0.5197272895383883, 0.0957235965166099, 0.20328925270249096, 0.18125986124251092]"
17404,246.96783312572848,707323.6000373921,"[0.071283527620272, 0.41816978785875614, 0.22440520460917115, 0.28614147991180067]"
1856,964.582114605435,295479.2949478542,"[0.18134845408502476, 0.1849221426181242, 0.42192658429435254, 0.2118028190024985]"
3149,429.7739934909216,396004.4279163172,"[0.13151037070935767, 0.1565588251322422, 0.41255762874282925, 0.2993731754155708]"
9081,802.1776510862454,465416.305798718,"[0.16625346103309477, 0.1915174382715925, 0.29060438671780114, 0.3516247139775119]"
1168,212.01518595518613,591926.7903568571,"[0.006677334138051037, 0.10113422734011326, 0.4211307543838457, 0.47105768413799004]"
13603,845.2764011056561,982778.1137458584,"[0.49672868909720724, 0.1744238608706205, 0.013741004414391758, 0.31510644561778045]"
956,478.5134456165533,112308.89159636514,"[0.015685693907117153, 0.14134589591128194, 0.8216375504315602, 0.021330859750040686]"
1861,779.1914004176884,172532.53728607378,"[0.028362280268099335, 0.25292850605448686, 0.22776380846758537, 0.49094540520982854]"
9203,136.8879322003758,127986.23306000198,"[0.3151164087147485, 0.10071201914596543, 0.4253801979803419, 0.15879137415894418]"
13683,199.88715514078152,871290.3163830574,"[0.6934180578896095, 0.05508215470641333, 0.17473841517444302, 0.07676137222953407]"
326,65.30123744925967,610548.7082496102,"[0.5230940947726833, 0.27026280825578436, 0.04013686037563499, 0.16650623659589728]"
2614,333.40686648953266,840900.0226367619,"[0.34295202491561, 0.3134947641525865, 0.05943776071690453, 0.28411545021489887]"
9728,636.6963755235886,956168.9612990064,"[0.09313196657328095, 0.20174210264481354, 0.2668693846994005, 0.43825654608250486]"
13549,553.8533633737619,904228.4556548878,"[0.38202797406752353, 0.31674984092946035, 0.1486477578501363, 0.1525744271528799]"
6817,556.4653390368753,543982.7915212577,"[0.30828337225372915, 0.5438099218787362, 0.05389413276514223, 0.09401257310239249]"
18512,463.0132044447232,375338.3860233912,"[0.31433170413669886, 0.055024922537222215, 0.5356560987570707, 0.09498727456900818]"
156,372.7536731522229,291665.58867214725,"[0.3840095173678849, 0.5301693018401317, 0.07508505851056824, 0.01073612228141539]"
8752,592.7442924796612,776544.9635658474,"[0.07294212544127003, 0.44202226203963785, 0.39626133371737055, 0.08877427880172162]"
16907,178.90848779779753,107129.80992678068,"[0.0919800315832195, 0.16929907643976183, 0.3769458478980739, 0.3617750440789448]"
11360,111.93401555240514,956286.5270243124,"[0.12954759131603777, 0.18449356097611663, 0.6402544837273161, 0.045704363980529523]"
17736,59.68590750009754,364793.1831874968,"[0.5169723087321948, 0.023637278244591498, 0.0930907773092005, 0.36629963571401336]"
19049,20.941787560154545,600160.7710770236,"[0.2193052431070817, 0.10444429605037657, 0.1621233812816188, 0.514127079560923]"
15447,197.6627814452281,846447.3392240443,"[0.09775005704742297, 0.7334664979955038, 0.12395532323858921, 0.04482812171848407]"
11000,859.5787112933099,241590.9205384699,"[0.2975665933778694, 0.4881963503017188, 0.012805302406813848, 0.20143175391359777]"
8810,800.1360912623992,207946.72924178408,"[0.24937083730627868, 6.90747774627846e-05, 0.025963403242785402, 0.7245966846734732]"
4007,697.8339752689602,191591.0669405727,"[0.2174722341637268, 0.4370381960468517, 0.33366726590771095, 0.011822303881710693]"
19925,885.2371883853731,276830.95795309043,"[0.6204614717295331, 0.018975617811580445, 0.1045356352284768, 0.25602727523040947]"
8811,76.20227991940683,559977.04652485,"[0.0575448605165471, 0.04672491581492332, 0.44578229688461624, 0.4499479267839133]"
19946,592.8720645885492,801363.1248373115,"[0.443465747586236, 0.02151964296767144, 0.08945364576913896, 0.4455609636769536]"
12006,893.0030655549172,359671.822686018,"[0.7424342903813121, 0.16228256128371682, 0.05829920699013801, 0.03698394134483293]"
19153,288.94049906455416,625309.6985304542,"[0.20693398408219282, 0.2004734925866191, 0.5526723659901985, 0.03992015734098949]"
11933,333.343452406074,839667.5114879351,"[0.19285507383856776, 0.1297434365541616, 0.6495563864651869, 0.02784510314208374]"
2692,774.2135055809299,334537.6854005081,"[0.6246133886251666, 0.021427549487278708, 0.3336264647427259, 0.020332597144829014]"
1616,519.932674514266,875678.3195402448,"[0.22105492616387534, 0.29518776410342323, 0.1956867742605341, 0.28807053547216727]"
5486,948.1664778999844,558070.6937665269,"[0.10865093146844129, 0.5921185469121574, 0.010332961853449197, 0.28889755976595227]"
13049,165.33713866895656,929888.44788526,"[0.2959867326202479, 0.009039407394100687, 0.10663114747436399, 0.5883427125112876]"
19349,14.109010544851383,408737.7730724837,"[0.11441137639874616, 0.8183185178652871, 0.015517872562291767, 0.0517522331736749]"
19803,355.06102346045475,733034.3196541589,"[0.21423077534766716, 0.330912963496691, 0.07238895788067168, 0.38246730327497]"
3474,806.1003805918841,285394.36837083404,"[0.03445241576495106, 0.23757144692273635, 0.03436402278039068, 0.693612114531922]"
16323,904.4162001678052,341147.4820838906,"[0.39739582527397, 0.1585371496133475, 0.2422170183919379, 0.2018500067207446]"
14420,972.0083257984694,772945.931883778,"[0.2555250914529093, 0.25785138612553377, 0.2654230675065674, 0.22120045491498955]"
19581,94.2898332904304,217966.52102827287,"[0.32029526838198097, 0.08819808636645214, 0.5573959146270565, 0.03411073062451032]"
15626,284.8245250084956,350304.3589119712,"[0.05924849822569357, 0.4871838206595025, 0.2057182921626624, 0.24784938895214162]"
16347,30.627047917826257,537650.4028891942,"[0.009081277760788882, 0.7560215189742958, 0.09328919823131006, 0.14160800503360518]"
12554,903.2159468147628,399548.9510884319,"[0.3012783213433601, 0.18605000754365328, 0.28789663197425047, 0.22477503913873623]"
2012,794.8934361858422,515455.17264831305,"[0.009978365663859122, 0.09297482734326774, 0.8105906082691652, 0.08645619872370797]"
2398,857.1552039437177,243332.30615357845,"[0.06048925944096885, 0.11061513853432293, 0.2784323531659033, 0.550463248858805]"
15981,704.4285957256453,976770.8073003618,"[0.008192543098555648, 0.4498232853659885, 0.24868477379824588, 0.29329939773721]"
6450,462.7350225251334,730657.3141931881,"[0.06815919910881632, 0.5434095686045475, 0.031229534076267062, 0.3572016982103691]"
9224,668.1011729160316,412405.3463421101,"[0.12155910857640412, 0.42803466630276693, 0.42747362673268213, 0.02293259838814671]"
8224,821.4819734824467,405691.1977236352,"[0.18510127319006373, 0.36941207266013737, 0.19074025771398406, 0.25474639643581487]"
6854,715.461524906012,954130.9590025026,"[0.45342808870837026, 0.33346111733099093, 0.14100728434869644, 0.07210350961194247]"
12555,588.7834814598937,922782.1867397536,"[0.045088027787744706, 0.3234347320088651, 0.12183493760074489, 0.5096423026026454]"
5697,627.2241975885601,332996.73067289253,"[0.15480406314881742, 0.4081739331424054, 0.23686381517739086, 0.20015818853138637]"
3170,991.4076508025412,769229.6788822016,"[0.13578856298874176, 0.05870500718983843, 0.7436890481649118, 0.061817381656508186]"
6230,272.7680764404324,380155.91409948544,"[0.04032078550295671, 0.38552751456160805, 0.4228712077719118, 0.15128049216352352]"
10844,288.4404047809884,361011.6213479439,"[0.20329998841425526, 0.5959650749492433, 0.15327168146254477, 0.04746325517395646]"
14341,774.232297578504,639019.3152118651,"[0.28829155200481177, 0.10424783090839605, 0.21459718966913277, 0.39286342741765934]"
12666,564.662546957892,694902.637443169,"[0.4341162100901695, 0.14429037960859697, 0.08204741111869569, 0.3395459991825378]"
3345,398.8610775561512,309210.039988481,"[0.371741739185691, 0.27140645236098626, 0.28175193882053373, 0.07509986963278904]"
15052,318.65231899196306,252442.5373529009,"[0.12928023481836862, 0.1574683732382833, 0.70627796852991, 0.006973423413438126]"
6080,875.6621622420058,362815.8339967518,"[0.7259671203485843, 0.021625060678490418, 0.0215864185288948, 0.23082140044403046]"
5346,320.2525283022613,625940.2961715081,"[0.0028760237327150654, 0.16107140558354424, 0.07060807276059311, 0.7654444979231476]"
17018,609.0037046422058,380073.6814887814,"[0.06985946199470291, 0.3194683429717755, 0.4787928497192681, 0.13187934531425338]"
8877,31.575680926387665,746438.6371786367,"[0.006203110276942388, 0.23795118436683027, 0.08212146728345297, 0.6737242380727744]"
7578,852.841248491252,673329.42411426,"[0.3002062645595927, 0.5927771427309415, 0.043983745549455104, 0.0630328471600107]"
14730,925.5331867441938,242823.2737069667,"[0.38425429730556343, 0.39820479146915355, 0.08604978570582669, 0.1314911255194564]"
13915,958.3392906535508,992061.2946577126,"[0.45462173692743385, 0.21071501156873437, 0.3266781332307874, 0.007985118273044454]"
16450,382.9364368169676,303684.9034250349,"[0.16443377657859998, 0.6479447015801559, 0.18453188953549537, 0.003089632305748727]"
10267,934.2161355194102,106160.99841572408,"[0.18185450649714827, 0.39381010364601116, 0.07479088332699751, 0.34954450652984315]"
15797,625.9717160577085,151856.86997382986,"[0.202331086330781, 0.06215667799389736, 0.688024612271984, 0.04748762340333762]"
2665,182.5570958786287,610389.2894384793,"[0.04329176660182058, 0.304672990388531, 0.16591862154875672, 0.4861166214608917]"
1617,796.8360268291826,263904.48424232577,"[0.281093661775477, 0.24694298619607102, 0.1131570444209444, 0.3588063076075075]"
18806,602.1831482895668,539400.5763611093,"[0.14579531515871433, 0.0669018132702583, 0.5158028278419499, 0.27150004372907743]"
15078,727.4780930063044,149994.8991350244,"[0.3577751609768666, 0.03604272361866841, 0.4549564416581794, 0.15122567374628562]"
14132,41.20596715070668,176455.6719496387,"[0.2905629287067922, 0.08070883485830586, 0.6057974919877378, 0.022930744447164118]"
7046,129.75427996533733,369427.3438510436,"[0.004694034315574318, 0.5391986144695713, 0.26489236399255905, 0.19121498722229538]"
2476,796.4550873590913,585736.3781099858,"[0.2527763620847421, 0.38788650422068116, 0.30642681592722515, 0.05291031776735166]"
1082,390.46339162195466,285930.8916280967,"[0.33238105038453375, 0.38926632228239605, 0.27377161481222656, 0.0045810125208436145]"
12408,359.2810145581076,489685.7393147757,"[0.13966688502821295, 0.3996564552897082, 0.197898530068486, 0.26277812961359276]"
10195,228.0155805813353,524681.3354590884,"[0.07033234611078841, 0.06117097110844626, 0.181418247954668, 0.6870784348260972]"
9685,344.5757653404934,354022.4657988779,"[0.1886198078060625, 0.004112734399893404, 0.13083585049997423, 0.6764316072940699]"
626,614.5284608964458,353701.3721256311,"[0.45621965354410177, 0.3581934597057141, 0.060141143606322715, 0.12544574314386148]"
18864,305.3808913526929,703794.3862184738,"[0.19042929034922948, 0.31052677013756136, 0.35527910386387646, 0.14376483564933276]"
2255,154.2924095292122,722723.3669068514,"[0.011658448080882051, 0.8189433819375309, 0.06171156666486958, 0.10768660331671748]"
15818,923.4224574232936,985839.8185829368,"[0.042846720737665864, 0.2656852995214794, 0.4560264378929784, 0.23544154184787627]"
11532,891.1558239093521,621728.4241986303,"[0.18382736249984707, 0.041283694492831625, 0.08631258119434092, 0.6885763618129805]"
12800,785.9902050984252,680907.9545542891,"[0.588894816840059, 0.05058738257967005, 0.06821115448638343, 0.29230664609388757]"
11257,559.8598738068766,742096.3432377982,"[0.13062245457723107, 0.2393772743494824, 0.313855029481253, 0.31614524159203367]"
580,782.1593188026532,183443.22354794075,"[0.5252969861161177, 0.36981496589797036, 0.08154216150526161, 0.023345886480650443]"
18071,274.2357126523895,704024.3003228214,"[0.015996780744620638, 0.06872915175406653, 0.527387488316298, 0.3878865791850148]"
6402,797.4353830809467,222615.63760744885,"[0.12226532602401073, 0.5820051126597855, 0.08885913509509545, 0.20687042622110835]"
5113,849.6039565779743,646706.7166931204,"[0.4541831242731017, 0.11214377786532878, 0.3016874684334194, 0.13198562942815006]"
1971,664.0230780265762,730039.7140552578,"[0.2892723548815844, 0.07169135322392821, 0.10458891599120598, 0.5344473759032814]"
5442,652.3876794914311,257185.658025836,"[0.48404721822346575, 0.077059546987175, 0.18138099315550973, 0.2575122416338495]"
15577,956.7327548821668,555430.8596454922,"[0.23444391090157246, 0.026445651635514024, 0.11600339250116727, 0.6231070449617463]"
12927,963.6301693767716,382984.0470577475,"[0.43852726027786393, 0.13817031715289302, 0.021940181542548176, 0.4013622410266949]"
14438,538.4950457056898,474595.15212897066,"[0.3180848758523927, 0.2511257756476059, 0.23440059133045468, 0.1963887571695469]"
18936,973.1175928327044,296331.43789922923,"[0.39381517718644954, 0.4980278519370142, 0.056762890775301895, 0.05139408010123439]"
1225,762.6287462935708,972200.0383789192,"[0.4557196323433092, 0.06404719944495237, 0.40350120571476045, 0.07673196249697808]"
3519,310.9633047506955,933969.6726141073,"[0.2806104348244463, 0.20496623832431815, 0.3384879302779762, 0.17593539657325946]"
721,721.8966219432764,580470.0756846057,"[0.11353210917798119, 0.12745685805224097, 0.5187791312349366, 0.2402319015348413]"
17839,402.9901684007411,876357.0028889991,"[0.18283837612314804, 0.044897805829305054, 0.3319721285166828, 0.4402916895308641]"
12561,862.6366991348611,390522.0036712542,"[0.11725560814205895, 0.5209553281417804, 0.003118557166155461, 0.35867050655000515]"
2204,570.805537335694,696586.9157818515,"[0.026973815019807338, 0.6728498030834661, 0.03747726009316303, 0.26269912180356353]"
9578,271.7050733760654,639768.9157614753,"[0.32315617861857865, 0.11440360583957015, 0.012006856697580608, 0.5504333588442705]"
18323,153.55409719515794,116022.13838682104,"[0.0016345534384531388, 0.016760500725151128, 0.08826243927218742, 0.8933425065642083]"
4103,48.23129952259396,236887.06432281068,"[0.43432840922283983, 0.45659319537138465, 0.09647440995505292, 0.012603985450722718]"
7167,542.9270695188616,686125.368109801,"[0.40780186464688545, 0.4074387822081561, 0.0727588813650749, 0.1120004717798836]"
10364,826.183643258199,676147.5163989305,"[0.48755074766984796, 0.04739205693973773, 0.016196861365790367, 0.44886033402462394]"
17649,369.22727407649535,673143.6637826373,"[0.1329286011684182, 0.0038348746469199437, 0.4158329641439387, 0.44740356004072324]"
5357,514.3047500953096,603924.2475248083,"[0.4130668166359936, 0.4515169719181578, 0.08823467876136444, 0.04718153268448404]"
1730,752.0895967469331,556292.9602197821,"[0.0355680973858062, 0.6562965054510034, 0.1517009498025802, 0.1564344473606105]"
10100,87.08114996066277,778158.3022031919,"[0.010941901644766269, 0.07415590286088447, 0.22010221392102372, 0.6947999815733255]"
16688,739.3945564052297,489225.43946518766,"[0.21903452109227198, 0.2344715716288548, 0.21924356938512318, 0.32725033789374997]"
4078,773.2751589355247,823747.7785202381,"[0.2295557551441413, 0.011487537737152137, 0.17497316603228846, 0.5839835410864181]"
17768,365.286547833876,972336.2856360496,"[0.2525530572975565, 0.15058652028536093, 0.4155552349023336, 0.18130518751474903]"
14367,411.1352489366154,704778.1869541076,"[0.014840785637709943, 0.3225808496021831, 0.3628888273464125, 0.2996895374136944]"
7957,257.43193639193174,874866.2726727743,"[0.36285126178943994, 0.2083114114317478, 0.3898583548326922, 0.03897897194612006]"
18669,376.52272000872847,988695.0405697792,"[0.11098132276650166, 0.10566687932194786, 0.036609756635872175, 0.7467420412756782]"
4922,347.0426807324643,464517.828095337,"[0.1857893458913701, 0.03461929989989453, 0.005023974539390176, 0.7745673796693451]"
15835,729.8426163465922,503458.63321200985,"[0.2968534169236135, 0.19406660528067882, 0.17410064906568593, 0.3349793287300219]"
4594,721.6829250728977,469141.4960728805,"[0.35306915883868173, 0.4083408809687903, 0.22751685180897321, 0.011073108383554865]"
12131,346.2940577700215,110325.4286482232,"[0.030368377465136702, 0.31479298591096994, 0.5716112368963352, 0.08322739972755819]"
1303,23.18191426323542,505019.2682434456,"[0.02654675165249047, 0.21641031056015464, 0.7217116997464221, 0.03533123804093289]"
224,744.5093396339412,876449.8563718173,"[0.053729354248928385, 0.6417000891001964, 0.08355523276859499, 0.22101532388228018]"
8227,196.71168356072124,311856.6992897806,"[0.028102750169293454, 0.10596632250813054, 0.3357367128486869, 0.5301942144738891]"
3065,741.7681795608388,288696.6522447195,"[0.1917821589070841, 0.01868772382250339, 0.7323604010658324, 0.05716971620458022]"
812,494.58307749601664,802788.458540739,"[0.040285085666239014, 0.32175921180979133, 0.07895373484182576, 0.5590019676821439]"
8826,177.86629208863823,589607.2418523945,"[0.26034128717592653, 0.33723882338461736, 0.060312701466156166, 0.34210718797330003]"
620,184.8602824177825,514408.4317668518,"[0.21851119088174178, 0.07824467513102416, 0.3600646253558257, 0.3431795086314085]"
13708,928.1595420294444,838547.3037749471,"[0.34890996795647083, 0.20996330864455623, 0.3319442603296887, 0.10918246306928414]"
13078,424.1788418856519,812728.1166630853,"[0.1466516878870836, 0.06827648850424235, 0.4789464271118484, 0.3061253964968257]"
5739,219.5445675255809,117447.92228452185,"[0.5960429924948871, 0.09185103467257683, 0.2544773911452818, 0.05762858168725428]"
16473,636.1932659164268,450680.725619412,"[0.002958683542349858, 0.14650054538389545, 0.10591662840558033, 0.7446241426681742]"
3560,750.4865869815828,619182.790587306,"[0.30212673748277913, 0.17111125725363094, 0.1299604090016004, 0.39680159626198963]"
7619,297.5465677008666,514327.13294630765,"[0.574197953087825, 0.04039601911185431, 0.1003585376381444, 0.2850474901621764]"
17009,703.3522431476849,722285.1547253486,"[0.060566614500451976, 0.7698801668608702, 0.019645869497152416, 0.14990734914152537]"
1183,52.66316906830185,115052.1517654268,"[0.3581620574825726, 0.07376070093959386, 0.2100536634310612, 0.35802357814677244]"
14658,515.8259784990703,891245.7501096587,"[0.23501682092604262, 0.08160892126957599, 0.13887345613398264, 0.5445008016703988]"
8814,445.0617552042197,349072.8444559474,"[0.22314356437275426, 0.059755509317246845, 0.6721269335835842, 0.044973992726414704]"
17578,376.68885904360144,712832.1974051817,"[0.505416404414688, 0.07833905327693086, 0.09708157505055451, 0.31916296725782667]"
775,41.002088056706754,936486.6131540708,"[0.10110486814310732, 0.3978651816846247, 0.06462868522523234, 0.4364012649470357]"
18781,155.5416770983703,671967.9636069734,"[0.04498206786788958, 0.6179165869869797, 0.29199611672020576, 0.04510522842492497]"
7977,128.3149206585572,105948.45138219364,"[0.6144544667883816, 0.15787261007426678, 0.13833423177117427, 0.08933869136617716]"
10808,489.9906120370696,617303.3582743276,"[0.3903874955171873, 0.2148187807209946, 0.23453302617283459, 0.16026069758898348]"
15459,937.6850034348366,214550.27019837385,"[0.21347513309781768, 0.12393838220498828, 0.4804450773741648, 0.18214140732302922]"
11442,752.9619810027195,126121.08879702748,"[0.5044566824284009, 0.28015307384006627, 0.05454262451055339, 0.16084761922097954]"
1482,790.0909675403749,454257.0251067412,"[0.3987935294693189, 0.05792470660236342, 0.456836723806368, 0.08644504012194978]"
10946,391.8856921744744,516358.234215832,"[0.003896984128523622, 0.21375007052619946, 0.24368587669390074, 0.5386670686513761]"
159,991.557723047046,945653.5785973944,"[0.4431222961057845, 0.25779539128985995, 0.0835069577160789, 0.2155753548882766]"
7629,63.25110745926762,409052.185269013,"[0.10779282385724379, 0.1633437522531917, 0.05132429381251217, 0.6775391300770524]"
19960,225.9038391765232,884138.9115306778,"[0.11380144723546277, 0.4411882223806009, 0.36176621062170744, 0.08324411976222894]"
7855,631.409435185242,630850.0676304536,"[0.04075586566017967, 0.13760070786048653, 0.5586945601031933, 0.26294886637614057]"
2949,962.3260705930462,243383.0867744152,"[0.22202863170108122, 0.5113137145702604, 0.13500255985395027, 0.1316550938747081]"
616,703.0955840472258,484360.55172254826,"[0.14668526885254732, 0.05900343051408552, 0.5643074333019533, 0.23000386733141384]"
18250,859.3654780208166,438513.30031100113,"[0.048197474993714594, 0.4633746564730103, 0.17857093898884913, 0.30985692954442606]"
17199,365.581229032934,216293.3557809033,"[0.08307644009853743, 0.15391143847903405, 0.68104637265714, 0.08196574876528859]"
2071,174.41574074326343,763219.6866473911,"[0.35932233307137174, 0.4671694147791843, 0.08462147241998333, 0.08888677972946064]"
2629,556.209999159878,979919.7999243456,"[0.2283549043127007, 0.20664633747042516, 0.43088185703906745, 0.13411690117780656]"
2852,296.6448516949257,397291.7634430535,"[0.3673120842811106, 0.13987761109714184, 0.08740309301975246, 0.40540721160199505]"
7156,857.2755555043499,860056.568549154,"[0.5167666055182901, 0.06035576238870871, 0.027772055510385325, 0.39510557658261575]"
6248,373.78410468138935,679987.2617296894,"[0.09575552708319435, 9.97492098512088e-05, 0.541088993520334, 0.3630557301866205]"
1410,757.8463905866697,583867.2965101323,"[0.18063598502864184, 0.04032465889632492, 0.6036983126330822, 0.17534104344195112]"
9235,698.5755820157433,953401.3283242808,"[0.32978118917714894, 0.10364860101689038, 0.4678777557087622, 0.09869245409719846]"
13269,553.0172641529103,794437.7785407483,"[0.15562143160807623, 0.46947282446972854, 0.26297299885577063, 0.11193274506642464]"
590,671.2513085494933,664773.5309146843,"[0.338292203936669, 0.11183031512347219, 0.502846165492731, 0.04703131544712775]"
13605,647.8491422913638,708784.1578352503,"[0.16421687085586217, 0.034199909754083734, 0.7307850473298368, 0.07079817206021731]"
8975,606.7165519085903,148213.4616246749,"[0.21006026141714493, 0.006744292225617199, 0.47961738901585216, 0.30357805734138565]"
15703,128.0128300702857,668527.8680714521,"[0.2394801194398059, 0.01190712639279552, 0.5616483269684441, 0.18696442719895442]"
5361,638.7235270784439,360052.8510988032,"[0.12150350844512353, 0.17747395287674514, 0.09300626350243153, 0.6080162751756997]"
2332,964.4960570611582,944857.0866606846,"[0.39122835622557706, 0.14379126563385095, 0.22805620355002323, 0.23692417459054876]"
9975,983.4114153507796,893559.5585080567,"[0.6121776494696901, 0.0019133438153840824, 0.2309570133524742, 0.15495199336245175]"
1705,76.90862918152246,511429.5708279167,"[0.7123669802667533, 0.12356751167792392, 0.11581767060124475, 0.04824783745407812]"
2919,283.68830630494824,251721.0767964153,"[0.32851401461616286, 0.18015574210157895, 0.2027218353846155, 0.28860840789764264]"
5834,127.87379658939516,197964.32402645628,"[0.05512126643808716, 0.30335495232468324, 0.5149806871745198, 0.1265430940627099]"
12681,239.8367376812904,375147.7590306357,"[0.5696368588454529, 0.15482913111311256, 0.22942340271385617, 0.046110607327578365]"
13370,448.8759398833162,851918.7713582884,"[0.13702926136551613, 0.2160330834649653, 0.1713953195359846, 0.4755423356335339]"
5691,194.4253741718805,168957.25378812093,"[0.28591943928848707, 0.09232835767394132, 0.011381371929138937, 0.6103708311084327]"
18146,814.4590940862322,976804.322123689,"[0.05097147468692366, 0.28519688380539493, 0.1555657001968286, 0.5082659413108529]"
6740,972.836349280475,308714.9768662707,"[0.3195682314473081, 0.05699910750944115, 0.5095289358980324, 0.11390372514521832]"
17017,103.63338145143284,635915.5486532003,"[0.029860788382659983, 0.22040699580110215, 0.6228466818998981, 0.12688553391633994]"
14994,682.1822992151324,684934.6408917388,"[0.2727226679181802, 0.38269862952511463, 0.16723786896097606, 0.17734083359572927]"
18451,451.8318432111813,699674.1640642273,"[0.3954241377327679, 0.3910789735579041, 0.17608516187827877, 0.037411726831049166]"
13623,108.48266219527332,589764.5015226374,"[0.4401650037861033, 0.36821379713707064, 0.13196619961659606, 0.05965499946023012]"
13340,567.6486716206753,379001.24617110007,"[0.26657535515341363, 0.07867323768323593, 0.46317663522289954, 0.19157477194045092]"
2866,428.4588583938911,571988.8673105979,"[0.35303676613481005, 0.14856406621426335, 0.4946849447842484, 0.0037142228666783507]"
4846,392.4476048863029,172349.7200431222,"[0.3011952078602003, 0.17077446762701237, 0.389800128682329, 0.13823019583045834]"
19511,224.85420124461936,903359.6451601126,"[0.2276572661722964, 0.2638342219040387, 0.1476054568464314, 0.3609030550772334]"
827,140.33682448512357,776157.1044722298,"[0.02336145863016291, 0.24997199422956587, 0.16610357804544434, 0.560562969094827]"
3318,661.8301271126223,582129.4837197396,"[0.08202256932190073, 0.06653160716899592, 0.18027077407745976, 0.6711750494316436]"
14887,889.594474195016,677302.6629518878,"[0.1620853987301955, 0.3773912056721425, 0.29257398023627473, 0.16794941536138733]"
11713,801.1631305916516,711691.9911297186,"[0.26810710359786544, 0.11402401001271129, 0.02654002984541816, 0.5913288565440051]"
16295,192.73347019801184,453682.25048914255,"[0.1380263412257159, 0.00983017843852001, 0.3518002035873601, 0.500343276748404]"
6412,867.776965384948,512912.7401645336,"[0.07098374647209033, 0.3000146292273598, 0.447334711101639, 0.1816669131989108]"
16218,885.9954206693349,228220.6491631419,"[0.12554512392649392, 0.3302148520187352, 0.3858870293882867, 0.15835299466648436]"
5579,897.8623224835508,825632.92119397,"[0.3050745071486948, 0.025839299047262242, 0.26773669477502793, 0.401349499029015]"
11883,518.8231205278926,224943.63570691377,"[0.15186501505975517, 0.3407570115551652, 0.41761327410207666, 0.08976469928300272]"
18520,37.36265310464057,485725.0447348532,"[0.20124281091864815, 0.16486640958730955, 0.5943075791857934, 0.039583200308248946]"
2840,547.2785972190162,828383.2919876602,"[0.2875109998392919, 0.0003125765660154656, 0.04559896925419349, 0.666577454340499]"
12580,205.6555035678884,577332.2058983853,"[0.5464507101528148, 0.030024421663679784, 0.2826974202068812, 0.14082744797662414]"
18168,516.4739580410038,597545.9691075092,"[0.15168801327154474, 0.12650898502928126, 0.5300864159514987, 0.19171658574767525]"
12044,805.3998536221618,296091.7173491315,"[0.5309313819861615, 0.011156670665685502, 0.1405402280438333, 0.31737171930431957]"
4425,922.9719802728688,136387.170564728,"[0.3395147416945115, 0.5112662992549714, 0.08499553885894752, 0.06422342019156975]"
2979,257.0020721616784,432402.5876755655,"[0.11638611933284043, 0.08398096126757457, 0.3235077315913089, 0.4761251878082762]"
15072,809.6626457187293,537245.5448432834,"[0.1187364761005901, 0.12559050279903367, 0.25983549739320955, 0.4958375237071667]"
18916,958.6615677564472,432862.1938958465,"[0.8212633761317322, 0.05363874015579077, 0.04224629120909496, 0.08285159250338217]"
823,88.51741074654588,518086.3192587972,"[0.2756781985836152, 0.06169072306448648, 0.19572368434753806, 0.4669073940043603]"
13812,498.7878089151152,596652.3094499768,"[0.27646964900525295, 0.09403869882755694, 0.1573808149411637, 0.47211083722602637]"
6013,424.2794831450622,885046.8864922916,"[0.049489495814016, 0.32319513182499787, 0.40862092669064926, 0.21869444567033688]"
10739,170.79732172771762,900488.6868248752,"[0.23661090100737722, 0.5050618550275116, 0.09123681562759456, 0.16709042833751656]"
13396,682.1153286563037,931344.910960081,"[0.6543860166696049, 0.04819764162330851, 0.22002880733521926, 0.07738753437186723]"
802,557.1355929011158,495338.789451108,"[0.40502097466282716, 0.2008824981846936, 0.15622432382791096, 0.2378722033245684]"
13534,681.0551276284256,289564.82620437455,"[0.6894007094287881, 0.10087513204938864, 0.002113904312056682, 0.20761025420976667]"
17211,765.8967033699594,839170.3479514611,"[0.2662392764032871, 0.05134803069269491, 0.5311970228325927, 0.15121567007142522]"
19274,387.4119506779364,995772.805406523,"[0.7509088327245373, 0.05090066509075045, 0.02348277387611177, 0.1747077283086006]"
17508,669.0224463392516,773732.1463481976,"[0.22373435643165276, 0.54177595909835, 0.008153674796848554, 0.22633600967314862]"
5192,756.8854830584738,236404.8854438077,"[0.1653122458659186, 0.5349072946226626, 0.199668108196757, 0.10011235131466191]"
9779,49.96882937623771,230999.6392263113,"[0.2606980109620351, 0.24794139249092498, 0.04181865532240326, 0.4495419412246367]"
9964,917.2738481171768,317809.6187087323,"[0.15182071438254816, 0.3815027251961047, 0.055707212434994685, 0.4109693479863525]"
8333,978.6887970984674,729651.0719874052,"[0.3694876940896388, 0.41403936227690546, 0.06822628582324397, 0.14824665781021182]"
6044,508.4308864960006,938473.4861425504,"[0.31766606972792005, 0.023164045014497692, 0.13393530693377687, 0.5252345783238055]"
9626,351.0910135231681,242152.669184194,"[0.3006972439940356, 0.1898177743656355, 0.25934240902518635, 0.2501425726151426]"
11602,255.3589800881876,363466.1843227614,"[0.13002979032800513, 0.24606939617162954, 0.014812306851913818, 0.6090885066484516]"
16001,505.7665645284135,794095.0262142573,"[0.05096064337905596, 0.0650890951705546, 0.75543466475417, 0.12851559669621945]"
17406,750.8269603910194,423457.4705848309,"[0.4427926354148219, 0.2823325259784965, 0.023571883056768494, 0.25130295554991317]"
13948,182.4686519807537,458014.26231156976,"[0.03147432069666254, 0.6110656850984861, 0.15102755235342097, 0.20643244185143036]"
11178,108.705883760102,889561.5479607614,"[0.05195555365875386, 0.11814312187216376, 0.11874144214434541, 0.7111598823247369]"
14737,820.8905613186403,530284.2162290257,"[0.5327483694410623, 0.09564823324498017, 0.09260391049522225, 0.27899948681873527]"
451,805.0737953101037,585696.1498052906,"[0.018592155183624916, 0.7567166587351553, 0.001600364657136491, 0.22309082142408318]"
2658,767.3920994106652,505990.9724226737,"[0.6137925066603033, 0.16858834356144056, 0.17006561910719173, 0.04755353067106463]"
5480,972.49953262241,810458.2333397953,"[0.40654758739104047, 0.20155859379745852, 0.3780095515388131, 0.013884267272687875]"
19615,52.357627158847954,469154.5779926242,"[0.08812662562902238, 0.11668321953432675, 0.4208698332393773, 0.37432032159727363]"
19525,379.52242948699023,464872.62571954617,"[0.3555370505261342, 0.31740129317465593, 0.1596941947513024, 0.16736746154790733]"
3196,76.82588608523486,368390.9160197617,"[0.27574501794833045, 0.20056779798118005, 0.1150759507099542, 0.40861123336053523]"
9787,710.4847420451649,998725.9196755209,"[0.14852584755398696, 0.27755390100217925, 0.5435125530699314, 0.03040769837390223]"
12043,774.3598868230657,243437.4713231432,"[0.2716890840059343, 0.009589645048739952, 0.2557608237944405, 0.4629604471508853]"
7771,936.9157368823344,795994.4467416261,"[0.4478402791488977, 0.012708947059121197, 0.5084776251141838, 0.030973148677797335]"
6189,233.47424079593824,341193.2589494128,"[0.5482759085150095, 0.1804650599975343, 0.08543008525001901, 0.18582894623743726]"
2617,304.9706379503478,626101.9603206844,"[0.06558341719936275, 0.7530659285659095, 0.028384698545803305, 0.15296595568892443]"
3284,862.1842229810028,711612.4855168135,"[0.16341941651946507, 0.06977069706876586, 0.36285165445373974, 0.40395823195802927]"
12485,451.2510301406136,489603.9675571036,"[0.15460182694644053, 0.15519341985835935, 0.18197153955548387, 0.5082332136397163]"
14055,961.0673951920044,772538.3156541315,"[0.3163984165160988, 0.13044955850691553, 0.027108458220261186, 0.5260435667567246]"
1350,486.5044725319262,915864.312154936,"[0.13396495406759523, 0.17889012483166522, 0.4483034457564982, 0.23884147534424144]"
12331,49.88133776066845,265015.1420761942,"[0.4497790357989649, 0.3975371349238782, 0.02488304534344417, 0.1278007839337128]"
14067,853.776212349225,161587.606571669,"[0.07599475057407773, 0.08097312675617803, 0.7720238214863666, 0.07100830118337766]"
7723,992.295328523068,882213.9723594271,"[0.7693095766420467, 0.060838271240165935, 0.0778841991107727, 0.09196795300701474]"
17367,89.59760902710136,625236.0879187116,"[0.23453115050748755, 0.3934682546931946, 0.349903101310371, 0.022097493488946802]"
6769,954.1679606165384,374242.2527842096,"[0.2761532657212666, 0.08531576974062179, 0.2706733413392246, 0.3678576231988869]"
11513,858.5653041225981,471487.6152211696,"[0.6043736920591986, 0.0494402865789067, 0.312140203919389, 0.034045817442505545]"
12431,971.9546196815132,124333.09432289485,"[0.6213439061946301, 0.24945990788876843, 0.03848351306503413, 0.09071267285156741]"
4627,739.564239466472,806374.7161735769,"[0.441412231270894, 0.2839405547672046, 0.044478956585080616, 0.2301682573768208]"
9341,911.0037825328742,429075.6112391088,"[0.2935619098039557, 0.10207550076729596, 0.15059648915703316, 0.45376610027171527]"
18633,342.93938731800966,555447.8785544466,"[0.301510923546522, 0.010667160324820305, 0.3594111738254961, 0.3284107423031617]"
9003,461.6359237377931,522867.82796065713,"[0.365007453716795, 0.2808961765368228, 0.019121436338352383, 0.3349749334080297]"
12508,557.2018631271121,690370.7460096317,"[0.23026469017456866, 0.014094090215754742, 0.398795177452287, 0.3568460421573896]"
15603,121.58933659705647,253885.55441692105,"[0.11766943008923532, 0.07422772948386464, 0.24313725930266256, 0.5649655811242374]"
15709,415.0775296528639,204166.50049123392,"[0.5850799058603074, 0.09485996969518223, 0.1254895154913236, 0.19457060895318673]"
2971,929.7363101114324,752023.7947748462,"[0.35665614812948226, 0.068403621819134, 0.45205289869183807, 0.12288733135954581]"
10182,732.5898097035454,663113.6564618483,"[0.437821798772811, 0.15660444597667744, 0.15128800679161403, 0.25428574845889756]"
15915,948.0550080807644,350578.27359869867,"[0.09013925407917095, 0.19968427515016984, 0.25428951492089114, 0.4558869558497681]"
18101,427.3649272180615,850658.692024273,"[0.5489730823245591, 0.3342989791317373, 0.08181809707389953, 0.03490984146980407]"
17458,892.1145395464005,316755.16573462763,"[0.4061456063959455, 0.5163670258547441, 0.025327232068082694, 0.0521601356812276]"
1280,522.691684966916,413851.04595998337,"[0.08558568130814724, 0.5027823640154291, 0.38229387419018884, 0.029338080486234836]"
14965,901.9988719824864,405699.0903762111,"[0.30655858368911265, 0.5154857067990986, 0.1717308080230059, 0.006224901488782753]"
7549,217.8195122338929,709676.4234548842,"[0.17619736452130932, 0.11326586184444205, 0.21460461709984127, 0.4959321565344073]"
10630,857.7205320362107,810083.929622062,"[0.6717271138630035, 0.10521024212191225, 0.17814079701101737, 0.04492184700406673]"
6516,801.1351698619375,439101.63187128736,"[0.027009052624694465, 0.15699619375343163, 0.5360365790258887, 0.27995817459598504]"
890,855.5113593251839,723906.9996743678,"[0.36596647258400333, 0.07258310520449664, 0.3294964295797465, 0.23195399263175345]"
123,69.28846947230826,820248.5164689327,"[0.27534866984190054, 0.1161415759394653, 0.458963961105232, 0.1495457931134022]"
12565,325.52304732555365,588350.6116365099,"[0.019510248385471017, 0.7292021859677068, 0.12178442762731649, 0.1295031380195057]"
11626,808.3368557915344,890364.2041175826,"[0.15541831607884607, 0.07967182833255824, 0.7524327795829454, 0.012477076005650272]"
5841,527.4917200759155,881832.8276278689,"[0.06765992189577252, 0.08280742295561584, 0.6357299369305465, 0.21380271821806512]"
6995,783.7999999949784,981738.2676224818,"[0.03090117028784648, 0.5056410409234804, 0.36943737030080315, 0.09402041848786988]"
15368,584.3005416163986,651970.608311057,"[0.030310026073749805, 0.06171139950662661, 0.29435206997376767, 0.6136265044458559]"
19307,308.63021641465866,203812.2482469837,"[0.37640394716142556, 0.10872776462309684, 0.0671044956871593, 0.44776379252831827]"
18222,854.920481131306,908464.190014421,"[0.27582852038854394, 0.11845856672867736, 0.342271947843705, 0.26344096503907366]"
5760,566.5839010147635,281599.7299738717,"[0.7701562225457005, 0.02218859750116282, 0.08476664517564442, 0.12288853477749233]"
13303,755.6042223315029,239164.3577563067,"[0.6801212026411848, 0.17355267934671406, 0.09097889502687322, 0.05534722298522796]"
15114,768.196371602781,803608.8494971961,"[0.2840665870895094, 0.21714969009303592, 0.014964074780516428, 0.48381964803693817]"
19818,325.75510034875134,190397.44791764463,"[0.04828490641926834, 0.41498001046376887, 0.5003600703859749, 0.03637501273098796]"
10970,407.4684955130992,343180.1898075309,"[0.1389151161523231, 0.2234888755482442, 0.40211252483447174, 0.23548348346496087]"
7876,716.6967024190994,503417.5023802841,"[0.4020542505214362, 0.160762985984827, 0.015363597163900568, 0.42181916632983624]"
13958,500.7814994138804,642547.2347385023,"[0.1556379832944658, 0.4896665069194986, 0.16337803220152874, 0.1913174775845067]"
16341,579.6015941343585,939151.5781170172,"[0.024553020102996228, 0.7065632027108633, 0.1464351254368098, 0.12244865174933059]"
12281,691.7443621813924,629670.7770746214,"[0.6649967739882656, 0.02242191975952566, 0.2924729468485617, 0.020108359403647073]"
1456,758.3642667027091,976369.4577321884,"[0.08053638459843664, 0.1365082371989844, 0.5975069542933866, 0.1854484239091924]"
2721,787.105301124561,949529.8264522206,"[0.48178860344143415, 0.015418209913351391, 0.03358378824469174, 0.46920939840052267]"
3408,71.51264307914332,109125.4029072332,"[0.6596184342900303, 0.14941724748444382, 0.021868644895068384, 0.16909567333045752]"
15642,244.9861710316813,193306.83904498804,"[0.11144374025368614, 0.5570908644400305, 0.11005184659403744, 0.22141354871224586]"
2577,307.6523876984233,670599.0991692035,"[0.13373847738375197, 0.06086521119558569, 0.46129929824205496, 0.3440970131786074]"
5736,513.0608880646648,381350.7673568691,"[0.04403760585322217, 0.8494394121707415, 0.03533554359994233, 0.07118743837609395]"
6982,192.6112851010295,178705.7144153157,"[0.16585317647325223, 0.7593807037129666, 0.03948779470341585, 0.035278325110365355]"
5634,811.9574196313364,285154.4592869411,"[0.26692791492950446, 0.18124160878511705, 0.506548177046699, 0.04528229923867946]"
8895,956.0304608110036,554442.5440569202,"[0.4951711451751998, 0.07025826762639362, 0.18883457797734618, 0.24573600922106048]"
15911,611.5532984698804,609622.3964126294,"[0.05908256642337646, 0.055693744915409606, 0.750692119755135, 0.13453156890607895]"
3699,553.9393959595257,567372.8295147917,"[0.20043143838200467, 0.2518029045522779, 0.5069695192969251, 0.040796137768792255]"
7114,558.5149320040953,544591.7208087463,"[0.02631119571862838, 0.3608042942082445, 0.32540201573591415, 0.28748249433721296]"
15220,752.788468720913,331292.345499974,"[0.3280181746358904, 0.2233048186185064, 0.41377402943916075, 0.0349029773064425]"
18049,441.82121784774,915591.8838568672,"[0.053567646014606736, 0.1943806875409578, 0.38320114273686784, 0.3688505237075676]"
10235,103.78697376069188,525120.3042979427,"[0.38079719314252813, 0.16295665286636185, 0.33938621170047395, 0.11685994229063602]"
676,142.97845524790327,193685.72781606577,"[0.16453857095157257, 0.6023015081810226, 0.03564313038297654, 0.19751679048442838]"
13175,815.6971010810668,390089.61145970254,"[0.358486429711193, 0.5099353366289587, 0.07821395904911753, 0.05336427461073083]"
4812,403.783360638541,550121.219691691,"[0.059944518876603396, 0.014829006449714813, 0.20256350915613738, 0.7226629655175444]"
1719,251.3655134668093,292867.098457069,"[0.030241990926126044, 0.1998574210635695, 0.4636488464363544, 0.3062517415739501]"
10371,598.9421319714343,370372.44291023794,"[0.6266670838756304, 0.17770718159727258, 0.06831183954454435, 0.12731389498255255]"
7474,637.0013089734136,946985.8463699542,"[0.12233979247204987, 0.31853906381938846, 0.07829151770949193, 0.48082962599906975]"
3484,422.2840123654734,315101.0531374633,"[0.004331565803070861, 0.3556224805747791, 0.03300320537533915, 0.607042748246811]"
7804,197.12936116346896,367763.04679288506,"[0.08549052563636018, 0.42612431591348304, 0.03897895631603027, 0.4494062021341265]"
9187,589.4459116814015,959540.071301138,"[0.29860812111558577, 0.1270938832972501, 0.23996006590356617, 0.3343379296835979]"
15552,360.8629642543843,707910.7874877702,"[0.4500105622624567, 0.050209994561449235, 0.01621669674476708, 0.48356274643132696]"
6172,558.7831242857083,735811.6748320856,"[0.2646590205796977, 0.3149614451538495, 0.06509710297698736, 0.35528243128946546]"
12483,662.5255397340708,323876.12849941134,"[0.15972026477300572, 0.081122924057688, 0.14032261250512673, 0.6188341986641794]"
934,103.22253141883428,669179.4816377286,"[0.3653911386913014, 0.19573256944530942, 0.24834248931557004, 0.19053380254781918]"
14304,866.0493849633103,340239.660646923,"[0.13090623067446605, 0.21244341973922967, 0.36116512173061366, 0.2954852278556906]"
19291,444.1467046397568,815030.1254342763,"[0.022553930106088138, 0.03146491840929516, 0.15525856231342922, 0.7907225891711874]"
8763,316.2622274933414,574967.2793827157,"[0.020449125145283756, 0.26253929821481314, 0.2064074322782867, 0.5106041443616164]"
5163,27.925620471020537,807382.7560563661,"[0.08843861557986908, 0.02798135204402004, 0.25831939388458736, 0.6252606384915235]"
10718,487.4590359307357,653869.0781050248,"[0.0066340901379034764, 0.050741136698825996, 0.26317624092441666, 0.6794485322388538]"
16429,54.352935236559965,109767.9817037898,"[0.20093032936908853, 0.32750871433912554, 0.252344164636314, 0.2192167916554718]"
19270,527.1738978045762,174823.26113815076,"[0.3250760782332451, 0.39524357824410583, 0.02052165258364957, 0.25915869093899957]"
14264,386.1751141902372,942526.278184533,"[0.3406378770950994, 0.3529353465425456, 0.11879401247226692, 0.1876327638900879]"
12224,748.618038649511,159302.5767635876,"[0.381049660465098, 0.36750775286675724, 0.24160471381152487, 0.00983787285661988]"
19490,747.774816071945,419391.1471384347,"[0.13181636361347573, 0.26568127830278726, 0.07816034169406207, 0.5243420163896749]"
19377,264.145334487515,609718.8826129312,"[0.23801345053079354, 0.01602951528300037, 0.049843047866273645, 0.6961139863199325]"
1275,364.7768116088464,536705.9446594308,"[0.0648781267699022, 0.31072494896891906, 0.11368297179651005, 0.5107139524646689]"
15173,652.7156099924126,139103.85604086958,"[0.26023175319798814, 0.2624751693587604, 0.1256806546976755, 0.3516124227455759]"
6117,626.9952132320489,352633.0565916237,"[0.22442844409109292, 0.4288768441186009, 0.02030461204200526, 0.32639009974830097]"
16009,212.8681534073364,854767.368332757,"[8.469733613447046e-05, 0.10440794245823486, 0.6328989619534743, 0.2626083982521564]"
6276,604.5367776312742,704563.3953816872,"[0.18402642216236564, 0.7430570762623521, 0.05200538852484377, 0.020911113050438506]"
436,24.31599100359859,350372.06132683915,"[0.0543018724170346, 0.5150891946881184, 0.17051818287518755, 0.26009075001965937]"
7274,713.2292344610647,583750.21161139,"[0.19150064423572505, 0.36006522361086657, 0.05020437779090292, 0.3982297543625055]"
11840,462.50923784713086,980562.7516214306,"[0.014663988612820127, 0.7503701884870715, 0.06347892489297724, 0.17148689800713093]"
1137,643.9167160202747,768270.1337593023,"[0.49666837830877225, 0.025921775384800876, 0.0856941055589444, 0.39171574074748244]"
1203,786.612998692951,408202.1941473298,"[0.17502088244142233, 0.44076307833404055, 0.25700513077238024, 0.12721090845215674]"
3276,904.1418576665652,530195.7656915855,"[0.10689283609760987, 0.000957951193329428, 0.29660051566304196, 0.5955486970460188]"
8881,54.26073307205704,464743.00576554,"[0.20011431913739536, 0.6009348329312321, 0.11318659284654327, 0.08576425508482935]"
13417,250.11040062216043,133985.42990838073,"[0.2612791153691952, 0.1303848857146154, 0.3672045272014116, 0.24113147171477792]"
6018,199.83699196786029,512479.8168958201,"[0.03966583988401304, 0.06594786940932017, 0.6627911257204296, 0.23159516498623714]"
15319,192.44441428035333,190692.1075900537,"[0.7659404941097901, 0.01252272525456615, 0.2062202908845639, 0.015316489751079718]"
10411,700.4757323228923,263306.44948298414,"[0.6101486560948958, 0.11791687111905172, 0.23315635156400233, 0.038778121222050134]"
4465,798.645281166766,229727.1941303087,"[0.313834255480104, 0.5834777987449298, 0.057453847720690336, 0.045234098054275744]"
2660,150.43389822069778,677503.2385737218,"[0.3164599477058763, 0.5267009974290462, 0.021439929589150104, 0.13539912527592735]"
14533,653.4604739712129,301454.59342411684,"[0.007590204232995499, 0.4878640423683779, 0.07304246589642192, 0.43150328750220474]"
1438,525.1842592187433,781749.6861078399,"[0.8281119848281799, 0.030516780287807608, 0.059187217142647776, 0.08218401774136462]"
2561,753.5381963918766,335491.6413891475,"[0.06214279316059524, 0.2694912743165678, 0.24407019233956548, 0.4242957401832716]"
17271,544.8178034928284,807317.6777185538,"[0.06914071389228978, 0.8558676965615601, 0.030139185676065387, 0.04485240387008457]"
17854,376.9096398027996,498218.3030473484,"[0.004602924070156354, 0.33485546155346435, 0.29749642540689886, 0.3630451889694804]"
9898,151.03325299343382,506055.886816217,"[0.34335920917639157, 0.4973439282982223, 0.00590460779161582, 0.1533922547337703]"
2163,915.300988466258,499619.9087092488,"[0.24187460219246956, 0.5978603948498196, 0.1485557675916616, 0.011709235366049214]"
2854,645.9543134914513,230876.2757869092,"[0.22157272282369675, 0.3882365094878949, 0.21459943756635808, 0.17559133012205022]"
19771,747.6679934509815,521267.53144949663,"[0.31349018239524146, 0.33949776303656337, 0.06437615144147055, 0.2826359031267245]"
19143,812.5132229106791,778710.8553728954,"[0.2604055728993908, 0.23471463382858807, 0.03447486624559089, 0.4704049270264303]"
17600,725.6557581485233,417328.2741428054,"[0.419411333757763, 0.3544847660149096, 0.19377474617093005, 0.03232915405639744]"
11225,676.685611907581,364477.9629751884,"[0.3414390336006079, 0.34733430695407375, 0.23923210974372267, 0.07199454970159551]"
10886,734.3476143832174,733464.8102630095,"[0.43587602860478125, 0.04545769112591194, 0.09921359288717009, 0.41945268738213665]"
11408,113.99974742379698,791597.2905312829,"[0.141573486758011, 0.2957537942383338, 0.3564954854759719, 0.20617723352768327]"
13122,943.7314759371528,568993.035425589,"[0.3887732034803654, 0.0031862487260944706, 0.5711011751016882, 0.03693937269185186]"
19793,770.7356945325852,948276.5446885224,"[0.2268829364075207, 0.10873868783690864, 0.29831780256005924, 0.36606057319551144]"
3911,788.1350111822306,780614.1724140149,"[0.31032551861852065, 0.35746124146746583, 0.20883521741863023, 0.12337802249538327]"
4657,213.4432438005586,989349.5222463872,"[0.053308926431599735, 0.20086324962829533, 0.6358182050636504, 0.11000961887645441]"
6482,702.9243706073173,339953.9977419197,"[0.26545148223497944, 0.3400419832770112, 0.3195410222047399, 0.07496551228326939]"
7301,541.1998461771667,387323.0411966534,"[0.3705007474644444, 0.4629107110125133, 0.04127138831819254, 0.1253171532048497]"
5902,485.8049722354828,630345.3109039278,"[0.005975711917968923, 0.5585168040651507, 0.24253474927041258, 0.19297273474646795]"
2106,81.70345047661253,836349.440569264,"[0.0017491180805364458, 0.8564122570038167, 0.09527555395621784, 0.04656307095942906]"
3892,845.9889752868019,517383.47389793646,"[0.6252111334176723, 0.22465313757838012, 0.08874717428947745, 0.06138855471447023]"
12933,770.9708557743274,383207.9636906757,"[0.3613054529293686, 0.3544408730178631, 0.03641679312039279, 0.24783688093237552]"
6677,284.8835423335025,771934.6653717314,"[0.21413451215267737, 0.5353139909581937, 0.0167980029555242, 0.23375349393360476]"
14543,46.65022676581149,973147.7871029524,"[0.45026448123760276, 0.09169250959592373, 0.32951644145673276, 0.1285265677097408]"
5403,628.8365841224685,800976.9895203275,"[0.24381650442559696, 0.19321818461156415, 0.3329047483750103, 0.23006056258782867]"
19245,875.3156651967332,828579.2809558933,"[0.012549828928545656, 0.02191366015872688, 0.26335164258955623, 0.7021848683231711]"
15672,680.157145514332,468520.1619815973,"[0.4938058328283907, 0.31357518485527347, 0.08099226856363204, 0.1116267137527037]"
13349,126.74021206737618,995339.6646978642,"[0.03408903825777971, 0.41577312040144543, 0.511729495129015, 0.03840834621176001]"
14863,171.2380354000757,760743.5914568931,"[0.5118951210133424, 0.043057546412961376, 0.320084497463802, 0.12496283510989421]"
13635,991.3898968081844,826657.4645179227,"[0.24762209896799053, 0.07845232623737212, 0.503564127465341, 0.17036144732929642]"
15177,61.07297380529371,866518.2311987665,"[0.031142834998739443, 0.4043904471798218, 0.4149261877677579, 0.14954053005368081]"
12693,594.2504938788421,228007.85220906688,"[0.6131356095484823, 0.19247754123267669, 0.13907818958916165, 0.05530865962967937]"
12146,513.965284087858,400441.4371773114,"[0.18132923712464977, 0.1467249797015339, 0.5324977800986781, 0.1394480030751382]"
16543,607.352381137282,542822.1682541897,"[0.10042883343505767, 0.09426744241375412, 0.10690721348673511, 0.6983965106644533]"
8512,165.23986397666943,140885.41084194573,"[0.1090727248824457, 0.47883515149885386, 0.19814830485742296, 0.21394381876127738]"
6501,417.3797887363963,944825.1022937244,"[0.5282896689004588, 0.2763872608747994, 0.154372635879998, 0.040950434344743734]"
730,756.5850359765831,963503.292660249,"[0.1578410398113664, 0.030408193723419037, 0.747337458142257, 0.06441330832295744]"
16976,360.1465642844742,886391.2712017401,"[0.035117749745429486, 0.26106343624946976, 0.35266646119195577, 0.35115235281314505]"
17828,879.081379769198,248741.1773394812,"[0.004873430581798322, 0.6474200154026, 0.2985443987073657, 0.04916215530823616]"
8789,702.7480453714812,599696.6599734429,"[0.02982615321503517, 0.1315031724592374, 0.2655769351521064, 0.573093739173621]"
13285,595.3076143908496,830855.4203063225,"[0.5027893585018907, 0.09446463267616723, 0.25554836034179096, 0.14719764848015118]"
17782,290.81728901837033,530797.7396972375,"[0.35193211011508846, 0.10154823037829963, 0.11444936613224864, 0.43207029337436326]"
4435,112.83666704836747,935435.98356471,"[0.11849691131314992, 0.07999519037331076, 0.5945049841711044, 0.20700291414243494]"
13965,54.75665109713155,243757.55233819145,"[0.04982776924691701, 0.2611857663588224, 0.21442457552086797, 0.4745618888733927]"
9912,612.853648028218,511019.5365537604,"[0.3046704811314492, 0.5251083338531837, 0.15898739510908136, 0.011233789906285915]"
18063,558.9008128903758,420052.3054342037,"[0.2927244696014504, 0.005982460390995623, 0.23228761593963015, 0.4690054540679237]"
5253,135.81194196337526,137049.5231797761,"[0.018719028934795368, 0.09707629947006755, 0.3648171925269215, 0.5193874790682156]"
11859,397.4361836058396,711851.2630003387,"[0.20871857647256528, 0.297291638768372, 0.17381156451556135, 0.3201782202435012]"
17561,664.3801486000715,882787.8483222957,"[0.2220713899638153, 0.3552891715018041, 0.04886785085943008, 0.37377158767495056]"
8628,982.1796869737782,681095.4467830426,"[0.11698653839877823, 0.20722313891323282, 0.549918064641044, 0.12587225804694513]"
12207,412.6714404839774,143959.39169117203,"[0.38158303098054924, 0.15313599213792686, 0.3271663295553217, 0.13811464732620213]"
1920,178.0176334029904,849673.4383150049,"[0.5365215145100966, 0.2735577697687011, 0.1814330715531586, 0.008487644168043774]"
15623,874.5825299118245,629500.4923678564,"[0.27880400860924204, 0.07644922259837941, 0.39105043453202, 0.25369633426035865]"
16332,360.2390305822236,505883.933827179,"[0.27556941220411885, 0.47654454821238257, 0.20503625282662433, 0.04284978675687429]"
4048,852.3739763608545,720598.1986407135,"[0.27633620344947674, 0.21833870133634276, 0.08362822406925481, 0.4216968711449257]"
3216,25.955515301116897,877967.9708626124,"[0.016483449049404002, 0.04610211143512071, 0.1910072044315667, 0.7464072350839085]"
16136,503.3776928752224,594645.2938463206,"[0.2936658204148237, 0.12174323647076628, 0.47446015917692125, 0.1101307839374889]"
18245,358.2096447481851,107711.26213993652,"[0.5076010544159896, 0.0042323691148300376, 0.033633009828858244, 0.45453356664032213]"
14012,926.6653330501032,136724.71015175947,"[0.04589424261930911, 0.4308037308574574, 0.03920592894225616, 0.4840960975809773]"
10291,307.45079491365743,161986.99810635397,"[0.4652722888264887, 0.05205840272029989, 0.3341671042876777, 0.14850220416553364]"
17693,446.2399337841053,817713.2609508844,"[0.03933842023956516, 0.4625000006911067, 0.4344430804952808, 0.06371849857404735]"
8259,277.23206991519135,158864.0609443258,"[0.08126128231083325, 0.6202748119892179, 0.034251535813478125, 0.26421236988647057]"
14663,991.0593079238791,204206.44290097803,"[0.11236502398530246, 0.1587562136990397, 0.1589095977211543, 0.5699691645945035]"
1771,279.5363718999812,515601.1993564833,"[0.25772669726567066, 0.25709072316996906, 0.40326145866474533, 0.08192112089961492]"
9517,718.0543582106134,815828.7765185097,"[0.030044812193995, 0.004208592748219447, 0.8737968889165045, 0.09194970614128091]"
19471,224.696121907866,276257.98285704385,"[0.6758936682687093, 0.12217858967865064, 0.01329556601725423, 0.18863217603538582]"
84,325.26631744557505,731459.6036959656,"[0.17565308408826402, 0.6208627687911165, 0.014340530113522591, 0.18914361700709706]"
15471,610.17407882489,696457.0875514265,"[0.027039958971710548, 0.15830157703099557, 0.13404818675008084, 0.680610277247213]"
6224,128.8237443100575,933906.6587655212,"[0.3416728670508707, 0.18025386147084282, 0.11729083293640591, 0.3607824385418804]"
4485,796.4556137554666,475409.422142794,"[0.009002317180097086, 0.6245591164417591, 0.14596949360712563, 0.2204690727710182]"
19319,746.9644350778401,830365.4521258478,"[0.16734138979414703, 0.2761273799661006, 0.48576958851485047, 0.0707616417249019]"
7303,198.01209963506923,819111.1750130563,"[0.2736561872784605, 0.050556872891112846, 0.3002664330594135, 0.3755205067710132]"
9048,285.2569103537791,575356.2629867446,"[0.22977577552912756, 0.2226960439494189, 0.38590308534843076, 0.16162509517302284]"
7435,747.7086959848624,825253.5279432925,"[0.28409336203830987, 0.06148570288736126, 0.4218658032707235, 0.2325551318036053]"
551,718.1744398510639,977595.6807515374,"[0.2032984919626312, 0.3627774987486394, 0.3275490369689786, 0.10637497231975067]"
15855,251.36070147515093,168507.6384703219,"[0.5682523108161535, 0.29252525007513197, 0.09850913062524198, 0.0407133084834725]"
14961,170.1626613209866,280751.1522206317,"[0.08127185624555494, 0.6516232087814701, 0.11551553400844239, 0.15158940096453274]"
3654,744.116379003758,979221.1947642146,"[0.23353146116746518, 0.18621755862934838, 0.05255175856446945, 0.5276992216387172]"
4876,97.19394274680084,805229.2408774715,"[0.42403570052175465, 0.4922922982446507, 0.03795123715820034, 0.045720764075394285]"
997,715.5691579694185,916564.2214389906,"[0.23337700964853875, 0.20439460653530284, 0.3435529788534784, 0.21867540496268006]"
17775,717.8387423295188,934718.742083428,"[0.44109187933435806, 0.14529189393208325, 0.171673610129918, 0.24194261660364066]"
18009,545.6144518645125,580696.6369528541,"[0.7146317989269716, 0.23279374634774802, 0.01024076208608333, 0.04233369263919699]"
720,884.1376726008458,166816.21785784155,"[0.4368157172060699, 0.15612439806681305, 0.07149889662275796, 0.335560988104359]"
17620,263.2231422898977,285882.15125126205,"[0.6141419824769836, 0.05828737276636347, 0.15194618049923572, 0.17562446425741723]"
10987,279.3626487904608,785964.7490034305,"[0.6333225895095964, 0.06129695027340757, 0.09722388985226546, 0.20815657036473056]"
16607,106.1582692011927,653050.3291255422,"[0.26521137046833027, 0.3396916911230477, 0.17266713894502195, 0.22242979946360017]"
6022,415.4656632037295,506645.17407147866,"[0.07520070421949762, 0.5912858219713556, 0.13110198264718262, 0.20241149116196408]"
17998,839.1151745395367,121291.73970075854,"[0.5698731251291447, 0.11411049877350679, 0.22058320412227286, 0.09543317197507571]"
6807,330.9648452636611,616807.971498289,"[0.24135662825346477, 0.3937633429704489, 0.11462033365325146, 0.25025969512283497]"
9180,491.64566588949936,978577.554720778,"[0.46567639092873436, 0.1391399081562327, 0.10297272871137025, 0.2922109722036628]"
17692,27.76777128136301,595472.527108105,"[0.39528616947775186, 0.1703049962434073, 0.020234123353164747, 0.4141747109256759]"
5003,43.65819780963185,444602.7184565303,"[0.369655929397169, 0.20848764512349846, 0.38379511933719096, 0.03806130614214152]"
15284,788.5887769861704,272481.835770763,"[0.0265851665846261, 0.32990250984086256, 0.025947424548410078, 0.6175648990261015]"
8487,17.971003740932026,386387.9616248452,"[0.08510795054694964, 0.5708841278316018, 0.15927432881366763, 0.18473359280778076]"
15834,354.4637631494717,178847.06600870375,"[0.27100343569415614, 0.07118603927768563, 0.3135758656265228, 0.34423465940163545]"
2346,531.1652590409664,790341.737230225,"[0.01683414306948808, 0.11614415037643713, 0.724200814893872, 0.14282089166020273]"
7566,278.4758914028208,317113.7240064903,"[0.19556808573565038, 0.29924747347239167, 0.38800214163940333, 0.11718229915255451]"
9066,417.94167850280553,284241.58550302254,"[0.0599557386816551, 0.6328632278936357, 0.0737799063485808, 0.23340112707612842]"
9442,361.1444564062616,738913.1647615569,"[0.4465306953672987, 0.41611839310076815, 0.10890660288626196, 0.02844430864567121]"
4681,584.0176117314683,164807.4140963776,"[0.1775837620791483, 0.7515215777284633, 0.03332664232411204, 0.037568017868276425]"
18612,663.3462063979447,294350.35913357884,"[0.5232348536044471, 0.14141866053702562, 0.31452590318023693, 0.02082058267829029]"
902,513.130509618479,252263.08499340323,"[0.34012240038853647, 0.15047737753297116, 0.16891911558413036, 0.34048110649436203]"
12526,887.827712567213,741609.1023348648,"[0.18788118483605146, 0.28476233040063237, 0.31742055658601587, 0.20993592817730042]"
7072,561.4845907953437,173560.02370342374,"[0.43867250583025247, 0.47143271493251543, 0.028722164288634562, 0.06117261494859755]"
13219,705.4578930460364,224650.8766391388,"[0.10438651203377101, 0.6538232658316567, 0.18801284872201113, 0.05377737341256116]"
1317,984.7695749048584,357397.1011906186,"[0.34407567007508466, 0.34056718796380325, 0.08787459861766218, 0.22748254334345]"
8358,514.7313220664968,678826.1190526779,"[0.10404223258648569, 0.08994808784352104, 0.058975852193031565, 0.7470338273769618]"
11715,292.6607117199357,842307.3355129453,"[0.269953398110544, 0.0030617664106351045, 0.6713523436587253, 0.055632491820095414]"
16407,769.3316655596195,480552.2907025604,"[0.19051312321791053, 0.533134883722375, 0.0900590413887518, 0.1862929516709626]"
11590,124.08467429508948,995911.5026919944,"[0.03307065890487331, 0.06255289921744861, 0.3977340985188266, 0.5066423433588515]"
11472,494.5345054554661,972920.4778485916,"[0.13501559565258536, 0.6773106196896409, 0.002500905416045499, 0.1851728792417284]"
8309,323.9791037411566,671385.5485980414,"[0.5070165990570339, 0.35449103422424005, 0.05655582312480505, 0.08193654359392107]"
19546,515.108591973775,258864.4645282998,"[0.008321893699431966, 0.05991807815397855, 0.05663127124728519, 0.8751287568993044]"
3831,939.7593602250532,953839.0490255952,"[0.20564251404998854, 0.11264128730114727, 0.5277505855016547, 0.1539656131472095]"
7769,527.8894219445881,209284.00150159857,"[0.19171101554432926, 0.09939909765541079, 0.6832245466714748, 0.025665340128785102]"
10424,247.9437029950588,655811.2511813366,"[0.5787919518863498, 0.06100592357562508, 0.21146970744926732, 0.14873241708875784]"
13194,161.28275541135883,476069.7291506103,"[0.061186810345490825, 0.25905269367870576, 0.013851532692176573, 0.6659089632836268]"
18606,853.6085922109237,664616.972675959,"[0.04647428384972792, 0.1786044816827755, 0.040423724935104426, 0.7344975095323922]"
13691,507.3619980328317,781802.838830036,"[0.7848045190516885, 0.17917061606886525, 0.02441095592165738, 0.011613908957788991]"
8066,236.34293216138184,267416.8469258383,"[0.014092370407995143, 0.07758637925058148, 0.024892570182552528, 0.8834286801588708]"
18266,319.53611928641755,249918.67190665813,"[0.5469369136416796, 0.3055974562963294, 0.06861268945118389, 0.0788529406108071]"
6956,219.069778269707,454176.18258387246,"[0.025847070927420192, 0.08319780666187764, 0.6335065159088541, 0.25744860650184803]"
17581,822.609781751885,772186.261958424,"[0.46086714137742696, 0.20423266758261682, 0.16722977718870638, 0.16767041385124998]"
17431,539.2620311756586,465628.0948937162,"[0.0073324892483161664, 0.7171442443419286, 0.15662380616219207, 0.11889946024756329]"
7543,513.2503445691891,717522.3721016205,"[0.19491594082013114, 0.000272150500091974, 0.7537379190805036, 0.051073989599273374]"
16613,900.5728516341586,928697.0262529594,"[0.020445675756444032, 0.04686523141871328, 0.7385003347021326, 0.1941887581227101]"
11143,781.0785008755622,299975.3715838033,"[0.14882695301150084, 0.6733994451758469, 0.0860809391281055, 0.09169266268454684]"
13749,205.48363373102967,835743.084305015,"[0.3242071097397944, 0.0075550804848493235, 0.5856158904961493, 0.08262191927920694]"
13672,535.8317711074545,574284.5392072366,"[0.2466511596297501, 0.42273545632811416, 0.17825959921575824, 0.15235378482637743]"
1148,824.7698133933004,197798.3604228112,"[0.16643183458709873, 0.09113917876471714, 0.3781139916126742, 0.36431499503550996]"
4807,889.3061648530986,429621.1467235973,"[0.3346544420028119, 0.09058320328182969, 0.03858207951195579, 0.5361802752034025]"
2072,285.0797368163029,243349.50613637187,"[0.04008894449988571, 0.43675515669033765, 0.2874427966870679, 0.2357131021227088]"
594,973.2082820233892,917880.8470768812,"[0.4486695931359081, 0.40319472496872, 0.0020624499021836117, 0.14607323199318845]"
3482,919.640829646409,736087.9883612489,"[0.5086891072955483, 0.09417557888496833, 0.2736679978957415, 0.12346731592374185]"
3240,413.2572779334503,815201.9023532651,"[0.35164950248350846, 0.3099039783031301, 0.3179886197799529, 0.020457899433408394]"
752,911.912216917419,490825.9115600504,"[0.4843576221528316, 0.06681835088428001, 0.20188587712316294, 0.24693814983972556]"
18690,303.75049899326234,131850.32599075482,"[0.12512715165043178, 0.36276938961619815, 0.24616292140363816, 0.2659405373297318]"
10234,416.7488136818391,838454.1677937089,"[0.14131035241837156, 0.30482864300484536, 0.5374806183805878, 0.016380386196195255]"
10924,52.34758276103369,532659.2212298487,"[0.3911718391253682, 0.33030189531360094, 0.06638416022082153, 0.21214210534020939]"
352,115.47653433516746,411346.8474907624,"[0.02775981744179784, 0.18905281304223048, 0.3143944724653425, 0.46879289705062926]"
13223,242.2710348629099,173794.69696263113,"[0.2507578642445861, 0.47342160318935056, 0.1743602002939269, 0.10146033227213638]"
19353,526.0980289126346,694085.0067475791,"[0.29303804505422343, 0.2442781149488457, 0.1637449205376825, 0.29893891945924833]"
13789,565.4373696976327,878371.4485399687,"[0.5623184224222979, 0.07840537011985467, 0.024892055896336383, 0.3343841515615109]"
18328,511.87229323327904,265133.27973350784,"[0.7334613854051695, 0.0948929658952826, 0.06078767011301962, 0.11085797858652834]"
12345,25.828741341471485,779177.1551509356,"[0.3411443630178901, 0.1916889753451978, 0.33015066961797657, 0.13701599201893547]"
11580,95.24256146600322,464169.6241823493,"[0.1287691812238934, 0.222490669874924, 0.02501690927223378, 0.6237232396289488]"
19858,540.1442601746708,438067.4249413184,"[0.035175722626339424, 0.8614950781176698, 0.05238457720317659, 0.050944622052814144]"
118,309.0759369050405,125391.87494336744,"[0.03996421364284782, 0.12570994369084484, 0.8174681139261206, 0.01685772874018665]"
14996,541.4504957240283,833915.2730429121,"[0.14762694059317671, 0.2856358901969529, 0.38655256843610025, 0.18018460077377008]"
1989,922.3863953169472,381980.5399629682,"[0.5218646588982842, 0.22555205419112798, 0.0019720739714244218, 0.2506112129391634]"
13198,318.1511394811553,404127.734881164,"[0.13058113371614902, 0.42528004562376526, 0.3926684271126311, 0.0514703935474547]"
8327,693.4362551648243,851148.0754915661,"[0.050815122702552944, 0.6607957849053037, 0.26523700515133486, 0.023152087240808486]"
18004,340.0220724436403,537472.7161718536,"[0.06811763674315918, 0.05587788104907828, 0.8451326417586924, 0.03087184044907015]"
14075,189.97685327218136,366416.9584877429,"[0.09569920187050264, 0.5270851945527357, 0.34727125971208284, 0.029944343864678806]"
12148,733.1214634125221,318360.0631670159,"[0.42692417293612006, 0.008674030131855144, 0.47737103959725113, 0.08703075733477374]"
12448,490.21384992497167,984492.73994456,"[0.38784528126080525, 0.5925753331820136, 0.01890500515190468, 0.0006743804052766569]"
4975,316.7518902446055,498107.3560066338,"[0.4270933514810133, 0.06356793713996542, 0.2846294506166736, 0.2247092607623477]"
17965,70.58795307882437,241926.1366449406,"[0.2998811701123034, 0.12585805715201256, 0.39121300517683616, 0.18304776755884797]"
18853,417.8136638219339,301260.76124880626,"[0.08342228096643668, 0.07934187693637333, 0.005654306706897112, 0.8315815353902929]"
6184,170.72440220392826,952461.1302512024,"[0.0950133962151264, 0.39351477328726214, 0.2653478117572627, 0.24612401874034864]"
11024,590.2121003705556,569976.6732259041,"[0.01981225658185229, 0.4805566939647203, 0.33131013481531435, 0.16832091463811313]"
15380,439.1429908568928,975445.0373208744,"[0.040095396469132266, 0.336785927428533, 0.46195711418301166, 0.16116156191932313]"
9703,811.1631879869012,920962.8623058448,"[0.2927059898501741, 0.41004963728877414, 0.02259788826821294, 0.2746464845928388]"
4340,198.07066842979555,217560.03137037536,"[0.18967295510984672, 0.41392048390725944, 0.2819204535737597, 0.11448610740913401]"
10958,590.5238276207403,850156.2174857913,"[0.13161613336134115, 0.48143822286072974, 0.23350456808027795, 0.15344107569765122]"
3763,700.3383591614165,130237.12978526548,"[0.03735610872788364, 0.16317258721460298, 0.21331131956760266, 0.5861599844899107]"
18467,590.625000481557,259386.2696474241,"[0.2482484367670964, 0.3090607167511817, 0.2663494123081752, 0.1763414341735468]"
10149,271.20741411279005,508303.40772180445,"[0.202914494161506, 0.4828707152103627, 0.0366736200837613, 0.27754117054437005]"
559,357.0552256690402,532969.9503799374,"[0.18924732015914353, 0.27192217898409493, 0.044642500493145734, 0.4941880003636156]"
3302,836.6894244180652,957688.0231069692,"[0.23535241714147734, 0.2589462389759746, 0.20305887929183505, 0.30264246459071303]"
4905,701.5889306062752,285772.0481821153,"[0.5592253089787729, 0.09032826078338396, 0.1223300820569318, 0.22811634818091128]"
16186,178.7763495933048,828201.4777941826,"[0.32283416122944286, 0.00901855382084896, 0.04290376256081115, 0.6252435223888969]"
4304,381.33755223104737,200234.25035518577,"[0.8252186839136977, 0.11376584465861371, 0.012565802930876512, 0.048449668496812114]"
1230,246.4988922509817,611469.42965245,"[0.30205834749980576, 0.19491209965465106, 0.1264325024366945, 0.37659705040884867]"
# ('Propane', 'N-Butane', 'N-Pentane', 'Heptane')