,T,P,zs
0,593.0672020954013,758428.0535776207,"[0.3333333333333333, 0.3333333333333333, 0.3333333333333333]"
1,812.111752948752,663774.7446405601,"[0.3333333333333333, 0.3333333333333333, 0.3333333333333333]"
2,486.6209539172427,582632.0403204004,"[0.3333333333333333, 0.3333333333333333, 0.3333333333333333]"
3,771.2759573776103,525372.4700203534,"[0.3333333333333333, 0.3333333333333333, 0.3333333333333333]"
4,400.65833134202677,782328.8196273274,"[0.3333333333333333, 0.3333333333333333, 0.3333333333333333]"
5,131.32820657394933,467646.995656887,"[0.3333333333333333, 0.3333333333333333, 0.3333333333333333]"
6,725.8380747778313,304313.87215290585,"[0.3333333333333333, 0.3333333333333333, 0.3333333333333333]"
7,358.7654790460264,513715.6223185707,"[0.3333333333333333, 0.3333333333333333, 0.3333333333333333]"
8,769.3992053885772,123401.95809848058,"[0.3333333333333333, 0.3333333333333333, 0.3333333333333333]"
9,61.55558466244951,946376.443205276,"[0.3333333333333333, 0.3333333333333333, 0.3333333333333333]"
10,606.6469391374483,629369.3279526489,"[0.3333333333333333, 0.3333333333333333, 0.3333333333333333]"
11,825.9026543818005,829457.0621279295,"[0.3333333333333333, 0.3333333333333333, 0.3333333333333333]"
12,19.823663319195905,408151.4089366655,"[0.3333333333333333, 0.3333333333333333, 0.3333333333333333]"
13,752.4666794456385,811160.4055554293,"[0.3333333333333333, 0.3333333333333333, 0.3333333333333333]"
14,666.0251895440331,214699.19390075307,"[0.3333333333333333, 0.3333333333333333, 0.3333333333333333]"
15,248.28078434070625,481801.9901605345,"[0.3333333333333333, 0.3333333333333333, 0.3333333333333333]"
16,73.19658406561356,152557.18305288223,"[0.3333333333333333, 0.3333333333333333, 0.3333333333333333]"
17,996.5452595740043,278748.84935969755,"[0.3333333333333333, 0.3333333333333333, 0.3333333333333333]"
18,383.5076024281308,983702.3707475121,"[0.3333333333333333, 0.3333333333333333, 0.3333333333333333]"
19,972.6992755560025,209929.5089103303,"[0.3333333333333333, 0.3333333333333333, 0.3333333333333333]"
20,749.5450209212421,772952.2250126775,"[0.3333333333333333, 0.3333333333333333, 0.3333333333333333]"
21,34.03653231441113,269596.8755425775,"[0.3333333333333333, 0.3333333333333333, 0.3333333333333333]"
22,814.5144252922427,319365.8659253245,"[0.3333333333333333, 0.3333333333333333, 0.3333333333333333]"
23,81.28291112947238,573690.7716229805,"[0.3333333333333333, 0.3333333333333333, 0.3333333333333333]"
24,213.44128651510286,488269.3753379187,"[0.3333333333333333, 0.3333333333333333, 0.3333333333333333]"
25,80.4507213275887,793928.5555993476,"[0.3333333333333333, 0.3333333333333333, 0.3333333333333333]"
26,186.51107179816523,881496.1898753041,"[0.3333333333333333, 0.3333333333333333, 0.3333333333333333]"
27,557.3819387738686,595314.8681380786,"[0.3333333333333333, 0.3333333333333333, 0.3333333333333333]"
28,15.363742189274141,190021.52478007931,"[0.3333333333333333, 0.3333333333333333, 0.3333333333333333]"
29,15.161169672132552,526467.0138724484,"[0.3333333333333333, 0.3333333333333333, 0.3333333333333333]"
30,49.49291275987994,860270.4766138481,"[0.3333333333333333, 0.3333333333333333, 0.3333333333333333]"
31,130.31687780694557,872733.1626881612,"[0.3333333333333333, 0.3333333333333333, 0.3333333333333333]"
32,579.2301223042385,477512.5447343502,"[0.3333333333333333, 0.3333333333333333, 0.3333333333333333]"
33,676.5156231941254,961921.4473922047,"[0.3333333333333333, 0.3333333333333333, 0.3333333333333333]"
34,759.9474860076527,151936.77428350173,"[0.3333333333333333, 0.3333333333333333, 0.3333333333333333]"
35,69.49073137779047,181697.44911648944,"[0.3333333333333333, 0.3333333333333333, 0.3333333333333333]"
36,965.8885265220189,693357.6475600925,"[0.3333333333333333, 0.3333333333333333, 0.3333333333333333]"
37,973.2490538669817,214755.0092320575,"[0.3333333333333333, 0.3333333333333333, 0.3333333333333333]"
38,98.25072265356143,896820.6552058486,"[0.3333333333333333, 0.3333333333333333, 0.3333333333333333]"
39,410.0828534416113,684598.0832570372,"[0.3333333333333333, 0.3333333333333333, 0.3333333333333333]"
40,621.6812273227482,124815.11717469674,"[0.3333333333333333, 0.3333333333333333, 0.3333333333333333]"
41,975.1024462079474,175839.7664431144,"[0.3333333333333333, 0.3333333333333333, 0.3333333333333333]"
42,823.8300848024148,617618.2733291795,"[0.3333333333333333, 0.3333333333333333, 0.3333333333333333]"
43,535.377402949109,676308.1007102256,"[0.3333333333333333, 0.3333333333333333, 0.3333333333333333]"
44,586.4033123726424,484915.06509948,"[0.3333333333333333, 0.3333333333333333, 0.3333333333333333]"
45,85.31494986980522,944948.3735979048,"[0.3333333333333333, 0.3333333333333333, 0.3333333333333333]"
46,625.7525268754889,324416.9071691063,"[0.3333333333333333, 0.3333333333333333, 0.3333333333333333]"
47,224.60960745154733,908366.6596043769,"[0.3333333333333333, 0.3333333333333333, 0.3333333333333333]"
48,764.773051358032,140796.32042346243,"[0.3333333333333333, 0.3333333333333333, 0.3333333333333333]"
49,741.636978225091,322362.6355903309,"[0.3333333333333333, 0.3333333333333333, 0.3333333333333333]"
50,928.757044893217,475329.356319361,"[0.3333333333333333, 0.3333333333333333, 0.3333333333333333]"
51,851.6896884392544,939996.6576737843,"[0.3333333333333333, 0.3333333333333333, 0.3333333333333333]"
52,498.48687499672354,963336.808034129,"[0.3333333333333333, 0.3333333333333333, 0.3333333333333333]"
53,182.76033139579937,918522.1492653383,"[0.3333333333333333, 0.3333333333333333, 0.3333333333333333]"
54,139.38296202265286,711629.155708842,"[0.3333333333333333, 0.3333333333333333, 0.3333333333333333]"
55,252.56339439823907,241120.61810389542,"[0.3333333333333333, 0.3333333333333333, 0.3333333333333333]"
56,739.8556956606902,494755.3390821104,"[0.3333333333333333, 0.3333333333333333, 0.3333333333333333]"
57,92.67375622562845,828508.683060902,"[0.3333333333333333, 0.3333333333333333, 0.3333333333333333]"
58,281.34555686748604,992375.6196964692,"[0.3333333333333333, 0.3333333333333333, 0.3333333333333333]"
59,410.7076725212808,597213.2355880229,"[0.3333333333333333, 0.3333333333333333, 0.3333333333333333]"
60,269.192162894236,534423.8662860823,"[0.3333333333333333, 0.3333333333333333, 0.3333333333333333]"
61,718.5910668047027,361732.2387435847,"[0.3333333333333333, 0.3333333333333333, 0.3333333333333333]"
62,186.0304773160053,117666.20604831594,"[0.3333333333333333, 0.3333333333333333, 0.3333333333333333]"
63,867.5768641385578,739144.8163004186,"[0.3333333333333333, 0.3333333333333333, 0.3333333333333333]"
64,593.064662030794,256259.40128443588,"[0.3333333333333333, 0.3333333333333333, 0.3333333333333333]"
65,739.0103458959628,850615.5982434816,"[0.3333333333333333, 0.3333333333333333, 0.3333333333333333]"
66,461.33710641348557,707086.3160089194,"[0.3333333333333333, 0.3333333333333333, 0.3333333333333333]"
67,234.72848713687821,470417.5637506593,"[0.3333333333333333, 0.3333333333333333, 0.3333333333333333]"
68,345.9468007043702,403755.55399173487,"[0.3333333333333333, 0.3333333333333333, 0.3333333333333333]"
69,572.2036469905213,148577.17184943228,"[0.3333333333333333, 0.3333333333333333, 0.3333333333333333]"
70,577.7095979383312,364213.5606791678,"[0.3333333333333333, 0.3333333333333333, 0.3333333333333333]"
71,38.76397112431461,178945.6730470314,"[0.3333333333333333, 0.3333333333333333, 0.3333333333333333]"
72,475.42494903324257,101160.40354900791,"[0.3333333333333333, 0.3333333333333333, 0.3333333333333333]"
73,94.69589039304518,618787.7573285424,"[0.3333333333333333, 0.3333333333333333, 0.3333333333333333]"
74,867.180386185526,772250.2368242237,"[0.3333333333333333, 0.3333333333333333, 0.3333333333333333]"
75,48.232340095888325,266445.46958254604,"[0.3333333333333333, 0.3333333333333333, 0.3333333333333333]"
76,160.90120177563963,461781.353993825,"[0.3333333333333333, 0.3333333333333333, 0.3333333333333333]"
77,588.4187612780959,562492.5893130866,"[0.3333333333333333, 0.3333333333333333, 0.3333333333333333]"
78,115.59888353060883,382286.9082833716,"[0.3333333333333333, 0.3333333333333333, 0.3333333333333333]"
79,315.593602184379,258533.41296756634,"[0.3333333333333333, 0.3333333333333333, 0.3333333333333333]"
80,952.3649845466978,652582.1558690659,"[0.3333333333333333, 0.3333333333333333, 0.3333333333333333]"
81,718.215056529903,596104.3261978948,"[0.3333333333333333, 0.3333333333333333, 0.3333333333333333]"
82,560.1768679931483,659239.4547567486,"[0.3333333333333333, 0.3333333333333333, 0.3333333333333333]"
83,585.4679240994151,739446.5831636067,"[0.3333333333333333, 0.3333333333333333, 0.3333333333333333]"
84,32.65271302471386,390479.7709950694,"[0.3333333333333333, 0.3333333333333333, 0.3333333333333333]"
85,59.24196711741363,498275.2976027615,"[0.3333333333333333, 0.3333333333333333, 0.3333333333333333]"
86,896.079583256535,954713.0295178766,"[0.3333333333333333, 0.3333333333333333, 0.3333333333333333]"
87,585.3684366334492,246239.80389027836,"[0.3333333333333333, 0.3333333333333333, 0.3333333333333333]"
88,32.60847960041802,609437.3041704698,"[0.3333333333333333, 0.3333333333333333, 0.3333333333333333]"
89,845.6364546705116,359728.6813537544,"[0.3333333333333333, 0.3333333333333333, 0.3333333333333333]"
90,46.154595662651396,178117.22367299598,"[0.3333333333333333, 0.3333333333333333, 0.3333333333333333]"
91,886.116917889965,318213.41982976126,"[0.3333333333333333, 0.3333333333333333, 0.3333333333333333]"
92,342.09148193157125,555209.5654134685,"[0.3333333333333333, 0.3333333333333333, 0.3333333333333333]"
93,446.7130189510546,425979.4945860019,"[0.3333333333333333, 0.3333333333333333, 0.3333333333333333]"
94,781.5749447238161,250363.55254433164,"[0.3333333333333333, 0.3333333333333333, 0.3333333333333333]"
95,992.2952307253972,912973.9966649903,"[0.3333333333333333, 0.3333333333333333, 0.3333333333333333]"
96,907.8684475503679,364555.8783981673,"[0.3333333333333333, 0.3333333333333333, 0.3333333333333333]"
97,631.3866735732731,282194.562396319,"[0.3333333333333333, 0.3333333333333333, 0.3333333333333333]"
98,530.6043717309283,648900.8515844136,"[0.3333333333333333, 0.3333333333333333, 0.3333333333333333]"
99,328.66583749937456,475101.15814791137,"[0.3333333333333333, 0.3333333333333333, 0.3333333333333333]"
100,591.3154484814714,698117.8820052742,"[0.3333333333333333, 0.3333333333333333, 0.3333333333333333]"
101,853.2716455134274,336280.15110237524,"[0.3333333333333333, 0.3333333333333333, 0.3333333333333333]"
102,769.8552491179819,326646.8328546495,"[0.3333333333333333, 0.3333333333333333, 0.3333333333333333]"
103,95.04155253479566,872949.4717353835,"[0.3333333333333333, 0.3333333333333333, 0.3333333333333333]"
104,133.7813103225762,879631.2791681704,"[0.3333333333333333, 0.3333333333333333, 0.3333333333333333]"
105,10.949991013133767,910942.5936365494,"[0.3333333333333333, 0.3333333333333333, 0.3333333333333333]"
106,717.3261460960681,661566.1633593269,"[0.3333333333333333, 0.3333333333333333, 0.3333333333333333]"
107,775.9492074633396,424618.72128462675,"[0.3333333333333333, 0.3333333333333333, 0.3333333333333333]"
108,467.14146859245704,413870.63664893573,"[0.3333333333333333, 0.3333333333333333, 0.3333333333333333]"
109,563.0196818444348,156245.56731034708,"[0.3333333333333333, 0.3333333333333333, 0.3333333333333333]"
110,280.1558672439648,163920.43719241867,"[0.3333333333333333, 0.3333333333333333, 0.3333333333333333]"
111,962.5499898069868,597907.3946449899,"[0.3333333333333333, 0.3333333333333333, 0.3333333333333333]"
112,230.5603809978779,527511.9103276677,"[0.3333333333333333, 0.3333333333333333, 0.3333333333333333]"
113,359.7646093571503,152623.95989167708,"[0.3333333333333333, 0.3333333333333333, 0.3333333333333333]"
114,18.047393609771685,909891.4858543717,"[0.3333333333333333, 0.3333333333333333, 0.3333333333333333]"
115,259.68104470556955,463327.742469481,"[0.3333333333333333, 0.3333333333333333, 0.3333333333333333]"
116,283.3081085051312,507612.755749056,"[0.3333333333333333, 0.3333333333333333, 0.3333333333333333]"
117,517.7305958145243,409933.7544415153,"[0.3333333333333333, 0.3333333333333333, 0.3333333333333333]"
118,749.5868788569002,987643.9622341163,"[0.3333333333333333, 0.3333333333333333, 0.3333333333333333]"
119,644.2594552196773,160419.96515421238,"[0.3333333333333333, 0.3333333333333333, 0.3333333333333333]"
120,724.2417100560058,317815.63216743816,"[0.3333333333333333, 0.3333333333333333, 0.3333333333333333]"
121,415.20985054240253,883138.3819106832,"[0.3333333333333333, 0.3333333333333333, 0.3333333333333333]"
122,458.7211802113589,146251.78496718098,"[0.3333333333333333, 0.3333333333333333, 0.3333333333333333]"
123,472.92301726874956,803773.3838306264,"[0.3333333333333333, 0.3333333333333333, 0.3333333333333333]"
124,617.7819035480283,380856.09268990636,"[0.3333333333333333, 0.3333333333333333, 0.3333333333333333]"
125,492.783417591468,405533.05648077076,"[0.3333333333333333, 0.3333333333333333, 0.3333333333333333]"
126,291.6010144529842,286490.0325875266,"[0.3333333333333333, 0.3333333333333333, 0.3333333333333333]"
127,266.3375420642738,131275.30768910205,"[0.3333333333333333, 0.3333333333333333, 0.3333333333333333]"
128,239.57958467415887,963747.722297068,"[0.3333333333333333, 0.3333333333333333, 0.3333333333333333]"
129,946.4963989006759,684422.7805825154,"[0.3333333333333333, 0.3333333333333333, 0.3333333333333333]"
130,332.2325947744189,438885.1998105304,"[0.3333333333333333, 0.3333333333333333, 0.3333333333333333]"
131,51.84701203531564,293179.14168759936,"[0.3333333333333333, 0.3333333333333333, 0.3333333333333333]"
132,151.71095145672103,595298.1379500694,"[0.3333333333333333, 0.3333333333333333, 0.3333333333333333]"
133,707.3496549001237,706277.3982030612,"[0.3333333333333333, 0.3333333333333333, 0.3333333333333333]"
134,733.1571147475225,338703.301520581,"[0.3333333333333333, 0.3333333333333333, 0.3333333333333333]"
135,431.3039000027476,820172.5572821836,"[0.3333333333333333, 0.3333333333333333, 0.3333333333333333]"
136,324.9162124046118,351137.02602955647,"[0.3333333333333333, 0.3333333333333333, 0.3333333333333333]"
137,335.9884510611619,674278.1112233822,"[0.3333333333333333, 0.3333333333333333, 0.3333333333333333]"
138,34.20076716505082,680065.3116909234,"[0.3333333333333333, 0.3333333333333333, 0.3333333333333333]"
139,849.885739696738,672241.0977775266,"[0.3333333333333333, 0.3333333333333333, 0.3333333333333333]"
140,616.4127033563245,804456.6316744351,"[0.3333333333333333, 0.3333333333333333, 0.3333333333333333]"
141,259.3134487407099,772006.8199426136,"[0.3333333333333333, 0.3333333333333333, 0.3333333333333333]"
142,554.6762780321827,696889.3931749417,"[0.3333333333333333, 0.3333333333333333, 0.3333333333333333]"
143,438.8221451133285,361389.31729715806,"[0.3333333333333333, 0.3333333333333333, 0.3333333333333333]"
144,964.1376058512385,604732.7987046421,"[0.3333333333333333, 0.3333333333333333, 0.3333333333333333]"
145,448.2747658002221,772870.1459898334,"[0.3333333333333333, 0.3333333333333333, 0.3333333333333333]"
146,786.9449251298475,783673.3605255192,"[0.3333333333333333, 0.3333333333333333, 0.3333333333333333]"
147,913.3736158556807,547783.676042206,"[0.3333333333333333, 0.3333333333333333, 0.3333333333333333]"
148,688.7057584423745,597628.7274564307,"[0.3333333333333333, 0.3333333333333333, 0.3333333333333333]"
149,514.9564788151406,406428.72152484953,"[0.3333333333333333, 0.3333333333333333, 0.3333333333333333]"
150,655.6026903504843,712547.8252268017,"[0.3333333333333333, 0.3333333333333333, 0.3333333333333333]"
151,777.3867379054603,427598.76227315137,"[0.3333333333333333, 0.3333333333333333, 0.3333333333333333]"
152,985.2262720916516,989159.3247542647,"[0.3333333333333333, 0.3333333333333333, 0.3333333333333333]"
153,984.2430229194624,578010.3955260419,"[0.3333333333333333, 0.3333333333333333, 0.3333333333333333]"
154,44.08558003485098,760062.0431360644,"[0.3333333333333333, 0.3333333333333333, 0.3333333333333333]"
155,695.8359200971732,919778.1661762439,"[0.3333333333333333, 0.3333333333333333, 0.3333333333333333]"
156,660.6116878632113,882578.240384746,"[0.3333333333333333, 0.3333333333333333, 0.3333333333333333]"
157,26.399900514178654,119868.28859411417,"[0.3333333333333333, 0.3333333333333333, 0.3333333333333333]"
158,137.35511227280287,232911.50057340064,"[0.3333333333333333, 0.3333333333333333, 0.3333333333333333]"
159,589.1695896844991,956634.7328108661,"[0.3333333333333333, 0.3333333333333333, 0.3333333333333333]"
160,596.348571526563,205062.150738488,"[0.3333333333333333, 0.3333333333333333, 0.3333333333333333]"
161,200.1565532043199,737737.0814046948,"[0.3333333333333333, 0.3333333333333333, 0.3333333333333333]"
162,287.9712958755456,627955.7656011721,"[0.3333333333333333, 0.3333333333333333, 0.3333333333333333]"
163,117.95254985199331,351659.5187922164,"[0.3333333333333333, 0.3333333333333333, 0.3333333333333333]"
164,290.6012158691233,402150.0504084901,"[0.3333333333333333, 0.3333333333333333, 0.3333333333333333]"
165,194.21344196573114,193942.48239202765,"[0.3333333333333333, 0.3333333333333333, 0.3333333333333333]"
166,315.13048972501133,255670.63900991503,"[0.3333333333333333, 0.3333333333333333, 0.3333333333333333]"
167,570.6433563580451,206362.7880269747,"[0.3333333333333333, 0.3333333333333333, 0.3333333333333333]"
168,911.8429022876904,312117.7756025923,"[0.3333333333333333, 0.3333333333333333, 0.3333333333333333]"
169,415.321536936371,644546.8016453175,"[0.3333333333333333, 0.3333333333333333, 0.3333333333333333]"
170,186.45985055333253,950485.6975970331,"[0.3333333333333333, 0.3333333333333333, 0.3333333333333333]"
171,188.81714700592198,368441.22121071006,"[0.3333333333333333, 0.3333333333333333, 0.3333333333333333]"
172,39.35053359611922,558575.632188654,"[0.3333333333333333, 0.3333333333333333, 0.3333333333333333]"
173,669.8654529899376,168592.28363090358,"[0.3333333333333333, 0.3333333333333333, 0.3333333333333333]"
174,224.01244968784764,590057.9893423426,"[0.3333333333333333, 0.3333333333333333, 0.3333333333333333]"
175,670.9796369684237,422138.0289644331,"[0.3333333333333333, 0.3333333333333333, 0.3333333333333333]"
176,889.1347632112428,993019.8067227537,"[0.3333333333333333, 0.3333333333333333, 0.3333333333333333]"
177,96.74971124456447,283600.7336287775,"[0.3333333333333333, 0.3333333333333333, 0.3333333333333333]"
178,645.2125468989617,772582.5764932588,"[0.3333333333333333, 0.3333333333333333, 0.3333333333333333]"
179,913.0412844743788,672756.3027842623,"[0.3333333333333333, 0.3333333333333333, 0.3333333333333333]"
180,660.4458231264724,439969.30964172067,"[0.3333333333333333, 0.3333333333333333, 0.3333333333333333]"
181,124.84459284707773,573637.4050850475,"[0.3333333333333333, 0.3333333333333333, 0.3333333333333333]"
182,715.8836029477328,599173.18326154,"[0.3333333333333333, 0.3333333333333333, 0.3333333333333333]"
183,671.8394037004772,139196.3342747138,"[0.3333333333333333, 0.3333333333333333, 0.3333333333333333]"
184,918.8817648997268,607861.7149317018,"[0.3333333333333333, 0.3333333333333333, 0.3333333333333333]"
185,370.72841736440256,169675.13864730476,"[0.3333333333333333, 0.3333333333333333, 0.3333333333333333]"
186,363.94407288270975,401934.7149602164,"[0.3333333333333333, 0.3333333333333333, 0.3333333333333333]"
187,826.2327695298442,898535.7352504842,"[0.3333333333333333, 0.3333333333333333, 0.3333333333333333]"
188,246.91998785188724,166040.0906984956,"[0.3333333333333333, 0.3333333333333333, 0.3333333333333333]"
189,581.890237764714,586585.5663402935,"[0.3333333333333333, 0.3333333333333333, 0.3333333333333333]"
190,598.5054453553296,760878.9837714076,"[0.3333333333333333, 0.3333333333333333, 0.3333333333333333]"
191,154.0428050205726,407909.78565397457,"[0.3333333333333333, 0.3333333333333333, 0.3333333333333333]"
192,742.6205151634732,557387.0809044974,"[0.3333333333333333, 0.3333333333333333, 0.3333333333333333]"
193,868.0662985792782,430563.75500583375,"[0.3333333333333333, 0.3333333333333333, 0.3333333333333333]"
194,654.7124389200332,884625.4809163811,"[0.3333333333333333, 0.3333333333333333, 0.3333333333333333]"
195,53.010971679690485,555254.106042697,"[0.3333333333333333, 0.3333333333333333, 0.3333333333333333]"
196,97.063099073077,971240.1771008624,"[0.3333333333333333, 0.3333333333333333, 0.3333333333333333]"
197,976.110825477631,386414.6806091381,"[0.3333333333333333, 0.3333333333333333, 0.3333333333333333]"
198,172.38357871458487,911825.7983971657,"[0.3333333333333333, 0.3333333333333333, 0.3333333333333333]"
199,635.50049508113,902164.4436492056,"[0.3333333333333333, 0.3333333333333333, 0.3333333333333333]"
200,864.5071418846737,386310.24875102285,"[0.3333333333333333, 0.3333333333333333, 0.3333333333333333]"
201,309.67547584214776,256413.9183569588,"[0.3333333333333333, 0.3333333333333333, 0.3333333333333333]"
202,365.6063090460787,958437.5370179996,"[0.3333333333333333, 0.3333333333333333, 0.3333333333333333]"
203,509.30658166930283,859063.4128918755,"[0.3333333333333333, 0.3333333333333333, 0.3333333333333333]"
204,257.5838866442941,287565.561189403,"[0.3333333333333333, 0.3333333333333333, 0.3333333333333333]"
205,949.406010408076,179899.3776156731,"[0.3333333333333333, 0.3333333333333333, 0.3333333333333333]"
206,204.53131503297902,206196.9271045312,"[0.3333333333333333, 0.3333333333333333, 0.3333333333333333]"
207,445.97000049311595,819026.9745479139,"[0.3333333333333333, 0.3333333333333333, 0.3333333333333333]"
208,142.2728101929996,671284.9245195469,"[0.3333333333333333, 0.3333333333333333, 0.3333333333333333]"
209,783.319444363375,905104.9168031305,"[0.3333333333333333, 0.3333333333333333, 0.3333333333333333]"
210,266.36981827302753,210360.43500018655,"[0.3333333333333333, 0.3333333333333333, 0.3333333333333333]"
211,196.77309495136603,111848.44390831799,"[0.3333333333333333, 0.3333333333333333, 0.3333333333333333]"
212,22.462932127311852,394283.4779567754,"[0.3333333333333333, 0.3333333333333333, 0.3333333333333333]"
213,587.1120037758109,419162.8619447225,"[0.3333333333333333, 0.3333333333333333, 0.3333333333333333]"
214,169.75025474599047,212234.14209193108,"[0.3333333333333333, 0.3333333333333333, 0.3333333333333333]"
215,470.65466482587146,947789.0621876982,"[0.3333333333333333, 0.3333333333333333, 0.3333333333333333]"
216,697.750932862186,853043.3800319065,"[0.3333333333333333, 0.3333333333333333, 0.3333333333333333]"
217,211.014913871782,934671.3017304383,"[0.3333333333333333, 0.3333333333333333, 0.3333333333333333]"
218,75.55082521008107,566541.3729131583,"[0.3333333333333333, 0.3333333333333333, 0.3333333333333333]"
219,300.77097617317054,457107.9028968831,"[0.3333333333333333, 0.3333333333333333, 0.3333333333333333]"
220,100.00158567462316,347087.2796806813,"[0.3333333333333333, 0.3333333333333333, 0.3333333333333333]"
221,139.0034328743973,385662.7783349095,"[0.3333333333333333, 0.3333333333333333, 0.3333333333333333]"
222,154.63168367786488,717643.7921264431,"[0.3333333333333333, 0.3333333333333333, 0.3333333333333333]"
223,354.3103743286555,830878.6626321933,"[0.3333333333333333, 0.3333333333333333, 0.3333333333333333]"
224,829.4722367459785,414808.015299617,"[0.3333333333333333, 0.3333333333333333, 0.3333333333333333]"
225,779.8281508344272,598004.9151606543,"[0.3333333333333333, 0.3333333333333333, 0.3333333333333333]"
226,106.3870942268298,374998.6479856534,"[0.3333333333333333, 0.3333333333333333, 0.3333333333333333]"
227,504.78106020985916,507698.72242152784,"[0.3333333333333333, 0.3333333333333333, 0.3333333333333333]"
228,98.97484808809267,641769.8609669207,"[0.3333333333333333, 0.3333333333333333, 0.3333333333333333]"
229,498.2301342989661,217294.99740135693,"[0.3333333333333333, 0.3333333333333333, 0.3333333333333333]"
230,575.1326140866594,292288.2959203953,"[0.3333333333333333, 0.3333333333333333, 0.3333333333333333]"
231,552.7913547319998,812240.8684343641,"[0.3333333333333333, 0.3333333333333333, 0.3333333333333333]"
232,599.8156421375351,197419.37497904035,"[0.3333333333333333, 0.3333333333333333, 0.3333333333333333]"
233,355.5878850275771,305011.6439283725,"[0.3333333333333333, 0.3333333333333333, 0.3333333333333333]"
234,89.12070108031995,704285.0937684102,"[0.3333333333333333, 0.3333333333333333, 0.3333333333333333]"
235,840.876037337375,632106.3188564844,"[0.3333333333333333, 0.3333333333333333, 0.3333333333333333]"
236,916.3703886254577,621841.5119592582,"[0.3333333333333333, 0.3333333333333333, 0.3333333333333333]"
237,773.6691998946831,331574.7440042565,"[0.3333333333333333, 0.3333333333333333, 0.3333333333333333]"
238,522.2057295193905,442677.0257492051,"[0.3333333333333333, 0.3333333333333333, 0.3333333333333333]"
239,502.98120962314584,257417.97285076923,"[0.3333333333333333, 0.3333333333333333, 0.3333333333333333]"
240,474.3303035527515,394641.16568247194,"[0.3333333333333333, 0.3333333333333333, 0.3333333333333333]"
241,818.5671631220025,606199.3177461092,"[0.3333333333333333, 0.3333333333333333, 0.3333333333333333]"
242,302.67348726562756,517639.0121464149,"[0.3333333333333333, 0.3333333333333333, 0.3333333333333333]"
243,844.3099578504903,803398.5925969416,"[0.3333333333333333, 0.3333333333333333, 0.3333333333333333]"
244,605.7616813336339,899587.9052097219,"[0.3333333333333333, 0.3333333333333333, 0.3333333333333333]"
245,155.3581532592869,167088.75315731237,"[0.3333333333333333, 0.3333333333333333, 0.3333333333333333]"
246,825.129338970241,696762.5613855588,"[0.3333333333333333, 0.3333333333333333, 0.3333333333333333]"
247,990.5988956034009,718520.8204468996,"[0.3333333333333333, 0.3333333333333333, 0.3333333333333333]"
248,95.92431648881325,885434.4458374914,"[0.3333333333333333, 0.3333333333333333, 0.3333333333333333]"
249,710.8150116522163,714884.2365188908,"[0.3333333333333333, 0.3333333333333333, 0.3333333333333333]"
250,198.6160673620935,700786.8487126662,"[0.3333333333333333, 0.3333333333333333, 0.3333333333333333]"
251,477.2344780136584,654067.2686911315,"[0.3333333333333333, 0.3333333333333333, 0.3333333333333333]"
252,838.6774391198778,401390.93003368133,"[0.3333333333333333, 0.3333333333333333, 0.3333333333333333]"
253,909.8399009722148,580865.7021624495,"[0.3333333333333333, 0.3333333333333333, 0.3333333333333333]"
254,539.2337552182711,509681.9347708415,"[0.3333333333333333, 0.3333333333333333, 0.3333333333333333]"
255,495.2436611056992,592930.8344689131,"[0.3333333333333333, 0.3333333333333333, 0.3333333333333333]"
256,311.555120792132,391144.4135618863,"[0.3333333333333333, 0.3333333333333333, 0.3333333333333333]"
257,810.0633995608398,438504.14468526497,"[0.3333333333333333, 0.3333333333333333, 0.3333333333333333]"
258,687.7932311835125,277990.0530836561,"[0.3333333333333333, 0.3333333333333333, 0.3333333333333333]"
259,729.5069666934447,507978.0331006784,"[0.3333333333333333, 0.3333333333333333, 0.3333333333333333]"
260,92.60264582461174,983891.4169911637,"[0.3333333333333333, 0.3333333333333333, 0.3333333333333333]"
261,869.5437590850953,426561.57358878676,"[0.3333333333333333, 0.3333333333333333, 0.3333333333333333]"
262,240.64461292218468,300237.67716386146,"[0.3333333333333333, 0.3333333333333333, 0.3333333333333333]"
263,330.3677926524379,705991.8657155276,"[0.3333333333333333, 0.3333333333333333, 0.3333333333333333]"
264,837.0078755000914,495195.5814868386,"[0.3333333333333333, 0.3333333333333333, 0.3333333333333333]"
265,292.41916223286967,761137.5041671407,"[0.3333333333333333, 0.3333333333333333, 0.3333333333333333]"
266,315.91412854427347,691285.6657334326,"[0.3333333333333333, 0.3333333333333333, 0.3333333333333333]"
267,694.4274967941194,689016.934013674,"[0.3333333333333333, 0.3333333333333333, 0.3333333333333333]"
268,907.9092324651048,826020.4889239324,"[0.3333333333333333, 0.3333333333333333, 0.3333333333333333]"
269,673.7346609835387,697692.7369274916,"[0.3333333333333333, 0.3333333333333333, 0.3333333333333333]"
270,465.80469669073364,252354.9563751149,"[0.3333333333333333, 0.3333333333333333, 0.3333333333333333]"
271,30.900350924665027,553511.8940761511,"[0.3333333333333333, 0.3333333333333333, 0.3333333333333333]"
272,39.05370479250662,364414.1239450958,"[0.3333333333333333, 0.3333333333333333, 0.3333333333333333]"
273,715.2580567620066,754517.9408554701,"[0.3333333333333333, 0.3333333333333333, 0.3333333333333333]"
274,409.2774279551798,307834.11296671635,"[0.3333333333333333, 0.3333333333333333, 0.3333333333333333]"
275,486.1921672793783,479673.09285155433,"[0.3333333333333333, 0.3333333333333333, 0.3333333333333333]"
276,182.81470944644926,916871.7499884617,"[0.3333333333333333, 0.3333333333333333, 0.3333333333333333]"
277,798.6085893902423,413109.8480656461,"[0.3333333333333333, 0.3333333333333333, 0.3333333333333333]"
278,284.8563378224736,832992.1624527987,"[0.3333333333333333, 0.3333333333333333, 0.3333333333333333]"
279,924.1858848526205,875276.2934532199,"[0.3333333333333333, 0.3333333333333333, 0.3333333333333333]"
280,870.110093327826,187583.31232903746,"[0.3333333333333333, 0.3333333333333333, 0.3333333333333333]"
281,258.41197027523015,644479.1382633467,"[0.3333333333333333, 0.3333333333333333, 0.3333333333333333]"
282,414.75830750833876,515615.82217399933,"[0.3333333333333333, 0.3333333333333333, 0.3333333333333333]"
283,688.5685147129992,848492.1140342889,"[0.3333333333333333, 0.3333333333333333, 0.3333333333333333]"
284,611.3327530675487,525217.3796464824,"[0.3333333333333333, 0.3333333333333333, 0.3333333333333333]"
285,511.74863349772363,526181.2023242,"[0.3333333333333333, 0.3333333333333333, 0.3333333333333333]"
286,318.6978025797956,779313.2244891209,"[0.3333333333333333, 0.3333333333333333, 0.3333333333333333]"
287,865.242437202919,762804.2698766916,"[0.3333333333333333, 0.3333333333333333, 0.3333333333333333]"
288,569.046870589133,646099.5453897123,"[0.3333333333333333, 0.3333333333333333, 0.3333333333333333]"
289,107.7273651938752,124647.81805473086,"[0.3333333333333333, 0.3333333333333333, 0.3333333333333333]"
290,436.76901238834756,224527.6618298539,"[0.3333333333333333, 0.3333333333333333, 0.3333333333333333]"
291,87.92349140727458,476210.4318495849,"[0.3333333333333333, 0.3333333333333333, 0.3333333333333333]"
292,958.9364528134829,188809.08919157222,"[0.3333333333333333, 0.3333333333333333, 0.3333333333333333]"
293,305.8755830625408,773501.2949893464,"[0.3333333333333333, 0.3333333333333333, 0.3333333333333333]"
294,209.5189998572668,869501.7961242585,"[0.3333333333333333, 0.3333333333333333, 0.3333333333333333]"
295,87.03058012141182,723312.8082216979,"[0.3333333333333333, 0.3333333333333333, 0.3333333333333333]"
296,736.3136263274204,358436.1084902204,"[0.3333333333333333, 0.3333333333333333, 0.3333333333333333]"
297,148.81959906937348,744990.206116571,"[0.3333333333333333, 0.3333333333333333, 0.3333333333333333]"
298,377.3634980152228,214263.87694041745,"[0.3333333333333333, 0.3333333333333333, 0.3333333333333333]"
299,930.7491331888111,117132.3758224448,"[0.3333333333333333, 0.3333333333333333, 0.3333333333333333]"
300,199.23817761363347,902259.3695736981,"[0.3333333333333333, 0.3333333333333333, 0.3333333333333333]"
301,633.1967393391487,354986.7640829566,"[0.3333333333333333, 0.3333333333333333, 0.3333333333333333]"
302,453.77358341497904,202049.29057387394,"[0.3333333333333333, 0.3333333333333333, 0.3333333333333333]"
303,351.72754464312277,939678.019008157,"[0.3333333333333333, 0.3333333333333333, 0.3333333333333333]"
304,892.0090928224787,762160.2333250851,"[0.3333333333333333, 0.3333333333333333, 0.3333333333333333]"
305,23.586890412319683,471345.1997960598,"[0.3333333333333333, 0.3333333333333333, 0.3333333333333333]"
306,408.24331652056577,362422.2733574107,"[0.3333333333333333, 0.3333333333333333, 0.3333333333333333]"
307,88.25070230223777,328297.0734910063,"[0.3333333333333333, 0.3333333333333333, 0.3333333333333333]"
308,751.9379179856945,578263.7302849334,"[0.3333333333333333, 0.3333333333333333, 0.3333333333333333]"
309,849.7166914673957,467232.2124879265,"[0.3333333333333333, 0.3333333333333333, 0.3333333333333333]"
310,958.9097009559201,992350.7968369062,"[0.3333333333333333, 0.3333333333333333, 0.3333333333333333]"
311,15.75480047289949,818859.3930006281,"[0.3333333333333333, 0.3333333333333333, 0.3333333333333333]"
312,371.5551666667204,129032.63692082073,"[0.3333333333333333, 0.3333333333333333, 0.3333333333333333]"
313,254.45719997544154,686266.3985493105,"[0.3333333333333333, 0.3333333333333333, 0.3333333333333333]"
314,641.0974395202493,547307.6264277495,"[0.3333333333333333, 0.3333333333333333, 0.3333333333333333]"
315,228.44344103460426,957826.2017661434,"[0.3333333333333333, 0.3333333333333333, 0.3333333333333333]"
316,367.18779610722277,188160.41335446748,"[0.3333333333333333, 0.3333333333333333, 0.3333333333333333]"
317,431.8043990936763,323208.43793621456,"[0.3333333333333333, 0.3333333333333333, 0.3333333333333333]"
318,676.7938784614988,993111.8470395482,"[0.3333333333333333, 0.3333333333333333, 0.3333333333333333]"
319,361.11130970773957,617228.1306392238,"[0.3333333333333333, 0.3333333333333333, 0.3333333333333333]"
320,505.6986200951858,742228.1209747916,"[0.3333333333333333, 0.3333333333333333, 0.3333333333333333]"
321,838.51809673238,574465.8301434012,"[0.3333333333333333, 0.3333333333333333, 0.3333333333333333]"
322,234.86024830316327,397648.6260191542,"[0.3333333333333333, 0.3333333333333333, 0.3333333333333333]"
323,328.7786020439393,490580.19505937817,"[0.3333333333333333, 0.3333333333333333, 0.3333333333333333]"
324,740.1164001083893,425897.5895870814,"[0.3333333333333333, 0.3333333333333333, 0.3333333333333333]"
325,732.0710876250827,637394.8871457927,"[0.3333333333333333, 0.3333333333333333, 0.3333333333333333]"
326,159.14049641086223,268711.954769345,"[0.3333333333333333, 0.3333333333333333, 0.3333333333333333]"
327,580.0065312487704,836942.8442842365,"[0.3333333333333333, 0.3333333333333333, 0.3333333333333333]"
328,496.57176014445497,107931.58675662719,"[0.3333333333333333, 0.3333333333333333, 0.3333333333333333]"
329,188.34859810872797,408359.7871824166,"[0.3333333333333333, 0.3333333333333333, 0.3333333333333333]"
330,371.9999405733899,373566.13170246023,"[0.3333333333333333, 0.3333333333333333, 0.3333333333333333]"
331,87.43122550726376,785716.5988152019,"[0.3333333333333333, 0.3333333333333333, 0.3333333333333333]"
332,775.5544805087941,410583.54492599226,"[0.3333333333333333, 0.3333333333333333, 0.3333333333333333]"
333,33.857911214133935,478954.33785380604,"[0.3333333333333333, 0.3333333333333333, 0.3333333333333333]"
334,323.25331136457936,186901.14087273693,"[0.3333333333333333, 0.3333333333333333, 0.3333333333333333]"
335,399.2003486706924,370473.508712221,"[0.3333333333333333, 0.3333333333333333, 0.3333333333333333]"
336,626.1698794668729,103062.93130715027,"[0.3333333333333333, 0.3333333333333333, 0.3333333333333333]"
337,604.4258729095136,877565.0457604871,"[0.3333333333333333, 0.3333333333333333, 0.3333333333333333]"
338,242.59777851641465,395202.4853002112,"[0.3333333333333333, 0.3333333333333333, 0.3333333333333333]"
339,990.1473310474248,877348.141931648,"[0.3333333333333333, 0.3333333333333333, 0.3333333333333333]"
340,792.038641698086,117350.91645561645,"[0.3333333333333333, 0.3333333333333333, 0.3333333333333333]"
341,159.71174905461388,169060.21918283898,"[0.3333333333333333, 0.3333333333333333, 0.3333333333333333]"
342,545.9315991672562,732648.6819932674,"[0.3333333333333333, 0.3333333333333333, 0.3333333333333333]"
343,344.36442106286086,465168.4569378899,"[0.3333333333333333, 0.3333333333333333, 0.3333333333333333]"
344,656.2702333646961,446252.7237533999,"[0.3333333333333333, 0.3333333333333333, 0.3333333333333333]"
345,567.7658756174629,238024.09227555024,"[0.3333333333333333, 0.3333333333333333, 0.3333333333333333]"
346,23.12441914437857,677908.4624735564,"[0.3333333333333333, 0.3333333333333333, 0.3333333333333333]"
347,154.86203163890727,502280.40355486143,"[0.3333333333333333, 0.3333333333333333, 0.3333333333333333]"
348,274.42033028213444,289885.7592435748,"[0.3333333333333333, 0.3333333333333333, 0.3333333333333333]"
349,700.5034452296435,876724.8256989537,"[0.3333333333333333, 0.3333333333333333, 0.3333333333333333]"
350,972.7386837104355,292952.7000478738,"[0.3333333333333333, 0.3333333333333333, 0.3333333333333333]"
351,362.9260448270958,323568.1167666204,"[0.3333333333333333, 0.3333333333333333, 0.3333333333333333]"
352,288.89961687325894,980673.5815371113,"[0.3333333333333333, 0.3333333333333333, 0.3333333333333333]"
353,125.39921963802796,839880.302091253,"[0.3333333333333333, 0.3333333333333333, 0.3333333333333333]"
354,484.2271785433093,788801.9360624423,"[0.3333333333333333, 0.3333333333333333, 0.3333333333333333]"
355,999.9384498696969,404941.5675379203,"[0.3333333333333333, 0.3333333333333333, 0.3333333333333333]"
356,348.07388114020057,805908.5847123071,"[0.3333333333333333, 0.3333333333333333, 0.3333333333333333]"
357,620.0103205987688,716675.588421928,"[0.3333333333333333, 0.3333333333333333, 0.3333333333333333]"
358,516.8029214640453,203299.53388894853,"[0.3333333333333333, 0.3333333333333333, 0.3333333333333333]"
359,859.3326474123155,895284.7836847341,"[0.3333333333333333, 0.3333333333333333, 0.3333333333333333]"
360,400.69560480503145,393252.2340347111,"[0.3333333333333333, 0.3333333333333333, 0.3333333333333333]"
361,270.2039362137691,739899.2735320833,"[0.3333333333333333, 0.3333333333333333, 0.3333333333333333]"
362,368.10784143021004,580570.4625661465,"[0.3333333333333333, 0.3333333333333333, 0.3333333333333333]"
363,848.17176471272,182335.9324875241,"[0.3333333333333333, 0.3333333333333333, 0.3333333333333333]"
364,675.1638155379485,432953.0350590228,"[0.3333333333333333, 0.3333333333333333, 0.3333333333333333]"
365,49.673183991717075,493528.11370635545,"[0.3333333333333333, 0.3333333333333333, 0.3333333333333333]"
366,793.0207869106977,959949.6425402826,"[0.3333333333333333, 0.3333333333333333, 0.3333333333333333]"
367,781.9309272608251,122775.44389854134,"[0.3333333333333333, 0.3333333333333333, 0.3333333333333333]"
368,827.6032233159239,826753.5872079892,"[0.3333333333333333, 0.3333333333333333, 0.3333333333333333]"
369,120.30917050529763,826773.7688154147,"[0.3333333333333333, 0.3333333333333333, 0.3333333333333333]"
370,192.38837134001722,509148.73436947376,"[0.3333333333333333, 0.3333333333333333, 0.3333333333333333]"
371,280.567328529365,339653.4079658384,"[0.3333333333333333, 0.3333333333333333, 0.3333333333333333]"
372,441.93779029475206,416936.5418708957,"[0.3333333333333333, 0.3333333333333333, 0.3333333333333333]"
373,744.7907873325106,346418.578353918,"[0.3333333333333333, 0.3333333333333333, 0.3333333333333333]"
374,822.6057115364134,127963.9305812458,"[0.3333333333333333, 0.3333333333333333, 0.3333333333333333]"
375,896.182769249702,261862.97706251894,"[0.3333333333333333, 0.3333333333333333, 0.3333333333333333]"
376,319.98423759930165,289211.6758570598,"[0.3333333333333333, 0.3333333333333333, 0.3333333333333333]"
377,437.00718042266203,239052.29861834963,"[0.3333333333333333, 0.3333333333333333, 0.3333333333333333]"
378,948.911854586245,171704.4439841424,"[0.3333333333333333, 0.3333333333333333, 0.3333333333333333]"
379,110.21646314253677,190968.09697113305,"[0.3333333333333333, 0.3333333333333333, 0.3333333333333333]"
380,744.4124595054332,190782.68434429314,"[0.3333333333333333, 0.3333333333333333, 0.3333333333333333]"
381,466.1986505734881,965007.2669703357,"[0.3333333333333333, 0.3333333333333333, 0.3333333333333333]"
382,165.34977523245422,706302.1285786608,"[0.3333333333333333, 0.3333333333333333, 0.3333333333333333]"
383,810.1605549056638,693107.101157712,"[0.3333333333333333, 0.3333333333333333, 0.3333333333333333]"
384,428.6661420746864,291555.7817806336,"[0.3333333333333333, 0.3333333333333333, 0.3333333333333333]"
385,641.5115344517266,122496.30166872259,"[0.3333333333333333, 0.3333333333333333, 0.3333333333333333]"
386,667.4586967287622,495032.5824685138,"[0.3333333333333333, 0.3333333333333333, 0.3333333333333333]"
387,254.1413829952922,323599.58631042775,"[0.3333333333333333, 0.3333333333333333, 0.3333333333333333]"
388,663.0186351864622,542639.8379331311,"[0.3333333333333333, 0.3333333333333333, 0.3333333333333333]"
389,542.1339115560536,726373.5819631892,"[0.3333333333333333, 0.3333333333333333, 0.3333333333333333]"
390,53.51124145012084,279436.4855674008,"[0.3333333333333333, 0.3333333333333333, 0.3333333333333333]"
391,671.0558827788819,918932.3652850331,"[0.3333333333333333, 0.3333333333333333, 0.3333333333333333]"
392,700.4864292112285,600930.5824889538,"[0.3333333333333333, 0.3333333333333333, 0.3333333333333333]"
393,480.2287176284115,586590.5978716179,"[0.3333333333333333, 0.3333333333333333, 0.3333333333333333]"
394,295.8433342779596,200146.47066388058,"[0.3333333333333333, 0.3333333333333333, 0.3333333333333333]"
395,190.53423410747504,694467.9672482768,"[0.3333333333333333, 0.3333333333333333, 0.3333333333333333]"
396,407.56582303271085,964919.1787241346,"[0.3333333333333333, 0.3333333333333333, 0.3333333333333333]"
397,947.3454339671781,774385.4823690311,"[0.3333333333333333, 0.3333333333333333, 0.3333333333333333]"
398,327.31920233344,284276.933000238,"[0.3333333333333333, 0.3333333333333333, 0.3333333333333333]"
399,744.135862442607,900030.245720269,"[0.3333333333333333, 0.3333333333333333, 0.3333333333333333]"
400,900.8027555599613,306532.1011336478,"[0.3333333333333333, 0.3333333333333333, 0.3333333333333333]"
401,686.382432226719,737325.3599996151,"[0.3333333333333333, 0.3333333333333333, 0.3333333333333333]"
402,871.1045432675579,919082.4448596318,"[0.3333333333333333, 0.3333333333333333, 0.3333333333333333]"
403,675.3251306024341,892089.6438646843,"[0.3333333333333333, 0.3333333333333333, 0.3333333333333333]"
404,848.2921424904405,797110.8780157566,"[0.3333333333333333, 0.3333333333333333, 0.3333333333333333]"
405,919.956130179352,756874.160757285,"[0.3333333333333333, 0.3333333333333333, 0.3333333333333333]"
406,110.90061354321851,758378.343484196,"[0.3333333333333333, 0.3333333333333333, 0.3333333333333333]"
407,355.1193609926024,793669.1545076651,"[0.3333333333333333, 0.3333333333333333, 0.3333333333333333]"
408,16.64276286167432,351994.58283717313,"[0.3333333333333333, 0.3333333333333333, 0.3333333333333333]"
409,773.1879007946154,568179.4703344577,"[0.3333333333333333, 0.3333333333333333, 0.3333333333333333]"
410,862.317249234869,528571.6527911093,"[0.3333333333333333, 0.3333333333333333, 0.3333333333333333]"
411,62.47012631980867,535592.1388261921,"[0.3333333333333333, 0.3333333333333333, 0.3333333333333333]"
412,288.0050125733114,325573.1487213428,"[0.3333333333333333, 0.3333333333333333, 0.3333333333333333]"
413,908.8269450377785,133772.89292061666,"[0.3333333333333333, 0.3333333333333333, 0.3333333333333333]"
414,353.5587875549762,793545.7571381871,"[0.3333333333333333, 0.3333333333333333, 0.3333333333333333]"
415,64.37197756802186,844221.8253757132,"[0.3333333333333333, 0.3333333333333333, 0.3333333333333333]"
416,519.5390399090699,123912.2338120471,"[0.3333333333333333, 0.3333333333333333, 0.3333333333333333]"
417,679.7911222045963,201325.23409457144,"[0.3333333333333333, 0.3333333333333333, 0.3333333333333333]"
418,554.2917263547653,399354.79188217316,"[0.3333333333333333, 0.3333333333333333, 0.3333333333333333]"
419,953.3109220596767,881797.5496474043,"[0.3333333333333333, 0.3333333333333333, 0.3333333333333333]"
420,564.1399982612994,911630.7454131881,"[0.3333333333333333, 0.3333333333333333, 0.3333333333333333]"
421,702.8259262298153,348990.563498785,"[0.3333333333333333, 0.3333333333333333, 0.3333333333333333]"
422,398.3421653712663,232214.70897653094,"[0.3333333333333333, 0.3333333333333333, 0.3333333333333333]"
423,379.8724126795309,352272.5989982389,"[0.3333333333333333, 0.3333333333333333, 0.3333333333333333]"
424,804.3168975832828,690885.4658248635,"[0.3333333333333333, 0.3333333333333333, 0.3333333333333333]"
425,924.8325123314031,565913.5323897505,"[0.3333333333333333, 0.3333333333333333, 0.3333333333333333]"
426,818.0479263738642,677258.7909864492,"[0.3333333333333333, 0.3333333333333333, 0.3333333333333333]"
427,218.17546107775146,307015.00329705724,"[0.3333333333333333, 0.3333333333333333, 0.3333333333333333]"
428,542.924879555025,589397.3141908684,"[0.3333333333333333, 0.3333333333333333, 0.3333333333333333]"
429,434.10035320061894,894655.3098133251,"[0.3333333333333333, 0.3333333333333333, 0.3333333333333333]"
430,606.6295740262143,279753.6861926714,"[0.3333333333333333, 0.3333333333333333, 0.3333333333333333]"
431,738.0772001033301,271503.8753206751,"[0.3333333333333333, 0.3333333333333333, 0.3333333333333333]"
432,601.6025566116946,820412.1366472795,"[0.3333333333333333, 0.3333333333333333, 0.3333333333333333]"
433,100.50547390924525,809069.6106104717,"[0.3333333333333333, 0.3333333333333333, 0.3333333333333333]"
434,496.9304411453079,225211.81827345712,"[0.3333333333333333, 0.3333333333333333, 0.3333333333333333]"
435,901.8213142701409,106896.11038992282,"[0.3333333333333333, 0.3333333333333333, 0.3333333333333333]"
436,364.19215528190017,972064.0729094964,"[0.3333333333333333, 0.3333333333333333, 0.3333333333333333]"
437,855.3856715041925,694067.892344894,"[0.3333333333333333, 0.3333333333333333, 0.3333333333333333]"
438,352.21950280365655,716554.3124791491,"[0.3333333333333333, 0.3333333333333333, 0.3333333333333333]"
439,732.8613410678789,618046.6908879251,"[0.3333333333333333, 0.3333333333333333, 0.3333333333333333]"
440,16.79707327515234,677563.8476652516,"[0.3333333333333333, 0.3333333333333333, 0.3333333333333333]"
441,286.5786779363824,842250.9340347167,"[0.3333333333333333, 0.3333333333333333, 0.3333333333333333]"
442,141.02477628360793,151138.83916841765,"[0.3333333333333333, 0.3333333333333333, 0.3333333333333333]"
443,688.6321323939214,303022.9534645688,"[0.3333333333333333, 0.3333333333333333, 0.3333333333333333]"
444,374.7533605007417,756302.5150121119,"[0.3333333333333333, 0.3333333333333333, 0.3333333333333333]"
445,815.0612764316465,617104.0795186899,"[0.3333333333333333, 0.3333333333333333, 0.3333333333333333]"
446,471.9681689379269,126992.16124055517,"[0.3333333333333333, 0.3333333333333333, 0.3333333333333333]"
447,249.35347542645596,948992.0452351336,"[0.3333333333333333, 0.3333333333333333, 0.3333333333333333]"
448,156.2102787353268,440353.96806024626,"[0.3333333333333333, 0.3333333333333333, 0.3333333333333333]"
449,563.0921532498522,257229.4327154697,"[0.3333333333333333, 0.3333333333333333, 0.3333333333333333]"
450,69.971017482363,612056.2958875338,"[0.3333333333333333, 0.3333333333333333, 0.3333333333333333]"
451,626.0526849872871,295027.55273560353,"[0.3333333333333333, 0.3333333333333333, 0.3333333333333333]"
452,423.75706483955037,295540.96242937876,"[0.3333333333333333, 0.3333333333333333, 0.3333333333333333]"
453,271.08229662946655,650806.958493923,"[0.3333333333333333, 0.3333333333333333, 0.3333333333333333]"
454,14.725547448622214,698174.8875584926,"[0.3333333333333333, 0.3333333333333333, 0.3333333333333333]"
455,294.28251683157714,971984.0701412793,"[0.3333333333333333, 0.3333333333333333, 0.3333333333333333]"
456,204.32969827778737,288910.9010364517,"[0.3333333333333333, 0.3333333333333333, 0.3333333333333333]"
457,231.01082568042932,105175.79540141056,"[0.3333333333333333, 0.3333333333333333, 0.3333333333333333]"
458,18.884846522617103,862062.1153799413,"[0.3333333333333333, 0.3333333333333333, 0.3333333333333333]"
459,742.5199946259535,917974.1675857104,"[0.3333333333333333, 0.3333333333333333, 0.3333333333333333]"
460,231.13069446694038,793020.2738600288,"[0.3333333333333333, 0.3333333333333333, 0.3333333333333333]"
461,476.32345588458855,807133.0392906184,"[0.3333333333333333, 0.3333333333333333, 0.3333333333333333]"
462,810.8719835818177,395322.32840815984,"[0.3333333333333333, 0.3333333333333333, 0.3333333333333333]"
463,455.75550462048466,932827.0042375665,"[0.3333333333333333, 0.3333333333333333, 0.3333333333333333]"
464,624.9838850173719,182291.18853126554,"[0.3333333333333333, 0.3333333333333333, 0.3333333333333333]"
465,613.8312176116914,331223.6361964824,"[0.3333333333333333, 0.3333333333333333, 0.3333333333333333]"
466,172.2447037905544,496355.4114476895,"[0.3333333333333333, 0.3333333333333333, 0.3333333333333333]"
467,932.324635783959,509748.7566004197,"[0.3333333333333333, 0.3333333333333333, 0.3333333333333333]"
468,470.4579225721922,304083.15550233016,"[0.3333333333333333, 0.3333333333333333, 0.3333333333333333]"
469,935.7691682360086,849282.7041691488,"[0.3333333333333333, 0.3333333333333333, 0.3333333333333333]"
470,297.70191850873147,313701.64986016974,"[0.3333333333333333, 0.3333333333333333, 0.3333333333333333]"
471,846.809587841365,781726.1311106805,"[0.3333333333333333, 0.3333333333333333, 0.3333333333333333]"
472,570.2820708611271,987750.3854013392,"[0.3333333333333333, 0.3333333333333333, 0.3333333333333333]"
473,311.2322219726864,363096.13752078015,"[0.3333333333333333, 0.3333333333333333, 0.3333333333333333]"
474,331.97154603019675,452017.14332202263,"[0.3333333333333333, 0.3333333333333333, 0.3333333333333333]"
475,204.05651214783293,630520.3066726305,"[0.3333333333333333, 0.3333333333333333, 0.3333333333333333]"
476,292.11254917564264,662687.9005150233,"[0.3333333333333333, 0.3333333333333333, 0.3333333333333333]"
477,428.02428875383896,871839.1528743064,"[0.3333333333333333, 0.3333333333333333, 0.3333333333333333]"
478,383.44207343676925,870693.2904131156,"[0.3333333333333333, 0.3333333333333333, 0.3333333333333333]"
479,306.22980036627536,306779.8085666774,"[0.3333333333333333, 0.3333333333333333, 0.3333333333333333]"
480,745.8799491988563,740737.9997964152,"[0.3333333333333333, 0.3333333333333333, 0.3333333333333333]"
481,502.59500634679824,540203.9116312154,"[0.3333333333333333, 0.3333333333333333, 0.3333333333333333]"
482,423.0671957645971,534084.4459620201,"[0.3333333333333333, 0.3333333333333333, 0.3333333333333333]"
483,755.4968913758676,432926.8754512287,"[0.3333333333333333, 0.3333333333333333, 0.3333333333333333]"
484,704.3305757797277,249887.1328141287,"[0.3333333333333333, 0.3333333333333333, 0.3333333333333333]"
485,487.5314664947888,115737.86779348814,"[0.3333333333333333, 0.3333333333333333, 0.3333333333333333]"
486,231.41600065457123,998364.1396470831,"[0.3333333333333333, 0.3333333333333333, 0.3333333333333333]"
487,548.9026023919417,558762.6755960656,"[0.3333333333333333, 0.3333333333333333, 0.3333333333333333]"
488,504.0708972758671,561057.5576228208,"[0.3333333333333333, 0.3333333333333333, 0.3333333333333333]"
489,432.67513282934584,938736.5527669142,"[0.3333333333333333, 0.3333333333333333, 0.3333333333333333]"
490,337.08924778022134,693290.4604374995,"[0.3333333333333333, 0.3333333333333333, 0.3333333333333333]"
491,862.5655235057548,528373.1610772824,"[0.3333333333333333, 0.3333333333333333, 0.3333333333333333]"
492,201.67085677240357,246768.79880678828,"[0.3333333333333333, 0.3333333333333333, 0.3333333333333333]"
493,567.5146675308036,686109.8493798131,"[0.3333333333333333, 0.3333333333333333, 0.3333333333333333]"
494,241.34993741605112,328941.5537631262,"[0.3333333333333333, 0.3333333333333333, 0.3333333333333333]"
495,545.3095678558435,298243.9803687286,"[0.3333333333333333, 0.3333333333333333, 0.3333333333333333]"
496,473.061606072455,596972.9128358394,"[0.3333333333333333, 0.3333333333333333, 0.3333333333333333]"
497,852.0870547415398,362199.86725158157,"[0.3333333333333333, 0.3333333333333333, 0.3333333333333333]"
498,969.3481328659313,672753.7174587523,"[0.3333333333333333, 0.3333333333333333, 0.3333333333333333]"
499,989.9911223910166,397819.28336142923,"[0.3333333333333333, 0.3333333333333333, 0.3333333333333333]"
500,878.5000096802845,486055.0757647704,"[0.3333333333333333, 0.3333333333333333, 0.3333333333333333]"
501,619.4123153174494,223506.0980539486,"[0.3333333333333333, 0.3333333333333333, 0.3333333333333333]"
502,283.84712595615343,170589.42306991993,"[0.3333333333333333, 0.3333333333333333, 0.3333333333333333]"
503,556.0626593490576,256344.37070823635,"[0.3333333333333333, 0.3333333333333333, 0.3333333333333333]"
504,626.0358438180632,290816.6530154408,"[0.3333333333333333, 0.3333333333333333, 0.3333333333333333]"
505,701.5754887763316,314279.00187514897,"[0.3333333333333333, 0.3333333333333333, 0.3333333333333333]"
506,760.3799444595685,829543.768231905,"[0.3333333333333333, 0.3333333333333333, 0.3333333333333333]"
507,608.0079094292823,850115.6357356592,"[0.3333333333333333, 0.3333333333333333, 0.3333333333333333]"
508,492.95755815476167,363420.3408008618,"[0.3333333333333333, 0.3333333333333333, 0.3333333333333333]"
509,106.5459893072361,685015.9724061018,"[0.3333333333333333, 0.3333333333333333, 0.3333333333333333]"
510,156.3353986915144,189483.69528437676,"[0.3333333333333333, 0.3333333333333333, 0.3333333333333333]"
511,726.2887299531224,613904.4990142835,"[0.3333333333333333, 0.3333333333333333, 0.3333333333333333]"
512,729.5429193004526,796634.9959280866,"[0.3333333333333333, 0.3333333333333333, 0.3333333333333333]"
513,591.401175426861,309939.5825180174,"[0.3333333333333333, 0.3333333333333333, 0.3333333333333333]"
514,813.1859011040929,823621.643326143,"[0.3333333333333333, 0.3333333333333333, 0.3333333333333333]"
515,241.54610461697345,194435.77685417165,"[0.3333333333333333, 0.3333333333333333, 0.3333333333333333]"
516,304.8622656364975,527263.7423775729,"[0.3333333333333333, 0.3333333333333333, 0.3333333333333333]"
517,12.285962844765189,572530.6837471826,"[0.3333333333333333, 0.3333333333333333, 0.3333333333333333]"
518,274.939522429416,552781.0927509355,"[0.3333333333333333, 0.3333333333333333, 0.3333333333333333]"
519,16.24603128447644,341286.55016084574,"[0.3333333333333333, 0.3333333333333333, 0.3333333333333333]"
520,289.0339073187786,556460.9328648809,"[0.3333333333333333, 0.3333333333333333, 0.3333333333333333]"
521,97.25971985509969,726837.8063589677,"[0.3333333333333333, 0.3333333333333333, 0.3333333333333333]"
522,835.0859376194576,576831.733700026,"[0.3333333333333333, 0.3333333333333333, 0.3333333333333333]"
523,959.8958932024684,628680.3687039636,"[0.3333333333333333, 0.3333333333333333, 0.3333333333333333]"
524,535.4519807059027,565586.8013862653,"[0.3333333333333333, 0.3333333333333333, 0.3333333333333333]"
525,499.10107019271504,793827.8543284925,"[0.3333333333333333, 0.3333333333333333, 0.3333333333333333]"
526,377.5038936813749,851853.393703034,"[0.3333333333333333, 0.3333333333333333, 0.3333333333333333]"
527,521.3849163189998,922930.2532440918,"[0.3333333333333333, 0.3333333333333333, 0.3333333333333333]"
528,487.0465974587878,486251.56613795186,"[0.3333333333333333, 0.3333333333333333, 0.3333333333333333]"
529,437.8694591876319,412427.28194152605,"[0.3333333333333333, 0.3333333333333333, 0.3333333333333333]"
530,610.1653811987866,784828.8298179482,"[0.3333333333333333, 0.3333333333333333, 0.3333333333333333]"
531,934.5762760579455,600062.5710286575,"[0.3333333333333333, 0.3333333333333333, 0.3333333333333333]"
532,412.25514735075365,720862.375293808,"[0.3333333333333333, 0.3333333333333333, 0.3333333333333333]"
533,162.71819923703632,935984.4336054663,"[0.3333333333333333, 0.3333333333333333, 0.3333333333333333]"
534,260.79989307538835,520386.89228688704,"[0.3333333333333333, 0.3333333333333333, 0.3333333333333333]"
535,737.3266125887047,786781.2238109511,"[0.3333333333333333, 0.3333333333333333, 0.3333333333333333]"
536,149.3696327322579,378685.40796098375,"[0.3333333333333333, 0.3333333333333333, 0.3333333333333333]"
537,296.78586112852213,673993.6874905635,"[0.3333333333333333, 0.3333333333333333, 0.3333333333333333]"
538,57.10353658082379,713602.5191180857,"[0.3333333333333333, 0.3333333333333333, 0.3333333333333333]"
539,865.1119840134336,745653.6722629765,"[0.3333333333333333, 0.3333333333333333, 0.3333333333333333]"
540,372.051662766929,665671.8137253476,"[0.3333333333333333, 0.3333333333333333, 0.3333333333333333]"
541,963.6062528266933,189705.9338485811,"[0.3333333333333333, 0.3333333333333333, 0.3333333333333333]"
542,726.725424274501,480511.8525272456,"[0.3333333333333333, 0.3333333333333333, 0.3333333333333333]"
543,197.87972599733126,557109.0065738785,"[0.3333333333333333, 0.3333333333333333, 0.3333333333333333]"
544,64.60180097379987,196344.05622825085,"[0.3333333333333333, 0.3333333333333333, 0.3333333333333333]"
545,770.7876011766722,170211.66513833625,"[0.3333333333333333, 0.3333333333333333, 0.3333333333333333]"
546,295.2924311846672,354085.1752536605,"[0.3333333333333333, 0.3333333333333333, 0.3333333333333333]"
547,303.2489310077576,306040.0896935117,"[0.3333333333333333, 0.3333333333333333, 0.3333333333333333]"
548,156.79427053561645,828041.9474640705,"[0.3333333333333333, 0.3333333333333333, 0.3333333333333333]"
549,365.87128209334156,947405.2415999544,"[0.3333333333333333, 0.3333333333333333, 0.3333333333333333]"
550,453.486399913984,740313.1472699578,"[0.3333333333333333, 0.3333333333333333, 0.3333333333333333]"
551,563.9942144037537,866253.383574732,"[0.3333333333333333, 0.3333333333333333, 0.3333333333333333]"
552,337.2573504436345,438358.6743332521,"[0.3333333333333333, 0.3333333333333333, 0.3333333333333333]"
553,334.33136137585495,422159.41379205097,"[0.3333333333333333, 0.3333333333333333, 0.3333333333333333]"
554,197.27941701013418,100342.29237093091,"[0.3333333333333333, 0.3333333333333333, 0.3333333333333333]"
555,885.5752763822447,705044.0705774806,"[0.3333333333333333, 0.3333333333333333, 0.3333333333333333]"
556,836.8434831576477,822470.0672692773,"[0.3333333333333333, 0.3333333333333333, 0.3333333333333333]"
557,22.214690503701895,592419.0366436595,"[0.3333333333333333, 0.3333333333333333, 0.3333333333333333]"
558,890.7903895789328,565697.8087665756,"[0.3333333333333333, 0.3333333333333333, 0.3333333333333333]"
559,660.1622320926408,343764.98986323155,"[0.3333333333333333, 0.3333333333333333, 0.3333333333333333]"
560,331.53907227801034,712267.7215745803,"[0.3333333333333333, 0.3333333333333333, 0.3333333333333333]"
561,919.3140837530935,415309.01698425843,"[0.3333333333333333, 0.3333333333333333, 0.3333333333333333]"
562,497.6773596332779,490685.17353380146,"[0.3333333333333333, 0.3333333333333333, 0.3333333333333333]"
563,512.7012308855758,155332.73114549904,"[0.3333333333333333, 0.3333333333333333, 0.3333333333333333]"
564,758.8724237863563,891464.6279916515,"[0.3333333333333333, 0.3333333333333333, 0.3333333333333333]"
565,839.0709494595964,143160.68162696934,"[0.3333333333333333, 0.3333333333333333, 0.3333333333333333]"
566,120.12839425860973,875966.5507195075,"[0.3333333333333333, 0.3333333333333333, 0.3333333333333333]"
567,224.37621606443417,470554.0618905799,"[0.3333333333333333, 0.3333333333333333, 0.3333333333333333]"
568,77.92489523544293,163216.13254016402,"[0.3333333333333333, 0.3333333333333333, 0.3333333333333333]"
569,140.3154924429924,317324.0179459456,"[0.3333333333333333, 0.3333333333333333, 0.3333333333333333]"
570,578.1459860763111,310844.7996292269,"[0.3333333333333333, 0.3333333333333333, 0.3333333333333333]"
571,105.91695691788208,356887.9977435154,"[0.3333333333333333, 0.3333333333333333, 0.3333333333333333]"
572,362.1787923722029,838823.4497424115,"[0.3333333333333333, 0.3333333333333333, 0.3333333333333333]"
573,386.06792316166826,784715.8459872293,"[0.3333333333333333, 0.3333333333333333, 0.3333333333333333]"
574,57.65928158990693,962370.9772029016,"[0.3333333333333333, 0.3333333333333333, 0.3333333333333333]"
575,130.42240001920726,509855.9627743561,"[0.3333333333333333, 0.3333333333333333, 0.3333333333333333]"
576,678.2579229863402,854075.2294217807,"[0.3333333333333333, 0.3333333333333333, 0.3333333333333333]"
577,86.68135312807411,672605.7121288042,"[0.3333333333333333, 0.3333333333333333, 0.3333333333333333]"
578,591.7857541580951,719283.9914113717,"[0.3333333333333333, 0.3333333333333333, 0.3333333333333333]"
579,200.88178000129292,581726.8385733995,"[0.3333333333333333, 0.3333333333333333, 0.3333333333333333]"
580,648.9895163648881,747382.6805727625,"[0.3333333333333333, 0.3333333333333333, 0.3333333333333333]"
581,750.6163061693491,202825.61617390555,"[0.3333333333333333, 0.3333333333333333, 0.3333333333333333]"
582,731.4807152401174,904372.280205234,"[0.3333333333333333, 0.3333333333333333, 0.3333333333333333]"
583,36.054508022760814,300890.6590622107,"[0.3333333333333333, 0.3333333333333333, 0.3333333333333333]"
584,886.07735876259,872827.7862073951,"[0.3333333333333333, 0.3333333333333333, 0.3333333333333333]"
585,283.3842860029554,820621.2507749109,"[0.3333333333333333, 0.3333333333333333, 0.3333333333333333]"
586,536.4710117140334,123776.29799064973,"[0.3333333333333333, 0.3333333333333333, 0.3333333333333333]"
587,558.1238684304067,574515.8059745901,"[0.3333333333333333, 0.3333333333333333, 0.3333333333333333]"
588,663.4821523328164,304986.48748818354,"[0.3333333333333333, 0.3333333333333333, 0.3333333333333333]"
589,749.7502796324687,459033.7888441527,"[0.3333333333333333, 0.3333333333333333, 0.3333333333333333]"
590,772.8582025513684,133108.7302496574,"[0.3333333333333333, 0.3333333333333333, 0.3333333333333333]"
591,533.2966649055488,919421.9268511549,"[0.3333333333333333, 0.3333333333333333, 0.3333333333333333]"
592,964.0148309214308,523978.57053560606,"[0.3333333333333333, 0.3333333333333333, 0.3333333333333333]"
593,243.40428997731064,113021.65758447084,"[0.3333333333333333, 0.3333333333333333, 0.3333333333333333]"
594,609.4671860766792,642590.621034517,"[0.3333333333333333, 0.3333333333333333, 0.3333333333333333]"
595,515.1682521951824,708138.7109659944,"[0.3333333333333333, 0.3333333333333333, 0.3333333333333333]"
596,672.5801898258912,198856.1902890038,"[0.3333333333333333, 0.3333333333333333, 0.3333333333333333]"
597,700.7927781575904,850201.0013839861,"[0.3333333333333333, 0.3333333333333333, 0.3333333333333333]"
598,571.809124041734,196523.51416377688,"[0.3333333333333333, 0.3333333333333333, 0.3333333333333333]"
599,421.1702754040199,335108.0091631283,"[0.3333333333333333, 0.3333333333333333, 0.3333333333333333]"
600,635.6960011252156,845682.1357517408,"[0.3333333333333333, 0.3333333333333333, 0.3333333333333333]"
601,818.209557276972,958025.2650655939,"[0.3333333333333333, 0.3333333333333333, 0.3333333333333333]"
602,910.1567815575665,960363.3411444051,"[0.3333333333333333, 0.3333333333333333, 0.3333333333333333]"
603,685.1435966095153,798976.6729878174,"[0.3333333333333333, 0.3333333333333333, 0.3333333333333333]"
604,888.8798365672621,516740.79231888585,"[0.3333333333333333, 0.3333333333333333, 0.3333333333333333]"
605,885.6000643136891,233815.52003154918,"[0.3333333333333333, 0.3333333333333333, 0.3333333333333333]"
606,678.1966042656112,799827.6612277818,"[0.3333333333333333, 0.3333333333333333, 0.3333333333333333]"
607,681.2963137276732,120791.45677893549,"[0.3333333333333333, 0.3333333333333333, 0.3333333333333333]"
608,116.20207911506732,315762.1827566004,"[0.3333333333333333, 0.3333333333333333, 0.3333333333333333]"
609,405.1969151141019,972528.1683837338,"[0.3333333333333333, 0.3333333333333333, 0.3333333333333333]"
610,63.98460582119809,877678.4589530497,"[0.3333333333333333, 0.3333333333333333, 0.3333333333333333]"
611,855.9534856013462,218456.41788741434,"[0.3333333333333333, 0.3333333333333333, 0.3333333333333333]"
612,751.0780018465575,288075.1453792731,"[0.3333333333333333, 0.3333333333333333, 0.3333333333333333]"
613,608.4814709351703,586665.4301612731,"[0.3333333333333333, 0.3333333333333333, 0.3333333333333333]"
614,898.4653864259521,386663.2473415757,"[0.3333333333333333, 0.3333333333333333, 0.3333333333333333]"
615,502.80866821995306,181631.96956492096,"[0.3333333333333333, 0.3333333333333333, 0.3333333333333333]"
616,882.2496296667061,679788.7894502454,"[0.3333333333333333, 0.3333333333333333, 0.3333333333333333]"
617,49.5108272009386,501628.41303762875,"[0.3333333333333333, 0.3333333333333333, 0.3333333333333333]"
618,129.2450216779535,715345.576655913,"[0.3333333333333333, 0.3333333333333333, 0.3333333333333333]"
619,330.18289492001327,767279.4178975475,"[0.3333333333333333, 0.3333333333333333, 0.3333333333333333]"
620,614.7893636411483,802850.6289389357,"[0.3333333333333333, 0.3333333333333333, 0.3333333333333333]"
621,421.47964549251367,719873.153530748,"[0.3333333333333333, 0.3333333333333333, 0.3333333333333333]"
622,500.35454928163375,311042.7634102977,"[0.3333333333333333, 0.3333333333333333, 0.3333333333333333]"
623,333.9837422326861,610460.0705261916,"[0.3333333333333333, 0.3333333333333333, 0.3333333333333333]"
624,149.95208931365855,134898.9538592289,"[0.3333333333333333, 0.3333333333333333, 0.3333333333333333]"
625,217.64066791270824,874248.0589779294,"[0.3333333333333333, 0.3333333333333333, 0.3333333333333333]"
626,373.5153154080509,555558.161459052,"[0.3333333333333333, 0.3333333333333333, 0.3333333333333333]"
627,653.2311034373664,570311.4776289403,"[0.3333333333333333, 0.3333333333333333, 0.3333333333333333]"
628,646.2398305968788,503451.9525040336,"[0.3333333333333333, 0.3333333333333333, 0.3333333333333333]"
629,820.8600680164617,821257.5496048675,"[0.3333333333333333, 0.3333333333333333, 0.3333333333333333]"
630,231.23628636728222,566712.2135693509,"[0.3333333333333333, 0.3333333333333333, 0.3333333333333333]"
631,939.0272847198411,935307.4951940427,"[0.3333333333333333, 0.3333333333333333, 0.3333333333333333]"
632,44.813127455588166,764754.4345012453,"[0.3333333333333333, 0.3333333333333333, 0.3333333333333333]"
633,833.978153753358,617925.298738345,"[0.3333333333333333, 0.3333333333333333, 0.3333333333333333]"
634,905.4362882726086,780767.3282995662,"[0.3333333333333333, 0.3333333333333333, 0.3333333333333333]"
635,548.484178838557,429501.49628565426,"[0.3333333333333333, 0.3333333333333333, 0.3333333333333333]"
636,756.5960641100665,157727.5635290788,"[0.3333333333333333, 0.3333333333333333, 0.3333333333333333]"
637,817.1123706175439,633691.5769496037,"[0.3333333333333333, 0.3333333333333333, 0.3333333333333333]"
638,999.3874493615293,634163.9878809742,"[0.3333333333333333, 0.3333333333333333, 0.3333333333333333]"
639,751.7967609506293,160008.90357265633,"[0.3333333333333333, 0.3333333333333333, 0.3333333333333333]"
640,344.4875461326714,159478.09253956866,"[0.3333333333333333, 0.3333333333333333, 0.3333333333333333]"
641,932.5781785422623,605032.5919449476,"[0.3333333333333333, 0.3333333333333333, 0.3333333333333333]"
642,872.6535994218043,765768.6494232656,"[0.3333333333333333, 0.3333333333333333, 0.3333333333333333]"
643,214.0798221061357,623588.9613350411,"[0.3333333333333333, 0.3333333333333333, 0.3333333333333333]"
644,983.9931588736413,363297.27923406014,"[0.3333333333333333, 0.3333333333333333, 0.3333333333333333]"
645,274.77815741616297,236015.03524839718,"[0.3333333333333333, 0.3333333333333333, 0.3333333333333333]"
646,279.7332611810448,338270.4214065168,"[0.3333333333333333, 0.3333333333333333, 0.3333333333333333]"
647,395.1316860603349,904430.7066383122,"[0.3333333333333333, 0.3333333333333333, 0.3333333333333333]"
648,296.67480634356605,857266.7163816228,"[0.3333333333333333, 0.3333333333333333, 0.3333333333333333]"
649,124.11168146917755,483779.5377871088,"[0.3333333333333333, 0.3333333333333333, 0.3333333333333333]"
650,293.3790409817328,350401.72270802804,"[0.3333333333333333, 0.3333333333333333, 0.3333333333333333]"
651,360.3322040476317,111709.65986783894,"[0.3333333333333333, 0.3333333333333333, 0.3333333333333333]"
652,555.3728653911833,309849.5101157414,"[0.3333333333333333, 0.3333333333333333, 0.3333333333333333]"
653,869.3118061985025,926157.2496585296,"[0.3333333333333333, 0.3333333333333333, 0.3333333333333333]"
654,861.3862699999288,439343.1458680814,"[0.3333333333333333, 0.3333333333333333, 0.3333333333333333]"
655,326.77747417239266,681399.5616162097,"[0.3333333333333333, 0.3333333333333333, 0.3333333333333333]"
656,818.5867439321621,126990.74053039747,"[0.3333333333333333, 0.3333333333333333, 0.3333333333333333]"
657,692.4887018249834,538163.364814684,"[0.3333333333333333, 0.3333333333333333, 0.3333333333333333]"
658,503.31888713652774,434354.6717466158,"[0.3333333333333333, 0.3333333333333333, 0.3333333333333333]"
659,762.5285962135426,847322.0976502489,"[0.3333333333333333, 0.3333333333333333, 0.3333333333333333]"
660,558.4333764521256,778067.1494530418,"[0.3333333333333333, 0.3333333333333333, 0.3333333333333333]"
661,576.6623934240783,718568.5778858511,"[0.3333333333333333, 0.3333333333333333, 0.3333333333333333]"
662,836.6225157385079,111711.65628474114,"[0.3333333333333333, 0.3333333333333333, 0.3333333333333333]"
663,305.034673311625,250714.29880143265,"[0.3333333333333333, 0.3333333333333333, 0.3333333333333333]"
664,108.07343055003882,183484.9692680398,"[0.3333333333333333, 0.3333333333333333, 0.3333333333333333]"
665,822.6177059823799,703013.44007954,"[0.3333333333333333, 0.3333333333333333, 0.3333333333333333]"
666,101.17796258308199,105555.2164708167,"[0.3333333333333333, 0.3333333333333333, 0.3333333333333333]"
667,182.23144020887912,663721.5088636294,"[0.3333333333333333, 0.3333333333333333, 0.3333333333333333]"
668,826.5102530118897,554859.1888459176,"[0.3333333333333333, 0.3333333333333333, 0.3333333333333333]"
669,742.3072664589649,718042.2708273018,"[0.3333333333333333, 0.3333333333333333, 0.3333333333333333]"
670,794.3113118848587,921080.0107025631,"[0.3333333333333333, 0.3333333333333333, 0.3333333333333333]"
671,741.0318159838113,981273.029840526,"[0.3333333333333333, 0.3333333333333333, 0.3333333333333333]"
672,775.3553327091345,679039.4277827557,"[0.3333333333333333, 0.3333333333333333, 0.3333333333333333]"
673,872.0441196601275,799846.8518671739,"[0.3333333333333333, 0.3333333333333333, 0.3333333333333333]"
674,998.5544472844941,331127.384305908,"[0.3333333333333333, 0.3333333333333333, 0.3333333333333333]"
675,477.2180103682069,623430.7226939567,"[0.3333333333333333, 0.3333333333333333, 0.3333333333333333]"
676,726.2722737040305,416186.3129062258,"[0.3333333333333333, 0.3333333333333333, 0.3333333333333333]"
677,651.8783807695282,679128.8268258956,"[0.3333333333333333, 0.3333333333333333, 0.3333333333333333]"
678,836.0272747086934,831152.0227922522,"[0.3333333333333333, 0.3333333333333333, 0.3333333333333333]"
679,26.33870601657807,687320.4686515023,"[0.3333333333333333, 0.3333333333333333, 0.3333333333333333]"
680,376.72832518928516,362471.6049808291,"[0.3333333333333333, 0.3333333333333333, 0.3333333333333333]"
681,646.6719204949784,477993.49679285445,"[0.3333333333333333, 0.3333333333333333, 0.3333333333333333]"
682,453.87688402944315,314560.370945332,"[0.3333333333333333, 0.3333333333333333, 0.3333333333333333]"
683,54.938351897670216,203662.1339693212,"[0.3333333333333333, 0.3333333333333333, 0.3333333333333333]"
684,101.75733640427107,732825.5759147104,"[0.3333333333333333, 0.3333333333333333, 0.3333333333333333]"
685,426.186972105747,750797.2169551055,"[0.3333333333333333, 0.3333333333333333, 0.3333333333333333]"
686,233.70525854684863,828922.6839804511,"[0.3333333333333333, 0.3333333333333333, 0.3333333333333333]"
687,349.74305105639326,959592.2744665695,"[0.3333333333333333, 0.3333333333333333, 0.3333333333333333]"
688,887.8815530265969,345394.6671371122,"[0.3333333333333333, 0.3333333333333333, 0.3333333333333333]"
689,481.8911404016956,651684.0350595975,"[0.3333333333333333, 0.3333333333333333, 0.3333333333333333]"
690,947.3685261903802,590856.485854286,"[0.3333333333333333, 0.3333333333333333, 0.3333333333333333]"
691,978.6392084794429,902399.3208536453,"[0.3333333333333333, 0.3333333333333333, 0.3333333333333333]"
692,419.62865944033854,409860.11543832935,"[0.3333333333333333, 0.3333333333333333, 0.3333333333333333]"
693,22.800623855146863,720307.4447893541,"[0.3333333333333333, 0.3333333333333333, 0.3333333333333333]"
694,735.9880338911981,101168.32472333228,"[0.3333333333333333, 0.3333333333333333, 0.3333333333333333]"
695,942.8925542513307,585039.3127039098,"[0.3333333333333333, 0.3333333333333333, 0.3333333333333333]"
696,939.9556232402978,229735.73879244862,"[0.3333333333333333, 0.3333333333333333, 0.3333333333333333]"
697,441.56187944781556,515624.36472793866,"[0.3333333333333333, 0.3333333333333333, 0.3333333333333333]"
698,827.6931592048466,200455.6272495928,"[0.3333333333333333, 0.3333333333333333, 0.3333333333333333]"
699,701.958046686065,719820.3656029466,"[0.3333333333333333, 0.3333333333333333, 0.3333333333333333]"
700,880.2132108436917,522684.98120534705,"[0.3333333333333333, 0.3333333333333333, 0.3333333333333333]"
701,918.5853399324329,845820.9569539349,"[0.3333333333333333, 0.3333333333333333, 0.3333333333333333]"
702,208.82073587601397,973051.3810289211,"[0.3333333333333333, 0.3333333333333333, 0.3333333333333333]"
703,895.2505658779028,598350.1163786463,"[0.3333333333333333, 0.3333333333333333, 0.3333333333333333]"
704,95.38903460689869,701492.883327744,"[0.3333333333333333, 0.3333333333333333, 0.3333333333333333]"
705,476.48446605584803,161285.47530473987,"[0.3333333333333333, 0.3333333333333333, 0.3333333333333333]"
706,101.45076124412164,313265.93035827624,"[0.3333333333333333, 0.3333333333333333, 0.3333333333333333]"
707,662.3052531198682,150102.89937663646,"[0.3333333333333333, 0.3333333333333333, 0.3333333333333333]"
708,497.9245624813562,168347.36632319668,"[0.3333333333333333, 0.3333333333333333, 0.3333333333333333]"
709,556.5422298801708,655076.0826764475,"[0.3333333333333333, 0.3333333333333333, 0.3333333333333333]"
710,561.1566691202565,771397.1407686464,"[0.3333333333333333, 0.3333333333333333, 0.3333333333333333]"
711,710.2500283184424,885975.781863221,"[0.3333333333333333, 0.3333333333333333, 0.3333333333333333]"
712,893.5493547545218,747791.7134219833,"[0.3333333333333333, 0.3333333333333333, 0.3333333333333333]"
713,155.66800657387748,977860.632266885,"[0.3333333333333333, 0.3333333333333333, 0.3333333333333333]"
714,827.5080763392901,987004.8371491475,"[0.3333333333333333, 0.3333333333333333, 0.3333333333333333]"
715,412.938513104346,256192.61980928897,"[0.3333333333333333, 0.3333333333333333, 0.3333333333333333]"
716,278.7122764539576,778757.3890088396,"[0.3333333333333333, 0.3333333333333333, 0.3333333333333333]"
717,871.0664816015232,680806.3098664009,"[0.3333333333333333, 0.3333333333333333, 0.3333333333333333]"
718,694.4258664464411,391128.77851879597,"[0.3333333333333333, 0.3333333333333333, 0.3333333333333333]"
719,236.484281997981,624364.490086343,"[0.3333333333333333, 0.3333333333333333, 0.3333333333333333]"
720,382.3300704997627,616553.2773532412,"[0.3333333333333333, 0.3333333333333333, 0.3333333333333333]"
721,79.83402144845637,323858.68792188726,"[0.3333333333333333, 0.3333333333333333, 0.3333333333333333]"
722,89.59180776656075,422043.5153094244,"[0.3333333333333333, 0.3333333333333333, 0.3333333333333333]"
723,26.84297793887816,268797.636833876,"[0.3333333333333333, 0.3333333333333333, 0.3333333333333333]"
724,510.38341128333104,262095.19984524263,"[0.3333333333333333, 0.3333333333333333, 0.3333333333333333]"
725,145.0768605157713,889686.7431410474,"[0.3333333333333333, 0.3333333333333333, 0.3333333333333333]"
726,375.87301169850815,963154.357240481,"[0.3333333333333333, 0.3333333333333333, 0.3333333333333333]"
727,309.59648992825083,711109.0843989238,"[0.3333333333333333, 0.3333333333333333, 0.3333333333333333]"
728,728.9406088670675,792463.2380302253,"[0.3333333333333333, 0.3333333333333333, 0.3333333333333333]"
729,617.7354528237453,164777.38393353196,"[0.3333333333333333, 0.3333333333333333, 0.3333333333333333]"
730,382.31084155895604,385785.5401928295,"[0.3333333333333333, 0.3333333333333333, 0.3333333333333333]"
731,174.25140894478827,862836.4628829731,"[0.3333333333333333, 0.3333333333333333, 0.3333333333333333]"
732,522.298505991331,310099.96133019007,"[0.3333333333333333, 0.3333333333333333, 0.3333333333333333]"
733,676.0855154319423,597127.5982575226,"[0.3333333333333333, 0.3333333333333333, 0.3333333333333333]"
734,950.4954243199019,838890.9086545083,"[0.3333333333333333, 0.3333333333333333, 0.3333333333333333]"
735,763.8790951613004,767772.6518161406,"[0.3333333333333333, 0.3333333333333333, 0.3333333333333333]"
736,39.41304160438321,233321.53653759556,"[0.3333333333333333, 0.3333333333333333, 0.3333333333333333]"
737,240.63991444583672,755339.8696533808,"[0.3333333333333333, 0.3333333333333333, 0.3333333333333333]"
738,993.8637986261307,445858.37373660936,"[0.3333333333333333, 0.3333333333333333, 0.3333333333333333]"
739,228.37397894805406,828828.2118447584,"[0.3333333333333333, 0.3333333333333333, 0.3333333333333333]"
740,156.80045589943998,878141.9994731669,"[0.3333333333333333, 0.3333333333333333, 0.3333333333333333]"
741,96.48152446519076,761781.4460152268,"[0.3333333333333333, 0.3333333333333333, 0.3333333333333333]"
742,524.9962760948381,864961.8495094563,"[0.3333333333333333, 0.3333333333333333, 0.3333333333333333]"
743,794.0558444460089,312350.6932805213,"[0.3333333333333333, 0.3333333333333333, 0.3333333333333333]"
744,447.0104779658775,909299.2303774824,"[0.3333333333333333, 0.3333333333333333, 0.3333333333333333]"
745,286.653357563732,333328.1309511839,"[0.3333333333333333, 0.3333333333333333, 0.3333333333333333]"
746,170.4919167051398,690537.9618639469,"[0.3333333333333333, 0.3333333333333333, 0.3333333333333333]"
747,150.0309577386643,163863.14347892287,"[0.3333333333333333, 0.3333333333333333, 0.3333333333333333]"
748,715.4675796635834,446672.2387197849,"[0.3333333333333333, 0.3333333333333333, 0.3333333333333333]"
749,644.1854922958662,224619.3031724517,"[0.3333333333333333, 0.3333333333333333, 0.3333333333333333]"
750,113.69355207610776,683490.6174621204,"[0.3333333333333333, 0.3333333333333333, 0.3333333333333333]"
751,753.4755930638224,414859.1386500495,"[0.3333333333333333, 0.3333333333333333, 0.3333333333333333]"
752,190.0112762701536,362130.6194101267,"[0.3333333333333333, 0.3333333333333333, 0.3333333333333333]"
753,913.1296811407846,429400.8448465575,"[0.3333333333333333, 0.3333333333333333, 0.3333333333333333]"
754,814.9293854911379,665938.2795733084,"[0.3333333333333333, 0.3333333333333333, 0.3333333333333333]"
755,479.84648552055444,219978.83524251397,"[0.3333333333333333, 0.3333333333333333, 0.3333333333333333]"
756,564.9572228969951,547604.651661058,"[0.3333333333333333, 0.3333333333333333, 0.3333333333333333]"
757,712.865113592871,254185.02210958616,"[0.3333333333333333, 0.3333333333333333, 0.3333333333333333]"
758,453.3602016013626,956473.7223564606,"[0.3333333333333333, 0.3333333333333333, 0.3333333333333333]"
759,608.203280263293,119375.72635448519,"[0.3333333333333333, 0.3333333333333333, 0.3333333333333333]"
760,339.12353159204633,922569.6058198388,"[0.3333333333333333, 0.3333333333333333, 0.3333333333333333]"
761,815.182357943262,504262.7403912903,"[0.3333333333333333, 0.3333333333333333, 0.3333333333333333]"
762,817.1142099599504,721248.1613038934,"[0.3333333333333333, 0.3333333333333333, 0.3333333333333333]"
763,916.590443025208,435398.86799926707,"[0.3333333333333333, 0.3333333333333333, 0.3333333333333333]"
764,539.2400654008323,366714.3126714588,"[0.3333333333333333, 0.3333333333333333, 0.3333333333333333]"
765,916.6387289030936,945260.6059261936,"[0.3333333333333333, 0.3333333333333333, 0.3333333333333333]"
766,841.9197815100365,313690.33346636756,"[0.3333333333333333, 0.3333333333333333, 0.3333333333333333]"
767,552.125737362653,763601.4330586024,"[0.3333333333333333, 0.3333333333333333, 0.3333333333333333]"
768,789.5704050466103,488083.32566882897,"[0.3333333333333333, 0.3333333333333333, 0.3333333333333333]"
769,568.6826106181651,667948.8345694641,"[0.3333333333333333, 0.3333333333333333, 0.3333333333333333]"
770,874.8707127678914,761194.7655815878,"[0.3333333333333333, 0.3333333333333333, 0.3333333333333333]"
771,770.052245924736,813682.4860438424,"[0.3333333333333333, 0.3333333333333333, 0.3333333333333333]"
772,43.01055792538316,393277.36647570686,"[0.3333333333333333, 0.3333333333333333, 0.3333333333333333]"
773,819.871191253301,182343.84777567466,"[0.3333333333333333, 0.3333333333333333, 0.3333333333333333]"
774,99.71372956056973,278699.5800205566,"[0.3333333333333333, 0.3333333333333333, 0.3333333333333333]"
775,706.0534395915579,121746.92781904986,"[0.3333333333333333, 0.3333333333333333, 0.3333333333333333]"
776,366.63653811700914,282728.64404632116,"[0.3333333333333333, 0.3333333333333333, 0.3333333333333333]"
777,488.5315825310217,651607.7852447075,"[0.3333333333333333, 0.3333333333333333, 0.3333333333333333]"
778,216.142810382418,386762.9438725528,"[0.3333333333333333, 0.3333333333333333, 0.3333333333333333]"
779,728.3885426792584,852777.8496292402,"[0.3333333333333333, 0.3333333333333333, 0.3333333333333333]"
780,941.1605915373781,847903.5304629322,"[0.3333333333333333, 0.3333333333333333, 0.3333333333333333]"
781,164.74663230086014,522499.25964582985,"[0.3333333333333333, 0.3333333333333333, 0.3333333333333333]"
782,355.32619401310774,779775.906387545,"[0.3333333333333333, 0.3333333333333333, 0.3333333333333333]"
783,64.67960996837226,550426.2723871279,"[0.3333333333333333, 0.3333333333333333, 0.3333333333333333]"
784,305.39040130615547,798570.8810137528,"[0.3333333333333333, 0.3333333333333333, 0.3333333333333333]"
785,350.5192270219744,815105.928545996,"[0.3333333333333333, 0.3333333333333333, 0.3333333333333333]"
786,791.2910574416558,845565.3608809072,"[0.3333333333333333, 0.3333333333333333, 0.3333333333333333]"
787,496.8864044615735,940678.2834354502,"[0.3333333333333333, 0.3333333333333333, 0.3333333333333333]"
788,446.35299411557077,416498.8490375857,"[0.3333333333333333, 0.3333333333333333, 0.3333333333333333]"
789,798.7781771129975,105952.00294473607,"[0.3333333333333333, 0.3333333333333333, 0.3333333333333333]"
790,345.03541886970453,942244.9496222005,"[0.3333333333333333, 0.3333333333333333, 0.3333333333333333]"
791,734.0266545989699,347929.8017310245,"[0.3333333333333333, 0.3333333333333333, 0.3333333333333333]"
792,280.00218827155686,602914.0805578076,"[0.3333333333333333, 0.3333333333333333, 0.3333333333333333]"
793,101.22034827243498,214924.96166096645,"[0.3333333333333333, 0.3333333333333333, 0.3333333333333333]"
794,974.0258237984548,240448.63062471448,"[0.3333333333333333, 0.3333333333333333, 0.3333333333333333]"
795,214.8839442340221,435264.12768134504,"[0.3333333333333333, 0.3333333333333333, 0.3333333333333333]"
796,925.8564116043696,311162.99552695267,"[0.3333333333333333, 0.3333333333333333, 0.3333333333333333]"
797,290.199962632752,775427.4057915574,"[0.3333333333333333, 0.3333333333333333, 0.3333333333333333]"
798,480.4974953736264,940122.1504431821,"[0.3333333333333333, 0.3333333333333333, 0.3333333333333333]"
799,301.2124919157246,420665.6663267212,"[0.3333333333333333, 0.3333333333333333, 0.3333333333333333]"
800,192.08448411982383,127918.7336934927,"[0.3333333333333333, 0.3333333333333333, 0.3333333333333333]"
801,329.93523434058676,378547.59911017696,"[0.3333333333333333, 0.3333333333333333, 0.3333333333333333]"
802,660.536566423388,508757.8080105832,"[0.3333333333333333, 0.3333333333333333, 0.3333333333333333]"
803,483.3327306190409,509639.05602043815,"[0.3333333333333333, 0.3333333333333333, 0.3333333333333333]"
804,379.92940008087356,122409.62830034377,"[0.3333333333333333, 0.3333333333333333, 0.3333333333333333]"
805,762.0883047961348,815284.6555392063,"[0.3333333333333333, 0.3333333333333333, 0.3333333333333333]"
806,42.41926459006642,145983.4114739269,"[0.3333333333333333, 0.3333333333333333, 0.3333333333333333]"
807,835.5659818338623,552949.7103035853,"[0.3333333333333333, 0.3333333333333333, 0.3333333333333333]"
808,13.756546613194313,238324.30918248952,"[0.3333333333333333, 0.3333333333333333, 0.3333333333333333]"
809,426.32960443410536,554288.3015886932,"[0.3333333333333333, 0.3333333333333333, 0.3333333333333333]"
810,195.34708315549585,207002.786200689,"[0.3333333333333333, 0.3333333333333333, 0.3333333333333333]"
811,337.8711006872847,705835.1817173478,"[0.3333333333333333, 0.3333333333333333, 0.3333333333333333]"
812,971.3886980550747,873756.4115071036,"[0.3333333333333333, 0.3333333333333333, 0.3333333333333333]"
813,454.1210082660091,656814.6988751899,"[0.3333333333333333, 0.3333333333333333, 0.3333333333333333]"
814,765.9904874426636,725435.8047077016,"[0.3333333333333333, 0.3333333333333333, 0.3333333333333333]"
815,507.45837649728605,988819.2569947483,"[0.3333333333333333, 0.3333333333333333, 0.3333333333333333]"
816,806.8747199850742,610123.4115476164,"[0.3333333333333333, 0.3333333333333333, 0.3333333333333333]"
817,99.5890680080314,831373.1931110728,"[0.3333333333333333, 0.3333333333333333, 0.3333333333333333]"
818,125.00211466358368,744057.1720457589,"[0.3333333333333333, 0.3333333333333333, 0.3333333333333333]"
819,593.698794179378,629518.1450165376,"[0.3333333333333333, 0.3333333333333333, 0.3333333333333333]"
820,242.38295673285893,752218.4068340301,"[0.3333333333333333, 0.3333333333333333, 0.3333333333333333]"
821,832.1813784329781,904877.6033714196,"[0.3333333333333333, 0.3333333333333333, 0.3333333333333333]"
822,971.3947211206511,481385.9436220865,"[0.3333333333333333, 0.3333333333333333, 0.3333333333333333]"
823,288.4850641209815,680860.3715340011,"[0.3333333333333333, 0.3333333333333333, 0.3333333333333333]"
824,325.4454151658096,494086.78070001985,"[0.3333333333333333, 0.3333333333333333, 0.3333333333333333]"
825,245.6916181421069,291042.1738659611,"[0.3333333333333333, 0.3333333333333333, 0.3333333333333333]"
826,567.9262817036747,327155.63967295544,"[0.3333333333333333, 0.3333333333333333, 0.3333333333333333]"
827,973.6496304119231,626349.0083508578,"[0.3333333333333333, 0.3333333333333333, 0.3333333333333333]"
828,815.5982926614569,857321.9570288154,"[0.3333333333333333, 0.3333333333333333, 0.3333333333333333]"
829,593.0520216699304,614462.0444742918,"[0.3333333333333333, 0.3333333333333333, 0.3333333333333333]"
830,930.4163743551837,723331.3487033711,"[0.3333333333333333, 0.3333333333333333, 0.3333333333333333]"
831,696.5641151466845,408403.4873005751,"[0.3333333333333333, 0.3333333333333333, 0.3333333333333333]"
832,237.89356871804654,518112.81441661075,"[0.3333333333333333, 0.3333333333333333, 0.3333333333333333]"
833,617.6510427851307,594568.3805449726,"[0.3333333333333333, 0.3333333333333333, 0.3333333333333333]"
834,883.8932880066948,416068.7459973788,"[0.3333333333333333, 0.3333333333333333, 0.3333333333333333]"
835,866.0434264530603,828512.1341437706,"[0.3333333333333333, 0.3333333333333333, 0.3333333333333333]"
836,926.602801356765,420398.066563323,"[0.3333333333333333, 0.3333333333333333, 0.3333333333333333]"
837,715.8952206050096,509747.44031962665,"[0.3333333333333333, 0.3333333333333333, 0.3333333333333333]"
838,500.72297648250094,498447.9774703003,"[0.3333333333333333, 0.3333333333333333, 0.3333333333333333]"
839,674.2730345241284,143554.19971942267,"[0.3333333333333333, 0.3333333333333333, 0.3333333333333333]"
840,838.4425892612005,439079.3977510268,"[0.3333333333333333, 0.3333333333333333, 0.3333333333333333]"
841,329.5292190748756,172789.28470182244,"[0.3333333333333333, 0.3333333333333333, 0.3333333333333333]"
842,700.1283655487811,752916.7113449867,"[0.3333333333333333, 0.3333333333333333, 0.3333333333333333]"
843,533.5049484920688,351733.5489680853,"[0.3333333333333333, 0.3333333333333333, 0.3333333333333333]"
844,765.9285359233238,672877.3474448766,"[0.3333333333333333, 0.3333333333333333, 0.3333333333333333]"
845,24.23027587299307,629933.0156575801,"[0.3333333333333333, 0.3333333333333333, 0.3333333333333333]"
846,603.8494296799222,272297.414581561,"[0.3333333333333333, 0.3333333333333333, 0.3333333333333333]"
847,793.2217987566386,612760.6269617632,"[0.3333333333333333, 0.3333333333333333, 0.3333333333333333]"
848,232.5451194765989,932727.8896201157,"[0.3333333333333333, 0.3333333333333333, 0.3333333333333333]"
849,437.2338022628269,978773.6681150002,"[0.3333333333333333, 0.3333333333333333, 0.3333333333333333]"
850,126.40437748028145,130140.96258735753,"[0.3333333333333333, 0.3333333333333333, 0.3333333333333333]"
851,634.0158016345727,998602.9847623047,"[0.3333333333333333, 0.3333333333333333, 0.3333333333333333]"
852,748.761597744161,202300.0693852317,"[0.3333333333333333, 0.3333333333333333, 0.3333333333333333]"
853,742.8017384461001,168863.40933127288,"[0.3333333333333333, 0.3333333333333333, 0.3333333333333333]"
854,849.2664018603882,306062.0355210748,"[0.3333333333333333, 0.3333333333333333, 0.3333333333333333]"
855,16.84709882770285,279078.8675285829,"[0.3333333333333333, 0.3333333333333333, 0.3333333333333333]"
856,14.706955930399701,228005.0220792433,"[0.3333333333333333, 0.3333333333333333, 0.3333333333333333]"
857,226.46375444432866,935234.417781101,"[0.3333333333333333, 0.3333333333333333, 0.3333333333333333]"
858,154.6051220365388,647383.6520349,"[0.3333333333333333, 0.3333333333333333, 0.3333333333333333]"
859,623.4744855313905,986139.7108768184,"[0.3333333333333333, 0.3333333333333333, 0.3333333333333333]"
860,556.1967478709597,271216.81977145537,"[0.3333333333333333, 0.3333333333333333, 0.3333333333333333]"
861,188.11871204433373,693137.7031015853,"[0.3333333333333333, 0.3333333333333333, 0.3333333333333333]"
862,400.1379682411653,149338.4561016792,"[0.3333333333333333, 0.3333333333333333, 0.3333333333333333]"
863,175.4166104368931,248115.2711830783,"[0.3333333333333333, 0.3333333333333333, 0.3333333333333333]"
864,831.4518359732036,511689.7962575616,"[0.3333333333333333, 0.3333333333333333, 0.3333333333333333]"
865,900.3726432045873,137826.4168579046,"[0.3333333333333333, 0.3333333333333333, 0.3333333333333333]"
866,782.6142061432332,330861.20344636554,"[0.3333333333333333, 0.3333333333333333, 0.3333333333333333]"
867,497.7622057657022,716806.1146300755,"[0.3333333333333333, 0.3333333333333333, 0.3333333333333333]"
868,207.48559813447147,878559.8089131131,"[0.3333333333333333, 0.3333333333333333, 0.3333333333333333]"
869,381.48440790136425,714551.0335521392,"[0.3333333333333333, 0.3333333333333333, 0.3333333333333333]"
870,983.6616382637234,655252.714324931,"[0.3333333333333333, 0.3333333333333333, 0.3333333333333333]"
871,479.27891828718924,628473.1002625781,"[0.3333333333333333, 0.3333333333333333, 0.3333333333333333]"
872,734.4317573068163,142035.69371636256,"[0.3333333333333333, 0.3333333333333333, 0.3333333333333333]"
873,293.11515811782846,609566.0133482676,"[0.3333333333333333, 0.3333333333333333, 0.3333333333333333]"
874,568.9458200927663,927204.3491455796,"[0.3333333333333333, 0.3333333333333333, 0.3333333333333333]"
875,142.8802336964048,691202.9340444026,"[0.3333333333333333, 0.3333333333333333, 0.3333333333333333]"
876,738.6312954425276,339504.0668541714,"[0.3333333333333333, 0.3333333333333333, 0.3333333333333333]"
877,588.2916625518791,483085.7929025483,"[0.3333333333333333, 0.3333333333333333, 0.3333333333333333]"
878,394.36675799384824,426557.69220559,"[0.3333333333333333, 0.3333333333333333, 0.3333333333333333]"
879,95.0559435913254,628914.695264099,"[0.3333333333333333, 0.3333333333333333, 0.3333333333333333]"
880,348.5667103009178,912843.4875540491,"[0.3333333333333333, 0.3333333333333333, 0.3333333333333333]"
881,832.4406443440355,513285.0027206624,"[0.3333333333333333, 0.3333333333333333, 0.3333333333333333]"
882,966.9547922867915,716787.2559660338,"[0.3333333333333333, 0.3333333333333333, 0.3333333333333333]"
883,724.2706028316276,919197.9222474644,"[0.3333333333333333, 0.3333333333333333, 0.3333333333333333]"
884,426.8320980218684,121324.21875060315,"[0.3333333333333333, 0.3333333333333333, 0.3333333333333333]"
885,507.1071340107416,608098.759337333,"[0.3333333333333333, 0.3333333333333333, 0.3333333333333333]"
886,773.5044942676593,850927.904796099,"[0.3333333333333333, 0.3333333333333333, 0.3333333333333333]"
887,231.08257918233872,510465.69244432705,"[0.3333333333333333, 0.3333333333333333, 0.3333333333333333]"
888,667.6764128838507,605584.7253325474,"[0.3333333333333333, 0.3333333333333333, 0.3333333333333333]"
889,868.3772792089017,795301.9142040503,"[0.3333333333333333, 0.3333333333333333, 0.3333333333333333]"
890,639.8072074313941,976074.2660420055,"[0.3333333333333333, 0.3333333333333333, 0.3333333333333333]"
891,975.1721281636576,402475.84363024915,"[0.3333333333333333, 0.3333333333333333, 0.3333333333333333]"
892,542.7327780564499,194370.86660869294,"[0.3333333333333333, 0.3333333333333333, 0.3333333333333333]"
893,418.27688611596886,323224.05104047584,"[0.3333333333333333, 0.3333333333333333, 0.3333333333333333]"
894,124.12173667994105,962282.7406209843,"[0.3333333333333333, 0.3333333333333333, 0.3333333333333333]"
895,468.2602697949952,568350.0134994502,"[0.3333333333333333, 0.3333333333333333, 0.3333333333333333]"
896,238.73116234736472,111510.57222053062,"[0.3333333333333333, 0.3333333333333333, 0.3333333333333333]"
897,215.56591808452708,307244.1199105404,"[0.3333333333333333, 0.3333333333333333, 0.3333333333333333]"
898,809.6860994630442,528184.3351876556,"[0.3333333333333333, 0.3333333333333333, 0.3333333333333333]"
899,955.1185454680761,483384.25578184397,"[0.3333333333333333, 0.3333333333333333, 0.3333333333333333]"
900,217.23990309856308,881973.0519587264,"[0.3333333333333333, 0.3333333333333333, 0.3333333333333333]"
901,656.2298420448916,298508.3677608136,"[0.3333333333333333, 0.3333333333333333, 0.3333333333333333]"
902,601.8837948715055,708321.6351187138,"[0.3333333333333333, 0.3333333333333333, 0.3333333333333333]"
903,870.9117107297657,377775.03449737426,"[0.3333333333333333, 0.3333333333333333, 0.3333333333333333]"
904,483.0967125319731,516515.9425732748,"[0.3333333333333333, 0.3333333333333333, 0.3333333333333333]"
905,754.826977126549,936479.1436706436,"[0.3333333333333333, 0.3333333333333333, 0.3333333333333333]"
906,494.803588636299,676968.2602562382,"[0.3333333333333333, 0.3333333333333333, 0.3333333333333333]"
907,51.33598793481647,637441.9788770957,"[0.3333333333333333, 0.3333333333333333, 0.3333333333333333]"
908,311.67267119700307,630823.1742835294,"[0.3333333333333333, 0.3333333333333333, 0.3333333333333333]"
909,696.0828705823716,372312.25451452646,"[0.3333333333333333, 0.3333333333333333, 0.3333333333333333]"
910,261.58460774462833,615174.3973530345,"[0.3333333333333333, 0.3333333333333333, 0.3333333333333333]"
911,996.8831944529373,607611.7528131849,"[0.3333333333333333, 0.3333333333333333, 0.3333333333333333]"
912,198.00873293088046,637959.171246965,"[0.3333333333333333, 0.3333333333333333, 0.3333333333333333]"
913,733.3114461596396,783745.5473158808,"[0.3333333333333333, 0.3333333333333333, 0.3333333333333333]"
914,900.7827494203079,793507.5290861466,"[0.3333333333333333, 0.3333333333333333, 0.3333333333333333]"
915,66.18787461293607,702139.4711327027,"[0.3333333333333333, 0.3333333333333333, 0.3333333333333333]"
916,670.2910432500769,990730.6840761413,"[0.3333333333333333, 0.3333333333333333, 0.3333333333333333]"
917,526.3386466544246,254158.4479336283,"[0.3333333333333333, 0.3333333333333333, 0.3333333333333333]"
918,960.0452927255778,279704.68377772847,"[0.3333333333333333, 0.3333333333333333, 0.3333333333333333]"
919,704.5440600963522,725784.9986107172,"[0.3333333333333333, 0.3333333333333333, 0.3333333333333333]"
920,202.6817303671052,579907.1058354911,"[0.3333333333333333, 0.3333333333333333, 0.3333333333333333]"
921,227.94093724318708,966419.4800137465,"[0.3333333333333333, 0.3333333333333333, 0.3333333333333333]"
922,914.9150654262955,726238.8401480645,"[0.3333333333333333, 0.3333333333333333, 0.3333333333333333]"
923,105.45585563853949,468990.03676480096,"[0.3333333333333333, 0.3333333333333333, 0.3333333333333333]"
924,875.2412008514821,948866.4827181526,"[0.3333333333333333, 0.3333333333333333, 0.3333333333333333]"
925,420.8226868141585,478695.9351041679,"[0.3333333333333333, 0.3333333333333333, 0.3333333333333333]"
926,830.0906720406009,863968.9856373747,"[0.3333333333333333, 0.3333333333333333, 0.3333333333333333]"
927,299.79437777549026,746821.5289328402,"[0.3333333333333333, 0.3333333333333333, 0.3333333333333333]"
928,821.0411262210988,255991.67540700096,"[0.3333333333333333, 0.3333333333333333, 0.3333333333333333]"
929,793.0792465666524,699464.5894288941,"[0.3333333333333333, 0.3333333333333333, 0.3333333333333333]"
930,32.22780373802665,999581.2800287337,"[0.3333333333333333, 0.3333333333333333, 0.3333333333333333]"
931,223.28428252016045,554684.0182495426,"[0.3333333333333333, 0.3333333333333333, 0.3333333333333333]"
932,985.0670509733421,374772.03290360526,"[0.3333333333333333, 0.3333333333333333, 0.3333333333333333]"
933,148.70920880802836,670925.0412717512,"[0.3333333333333333, 0.3333333333333333, 0.3333333333333333]"
934,971.5905367365928,656552.4777184818,"[0.3333333333333333, 0.3333333333333333, 0.3333333333333333]"
935,370.7845707354422,342744.21946678957,"[0.3333333333333333, 0.3333333333333333, 0.3333333333333333]"
936,602.607195365485,283489.56174553256,"[0.3333333333333333, 0.3333333333333333, 0.3333333333333333]"
937,280.7629166735159,398491.1468995447,"[0.3333333333333333, 0.3333333333333333, 0.3333333333333333]"
938,882.2116728204911,112225.29621605884,"[0.3333333333333333, 0.3333333333333333, 0.3333333333333333]"
939,245.1833895851596,787217.2108979906,"[0.3333333333333333, 0.3333333333333333, 0.3333333333333333]"
940,142.47560669149664,528550.0637795466,"[0.3333333333333333, 0.3333333333333333, 0.3333333333333333]"
941,509.75968732368705,872385.7193607392,"[0.3333333333333333, 0.3333333333333333, 0.3333333333333333]"
942,143.40971673107506,984005.477640443,"[0.3333333333333333, 0.3333333333333333, 0.3333333333333333]"
943,967.9748761207236,797318.8160432458,"[0.3333333333333333, 0.3333333333333333, 0.3333333333333333]"
944,508.8897703413435,132307.02496907313,"[0.3333333333333333, 0.3333333333333333, 0.3333333333333333]"
945,663.819989204874,368907.7532307595,"[0.3333333333333333, 0.3333333333333333, 0.3333333333333333]"
946,769.0997309340478,264010.6795388602,"[0.3333333333333333, 0.3333333333333333, 0.3333333333333333]"
947,463.45428280137907,591927.9007779958,"[0.3333333333333333, 0.3333333333333333, 0.3333333333333333]"
948,148.58998595131257,802570.5475556127,"[0.3333333333333333, 0.3333333333333333, 0.3333333333333333]"
949,932.7208433046953,295157.2545416786,"[0.3333333333333333, 0.3333333333333333, 0.3333333333333333]"
950,962.143352056678,261300.31249933547,"[0.3333333333333333, 0.3333333333333333, 0.3333333333333333]"
951,239.7698738388041,955518.6425238912,"[0.3333333333333333, 0.3333333333333333, 0.3333333333333333]"
952,977.9622232567812,284320.29747461324,"[0.3333333333333333, 0.3333333333333333, 0.3333333333333333]"
953,45.69572988903462,894662.6220717711,"[0.3333333333333333, 0.3333333333333333, 0.3333333333333333]"
954,948.9875861756506,626937.8520505088,"[0.3333333333333333, 0.3333333333333333, 0.3333333333333333]"
955,294.55410652088244,960741.6910449773,"[0.3333333333333333, 0.3333333333333333, 0.3333333333333333]"
956,999.590781331622,439519.82982503285,"[0.3333333333333333, 0.3333333333333333, 0.3333333333333333]"
957,571.9514144829142,908232.2626597193,"[0.3333333333333333, 0.3333333333333333, 0.3333333333333333]"
958,605.4183028465839,178853.01201280765,"[0.3333333333333333, 0.3333333333333333, 0.3333333333333333]"
959,303.07709326372577,649020.4121268094,"[0.3333333333333333, 0.3333333333333333, 0.3333333333333333]"
960,666.8368293145952,942218.8640853348,"[0.3333333333333333, 0.3333333333333333, 0.3333333333333333]"
961,692.0109080341143,794107.9554126798,"[0.3333333333333333, 0.3333333333333333, 0.3333333333333333]"
962,791.8237694343073,326944.1255839215,"[0.3333333333333333, 0.3333333333333333, 0.3333333333333333]"
963,788.9282444847057,574475.6042595298,"[0.3333333333333333, 0.3333333333333333, 0.3333333333333333]"
964,547.5832734358382,359690.59262679,"[0.3333333333333333, 0.3333333333333333, 0.3333333333333333]"
965,150.61195832688568,597371.8192013558,"[0.3333333333333333, 0.3333333333333333, 0.3333333333333333]"
966,410.14380546501746,528350.8695579006,"[0.3333333333333333, 0.3333333333333333, 0.3333333333333333]"
967,507.9108555696612,429195.29516190954,"[0.3333333333333333, 0.3333333333333333, 0.3333333333333333]"
968,27.10009419804501,871390.5298829629,"[0.3333333333333333, 0.3333333333333333, 0.3333333333333333]"
969,503.8296222294252,343645.6396891731,"[0.3333333333333333, 0.3333333333333333, 0.3333333333333333]"
970,959.4443505129133,313832.9998006695,"[0.3333333333333333, 0.3333333333333333, 0.3333333333333333]"
971,787.411247452657,799977.7436459023,"[0.3333333333333333, 0.3333333333333333, 0.3333333333333333]"
972,909.0312292535638,122817.649048423,"[0.3333333333333333, 0.3333333333333333, 0.3333333333333333]"
973,430.86337999201237,809683.2027445707,"[0.3333333333333333, 0.3333333333333333, 0.3333333333333333]"
974,76.90086773021132,402421.84869761247,"[0.3333333333333333, 0.3333333333333333, 0.3333333333333333]"
975,872.2263072530803,100589.43346813465,"[0.3333333333333333, 0.3333333333333333, 0.3333333333333333]"
976,448.3845266227197,778488.7347414575,"[0.3333333333333333, 0.3333333333333333, 0.3333333333333333]"
977,151.56266043825894,102882.61480346703,"[0.3333333333333333, 0.3333333333333333, 0.3333333333333333]"
978,493.22756263137694,363530.514033394,"[0.3333333333333333, 0.3333333333333333, 0.3333333333333333]"
979,330.3148900030531,498468.3881854703,"[0.3333333333333333, 0.3333333333333333, 0.3333333333333333]"
980,762.3143502990163,506754.1293662153,"[0.3333333333333333, 0.3333333333333333, 0.3333333333333333]"
981,402.9302057663971,944494.9020817276,"[0.3333333333333333, 0.3333333333333333, 0.3333333333333333]"
982,981.8750835330343,519265.83578284085,"[0.3333333333333333, 0.3333333333333333, 0.3333333333333333]"
983,871.4803385637064,989154.0370089407,"[0.3333333333333333, 0.3333333333333333, 0.3333333333333333]"
984,420.8807307487749,574091.1064151442,"[0.3333333333333333, 0.3333333333333333, 0.3333333333333333]"
985,695.084759522105,146569.44163429536,"[0.3333333333333333, 0.3333333333333333, 0.3333333333333333]"
986,896.6667149112831,412314.3170820329,"[0.3333333333333333, 0.3333333333333333, 0.3333333333333333]"
987,498.25844475444427,973487.1468848324,"[0.3333333333333333, 0.3333333333333333, 0.3333333333333333]"
988,81.81320936928287,735203.3497677068,"[0.3333333333333333, 0.3333333333333333, 0.3333333333333333]"
989,907.3065819921554,818700.8299490772,"[0.3333333333333333, 0.3333333333333333, 0.3333333333333333]"
990,409.9843477392768,877475.5348267417,"[0.3333333333333333, 0.3333333333333333, 0.3333333333333333]"
991,684.2344110733407,665507.6799293893,"[0.3333333333333333, 0.3333333333333333, 0.3333333333333333]"
992,892.5944421569582,141848.0488112411,"[0.3333333333333333, 0.3333333333333333, 0.3333333333333333]"
993,906.9019827322388,586675.4769667601,"[0.3333333333333333, 0.3333333333333333, 0.3333333333333333]"
994,849.3154514205735,773537.685427783,"[0.3333333333333333, 0.3333333333333333, 0.3333333333333333]"
995,351.34818644422995,459952.61006799975,"[0.3333333333333333, 0.3333333333333333, 0.3333333333333333]"
996,489.39038148843645,579818.3447457592,"[0.3333333333333333, 0.3333333333333333, 0.3333333333333333]"
997,223.44919605505643,666516.5470161687,"[0.3333333333333333, 0.3333333333333333, 0.3333333333333333]"
998,914.8069189654844,998539.0746836775,"[0.3333333333333333, 0.3333333333333333, 0.3333333333333333]"
999,277.48933862954954,782490.1456219372,"[0.3333333333333333, 0.3333333333333333, 0.3333333333333333]"
1000,173.9382286853835,472647.08075960947,"[0.3333333333333333, 0.3333333333333333, 0.3333333333333333]"
1001,597.2167800671917,641332.4348172067,"[0.3333333333333333, 0.3333333333333333, 0.3333333333333333]"
1002,76.14951363731029,432952.0528741651,"[0.3333333333333333, 0.3333333333333333, 0.3333333333333333]"
1003,217.54136809707813,874893.0120981927,"[0.3333333333333333, 0.3333333333333333, 0.3333333333333333]"
1004,32.46801466559409,923457.8723127434,"[0.3333333333333333, 0.3333333333333333, 0.3333333333333333]"
1005,890.9398857966946,958315.8495236371,"[0.3333333333333333, 0.3333333333333333, 0.3333333333333333]"
1006,407.60677561906795,142318.78367803773,"[0.3333333333333333, 0.3333333333333333, 0.3333333333333333]"
1007,740.6642896631631,787551.9753641826,"[0.3333333333333333, 0.3333333333333333, 0.3333333333333333]"
1008,542.3722346633785,948813.8709523189,"[0.3333333333333333, 0.3333333333333333, 0.3333333333333333]"
1009,947.0194611021105,369807.0876423128,"[0.3333333333333333, 0.3333333333333333, 0.3333333333333333]"
1010,837.6376176747341,816118.8246498322,"[0.3333333333333333, 0.3333333333333333, 0.3333333333333333]"
1011,483.7534157638463,741418.3842313059,"[0.3333333333333333, 0.3333333333333333, 0.3333333333333333]"
1012,144.1164335735189,713883.6588272549,"[0.3333333333333333, 0.3333333333333333, 0.3333333333333333]"
1013,631.7214982589825,835472.7372216693,"[0.3333333333333333, 0.3333333333333333, 0.3333333333333333]"
1014,388.650483347652,174349.10770626887,"[0.3333333333333333, 0.3333333333333333, 0.3333333333333333]"
1015,81.43811114033562,466358.7235103722,"[0.3333333333333333, 0.3333333333333333, 0.3333333333333333]"
1016,308.864499351701,250652.44409042908,"[0.3333333333333333, 0.3333333333333333, 0.3333333333333333]"
1017,740.0826093179274,744253.4948741957,"[0.3333333333333333, 0.3333333333333333, 0.3333333333333333]"
1018,595.7743527800613,442727.27642652724,"[0.3333333333333333, 0.3333333333333333, 0.3333333333333333]"
1019,857.6544274758196,609513.4791046579,"[0.3333333333333333, 0.3333333333333333, 0.3333333333333333]"
1020,205.34963996986406,406556.886432455,"[0.3333333333333333, 0.3333333333333333, 0.3333333333333333]"
1021,633.2601245442925,958244.703449217,"[0.3333333333333333, 0.3333333333333333, 0.3333333333333333]"
1022,970.5998047149567,285924.946896281,"[0.3333333333333333, 0.3333333333333333, 0.3333333333333333]"
1023,482.04698158206855,178093.27087450615,"[0.3333333333333333, 0.3333333333333333, 0.3333333333333333]"
1024,359.2585299916911,126504.98587670994,"[0.3333333333333333, 0.3333333333333333, 0.3333333333333333]"
1025,209.06142242998155,194947.72874542023,"[0.3333333333333333, 0.3333333333333333, 0.3333333333333333]"
1026,748.0673187095161,962973.168801194,"[0.3333333333333333, 0.3333333333333333, 0.3333333333333333]"
1027,272.6476561423266,198164.22983659065,"[0.3333333333333333, 0.3333333333333333, 0.3333333333333333]"
1028,122.16991396822465,130460.77547098264,"[0.3333333333333333, 0.3333333333333333, 0.3333333333333333]"
1029,782.1247054622605,466706.25114078174,"[0.3333333333333333, 0.3333333333333333, 0.3333333333333333]"
1030,768.5362374629401,577266.7714494148,"[0.3333333333333333, 0.3333333333333333, 0.3333333333333333]"
1031,359.3925017456552,330824.55726387474,"[0.3333333333333333, 0.3333333333333333, 0.3333333333333333]"
1032,148.03216603719542,802214.7948327571,"[0.3333333333333333, 0.3333333333333333, 0.3333333333333333]"
1033,102.36836238115788,188136.18959188764,"[0.3333333333333333, 0.3333333333333333, 0.3333333333333333]"
1034,924.4675916496128,316037.3386499707,"[0.3333333333333333, 0.3333333333333333, 0.3333333333333333]"
1035,779.3174097523447,795836.9784239167,"[0.3333333333333333, 0.3333333333333333, 0.3333333333333333]"
1036,392.2445669397075,824808.2291517592,"[0.3333333333333333, 0.3333333333333333, 0.3333333333333333]"
1037,398.4848291188095,924255.9983527999,"[0.3333333333333333, 0.3333333333333333, 0.3333333333333333]"
1038,205.98633226689952,825555.4786827608,"[0.3333333333333333, 0.3333333333333333, 0.3333333333333333]"
1039,433.58002762024586,748976.6719264818,"[0.3333333333333333, 0.3333333333333333, 0.3333333333333333]"
1040,744.7388518524095,851575.5361161409,"[0.3333333333333333, 0.3333333333333333, 0.3333333333333333]"
1041,931.4218218692284,474785.76514657144,"[0.3333333333333333, 0.3333333333333333, 0.3333333333333333]"
1042,42.90155471408469,464110.122051072,"[0.3333333333333333, 0.3333333333333333, 0.3333333333333333]"
1043,314.2258510452469,950535.6551976495,"[0.3333333333333333, 0.3333333333333333, 0.3333333333333333]"
1044,717.9763562036661,607422.0970649247,"[0.3333333333333333, 0.3333333333333333, 0.3333333333333333]"
1045,162.90945353508346,402119.22983662185,"[0.3333333333333333, 0.3333333333333333, 0.3333333333333333]"
1046,809.2423513319062,819608.8159661785,"[0.3333333333333333, 0.3333333333333333, 0.3333333333333333]"
1047,112.19934034929346,733743.4648443599,"[0.3333333333333333, 0.3333333333333333, 0.3333333333333333]"
1048,516.0561634022529,944581.8115990778,"[0.3333333333333333, 0.3333333333333333, 0.3333333333333333]"
1049,963.9403223540322,577541.0147737133,"[0.3333333333333333, 0.3333333333333333, 0.3333333333333333]"
1050,39.93694087089304,974100.2865753631,"[0.3333333333333333, 0.3333333333333333, 0.3333333333333333]"
1051,236.07193798852165,224445.47784506564,"[0.3333333333333333, 0.3333333333333333, 0.3333333333333333]"
1052,858.3667221135516,657775.5830988471,"[0.3333333333333333, 0.3333333333333333, 0.3333333333333333]"
1053,862.249444359275,579889.5533140299,"[0.3333333333333333, 0.3333333333333333, 0.3333333333333333]"
1054,334.4688932213785,419103.16071382444,"[0.3333333333333333, 0.3333333333333333, 0.3333333333333333]"
1055,99.768919236214,688096.0024382459,"[0.3333333333333333, 0.3333333333333333, 0.3333333333333333]"
1056,253.77429178294622,984496.9231411788,"[0.3333333333333333, 0.3333333333333333, 0.3333333333333333]"
1057,963.3550504987082,953283.0817175945,"[0.3333333333333333, 0.3333333333333333, 0.3333333333333333]"
1058,123.19053042725264,710766.056421492,"[0.3333333333333333, 0.3333333333333333, 0.3333333333333333]"
1059,927.2994317888956,902010.3952263109,"[0.3333333333333333, 0.3333333333333333, 0.3333333333333333]"
1060,428.64543862185815,575729.9132742023,"[0.3333333333333333, 0.3333333333333333, 0.3333333333333333]"
1061,567.749960610492,395693.19960236154,"[0.3333333333333333, 0.3333333333333333, 0.3333333333333333]"
1062,715.8201563533631,858868.6131343076,"[0.3333333333333333, 0.3333333333333333, 0.3333333333333333]"
1063,37.002188543910975,491197.21927780897,"[0.3333333333333333, 0.3333333333333333, 0.3333333333333333]"
1064,247.62270832970577,164949.00429314628,"[0.3333333333333333, 0.3333333333333333, 0.3333333333333333]"
1065,511.77556753845346,925863.8020096461,"[0.3333333333333333, 0.3333333333333333, 0.3333333333333333]"
1066,96.86632397374802,265383.36343047215,"[0.3333333333333333, 0.3333333333333333, 0.3333333333333333]"
1067,163.17516633160992,962372.4876780856,"[0.3333333333333333, 0.3333333333333333, 0.3333333333333333]"
1068,838.7851779393885,490841.6834193426,"[0.3333333333333333, 0.3333333333333333, 0.3333333333333333]"
1069,568.4262621227398,180713.5910445291,"[0.3333333333333333, 0.3333333333333333, 0.3333333333333333]"
1070,797.312151885147,754520.1483013388,"[0.3333333333333333, 0.3333333333333333, 0.3333333333333333]"
1071,937.2850931596776,364518.68118964,"[0.3333333333333333, 0.3333333333333333, 0.3333333333333333]"
1072,886.5657300873211,956469.8985790957,"[0.3333333333333333, 0.3333333333333333, 0.3333333333333333]"
1073,813.360771618518,122850.08386254402,"[0.3333333333333333, 0.3333333333333333, 0.3333333333333333]"
1074,625.494588499026,732941.6243581531,"[0.3333333333333333, 0.3333333333333333, 0.3333333333333333]"
1075,699.7801208305192,304650.79542774963,"[0.3333333333333333, 0.3333333333333333, 0.3333333333333333]"
1076,939.5669755139395,548450.1060489775,"[0.3333333333333333, 0.3333333333333333, 0.3333333333333333]"
1077,553.867080948916,685702.1210521067,"[0.3333333333333333, 0.3333333333333333, 0.3333333333333333]"
1078,482.4308767404893,570265.1174213616,"[0.3333333333333333, 0.3333333333333333, 0.3333333333333333]"
1079,664.8153483539855,859554.7658585489,"[0.3333333333333333, 0.3333333333333333, 0.3333333333333333]"
1080,104.5456813247605,304638.2021994572,"[0.3333333333333333, 0.3333333333333333, 0.3333333333333333]"
1081,937.9998309490121,898383.305794032,"[0.3333333333333333, 0.3333333333333333, 0.3333333333333333]"
1082,149.17259150299213,813855.4305414935,"[0.3333333333333333, 0.3333333333333333, 0.3333333333333333]"
1083,804.1140818217735,553500.606121518,"[0.3333333333333333, 0.3333333333333333, 0.3333333333333333]"
1084,567.7977094420255,585700.430712889,"[0.3333333333333333, 0.3333333333333333, 0.3333333333333333]"
1085,271.20639621363136,472545.28803137504,"[0.3333333333333333, 0.3333333333333333, 0.3333333333333333]"
1086,447.1532663109573,534264.9875225397,"[0.3333333333333333, 0.3333333333333333, 0.3333333333333333]"
1087,962.6365930651256,127612.02348419653,"[0.3333333333333333, 0.3333333333333333, 0.3333333333333333]"
1088,549.660004523171,251064.1097945425,"[0.3333333333333333, 0.3333333333333333, 0.3333333333333333]"
1089,646.1181723158481,436476.0048434004,"[0.3333333333333333, 0.3333333333333333, 0.3333333333333333]"
1090,670.2608507096819,340591.9568760246,"[0.3333333333333333, 0.3333333333333333, 0.3333333333333333]"
1091,571.4755311069458,187055.07641558262,"[0.3333333333333333, 0.3333333333333333, 0.3333333333333333]"
1092,967.6998205528993,133007.23549922934,"[0.3333333333333333, 0.3333333333333333, 0.3333333333333333]"
1093,515.5931361105613,479651.7073547521,"[0.3333333333333333, 0.3333333333333333, 0.3333333333333333]"
1094,569.1558659331287,436878.08676179417,"[0.3333333333333333, 0.3333333333333333, 0.3333333333333333]"
1095,272.4669049986655,870506.3542814904,"[0.3333333333333333, 0.3333333333333333, 0.3333333333333333]"
1096,328.4242096218162,238924.2164643252,"[0.3333333333333333, 0.3333333333333333, 0.3333333333333333]"
1097,433.91984333372085,639146.1803859749,"[0.3333333333333333, 0.3333333333333333, 0.3333333333333333]"
1098,515.4672972140181,382706.5712053524,"[0.3333333333333333, 0.3333333333333333, 0.3333333333333333]"
1099,709.027937127047,177209.22393421677,"[0.3333333333333333, 0.3333333333333333, 0.3333333333333333]"
1100,576.6266382986737,140856.31262597936,"[0.3333333333333333, 0.3333333333333333, 0.3333333333333333]"
1101,823.9765501450702,774387.3213975203,"[0.3333333333333333, 0.3333333333333333, 0.3333333333333333]"
1102,41.24929936534873,618337.2398499988,"[0.3333333333333333, 0.3333333333333333, 0.3333333333333333]"
1103,954.1185033381622,227280.34298438008,"[0.3333333333333333, 0.3333333333333333, 0.3333333333333333]"
1104,833.5013677303776,305762.46044079866,"[0.3333333333333333, 0.3333333333333333, 0.3333333333333333]"
1105,355.13948584605475,994687.0416433577,"[0.3333333333333333, 0.3333333333333333, 0.3333333333333333]"
1106,339.9702630299872,770347.7756854737,"[0.3333333333333333, 0.3333333333333333, 0.3333333333333333]"
1107,86.46219711250964,187090.09711811465,"[0.3333333333333333, 0.3333333333333333, 0.3333333333333333]"
1108,271.9917770191442,952707.1546378667,"[0.3333333333333333, 0.3333333333333333, 0.3333333333333333]"
1109,744.5303057473717,636751.0038549585,"[0.3333333333333333, 0.3333333333333333, 0.3333333333333333]"
1110,794.0081500178562,299087.3277564098,"[0.3333333333333333, 0.3333333333333333, 0.3333333333333333]"
1111,129.48339854299502,764842.8162881932,"[0.3333333333333333, 0.3333333333333333, 0.3333333333333333]"
1112,392.8956576323187,324892.755149237,"[0.3333333333333333, 0.3333333333333333, 0.3333333333333333]"
1113,187.51001376594925,486465.8164425295,"[0.3333333333333333, 0.3333333333333333, 0.3333333333333333]"
1114,650.8087922373244,749865.9416170535,"[0.3333333333333333, 0.3333333333333333, 0.3333333333333333]"
1115,329.97813567965625,488561.414295755,"[0.3333333333333333, 0.3333333333333333, 0.3333333333333333]"
1116,671.9818546188712,550949.9383302208,"[0.3333333333333333, 0.3333333333333333, 0.3333333333333333]"
1117,494.6475050920173,825894.6265448071,"[0.3333333333333333, 0.3333333333333333, 0.3333333333333333]"
1118,921.6363618815167,232918.17391369023,"[0.3333333333333333, 0.3333333333333333, 0.3333333333333333]"
1119,443.9210443041612,889215.9817846632,"[0.3333333333333333, 0.3333333333333333, 0.3333333333333333]"
1120,589.0088881052229,436477.7711456362,"[0.3333333333333333, 0.3333333333333333, 0.3333333333333333]"
1121,596.4969403438113,534302.7120361973,"[0.3333333333333333, 0.3333333333333333, 0.3333333333333333]"
1122,150.7090760949745,484866.99320863927,"[0.3333333333333333, 0.3333333333333333, 0.3333333333333333]"
1123,526.7109710870778,757731.742701592,"[0.3333333333333333, 0.3333333333333333, 0.3333333333333333]"
1124,771.0609578204563,661670.1233847978,"[0.3333333333333333, 0.3333333333333333, 0.3333333333333333]"
1125,452.9194799346773,222545.44657908566,"[0.3333333333333333, 0.3333333333333333, 0.3333333333333333]"
1126,282.5478108356105,551970.771668818,"[0.3333333333333333, 0.3333333333333333, 0.3333333333333333]"
1127,645.2282257031277,619808.9973653136,"[0.3333333333333333, 0.3333333333333333, 0.3333333333333333]"
1128,276.93971807583864,989147.9827046078,"[0.3333333333333333, 0.3333333333333333, 0.3333333333333333]"
1129,123.36802197140273,208698.45503864455,"[0.3333333333333333, 0.3333333333333333, 0.3333333333333333]"
1130,744.8753964245161,719254.3985685215,"[0.3333333333333333, 0.3333333333333333, 0.3333333333333333]"
1131,707.3670723752855,512998.3596752721,"[0.3333333333333333, 0.3333333333333333, 0.3333333333333333]"
1132,120.78034750490978,585292.9223597505,"[0.3333333333333333, 0.3333333333333333, 0.3333333333333333]"
1133,749.8976556537172,708343.8009677568,"[0.3333333333333333, 0.3333333333333333, 0.3333333333333333]"
1134,57.639712604322206,316650.6767054129,"[0.3333333333333333, 0.3333333333333333, 0.3333333333333333]"
1135,207.9115675629172,854634.603687931,"[0.3333333333333333, 0.3333333333333333, 0.3333333333333333]"
1136,303.1222575923714,482436.50780274096,"[0.3333333333333333, 0.3333333333333333, 0.3333333333333333]"
1137,714.1173434841982,148466.81673555894,"[0.3333333333333333, 0.3333333333333333, 0.3333333333333333]"
1138,389.8706321651422,881111.7118336062,"[0.3333333333333333, 0.3333333333333333, 0.3333333333333333]"
1139,434.10654369843263,699114.6655959071,"[0.3333333333333333, 0.3333333333333333, 0.3333333333333333]"
1140,353.6870444195197,520438.2815530997,"[0.3333333333333333, 0.3333333333333333, 0.3333333333333333]"
1141,614.6249054249148,865762.9563533181,"[0.3333333333333333, 0.3333333333333333, 0.3333333333333333]"
1142,102.11499286521267,222774.2636443604,"[0.3333333333333333, 0.3333333333333333, 0.3333333333333333]"
1143,144.46024962320874,303434.76609909296,"[0.3333333333333333, 0.3333333333333333, 0.3333333333333333]"
1144,372.25074230451787,107002.28846485211,"[0.3333333333333333, 0.3333333333333333, 0.3333333333333333]"
1145,608.5771749146512,629785.4526243365,"[0.3333333333333333, 0.3333333333333333, 0.3333333333333333]"
1146,501.25652221688966,953362.4267040251,"[0.3333333333333333, 0.3333333333333333, 0.3333333333333333]"
1147,633.7510914268055,294064.2189693637,"[0.3333333333333333, 0.3333333333333333, 0.3333333333333333]"
1148,623.3864759402908,488626.11083053733,"[0.3333333333333333, 0.3333333333333333, 0.3333333333333333]"
1149,422.9897702690627,716436.9510325819,"[0.3333333333333333, 0.3333333333333333, 0.3333333333333333]"
1150,925.1794537082468,298268.35529192653,"[0.3333333333333333, 0.3333333333333333, 0.3333333333333333]"
1151,503.1583680191599,399436.20782060217,"[0.3333333333333333, 0.3333333333333333, 0.3333333333333333]"
1152,729.169329779153,309540.7671267993,"[0.3333333333333333, 0.3333333333333333, 0.3333333333333333]"
1153,659.6995658735121,525861.472957509,"[0.3333333333333333, 0.3333333333333333, 0.3333333333333333]"
1154,898.4303983628143,275194.71403229533,"[0.3333333333333333, 0.3333333333333333, 0.3333333333333333]"
1155,36.39665104598123,478504.6504142621,"[0.3333333333333333, 0.3333333333333333, 0.3333333333333333]"
1156,773.5396663145189,825607.4489331432,"[0.3333333333333333, 0.3333333333333333, 0.3333333333333333]"
1157,590.007889028488,931401.1695436582,"[0.3333333333333333, 0.3333333333333333, 0.3333333333333333]"
1158,321.82249483107375,351161.138332727,"[0.3333333333333333, 0.3333333333333333, 0.3333333333333333]"
1159,452.3560707440463,686153.03133519,"[0.3333333333333333, 0.3333333333333333, 0.3333333333333333]"
1160,261.21730809679593,930787.6151732763,"[0.3333333333333333, 0.3333333333333333, 0.3333333333333333]"
1161,118.59712216182494,411294.8876144535,"[0.3333333333333333, 0.3333333333333333, 0.3333333333333333]"
1162,893.2686431090276,563133.7496072024,"[0.3333333333333333, 0.3333333333333333, 0.3333333333333333]"
1163,348.8194369086828,257704.18448241742,"[0.3333333333333333, 0.3333333333333333, 0.3333333333333333]"
1164,415.7137160244136,108676.68052259326,"[0.3333333333333333, 0.3333333333333333, 0.3333333333333333]"
1165,86.34850606435737,694518.5927844666,"[0.3333333333333333, 0.3333333333333333, 0.3333333333333333]"
1166,147.9642348194263,891506.8503012706,"[0.3333333333333333, 0.3333333333333333, 0.3333333333333333]"
1167,958.5295103518961,264310.68344441924,"[0.3333333333333333, 0.3333333333333333, 0.3333333333333333]"
1168,444.2370916689669,978591.7063940733,"[0.3333333333333333, 0.3333333333333333, 0.3333333333333333]"
1169,917.457851133818,283581.00274904125,"[0.3333333333333333, 0.3333333333333333, 0.3333333333333333]"
1170,894.4113713412285,396967.46553514356,"[0.3333333333333333, 0.3333333333333333, 0.3333333333333333]"
1171,675.2827004640011,720606.64779862,"[0.3333333333333333, 0.3333333333333333, 0.3333333333333333]"
1172,466.62220111640676,995583.0016799022,"[0.3333333333333333, 0.3333333333333333, 0.3333333333333333]"
1173,489.9111585006151,654483.0098472378,"[0.3333333333333333, 0.3333333333333333, 0.3333333333333333]"
1174,795.6973821520205,773779.0946426635,"[0.3333333333333333, 0.3333333333333333, 0.3333333333333333]"
1175,921.2902209026491,957230.6394600339,"[0.3333333333333333, 0.3333333333333333, 0.3333333333333333]"
1176,939.7921950543297,100710.63236905777,"[0.3333333333333333, 0.3333333333333333, 0.3333333333333333]"
1177,113.92438810733549,181896.02289685895,"[0.3333333333333333, 0.3333333333333333, 0.3333333333333333]"
1178,365.1753164917154,397790.66653914534,"[0.3333333333333333, 0.3333333333333333, 0.3333333333333333]"
1179,20.00712472692076,764482.9694225894,"[0.3333333333333333, 0.3333333333333333, 0.3333333333333333]"
1180,89.60544003281183,977788.5500311252,"[0.3333333333333333, 0.3333333333333333, 0.3333333333333333]"
1181,785.9695820281671,970835.8020521308,"[0.3333333333333333, 0.3333333333333333, 0.3333333333333333]"
1182,760.668102395874,952834.9868464969,"[0.3333333333333333, 0.3333333333333333, 0.3333333333333333]"
1183,974.2752984460195,770030.1342536646,"[0.3333333333333333, 0.3333333333333333, 0.3333333333333333]"
1184,119.45023987534739,170948.71804353478,"[0.3333333333333333, 0.3333333333333333, 0.3333333333333333]"
1185,952.1394125917362,442794.22053450835,"[0.3333333333333333, 0.3333333333333333, 0.3333333333333333]"
1186,380.9029906732804,266038.1712463028,"[0.3333333333333333, 0.3333333333333333, 0.3333333333333333]"
1187,64.95811182370636,599398.3683273795,"[0.3333333333333333, 0.3333333333333333, 0.3333333333333333]"
1188,22.02706837703488,702940.9096824962,"[0.3333333333333333, 0.3333333333333333, 0.3333333333333333]"
1189,811.5830152184067,421842.6447485439,"[0.3333333333333333, 0.3333333333333333, 0.3333333333333333]"
1190,399.7449587587752,397805.16582015296,"[0.3333333333333333, 0.3333333333333333, 0.3333333333333333]"
1191,388.97843906747755,861335.1943374168,"[0.3333333333333333, 0.3333333333333333, 0.3333333333333333]"
1192,885.252204438226,938761.7912221272,"[0.3333333333333333, 0.3333333333333333, 0.3333333333333333]"
1193,82.8594186044809,318428.3616999836,"[0.3333333333333333, 0.3333333333333333, 0.3333333333333333]"
1194,426.69254062420026,790390.3522488757,"[0.3333333333333333, 0.3333333333333333, 0.3333333333333333]"
1195,254.69774984335749,252065.09812862793,"[0.3333333333333333, 0.3333333333333333, 0.3333333333333333]"
1196,618.032724756528,194349.5362336379,"[0.3333333333333333, 0.3333333333333333, 0.3333333333333333]"
1197,674.725980921817,997951.8352876831,"[0.3333333333333333, 0.3333333333333333, 0.3333333333333333]"
1198,339.1644470504876,498866.59536778094,"[0.3333333333333333, 0.3333333333333333, 0.3333333333333333]"
1199,27.4724874303605,349305.6991416632,"[0.3333333333333333, 0.3333333333333333, 0.3333333333333333]"
1200,583.274416958156,600834.0672349071,"[0.3333333333333333, 0.3333333333333333, 0.3333333333333333]"
1201,915.7673420643462,561374.1838314605,"[0.3333333333333333, 0.3333333333333333, 0.3333333333333333]"
1202,13.708335258142219,343058.26299625187,"[0.3333333333333333, 0.3333333333333333, 0.3333333333333333]"
1203,365.6114103867702,902557.277258742,"[0.3333333333333333, 0.3333333333333333, 0.3333333333333333]"
1204,163.10153976263143,924596.7318409052,"[0.3333333333333333, 0.3333333333333333, 0.3333333333333333]"
1205,178.89692194708215,681575.8261098397,"[0.3333333333333333, 0.3333333333333333, 0.3333333333333333]"
1206,72.13795909237537,199646.94733624376,"[0.3333333333333333, 0.3333333333333333, 0.3333333333333333]"
1207,916.1725693109387,921939.5048630707,"[0.3333333333333333, 0.3333333333333333, 0.3333333333333333]"
1208,488.00371893041256,706930.1077559738,"[0.3333333333333333, 0.3333333333333333, 0.3333333333333333]"
1209,685.1921620514655,242869.10821706892,"[0.3333333333333333, 0.3333333333333333, 0.3333333333333333]"
1210,799.5427197243886,184425.280425175,"[0.3333333333333333, 0.3333333333333333, 0.3333333333333333]"
1211,544.2270202958999,378740.6319734503,"[0.3333333333333333, 0.3333333333333333, 0.3333333333333333]"
1212,286.1824014757972,108119.75346656947,"[0.3333333333333333, 0.3333333333333333, 0.3333333333333333]"
1213,811.863075787351,358296.0288063298,"[0.3333333333333333, 0.3333333333333333, 0.3333333333333333]"
1214,302.1158739949853,970279.3267548127,"[0.3333333333333333, 0.3333333333333333, 0.3333333333333333]"
1215,490.40910242250203,463788.0684516915,"[0.3333333333333333, 0.3333333333333333, 0.3333333333333333]"
1216,518.2319086533612,130832.68116349506,"[0.3333333333333333, 0.3333333333333333, 0.3333333333333333]"
1217,213.26755547882132,548176.0523795105,"[0.3333333333333333, 0.3333333333333333, 0.3333333333333333]"
1218,650.2853346067599,709814.7608022712,"[0.3333333333333333, 0.3333333333333333, 0.3333333333333333]"
1219,806.5932179913051,448637.3052738446,"[0.3333333333333333, 0.3333333333333333, 0.3333333333333333]"
1220,60.059788138374046,724614.7517420256,"[0.3333333333333333, 0.3333333333333333, 0.3333333333333333]"
1221,101.383360032833,191850.9465271302,"[0.3333333333333333, 0.3333333333333333, 0.3333333333333333]"
1222,412.348651354373,695070.1858268589,"[0.3333333333333333, 0.3333333333333333, 0.3333333333333333]"
1223,783.1941364750047,439039.3031394227,"[0.3333333333333333, 0.3333333333333333, 0.3333333333333333]"
1224,873.5810649382022,543504.499914221,"[0.3333333333333333, 0.3333333333333333, 0.3333333333333333]"
1225,355.09264762685314,378726.5001824388,"[0.3333333333333333, 0.3333333333333333, 0.3333333333333333]"
1226,554.976642929425,301484.03092735866,"[0.3333333333333333, 0.3333333333333333, 0.3333333333333333]"
1227,946.9512626543565,672161.8219182638,"[0.3333333333333333, 0.3333333333333333, 0.3333333333333333]"
1228,715.3658380150652,366824.7801946581,"[0.3333333333333333, 0.3333333333333333, 0.3333333333333333]"
1229,243.2889072773756,469525.325226646,"[0.3333333333333333, 0.3333333333333333, 0.3333333333333333]"
1230,629.0189301770903,562163.5559976413,"[0.3333333333333333, 0.3333333333333333, 0.3333333333333333]"
1231,815.1279147630195,835892.7455612364,"[0.3333333333333333, 0.3333333333333333, 0.3333333333333333]"
1232,94.30870792549236,892438.7134137015,"[0.3333333333333333, 0.3333333333333333, 0.3333333333333333]"
1233,476.54658709586977,291979.5892748699,"[0.3333333333333333, 0.3333333333333333, 0.3333333333333333]"
1234,987.4267886011095,172802.2214578364,"[0.3333333333333333, 0.3333333333333333, 0.3333333333333333]"
1235,762.9822400036613,990020.9799498268,"[0.3333333333333333, 0.3333333333333333, 0.3333333333333333]"
1236,236.67747542973984,310094.3949880664,"[0.3333333333333333, 0.3333333333333333, 0.3333333333333333]"
1237,189.43434491704414,663047.5755367017,"[0.3333333333333333, 0.3333333333333333, 0.3333333333333333]"
1238,73.87966262767978,465072.7822967478,"[0.3333333333333333, 0.3333333333333333, 0.3333333333333333]"
1239,71.72492235631455,362630.4884809089,"[0.3333333333333333, 0.3333333333333333, 0.3333333333333333]"
1240,807.2844783834214,539500.5483889359,"[0.3333333333333333, 0.3333333333333333, 0.3333333333333333]"
1241,441.8114649136509,234719.43299219818,"[0.3333333333333333, 0.3333333333333333, 0.3333333333333333]"
1242,648.6834804897414,708500.4733710627,"[0.3333333333333333, 0.3333333333333333, 0.3333333333333333]"
1243,713.6107674533746,651596.8409275501,"[0.3333333333333333, 0.3333333333333333, 0.3333333333333333]"
1244,756.1415800635982,275143.82464043575,"[0.3333333333333333, 0.3333333333333333, 0.3333333333333333]"
1245,264.0162112660471,239057.7151337829,"[0.3333333333333333, 0.3333333333333333, 0.3333333333333333]"
1246,482.7814920044509,133581.3300642406,"[0.3333333333333333, 0.3333333333333333, 0.3333333333333333]"
1247,616.1305268689977,319713.8234572595,"[0.3333333333333333, 0.3333333333333333, 0.3333333333333333]"
1248,673.1153552615773,834206.4694804761,"[0.3333333333333333, 0.3333333333333333, 0.3333333333333333]"
1249,906.8996018132282,636052.3438278062,"[0.3333333333333333, 0.3333333333333333, 0.3333333333333333]"
1250,226.41507571497883,330455.21251937497,"[0.3333333333333333, 0.3333333333333333, 0.3333333333333333]"
1251,489.49312003112163,625515.2232990215,"[0.3333333333333333, 0.3333333333333333, 0.3333333333333333]"
1252,692.0185402089976,680144.7378184807,"[0.3333333333333333, 0.3333333333333333, 0.3333333333333333]"
1253,597.0558663565212,729210.3095907301,"[0.3333333333333333, 0.3333333333333333, 0.3333333333333333]"
1254,764.4181679836903,887033.9259612387,"[0.3333333333333333, 0.3333333333333333, 0.3333333333333333]"
1255,911.495349007963,251242.56585144642,"[0.3333333333333333, 0.3333333333333333, 0.3333333333333333]"
1256,268.1223272610771,312114.92794074886,"[0.3333333333333333, 0.3333333333333333, 0.3333333333333333]"
1257,595.9553612334322,944772.2190249147,"[0.3333333333333333, 0.3333333333333333, 0.3333333333333333]"
1258,744.2403169914338,904128.6987970324,"[0.3333333333333333, 0.3333333333333333, 0.3333333333333333]"
1259,274.67131132021854,208739.0833159345,"[0.3333333333333333, 0.3333333333333333, 0.3333333333333333]"
1260,413.65302766865483,680987.4405920698,"[0.3333333333333333, 0.3333333333333333, 0.3333333333333333]"
1261,531.5821309416401,750553.5885157924,"[0.3333333333333333, 0.3333333333333333, 0.3333333333333333]"
1262,982.9886093021959,910042.0723969367,"[0.3333333333333333, 0.3333333333333333, 0.3333333333333333]"
1263,247.21768790773191,546525.6992127891,"[0.3333333333333333, 0.3333333333333333, 0.3333333333333333]"
1264,621.742719176881,273654.80381053535,"[0.3333333333333333, 0.3333333333333333, 0.3333333333333333]"
1265,869.7829822448482,204822.9406985785,"[0.3333333333333333, 0.3333333333333333, 0.3333333333333333]"
1266,107.13291992466917,980985.7888342739,"[0.3333333333333333, 0.3333333333333333, 0.3333333333333333]"
1267,605.0735625739725,533243.4444722263,"[0.3333333333333333, 0.3333333333333333, 0.3333333333333333]"
1268,255.91216564597772,720284.2834876068,"[0.3333333333333333, 0.3333333333333333, 0.3333333333333333]"
1269,519.1134035919372,278434.2772198231,"[0.3333333333333333, 0.3333333333333333, 0.3333333333333333]"
1270,739.8493647947331,249923.95944932074,"[0.3333333333333333, 0.3333333333333333, 0.3333333333333333]"
1271,541.0897321196484,183854.38938268818,"[0.3333333333333333, 0.3333333333333333, 0.3333333333333333]"
1272,585.9704538266914,341111.38557416544,"[0.3333333333333333, 0.3333333333333333, 0.3333333333333333]"
1273,553.2026960831934,684005.5844693375,"[0.3333333333333333, 0.3333333333333333, 0.3333333333333333]"
1274,741.0125820082351,274704.41236072173,"[0.3333333333333333, 0.3333333333333333, 0.3333333333333333]"
1275,760.6399886129109,888061.8856514845,"[0.3333333333333333, 0.3333333333333333, 0.3333333333333333]"
1276,710.2509925894338,190394.57107552065,"[0.3333333333333333, 0.3333333333333333, 0.3333333333333333]"
1277,830.9613991564624,753619.3873751827,"[0.3333333333333333, 0.3333333333333333, 0.3333333333333333]"
1278,265.59431601568696,773218.0858412858,"[0.3333333333333333, 0.3333333333333333, 0.3333333333333333]"
1279,743.1265945871833,218793.24537303013,"[0.3333333333333333, 0.3333333333333333, 0.3333333333333333]"
1280,630.2493397270318,318439.5281853606,"[0.3333333333333333, 0.3333333333333333, 0.3333333333333333]"
1281,815.173046700567,819152.1935094319,"[0.3333333333333333, 0.3333333333333333, 0.3333333333333333]"
1282,294.8024605791673,968286.9507109043,"[0.3333333333333333, 0.3333333333333333, 0.3333333333333333]"
1283,148.58528005510297,265030.1797281155,"[0.3333333333333333, 0.3333333333333333, 0.3333333333333333]"
1284,979.1097177347109,798409.8679801506,"[0.3333333333333333, 0.3333333333333333, 0.3333333333333333]"
1285,63.625775208259824,167141.98023703994,"[0.3333333333333333, 0.3333333333333333, 0.3333333333333333]"
1286,443.9585163459139,535278.2071314319,"[0.3333333333333333, 0.3333333333333333, 0.3333333333333333]"
1287,702.8658608215553,173856.78872586007,"[0.3333333333333333, 0.3333333333333333, 0.3333333333333333]"
1288,381.54055052415714,115719.63369056059,"[0.3333333333333333, 0.3333333333333333, 0.3333333333333333]"
1289,299.2976741369638,148278.40361960916,"[0.3333333333333333, 0.3333333333333333, 0.3333333333333333]"
1290,372.3341265672307,972964.3962223601,"[0.3333333333333333, 0.3333333333333333, 0.3333333333333333]"
1291,604.6776097587915,167238.84298400156,"[0.3333333333333333, 0.3333333333333333, 0.3333333333333333]"
1292,744.1538504377173,929159.5755183471,"[0.3333333333333333, 0.3333333333333333, 0.3333333333333333]"
1293,52.694533931485694,219260.34001768864,"[0.3333333333333333, 0.3333333333333333, 0.3333333333333333]"
1294,546.5660075929558,908758.310187815,"[0.3333333333333333, 0.3333333333333333, 0.3333333333333333]"
1295,67.72495676113411,435018.4814180943,"[0.3333333333333333, 0.3333333333333333, 0.3333333333333333]"
1296,149.5040372680776,699656.8653100837,"[0.3333333333333333, 0.3333333333333333, 0.3333333333333333]"
1297,329.5377835189869,105017.69863122667,"[0.3333333333333333, 0.3333333333333333, 0.3333333333333333]"
1298,815.7687083105284,958987.5811940106,"[0.3333333333333333, 0.3333333333333333, 0.3333333333333333]"
1299,392.8333945046037,159472.6216330074,"[0.3333333333333333, 0.3333333333333333, 0.3333333333333333]"
1300,504.893844353939,806631.8779130123,"[0.3333333333333333, 0.3333333333333333, 0.3333333333333333]"
1301,356.84981195007856,556289.1052835162,"[0.3333333333333333, 0.3333333333333333, 0.3333333333333333]"
1302,135.23014134177913,897344.7085230615,"[0.3333333333333333, 0.3333333333333333, 0.3333333333333333]"
1303,440.64209148320884,736685.5011539111,"[0.3333333333333333, 0.3333333333333333, 0.3333333333333333]"
1304,666.3767383352066,832517.1256105524,"[0.3333333333333333, 0.3333333333333333, 0.3333333333333333]"
1305,279.0649270577479,926512.6522835525,"[0.3333333333333333, 0.3333333333333333, 0.3333333333333333]"
1306,143.5943568856657,722839.2502726661,"[0.3333333333333333, 0.3333333333333333, 0.3333333333333333]"
1307,94.75976542616739,473081.87873004284,"[0.3333333333333333, 0.3333333333333333, 0.3333333333333333]"
1308,716.0529332840757,871450.1534611335,"[0.3333333333333333, 0.3333333333333333, 0.3333333333333333]"
1309,508.6313470197875,429067.17168883054,"[0.3333333333333333, 0.3333333333333333, 0.3333333333333333]"
1310,134.87643909649626,313033.8712572173,"[0.3333333333333333, 0.3333333333333333, 0.3333333333333333]"
1311,283.08509434124426,694477.3616573254,"[0.3333333333333333, 0.3333333333333333, 0.3333333333333333]"
1312,363.2118857083293,767288.3350934392,"[0.3333333333333333, 0.3333333333333333, 0.3333333333333333]"
1313,707.7094707258011,996421.8344181546,"[0.3333333333333333, 0.3333333333333333, 0.3333333333333333]"
1314,251.73373001639195,428619.5442959256,"[0.3333333333333333, 0.3333333333333333, 0.3333333333333333]"
1315,75.29687609640791,924244.6729689791,"[0.3333333333333333, 0.3333333333333333, 0.3333333333333333]"
1316,424.3711720961453,752688.007806993,"[0.3333333333333333, 0.3333333333333333, 0.3333333333333333]"
1317,982.3419677256534,964072.583398431,"[0.3333333333333333, 0.3333333333333333, 0.3333333333333333]"
1318,511.6093750466788,668607.9107521062,"[0.3333333333333333, 0.3333333333333333, 0.3333333333333333]"
1319,736.0895473847116,947921.4003012084,"[0.3333333333333333, 0.3333333333333333, 0.3333333333333333]"
1320,681.170051615213,935281.2822999018,"[0.3333333333333333, 0.3333333333333333, 0.3333333333333333]"
1321,338.9777268610105,203673.19316650473,"[0.3333333333333333, 0.3333333333333333, 0.3333333333333333]"
1322,242.45643850094726,649291.5707960667,"[0.3333333333333333, 0.3333333333333333, 0.3333333333333333]"
1323,955.2085427624149,700742.6271313594,"[0.3333333333333333, 0.3333333333333333, 0.3333333333333333]"
1324,95.8522554337868,945624.7241950068,"[0.3333333333333333, 0.3333333333333333, 0.3333333333333333]"
1325,51.7685689268834,972419.2135986073,"[0.3333333333333333, 0.3333333333333333, 0.3333333333333333]"
1326,800.9563862574739,481433.37314136315,"[0.3333333333333333, 0.3333333333333333, 0.3333333333333333]"
1327,432.53019459408773,229404.53824890027,"[0.3333333333333333, 0.3333333333333333, 0.3333333333333333]"
1328,224.5605794451685,131430.36244383192,"[0.3333333333333333, 0.3333333333333333, 0.3333333333333333]"
1329,133.16030086359518,318201.1898960449,"[0.3333333333333333, 0.3333333333333333, 0.3333333333333333]"
1330,79.04374918672403,786441.2721028966,"[0.3333333333333333, 0.3333333333333333, 0.3333333333333333]"
1331,455.9569191089617,118098.58316114094,"[0.3333333333333333, 0.3333333333333333, 0.3333333333333333]"
1332,840.6673661036809,433044.86978808546,"[0.3333333333333333, 0.3333333333333333, 0.3333333333333333]"
1333,235.79066977679489,939609.212982731,"[0.3333333333333333, 0.3333333333333333, 0.3333333333333333]"
1334,107.18512148490206,390552.2243121719,"[0.3333333333333333, 0.3333333333333333, 0.3333333333333333]"
1335,520.1440623789751,413234.7859575968,"[0.3333333333333333, 0.3333333333333333, 0.3333333333333333]"
1336,665.0974615139737,724127.0223114997,"[0.3333333333333333, 0.3333333333333333, 0.3333333333333333]"
1337,318.4227394155111,530238.363162918,"[0.3333333333333333, 0.3333333333333333, 0.3333333333333333]"
1338,727.4876260531997,305705.3271645369,"[0.3333333333333333, 0.3333333333333333, 0.3333333333333333]"
1339,68.62953976101538,998766.2457799091,"[0.3333333333333333, 0.3333333333333333, 0.3333333333333333]"
1340,703.7665806611329,527610.8151039971,"[0.3333333333333333, 0.3333333333333333, 0.3333333333333333]"
1341,569.0862902688868,324891.5371084357,"[0.3333333333333333, 0.3333333333333333, 0.3333333333333333]"
1342,574.810555010436,868305.1218560751,"[0.3333333333333333, 0.3333333333333333, 0.3333333333333333]"
1343,959.6078817629406,959061.4576466323,"[0.3333333333333333, 0.3333333333333333, 0.3333333333333333]"
1344,805.321214802589,442183.7868990611,"[0.3333333333333333, 0.3333333333333333, 0.3333333333333333]"
1345,139.9780172912478,419033.84246133734,"[0.3333333333333333, 0.3333333333333333, 0.3333333333333333]"
1346,346.4690850576038,938579.1272225862,"[0.3333333333333333, 0.3333333333333333, 0.3333333333333333]"
1347,973.0247312202747,583053.9862453911,"[0.3333333333333333, 0.3333333333333333, 0.3333333333333333]"
1348,700.8396442894852,706854.1639739886,"[0.3333333333333333, 0.3333333333333333, 0.3333333333333333]"
1349,495.6311076087408,825325.5935059644,"[0.3333333333333333, 0.3333333333333333, 0.3333333333333333]"
1350,502.798014995353,229511.05833013024,"[0.3333333333333333, 0.3333333333333333, 0.3333333333333333]"
1351,350.747414781584,268315.4646836269,"[0.3333333333333333, 0.3333333333333333, 0.3333333333333333]"
1352,490.7899644861128,304490.29255584674,"[0.3333333333333333, 0.3333333333333333, 0.3333333333333333]"
1353,696.3987969486807,208326.61199133724,"[0.3333333333333333, 0.3333333333333333, 0.3333333333333333]"
1354,514.6533384898653,129679.49184256647,"[0.3333333333333333, 0.3333333333333333, 0.3333333333333333]"
1355,202.71257042508768,759266.2489291747,"[0.3333333333333333, 0.3333333333333333, 0.3333333333333333]"
1356,98.51298025823435,117135.26461759588,"[0.3333333333333333, 0.3333333333333333, 0.3333333333333333]"
1357,909.3633568092852,259712.6488206987,"[0.3333333333333333, 0.3333333333333333, 0.3333333333333333]"
1358,836.5952777326797,643852.3760080235,"[0.3333333333333333, 0.3333333333333333, 0.3333333333333333]"
1359,139.20764956179607,632213.6421152795,"[0.3333333333333333, 0.3333333333333333, 0.3333333333333333]"
1360,340.45727244240237,801501.7142647319,"[0.3333333333333333, 0.3333333333333333, 0.3333333333333333]"
1361,378.9134923894351,478166.8493959508,"[0.3333333333333333, 0.3333333333333333, 0.3333333333333333]"
1362,263.31659236021335,913427.245226066,"[0.3333333333333333, 0.3333333333333333, 0.3333333333333333]"
1363,917.5814630931566,922837.9482632319,"[0.3333333333333333, 0.3333333333333333, 0.3333333333333333]"
1364,796.6146501217685,816787.5413523684,"[0.3333333333333333, 0.3333333333333333, 0.3333333333333333]"
1365,284.1769521109164,483703.74023968895,"[0.3333333333333333, 0.3333333333333333, 0.3333333333333333]"
1366,128.10128800432562,628303.8386977534,"[0.3333333333333333, 0.3333333333333333, 0.3333333333333333]"
1367,931.5447030668671,326836.9293952507,"[0.3333333333333333, 0.3333333333333333, 0.3333333333333333]"
1368,666.3740018532113,739627.9939937881,"[0.3333333333333333, 0.3333333333333333, 0.3333333333333333]"
1369,887.7001810116126,846892.2230223658,"[0.3333333333333333, 0.3333333333333333, 0.3333333333333333]"
1370,760.4699731737917,707327.7674221387,"[0.3333333333333333, 0.3333333333333333, 0.3333333333333333]"
1371,369.76934851524294,609299.7036107468,"[0.3333333333333333, 0.3333333333333333, 0.3333333333333333]"
1372,324.79911907824606,864500.4088966174,"[0.3333333333333333, 0.3333333333333333, 0.3333333333333333]"
1373,767.7015324867342,715391.7487226792,"[0.3333333333333333, 0.3333333333333333, 0.3333333333333333]"
1374,946.5144999528932,816207.2990553977,"[0.3333333333333333, 0.3333333333333333, 0.3333333333333333]"
1375,611.1388877986626,104651.70228103631,"[0.3333333333333333, 0.3333333333333333, 0.3333333333333333]"
1376,783.4206078639079,409927.005761045,"[0.3333333333333333, 0.3333333333333333, 0.3333333333333333]"
1377,966.9984654941645,547684.792072182,"[0.3333333333333333, 0.3333333333333333, 0.3333333333333333]"
1378,103.53039027063285,991955.4711790173,"[0.3333333333333333, 0.3333333333333333, 0.3333333333333333]"
1379,92.91577326455429,286914.0948825422,"[0.3333333333333333, 0.3333333333333333, 0.3333333333333333]"
1380,85.955979444284,535959.3588591976,"[0.3333333333333333, 0.3333333333333333, 0.3333333333333333]"
1381,779.5063234660249,477263.0164129762,"[0.3333333333333333, 0.3333333333333333, 0.3333333333333333]"
1382,365.8496795030425,970598.2700536225,"[0.3333333333333333, 0.3333333333333333, 0.3333333333333333]"
1383,551.6738125635854,575568.2877771216,"[0.3333333333333333, 0.3333333333333333, 0.3333333333333333]"
1384,135.84911477359424,554884.2525722354,"[0.3333333333333333, 0.3333333333333333, 0.3333333333333333]"
1385,516.4951707674754,459540.0184675345,"[0.3333333333333333, 0.3333333333333333, 0.3333333333333333]"
1386,648.063693861966,526956.5759844237,"[0.3333333333333333, 0.3333333333333333, 0.3333333333333333]"
1387,119.57512006319521,495109.64648033876,"[0.3333333333333333, 0.3333333333333333, 0.3333333333333333]"
1388,779.5559822612281,865214.2838498815,"[0.3333333333333333, 0.3333333333333333, 0.3333333333333333]"
1389,359.7434630727575,655923.0877165124,"[0.3333333333333333, 0.3333333333333333, 0.3333333333333333]"
1390,546.3540402385476,921001.2120773628,"[0.3333333333333333, 0.3333333333333333, 0.3333333333333333]"
1391,496.438390572267,609490.3364700358,"[0.3333333333333333, 0.3333333333333333, 0.3333333333333333]"
1392,677.0850052980429,848374.8982446727,"[0.3333333333333333, 0.3333333333333333, 0.3333333333333333]"
1393,941.4849677663552,616002.378563748,"[0.3333333333333333, 0.3333333333333333, 0.3333333333333333]"
1394,124.82329039591592,572177.6336597968,"[0.3333333333333333, 0.3333333333333333, 0.3333333333333333]"
1395,986.5430755792494,393463.58941067295,"[0.3333333333333333, 0.3333333333333333, 0.3333333333333333]"
1396,574.4683211813434,378160.486306255,"[0.3333333333333333, 0.3333333333333333, 0.3333333333333333]"
1397,300.7324830033828,954748.8868349455,"[0.3333333333333333, 0.3333333333333333, 0.3333333333333333]"
1398,148.92005403260774,253241.6029491681,"[0.3333333333333333, 0.3333333333333333, 0.3333333333333333]"
1399,904.3967772634818,387832.012022636,"[0.3333333333333333, 0.3333333333333333, 0.3333333333333333]"
1400,755.1344513006542,368949.14013804053,"[0.3333333333333333, 0.3333333333333333, 0.3333333333333333]"
1401,62.17410925332703,748001.3015606762,"[0.3333333333333333, 0.3333333333333333, 0.3333333333333333]"
1402,989.2280011403865,323924.8896630068,"[0.3333333333333333, 0.3333333333333333, 0.3333333333333333]"
1403,695.754528061858,500460.1515280609,"[0.3333333333333333, 0.3333333333333333, 0.3333333333333333]"
1404,894.3879250103579,849598.630411135,"[0.3333333333333333, 0.3333333333333333, 0.3333333333333333]"
1405,467.1740055043538,274720.2400034466,"[0.3333333333333333, 0.3333333333333333, 0.3333333333333333]"
1406,643.2963993367472,650824.2602509358,"[0.3333333333333333, 0.3333333333333333, 0.3333333333333333]"
1407,736.0571867051598,723943.2072327858,"[0.3333333333333333, 0.3333333333333333, 0.3333333333333333]"
1408,84.54544143526121,747975.8814783056,"[0.3333333333333333, 0.3333333333333333, 0.3333333333333333]"
1409,257.05452287280673,938207.7696953233,"[0.3333333333333333, 0.3333333333333333, 0.3333333333333333]"
1410,841.0511839474561,641275.9403048592,"[0.3333333333333333, 0.3333333333333333, 0.3333333333333333]"
1411,653.0803137397445,506393.85482261796,"[0.3333333333333333, 0.3333333333333333, 0.3333333333333333]"
1412,444.93903758733995,889803.1009796163,"[0.3333333333333333, 0.3333333333333333, 0.3333333333333333]"
1413,794.449939134692,243685.91435890636,"[0.3333333333333333, 0.3333333333333333, 0.3333333333333333]"
1414,502.2849642280681,157674.28416353365,"[0.3333333333333333, 0.3333333333333333, 0.3333333333333333]"
1415,546.9749305894654,134087.08627767378,"[0.3333333333333333, 0.3333333333333333, 0.3333333333333333]"
1416,157.95849520960078,721393.7421782837,"[0.3333333333333333, 0.3333333333333333, 0.3333333333333333]"
1417,127.166952922673,750137.4200764017,"[0.3333333333333333, 0.3333333333333333, 0.3333333333333333]"
1418,577.1020281808028,579915.817584144,"[0.3333333333333333, 0.3333333333333333, 0.3333333333333333]"
1419,836.6568248725475,746852.9794940547,"[0.3333333333333333, 0.3333333333333333, 0.3333333333333333]"
1420,30.50176484243293,655081.2098485884,"[0.3333333333333333, 0.3333333333333333, 0.3333333333333333]"
1421,546.846650482885,533450.4489055265,"[0.3333333333333333, 0.3333333333333333, 0.3333333333333333]"
1422,482.42636185060684,538765.1442568041,"[0.3333333333333333, 0.3333333333333333, 0.3333333333333333]"
1423,733.9116072027347,937097.1157400726,"[0.3333333333333333, 0.3333333333333333, 0.3333333333333333]"
1424,984.1330750792249,377325.1781000908,"[0.3333333333333333, 0.3333333333333333, 0.3333333333333333]"
1425,202.0050751603211,134500.13180116867,"[0.3333333333333333, 0.3333333333333333, 0.3333333333333333]"
1426,821.7642432582953,314092.52625287126,"[0.3333333333333333, 0.3333333333333333, 0.3333333333333333]"
1427,706.4693502812786,706210.7226372621,"[0.3333333333333333, 0.3333333333333333, 0.3333333333333333]"
1428,339.83083801246346,785372.6427949012,"[0.3333333333333333, 0.3333333333333333, 0.3333333333333333]"
1429,413.50990369287194,789655.6294846828,"[0.3333333333333333, 0.3333333333333333, 0.3333333333333333]"
1430,558.1241609783629,694911.9776641743,"[0.3333333333333333, 0.3333333333333333, 0.3333333333333333]"
1431,990.1571136676829,994662.8683964084,"[0.3333333333333333, 0.3333333333333333, 0.3333333333333333]"
1432,823.6040878362028,689465.397647188,"[0.3333333333333333, 0.3333333333333333, 0.3333333333333333]"
1433,551.2158397093432,232280.05394767452,"[0.3333333333333333, 0.3333333333333333, 0.3333333333333333]"
1434,331.59748834739713,669661.0434104934,"[0.3333333333333333, 0.3333333333333333, 0.3333333333333333]"
1435,342.1367612990709,436981.22841096425,"[0.3333333333333333, 0.3333333333333333, 0.3333333333333333]"
1436,738.5047640524008,870098.2957706945,"[0.3333333333333333, 0.3333333333333333, 0.3333333333333333]"
1437,130.5100973151816,614307.3473626955,"[0.3333333333333333, 0.3333333333333333, 0.3333333333333333]"
1438,941.2614574303616,424346.43373978353,"[0.3333333333333333, 0.3333333333333333, 0.3333333333333333]"
1439,691.4734699237165,405299.49217900564,"[0.3333333333333333, 0.3333333333333333, 0.3333333333333333]"
1440,664.6647753895147,658646.9341971703,"[0.3333333333333333, 0.3333333333333333, 0.3333333333333333]"
1441,497.2776789855749,435662.74849661224,"[0.3333333333333333, 0.3333333333333333, 0.3333333333333333]"
1442,805.2278861667473,704166.7419991322,"[0.3333333333333333, 0.3333333333333333, 0.3333333333333333]"
1443,859.3787866780361,489251.7887878766,"[0.3333333333333333, 0.3333333333333333, 0.3333333333333333]"
1444,477.64636428943044,443496.3915571649,"[0.3333333333333333, 0.3333333333333333, 0.3333333333333333]"
1445,600.2595416888781,163192.68220759733,"[0.3333333333333333, 0.3333333333333333, 0.3333333333333333]"
1446,219.95508113984815,844562.4180705436,"[0.3333333333333333, 0.3333333333333333, 0.3333333333333333]"
1447,568.0247955240299,113659.94952467254,"[0.3333333333333333, 0.3333333333333333, 0.3333333333333333]"
1448,766.9788400289589,975256.6943845283,"[0.3333333333333333, 0.3333333333333333, 0.3333333333333333]"
1449,270.70978096015426,698196.5350174021,"[0.3333333333333333, 0.3333333333333333, 0.3333333333333333]"
1450,422.86439932820537,212854.65054302278,"[0.3333333333333333, 0.3333333333333333, 0.3333333333333333]"
1451,676.81671146418,573833.6619901874,"[0.3333333333333333, 0.3333333333333333, 0.3333333333333333]"
1452,815.5709262234695,851711.2601263307,"[0.3333333333333333, 0.3333333333333333, 0.3333333333333333]"
1453,658.529903167918,454528.62830087804,"[0.3333333333333333, 0.3333333333333333, 0.3333333333333333]"
1454,869.0650564169545,522319.3599781733,"[0.3333333333333333, 0.3333333333333333, 0.3333333333333333]"
1455,80.93814098791708,472902.0334672114,"[0.3333333333333333, 0.3333333333333333, 0.3333333333333333]"
1456,398.74268575700506,371274.29478083644,"[0.3333333333333333, 0.3333333333333333, 0.3333333333333333]"
1457,211.14412804255866,186238.296085247,"[0.3333333333333333, 0.3333333333333333, 0.3333333333333333]"
1458,602.2238545165822,742231.0944021979,"[0.3333333333333333, 0.3333333333333333, 0.3333333333333333]"
1459,164.98494076840348,753087.0322125179,"[0.3333333333333333, 0.3333333333333333, 0.3333333333333333]"
1460,29.46176761857253,415587.231824605,"[0.3333333333333333, 0.3333333333333333, 0.3333333333333333]"
1461,825.3832863490888,952664.2604210575,"[0.3333333333333333, 0.3333333333333333, 0.3333333333333333]"
1462,622.3038898777794,239754.6038091161,"[0.3333333333333333, 0.3333333333333333, 0.3333333333333333]"
1463,413.83150073808486,485981.9984483686,"[0.3333333333333333, 0.3333333333333333, 0.3333333333333333]"
1464,798.1595459829176,361776.86206367257,"[0.3333333333333333, 0.3333333333333333, 0.3333333333333333]"
1465,660.9267785704669,897481.8683193747,"[0.3333333333333333, 0.3333333333333333, 0.3333333333333333]"
1466,203.79590175338777,497900.52962257003,"[0.3333333333333333, 0.3333333333333333, 0.3333333333333333]"
1467,492.10908351799605,155814.24879523236,"[0.3333333333333333, 0.3333333333333333, 0.3333333333333333]"
1468,725.1523659355772,890050.259973797,"[0.3333333333333333, 0.3333333333333333, 0.3333333333333333]"
1469,939.8084403191775,845463.5515391958,"[0.3333333333333333, 0.3333333333333333, 0.3333333333333333]"
1470,120.08388639332045,582960.5105833872,"[0.3333333333333333, 0.3333333333333333, 0.3333333333333333]"
1471,28.063061953729775,874737.2154125739,"[0.3333333333333333, 0.3333333333333333, 0.3333333333333333]"
1472,144.03380663039854,421994.40438129846,"[0.3333333333333333, 0.3333333333333333, 0.3333333333333333]"
1473,481.7225247561028,420007.8003623796,"[0.3333333333333333, 0.3333333333333333, 0.3333333333333333]"
1474,260.27851840414826,532135.7498530165,"[0.3333333333333333, 0.3333333333333333, 0.3333333333333333]"
1475,443.9899208337651,655382.2162241355,"[0.3333333333333333, 0.3333333333333333, 0.3333333333333333]"
1476,543.5004663776901,158622.69951456753,"[0.3333333333333333, 0.3333333333333333, 0.3333333333333333]"
1477,618.0965200647946,700881.66430368,"[0.3333333333333333, 0.3333333333333333, 0.3333333333333333]"
1478,121.4439941095224,293359.71414319135,"[0.3333333333333333, 0.3333333333333333, 0.3333333333333333]"
1479,407.2585502720154,611123.6042367166,"[0.3333333333333333, 0.3333333333333333, 0.3333333333333333]"
1480,593.6910053169925,817755.4097824859,"[0.3333333333333333, 0.3333333333333333, 0.3333333333333333]"
1481,943.2942630986661,184802.69140640183,"[0.3333333333333333, 0.3333333333333333, 0.3333333333333333]"
1482,369.4424786180218,871421.8341865302,"[0.3333333333333333, 0.3333333333333333, 0.3333333333333333]"
1483,628.9786489261197,399531.84643727134,"[0.3333333333333333, 0.3333333333333333, 0.3333333333333333]"
1484,815.3660340571648,152959.2779096577,"[0.3333333333333333, 0.3333333333333333, 0.3333333333333333]"
1485,187.15414485994157,747652.6601018803,"[0.3333333333333333, 0.3333333333333333, 0.3333333333333333]"
1486,617.5262350620924,928808.7991501777,"[0.3333333333333333, 0.3333333333333333, 0.3333333333333333]"
1487,595.0540921922883,231609.7324149294,"[0.3333333333333333, 0.3333333333333333, 0.3333333333333333]"
1488,553.7395635656953,656074.5224118248,"[0.3333333333333333, 0.3333333333333333, 0.3333333333333333]"
1489,426.85826498930504,503524.21044444706,"[0.3333333333333333, 0.3333333333333333, 0.3333333333333333]"
1490,15.359393630470723,508684.42089977226,"[0.3333333333333333, 0.3333333333333333, 0.3333333333333333]"
1491,987.9796836848838,938286.2091547117,"[0.3333333333333333, 0.3333333333333333, 0.3333333333333333]"
1492,631.3913880193718,995922.2696744497,"[0.3333333333333333, 0.3333333333333333, 0.3333333333333333]"
1493,939.9004893603282,406004.3061290311,"[0.3333333333333333, 0.3333333333333333, 0.3333333333333333]"
1494,459.778677572503,778019.4979350222,"[0.3333333333333333, 0.3333333333333333, 0.3333333333333333]"
1495,950.4773336379127,884985.646932234,"[0.3333333333333333, 0.3333333333333333, 0.3333333333333333]"
1496,339.3837151805619,666507.8093523842,"[0.3333333333333333, 0.3333333333333333, 0.3333333333333333]"
1497,106.04766810476076,164556.9463571774,"[0.3333333333333333, 0.3333333333333333, 0.3333333333333333]"
1498,976.1311642313369,469024.8077035085,"[0.3333333333333333, 0.3333333333333333, 0.3333333333333333]"
1499,584.8856196130075,727946.8425999655,"[0.3333333333333333, 0.3333333333333333, 0.3333333333333333]"
1500,891.2478560125008,868548.7475158381,"[0.3333333333333333, 0.3333333333333333, 0.3333333333333333]"
1501,619.2333642684856,292418.8265365255,"[0.3333333333333333, 0.3333333333333333, 0.3333333333333333]"
1502,24.683240802777647,218708.62788781663,"[0.3333333333333333, 0.3333333333333333, 0.3333333333333333]"
1503,217.83251126474073,985270.9115568551,"[0.3333333333333333, 0.3333333333333333, 0.3333333333333333]"
1504,58.2368950964206,642716.071951934,"[0.3333333333333333, 0.3333333333333333, 0.3333333333333333]"
1505,615.0023246340828,741730.6399854633,"[0.3333333333333333, 0.3333333333333333, 0.3333333333333333]"
1506,944.531023544659,850359.7487111752,"[0.3333333333333333, 0.3333333333333333, 0.3333333333333333]"
1507,632.4298415955211,669801.5216274783,"[0.3333333333333333, 0.3333333333333333, 0.3333333333333333]"
1508,895.7934277576046,190213.8044719966,"[0.3333333333333333, 0.3333333333333333, 0.3333333333333333]"
1509,341.36218368390104,730425.5889667091,"[0.3333333333333333, 0.3333333333333333, 0.3333333333333333]"
1510,293.6275044653962,222971.8430467041,"[0.3333333333333333, 0.3333333333333333, 0.3333333333333333]"
1511,687.4180409066165,951567.6331089243,"[0.3333333333333333, 0.3333333333333333, 0.3333333333333333]"
1512,520.7453542724909,797647.3069475661,"[0.3333333333333333, 0.3333333333333333, 0.3333333333333333]"
1513,640.6538406157867,431661.0054146996,"[0.3333333333333333, 0.3333333333333333, 0.3333333333333333]"
1514,339.8189743216182,329951.0927728993,"[0.3333333333333333, 0.3333333333333333, 0.3333333333333333]"
1515,199.27428052393918,346414.8697655472,"[0.3333333333333333, 0.3333333333333333, 0.3333333333333333]"
1516,429.34078716977666,580892.4581967386,"[0.3333333333333333, 0.3333333333333333, 0.3333333333333333]"
1517,559.3059307071768,266829.8184713471,"[0.3333333333333333, 0.3333333333333333, 0.3333333333333333]"
1518,705.1532091013902,842531.8431388633,"[0.3333333333333333, 0.3333333333333333, 0.3333333333333333]"
1519,26.702917304781877,198438.80124258966,"[0.3333333333333333, 0.3333333333333333, 0.3333333333333333]"
1520,21.315112058062805,527661.573759268,"[0.3333333333333333, 0.3333333333333333, 0.3333333333333333]"
1521,876.8725776354531,111469.70922178829,"[0.3333333333333333, 0.3333333333333333, 0.3333333333333333]"
1522,809.2640081308253,855129.4442592651,"[0.3333333333333333, 0.3333333333333333, 0.3333333333333333]"
1523,360.8159354387771,484571.4888749967,"[0.3333333333333333, 0.3333333333333333, 0.3333333333333333]"
1524,384.0022975046368,380623.3835688033,"[0.3333333333333333, 0.3333333333333333, 0.3333333333333333]"
1525,923.8308632628653,992687.7803607435,"[0.3333333333333333, 0.3333333333333333, 0.3333333333333333]"
1526,575.9049308996883,881566.9112454237,"[0.3333333333333333, 0.3333333333333333, 0.3333333333333333]"
1527,240.8176901805741,963405.0455563989,"[0.3333333333333333, 0.3333333333333333, 0.3333333333333333]"
1528,490.6620836418747,346489.6629066189,"[0.3333333333333333, 0.3333333333333333, 0.3333333333333333]"
1529,235.37530481151256,183928.07595915842,"[0.3333333333333333, 0.3333333333333333, 0.3333333333333333]"
1530,316.7095989172719,873046.1222710958,"[0.3333333333333333, 0.3333333333333333, 0.3333333333333333]"
1531,26.116988419782537,656970.06020118,"[0.3333333333333333, 0.3333333333333333, 0.3333333333333333]"
1532,997.8478727335186,392755.9471555703,"[0.3333333333333333, 0.3333333333333333, 0.3333333333333333]"
1533,726.9983093395565,377502.13969440944,"[0.3333333333333333, 0.3333333333333333, 0.3333333333333333]"
1534,434.9596924318117,380015.2125980031,"[0.3333333333333333, 0.3333333333333333, 0.3333333333333333]"
1535,375.4175095664491,459506.3448525478,"[0.3333333333333333, 0.3333333333333333, 0.3333333333333333]"
1536,471.90012121617616,343860.92641931295,"[0.3333333333333333, 0.3333333333333333, 0.3333333333333333]"
1537,968.9262411828026,461914.6859488332,"[0.3333333333333333, 0.3333333333333333, 0.3333333333333333]"
1538,118.80151086715901,597045.9508200309,"[0.3333333333333333, 0.3333333333333333, 0.3333333333333333]"
1539,315.5573241155847,608165.4405268109,"[0.3333333333333333, 0.3333333333333333, 0.3333333333333333]"
1540,963.4088796901276,493680.42021620634,"[0.3333333333333333, 0.3333333333333333, 0.3333333333333333]"
1541,168.5876971841248,549970.9491502057,"[0.3333333333333333, 0.3333333333333333, 0.3333333333333333]"
1542,804.7076505930995,159339.382644681,"[0.3333333333333333, 0.3333333333333333, 0.3333333333333333]"
1543,673.8439934343131,889795.2407156053,"[0.3333333333333333, 0.3333333333333333, 0.3333333333333333]"
1544,472.9122321186667,742784.2491797988,"[0.3333333333333333, 0.3333333333333333, 0.3333333333333333]"
1545,472.74711044606664,358616.37039223535,"[0.3333333333333333, 0.3333333333333333, 0.3333333333333333]"
1546,747.8087725673985,456431.06185182126,"[0.3333333333333333, 0.3333333333333333, 0.3333333333333333]"
1547,248.2567313628554,267253.14734311413,"[0.3333333333333333, 0.3333333333333333, 0.3333333333333333]"
1548,686.8319905911544,172992.18015545592,"[0.3333333333333333, 0.3333333333333333, 0.3333333333333333]"
1549,735.3813673119253,189688.17198125576,"[0.3333333333333333, 0.3333333333333333, 0.3333333333333333]"
1550,247.46980530587805,637177.085854492,"[0.3333333333333333, 0.3333333333333333, 0.3333333333333333]"
1551,572.1763472622216,657011.2410840066,"[0.3333333333333333, 0.3333333333333333, 0.3333333333333333]"
1552,237.3233110112379,605833.3371913272,"[0.3333333333333333, 0.3333333333333333, 0.3333333333333333]"
1553,282.89368794397325,386956.6637176176,"[0.3333333333333333, 0.3333333333333333, 0.3333333333333333]"
1554,743.8096877443045,789976.3960527964,"[0.3333333333333333, 0.3333333333333333, 0.3333333333333333]"
1555,584.3934526123159,786378.8886362995,"[0.3333333333333333, 0.3333333333333333, 0.3333333333333333]"
1556,497.4312173486295,740468.1301417721,"[0.3333333333333333, 0.3333333333333333, 0.3333333333333333]"
1557,637.4010381624369,690140.8018339846,"[0.3333333333333333, 0.3333333333333333, 0.3333333333333333]"
1558,112.4435185513678,113819.9554510317,"[0.3333333333333333, 0.3333333333333333, 0.3333333333333333]"
1559,867.6580621847227,475879.62956649734,"[0.3333333333333333, 0.3333333333333333, 0.3333333333333333]"
1560,537.7039681970094,569740.1551106167,"[0.3333333333333333, 0.3333333333333333, 0.3333333333333333]"
1561,87.43709831217728,348921.7295799999,"[0.3333333333333333, 0.3333333333333333, 0.3333333333333333]"
1562,630.1605833276901,883332.271064747,"[0.3333333333333333, 0.3333333333333333, 0.3333333333333333]"
1563,149.57592495704125,400306.6275203226,"[0.3333333333333333, 0.3333333333333333, 0.3333333333333333]"
1564,458.0744339627923,545228.1632925471,"[0.3333333333333333, 0.3333333333333333, 0.3333333333333333]"
1565,729.2438364242576,999766.7162307237,"[0.3333333333333333, 0.3333333333333333, 0.3333333333333333]"
1566,802.7372383588871,157630.80584253976,"[0.3333333333333333, 0.3333333333333333, 0.3333333333333333]"
1567,471.54785488101766,816097.1194977507,"[0.3333333333333333, 0.3333333333333333, 0.3333333333333333]"
1568,799.1722913412315,133396.89211777502,"[0.3333333333333333, 0.3333333333333333, 0.3333333333333333]"
1569,399.2264363469956,914103.5672629203,"[0.3333333333333333, 0.3333333333333333, 0.3333333333333333]"
1570,822.1843582391525,990623.103455433,"[0.3333333333333333, 0.3333333333333333, 0.3333333333333333]"
1571,753.0638393780647,878679.7601857265,"[0.3333333333333333, 0.3333333333333333, 0.3333333333333333]"
1572,816.7626361953184,907618.032343081,"[0.3333333333333333, 0.3333333333333333, 0.3333333333333333]"
1573,700.9563833361617,282418.84286069765,"[0.3333333333333333, 0.3333333333333333, 0.3333333333333333]"
1574,762.6230437778516,336967.87542361865,"[0.3333333333333333, 0.3333333333333333, 0.3333333333333333]"
1575,58.82536771991829,543817.5265452918,"[0.3333333333333333, 0.3333333333333333, 0.3333333333333333]"
1576,114.04659670268518,963913.9426345105,"[0.3333333333333333, 0.3333333333333333, 0.3333333333333333]"
1577,169.0145166903458,659640.0807117765,"[0.3333333333333333, 0.3333333333333333, 0.3333333333333333]"
1578,779.1629007082819,961924.4556940644,"[0.3333333333333333, 0.3333333333333333, 0.3333333333333333]"
1579,429.21614895530837,151190.23536911653,"[0.3333333333333333, 0.3333333333333333, 0.3333333333333333]"
1580,28.326643979208942,503048.6194902427,"[0.3333333333333333, 0.3333333333333333, 0.3333333333333333]"
1581,452.858511219384,689994.3566235619,"[0.3333333333333333, 0.3333333333333333, 0.3333333333333333]"
1582,991.748375578378,218532.68279129313,"[0.3333333333333333, 0.3333333333333333, 0.3333333333333333]"
1583,862.0953394837596,242441.35386529047,"[0.3333333333333333, 0.3333333333333333, 0.3333333333333333]"
1584,919.0069762101804,561216.119575348,"[0.3333333333333333, 0.3333333333333333, 0.3333333333333333]"
1585,557.1786239491645,412252.838889995,"[0.3333333333333333, 0.3333333333333333, 0.3333333333333333]"
1586,42.512732201297354,599005.6031982775,"[0.3333333333333333, 0.3333333333333333, 0.3333333333333333]"
1587,32.282486097925194,409117.81311863655,"[0.3333333333333333, 0.3333333333333333, 0.3333333333333333]"
1588,191.8785905562975,166886.15249008668,"[0.3333333333333333, 0.3333333333333333, 0.3333333333333333]"
1589,512.426387634139,330170.87997374893,"[0.3333333333333333, 0.3333333333333333, 0.3333333333333333]"
1590,212.2597371667449,295607.1904692536,"[0.3333333333333333, 0.3333333333333333, 0.3333333333333333]"
1591,62.516818310755276,997710.3903222941,"[0.3333333333333333, 0.3333333333333333, 0.3333333333333333]"
1592,732.0334078265678,250738.12529268343,"[0.3333333333333333, 0.3333333333333333, 0.3333333333333333]"
1593,498.6738796171081,169032.4361630552,"[0.3333333333333333, 0.3333333333333333, 0.3333333333333333]"
1594,411.14536227313874,534235.957433298,"[0.3333333333333333, 0.3333333333333333, 0.3333333333333333]"
1595,821.2072849141902,188250.42819984,"[0.3333333333333333, 0.3333333333333333, 0.3333333333333333]"
1596,816.7478620520944,445445.50823635317,"[0.3333333333333333, 0.3333333333333333, 0.3333333333333333]"
1597,18.788004778015733,224297.0346031397,"[0.3333333333333333, 0.3333333333333333, 0.3333333333333333]"
1598,872.3775826699164,552696.4159343154,"[0.3333333333333333, 0.3333333333333333, 0.3333333333333333]"
1599,128.43239973773626,600279.1270322085,"[0.3333333333333333, 0.3333333333333333, 0.3333333333333333]"
1600,451.23448744751283,590889.5697047315,"[0.3333333333333333, 0.3333333333333333, 0.3333333333333333]"
1601,704.4855800799587,176687.65499275882,"[0.3333333333333333, 0.3333333333333333, 0.3333333333333333]"
1602,345.73713856367226,448424.17065936554,"[0.3333333333333333, 0.3333333333333333, 0.3333333333333333]"
1603,129.51117520948821,883433.5454641351,"[0.3333333333333333, 0.3333333333333333, 0.3333333333333333]"
1604,349.4487055103843,209352.69319600516,"[0.3333333333333333, 0.3333333333333333, 0.3333333333333333]"
1605,592.9893822546851,656021.0393722801,"[0.3333333333333333, 0.3333333333333333, 0.3333333333333333]"
1606,471.64061627930715,325751.36288280494,"[0.3333333333333333, 0.3333333333333333, 0.3333333333333333]"
1607,243.35719113943998,757800.4016259408,"[0.3333333333333333, 0.3333333333333333, 0.3333333333333333]"
1608,977.5340391269448,991031.8359568513,"[0.3333333333333333, 0.3333333333333333, 0.3333333333333333]"
1609,774.0966923632647,419410.7274288178,"[0.3333333333333333, 0.3333333333333333, 0.3333333333333333]"
1610,603.1225866530607,330319.58497942856,"[0.3333333333333333, 0.3333333333333333, 0.3333333333333333]"
1611,928.5231378722868,998323.3333923772,"[0.3333333333333333, 0.3333333333333333, 0.3333333333333333]"
1612,383.78267826259616,729422.267048405,"[0.3333333333333333, 0.3333333333333333, 0.3333333333333333]"
1613,394.1601680220685,318027.387307141,"[0.3333333333333333, 0.3333333333333333, 0.3333333333333333]"
1614,739.5939542650275,320978.8361767358,"[0.3333333333333333, 0.3333333333333333, 0.3333333333333333]"
1615,818.9134511972101,950864.0256825987,"[0.3333333333333333, 0.3333333333333333, 0.3333333333333333]"
1616,475.2276636965701,969463.6581703788,"[0.3333333333333333, 0.3333333333333333, 0.3333333333333333]"
1617,168.90480411238605,110273.13191062518,"[0.3333333333333333, 0.3333333333333333, 0.3333333333333333]"
1618,548.1280944335643,611188.2461860433,"[0.3333333333333333, 0.3333333333333333, 0.3333333333333333]"
1619,203.48274923047023,594828.591969672,"[0.3333333333333333, 0.3333333333333333, 0.3333333333333333]"
1620,977.6717336844588,261380.93381008782,"[0.3333333333333333, 0.3333333333333333, 0.3333333333333333]"
1621,527.7798917264228,705461.0751349541,"[0.3333333333333333, 0.3333333333333333, 0.3333333333333333]"
1622,566.1361279702862,398862.18847851537,"[0.3333333333333333, 0.3333333333333333, 0.3333333333333333]"
1623,167.25969464375973,130604.67246963792,"[0.3333333333333333, 0.3333333333333333, 0.3333333333333333]"
1624,205.79864774155382,156643.33413863715,"[0.3333333333333333, 0.3333333333333333, 0.3333333333333333]"
1625,574.3639457398986,299975.28595424,"[0.3333333333333333, 0.3333333333333333, 0.3333333333333333]"
1626,407.76834078585904,411863.09534679836,"[0.3333333333333333, 0.3333333333333333, 0.3333333333333333]"
1627,621.3965821766719,458266.8523634291,"[0.3333333333333333, 0.3333333333333333, 0.3333333333333333]"
1628,985.6415947930348,741309.6843673654,"[0.3333333333333333, 0.3333333333333333, 0.3333333333333333]"
1629,768.0330473332398,496842.35049969924,"[0.3333333333333333, 0.3333333333333333, 0.3333333333333333]"
1630,337.5702123904175,244032.02890493008,"[0.3333333333333333, 0.3333333333333333, 0.3333333333333333]"
1631,87.44944086225283,456065.2756797395,"[0.3333333333333333, 0.3333333333333333, 0.3333333333333333]"
1632,387.6623498250691,228202.51651172424,"[0.3333333333333333, 0.3333333333333333, 0.3333333333333333]"
1633,736.0978268900332,453616.5992523868,"[0.3333333333333333, 0.3333333333333333, 0.3333333333333333]"
1634,312.2049124340259,827391.123688331,"[0.3333333333333333, 0.3333333333333333, 0.3333333333333333]"
1635,541.5900232132009,177322.24244182528,"[0.3333333333333333, 0.3333333333333333, 0.3333333333333333]"
1636,72.68510648068973,453225.4302400488,"[0.3333333333333333, 0.3333333333333333, 0.3333333333333333]"
1637,531.4347073540081,349130.7202025603,"[0.3333333333333333, 0.3333333333333333, 0.3333333333333333]"
1638,305.21979949190325,366794.6185329609,"[0.3333333333333333, 0.3333333333333333, 0.3333333333333333]"
1639,805.5702073300235,157830.54132319722,"[0.3333333333333333, 0.3333333333333333, 0.3333333333333333]"
1640,669.495297328782,533472.333753692,"[0.3333333333333333, 0.3333333333333333, 0.3333333333333333]"
1641,449.1969756195706,230336.5554259073,"[0.3333333333333333, 0.3333333333333333, 0.3333333333333333]"
1642,825.4273453859464,753027.0859835608,"[0.3333333333333333, 0.3333333333333333, 0.3333333333333333]"
1643,275.72838434136605,809783.6527373834,"[0.3333333333333333, 0.3333333333333333, 0.3333333333333333]"
1644,73.22182980989982,453875.1675450422,"[0.3333333333333333, 0.3333333333333333, 0.3333333333333333]"
1645,13.13726869933391,610391.5941149868,"[0.3333333333333333, 0.3333333333333333, 0.3333333333333333]"
1646,205.85290352756138,614130.5066162253,"[0.3333333333333333, 0.3333333333333333, 0.3333333333333333]"
1647,693.5574058645614,534701.1771016847,"[0.3333333333333333, 0.3333333333333333, 0.3333333333333333]"
1648,74.13611734006966,133602.07695540486,"[0.3333333333333333, 0.3333333333333333, 0.3333333333333333]"
1649,33.71464201334095,389886.60711195733,"[0.3333333333333333, 0.3333333333333333, 0.3333333333333333]"
1650,286.3467925592767,468483.4637441809,"[0.3333333333333333, 0.3333333333333333, 0.3333333333333333]"
1651,766.0257168195669,177491.29087924847,"[0.3333333333333333, 0.3333333333333333, 0.3333333333333333]"
1652,382.5755592851447,512452.3384744655,"[0.3333333333333333, 0.3333333333333333, 0.3333333333333333]"
1653,512.7175971065607,598973.6979637682,"[0.3333333333333333, 0.3333333333333333, 0.3333333333333333]"
1654,849.393536445492,426098.530206321,"[0.3333333333333333, 0.3333333333333333, 0.3333333333333333]"
1655,743.7066744150343,186177.88321434136,"[0.3333333333333333, 0.3333333333333333, 0.3333333333333333]"
1656,250.35795583179137,322160.3863861376,"[0.3333333333333333, 0.3333333333333333, 0.3333333333333333]"
1657,293.133107015921,206563.58445989987,"[0.3333333333333333, 0.3333333333333333, 0.3333333333333333]"
1658,306.35648112175556,987556.7768836552,"[0.3333333333333333, 0.3333333333333333, 0.3333333333333333]"
1659,22.920445088185787,143957.01863969897,"[0.3333333333333333, 0.3333333333333333, 0.3333333333333333]"
1660,768.2147885387043,949697.9376198074,"[0.3333333333333333, 0.3333333333333333, 0.3333333333333333]"
1661,942.9558963776453,971608.1035243507,"[0.3333333333333333, 0.3333333333333333, 0.3333333333333333]"
1662,616.450750548186,365050.2383258109,"[0.3333333333333333, 0.3333333333333333, 0.3333333333333333]"
1663,573.3108459915829,516298.8693319043,"[0.3333333333333333, 0.3333333333333333, 0.3333333333333333]"
1664,976.3819602251863,158954.04483065722,"[0.3333333333333333, 0.3333333333333333, 0.3333333333333333]"
1665,602.5277688052629,595549.948247036,"[0.3333333333333333, 0.3333333333333333, 0.3333333333333333]"
1666,514.1026181104687,834105.4564675184,"[0.3333333333333333, 0.3333333333333333, 0.3333333333333333]"
1667,131.6259923686789,548474.4993154675,"[0.3333333333333333, 0.3333333333333333, 0.3333333333333333]"
1668,698.6370237205846,752754.5870179042,"[0.3333333333333333, 0.3333333333333333, 0.3333333333333333]"
1669,665.8712380199963,789955.7451259708,"[0.3333333333333333, 0.3333333333333333, 0.3333333333333333]"
1670,646.4209569611177,873458.5179043108,"[0.3333333333333333, 0.3333333333333333, 0.3333333333333333]"
1671,366.83834124680084,431078.62771741813,"[0.3333333333333333, 0.3333333333333333, 0.3333333333333333]"
1672,649.3681774955894,745694.7071531673,"[0.3333333333333333, 0.3333333333333333, 0.3333333333333333]"
1673,384.7740525152311,389973.00529687136,"[0.3333333333333333, 0.3333333333333333, 0.3333333333333333]"
1674,936.605199315827,316861.19307671534,"[0.3333333333333333, 0.3333333333333333, 0.3333333333333333]"
1675,927.0072601026809,755291.0235386026,"[0.3333333333333333, 0.3333333333333333, 0.3333333333333333]"
1676,251.98391221065455,392051.0059476991,"[0.3333333333333333, 0.3333333333333333, 0.3333333333333333]"
1677,46.47524529775364,748203.5252886168,"[0.3333333333333333, 0.3333333333333333, 0.3333333333333333]"
1678,971.9982271975218,155549.39653414002,"[0.3333333333333333, 0.3333333333333333, 0.3333333333333333]"
1679,514.2036913227012,566335.1473628199,"[0.3333333333333333, 0.3333333333333333, 0.3333333333333333]"
1680,594.9476472981765,194010.29104126804,"[0.3333333333333333, 0.3333333333333333, 0.3333333333333333]"
1681,370.44379824810903,639761.5457887837,"[0.3333333333333333, 0.3333333333333333, 0.3333333333333333]"
1682,286.2274216385651,393000.5442206529,"[0.3333333333333333, 0.3333333333333333, 0.3333333333333333]"
1683,443.1608739621569,135319.9918459906,"[0.3333333333333333, 0.3333333333333333, 0.3333333333333333]"
1684,403.5332718155189,526968.890366868,"[0.3333333333333333, 0.3333333333333333, 0.3333333333333333]"
1685,288.4443886939211,885915.2917358493,"[0.3333333333333333, 0.3333333333333333, 0.3333333333333333]"
1686,873.6142288589242,329143.2824553747,"[0.3333333333333333, 0.3333333333333333, 0.3333333333333333]"
1687,120.47730417711014,944995.8950272102,"[0.3333333333333333, 0.3333333333333333, 0.3333333333333333]"
1688,732.1473639539745,131942.60246483394,"[0.3333333333333333, 0.3333333333333333, 0.3333333333333333]"
1689,219.27126819566644,845298.4523054931,"[0.3333333333333333, 0.3333333333333333, 0.3333333333333333]"
1690,534.5607433165907,863908.6777008506,"[0.3333333333333333, 0.3333333333333333, 0.3333333333333333]"
1691,954.8252034143098,554990.2708947533,"[0.3333333333333333, 0.3333333333333333, 0.3333333333333333]"
1692,275.39999726614735,657417.1913168204,"[0.3333333333333333, 0.3333333333333333, 0.3333333333333333]"
1693,417.03864561924144,741403.3493547154,"[0.3333333333333333, 0.3333333333333333, 0.3333333333333333]"
1694,616.3575119068951,337878.43985808326,"[0.3333333333333333, 0.3333333333333333, 0.3333333333333333]"
1695,794.6494158357348,356523.5180682472,"[0.3333333333333333, 0.3333333333333333, 0.3333333333333333]"
1696,865.2280103030625,259098.95518905937,"[0.3333333333333333, 0.3333333333333333, 0.3333333333333333]"
1697,230.30895478791527,227832.9473383712,"[0.3333333333333333, 0.3333333333333333, 0.3333333333333333]"
1698,795.5618023771888,213035.57058369298,"[0.3333333333333333, 0.3333333333333333, 0.3333333333333333]"
1699,163.43564258508124,202144.46646371705,"[0.3333333333333333, 0.3333333333333333, 0.3333333333333333]"
1700,559.01034076624,742130.8350197976,"[0.3333333333333333, 0.3333333333333333, 0.3333333333333333]"
1701,461.2205396981965,538908.7123622859,"[0.3333333333333333, 0.3333333333333333, 0.3333333333333333]"
1702,623.4958277917816,974314.5323639982,"[0.3333333333333333, 0.3333333333333333, 0.3333333333333333]"
1703,878.4578020606268,231132.99533876916,"[0.3333333333333333, 0.3333333333333333, 0.3333333333333333]"
1704,817.6007803086804,348909.3060181647,"[0.3333333333333333, 0.3333333333333333, 0.3333333333333333]"
1705,633.5425566670297,764601.5042478669,"[0.3333333333333333, 0.3333333333333333, 0.3333333333333333]"
1706,998.0926146957244,898347.1197848724,"[0.3333333333333333, 0.3333333333333333, 0.3333333333333333]"
1707,972.6526983391736,515331.90735037724,"[0.3333333333333333, 0.3333333333333333, 0.3333333333333333]"
1708,617.6070457164084,940801.1271946315,"[0.3333333333333333, 0.3333333333333333, 0.3333333333333333]"
1709,242.83392732171035,257635.66343053983,"[0.3333333333333333, 0.3333333333333333, 0.3333333333333333]"
1710,235.0132851699803,889874.9869912516,"[0.3333333333333333, 0.3333333333333333, 0.3333333333333333]"
1711,547.8712625295805,900343.3746791743,"[0.3333333333333333, 0.3333333333333333, 0.3333333333333333]"
1712,745.5936295836492,848069.9447989529,"[0.3333333333333333, 0.3333333333333333, 0.3333333333333333]"
1713,154.28181439996976,210290.52109188144,"[0.3333333333333333, 0.3333333333333333, 0.3333333333333333]"
1714,526.8269090046446,260012.44196136363,"[0.3333333333333333, 0.3333333333333333, 0.3333333333333333]"
1715,438.62457058317574,887074.9434905819,"[0.3333333333333333, 0.3333333333333333, 0.3333333333333333]"
1716,623.0032829532549,571239.3104045908,"[0.3333333333333333, 0.3333333333333333, 0.3333333333333333]"
1717,657.3680494996738,362116.0084764443,"[0.3333333333333333, 0.3333333333333333, 0.3333333333333333]"
1718,478.7156886980276,637268.0077821553,"[0.3333333333333333, 0.3333333333333333, 0.3333333333333333]"
1719,897.0304772088258,984003.5234358845,"[0.3333333333333333, 0.3333333333333333, 0.3333333333333333]"
1720,799.2648336057288,307547.71583634394,"[0.3333333333333333, 0.3333333333333333, 0.3333333333333333]"
1721,162.30900558763753,472209.02295162616,"[0.3333333333333333, 0.3333333333333333, 0.3333333333333333]"
1722,307.4742160098434,379527.59514967905,"[0.3333333333333333, 0.3333333333333333, 0.3333333333333333]"
1723,621.8212653478429,462277.8743884554,"[0.3333333333333333, 0.3333333333333333, 0.3333333333333333]"
1724,176.4517106959786,931839.472493166,"[0.3333333333333333, 0.3333333333333333, 0.3333333333333333]"
1725,783.3363528166473,567427.4374732582,"[0.3333333333333333, 0.3333333333333333, 0.3333333333333333]"
1726,572.3384627263049,383309.63126336486,"[0.3333333333333333, 0.3333333333333333, 0.3333333333333333]"
1727,169.89730001127833,795741.9956303397,"[0.3333333333333333, 0.3333333333333333, 0.3333333333333333]"
1728,625.2195093974635,488332.4152582027,"[0.3333333333333333, 0.3333333333333333, 0.3333333333333333]"
1729,703.0543054207558,308116.65440527926,"[0.3333333333333333, 0.3333333333333333, 0.3333333333333333]"
1730,981.3979543026912,505696.63857193233,"[0.3333333333333333, 0.3333333333333333, 0.3333333333333333]"
1731,891.4382816014573,596142.4401785324,"[0.3333333333333333, 0.3333333333333333, 0.3333333333333333]"
1732,110.8026227165513,536412.3409809151,"[0.3333333333333333, 0.3333333333333333, 0.3333333333333333]"
1733,124.79233581175544,652115.4079722535,"[0.3333333333333333, 0.3333333333333333, 0.3333333333333333]"
1734,560.8749331833687,359184.16438963683,"[0.3333333333333333, 0.3333333333333333, 0.3333333333333333]"
1735,509.5326016052812,841560.5945663663,"[0.3333333333333333, 0.3333333333333333, 0.3333333333333333]"
1736,569.4618919612838,706985.6410185494,"[0.3333333333333333, 0.3333333333333333, 0.3333333333333333]"
1737,438.82419095032645,266667.92778534116,"[0.3333333333333333, 0.3333333333333333, 0.3333333333333333]"
1738,993.695350001311,427975.7020898285,"[0.3333333333333333, 0.3333333333333333, 0.3333333333333333]"
1739,888.976955284492,674268.8328451994,"[0.3333333333333333, 0.3333333333333333, 0.3333333333333333]"
1740,507.2707131895647,666127.6830525175,"[0.3333333333333333, 0.3333333333333333, 0.3333333333333333]"
1741,910.2026624519477,344318.00085474603,"[0.3333333333333333, 0.3333333333333333, 0.3333333333333333]"
1742,514.2966989010017,492736.13085465686,"[0.3333333333333333, 0.3333333333333333, 0.3333333333333333]"
1743,305.8127579803418,584919.6219317816,"[0.3333333333333333, 0.3333333333333333, 0.3333333333333333]"
1744,83.70929721460365,933277.8244342362,"[0.3333333333333333, 0.3333333333333333, 0.3333333333333333]"
1745,330.26999147320817,267681.89233481046,"[0.3333333333333333, 0.3333333333333333, 0.3333333333333333]"
1746,344.26901560834295,819103.1584642951,"[0.3333333333333333, 0.3333333333333333, 0.3333333333333333]"
1747,213.24608452595714,349449.1826391744,"[0.3333333333333333, 0.3333333333333333, 0.3333333333333333]"
1748,252.70878189448587,258754.78458435304,"[0.3333333333333333, 0.3333333333333333, 0.3333333333333333]"
1749,513.0228385035014,944181.4326835457,"[0.3333333333333333, 0.3333333333333333, 0.3333333333333333]"
1750,80.30101037582574,636609.831335127,"[0.3333333333333333, 0.3333333333333333, 0.3333333333333333]"
1751,284.5954097595193,433845.5714015802,"[0.3333333333333333, 0.3333333333333333, 0.3333333333333333]"
1752,792.0736967664192,735209.3975880676,"[0.3333333333333333, 0.3333333333333333, 0.3333333333333333]"
1753,268.45282152510475,767935.3632717922,"[0.3333333333333333, 0.3333333333333333, 0.3333333333333333]"
1754,297.6469865816245,751257.7899411289,"[0.3333333333333333, 0.3333333333333333, 0.3333333333333333]"
1755,833.4809792230492,847815.0770790902,"[0.3333333333333333, 0.3333333333333333, 0.3333333333333333]"
1756,195.57118945308693,142905.12411591556,"[0.3333333333333333, 0.3333333333333333, 0.3333333333333333]"
1757,186.4816382858692,114050.74331497928,"[0.3333333333333333, 0.3333333333333333, 0.3333333333333333]"
1758,666.0896194676056,452004.05677881365,"[0.3333333333333333, 0.3333333333333333, 0.3333333333333333]"
1759,537.5806954464452,466611.7151996132,"[0.3333333333333333, 0.3333333333333333, 0.3333333333333333]"
1760,339.32347344105307,231910.83623048873,"[0.3333333333333333, 0.3333333333333333, 0.3333333333333333]"
1761,181.07897883951586,699795.8737926602,"[0.3333333333333333, 0.3333333333333333, 0.3333333333333333]"
1762,15.689923419816422,984519.8576016416,"[0.3333333333333333, 0.3333333333333333, 0.3333333333333333]"
1763,941.572893098625,915667.635562764,"[0.3333333333333333, 0.3333333333333333, 0.3333333333333333]"
1764,921.186009955201,512355.0451159894,"[0.3333333333333333, 0.3333333333333333, 0.3333333333333333]"
1765,525.6706096173876,838791.9414973143,"[0.3333333333333333, 0.3333333333333333, 0.3333333333333333]"
1766,350.52334098754346,728845.7617992145,"[0.3333333333333333, 0.3333333333333333, 0.3333333333333333]"
1767,723.5052511165538,264730.6308551978,"[0.3333333333333333, 0.3333333333333333, 0.3333333333333333]"
1768,688.5837317517598,439846.4783936745,"[0.3333333333333333, 0.3333333333333333, 0.3333333333333333]"
1769,126.65225682432856,414388.205583993,"[0.3333333333333333, 0.3333333333333333, 0.3333333333333333]"
1770,843.4359380159391,602893.4277674106,"[0.3333333333333333, 0.3333333333333333, 0.3333333333333333]"
1771,467.49262361043714,530665.276673803,"[0.3333333333333333, 0.3333333333333333, 0.3333333333333333]"
1772,226.44006372343182,487934.7936973907,"[0.3333333333333333, 0.3333333333333333, 0.3333333333333333]"
1773,728.0214719082289,263962.63389426086,"[0.3333333333333333, 0.3333333333333333, 0.3333333333333333]"
1774,744.0166164272314,477002.8738125841,"[0.3333333333333333, 0.3333333333333333, 0.3333333333333333]"
1775,803.9363388362863,218760.2804649287,"[0.3333333333333333, 0.3333333333333333, 0.3333333333333333]"
1776,282.1514538175713,388115.18398807966,"[0.3333333333333333, 0.3333333333333333, 0.3333333333333333]"
1777,183.08941191930774,772460.0421230688,"[0.3333333333333333, 0.3333333333333333, 0.3333333333333333]"
1778,423.8339752288371,364380.1470002318,"[0.3333333333333333, 0.3333333333333333, 0.3333333333333333]"
1779,78.04571372333476,465524.4937811039,"[0.3333333333333333, 0.3333333333333333, 0.3333333333333333]"
1780,794.0130820537711,289067.1246277059,"[0.3333333333333333, 0.3333333333333333, 0.3333333333333333]"
1781,61.18610189184606,687885.1071945193,"[0.3333333333333333, 0.3333333333333333, 0.3333333333333333]"
1782,924.6161429508968,553471.3515938021,"[0.3333333333333333, 0.3333333333333333, 0.3333333333333333]"
1783,724.8068967201459,263354.3598517658,"[0.3333333333333333, 0.3333333333333333, 0.3333333333333333]"
1784,907.5683673479817,757075.2215160393,"[0.3333333333333333, 0.3333333333333333, 0.3333333333333333]"
1785,941.9898663875423,528380.8012670479,"[0.3333333333333333, 0.3333333333333333, 0.3333333333333333]"
1786,455.7755882098376,963109.875448199,"[0.3333333333333333, 0.3333333333333333, 0.3333333333333333]"
1787,825.373527672939,543001.6517416108,"[0.3333333333333333, 0.3333333333333333, 0.3333333333333333]"
1788,99.18974173346233,705245.4978093619,"[0.3333333333333333, 0.3333333333333333, 0.3333333333333333]"
1789,811.417285601921,533799.5699800472,"[0.3333333333333333, 0.3333333333333333, 0.3333333333333333]"
1790,576.2782737700442,664996.0610889754,"[0.3333333333333333, 0.3333333333333333, 0.3333333333333333]"
1791,158.9248952089495,394508.0370820976,"[0.3333333333333333, 0.3333333333333333, 0.3333333333333333]"
1792,568.3147642398425,946982.0358971183,"[0.3333333333333333, 0.3333333333333333, 0.3333333333333333]"
1793,419.4742016258386,461011.15665245923,"[0.3333333333333333, 0.3333333333333333, 0.3333333333333333]"
1794,902.4069468302436,676559.6414819421,"[0.3333333333333333, 0.3333333333333333, 0.3333333333333333]"
1795,514.238263839005,772638.0322181185,"[0.3333333333333333, 0.3333333333333333, 0.3333333333333333]"
1796,927.7352786221948,810052.7644221217,"[0.3333333333333333, 0.3333333333333333, 0.3333333333333333]"
1797,229.899671734244,236421.90655317286,"[0.3333333333333333, 0.3333333333333333, 0.3333333333333333]"
1798,975.6077412851008,608460.8282427662,"[0.3333333333333333, 0.3333333333333333, 0.3333333333333333]"
1799,682.084673757753,652996.6603978194,"[0.3333333333333333, 0.3333333333333333, 0.3333333333333333]"
1800,229.24283861837586,829271.9685911048,"[0.3333333333333333, 0.3333333333333333, 0.3333333333333333]"
1801,940.858095649374,876643.1740675896,"[0.3333333333333333, 0.3333333333333333, 0.3333333333333333]"
1802,526.4461989232553,959175.9089218763,"[0.3333333333333333, 0.3333333333333333, 0.3333333333333333]"
1803,247.10629346798342,185564.63365037716,"[0.3333333333333333, 0.3333333333333333, 0.3333333333333333]"
1804,772.9854418052377,240864.91453437,"[0.3333333333333333, 0.3333333333333333, 0.3333333333333333]"
1805,446.2527059812249,759728.3482427364,"[0.3333333333333333, 0.3333333333333333, 0.3333333333333333]"
1806,143.3735817669906,247528.34176435677,"[0.3333333333333333, 0.3333333333333333, 0.3333333333333333]"
1807,218.58998770021415,247153.27500403623,"[0.3333333333333333, 0.3333333333333333, 0.3333333333333333]"
1808,782.978285779154,933361.3574591168,"[0.3333333333333333, 0.3333333333333333, 0.3333333333333333]"
1809,92.42732022048388,756309.9470517196,"[0.3333333333333333, 0.3333333333333333, 0.3333333333333333]"
1810,341.30526597496635,800151.3199156394,"[0.3333333333333333, 0.3333333333333333, 0.3333333333333333]"
1811,529.0723471489457,915466.4620664349,"[0.3333333333333333, 0.3333333333333333, 0.3333333333333333]"
1812,72.29179392864737,353936.5325556544,"[0.3333333333333333, 0.3333333333333333, 0.3333333333333333]"
1813,139.9607183334631,210833.3289506372,"[0.3333333333333333, 0.3333333333333333, 0.3333333333333333]"
1814,276.3392099155728,544512.0861059162,"[0.3333333333333333, 0.3333333333333333, 0.3333333333333333]"
1815,829.490467587924,709795.6686913841,"[0.3333333333333333, 0.3333333333333333, 0.3333333333333333]"
1816,949.5705188705485,958094.6756972979,"[0.3333333333333333, 0.3333333333333333, 0.3333333333333333]"
1817,341.5365678841149,266369.14367641165,"[0.3333333333333333, 0.3333333333333333, 0.3333333333333333]"
1818,490.4013975377922,335580.89124837687,"[0.3333333333333333, 0.3333333333333333, 0.3333333333333333]"
1819,418.0665274215644,472395.74440745014,"[0.3333333333333333, 0.3333333333333333, 0.3333333333333333]"
1820,502.3258790698956,757253.4330519383,"[0.3333333333333333, 0.3333333333333333, 0.3333333333333333]"
1821,62.17836132260879,503663.6000179682,"[0.3333333333333333, 0.3333333333333333, 0.3333333333333333]"
1822,753.1144614822995,791338.9421839728,"[0.3333333333333333, 0.3333333333333333, 0.3333333333333333]"
1823,561.3412688840715,447039.924024459,"[0.3333333333333333, 0.3333333333333333, 0.3333333333333333]"
1824,377.0721545485682,469151.39616534376,"[0.3333333333333333, 0.3333333333333333, 0.3333333333333333]"
1825,842.3272817719842,828876.4592591069,"[0.3333333333333333, 0.3333333333333333, 0.3333333333333333]"
1826,901.4221323000056,410708.4630693338,"[0.3333333333333333, 0.3333333333333333, 0.3333333333333333]"
1827,739.553669267524,905609.4861374554,"[0.3333333333333333, 0.3333333333333333, 0.3333333333333333]"
1828,465.3968224276262,757440.1586225361,"[0.3333333333333333, 0.3333333333333333, 0.3333333333333333]"
1829,942.282799548165,845542.7516921601,"[0.3333333333333333, 0.3333333333333333, 0.3333333333333333]"
1830,988.0238344237317,428512.0598069634,"[0.3333333333333333, 0.3333333333333333, 0.3333333333333333]"
1831,974.4212940270767,544421.2477590207,"[0.3333333333333333, 0.3333333333333333, 0.3333333333333333]"
1832,758.4998169529946,740342.9083293696,"[0.3333333333333333, 0.3333333333333333, 0.3333333333333333]"
1833,628.4539061236943,212729.3626165375,"[0.3333333333333333, 0.3333333333333333, 0.3333333333333333]"
1834,401.8485327829551,814486.7317308115,"[0.3333333333333333, 0.3333333333333333, 0.3333333333333333]"
1835,841.3100510212707,570989.9537844534,"[0.3333333333333333, 0.3333333333333333, 0.3333333333333333]"
1836,370.6668941384709,965469.115050196,"[0.3333333333333333, 0.3333333333333333, 0.3333333333333333]"
1837,938.8368523979206,889645.7253512891,"[0.3333333333333333, 0.3333333333333333, 0.3333333333333333]"
1838,129.00448027600297,137889.03185475295,"[0.3333333333333333, 0.3333333333333333, 0.3333333333333333]"
1839,257.0416674776951,343141.29574968945,"[0.3333333333333333, 0.3333333333333333, 0.3333333333333333]"
1840,609.2942176122029,651899.820719651,"[0.3333333333333333, 0.3333333333333333, 0.3333333333333333]"
1841,394.4977099238364,117526.0757433502,"[0.3333333333333333, 0.3333333333333333, 0.3333333333333333]"
1842,25.921131648614654,552524.6624928877,"[0.3333333333333333, 0.3333333333333333, 0.3333333333333333]"
1843,49.38019790283929,949171.928703023,"[0.3333333333333333, 0.3333333333333333, 0.3333333333333333]"
1844,165.37328136301448,924470.3789353117,"[0.3333333333333333, 0.3333333333333333, 0.3333333333333333]"
1845,886.1661414089335,147365.2205040014,"[0.3333333333333333, 0.3333333333333333, 0.3333333333333333]"
1846,907.9262430025019,469387.0444847501,"[0.3333333333333333, 0.3333333333333333, 0.3333333333333333]"
1847,746.7116909207099,131011.7907462485,"[0.3333333333333333, 0.3333333333333333, 0.3333333333333333]"
1848,524.4498916124244,471315.7328547779,"[0.3333333333333333, 0.3333333333333333, 0.3333333333333333]"
1849,116.44248260031276,199846.3186469124,"[0.3333333333333333, 0.3333333333333333, 0.3333333333333333]"
1850,492.1513863829622,510037.24966971716,"[0.3333333333333333, 0.3333333333333333, 0.3333333333333333]"
1851,663.1449234410846,103163.13629698324,"[0.3333333333333333, 0.3333333333333333, 0.3333333333333333]"
1852,188.08009668241777,599759.9196949052,"[0.3333333333333333, 0.3333333333333333, 0.3333333333333333]"
1853,273.2545308322931,623564.0391655767,"[0.3333333333333333, 0.3333333333333333, 0.3333333333333333]"
1854,856.9147098281072,130905.2057420685,"[0.3333333333333333, 0.3333333333333333, 0.3333333333333333]"
1855,328.4304971680624,986898.381812261,"[0.3333333333333333, 0.3333333333333333, 0.3333333333333333]"
1856,815.240854600757,133254.70593114337,"[0.3333333333333333, 0.3333333333333333, 0.3333333333333333]"
1857,809.7027239426033,229065.35127968434,"[0.3333333333333333, 0.3333333333333333, 0.3333333333333333]"
1858,771.8902610816448,178199.20137632283,"[0.3333333333333333, 0.3333333333333333, 0.3333333333333333]"
1859,534.7477278224112,421957.49443130346,"[0.3333333333333333, 0.3333333333333333, 0.3333333333333333]"
1860,578.3953137696319,869177.8015733031,"[0.3333333333333333, 0.3333333333333333, 0.3333333333333333]"
1861,242.5704043770591,523284.90188972926,"[0.3333333333333333, 0.3333333333333333, 0.3333333333333333]"
1862,838.4970331641832,793245.8070320089,"[0.3333333333333333, 0.3333333333333333, 0.3333333333333333]"
1863,878.0733383986287,515061.8459164548,"[0.3333333333333333, 0.3333333333333333, 0.3333333333333333]"
1864,430.26826949020193,479881.0035617235,"[0.3333333333333333, 0.3333333333333333, 0.3333333333333333]"
1865,702.4128849730681,210837.037012844,"[0.3333333333333333, 0.3333333333333333, 0.3333333333333333]"
1866,817.8252740418825,836868.8726980973,"[0.3333333333333333, 0.3333333333333333, 0.3333333333333333]"
1867,295.5944544497394,142021.94195719843,"[0.3333333333333333, 0.3333333333333333, 0.3333333333333333]"
1868,163.48154803326975,499620.96944126184,"[0.3333333333333333, 0.3333333333333333, 0.3333333333333333]"
1869,430.0180165776131,985467.4313266367,"[0.3333333333333333, 0.3333333333333333, 0.3333333333333333]"
1870,303.09957372015435,693059.7590458236,"[0.3333333333333333, 0.3333333333333333, 0.3333333333333333]"
1871,56.151968365257375,375977.33599226415,"[0.3333333333333333, 0.3333333333333333, 0.3333333333333333]"
1872,322.11569471722845,461898.2864235311,"[0.3333333333333333, 0.3333333333333333, 0.3333333333333333]"
1873,616.5363293974281,152527.0593605358,"[0.3333333333333333, 0.3333333333333333, 0.3333333333333333]"
1874,208.11038012440005,742731.62823648,"[0.3333333333333333, 0.3333333333333333, 0.3333333333333333]"
1875,361.50479105165556,567408.833620543,"[0.3333333333333333, 0.3333333333333333, 0.3333333333333333]"
1876,491.3373407554424,485859.3453911135,"[0.3333333333333333, 0.3333333333333333, 0.3333333333333333]"
1877,847.3719856191295,266585.4997021998,"[0.3333333333333333, 0.3333333333333333, 0.3333333333333333]"
1878,684.3743048619641,402028.49155936757,"[0.3333333333333333, 0.3333333333333333, 0.3333333333333333]"
1879,206.0282858833991,185601.1995380809,"[0.3333333333333333, 0.3333333333333333, 0.3333333333333333]"
1880,960.2107142682569,504702.08090858656,"[0.3333333333333333, 0.3333333333333333, 0.3333333333333333]"
1881,35.24212915399182,669872.0610625412,"[0.3333333333333333, 0.3333333333333333, 0.3333333333333333]"
1882,106.17505181992082,303077.4480195726,"[0.3333333333333333, 0.3333333333333333, 0.3333333333333333]"
1883,692.1820762755816,363310.2463784086,"[0.3333333333333333, 0.3333333333333333, 0.3333333333333333]"
1884,614.4952571142447,914046.8801441955,"[0.3333333333333333, 0.3333333333333333, 0.3333333333333333]"
1885,220.6810963459397,942405.9622298327,"[0.3333333333333333, 0.3333333333333333, 0.3333333333333333]"
1886,109.35133843789215,243018.9603508961,"[0.3333333333333333, 0.3333333333333333, 0.3333333333333333]"
1887,398.03151806380833,729491.581793195,"[0.3333333333333333, 0.3333333333333333, 0.3333333333333333]"
1888,201.8186078562701,915543.5599626603,"[0.3333333333333333, 0.3333333333333333, 0.3333333333333333]"
1889,900.4764522754922,272242.9269895749,"[0.3333333333333333, 0.3333333333333333, 0.3333333333333333]"
1890,873.2893028036508,677381.371780868,"[0.3333333333333333, 0.3333333333333333, 0.3333333333333333]"
1891,692.4094527023499,793615.2975099301,"[0.3333333333333333, 0.3333333333333333, 0.3333333333333333]"
1892,898.6625058169067,805979.3650616619,"[0.3333333333333333, 0.3333333333333333, 0.3333333333333333]"
1893,732.1199267903733,273391.0681522343,"[0.3333333333333333, 0.3333333333333333, 0.3333333333333333]"
1894,406.05491499435504,178702.60034574033,"[0.3333333333333333, 0.3333333333333333, 0.3333333333333333]"
1895,182.17635763526295,523565.0015337607,"[0.3333333333333333, 0.3333333333333333, 0.3333333333333333]"
1896,286.1714097273842,559515.3857029084,"[0.3333333333333333, 0.3333333333333333, 0.3333333333333333]"
1897,451.89228452272084,458357.86050917214,"[0.3333333333333333, 0.3333333333333333, 0.3333333333333333]"
1898,806.8055906073898,717800.4250746423,"[0.3333333333333333, 0.3333333333333333, 0.3333333333333333]"
1899,457.74097248824313,180090.7298843175,"[0.3333333333333333, 0.3333333333333333, 0.3333333333333333]"
1900,762.6988160103217,992365.4627525014,"[0.3333333333333333, 0.3333333333333333, 0.3333333333333333]"
1901,718.3367638296678,576143.7760054051,"[0.3333333333333333, 0.3333333333333333, 0.3333333333333333]"
1902,672.2931602665343,456618.86071273725,"[0.3333333333333333, 0.3333333333333333, 0.3333333333333333]"
1903,21.980718410036758,467287.4957683063,"[0.3333333333333333, 0.3333333333333333, 0.3333333333333333]"
1904,173.55518653875234,903758.7955186289,"[0.3333333333333333, 0.3333333333333333, 0.3333333333333333]"
1905,825.4908055289858,133946.15254609892,"[0.3333333333333333, 0.3333333333333333, 0.3333333333333333]"
1906,410.87037159497845,956615.5053621678,"[0.3333333333333333, 0.3333333333333333, 0.3333333333333333]"
1907,284.79793440556045,899805.3920819743,"[0.3333333333333333, 0.3333333333333333, 0.3333333333333333]"
1908,539.3152439069391,410984.14507419703,"[0.3333333333333333, 0.3333333333333333, 0.3333333333333333]"
1909,733.4250603595677,149042.44520982343,"[0.3333333333333333, 0.3333333333333333, 0.3333333333333333]"
1910,130.83890344604268,354779.4622060631,"[0.3333333333333333, 0.3333333333333333, 0.3333333333333333]"
1911,763.2639301018867,185904.19913911942,"[0.3333333333333333, 0.3333333333333333, 0.3333333333333333]"
1912,638.9461725864752,446819.7738883567,"[0.3333333333333333, 0.3333333333333333, 0.3333333333333333]"
1913,434.53996184538306,505782.1791280804,"[0.3333333333333333, 0.3333333333333333, 0.3333333333333333]"
1914,10.518914877693419,125121.88462191093,"[0.3333333333333333, 0.3333333333333333, 0.3333333333333333]"
1915,61.84714056614748,618403.9947451731,"[0.3333333333333333, 0.3333333333333333, 0.3333333333333333]"
1916,788.899155743579,536930.525564665,"[0.3333333333333333, 0.3333333333333333, 0.3333333333333333]"
1917,525.1418464661663,207632.10426385253,"[0.3333333333333333, 0.3333333333333333, 0.3333333333333333]"
1918,652.6648995514748,529027.4161544406,"[0.3333333333333333, 0.3333333333333333, 0.3333333333333333]"
1919,944.1190041485132,682875.6331877657,"[0.3333333333333333, 0.3333333333333333, 0.3333333333333333]"
1920,827.203876608412,148028.76404029084,"[0.3333333333333333, 0.3333333333333333, 0.3333333333333333]"
1921,727.0134454159788,883366.4244373331,"[0.3333333333333333, 0.3333333333333333, 0.3333333333333333]"
1922,428.8611459765586,652657.233623704,"[0.3333333333333333, 0.3333333333333333, 0.3333333333333333]"
1923,567.3259711413958,937417.3121515188,"[0.3333333333333333, 0.3333333333333333, 0.3333333333333333]"
1924,484.53419983992126,249600.04295484873,"[0.3333333333333333, 0.3333333333333333, 0.3333333333333333]"
1925,116.0627121876273,587995.0506488741,"[0.3333333333333333, 0.3333333333333333, 0.3333333333333333]"
1926,442.52036206363914,498389.35772802314,"[0.3333333333333333, 0.3333333333333333, 0.3333333333333333]"
1927,32.79111152622393,765278.3565407026,"[0.3333333333333333, 0.3333333333333333, 0.3333333333333333]"
1928,408.7585689176778,114841.99222091414,"[0.3333333333333333, 0.3333333333333333, 0.3333333333333333]"
1929,103.28383956555082,247119.13816605468,"[0.3333333333333333, 0.3333333333333333, 0.3333333333333333]"
1930,452.63668297841457,931263.6357268946,"[0.3333333333333333, 0.3333333333333333, 0.3333333333333333]"
1931,137.7539424752557,190182.0102178959,"[0.3333333333333333, 0.3333333333333333, 0.3333333333333333]"
1932,880.155464159238,541979.4026041047,"[0.3333333333333333, 0.3333333333333333, 0.3333333333333333]"
1933,864.0357790245877,367706.2777894919,"[0.3333333333333333, 0.3333333333333333, 0.3333333333333333]"
1934,421.54616236786177,974446.8564701165,"[0.3333333333333333, 0.3333333333333333, 0.3333333333333333]"
1935,926.6194534080676,836759.835573707,"[0.3333333333333333, 0.3333333333333333, 0.3333333333333333]"
1936,222.77926616909681,940273.4777196342,"[0.3333333333333333, 0.3333333333333333, 0.3333333333333333]"
1937,390.12305708424583,935771.69752163,"[0.3333333333333333, 0.3333333333333333, 0.3333333333333333]"
1938,432.2827993801141,468772.1552288456,"[0.3333333333333333, 0.3333333333333333, 0.3333333333333333]"
1939,943.5517642544735,688078.3298872062,"[0.3333333333333333, 0.3333333333333333, 0.3333333333333333]"
1940,181.17287536965662,983655.5281913634,"[0.3333333333333333, 0.3333333333333333, 0.3333333333333333]"
1941,459.3290102116924,410272.1283592453,"[0.3333333333333333, 0.3333333333333333, 0.3333333333333333]"
1942,84.37101774085036,902882.8595444772,"[0.3333333333333333, 0.3333333333333333, 0.3333333333333333]"
1943,449.26086547489695,497166.08704516036,"[0.3333333333333333, 0.3333333333333333, 0.3333333333333333]"
1944,118.83981760743983,922511.6759205896,"[0.3333333333333333, 0.3333333333333333, 0.3333333333333333]"
1945,455.42122363365087,922017.9087011123,"[0.3333333333333333, 0.3333333333333333, 0.3333333333333333]"
1946,84.42350365937403,433801.6570585385,"[0.3333333333333333, 0.3333333333333333, 0.3333333333333333]"
1947,131.89053357358284,867223.4442130823,"[0.3333333333333333, 0.3333333333333333, 0.3333333333333333]"
1948,70.16800845576985,370043.54484820465,"[0.3333333333333333, 0.3333333333333333, 0.3333333333333333]"
1949,223.47211695432807,803135.7411105144,"[0.3333333333333333, 0.3333333333333333, 0.3333333333333333]"
1950,958.2108093818972,696629.0847009023,"[0.3333333333333333, 0.3333333333333333, 0.3333333333333333]"
1951,716.8502333328923,773230.0818524073,"[0.3333333333333333, 0.3333333333333333, 0.3333333333333333]"
1952,795.2208954949217,450794.3441563215,"[0.3333333333333333, 0.3333333333333333, 0.3333333333333333]"
1953,121.36773338997307,216844.12972070178,"[0.3333333333333333, 0.3333333333333333, 0.3333333333333333]"
1954,663.5387352667356,436716.6893706021,"[0.3333333333333333, 0.3333333333333333, 0.3333333333333333]"
1955,559.5565943599743,102536.22311011681,"[0.3333333333333333, 0.3333333333333333, 0.3333333333333333]"
1956,278.8532930320801,382166.214339648,"[0.3333333333333333, 0.3333333333333333, 0.3333333333333333]"
1957,93.66844102597939,679043.3343209892,"[0.3333333333333333, 0.3333333333333333, 0.3333333333333333]"
1958,12.87804449892846,245014.24101828592,"[0.3333333333333333, 0.3333333333333333, 0.3333333333333333]"
1959,495.3901267797947,331676.3128206505,"[0.3333333333333333, 0.3333333333333333, 0.3333333333333333]"
1960,500.44186766873264,192358.48219363258,"[0.3333333333333333, 0.3333333333333333, 0.3333333333333333]"
1961,269.8236182458126,203957.30851282857,"[0.3333333333333333, 0.3333333333333333, 0.3333333333333333]"
1962,474.4398590024686,710710.8228853417,"[0.3333333333333333, 0.3333333333333333, 0.3333333333333333]"
1963,471.85366957572785,811867.8310145605,"[0.3333333333333333, 0.3333333333333333, 0.3333333333333333]"
1964,614.1836247312101,437727.5202528187,"[0.3333333333333333, 0.3333333333333333, 0.3333333333333333]"
1965,920.8045437618027,593889.7996593749,"[0.3333333333333333, 0.3333333333333333, 0.3333333333333333]"
1966,465.3819025494848,377100.02898667805,"[0.3333333333333333, 0.3333333333333333, 0.3333333333333333]"
1967,984.6656719783975,443200.8731117061,"[0.3333333333333333, 0.3333333333333333, 0.3333333333333333]"
1968,745.9160314207429,958613.0826357974,"[0.3333333333333333, 0.3333333333333333, 0.3333333333333333]"
1969,664.7130077661651,511559.8585636972,"[0.3333333333333333, 0.3333333333333333, 0.3333333333333333]"
1970,759.8726984259697,175711.69485607307,"[0.3333333333333333, 0.3333333333333333, 0.3333333333333333]"
1971,923.1921270047545,510106.08174820006,"[0.3333333333333333, 0.3333333333333333, 0.3333333333333333]"
1972,505.1497285456697,669655.7618255514,"[0.3333333333333333, 0.3333333333333333, 0.3333333333333333]"
1973,138.05152562090674,332821.8707456033,"[0.3333333333333333, 0.3333333333333333, 0.3333333333333333]"
1974,592.4006836367172,844275.1300480105,"[0.3333333333333333, 0.3333333333333333, 0.3333333333333333]"
1975,469.10048331743167,738422.5083903702,"[0.3333333333333333, 0.3333333333333333, 0.3333333333333333]"
1976,882.4477605031243,691707.3124420166,"[0.3333333333333333, 0.3333333333333333, 0.3333333333333333]"
1977,632.5458372842575,129508.5449864809,"[0.3333333333333333, 0.3333333333333333, 0.3333333333333333]"
1978,964.3787867393748,929535.1800319233,"[0.3333333333333333, 0.3333333333333333, 0.3333333333333333]"
1979,178.36506377427065,635550.3529530937,"[0.3333333333333333, 0.3333333333333333, 0.3333333333333333]"
1980,880.4866993137334,188328.89083888696,"[0.3333333333333333, 0.3333333333333333, 0.3333333333333333]"
1981,17.285405197647457,624625.5250454337,"[0.3333333333333333, 0.3333333333333333, 0.3333333333333333]"
1982,810.3499942998859,312178.4485088341,"[0.3333333333333333, 0.3333333333333333, 0.3333333333333333]"
1983,135.79072255904472,152685.21236818217,"[0.3333333333333333, 0.3333333333333333, 0.3333333333333333]"
1984,292.0420031263683,672587.7209013031,"[0.3333333333333333, 0.3333333333333333, 0.3333333333333333]"
1985,657.4738664198975,474152.1407903295,"[0.3333333333333333, 0.3333333333333333, 0.3333333333333333]"
1986,610.4493064675584,987079.1889683764,"[0.3333333333333333, 0.3333333333333333, 0.3333333333333333]"
1987,425.41830414772033,511738.9394752259,"[0.3333333333333333, 0.3333333333333333, 0.3333333333333333]"
1988,775.1116661895903,349240.2652144716,"[0.3333333333333333, 0.3333333333333333, 0.3333333333333333]"
1989,122.0965931493205,512860.14883309405,"[0.3333333333333333, 0.3333333333333333, 0.3333333333333333]"
1990,435.11933807841575,708412.8566133821,"[0.3333333333333333, 0.3333333333333333, 0.3333333333333333]"
1991,148.4483121747705,771987.1802190109,"[0.3333333333333333, 0.3333333333333333, 0.3333333333333333]"
1992,132.82540187718536,411713.8160457261,"[0.3333333333333333, 0.3333333333333333, 0.3333333333333333]"
1993,958.5254701903345,300739.5574755209,"[0.3333333333333333, 0.3333333333333333, 0.3333333333333333]"
1994,131.70537962872115,928234.6761799218,"[0.3333333333333333, 0.3333333333333333, 0.3333333333333333]"
1995,154.30074769837927,264282.84483028145,"[0.3333333333333333, 0.3333333333333333, 0.3333333333333333]"
1996,991.0936113779082,782956.2009943752,"[0.3333333333333333, 0.3333333333333333, 0.3333333333333333]"
1997,298.18842228185326,959898.1587393665,"[0.3333333333333333, 0.3333333333333333, 0.3333333333333333]"
1998,173.2553716572878,448403.14226099604,"[0.3333333333333333, 0.3333333333333333, 0.3333333333333333]"
1999,374.1960817181845,707108.8767924542,"[0.3333333333333333, 0.3333333333333333, 0.3333333333333333]"
2000,80.66856389481858,309932.04472208186,"[0.3333333333333333, 0.3333333333333333, 0.3333333333333333]"
2001,260.1051077962972,739318.6463753093,"[0.3333333333333333, 0.3333333333333333, 0.3333333333333333]"
2002,190.43758293813278,566310.3528777992,"[0.3333333333333333, 0.3333333333333333, 0.3333333333333333]"
2003,643.0189107255958,664419.6548477609,"[0.3333333333333333, 0.3333333333333333, 0.3333333333333333]"
2004,161.1927750988554,839343.8289632903,"[0.3333333333333333, 0.3333333333333333, 0.3333333333333333]"
2005,400.58100113397956,858568.7518831904,"[0.3333333333333333, 0.3333333333333333, 0.3333333333333333]"
2006,591.5416687803611,413020.7713325262,"[0.3333333333333333, 0.3333333333333333, 0.3333333333333333]"
2007,234.24789469576248,627147.8783742554,"[0.3333333333333333, 0.3333333333333333, 0.3333333333333333]"
2008,753.2303775835305,392875.1331118163,"[0.3333333333333333, 0.3333333333333333, 0.3333333333333333]"
2009,188.87956442965154,621913.4660191329,"[0.3333333333333333, 0.3333333333333333, 0.3333333333333333]"
2010,172.77333892298262,414310.30665961874,"[0.3333333333333333, 0.3333333333333333, 0.3333333333333333]"
2011,928.1805344263739,924770.6001848414,"[0.3333333333333333, 0.3333333333333333, 0.3333333333333333]"
2012,148.86454858243775,724611.0866906786,"[0.3333333333333333, 0.3333333333333333, 0.3333333333333333]"
2013,746.3935539388576,829939.7421266465,"[0.3333333333333333, 0.3333333333333333, 0.3333333333333333]"
2014,682.862195384257,517802.90317081125,"[0.3333333333333333, 0.3333333333333333, 0.3333333333333333]"
2015,621.7264576399288,422223.5667848887,"[0.3333333333333333, 0.3333333333333333, 0.3333333333333333]"
2016,942.25214514045,790369.7163038567,"[0.3333333333333333, 0.3333333333333333, 0.3333333333333333]"
2017,448.11726297733736,816153.9582156668,"[0.3333333333333333, 0.3333333333333333, 0.3333333333333333]"
2018,707.2894613546927,194018.83159304006,"[0.3333333333333333, 0.3333333333333333, 0.3333333333333333]"
2019,473.6746814970451,300883.14552035055,"[0.3333333333333333, 0.3333333333333333, 0.3333333333333333]"
2020,661.3688420233773,579456.8519035166,"[0.3333333333333333, 0.3333333333333333, 0.3333333333333333]"
2021,225.47017836388937,988018.5221903988,"[0.3333333333333333, 0.3333333333333333, 0.3333333333333333]"
2022,426.1155318166857,165990.09238731046,"[0.3333333333333333, 0.3333333333333333, 0.3333333333333333]"
2023,213.60662723205766,515090.04671625106,"[0.3333333333333333, 0.3333333333333333, 0.3333333333333333]"
2024,531.4178164069874,202736.2387349509,"[0.3333333333333333, 0.3333333333333333, 0.3333333333333333]"
2025,717.691898958258,927269.9323160921,"[0.3333333333333333, 0.3333333333333333, 0.3333333333333333]"
2026,411.95997296824925,780132.2903136183,"[0.3333333333333333, 0.3333333333333333, 0.3333333333333333]"
2027,116.07889283267117,885093.1725644846,"[0.3333333333333333, 0.3333333333333333, 0.3333333333333333]"
2028,102.23846765119904,115719.45640064184,"[0.3333333333333333, 0.3333333333333333, 0.3333333333333333]"
2029,344.6003632278259,641302.6815657116,"[0.3333333333333333, 0.3333333333333333, 0.3333333333333333]"
2030,953.5014290147931,219239.2276705294,"[0.3333333333333333, 0.3333333333333333, 0.3333333333333333]"
2031,170.99920708793312,551708.4197443681,"[0.3333333333333333, 0.3333333333333333, 0.3333333333333333]"
2032,702.140109954934,257012.23600679016,"[0.3333333333333333, 0.3333333333333333, 0.3333333333333333]"
2033,554.7757700841745,332525.58148906543,"[0.3333333333333333, 0.3333333333333333, 0.3333333333333333]"
2034,989.3662225813164,804704.4528359993,"[0.3333333333333333, 0.3333333333333333, 0.3333333333333333]"
2035,493.747996412004,783692.7818035695,"[0.3333333333333333, 0.3333333333333333, 0.3333333333333333]"
2036,284.12389943611726,530202.5753133609,"[0.3333333333333333, 0.3333333333333333, 0.3333333333333333]"
2037,692.8447263682899,942221.8982109327,"[0.3333333333333333, 0.3333333333333333, 0.3333333333333333]"
2038,528.2730001615862,957246.9914300563,"[0.3333333333333333, 0.3333333333333333, 0.3333333333333333]"
2039,718.555651216738,535146.7754471547,"[0.3333333333333333, 0.3333333333333333, 0.3333333333333333]"
2040,999.2201150088912,447963.0632082789,"[0.3333333333333333, 0.3333333333333333, 0.3333333333333333]"
2041,751.9056369823496,491137.38188382384,"[0.3333333333333333, 0.3333333333333333, 0.3333333333333333]"
2042,522.4130056630491,717417.9987863197,"[0.3333333333333333, 0.3333333333333333, 0.3333333333333333]"
2043,993.0261219943042,898995.4284905157,"[0.3333333333333333, 0.3333333333333333, 0.3333333333333333]"
2044,785.9575726963424,247490.2285044212,"[0.3333333333333333, 0.3333333333333333, 0.3333333333333333]"
2045,448.16875821418995,197000.97754972635,"[0.3333333333333333, 0.3333333333333333, 0.3333333333333333]"
2046,102.15777075106419,823735.5451976565,"[0.3333333333333333, 0.3333333333333333, 0.3333333333333333]"
2047,828.102870626762,250793.44850992737,"[0.3333333333333333, 0.3333333333333333, 0.3333333333333333]"
2048,558.0556328833419,799146.5392689423,"[0.3333333333333333, 0.3333333333333333, 0.3333333333333333]"
2049,439.53259934821176,535577.4078801114,"[0.3333333333333333, 0.3333333333333333, 0.3333333333333333]"
2050,714.524065248048,449318.91543984244,"[0.3333333333333333, 0.3333333333333333, 0.3333333333333333]"
2051,310.0808427549231,622988.077457802,"[0.3333333333333333, 0.3333333333333333, 0.3333333333333333]"
2052,97.86621818398588,642151.3440613882,"[0.3333333333333333, 0.3333333333333333, 0.3333333333333333]"
2053,920.5850636895786,472143.5949613237,"[0.3333333333333333, 0.3333333333333333, 0.3333333333333333]"
2054,577.5077726127122,668871.7508783407,"[0.3333333333333333, 0.3333333333333333, 0.3333333333333333]"
2055,469.3406086229646,679074.1435603189,"[0.3333333333333333, 0.3333333333333333, 0.3333333333333333]"
2056,830.5146210363524,152281.99993218185,"[0.3333333333333333, 0.3333333333333333, 0.3333333333333333]"
2057,139.6202158534601,483040.4694472713,"[0.3333333333333333, 0.3333333333333333, 0.3333333333333333]"
2058,26.72271406510709,639651.8418727566,"[0.3333333333333333, 0.3333333333333333, 0.3333333333333333]"
2059,152.000479163099,843390.5902932555,"[0.3333333333333333, 0.3333333333333333, 0.3333333333333333]"
2060,861.9419946280242,727846.1822221307,"[0.3333333333333333, 0.3333333333333333, 0.3333333333333333]"
2061,430.85083245117386,535499.6455829209,"[0.3333333333333333, 0.3333333333333333, 0.3333333333333333]"
2062,508.33441225546636,603379.2710792015,"[0.3333333333333333, 0.3333333333333333, 0.3333333333333333]"
2063,179.79993809811927,972726.6974069887,"[0.3333333333333333, 0.3333333333333333, 0.3333333333333333]"
2064,505.0041589738159,395908.60317353543,"[0.3333333333333333, 0.3333333333333333, 0.3333333333333333]"
2065,61.09090571023419,432942.62351223634,"[0.3333333333333333, 0.3333333333333333, 0.3333333333333333]"
2066,14.006689707911917,625477.57586286,"[0.3333333333333333, 0.3333333333333333, 0.3333333333333333]"
2067,66.09612211820235,744785.6004640913,"[0.3333333333333333, 0.3333333333333333, 0.3333333333333333]"
2068,904.686835585688,869690.4068475085,"[0.3333333333333333, 0.3333333333333333, 0.3333333333333333]"
2069,690.2192034083881,753069.7950354163,"[0.3333333333333333, 0.3333333333333333, 0.3333333333333333]"
2070,803.3164756345569,348230.1152036844,"[0.3333333333333333, 0.3333333333333333, 0.3333333333333333]"
2071,717.4828226890365,761039.1189366507,"[0.3333333333333333, 0.3333333333333333, 0.3333333333333333]"
2072,583.4892128805054,654847.5698266316,"[0.3333333333333333, 0.3333333333333333, 0.3333333333333333]"
2073,214.257209041798,867714.9539020712,"[0.3333333333333333, 0.3333333333333333, 0.3333333333333333]"
2074,403.7030524905777,180770.24242725133,"[0.3333333333333333, 0.3333333333333333, 0.3333333333333333]"
2075,165.86340648780438,635903.0169075945,"[0.3333333333333333, 0.3333333333333333, 0.3333333333333333]"
2076,426.2751167719573,293875.62612588966,"[0.3333333333333333, 0.3333333333333333, 0.3333333333333333]"
2077,958.95656105855,430694.07047931757,"[0.3333333333333333, 0.3333333333333333, 0.3333333333333333]"
2078,961.9169275137451,483937.54633579595,"[0.3333333333333333, 0.3333333333333333, 0.3333333333333333]"
2079,600.1307320626887,287011.46316934656,"[0.3333333333333333, 0.3333333333333333, 0.3333333333333333]"
2080,777.7800571438725,742567.9796591551,"[0.3333333333333333, 0.3333333333333333, 0.3333333333333333]"
2081,651.5516425533,585667.0184657259,"[0.3333333333333333, 0.3333333333333333, 0.3333333333333333]"
2082,298.7319749040627,821504.5471347318,"[0.3333333333333333, 0.3333333333333333, 0.3333333333333333]"
2083,503.64832443862446,302912.92046463327,"[0.3333333333333333, 0.3333333333333333, 0.3333333333333333]"
2084,772.0291550594355,107864.20338023471,"[0.3333333333333333, 0.3333333333333333, 0.3333333333333333]"
2085,224.62175463358994,553863.620999835,"[0.3333333333333333, 0.3333333333333333, 0.3333333333333333]"
2086,928.1168631969871,318219.3981410655,"[0.3333333333333333, 0.3333333333333333, 0.3333333333333333]"
2087,106.73339556663296,910464.763860009,"[0.3333333333333333, 0.3333333333333333, 0.3333333333333333]"
2088,46.29695253845081,289252.13022797793,"[0.3333333333333333, 0.3333333333333333, 0.3333333333333333]"
2089,237.85965232058544,529845.1135988205,"[0.3333333333333333, 0.3333333333333333, 0.3333333333333333]"
2090,895.4570574289999,983876.3656673305,"[0.3333333333333333, 0.3333333333333333, 0.3333333333333333]"
2091,863.004529999381,143560.50760643417,"[0.3333333333333333, 0.3333333333333333, 0.3333333333333333]"
2092,742.3614634205327,136103.91878871163,"[0.3333333333333333, 0.3333333333333333, 0.3333333333333333]"
2093,732.915851116367,723198.1538357947,"[0.3333333333333333, 0.3333333333333333, 0.3333333333333333]"
2094,473.7641371021022,284854.77211442625,"[0.3333333333333333, 0.3333333333333333, 0.3333333333333333]"
2095,57.58203686149083,316231.8640395547,"[0.3333333333333333, 0.3333333333333333, 0.3333333333333333]"
2096,277.5480397064607,830524.6425801327,"[0.3333333333333333, 0.3333333333333333, 0.3333333333333333]"
2097,735.5939456400366,236710.31218825697,"[0.3333333333333333, 0.3333333333333333, 0.3333333333333333]"
2098,562.2990713215677,548334.3280820099,"[0.3333333333333333, 0.3333333333333333, 0.3333333333333333]"
2099,148.73171459994384,387279.154269752,"[0.3333333333333333, 0.3333333333333333, 0.3333333333333333]"
2100,978.7405525533601,748646.847244285,"[0.3333333333333333, 0.3333333333333333, 0.3333333333333333]"
2101,355.1591004424939,835083.4503986792,"[0.3333333333333333, 0.3333333333333333, 0.3333333333333333]"
2102,934.2982608815648,324112.6084693826,"[0.3333333333333333, 0.3333333333333333, 0.3333333333333333]"
2103,910.6991126767587,481724.96933524334,"[0.3333333333333333, 0.3333333333333333, 0.3333333333333333]"
2104,409.0716054299191,255982.77826313922,"[0.3333333333333333, 0.3333333333333333, 0.3333333333333333]"
2105,83.99300035123603,677033.1011299121,"[0.3333333333333333, 0.3333333333333333, 0.3333333333333333]"
2106,600.1140755531841,580423.7765021237,"[0.3333333333333333, 0.3333333333333333, 0.3333333333333333]"
2107,26.997272912095763,152659.39975200556,"[0.3333333333333333, 0.3333333333333333, 0.3333333333333333]"
2108,745.4862249211487,692579.0875615601,"[0.3333333333333333, 0.3333333333333333, 0.3333333333333333]"
2109,161.14156326863636,506423.5357180618,"[0.3333333333333333, 0.3333333333333333, 0.3333333333333333]"
2110,121.0197193586286,124680.3320689,"[0.3333333333333333, 0.3333333333333333, 0.3333333333333333]"
2111,620.9812386689199,738018.5909259028,"[0.3333333333333333, 0.3333333333333333, 0.3333333333333333]"
2112,726.2269814724881,154394.88452061798,"[0.3333333333333333, 0.3333333333333333, 0.3333333333333333]"
2113,448.8927162162725,770749.1618618715,"[0.3333333333333333, 0.3333333333333333, 0.3333333333333333]"
2114,919.1353241397595,471228.25939071574,"[0.3333333333333333, 0.3333333333333333, 0.3333333333333333]"
2115,509.803533481645,270559.015036684,"[0.3333333333333333, 0.3333333333333333, 0.3333333333333333]"
2116,173.6787208906702,159857.45613073334,"[0.3333333333333333, 0.3333333333333333, 0.3333333333333333]"
2117,733.1719542873342,576427.6717776636,"[0.3333333333333333, 0.3333333333333333, 0.3333333333333333]"
2118,879.6422548210697,879590.5260535548,"[0.3333333333333333, 0.3333333333333333, 0.3333333333333333]"
2119,815.9840719943367,410885.83272499725,"[0.3333333333333333, 0.3333333333333333, 0.3333333333333333]"
2120,769.441134310968,332627.80259315163,"[0.3333333333333333, 0.3333333333333333, 0.3333333333333333]"
2121,219.6343511298444,383454.2026692934,"[0.3333333333333333, 0.3333333333333333, 0.3333333333333333]"
2122,311.13011053888386,285921.63163678086,"[0.3333333333333333, 0.3333333333333333, 0.3333333333333333]"
2123,413.45260417149524,632287.9737484831,"[0.3333333333333333, 0.3333333333333333, 0.3333333333333333]"
2124,749.7375957169386,832307.5527664899,"[0.3333333333333333, 0.3333333333333333, 0.3333333333333333]"
2125,923.1431715227243,197561.3575068343,"[0.3333333333333333, 0.3333333333333333, 0.3333333333333333]"
2126,951.9973100278542,895638.5762609813,"[0.3333333333333333, 0.3333333333333333, 0.3333333333333333]"
2127,300.3930641170118,289913.1851690328,"[0.3333333333333333, 0.3333333333333333, 0.3333333333333333]"
2128,689.2710318976929,925330.7470758134,"[0.3333333333333333, 0.3333333333333333, 0.3333333333333333]"
2129,936.1754880161935,980887.453727942,"[0.3333333333333333, 0.3333333333333333, 0.3333333333333333]"
2130,375.16088725423873,926276.7272615856,"[0.3333333333333333, 0.3333333333333333, 0.3333333333333333]"
2131,662.5268826389132,967867.6899805365,"[0.3333333333333333, 0.3333333333333333, 0.3333333333333333]"
2132,506.1353774592439,539119.6831747076,"[0.3333333333333333, 0.3333333333333333, 0.3333333333333333]"
2133,490.61612093812664,294357.6321050072,"[0.3333333333333333, 0.3333333333333333, 0.3333333333333333]"
2134,499.69637733228785,571635.1501950646,"[0.3333333333333333, 0.3333333333333333, 0.3333333333333333]"
2135,939.6126926202974,265916.05595161195,"[0.3333333333333333, 0.3333333333333333, 0.3333333333333333]"
2136,366.2515542274015,888047.5556952651,"[0.3333333333333333, 0.3333333333333333, 0.3333333333333333]"
2137,60.962141971740806,768678.8742156662,"[0.3333333333333333, 0.3333333333333333, 0.3333333333333333]"
2138,794.1422606882333,255807.70751073732,"[0.3333333333333333, 0.3333333333333333, 0.3333333333333333]"
2139,883.6066380908578,329962.48811578774,"[0.3333333333333333, 0.3333333333333333, 0.3333333333333333]"
2140,746.9581886689083,598956.120943578,"[0.3333333333333333, 0.3333333333333333, 0.3333333333333333]"
2141,595.1358564581376,422603.6585505487,"[0.3333333333333333, 0.3333333333333333, 0.3333333333333333]"
2142,791.479138052083,537128.5707464714,"[0.3333333333333333, 0.3333333333333333, 0.3333333333333333]"
2143,356.0982554722459,170386.66792594254,"[0.3333333333333333, 0.3333333333333333, 0.3333333333333333]"
2144,707.0249811775492,573492.0621095349,"[0.3333333333333333, 0.3333333333333333, 0.3333333333333333]"
2145,197.98368127955635,548824.0629881684,"[0.3333333333333333, 0.3333333333333333, 0.3333333333333333]"
2146,338.6207061042909,299399.1420523607,"[0.3333333333333333, 0.3333333333333333, 0.3333333333333333]"
2147,490.9610434488876,258759.94852096177,"[0.3333333333333333, 0.3333333333333333, 0.3333333333333333]"
2148,767.5586683880907,885802.3901514488,"[0.3333333333333333, 0.3333333333333333, 0.3333333333333333]"
2149,426.5725315995087,283513.49061382026,"[0.3333333333333333, 0.3333333333333333, 0.3333333333333333]"
2150,745.1473531801719,296034.4030781343,"[0.3333333333333333, 0.3333333333333333, 0.3333333333333333]"
2151,386.80833694561244,159375.45113224484,"[0.3333333333333333, 0.3333333333333333, 0.3333333333333333]"
2152,159.41516679312116,376591.70181598666,"[0.3333333333333333, 0.3333333333333333, 0.3333333333333333]"
2153,681.7539647119017,407344.02357265743,"[0.3333333333333333, 0.3333333333333333, 0.3333333333333333]"
2154,717.2411080538634,881067.0434410666,"[0.3333333333333333, 0.3333333333333333, 0.3333333333333333]"
2155,490.36833054089396,497393.17042531073,"[0.3333333333333333, 0.3333333333333333, 0.3333333333333333]"
2156,996.4642930629404,762604.4977282853,"[0.3333333333333333, 0.3333333333333333, 0.3333333333333333]"
2157,985.7742115285123,474741.49543040636,"[0.3333333333333333, 0.3333333333333333, 0.3333333333333333]"
2158,988.4969660578327,503730.5681338348,"[0.3333333333333333, 0.3333333333333333, 0.3333333333333333]"
2159,60.95671966935493,282790.6804314804,"[0.3333333333333333, 0.3333333333333333, 0.3333333333333333]"
2160,988.7872148445553,166983.7544546599,"[0.3333333333333333, 0.3333333333333333, 0.3333333333333333]"
2161,60.26848531478186,230553.8774844276,"[0.3333333333333333, 0.3333333333333333, 0.3333333333333333]"
2162,34.31281165386115,649508.3343148372,"[0.3333333333333333, 0.3333333333333333, 0.3333333333333333]"
2163,315.2912723836966,135695.14583221983,"[0.3333333333333333, 0.3333333333333333, 0.3333333333333333]"
2164,49.45134879927211,934488.2924093876,"[0.3333333333333333, 0.3333333333333333, 0.3333333333333333]"
2165,659.2494439282873,210925.29766433366,"[0.3333333333333333, 0.3333333333333333, 0.3333333333333333]"
2166,753.6360940842264,990781.4447995531,"[0.3333333333333333, 0.3333333333333333, 0.3333333333333333]"
2167,191.9866099571885,458373.38054101024,"[0.3333333333333333, 0.3333333333333333, 0.3333333333333333]"
2168,949.3850078314102,727490.8693906355,"[0.3333333333333333, 0.3333333333333333, 0.3333333333333333]"
2169,63.117230695944585,809663.9444846676,"[0.3333333333333333, 0.3333333333333333, 0.3333333333333333]"
2170,649.7991743167523,113810.90919896297,"[0.3333333333333333, 0.3333333333333333, 0.3333333333333333]"
2171,218.6063552434096,660027.1272657403,"[0.3333333333333333, 0.3333333333333333, 0.3333333333333333]"
2172,305.58586111758933,426320.97360344196,"[0.3333333333333333, 0.3333333333333333, 0.3333333333333333]"
2173,861.1206079637865,179752.7007097481,"[0.3333333333333333, 0.3333333333333333, 0.3333333333333333]"
2174,909.5199664179861,527649.1554110291,"[0.3333333333333333, 0.3333333333333333, 0.3333333333333333]"
2175,747.1355631032541,507399.8696256106,"[0.3333333333333333, 0.3333333333333333, 0.3333333333333333]"
2176,253.59248189216953,236715.08701881743,"[0.3333333333333333, 0.3333333333333333, 0.3333333333333333]"
2177,707.9434819215255,989208.5071051496,"[0.3333333333333333, 0.3333333333333333, 0.3333333333333333]"
2178,159.3771436087424,671057.6276251263,"[0.3333333333333333, 0.3333333333333333, 0.3333333333333333]"
2179,103.23994035854294,405877.908131816,"[0.3333333333333333, 0.3333333333333333, 0.3333333333333333]"
2180,400.97874641498447,473924.33926959854,"[0.3333333333333333, 0.3333333333333333, 0.3333333333333333]"
2181,778.2262224006041,327649.35986941523,"[0.3333333333333333, 0.3333333333333333, 0.3333333333333333]"
2182,253.4979073936615,191950.1050839383,"[0.3333333333333333, 0.3333333333333333, 0.3333333333333333]"
2183,618.119161733421,288746.5679502964,"[0.3333333333333333, 0.3333333333333333, 0.3333333333333333]"
2184,573.1823321867455,938791.8867152222,"[0.3333333333333333, 0.3333333333333333, 0.3333333333333333]"
2185,962.7685696002638,895890.2154157482,"[0.3333333333333333, 0.3333333333333333, 0.3333333333333333]"
2186,787.8070736121102,956651.9567521773,"[0.3333333333333333, 0.3333333333333333, 0.3333333333333333]"
2187,650.7108227212511,974367.6961154559,"[0.3333333333333333, 0.3333333333333333, 0.3333333333333333]"
2188,396.33574061465515,368597.1596605604,"[0.3333333333333333, 0.3333333333333333, 0.3333333333333333]"
2189,399.3961721303912,117089.52492408075,"[0.3333333333333333, 0.3333333333333333, 0.3333333333333333]"
2190,623.9421142124556,365197.18499216466,"[0.3333333333333333, 0.3333333333333333, 0.3333333333333333]"
2191,995.586327519855,843872.2931104803,"[0.3333333333333333, 0.3333333333333333, 0.3333333333333333]"
2192,869.3879461441278,147928.86752703134,"[0.3333333333333333, 0.3333333333333333, 0.3333333333333333]"
2193,802.7145123298541,227508.0475462854,"[0.3333333333333333, 0.3333333333333333, 0.3333333333333333]"
2194,569.4727219604972,377630.9961104323,"[0.3333333333333333, 0.3333333333333333, 0.3333333333333333]"
2195,980.063354947072,932241.9532860944,"[0.3333333333333333, 0.3333333333333333, 0.3333333333333333]"
2196,244.40683918014682,565704.0006517023,"[0.3333333333333333, 0.3333333333333333, 0.3333333333333333]"
2197,990.8558333894163,639395.6296091757,"[0.3333333333333333, 0.3333333333333333, 0.3333333333333333]"
2198,300.6309723394112,953151.8047789825,"[0.3333333333333333, 0.3333333333333333, 0.3333333333333333]"
2199,395.4697095571044,388424.5023038712,"[0.3333333333333333, 0.3333333333333333, 0.3333333333333333]"
2200,369.28977406121226,297126.47928000847,"[0.3333333333333333, 0.3333333333333333, 0.3333333333333333]"
2201,332.38469661359227,726296.2227980186,"[0.3333333333333333, 0.3333333333333333, 0.3333333333333333]"
2202,284.076165849248,939275.042711516,"[0.3333333333333333, 0.3333333333333333, 0.3333333333333333]"
2203,866.2783650422039,922990.6634539558,"[0.3333333333333333, 0.3333333333333333, 0.3333333333333333]"
2204,652.8096870776121,796824.5319037018,"[0.3333333333333333, 0.3333333333333333, 0.3333333333333333]"
2205,897.6992021797244,214587.76056435256,"[0.3333333333333333, 0.3333333333333333, 0.3333333333333333]"
2206,822.0185692787675,271429.1524733839,"[0.3333333333333333, 0.3333333333333333, 0.3333333333333333]"
2207,260.75377433858455,164540.08551021107,"[0.3333333333333333, 0.3333333333333333, 0.3333333333333333]"
2208,997.7510371236672,217764.45018892933,"[0.3333333333333333, 0.3333333333333333, 0.3333333333333333]"
2209,938.0836591342046,469443.40543102927,"[0.3333333333333333, 0.3333333333333333, 0.3333333333333333]"
2210,824.6228636876307,156747.54960477044,"[0.3333333333333333, 0.3333333333333333, 0.3333333333333333]"
2211,96.58230912908206,156416.3188761055,"[0.3333333333333333, 0.3333333333333333, 0.3333333333333333]"
2212,375.6540742042449,890533.1610738455,"[0.3333333333333333, 0.3333333333333333, 0.3333333333333333]"
2213,948.9308621010555,943416.0545956986,"[0.3333333333333333, 0.3333333333333333, 0.3333333333333333]"
2214,87.61621205289522,503854.7598376814,"[0.3333333333333333, 0.3333333333333333, 0.3333333333333333]"
2215,488.9085360092663,458912.68019567087,"[0.3333333333333333, 0.3333333333333333, 0.3333333333333333]"
2216,384.24757806323305,996324.3332289142,"[0.3333333333333333, 0.3333333333333333, 0.3333333333333333]"
2217,508.27587508057195,883403.1142838551,"[0.3333333333333333, 0.3333333333333333, 0.3333333333333333]"
2218,284.50869427159273,763866.1220063072,"[0.3333333333333333, 0.3333333333333333, 0.3333333333333333]"
2219,767.8015078132798,238226.3891283593,"[0.3333333333333333, 0.3333333333333333, 0.3333333333333333]"
2220,28.579080003399266,210329.65152016428,"[0.3333333333333333, 0.3333333333333333, 0.3333333333333333]"
2221,239.17396397994062,236131.64501334957,"[0.3333333333333333, 0.3333333333333333, 0.3333333333333333]"
2222,876.1537482324302,444924.7913287166,"[0.3333333333333333, 0.3333333333333333, 0.3333333333333333]"
2223,159.8756244362846,191045.61154976286,"[0.3333333333333333, 0.3333333333333333, 0.3333333333333333]"
2224,477.93042840707534,569154.4364618935,"[0.3333333333333333, 0.3333333333333333, 0.3333333333333333]"
2225,451.5264011376888,308940.87395638856,"[0.3333333333333333, 0.3333333333333333, 0.3333333333333333]"
2226,981.1328058241263,650218.2036549868,"[0.3333333333333333, 0.3333333333333333, 0.3333333333333333]"
2227,41.9316684907798,216899.82463496685,"[0.3333333333333333, 0.3333333333333333, 0.3333333333333333]"
2228,176.55402999166932,810437.0000117877,"[0.3333333333333333, 0.3333333333333333, 0.3333333333333333]"
2229,906.5880402796377,910716.0737021494,"[0.3333333333333333, 0.3333333333333333, 0.3333333333333333]"
2230,430.58256590164285,549436.2116516775,"[0.3333333333333333, 0.3333333333333333, 0.3333333333333333]"
2231,548.157611954097,894313.3858127128,"[0.3333333333333333, 0.3333333333333333, 0.3333333333333333]"
2232,769.2983925372255,939842.5637219817,"[0.3333333333333333, 0.3333333333333333, 0.3333333333333333]"
2233,885.3713343476635,488841.67047269276,"[0.3333333333333333, 0.3333333333333333, 0.3333333333333333]"
2234,20.69630544780322,484440.41548872367,"[0.3333333333333333, 0.3333333333333333, 0.3333333333333333]"
2235,903.9422370488022,799614.9647837036,"[0.3333333333333333, 0.3333333333333333, 0.3333333333333333]"
2236,228.0845184455831,111653.50506871626,"[0.3333333333333333, 0.3333333333333333, 0.3333333333333333]"
2237,205.32932826099844,967885.4251967823,"[0.3333333333333333, 0.3333333333333333, 0.3333333333333333]"
2238,645.5082289094829,393312.46365533373,"[0.3333333333333333, 0.3333333333333333, 0.3333333333333333]"
2239,69.0356501133152,268902.31105869904,"[0.3333333333333333, 0.3333333333333333, 0.3333333333333333]"
2240,875.1997961824969,235646.77773378533,"[0.3333333333333333, 0.3333333333333333, 0.3333333333333333]"
2241,50.2263271257495,585935.275546628,"[0.3333333333333333, 0.3333333333333333, 0.3333333333333333]"
2242,525.3770466836543,193683.2180973527,"[0.3333333333333333, 0.3333333333333333, 0.3333333333333333]"
2243,470.2321013726128,584874.8971574747,"[0.3333333333333333, 0.3333333333333333, 0.3333333333333333]"
2244,354.7786417692342,677893.4765861396,"[0.3333333333333333, 0.3333333333333333, 0.3333333333333333]"
2245,619.5606422741664,421081.53361309844,"[0.3333333333333333, 0.3333333333333333, 0.3333333333333333]"
2246,999.4273851926756,464935.4715427623,"[0.3333333333333333, 0.3333333333333333, 0.3333333333333333]"
2247,92.28205028712125,467637.85062622064,"[0.3333333333333333, 0.3333333333333333, 0.3333333333333333]"
2248,499.1119683933179,532668.9671538319,"[0.3333333333333333, 0.3333333333333333, 0.3333333333333333]"
2249,71.21898301099662,157406.17586127773,"[0.3333333333333333, 0.3333333333333333, 0.3333333333333333]"
2250,130.74474795572655,599477.848215364,"[0.3333333333333333, 0.3333333333333333, 0.3333333333333333]"
2251,220.17359161333,456750.3460203722,"[0.3333333333333333, 0.3333333333333333, 0.3333333333333333]"
2252,355.2936720732593,328190.6575628172,"[0.3333333333333333, 0.3333333333333333, 0.3333333333333333]"
2253,812.4424149820835,949832.9724861165,"[0.3333333333333333, 0.3333333333333333, 0.3333333333333333]"
2254,63.71604524498077,575547.9404593087,"[0.3333333333333333, 0.3333333333333333, 0.3333333333333333]"
2255,160.47650140008108,346963.9005129131,"[0.3333333333333333, 0.3333333333333333, 0.3333333333333333]"
2256,487.1215620568778,600636.7277216527,"[0.3333333333333333, 0.3333333333333333, 0.3333333333333333]"
2257,652.1392934805256,557218.2484015129,"[0.3333333333333333, 0.3333333333333333, 0.3333333333333333]"
2258,981.6713174014757,661420.3863406128,"[0.3333333333333333, 0.3333333333333333, 0.3333333333333333]"
2259,403.60661709117926,184456.21458650788,"[0.3333333333333333, 0.3333333333333333, 0.3333333333333333]"
2260,37.31390566851195,644859.0106663218,"[0.3333333333333333, 0.3333333333333333, 0.3333333333333333]"
2261,657.8694337157457,172593.90081447118,"[0.3333333333333333, 0.3333333333333333, 0.3333333333333333]"
2262,286.4449370082947,427144.1250339262,"[0.3333333333333333, 0.3333333333333333, 0.3333333333333333]"
2263,823.1103424930244,641666.4545117463,"[0.3333333333333333, 0.3333333333333333, 0.3333333333333333]"
2264,146.33031139897858,373068.65318794077,"[0.3333333333333333, 0.3333333333333333, 0.3333333333333333]"
2265,504.53694317750666,575895.4216102929,"[0.3333333333333333, 0.3333333333333333, 0.3333333333333333]"
2266,233.7123331902374,597282.3178095836,"[0.3333333333333333, 0.3333333333333333, 0.3333333333333333]"
2267,619.460185220432,318692.5391039637,"[0.3333333333333333, 0.3333333333333333, 0.3333333333333333]"
2268,711.7378458208584,445909.3959450588,"[0.3333333333333333, 0.3333333333333333, 0.3333333333333333]"
2269,15.162879398496008,323474.61031483056,"[0.3333333333333333, 0.3333333333333333, 0.3333333333333333]"
2270,604.8947295276615,818903.3858611939,"[0.3333333333333333, 0.3333333333333333, 0.3333333333333333]"
2271,467.6985192216544,928881.1003658422,"[0.3333333333333333, 0.3333333333333333, 0.3333333333333333]"
2272,712.5918170314505,172747.0540364292,"[0.3333333333333333, 0.3333333333333333, 0.3333333333333333]"
2273,571.078491141147,952890.4023351005,"[0.3333333333333333, 0.3333333333333333, 0.3333333333333333]"
2274,480.3942675379043,786644.6219478841,"[0.3333333333333333, 0.3333333333333333, 0.3333333333333333]"
2275,654.812472545213,371081.21997031,"[0.3333333333333333, 0.3333333333333333, 0.3333333333333333]"
2276,167.14450509517016,880109.8246030663,"[0.3333333333333333, 0.3333333333333333, 0.3333333333333333]"
2277,672.3806700351021,735110.65052883,"[0.3333333333333333, 0.3333333333333333, 0.3333333333333333]"
2278,513.9864901455437,149037.6418000784,"[0.3333333333333333, 0.3333333333333333, 0.3333333333333333]"
2279,954.7822316564678,728668.9577960277,"[0.3333333333333333, 0.3333333333333333, 0.3333333333333333]"
2280,216.24835755195218,848606.982602879,"[0.3333333333333333, 0.3333333333333333, 0.3333333333333333]"
2281,224.26342745422198,890426.1279940376,"[0.3333333333333333, 0.3333333333333333, 0.3333333333333333]"
2282,255.23821484931278,525908.6952326922,"[0.3333333333333333, 0.3333333333333333, 0.3333333333333333]"
2283,429.9631699452716,691118.455008254,"[0.3333333333333333, 0.3333333333333333, 0.3333333333333333]"
2284,49.699785247415925,158717.28042731434,"[0.3333333333333333, 0.3333333333333333, 0.3333333333333333]"
2285,315.7039512809563,438611.49180271593,"[0.3333333333333333, 0.3333333333333333, 0.3333333333333333]"
2286,510.98493595683266,426636.320399386,"[0.3333333333333333, 0.3333333333333333, 0.3333333333333333]"
2287,417.38273487780754,428789.6064442109,"[0.3333333333333333, 0.3333333333333333, 0.3333333333333333]"
2288,131.93263152672802,225286.66394904148,"[0.3333333333333333, 0.3333333333333333, 0.3333333333333333]"
2289,513.9752352885884,522339.76134227467,"[0.3333333333333333, 0.3333333333333333, 0.3333333333333333]"
2290,398.21472914338113,824057.4527177471,"[0.3333333333333333, 0.3333333333333333, 0.3333333333333333]"
2291,757.6729897322648,278322.3429955878,"[0.3333333333333333, 0.3333333333333333, 0.3333333333333333]"
2292,789.773716309392,218268.58119346047,"[0.3333333333333333, 0.3333333333333333, 0.3333333333333333]"
2293,613.7422209824632,783443.7854364206,"[0.3333333333333333, 0.3333333333333333, 0.3333333333333333]"
2294,840.1585435394505,180838.9273203805,"[0.3333333333333333, 0.3333333333333333, 0.3333333333333333]"
2295,511.9354456027575,103944.0315869592,"[0.3333333333333333, 0.3333333333333333, 0.3333333333333333]"
2296,357.11481642914424,313392.60434055154,"[0.3333333333333333, 0.3333333333333333, 0.3333333333333333]"
2297,587.8309289792188,433989.67250592256,"[0.3333333333333333, 0.3333333333333333, 0.3333333333333333]"
2298,103.99288330412561,640801.575634818,"[0.3333333333333333, 0.3333333333333333, 0.3333333333333333]"
2299,454.03756214651827,976799.3339801031,"[0.3333333333333333, 0.3333333333333333, 0.3333333333333333]"
2300,458.4148595401265,295672.6644159717,"[0.3333333333333333, 0.3333333333333333, 0.3333333333333333]"
2301,856.0405686285051,955342.4717088161,"[0.3333333333333333, 0.3333333333333333, 0.3333333333333333]"
2302,818.0211256963038,148552.33877362128,"[0.3333333333333333, 0.3333333333333333, 0.3333333333333333]"
2303,913.5476444498587,769338.9709688836,"[0.3333333333333333, 0.3333333333333333, 0.3333333333333333]"
2304,991.5087264250076,274584.9687332014,"[0.3333333333333333, 0.3333333333333333, 0.3333333333333333]"
2305,90.1739023395001,684726.5149625314,"[0.3333333333333333, 0.3333333333333333, 0.3333333333333333]"
2306,673.3710175152864,265397.6942430681,"[0.3333333333333333, 0.3333333333333333, 0.3333333333333333]"
2307,362.9553903457566,645085.1423029737,"[0.3333333333333333, 0.3333333333333333, 0.3333333333333333]"
2308,198.76420708463425,284356.4478152184,"[0.3333333333333333, 0.3333333333333333, 0.3333333333333333]"
2309,134.51625487792182,277131.84004280466,"[0.3333333333333333, 0.3333333333333333, 0.3333333333333333]"
2310,511.2392003744258,985905.9201420089,"[0.3333333333333333, 0.3333333333333333, 0.3333333333333333]"
2311,883.1661343256785,348629.54350374313,"[0.3333333333333333, 0.3333333333333333, 0.3333333333333333]"
2312,750.8886725424261,837054.3899198617,"[0.3333333333333333, 0.3333333333333333, 0.3333333333333333]"
2313,866.3367370887295,720929.8509409801,"[0.3333333333333333, 0.3333333333333333, 0.3333333333333333]"
2314,606.511206228653,741760.2416340963,"[0.3333333333333333, 0.3333333333333333, 0.3333333333333333]"
2315,380.9863031195023,518397.2172911145,"[0.3333333333333333, 0.3333333333333333, 0.3333333333333333]"
2316,422.71527409651424,162569.95651945347,"[0.3333333333333333, 0.3333333333333333, 0.3333333333333333]"
2317,949.05942131259,339929.2559997811,"[0.3333333333333333, 0.3333333333333333, 0.3333333333333333]"
2318,510.06850498579115,746852.3679469835,"[0.3333333333333333, 0.3333333333333333, 0.3333333333333333]"
2319,604.7967554658085,725567.9882654537,"[0.3333333333333333, 0.3333333333333333, 0.3333333333333333]"
2320,616.2439092129837,120545.67397986412,"[0.3333333333333333, 0.3333333333333333, 0.3333333333333333]"
2321,333.50872323458657,562030.5296460451,"[0.3333333333333333, 0.3333333333333333, 0.3333333333333333]"
2322,342.9001860202693,813354.6393767869,"[0.3333333333333333, 0.3333333333333333, 0.3333333333333333]"
2323,848.5932375017792,538930.3307643452,"[0.3333333333333333, 0.3333333333333333, 0.3333333333333333]"
2324,223.40222547964498,783538.6248528946,"[0.3333333333333333, 0.3333333333333333, 0.3333333333333333]"
2325,838.2254140547421,982320.8841546786,"[0.3333333333333333, 0.3333333333333333, 0.3333333333333333]"
2326,323.42499749546516,135405.26753892025,"[0.3333333333333333, 0.3333333333333333, 0.3333333333333333]"
2327,573.3210675704859,671479.7128362244,"[0.3333333333333333, 0.3333333333333333, 0.3333333333333333]"
2328,789.3751677167656,591953.2142890317,"[0.3333333333333333, 0.3333333333333333, 0.3333333333333333]"
2329,197.8163418637628,789443.9745970508,"[0.3333333333333333, 0.3333333333333333, 0.3333333333333333]"
2330,653.6591439347789,993035.5091699997,"[0.3333333333333333, 0.3333333333333333, 0.3333333333333333]"
2331,533.7416520527673,750797.2803526557,"[0.3333333333333333, 0.3333333333333333, 0.3333333333333333]"
2332,519.5705951611924,783449.0360329379,"[0.3333333333333333, 0.3333333333333333, 0.3333333333333333]"
2333,385.9233735160139,707077.7975187867,"[0.3333333333333333, 0.3333333333333333, 0.3333333333333333]"
2334,274.6582360872667,134048.31908400665,"[0.3333333333333333, 0.3333333333333333, 0.3333333333333333]"
2335,594.5593445468065,912333.2957221961,"[0.3333333333333333, 0.3333333333333333, 0.3333333333333333]"
2336,567.1162429967532,192082.7582878151,"[0.3333333333333333, 0.3333333333333333, 0.3333333333333333]"
2337,34.8270368350341,202620.39386356098,"[0.3333333333333333, 0.3333333333333333, 0.3333333333333333]"
2338,527.1542811573282,700971.591266673,"[0.3333333333333333, 0.3333333333333333, 0.3333333333333333]"
2339,861.7567250562023,748791.4711032604,"[0.3333333333333333, 0.3333333333333333, 0.3333333333333333]"
2340,504.55426101976275,372767.86422561784,"[0.3333333333333333, 0.3333333333333333, 0.3333333333333333]"
2341,351.41792356272566,452823.0219474687,"[0.3333333333333333, 0.3333333333333333, 0.3333333333333333]"
2342,51.75765259413192,932437.7475259042,"[0.3333333333333333, 0.3333333333333333, 0.3333333333333333]"
2343,389.607297029242,650429.3401187676,"[0.3333333333333333, 0.3333333333333333, 0.3333333333333333]"
2344,381.835828229018,741680.7783492785,"[0.3333333333333333, 0.3333333333333333, 0.3333333333333333]"
2345,916.5427553836669,654587.3909846824,"[0.3333333333333333, 0.3333333333333333, 0.3333333333333333]"
2346,839.1770002768478,480536.85889680905,"[0.3333333333333333, 0.3333333333333333, 0.3333333333333333]"
2347,911.7680630846286,427665.60411885544,"[0.3333333333333333, 0.3333333333333333, 0.3333333333333333]"
2348,739.6905547924423,306594.9185798825,"[0.3333333333333333, 0.3333333333333333, 0.3333333333333333]"
2349,941.983742559834,504795.4125003271,"[0.3333333333333333, 0.3333333333333333, 0.3333333333333333]"
2350,402.4310155337936,826290.8174191272,"[0.3333333333333333, 0.3333333333333333, 0.3333333333333333]"
2351,156.53928316705375,563972.269001968,"[0.3333333333333333, 0.3333333333333333, 0.3333333333333333]"
2352,652.5345058671405,494018.97165320796,"[0.3333333333333333, 0.3333333333333333, 0.3333333333333333]"
2353,637.9623248877658,196541.38534544522,"[0.3333333333333333, 0.3333333333333333, 0.3333333333333333]"
2354,394.78719898808134,412055.16197830724,"[0.3333333333333333, 0.3333333333333333, 0.3333333333333333]"
2355,471.69113212889374,952766.3310365836,"[0.3333333333333333, 0.3333333333333333, 0.3333333333333333]"
2356,126.86951870377383,381784.43387774745,"[0.3333333333333333, 0.3333333333333333, 0.3333333333333333]"
2357,438.6138436896326,139467.79372797982,"[0.3333333333333333, 0.3333333333333333, 0.3333333333333333]"
2358,884.3149788690372,540419.1775552055,"[0.3333333333333333, 0.3333333333333333, 0.3333333333333333]"
2359,160.96512067395085,537560.8509983429,"[0.3333333333333333, 0.3333333333333333, 0.3333333333333333]"
2360,206.10339006422112,167221.18159452485,"[0.3333333333333333, 0.3333333333333333, 0.3333333333333333]"
2361,544.1957856199582,841839.2443577042,"[0.3333333333333333, 0.3333333333333333, 0.3333333333333333]"
2362,463.77962394191553,397437.01706039865,"[0.3333333333333333, 0.3333333333333333, 0.3333333333333333]"
2363,648.0055276948016,123593.6423755985,"[0.3333333333333333, 0.3333333333333333, 0.3333333333333333]"
2364,724.2950979332572,565846.6120534681,"[0.3333333333333333, 0.3333333333333333, 0.3333333333333333]"
2365,620.2258743278022,858005.6315465295,"[0.3333333333333333, 0.3333333333333333, 0.3333333333333333]"
2366,702.1516374046763,591374.9145793945,"[0.3333333333333333, 0.3333333333333333, 0.3333333333333333]"
2367,280.2349873061074,231442.0002235348,"[0.3333333333333333, 0.3333333333333333, 0.3333333333333333]"
2368,932.6608487122303,309988.45473619446,"[0.3333333333333333, 0.3333333333333333, 0.3333333333333333]"
2369,758.8822514734468,690113.3617084447,"[0.3333333333333333, 0.3333333333333333, 0.3333333333333333]"
2370,117.75435534994064,505135.4248316511,"[0.3333333333333333, 0.3333333333333333, 0.3333333333333333]"
2371,607.752867478459,270122.5188032021,"[0.3333333333333333, 0.3333333333333333, 0.3333333333333333]"
2372,761.0024579475971,316495.5201962255,"[0.3333333333333333, 0.3333333333333333, 0.3333333333333333]"
2373,508.31941697725136,516515.7232598528,"[0.3333333333333333, 0.3333333333333333, 0.3333333333333333]"
2374,326.80127424201106,222181.698245245,"[0.3333333333333333, 0.3333333333333333, 0.3333333333333333]"
2375,280.4399202419695,298757.5334649929,"[0.3333333333333333, 0.3333333333333333, 0.3333333333333333]"
2376,874.7202834899192,536657.8142425057,"[0.3333333333333333, 0.3333333333333333, 0.3333333333333333]"
2377,560.0933604147529,474381.2517276522,"[0.3333333333333333, 0.3333333333333333, 0.3333333333333333]"
2378,276.866102208954,712682.6797757681,"[0.3333333333333333, 0.3333333333333333, 0.3333333333333333]"
2379,57.4017283419059,426083.1874192963,"[0.3333333333333333, 0.3333333333333333, 0.3333333333333333]"
2380,86.67763334528921,990789.6144542816,"[0.3333333333333333, 0.3333333333333333, 0.3333333333333333]"
2381,457.3718777713064,880955.3974735887,"[0.3333333333333333, 0.3333333333333333, 0.3333333333333333]"
2382,720.3120680135352,945650.9326415412,"[0.3333333333333333, 0.3333333333333333, 0.3333333333333333]"
2383,63.057985180151526,747808.8636524249,"[0.3333333333333333, 0.3333333333333333, 0.3333333333333333]"
2384,789.2094702817033,516706.74592437287,"[0.3333333333333333, 0.3333333333333333, 0.3333333333333333]"
2385,243.24989245531958,927606.7904537889,"[0.3333333333333333, 0.3333333333333333, 0.3333333333333333]"
2386,46.01025077329576,459224.2335595737,"[0.3333333333333333, 0.3333333333333333, 0.3333333333333333]"
2387,79.85426490560646,439076.0602328355,"[0.3333333333333333, 0.3333333333333333, 0.3333333333333333]"
2388,971.7475511879172,653057.9943681698,"[0.3333333333333333, 0.3333333333333333, 0.3333333333333333]"
2389,421.11889411707045,542585.132543391,"[0.3333333333333333, 0.3333333333333333, 0.3333333333333333]"
2390,654.4775036366075,523039.2724413944,"[0.3333333333333333, 0.3333333333333333, 0.3333333333333333]"
2391,364.51609050702376,466169.0741482695,"[0.3333333333333333, 0.3333333333333333, 0.3333333333333333]"
2392,122.4943677636994,396950.2659571037,"[0.3333333333333333, 0.3333333333333333, 0.3333333333333333]"
2393,986.5396475761187,914358.2845071326,"[0.3333333333333333, 0.3333333333333333, 0.3333333333333333]"
2394,100.70473460577001,102856.94761218305,"[0.3333333333333333, 0.3333333333333333, 0.3333333333333333]"
2395,642.4010660570126,537118.1947819461,"[0.3333333333333333, 0.3333333333333333, 0.3333333333333333]"
2396,229.35982185206,920388.84566369,"[0.3333333333333333, 0.3333333333333333, 0.3333333333333333]"
2397,824.1504601982745,385494.73826760176,"[0.3333333333333333, 0.3333333333333333, 0.3333333333333333]"
2398,876.8053708453564,414729.0485405786,"[0.3333333333333333, 0.3333333333333333, 0.3333333333333333]"
2399,345.4528012825691,635162.423403378,"[0.3333333333333333, 0.3333333333333333, 0.3333333333333333]"
2400,633.1265491618798,671858.9980017561,"[0.3333333333333333, 0.3333333333333333, 0.3333333333333333]"
2401,259.8414785337603,842154.0803472854,"[0.3333333333333333, 0.3333333333333333, 0.3333333333333333]"
2402,266.3120070160708,231315.45048951206,"[0.3333333333333333, 0.3333333333333333, 0.3333333333333333]"
2403,352.83687459285716,854469.3219272923,"[0.3333333333333333, 0.3333333333333333, 0.3333333333333333]"
2404,59.55462492134958,723286.7884793726,"[0.3333333333333333, 0.3333333333333333, 0.3333333333333333]"
2405,193.83422310020748,948113.7935805065,"[0.3333333333333333, 0.3333333333333333, 0.3333333333333333]"
2406,241.19157400859595,572941.6793042547,"[0.3333333333333333, 0.3333333333333333, 0.3333333333333333]"
2407,597.5738921757599,635671.2044985916,"[0.3333333333333333, 0.3333333333333333, 0.3333333333333333]"
2408,341.9110892588964,440715.6000169663,"[0.3333333333333333, 0.3333333333333333, 0.3333333333333333]"
2409,407.4081748866187,168342.95669094025,"[0.3333333333333333, 0.3333333333333333, 0.3333333333333333]"
2410,734.8194026511853,366188.6793175089,"[0.3333333333333333, 0.3333333333333333, 0.3333333333333333]"
2411,895.8755024552538,172133.8220983953,"[0.3333333333333333, 0.3333333333333333, 0.3333333333333333]"
2412,843.2052995359367,782832.9947140365,"[0.3333333333333333, 0.3333333333333333, 0.3333333333333333]"
2413,651.7466218151616,257193.50386773766,"[0.3333333333333333, 0.3333333333333333, 0.3333333333333333]"
2414,946.8969575726619,312431.20730774314,"[0.3333333333333333, 0.3333333333333333, 0.3333333333333333]"
2415,925.5544497312009,694078.070209834,"[0.3333333333333333, 0.3333333333333333, 0.3333333333333333]"
2416,642.1834994856644,861954.4613464318,"[0.3333333333333333, 0.3333333333333333, 0.3333333333333333]"
2417,943.4488673739393,677169.3527049433,"[0.3333333333333333, 0.3333333333333333, 0.3333333333333333]"
2418,939.2482675421923,940950.5088325074,"[0.3333333333333333, 0.3333333333333333, 0.3333333333333333]"
2419,713.727817247787,875844.575302236,"[0.3333333333333333, 0.3333333333333333, 0.3333333333333333]"
2420,735.49081514652,147818.72280215484,"[0.3333333333333333, 0.3333333333333333, 0.3333333333333333]"
2421,10.954075150693344,510895.42206775985,"[0.3333333333333333, 0.3333333333333333, 0.3333333333333333]"
2422,586.6928923116169,192575.90036418306,"[0.3333333333333333, 0.3333333333333333, 0.3333333333333333]"
2423,567.7312843177308,175719.8649748464,"[0.3333333333333333, 0.3333333333333333, 0.3333333333333333]"
2424,450.22578806633277,164047.53379663592,"[0.3333333333333333, 0.3333333333333333, 0.3333333333333333]"
2425,521.0387154237474,919791.8117566302,"[0.3333333333333333, 0.3333333333333333, 0.3333333333333333]"
2426,802.2012397200695,771298.2008810249,"[0.3333333333333333, 0.3333333333333333, 0.3333333333333333]"
2427,809.3128317851658,430962.2535137618,"[0.3333333333333333, 0.3333333333333333, 0.3333333333333333]"
2428,233.71662628730692,779958.7771813859,"[0.3333333333333333, 0.3333333333333333, 0.3333333333333333]"
2429,641.4502827663838,593847.010515384,"[0.3333333333333333, 0.3333333333333333, 0.3333333333333333]"
2430,781.1697207047224,905929.4992358857,"[0.3333333333333333, 0.3333333333333333, 0.3333333333333333]"
2431,600.3551225188254,883676.5183240596,"[0.3333333333333333, 0.3333333333333333, 0.3333333333333333]"
2432,711.6846362637305,301626.24650779297,"[0.3333333333333333, 0.3333333333333333, 0.3333333333333333]"
2433,738.9570991956515,538301.3185620676,"[0.3333333333333333, 0.3333333333333333, 0.3333333333333333]"
2434,518.2580392274891,195940.33540083523,"[0.3333333333333333, 0.3333333333333333, 0.3333333333333333]"
2435,980.5749300279493,348677.9965835678,"[0.3333333333333333, 0.3333333333333333, 0.3333333333333333]"
2436,675.9871579465682,372215.0968643633,"[0.3333333333333333, 0.3333333333333333, 0.3333333333333333]"
2437,643.0568809272277,523260.7069336368,"[0.3333333333333333, 0.3333333333333333, 0.3333333333333333]"
2438,142.11382589922832,394620.94665826834,"[0.3333333333333333, 0.3333333333333333, 0.3333333333333333]"
2439,337.7401765224468,978440.787874589,"[0.3333333333333333, 0.3333333333333333, 0.3333333333333333]"
2440,405.32818208629,777570.0784447348,"[0.3333333333333333, 0.3333333333333333, 0.3333333333333333]"
2441,448.3979621403345,255074.03470532564,"[0.3333333333333333, 0.3333333333333333, 0.3333333333333333]"
2442,948.770976505302,880389.2824848469,"[0.3333333333333333, 0.3333333333333333, 0.3333333333333333]"
2443,781.1251989740374,460702.9228590617,"[0.3333333333333333, 0.3333333333333333, 0.3333333333333333]"
2444,371.2712593441154,175083.68273109052,"[0.3333333333333333, 0.3333333333333333, 0.3333333333333333]"
2445,806.5702156834933,636989.7498422135,"[0.3333333333333333, 0.3333333333333333, 0.3333333333333333]"
2446,236.48921137181006,828977.800498951,"[0.3333333333333333, 0.3333333333333333, 0.3333333333333333]"
2447,586.0977726674424,293207.39549891045,"[0.3333333333333333, 0.3333333333333333, 0.3333333333333333]"
2448,763.7589760455517,593902.2541077931,"[0.3333333333333333, 0.3333333333333333, 0.3333333333333333]"
2449,646.0463442583227,445520.2028967665,"[0.3333333333333333, 0.3333333333333333, 0.3333333333333333]"
2450,847.9701851161321,482079.92600990215,"[0.3333333333333333, 0.3333333333333333, 0.3333333333333333]"
2451,60.49700152732228,452619.09923278884,"[0.3333333333333333, 0.3333333333333333, 0.3333333333333333]"
2452,703.6231196924714,262282.73104819946,"[0.3333333333333333, 0.3333333333333333, 0.3333333333333333]"
2453,391.00421213576294,430504.1327946158,"[0.3333333333333333, 0.3333333333333333, 0.3333333333333333]"
2454,627.6452408682057,620862.2298583003,"[0.3333333333333333, 0.3333333333333333, 0.3333333333333333]"
2455,399.8882329971791,577849.4756578957,"[0.3333333333333333, 0.3333333333333333, 0.3333333333333333]"
2456,360.08426598023175,281847.00404229487,"[0.3333333333333333, 0.3333333333333333, 0.3333333333333333]"
2457,702.393465815786,431697.9149976532,"[0.3333333333333333, 0.3333333333333333, 0.3333333333333333]"
2458,472.92462091663526,556170.5157502667,"[0.3333333333333333, 0.3333333333333333, 0.3333333333333333]"
2459,519.6302679600549,282116.069926659,"[0.3333333333333333, 0.3333333333333333, 0.3333333333333333]"
2460,312.83002613497985,618928.500412848,"[0.3333333333333333, 0.3333333333333333, 0.3333333333333333]"
2461,41.601068359744104,397473.2636776091,"[0.3333333333333333, 0.3333333333333333, 0.3333333333333333]"
2462,586.9469535059346,956106.870044576,"[0.3333333333333333, 0.3333333333333333, 0.3333333333333333]"
2463,398.88509808641584,571743.463693041,"[0.3333333333333333, 0.3333333333333333, 0.3333333333333333]"
2464,512.9586573776801,463651.4564786976,"[0.3333333333333333, 0.3333333333333333, 0.3333333333333333]"
2465,690.3669591093345,437965.16233732994,"[0.3333333333333333, 0.3333333333333333, 0.3333333333333333]"
2466,417.5658141293391,422513.46938245505,"[0.3333333333333333, 0.3333333333333333, 0.3333333333333333]"
2467,294.9790969104913,657362.7214977513,"[0.3333333333333333, 0.3333333333333333, 0.3333333333333333]"
2468,122.61391529417381,727903.9062477021,"[0.3333333333333333, 0.3333333333333333, 0.3333333333333333]"
2469,576.9667036256969,961135.6010621832,"[0.3333333333333333, 0.3333333333333333, 0.3333333333333333]"
2470,324.23012680949427,581905.5503540266,"[0.3333333333333333, 0.3333333333333333, 0.3333333333333333]"
2471,415.0662363188287,565872.4223523145,"[0.3333333333333333, 0.3333333333333333, 0.3333333333333333]"
2472,178.8995862534862,718161.452185029,"[0.3333333333333333, 0.3333333333333333, 0.3333333333333333]"
2473,506.9226471719813,600458.869724598,"[0.3333333333333333, 0.3333333333333333, 0.3333333333333333]"
2474,672.7361642845818,207892.47057098357,"[0.3333333333333333, 0.3333333333333333, 0.3333333333333333]"
2475,459.7065752239312,390049.7957989609,"[0.3333333333333333, 0.3333333333333333, 0.3333333333333333]"
2476,460.0569345712807,494897.63215615664,"[0.3333333333333333, 0.3333333333333333, 0.3333333333333333]"
2477,934.3703466447871,964339.4955480085,"[0.3333333333333333, 0.3333333333333333, 0.3333333333333333]"
2478,771.5079796197072,528279.6131193045,"[0.3333333333333333, 0.3333333333333333, 0.3333333333333333]"
2479,812.913147157818,608479.9137500538,"[0.3333333333333333, 0.3333333333333333, 0.3333333333333333]"
2480,885.010441187788,867468.7542541088,"[0.3333333333333333, 0.3333333333333333, 0.3333333333333333]"
2481,359.96763515303354,744028.7869049531,"[0.3333333333333333, 0.3333333333333333, 0.3333333333333333]"
2482,769.7235957188107,554838.4673680994,"[0.3333333333333333, 0.3333333333333333, 0.3333333333333333]"
2483,787.2450254969549,768169.697334577,"[0.3333333333333333, 0.3333333333333333, 0.3333333333333333]"
2484,915.889750643995,454581.1056134101,"[0.3333333333333333, 0.3333333333333333, 0.3333333333333333]"
2485,466.8791002653616,650813.9874273227,"[0.3333333333333333, 0.3333333333333333, 0.3333333333333333]"
2486,536.8681015345098,185566.8674566636,"[0.3333333333333333, 0.3333333333333333, 0.3333333333333333]"
2487,859.1645894605289,902076.349826119,"[0.3333333333333333, 0.3333333333333333, 0.3333333333333333]"
2488,789.9989588255962,212539.58775034724,"[0.3333333333333333, 0.3333333333333333, 0.3333333333333333]"
2489,274.3050528792398,899991.8547211018,"[0.3333333333333333, 0.3333333333333333, 0.3333333333333333]"
2490,151.6011963481052,228961.55292073474,"[0.3333333333333333, 0.3333333333333333, 0.3333333333333333]"
2491,612.3588774446869,406721.29292046966,"[0.3333333333333333, 0.3333333333333333, 0.3333333333333333]"
2492,136.7575976426362,956869.7160008025,"[0.3333333333333333, 0.3333333333333333, 0.3333333333333333]"
2493,196.22534469341613,207291.71852483737,"[0.3333333333333333, 0.3333333333333333, 0.3333333333333333]"
2494,130.89326292483258,603312.1997919967,"[0.3333333333333333, 0.3333333333333333, 0.3333333333333333]"
2495,153.16135818199245,687850.1003511201,"[0.3333333333333333, 0.3333333333333333, 0.3333333333333333]"
2496,426.1154126901885,908388.3448200383,"[0.3333333333333333, 0.3333333333333333, 0.3333333333333333]"
2497,483.0958370476253,771951.8389817795,"[0.3333333333333333, 0.3333333333333333, 0.3333333333333333]"
2498,377.5866614638407,264384.4264360104,"[0.3333333333333333, 0.3333333333333333, 0.3333333333333333]"
2499,307.59482552332645,417150.7499469337,"[0.3333333333333333, 0.3333333333333333, 0.3333333333333333]"
2500,648.9325417273201,452896.8306396267,"[0.3333333333333333, 0.3333333333333333, 0.3333333333333333]"
2501,492.14582279846906,355258.3378959318,"[0.3333333333333333, 0.3333333333333333, 0.3333333333333333]"
2502,899.9110940497585,707818.3837773412,"[0.3333333333333333, 0.3333333333333333, 0.3333333333333333]"
2503,749.4876483795238,922257.7162422524,"[0.3333333333333333, 0.3333333333333333, 0.3333333333333333]"
2504,76.86350447461817,573759.3047867003,"[0.3333333333333333, 0.3333333333333333, 0.3333333333333333]"
2505,667.6966606388119,340259.7336218873,"[0.3333333333333333, 0.3333333333333333, 0.3333333333333333]"
2506,205.46384729029575,248671.27307375855,"[0.3333333333333333, 0.3333333333333333, 0.3333333333333333]"
2507,879.3517317737807,763981.0743465021,"[0.3333333333333333, 0.3333333333333333, 0.3333333333333333]"
2508,963.5795794498247,669732.7501390167,"[0.3333333333333333, 0.3333333333333333, 0.3333333333333333]"
2509,187.172919698194,560820.3157345073,"[0.3333333333333333, 0.3333333333333333, 0.3333333333333333]"
2510,848.9899907406342,176847.46495057768,"[0.3333333333333333, 0.3333333333333333, 0.3333333333333333]"
2511,290.8365899700788,951202.5993790197,"[0.3333333333333333, 0.3333333333333333, 0.3333333333333333]"
2512,845.5672916140483,498331.80575939384,"[0.3333333333333333, 0.3333333333333333, 0.3333333333333333]"
2513,302.7863513092873,171606.4002187458,"[0.3333333333333333, 0.3333333333333333, 0.3333333333333333]"
2514,153.52857965271662,155687.9179808863,"[0.3333333333333333, 0.3333333333333333, 0.3333333333333333]"
2515,533.583128551534,930529.3790888274,"[0.3333333333333333, 0.3333333333333333, 0.3333333333333333]"
2516,296.4572453464243,897064.7467253819,"[0.3333333333333333, 0.3333333333333333, 0.3333333333333333]"
2517,648.979249371667,922731.1174805731,"[0.3333333333333333, 0.3333333333333333, 0.3333333333333333]"
2518,472.1354034955148,285358.0027016656,"[0.3333333333333333, 0.3333333333333333, 0.3333333333333333]"
2519,417.0113841934012,685412.8275959574,"[0.3333333333333333, 0.3333333333333333, 0.3333333333333333]"
2520,412.80071984442765,798315.5260034368,"[0.3333333333333333, 0.3333333333333333, 0.3333333333333333]"
2521,945.9844211476628,931971.7368540419,"[0.3333333333333333, 0.3333333333333333, 0.3333333333333333]"
2522,264.5986392418175,255270.13832167903,"[0.3333333333333333, 0.3333333333333333, 0.3333333333333333]"
2523,753.2930274987488,216324.27367324414,"[0.3333333333333333, 0.3333333333333333, 0.3333333333333333]"
2524,240.73840958778388,842272.3279250618,"[0.3333333333333333, 0.3333333333333333, 0.3333333333333333]"
2525,16.231699213464253,918918.0137635022,"[0.3333333333333333, 0.3333333333333333, 0.3333333333333333]"
2526,711.555438219417,858805.4430512249,"[0.3333333333333333, 0.3333333333333333, 0.3333333333333333]"
2527,375.14326913612837,707285.3044845161,"[0.3333333333333333, 0.3333333333333333, 0.3333333333333333]"
2528,849.714362333832,784042.6512022577,"[0.3333333333333333, 0.3333333333333333, 0.3333333333333333]"
2529,265.0336390005732,103691.89721467865,"[0.3333333333333333, 0.3333333333333333, 0.3333333333333333]"
2530,915.9780898710385,147459.04569349735,"[0.3333333333333333, 0.3333333333333333, 0.3333333333333333]"
2531,639.6772993210897,542984.0991679053,"[0.3333333333333333, 0.3333333333333333, 0.3333333333333333]"
2532,704.8063889106687,422334.993887822,"[0.3333333333333333, 0.3333333333333333, 0.3333333333333333]"
2533,882.38001912242,302845.7209073922,"[0.3333333333333333, 0.3333333333333333, 0.3333333333333333]"
2534,523.103946767666,393023.2456411687,"[0.3333333333333333, 0.3333333333333333, 0.3333333333333333]"
2535,92.4892029041156,299744.3608510119,"[0.3333333333333333, 0.3333333333333333, 0.3333333333333333]"
2536,339.53931676662893,910031.6039051348,"[0.3333333333333333, 0.3333333333333333, 0.3333333333333333]"
2537,699.7060399727346,980482.5511645462,"[0.3333333333333333, 0.3333333333333333, 0.3333333333333333]"
2538,817.8944388158674,681969.8520338892,"[0.3333333333333333, 0.3333333333333333, 0.3333333333333333]"
2539,636.7190492496005,457615.9603253741,"[0.3333333333333333, 0.3333333333333333, 0.3333333333333333]"
2540,508.3646749608603,601046.5265397389,"[0.3333333333333333, 0.3333333333333333, 0.3333333333333333]"
2541,871.1832049625639,336208.2628407143,"[0.3333333333333333, 0.3333333333333333, 0.3333333333333333]"
2542,53.865962072661226,437652.5254777424,"[0.3333333333333333, 0.3333333333333333, 0.3333333333333333]"
2543,768.5255530735651,962811.5939778391,"[0.3333333333333333, 0.3333333333333333, 0.3333333333333333]"
2544,995.710028021426,229116.6001628068,"[0.3333333333333333, 0.3333333333333333, 0.3333333333333333]"
2545,334.01492185870563,416787.0101011668,"[0.3333333333333333, 0.3333333333333333, 0.3333333333333333]"
2546,426.7994539646144,204995.72559869185,"[0.3333333333333333, 0.3333333333333333, 0.3333333333333333]"
2547,614.4353444118624,360907.60892885434,"[0.3333333333333333, 0.3333333333333333, 0.3333333333333333]"
2548,662.5584367868497,115900.55728166006,"[0.3333333333333333, 0.3333333333333333, 0.3333333333333333]"
2549,897.5810075224127,270915.9132266422,"[0.3333333333333333, 0.3333333333333333, 0.3333333333333333]"
2550,427.68885275128434,250948.07737142095,"[0.3333333333333333, 0.3333333333333333, 0.3333333333333333]"
2551,39.767003408467204,658185.8739766569,"[0.3333333333333333, 0.3333333333333333, 0.3333333333333333]"
2552,16.115315445684615,235990.87884852826,"[0.3333333333333333, 0.3333333333333333, 0.3333333333333333]"
2553,132.3615916403151,496651.08720824146,"[0.3333333333333333, 0.3333333333333333, 0.3333333333333333]"
2554,391.7656070984592,649479.5703076631,"[0.3333333333333333, 0.3333333333333333, 0.3333333333333333]"
2555,416.7832732784462,404005.14384579397,"[0.3333333333333333, 0.3333333333333333, 0.3333333333333333]"
2556,504.3397550057675,218702.76749192958,"[0.3333333333333333, 0.3333333333333333, 0.3333333333333333]"
2557,148.05000430948627,240047.429528619,"[0.3333333333333333, 0.3333333333333333, 0.3333333333333333]"
2558,661.8388996233437,405399.5073951534,"[0.3333333333333333, 0.3333333333333333, 0.3333333333333333]"
2559,128.63953473602896,200498.17733369843,"[0.3333333333333333, 0.3333333333333333, 0.3333333333333333]"
2560,199.6026343990293,292726.67675120523,"[0.3333333333333333, 0.3333333333333333, 0.3333333333333333]"
2561,224.31427488951852,827268.1706944987,"[0.3333333333333333, 0.3333333333333333, 0.3333333333333333]"
2562,425.73391621597614,867901.2827510539,"[0.3333333333333333, 0.3333333333333333, 0.3333333333333333]"
2563,897.1274926982561,136306.44351997477,"[0.3333333333333333, 0.3333333333333333, 0.3333333333333333]"
2564,752.6921684826851,123665.82268564806,"[0.3333333333333333, 0.3333333333333333, 0.3333333333333333]"
2565,79.56369123157711,120353.08327353522,"[0.3333333333333333, 0.3333333333333333, 0.3333333333333333]"
2566,114.91546985040252,484284.41262542276,"[0.3333333333333333, 0.3333333333333333, 0.3333333333333333]"
2567,185.44312156055582,604722.6251623447,"[0.3333333333333333, 0.3333333333333333, 0.3333333333333333]"
2568,403.5400058927914,246931.2922871682,"[0.3333333333333333, 0.3333333333333333, 0.3333333333333333]"
2569,583.4985717523975,121127.5313430285,"[0.3333333333333333, 0.3333333333333333, 0.3333333333333333]"
2570,438.0425755760547,938250.9154501426,"[0.3333333333333333, 0.3333333333333333, 0.3333333333333333]"
2571,473.1441448396867,807506.809234332,"[0.3333333333333333, 0.3333333333333333, 0.3333333333333333]"
2572,57.41287645633646,337594.86884916143,"[0.3333333333333333, 0.3333333333333333, 0.3333333333333333]"
2573,835.9069693453384,488731.67452948645,"[0.3333333333333333, 0.3333333333333333, 0.3333333333333333]"
2574,652.5789505389898,568091.2544388712,"[0.3333333333333333, 0.3333333333333333, 0.3333333333333333]"
2575,506.87051067246716,762390.154932015,"[0.3333333333333333, 0.3333333333333333, 0.3333333333333333]"
2576,196.73640658938075,448342.2618675185,"[0.3333333333333333, 0.3333333333333333, 0.3333333333333333]"
2577,763.3707806859169,657014.5548706609,"[0.3333333333333333, 0.3333333333333333, 0.3333333333333333]"
2578,654.0591548013335,758653.1631432303,"[0.3333333333333333, 0.3333333333333333, 0.3333333333333333]"
2579,686.0591403617113,323697.6711145401,"[0.3333333333333333, 0.3333333333333333, 0.3333333333333333]"
2580,87.15523694918575,250657.4402785576,"[0.3333333333333333, 0.3333333333333333, 0.3333333333333333]"
2581,469.7466909308739,965916.3861105329,"[0.3333333333333333, 0.3333333333333333, 0.3333333333333333]"
2582,390.5476457170777,921879.001819053,"[0.3333333333333333, 0.3333333333333333, 0.3333333333333333]"
2583,544.9931639988374,568359.1718412917,"[0.3333333333333333, 0.3333333333333333, 0.3333333333333333]"
2584,459.025573838808,714945.4758901426,"[0.3333333333333333, 0.3333333333333333, 0.3333333333333333]"
2585,794.1795522698092,233206.3158067633,"[0.3333333333333333, 0.3333333333333333, 0.3333333333333333]"
2586,562.8608943523639,111518.56158109954,"[0.3333333333333333, 0.3333333333333333, 0.3333333333333333]"
2587,827.532276297146,191007.4724216115,"[0.3333333333333333, 0.3333333333333333, 0.3333333333333333]"
2588,343.75577783899547,727590.5546831095,"[0.3333333333333333, 0.3333333333333333, 0.3333333333333333]"
2589,757.5625995683872,605306.0166589967,"[0.3333333333333333, 0.3333333333333333, 0.3333333333333333]"
2590,144.99472503577164,268835.700700657,"[0.3333333333333333, 0.3333333333333333, 0.3333333333333333]"
2591,342.8285166957254,577515.7048288607,"[0.3333333333333333, 0.3333333333333333, 0.3333333333333333]"
2592,929.4511583223498,393059.7973332223,"[0.3333333333333333, 0.3333333333333333, 0.3333333333333333]"
2593,685.5443794095517,878862.5900712499,"[0.3333333333333333, 0.3333333333333333, 0.3333333333333333]"
2594,865.39686605435,150419.90306560707,"[0.3333333333333333, 0.3333333333333333, 0.3333333333333333]"
2595,694.5705835588192,158469.8150373154,"[0.3333333333333333, 0.3333333333333333, 0.3333333333333333]"
2596,326.4347094849723,703597.1203278293,"[0.3333333333333333, 0.3333333333333333, 0.3333333333333333]"
2597,848.5185837408636,567385.8943499095,"[0.3333333333333333, 0.3333333333333333, 0.3333333333333333]"
2598,456.50225634513276,977136.455381008,"[0.3333333333333333, 0.3333333333333333, 0.3333333333333333]"
2599,290.9439922801404,792917.3343327821,"[0.3333333333333333, 0.3333333333333333, 0.3333333333333333]"
2600,420.4189793567432,426969.51090078376,"[0.3333333333333333, 0.3333333333333333, 0.3333333333333333]"
2601,741.8065370076853,481200.5586075813,"[0.3333333333333333, 0.3333333333333333, 0.3333333333333333]"
2602,425.29314875525984,976450.5456183056,"[0.3333333333333333, 0.3333333333333333, 0.3333333333333333]"
2603,425.66598215594144,991945.5073502815,"[0.3333333333333333, 0.3333333333333333, 0.3333333333333333]"
2604,96.31984666311405,706738.3952021636,"[0.3333333333333333, 0.3333333333333333, 0.3333333333333333]"
2605,702.0972676731479,811140.0481997549,"[0.3333333333333333, 0.3333333333333333, 0.3333333333333333]"
2606,246.6878819940756,539311.697019468,"[0.3333333333333333, 0.3333333333333333, 0.3333333333333333]"
2607,677.6702782716179,237870.0509206916,"[0.3333333333333333, 0.3333333333333333, 0.3333333333333333]"
2608,695.8192364729543,645387.0299227602,"[0.3333333333333333, 0.3333333333333333, 0.3333333333333333]"
2609,616.063158879587,295601.0463437571,"[0.3333333333333333, 0.3333333333333333, 0.3333333333333333]"
2610,364.77291670096713,794112.1667058669,"[0.3333333333333333, 0.3333333333333333, 0.3333333333333333]"
2611,240.04724807194665,579889.553628135,"[0.3333333333333333, 0.3333333333333333, 0.3333333333333333]"
2612,350.0402384619501,778401.0114283348,"[0.3333333333333333, 0.3333333333333333, 0.3333333333333333]"
2613,946.2454302490535,890428.6304260357,"[0.3333333333333333, 0.3333333333333333, 0.3333333333333333]"
2614,402.05282339306007,855061.5227792411,"[0.3333333333333333, 0.3333333333333333, 0.3333333333333333]"
2615,666.3856685099348,347461.5549149885,"[0.3333333333333333, 0.3333333333333333, 0.3333333333333333]"
2616,83.2672314848426,859515.6349485726,"[0.3333333333333333, 0.3333333333333333, 0.3333333333333333]"
2617,939.1603199002898,657138.0262164436,"[0.3333333333333333, 0.3333333333333333, 0.3333333333333333]"
2618,661.4398951037192,832225.100920164,"[0.3333333333333333, 0.3333333333333333, 0.3333333333333333]"
2619,627.1123289107968,196158.86185149543,"[0.3333333333333333, 0.3333333333333333, 0.3333333333333333]"
2620,997.3328289446204,466640.48230153666,"[0.3333333333333333, 0.3333333333333333, 0.3333333333333333]"
2621,432.50684974628007,698067.8348796526,"[0.3333333333333333, 0.3333333333333333, 0.3333333333333333]"
2622,547.3267358137366,297300.04760481406,"[0.3333333333333333, 0.3333333333333333, 0.3333333333333333]"
2623,758.9939544579348,360295.10826097836,"[0.3333333333333333, 0.3333333333333333, 0.3333333333333333]"
2624,151.61819670366785,236892.01489723977,"[0.3333333333333333, 0.3333333333333333, 0.3333333333333333]"
2625,836.319831414732,694964.4849301567,"[0.3333333333333333, 0.3333333333333333, 0.3333333333333333]"
2626,276.952364189119,568243.553498694,"[0.3333333333333333, 0.3333333333333333, 0.3333333333333333]"
2627,525.4850516396519,612183.9956626791,"[0.3333333333333333, 0.3333333333333333, 0.3333333333333333]"
2628,754.6469283401833,980826.459451371,"[0.3333333333333333, 0.3333333333333333, 0.3333333333333333]"
2629,508.57201190590763,611113.9272413503,"[0.3333333333333333, 0.3333333333333333, 0.3333333333333333]"
2630,521.8453884364876,593390.5760218215,"[0.3333333333333333, 0.3333333333333333, 0.3333333333333333]"
2631,947.6058617854982,550717.4306192014,"[0.3333333333333333, 0.3333333333333333, 0.3333333333333333]"
2632,223.88082881876605,778668.0622274323,"[0.3333333333333333, 0.3333333333333333, 0.3333333333333333]"
2633,815.0600572316422,587447.6500058742,"[0.3333333333333333, 0.3333333333333333, 0.3333333333333333]"
2634,249.75185033091523,917214.1206115552,"[0.3333333333333333, 0.3333333333333333, 0.3333333333333333]"
2635,804.2384689628924,455892.6405909122,"[0.3333333333333333, 0.3333333333333333, 0.3333333333333333]"
2636,67.45851968554818,105225.65945096569,"[0.3333333333333333, 0.3333333333333333, 0.3333333333333333]"
2637,694.8901088105414,946813.80472707,"[0.3333333333333333, 0.3333333333333333, 0.3333333333333333]"
2638,355.3245191971276,543423.303434974,"[0.3333333333333333, 0.3333333333333333, 0.3333333333333333]"
2639,923.9325748132311,169845.41162434983,"[0.3333333333333333, 0.3333333333333333, 0.3333333333333333]"
2640,30.523187615300174,667407.4042893626,"[0.3333333333333333, 0.3333333333333333, 0.3333333333333333]"
2641,164.96329924344494,465786.49466269347,"[0.3333333333333333, 0.3333333333333333, 0.3333333333333333]"
2642,10.283450548170647,725313.2315355571,"[0.3333333333333333, 0.3333333333333333, 0.3333333333333333]"
2643,513.2690758565655,271097.1873126093,"[0.3333333333333333, 0.3333333333333333, 0.3333333333333333]"
2644,449.27137581721917,146371.42733737212,"[0.3333333333333333, 0.3333333333333333, 0.3333333333333333]"
2645,840.8302240220181,844134.4702289348,"[0.3333333333333333, 0.3333333333333333, 0.3333333333333333]"
2646,851.6745211614743,577421.1617625938,"[0.3333333333333333, 0.3333333333333333, 0.3333333333333333]"
2647,463.47160584143336,815676.3033651965,"[0.3333333333333333, 0.3333333333333333, 0.3333333333333333]"
2648,684.9181093169045,539209.060090764,"[0.3333333333333333, 0.3333333333333333, 0.3333333333333333]"
2649,768.4935250854659,346547.9624021839,"[0.3333333333333333, 0.3333333333333333, 0.3333333333333333]"
2650,19.052906847258996,576371.5727291147,"[0.3333333333333333, 0.3333333333333333, 0.3333333333333333]"
2651,554.3774320419943,627460.979851418,"[0.3333333333333333, 0.3333333333333333, 0.3333333333333333]"
2652,618.388343665882,722122.4700031858,"[0.3333333333333333, 0.3333333333333333, 0.3333333333333333]"
2653,822.5367648920584,874658.3448354073,"[0.3333333333333333, 0.3333333333333333, 0.3333333333333333]"
2654,710.116824326149,413998.6533961428,"[0.3333333333333333, 0.3333333333333333, 0.3333333333333333]"
2655,898.2899487147146,753928.0737791089,"[0.3333333333333333, 0.3333333333333333, 0.3333333333333333]"
2656,676.2876945774987,675125.929532076,"[0.3333333333333333, 0.3333333333333333, 0.3333333333333333]"
2657,311.10949201272433,388554.2086549421,"[0.3333333333333333, 0.3333333333333333, 0.3333333333333333]"
2658,164.81452852579335,686773.0195059046,"[0.3333333333333333, 0.3333333333333333, 0.3333333333333333]"
2659,10.096067082212773,116577.85325157669,"[0.3333333333333333, 0.3333333333333333, 0.3333333333333333]"
2660,549.4096709390645,683917.5235553416,"[0.3333333333333333, 0.3333333333333333, 0.3333333333333333]"
2661,283.8856987229447,972366.6580944778,"[0.3333333333333333, 0.3333333333333333, 0.3333333333333333]"
2662,280.3630975506363,785794.957072092,"[0.3333333333333333, 0.3333333333333333, 0.3333333333333333]"
2663,378.21006526546915,471420.6399134774,"[0.3333333333333333, 0.3333333333333333, 0.3333333333333333]"
2664,729.3986854470885,261594.7362407081,"[0.3333333333333333, 0.3333333333333333, 0.3333333333333333]"
2665,508.0359026307245,222764.9226150149,"[0.3333333333333333, 0.3333333333333333, 0.3333333333333333]"
2666,513.3866936976972,523082.92624481797,"[0.3333333333333333, 0.3333333333333333, 0.3333333333333333]"
2667,211.7949583297398,886928.6374885971,"[0.3333333333333333, 0.3333333333333333, 0.3333333333333333]"
2668,612.2733710348218,783551.539892679,"[0.3333333333333333, 0.3333333333333333, 0.3333333333333333]"
2669,212.51326655631854,636870.5183536811,"[0.3333333333333333, 0.3333333333333333, 0.3333333333333333]"
2670,10.622839389532858,684600.2270003603,"[0.3333333333333333, 0.3333333333333333, 0.3333333333333333]"
2671,816.8395632864687,703054.7759650598,"[0.3333333333333333, 0.3333333333333333, 0.3333333333333333]"
2672,982.0676088529026,936240.7870638848,"[0.3333333333333333, 0.3333333333333333, 0.3333333333333333]"
2673,503.3285644742506,634547.5143839619,"[0.3333333333333333, 0.3333333333333333, 0.3333333333333333]"
2674,509.9272478959881,206599.5485406469,"[0.3333333333333333, 0.3333333333333333, 0.3333333333333333]"
2675,238.44679735107118,612916.2673430565,"[0.3333333333333333, 0.3333333333333333, 0.3333333333333333]"
2676,339.48507690388163,353587.498828887,"[0.3333333333333333, 0.3333333333333333, 0.3333333333333333]"
2677,848.8378802452269,458898.7581521373,"[0.3333333333333333, 0.3333333333333333, 0.3333333333333333]"
2678,975.6569419032571,604284.2651409952,"[0.3333333333333333, 0.3333333333333333, 0.3333333333333333]"
2679,799.5583933639056,936151.3158287252,"[0.3333333333333333, 0.3333333333333333, 0.3333333333333333]"
2680,644.5071355577048,392829.86685904715,"[0.3333333333333333, 0.3333333333333333, 0.3333333333333333]"
2681,960.577453316625,419607.71605390316,"[0.3333333333333333, 0.3333333333333333, 0.3333333333333333]"
2682,328.6836080189884,799081.0926342773,"[0.3333333333333333, 0.3333333333333333, 0.3333333333333333]"
2683,724.9740732834091,431813.84867043805,"[0.3333333333333333, 0.3333333333333333, 0.3333333333333333]"
2684,526.9296253946646,623485.9355107809,"[0.3333333333333333, 0.3333333333333333, 0.3333333333333333]"
2685,434.2402894236314,777892.6533127296,"[0.3333333333333333, 0.3333333333333333, 0.3333333333333333]"
2686,884.9669198784986,784104.834320353,"[0.3333333333333333, 0.3333333333333333, 0.3333333333333333]"
2687,840.790651575494,105462.56082657579,"[0.3333333333333333, 0.3333333333333333, 0.3333333333333333]"
2688,933.9421858410282,132352.0461883286,"[0.3333333333333333, 0.3333333333333333, 0.3333333333333333]"
2689,984.4516793736481,435830.07212707406,"[0.3333333333333333, 0.3333333333333333, 0.3333333333333333]"
2690,643.7339404243238,114115.51939547008,"[0.3333333333333333, 0.3333333333333333, 0.3333333333333333]"
2691,705.6282896864483,678256.4400965011,"[0.3333333333333333, 0.3333333333333333, 0.3333333333333333]"
2692,38.798739828838215,919396.8107833316,"[0.3333333333333333, 0.3333333333333333, 0.3333333333333333]"
2693,20.654646423679857,441085.8185702313,"[0.3333333333333333, 0.3333333333333333, 0.3333333333333333]"
2694,327.6467130815256,635459.6349395296,"[0.3333333333333333, 0.3333333333333333, 0.3333333333333333]"
2695,506.82925872164685,207710.67562738823,"[0.3333333333333333, 0.3333333333333333, 0.3333333333333333]"
2696,42.63150714104539,551290.9585646422,"[0.3333333333333333, 0.3333333333333333, 0.3333333333333333]"
2697,604.8402759912378,754035.0725939374,"[0.3333333333333333, 0.3333333333333333, 0.3333333333333333]"
2698,798.2176239150115,808416.6956614404,"[0.3333333333333333, 0.3333333333333333, 0.3333333333333333]"
2699,420.3293901129876,717092.984419352,"[0.3333333333333333, 0.3333333333333333, 0.3333333333333333]"
2700,549.6658140210236,745504.5033298469,"[0.3333333333333333, 0.3333333333333333, 0.3333333333333333]"
2701,735.368104754423,316173.52422747936,"[0.3333333333333333, 0.3333333333333333, 0.3333333333333333]"
2702,263.6112013693927,783844.999449019,"[0.3333333333333333, 0.3333333333333333, 0.3333333333333333]"
2703,624.9212196354712,989702.0988386442,"[0.3333333333333333, 0.3333333333333333, 0.3333333333333333]"
2704,632.6815608892949,304050.41041208396,"[0.3333333333333333, 0.3333333333333333, 0.3333333333333333]"
2705,49.82989140502476,663458.5174376469,"[0.3333333333333333, 0.3333333333333333, 0.3333333333333333]"
2706,614.4788878183825,936402.3897573208,"[0.3333333333333333, 0.3333333333333333, 0.3333333333333333]"
2707,591.8107743781377,781788.1278134295,"[0.3333333333333333, 0.3333333333333333, 0.3333333333333333]"
2708,536.2216015211704,999292.8805277832,"[0.3333333333333333, 0.3333333333333333, 0.3333333333333333]"
2709,314.8133355555872,510607.4082128884,"[0.3333333333333333, 0.3333333333333333, 0.3333333333333333]"
2710,36.87699980331609,129571.24788107864,"[0.3333333333333333, 0.3333333333333333, 0.3333333333333333]"
2711,121.48506107891929,742077.659298305,"[0.3333333333333333, 0.3333333333333333, 0.3333333333333333]"
2712,199.64109093245582,420149.75061991916,"[0.3333333333333333, 0.3333333333333333, 0.3333333333333333]"
2713,337.95747399092664,604608.2151859105,"[0.3333333333333333, 0.3333333333333333, 0.3333333333333333]"
2714,888.704148572868,874925.7349225592,"[0.3333333333333333, 0.3333333333333333, 0.3333333333333333]"
2715,849.315996926467,282375.31685440417,"[0.3333333333333333, 0.3333333333333333, 0.3333333333333333]"
2716,527.4600215893664,646749.5383014452,"[0.3333333333333333, 0.3333333333333333, 0.3333333333333333]"
2717,273.563443642334,410902.25302298897,"[0.3333333333333333, 0.3333333333333333, 0.3333333333333333]"
2718,426.69450847671663,226996.94336060708,"[0.3333333333333333, 0.3333333333333333, 0.3333333333333333]"
2719,547.9837306898994,272427.55016676924,"[0.3333333333333333, 0.3333333333333333, 0.3333333333333333]"
2720,394.0629625357606,888353.0091478615,"[0.3333333333333333, 0.3333333333333333, 0.3333333333333333]"
2721,613.9982287976212,498207.6435957308,"[0.3333333333333333, 0.3333333333333333, 0.3333333333333333]"
2722,489.41376346055165,165319.50006821408,"[0.3333333333333333, 0.3333333333333333, 0.3333333333333333]"
2723,171.29487322938962,226365.12389412418,"[0.3333333333333333, 0.3333333333333333, 0.3333333333333333]"
2724,945.883788085687,640268.8750367597,"[0.3333333333333333, 0.3333333333333333, 0.3333333333333333]"
2725,711.4056301896853,988646.1511226753,"[0.3333333333333333, 0.3333333333333333, 0.3333333333333333]"
2726,478.624921989524,899209.8211576953,"[0.3333333333333333, 0.3333333333333333, 0.3333333333333333]"
2727,547.764121435605,286753.6339097477,"[0.3333333333333333, 0.3333333333333333, 0.3333333333333333]"
2728,428.763461885059,373000.8445505279,"[0.3333333333333333, 0.3333333333333333, 0.3333333333333333]"
2729,53.36482198791308,358345.1401788981,"[0.3333333333333333, 0.3333333333333333, 0.3333333333333333]"
2730,459.50358345357745,781777.7796992991,"[0.3333333333333333, 0.3333333333333333, 0.3333333333333333]"
2731,253.24950211802636,753934.6405436627,"[0.3333333333333333, 0.3333333333333333, 0.3333333333333333]"
2732,856.730014941616,870646.3639368073,"[0.3333333333333333, 0.3333333333333333, 0.3333333333333333]"
2733,246.7496217113385,893028.5522901528,"[0.3333333333333333, 0.3333333333333333, 0.3333333333333333]"
2734,128.3744417145977,486766.61262783594,"[0.3333333333333333, 0.3333333333333333, 0.3333333333333333]"
2735,954.2369043282448,496415.17841038795,"[0.3333333333333333, 0.3333333333333333, 0.3333333333333333]"
2736,476.9577361651441,528459.4103292737,"[0.3333333333333333, 0.3333333333333333, 0.3333333333333333]"
2737,654.8844960995011,146379.0820583553,"[0.3333333333333333, 0.3333333333333333, 0.3333333333333333]"
2738,907.5920917155851,761339.1293979322,"[0.3333333333333333, 0.3333333333333333, 0.3333333333333333]"
2739,498.6386018748993,861378.2094638821,"[0.3333333333333333, 0.3333333333333333, 0.3333333333333333]"
2740,564.5201999714949,639672.1823426723,"[0.3333333333333333, 0.3333333333333333, 0.3333333333333333]"
2741,387.33918334137013,145189.5482037207,"[0.3333333333333333, 0.3333333333333333, 0.3333333333333333]"
2742,552.4271363592263,516631.7757057263,"[0.3333333333333333, 0.3333333333333333, 0.3333333333333333]"
2743,902.3299681167375,737584.2137756115,"[0.3333333333333333, 0.3333333333333333, 0.3333333333333333]"
2744,253.76631221013534,120936.42604913404,"[0.3333333333333333, 0.3333333333333333, 0.3333333333333333]"
2745,248.47985040456626,962084.5250875677,"[0.3333333333333333, 0.3333333333333333, 0.3333333333333333]"
2746,884.4565374103455,180012.529069365,"[0.3333333333333333, 0.3333333333333333, 0.3333333333333333]"
2747,258.01372166948886,125181.24828090073,"[0.3333333333333333, 0.3333333333333333, 0.3333333333333333]"
2748,504.9697937758463,968727.5433319401,"[0.3333333333333333, 0.3333333333333333, 0.3333333333333333]"
2749,240.1986417227655,601147.2346795507,"[0.3333333333333333, 0.3333333333333333, 0.3333333333333333]"
2750,125.48107530399317,716369.7402523048,"[0.3333333333333333, 0.3333333333333333, 0.3333333333333333]"
2751,475.97884809747524,691744.5790865462,"[0.3333333333333333, 0.3333333333333333, 0.3333333333333333]"
2752,73.27036606545782,945501.5902200994,"[0.3333333333333333, 0.3333333333333333, 0.3333333333333333]"
2753,502.5431068935999,972541.399884817,"[0.3333333333333333, 0.3333333333333333, 0.3333333333333333]"
2754,229.05094182211812,330336.09727233666,"[0.3333333333333333, 0.3333333333333333, 0.3333333333333333]"
2755,479.8867650128394,651383.9212797272,"[0.3333333333333333, 0.3333333333333333, 0.3333333333333333]"
2756,559.1972425662127,438757.3117268066,"[0.3333333333333333, 0.3333333333333333, 0.3333333333333333]"
2757,679.3924286734374,729537.7991177792,"[0.3333333333333333, 0.3333333333333333, 0.3333333333333333]"
2758,638.6178481110957,851363.8847400969,"[0.3333333333333333, 0.3333333333333333, 0.3333333333333333]"
2759,355.6592978260765,389377.560919569,"[0.3333333333333333, 0.3333333333333333, 0.3333333333333333]"
2760,570.8485934163139,150603.4761839097,"[0.3333333333333333, 0.3333333333333333, 0.3333333333333333]"
2761,833.743620578941,832766.8144959115,"[0.3333333333333333, 0.3333333333333333, 0.3333333333333333]"
2762,425.7542307974055,934088.7954073492,"[0.3333333333333333, 0.3333333333333333, 0.3333333333333333]"
2763,562.4861834548383,954501.9196106492,"[0.3333333333333333, 0.3333333333333333, 0.3333333333333333]"
2764,444.82474371678836,991945.60063267,"[0.3333333333333333, 0.3333333333333333, 0.3333333333333333]"
2765,61.904623015129644,718274.6683107496,"[0.3333333333333333, 0.3333333333333333, 0.3333333333333333]"
2766,912.027616323726,804776.1565035711,"[0.3333333333333333, 0.3333333333333333, 0.3333333333333333]"
2767,456.78134713630374,208829.61278562678,"[0.3333333333333333, 0.3333333333333333, 0.3333333333333333]"
2768,842.1955919320907,331373.1353780617,"[0.3333333333333333, 0.3333333333333333, 0.3333333333333333]"
2769,81.51471064803543,108479.81734714906,"[0.3333333333333333, 0.3333333333333333, 0.3333333333333333]"
2770,481.7629873661048,751389.1829856934,"[0.3333333333333333, 0.3333333333333333, 0.3333333333333333]"
2771,713.0558569767431,500101.5170926886,"[0.3333333333333333, 0.3333333333333333, 0.3333333333333333]"
2772,112.1743721480908,865503.8797932356,"[0.3333333333333333, 0.3333333333333333, 0.3333333333333333]"
2773,688.0569783676905,565540.011026265,"[0.3333333333333333, 0.3333333333333333, 0.3333333333333333]"
2774,10.124072256010109,988495.349209242,"[0.3333333333333333, 0.3333333333333333, 0.3333333333333333]"
2775,45.46135003340317,312599.1143366854,"[0.3333333333333333, 0.3333333333333333, 0.3333333333333333]"
2776,986.1310703327626,668491.7791928017,"[0.3333333333333333, 0.3333333333333333, 0.3333333333333333]"
2777,391.1746331667587,694643.8765875485,"[0.3333333333333333, 0.3333333333333333, 0.3333333333333333]"
2778,488.80998919373894,612370.7667475295,"[0.3333333333333333, 0.3333333333333333, 0.3333333333333333]"
2779,66.81017489580762,748504.225313744,"[0.3333333333333333, 0.3333333333333333, 0.3333333333333333]"
2780,103.34487893679628,219376.74513005753,"[0.3333333333333333, 0.3333333333333333, 0.3333333333333333]"
2781,536.694887377308,634141.7171665004,"[0.3333333333333333, 0.3333333333333333, 0.3333333333333333]"
2782,391.60141262298043,495747.1976152975,"[0.3333333333333333, 0.3333333333333333, 0.3333333333333333]"
2783,491.8166812801736,433515.4506552313,"[0.3333333333333333, 0.3333333333333333, 0.3333333333333333]"
2784,495.08479347248647,266327.1382106497,"[0.3333333333333333, 0.3333333333333333, 0.3333333333333333]"
2785,184.67991328957012,675166.7092872732,"[0.3333333333333333, 0.3333333333333333, 0.3333333333333333]"
2786,369.426134947227,223163.165730188,"[0.3333333333333333, 0.3333333333333333, 0.3333333333333333]"
2787,517.0761631459621,973518.2617459948,"[0.3333333333333333, 0.3333333333333333, 0.3333333333333333]"
2788,647.8411654032004,222709.6523890936,"[0.3333333333333333, 0.3333333333333333, 0.3333333333333333]"
2789,36.9472497006005,263236.45816828386,"[0.3333333333333333, 0.3333333333333333, 0.3333333333333333]"
2790,733.3299453804091,425837.293634027,"[0.3333333333333333, 0.3333333333333333, 0.3333333333333333]"
2791,421.28777006942283,620059.1708497014,"[0.3333333333333333, 0.3333333333333333, 0.3333333333333333]"
2792,650.2882728254627,702110.06062573,"[0.3333333333333333, 0.3333333333333333, 0.3333333333333333]"
2793,244.22886918869463,821116.6263070125,"[0.3333333333333333, 0.3333333333333333, 0.3333333333333333]"
2794,230.18200733614955,221680.61761259846,"[0.3333333333333333, 0.3333333333333333, 0.3333333333333333]"
2795,361.73755558802776,602830.640277453,"[0.3333333333333333, 0.3333333333333333, 0.3333333333333333]"
2796,137.47501901890945,289664.5423345134,"[0.3333333333333333, 0.3333333333333333, 0.3333333333333333]"
2797,29.079294027803435,173286.26204564975,"[0.3333333333333333, 0.3333333333333333, 0.3333333333333333]"
2798,757.7623846325073,797162.8803760606,"[0.3333333333333333, 0.3333333333333333, 0.3333333333333333]"
2799,925.9950733165381,782974.3801108128,"[0.3333333333333333, 0.3333333333333333, 0.3333333333333333]"
2800,161.4477104882622,126082.73213101522,"[0.3333333333333333, 0.3333333333333333, 0.3333333333333333]"
2801,361.466935762055,241240.22169692814,"[0.3333333333333333, 0.3333333333333333, 0.3333333333333333]"
2802,967.3053036353231,695095.4898027201,"[0.3333333333333333, 0.3333333333333333, 0.3333333333333333]"
2803,203.29489083386326,857643.2659077067,"[0.3333333333333333, 0.3333333333333333, 0.3333333333333333]"
2804,570.9551390673935,508425.0472417095,"[0.3333333333333333, 0.3333333333333333, 0.3333333333333333]"
2805,603.3671447461999,761276.9722716253,"[0.3333333333333333, 0.3333333333333333, 0.3333333333333333]"
2806,263.79043075399267,650447.3842404837,"[0.3333333333333333, 0.3333333333333333, 0.3333333333333333]"
2807,126.27659032514732,728564.9850009109,"[0.3333333333333333, 0.3333333333333333, 0.3333333333333333]"
2808,445.55352010749556,106907.689623615,"[0.3333333333333333, 0.3333333333333333, 0.3333333333333333]"
2809,905.3312629437411,750427.9457289812,"[0.3333333333333333, 0.3333333333333333, 0.3333333333333333]"
2810,158.16129817075233,735545.6695967846,"[0.3333333333333333, 0.3333333333333333, 0.3333333333333333]"
2811,890.1616300285058,368838.5509919278,"[0.3333333333333333, 0.3333333333333333, 0.3333333333333333]"
2812,943.7803534731869,638335.0260085948,"[0.3333333333333333, 0.3333333333333333, 0.3333333333333333]"
2813,924.6766837712163,167665.03220319527,"[0.3333333333333333, 0.3333333333333333, 0.3333333333333333]"
2814,594.2300370837179,506163.8859101295,"[0.3333333333333333, 0.3333333333333333, 0.3333333333333333]"
2815,580.861619076677,296494.06153493456,"[0.3333333333333333, 0.3333333333333333, 0.3333333333333333]"
2816,670.320269260539,808902.4721034318,"[0.3333333333333333, 0.3333333333333333, 0.3333333333333333]"
2817,361.9324612686889,109896.416744485,"[0.3333333333333333, 0.3333333333333333, 0.3333333333333333]"
2818,212.33944292659862,390548.4576711206,"[0.3333333333333333, 0.3333333333333333, 0.3333333333333333]"
2819,286.3978393081974,504754.5176253959,"[0.3333333333333333, 0.3333333333333333, 0.3333333333333333]"
2820,709.6264056073328,489763.897525361,"[0.3333333333333333, 0.3333333333333333, 0.3333333333333333]"
2821,681.3958547907503,871207.6284406541,"[0.3333333333333333, 0.3333333333333333, 0.3333333333333333]"
2822,880.6838210119151,180787.7553212486,"[0.3333333333333333, 0.3333333333333333, 0.3333333333333333]"
2823,277.0397614703745,709064.7407591196,"[0.3333333333333333, 0.3333333333333333, 0.3333333333333333]"
2824,968.286962778785,674456.5921848745,"[0.3333333333333333, 0.3333333333333333, 0.3333333333333333]"
2825,652.4723880242855,974627.9870068781,"[0.3333333333333333, 0.3333333333333333, 0.3333333333333333]"
2826,769.5382046479185,337088.7752180693,"[0.3333333333333333, 0.3333333333333333, 0.3333333333333333]"
2827,995.5971888127247,534606.9795895172,"[0.3333333333333333, 0.3333333333333333, 0.3333333333333333]"
2828,579.0836031108518,620059.5520836586,"[0.3333333333333333, 0.3333333333333333, 0.3333333333333333]"
2829,350.3836328688274,289253.2953155413,"[0.3333333333333333, 0.3333333333333333, 0.3333333333333333]"
2830,878.1860363161837,680566.9593432851,"[0.3333333333333333, 0.3333333333333333, 0.3333333333333333]"
2831,390.3060664721167,743660.4343746471,"[0.3333333333333333, 0.3333333333333333, 0.3333333333333333]"
2832,591.3902828209409,863971.9266385313,"[0.3333333333333333, 0.3333333333333333, 0.3333333333333333]"
2833,38.62522764917811,516212.31188516907,"[0.3333333333333333, 0.3333333333333333, 0.3333333333333333]"
2834,337.5413176306588,794560.3300431358,"[0.3333333333333333, 0.3333333333333333, 0.3333333333333333]"
2835,394.5884125567534,487552.2004369571,"[0.3333333333333333, 0.3333333333333333, 0.3333333333333333]"
2836,792.8600157673975,662877.2404085294,"[0.3333333333333333, 0.3333333333333333, 0.3333333333333333]"
2837,460.8445395082608,250405.96098471564,"[0.3333333333333333, 0.3333333333333333, 0.3333333333333333]"
2838,628.7080444786272,650060.5655127146,"[0.3333333333333333, 0.3333333333333333, 0.3333333333333333]"
2839,742.3903886231941,155816.61946976974,"[0.3333333333333333, 0.3333333333333333, 0.3333333333333333]"
2840,444.73197650497457,109317.62528916204,"[0.3333333333333333, 0.3333333333333333, 0.3333333333333333]"
2841,931.0546287487543,988510.6159529653,"[0.3333333333333333, 0.3333333333333333, 0.3333333333333333]"
2842,26.138565994273296,414685.4832905377,"[0.3333333333333333, 0.3333333333333333, 0.3333333333333333]"
2843,150.5081334223043,417467.0248620027,"[0.3333333333333333, 0.3333333333333333, 0.3333333333333333]"
2844,469.0503836972797,344537.3182180553,"[0.3333333333333333, 0.3333333333333333, 0.3333333333333333]"
2845,719.188772837097,165369.00397705386,"[0.3333333333333333, 0.3333333333333333, 0.3333333333333333]"
2846,35.3065407266677,436192.4330079103,"[0.3333333333333333, 0.3333333333333333, 0.3333333333333333]"
2847,261.6772810938361,349997.8135314111,"[0.3333333333333333, 0.3333333333333333, 0.3333333333333333]"
2848,747.2377077532383,164813.31384021047,"[0.3333333333333333, 0.3333333333333333, 0.3333333333333333]"
2849,648.8225226699276,676569.0912369243,"[0.3333333333333333, 0.3333333333333333, 0.3333333333333333]"
2850,537.4302545295849,545511.9390406808,"[0.3333333333333333, 0.3333333333333333, 0.3333333333333333]"
2851,359.194685308173,685020.9220654506,"[0.3333333333333333, 0.3333333333333333, 0.3333333333333333]"
2852,367.52210645479374,648764.1791339117,"[0.3333333333333333, 0.3333333333333333, 0.3333333333333333]"
2853,967.2613137503472,491385.358482577,"[0.3333333333333333, 0.3333333333333333, 0.3333333333333333]"
2854,597.8237649879071,420454.2626386253,"[0.3333333333333333, 0.3333333333333333, 0.3333333333333333]"
2855,803.6900663768813,992661.8283235326,"[0.3333333333333333, 0.3333333333333333, 0.3333333333333333]"
2856,231.46849078939792,415248.64519510913,"[0.3333333333333333, 0.3333333333333333, 0.3333333333333333]"
2857,646.7612686448756,243265.52147840327,"[0.3333333333333333, 0.3333333333333333, 0.3333333333333333]"
2858,617.1768071444834,584465.7267350121,"[0.3333333333333333, 0.3333333333333333, 0.3333333333333333]"
2859,361.28319227075775,256483.74600802723,"[0.3333333333333333, 0.3333333333333333, 0.3333333333333333]"
2860,410.40553344415684,972473.4692006623,"[0.3333333333333333, 0.3333333333333333, 0.3333333333333333]"
2861,91.87414906968006,274458.800742937,"[0.3333333333333333, 0.3333333333333333, 0.3333333333333333]"
2862,178.2038361299686,369205.3267678413,"[0.3333333333333333, 0.3333333333333333, 0.3333333333333333]"
2863,771.6131154155361,981322.1099812998,"[0.3333333333333333, 0.3333333333333333, 0.3333333333333333]"
2864,683.6768488217175,643457.3680980465,"[0.3333333333333333, 0.3333333333333333, 0.3333333333333333]"
2865,919.9544548479231,605698.5589140602,"[0.3333333333333333, 0.3333333333333333, 0.3333333333333333]"
2866,418.8811805659817,789873.5764269438,"[0.3333333333333333, 0.3333333333333333, 0.3333333333333333]"
2867,943.1743056652315,336402.22449374065,"[0.3333333333333333, 0.3333333333333333, 0.3333333333333333]"
2868,285.4209791073514,901095.4099481582,"[0.3333333333333333, 0.3333333333333333, 0.3333333333333333]"
2869,808.1035602845824,407361.21764332504,"[0.3333333333333333, 0.3333333333333333, 0.3333333333333333]"
2870,778.0741507364019,676648.6688941017,"[0.3333333333333333, 0.3333333333333333, 0.3333333333333333]"
2871,589.2232897698312,793045.4372589277,"[0.3333333333333333, 0.3333333333333333, 0.3333333333333333]"
2872,258.313512278907,261115.69126429185,"[0.3333333333333333, 0.3333333333333333, 0.3333333333333333]"
2873,762.5750099997447,710323.137498864,"[0.3333333333333333, 0.3333333333333333, 0.3333333333333333]"
2874,10.278608304157219,413002.93026345375,"[0.3333333333333333, 0.3333333333333333, 0.3333333333333333]"
2875,17.261313168081603,187926.1268467395,"[0.3333333333333333, 0.3333333333333333, 0.3333333333333333]"
2876,995.9106060283494,951653.9226674916,"[0.3333333333333333, 0.3333333333333333, 0.3333333333333333]"
2877,669.1370541544344,823265.9486439576,"[0.3333333333333333, 0.3333333333333333, 0.3333333333333333]"
2878,240.53678121872358,331745.5413834362,"[0.3333333333333333, 0.3333333333333333, 0.3333333333333333]"
2879,324.2516000098082,567968.4877604605,"[0.3333333333333333, 0.3333333333333333, 0.3333333333333333]"
2880,249.05010143750116,170791.39708606916,"[0.3333333333333333, 0.3333333333333333, 0.3333333333333333]"
2881,203.42729762665002,437325.62169852824,"[0.3333333333333333, 0.3333333333333333, 0.3333333333333333]"
2882,993.0072238814611,404582.8241530276,"[0.3333333333333333, 0.3333333333333333, 0.3333333333333333]"
2883,636.8236389320255,327508.27139919886,"[0.3333333333333333, 0.3333333333333333, 0.3333333333333333]"
2884,862.7422484015508,200158.88342920697,"[0.3333333333333333, 0.3333333333333333, 0.3333333333333333]"
2885,745.3054226940644,349513.33355110476,"[0.3333333333333333, 0.3333333333333333, 0.3333333333333333]"
2886,858.4100697697914,746143.0586042936,"[0.3333333333333333, 0.3333333333333333, 0.3333333333333333]"
2887,472.64105798341876,756983.1369975881,"[0.3333333333333333, 0.3333333333333333, 0.3333333333333333]"
2888,769.0475565976367,802327.675145371,"[0.3333333333333333, 0.3333333333333333, 0.3333333333333333]"
2889,578.8799611079944,142075.237117854,"[0.3333333333333333, 0.3333333333333333, 0.3333333333333333]"
2890,678.2125346336626,407285.4404226522,"[0.3333333333333333, 0.3333333333333333, 0.3333333333333333]"
2891,501.2401043573886,285943.2014302177,"[0.3333333333333333, 0.3333333333333333, 0.3333333333333333]"
2892,571.1197016685135,613748.766980823,"[0.3333333333333333, 0.3333333333333333, 0.3333333333333333]"
2893,936.6032939163689,976704.3531862303,"[0.3333333333333333, 0.3333333333333333, 0.3333333333333333]"
2894,376.3502898781303,591580.6560496886,"[0.3333333333333333, 0.3333333333333333, 0.3333333333333333]"
2895,406.2208048614279,677645.1221711074,"[0.3333333333333333, 0.3333333333333333, 0.3333333333333333]"
2896,176.10162281884874,630990.8014789457,"[0.3333333333333333, 0.3333333333333333, 0.3333333333333333]"
2897,378.2275774990312,239719.78143911617,"[0.3333333333333333, 0.3333333333333333, 0.3333333333333333]"
2898,699.668969738057,250394.5867598084,"[0.3333333333333333, 0.3333333333333333, 0.3333333333333333]"
2899,252.66835825552897,694178.3331048377,"[0.3333333333333333, 0.3333333333333333, 0.3333333333333333]"
2900,586.8834900329075,381563.7043350805,"[0.3333333333333333, 0.3333333333333333, 0.3333333333333333]"
2901,332.7415656009825,868414.6528442588,"[0.3333333333333333, 0.3333333333333333, 0.3333333333333333]"
2902,908.4583306939193,194921.3433058118,"[0.3333333333333333, 0.3333333333333333, 0.3333333333333333]"
2903,290.50916867849025,379522.97900397656,"[0.3333333333333333, 0.3333333333333333, 0.3333333333333333]"
2904,911.0009102378949,634311.0623341409,"[0.3333333333333333, 0.3333333333333333, 0.3333333333333333]"
2905,137.62469230793207,722841.880557595,"[0.3333333333333333, 0.3333333333333333, 0.3333333333333333]"
2906,46.97453273027461,795170.5116359027,"[0.3333333333333333, 0.3333333333333333, 0.3333333333333333]"
2907,985.130214678597,858505.7460012353,"[0.3333333333333333, 0.3333333333333333, 0.3333333333333333]"
2908,794.7330906805796,687778.1577890834,"[0.3333333333333333, 0.3333333333333333, 0.3333333333333333]"
2909,505.7651197603743,704352.2095749214,"[0.3333333333333333, 0.3333333333333333, 0.3333333333333333]"
2910,31.841978296753396,222445.9443518666,"[0.3333333333333333, 0.3333333333333333, 0.3333333333333333]"
2911,55.569674765217,692211.7380622345,"[0.3333333333333333, 0.3333333333333333, 0.3333333333333333]"
2912,500.46292185722837,770483.2989517238,"[0.3333333333333333, 0.3333333333333333, 0.3333333333333333]"
2913,517.1076917257017,825419.7180949616,"[0.3333333333333333, 0.3333333333333333, 0.3333333333333333]"
2914,297.5146151991039,918705.404602637,"[0.3333333333333333, 0.3333333333333333, 0.3333333333333333]"
2915,398.04954185429625,313502.17957140796,"[0.3333333333333333, 0.3333333333333333, 0.3333333333333333]"
2916,593.9032320094101,264881.8666081166,"[0.3333333333333333, 0.3333333333333333, 0.3333333333333333]"
2917,78.75218021378946,979076.6439697441,"[0.3333333333333333, 0.3333333333333333, 0.3333333333333333]"
2918,618.0390076360438,616664.8155851397,"[0.3333333333333333, 0.3333333333333333, 0.3333333333333333]"
2919,44.066356682376245,232575.46516552163,"[0.3333333333333333, 0.3333333333333333, 0.3333333333333333]"
2920,295.802341318733,653649.678008662,"[0.3333333333333333, 0.3333333333333333, 0.3333333333333333]"
2921,919.6861646970473,682323.4776221672,"[0.3333333333333333, 0.3333333333333333, 0.3333333333333333]"
2922,868.0501119279161,573938.0564831275,"[0.3333333333333333, 0.3333333333333333, 0.3333333333333333]"
2923,17.827024155633,960507.6999492575,"[0.3333333333333333, 0.3333333333333333, 0.3333333333333333]"
2924,749.7044386982578,827892.1162279632,"[0.3333333333333333, 0.3333333333333333, 0.3333333333333333]"
2925,724.7862831122495,692434.7428338068,"[0.3333333333333333, 0.3333333333333333, 0.3333333333333333]"
2926,815.3779091677254,860026.8558110248,"[0.3333333333333333, 0.3333333333333333, 0.3333333333333333]"
2927,196.46432320947545,715352.6179326288,"[0.3333333333333333, 0.3333333333333333, 0.3333333333333333]"
2928,541.6166071997108,166167.07086210558,"[0.3333333333333333, 0.3333333333333333, 0.3333333333333333]"
2929,295.4436813164812,832703.9788459153,"[0.3333333333333333, 0.3333333333333333, 0.3333333333333333]"
2930,718.0370846858688,225192.86338572984,"[0.3333333333333333, 0.3333333333333333, 0.3333333333333333]"
2931,435.7235702021524,592101.9375617348,"[0.3333333333333333, 0.3333333333333333, 0.3333333333333333]"
2932,88.36756290017057,528259.8633636709,"[0.3333333333333333, 0.3333333333333333, 0.3333333333333333]"
2933,481.9614031750479,581235.7056587592,"[0.3333333333333333, 0.3333333333333333, 0.3333333333333333]"
2934,73.74140728239001,353218.43678934337,"[0.3333333333333333, 0.3333333333333333, 0.3333333333333333]"
2935,688.1698080618755,762130.234003485,"[0.3333333333333333, 0.3333333333333333, 0.3333333333333333]"
2936,932.2778486890107,292467.140304872,"[0.3333333333333333, 0.3333333333333333, 0.3333333333333333]"
2937,206.09107648121008,548454.2647622542,"[0.3333333333333333, 0.3333333333333333, 0.3333333333333333]"
2938,493.5845033887967,890963.4345642845,"[0.3333333333333333, 0.3333333333333333, 0.3333333333333333]"
2939,380.9863228133696,489758.5693929501,"[0.3333333333333333, 0.3333333333333333, 0.3333333333333333]"
2940,488.5276968225761,557217.2531593996,"[0.3333333333333333, 0.3333333333333333, 0.3333333333333333]"
2941,939.2551158130079,313161.6577079308,"[0.3333333333333333, 0.3333333333333333, 0.3333333333333333]"
2942,327.9046845507929,247814.88875085404,"[0.3333333333333333, 0.3333333333333333, 0.3333333333333333]"
2943,606.6185766924141,235026.9632601802,"[0.3333333333333333, 0.3333333333333333, 0.3333333333333333]"
2944,435.31015615663375,878936.6961611011,"[0.3333333333333333, 0.3333333333333333, 0.3333333333333333]"
2945,214.5220141800452,352229.28937833034,"[0.3333333333333333, 0.3333333333333333, 0.3333333333333333]"
2946,160.30351516730195,983093.9263756741,"[0.3333333333333333, 0.3333333333333333, 0.3333333333333333]"
2947,863.3739245557055,286094.5435151326,"[0.3333333333333333, 0.3333333333333333, 0.3333333333333333]"
2948,476.12741688228164,330945.0909405978,"[0.3333333333333333, 0.3333333333333333, 0.3333333333333333]"
2949,652.3078969128399,647997.6404878021,"[0.3333333333333333, 0.3333333333333333, 0.3333333333333333]"
2950,723.3645362923038,751578.4590449845,"[0.3333333333333333, 0.3333333333333333, 0.3333333333333333]"
2951,970.5911870525014,231023.65599915694,"[0.3333333333333333, 0.3333333333333333, 0.3333333333333333]"
2952,200.41707841698778,110278.7259173753,"[0.3333333333333333, 0.3333333333333333, 0.3333333333333333]"
2953,615.3519533115245,404826.43163222505,"[0.3333333333333333, 0.3333333333333333, 0.3333333333333333]"
2954,591.1255034444213,400712.1398464556,"[0.3333333333333333, 0.3333333333333333, 0.3333333333333333]"
2955,572.1411439379493,292232.17692726257,"[0.3333333333333333, 0.3333333333333333, 0.3333333333333333]"
2956,499.36107331335035,351934.29076288943,"[0.3333333333333333, 0.3333333333333333, 0.3333333333333333]"
2957,986.8178030525605,999575.9043895327,"[0.3333333333333333, 0.3333333333333333, 0.3333333333333333]"
2958,453.8619883605908,875261.9393903838,"[0.3333333333333333, 0.3333333333333333, 0.3333333333333333]"
2959,895.070529127778,193794.30129048304,"[0.3333333333333333, 0.3333333333333333, 0.3333333333333333]"
2960,699.9146901579725,204905.34563229748,"[0.3333333333333333, 0.3333333333333333, 0.3333333333333333]"
2961,98.65991494917941,236260.55302401618,"[0.3333333333333333, 0.3333333333333333, 0.3333333333333333]"
2962,805.8568029152252,110793.19148989001,"[0.3333333333333333, 0.3333333333333333, 0.3333333333333333]"
2963,822.6165106386942,321801.59587565163,"[0.3333333333333333, 0.3333333333333333, 0.3333333333333333]"
2964,244.39045016656937,144783.07051412365,"[0.3333333333333333, 0.3333333333333333, 0.3333333333333333]"
2965,797.1947960413461,997457.6030434131,"[0.3333333333333333, 0.3333333333333333, 0.3333333333333333]"
2966,860.4091320036682,119381.73389685975,"[0.3333333333333333, 0.3333333333333333, 0.3333333333333333]"
2967,981.0056942467576,463296.7384942179,"[0.3333333333333333, 0.3333333333333333, 0.3333333333333333]"
2968,642.9888069715565,737085.580883028,"[0.3333333333333333, 0.3333333333333333, 0.3333333333333333]"
2969,462.9937169020657,655335.4076387272,"[0.3333333333333333, 0.3333333333333333, 0.3333333333333333]"
2970,148.68907795336736,955071.8108760514,"[0.3333333333333333, 0.3333333333333333, 0.3333333333333333]"
2971,349.25105353376154,702172.1078854277,"[0.3333333333333333, 0.3333333333333333, 0.3333333333333333]"
2972,36.68679261800735,314577.7960498345,"[0.3333333333333333, 0.3333333333333333, 0.3333333333333333]"
2973,605.2940306707994,958640.5788094519,"[0.3333333333333333, 0.3333333333333333, 0.3333333333333333]"
2974,990.2489141462675,323934.3624385299,"[0.3333333333333333, 0.3333333333333333, 0.3333333333333333]"
2975,15.817540727185715,774314.4382662146,"[0.3333333333333333, 0.3333333333333333, 0.3333333333333333]"
2976,306.67185365392595,842263.0046201939,"[0.3333333333333333, 0.3333333333333333, 0.3333333333333333]"
2977,655.8288415019459,308906.5620037436,"[0.3333333333333333, 0.3333333333333333, 0.3333333333333333]"
2978,473.16483277909157,981911.5769632439,"[0.3333333333333333, 0.3333333333333333, 0.3333333333333333]"
2979,664.3048913509178,834191.5688609721,"[0.3333333333333333, 0.3333333333333333, 0.3333333333333333]"
2980,292.41942040821175,376215.2146707483,"[0.3333333333333333, 0.3333333333333333, 0.3333333333333333]"
2981,169.30207865727763,128196.79417021855,"[0.3333333333333333, 0.3333333333333333, 0.3333333333333333]"
2982,238.1102555002775,451868.92971182894,"[0.3333333333333333, 0.3333333333333333, 0.3333333333333333]"
2983,18.40610262770211,511196.9172216051,"[0.3333333333333333, 0.3333333333333333, 0.3333333333333333]"
2984,822.5137142358328,679337.3166114262,"[0.3333333333333333, 0.3333333333333333, 0.3333333333333333]"
2985,604.2062424291589,546083.1510419061,"[0.3333333333333333, 0.3333333333333333, 0.3333333333333333]"
2986,963.3418228642375,420550.85064467945,"[0.3333333333333333, 0.3333333333333333, 0.3333333333333333]"
2987,63.408397613732454,791648.9161485081,"[0.3333333333333333, 0.3333333333333333, 0.3333333333333333]"
2988,87.40971027426191,581956.6742602844,"[0.3333333333333333, 0.3333333333333333, 0.3333333333333333]"
2989,48.12996172511652,862358.5435656097,"[0.3333333333333333, 0.3333333333333333, 0.3333333333333333]"
2990,346.127976622783,831929.8835446531,"[0.3333333333333333, 0.3333333333333333, 0.3333333333333333]"
2991,183.15971654035883,938026.6895601093,"[0.3333333333333333, 0.3333333333333333, 0.3333333333333333]"
2992,87.57061554954107,748291.3735832365,"[0.3333333333333333, 0.3333333333333333, 0.3333333333333333]"
2993,937.2238614921107,168655.54423993267,"[0.3333333333333333, 0.3333333333333333, 0.3333333333333333]"
2994,619.0044577555077,571401.9685603016,"[0.3333333333333333, 0.3333333333333333, 0.3333333333333333]"
2995,992.8615201636487,801452.500418873,"[0.3333333333333333, 0.3333333333333333, 0.3333333333333333]"
2996,11.23579636984098,544799.9874349837,"[0.3333333333333333, 0.3333333333333333, 0.3333333333333333]"
2997,532.4994982870354,264945.7071634784,"[0.3333333333333333, 0.3333333333333333, 0.3333333333333333]"
2998,603.8483314762203,811657.1792915376,"[0.3333333333333333, 0.3333333333333333, 0.3333333333333333]"
2999,874.8596097344902,292393.40626161685,"[0.3333333333333333, 0.3333333333333333, 0.3333333333333333]"
3000,45.213721221088015,206135.45075594544,"[0.3333333333333333, 0.3333333333333333, 0.3333333333333333]"
3001,636.4843474571078,144268.68386688834,"[0.3333333333333333, 0.3333333333333333, 0.3333333333333333]"
3002,35.25228365571979,672692.1660820646,"[0.3333333333333333, 0.3333333333333333, 0.3333333333333333]"
3003,550.2954687571072,389059.45219653135,"[0.3333333333333333, 0.3333333333333333, 0.3333333333333333]"
3004,222.85658765250503,363308.4495428746,"[0.3333333333333333, 0.3333333333333333, 0.3333333333333333]"
3005,827.3315879850408,927507.4646372524,"[0.3333333333333333, 0.3333333333333333, 0.3333333333333333]"
3006,68.22331097992104,203819.62170544552,"[0.3333333333333333, 0.3333333333333333, 0.3333333333333333]"
3007,872.735011391829,469326.8452630877,"[0.3333333333333333, 0.3333333333333333, 0.3333333333333333]"
3008,148.1272151498772,240846.64628775266,"[0.3333333333333333, 0.3333333333333333, 0.3333333333333333]"
3009,564.3114016453294,221472.07545115895,"[0.3333333333333333, 0.3333333333333333, 0.3333333333333333]"
3010,632.3200377909543,204906.55763755544,"[0.3333333333333333, 0.3333333333333333, 0.3333333333333333]"
3011,524.0474847810104,306704.0682812589,"[0.3333333333333333, 0.3333333333333333, 0.3333333333333333]"
3012,462.8515172802984,153021.2303681419,"[0.3333333333333333, 0.3333333333333333, 0.3333333333333333]"
3013,312.1392660526964,130850.29431224834,"[0.3333333333333333, 0.3333333333333333, 0.3333333333333333]"
3014,731.0058190239248,876146.0545558619,"[0.3333333333333333, 0.3333333333333333, 0.3333333333333333]"
3015,436.54060115225883,806223.2455541883,"[0.3333333333333333, 0.3333333333333333, 0.3333333333333333]"
3016,736.6162929747188,107589.75370500276,"[0.3333333333333333, 0.3333333333333333, 0.3333333333333333]"
3017,887.7478426788053,461849.23797889496,"[0.3333333333333333, 0.3333333333333333, 0.3333333333333333]"
3018,646.9435579980909,186044.55627605936,"[0.3333333333333333, 0.3333333333333333, 0.3333333333333333]"
3019,153.96168986729214,647548.9772297342,"[0.3333333333333333, 0.3333333333333333, 0.3333333333333333]"
3020,814.8033531896467,775124.3550487332,"[0.3333333333333333, 0.3333333333333333, 0.3333333333333333]"
3021,483.1335621265482,852774.4252323013,"[0.3333333333333333, 0.3333333333333333, 0.3333333333333333]"
3022,182.8544807445194,692650.8347362716,"[0.3333333333333333, 0.3333333333333333, 0.3333333333333333]"
3023,452.08678166023105,678790.717985839,"[0.3333333333333333, 0.3333333333333333, 0.3333333333333333]"
3024,817.8027956443696,305715.0635390484,"[0.3333333333333333, 0.3333333333333333, 0.3333333333333333]"
3025,174.60450815603062,118512.827227585,"[0.3333333333333333, 0.3333333333333333, 0.3333333333333333]"
3026,579.1293016997123,554153.5539506157,"[0.3333333333333333, 0.3333333333333333, 0.3333333333333333]"
3027,769.4139398759551,778676.0695091414,"[0.3333333333333333, 0.3333333333333333, 0.3333333333333333]"
3028,488.76695709604394,583039.5342611787,"[0.3333333333333333, 0.3333333333333333, 0.3333333333333333]"
3029,697.5272237254245,984540.4607400772,"[0.3333333333333333, 0.3333333333333333, 0.3333333333333333]"
3030,625.988940569677,247451.57020401667,"[0.3333333333333333, 0.3333333333333333, 0.3333333333333333]"
3031,995.948142383134,543158.1485682621,"[0.3333333333333333, 0.3333333333333333, 0.3333333333333333]"
3032,645.4867692209458,837580.3280077163,"[0.3333333333333333, 0.3333333333333333, 0.3333333333333333]"
3033,702.8646182612139,156107.78545808024,"[0.3333333333333333, 0.3333333333333333, 0.3333333333333333]"
3034,271.06215105654275,928001.6376409789,"[0.3333333333333333, 0.3333333333333333, 0.3333333333333333]"
3035,835.5820407368534,677099.6798230424,"[0.3333333333333333, 0.3333333333333333, 0.3333333333333333]"
3036,862.1218744530668,186717.73016225063,"[0.3333333333333333, 0.3333333333333333, 0.3333333333333333]"
3037,605.3842074421143,227623.6813128225,"[0.3333333333333333, 0.3333333333333333, 0.3333333333333333]"
3038,27.429482046508973,690214.616552819,"[0.3333333333333333, 0.3333333333333333, 0.3333333333333333]"
3039,784.0080553458371,704176.2659266272,"[0.3333333333333333, 0.3333333333333333, 0.3333333333333333]"
3040,437.9943015833822,169678.37086452323,"[0.3333333333333333, 0.3333333333333333, 0.3333333333333333]"
3041,261.99402480387295,839083.5377589767,"[0.3333333333333333, 0.3333333333333333, 0.3333333333333333]"
3042,638.4652928472348,499284.6116378297,"[0.3333333333333333, 0.3333333333333333, 0.3333333333333333]"
3043,596.9216744946687,576864.0904154428,"[0.3333333333333333, 0.3333333333333333, 0.3333333333333333]"
3044,305.67851042308854,558819.1878806528,"[0.3333333333333333, 0.3333333333333333, 0.3333333333333333]"
3045,893.4112092416377,452489.4694636153,"[0.3333333333333333, 0.3333333333333333, 0.3333333333333333]"
3046,609.3307721379149,340627.7651655387,"[0.3333333333333333, 0.3333333333333333, 0.3333333333333333]"
3047,115.10730997661979,481367.31867951766,"[0.3333333333333333, 0.3333333333333333, 0.3333333333333333]"
3048,276.18479394081237,596267.0695107961,"[0.3333333333333333, 0.3333333333333333, 0.3333333333333333]"
3049,358.57936988618883,205749.45766999462,"[0.3333333333333333, 0.3333333333333333, 0.3333333333333333]"
3050,231.26829409793572,356543.4287508151,"[0.3333333333333333, 0.3333333333333333, 0.3333333333333333]"
3051,878.5054587714682,367538.3329999696,"[0.3333333333333333, 0.3333333333333333, 0.3333333333333333]"
3052,548.1267647431946,572033.7572058866,"[0.3333333333333333, 0.3333333333333333, 0.3333333333333333]"
3053,644.1480849259972,153689.63592993413,"[0.3333333333333333, 0.3333333333333333, 0.3333333333333333]"
3054,149.34473615013718,901750.7923633272,"[0.3333333333333333, 0.3333333333333333, 0.3333333333333333]"
3055,894.6916373354136,605988.4179680287,"[0.3333333333333333, 0.3333333333333333, 0.3333333333333333]"
3056,540.8298836628209,573470.1109263713,"[0.3333333333333333, 0.3333333333333333, 0.3333333333333333]"
3057,461.9334856822279,603274.4313187697,"[0.3333333333333333, 0.3333333333333333, 0.3333333333333333]"
3058,485.6092742643024,394297.75804222695,"[0.3333333333333333, 0.3333333333333333, 0.3333333333333333]"
3059,907.3252454236182,335975.1188381404,"[0.3333333333333333, 0.3333333333333333, 0.3333333333333333]"
3060,15.297638749313652,165765.22092701777,"[0.3333333333333333, 0.3333333333333333, 0.3333333333333333]"
3061,101.4435574781669,384951.31660890975,"[0.3333333333333333, 0.3333333333333333, 0.3333333333333333]"
3062,263.30636333642025,703777.4424572184,"[0.3333333333333333, 0.3333333333333333, 0.3333333333333333]"
3063,168.92655313631477,420465.1023974816,"[0.3333333333333333, 0.3333333333333333, 0.3333333333333333]"
3064,11.183835668440773,409405.3252480561,"[0.3333333333333333, 0.3333333333333333, 0.3333333333333333]"
3065,767.7957923064107,192718.5226489613,"[0.3333333333333333, 0.3333333333333333, 0.3333333333333333]"
3066,199.69342333293443,391833.72489736904,"[0.3333333333333333, 0.3333333333333333, 0.3333333333333333]"
3067,123.85331416666664,258008.92119218322,"[0.3333333333333333, 0.3333333333333333, 0.3333333333333333]"
3068,41.687363669051834,651695.0722107952,"[0.3333333333333333, 0.3333333333333333, 0.3333333333333333]"
3069,74.60959564131262,180941.9712925011,"[0.3333333333333333, 0.3333333333333333, 0.3333333333333333]"
3070,57.08315886858687,792203.2841319009,"[0.3333333333333333, 0.3333333333333333, 0.3333333333333333]"
3071,784.4168821622421,109570.2803108175,"[0.3333333333333333, 0.3333333333333333, 0.3333333333333333]"
3072,941.9191230199186,201002.32719754177,"[0.3333333333333333, 0.3333333333333333, 0.3333333333333333]"
3073,932.4937203607823,605736.0612798491,"[0.3333333333333333, 0.3333333333333333, 0.3333333333333333]"
3074,633.5059277793255,417832.34912935446,"[0.3333333333333333, 0.3333333333333333, 0.3333333333333333]"
3075,398.13483203983975,253935.27525793132,"[0.3333333333333333, 0.3333333333333333, 0.3333333333333333]"
3076,395.9513934710829,898995.3517256043,"[0.3333333333333333, 0.3333333333333333, 0.3333333333333333]"
3077,904.4567778120098,224562.81549568375,"[0.3333333333333333, 0.3333333333333333, 0.3333333333333333]"
3078,19.951164753827623,467085.08043243556,"[0.3333333333333333, 0.3333333333333333, 0.3333333333333333]"
3079,318.0072814892693,526694.4099717936,"[0.3333333333333333, 0.3333333333333333, 0.3333333333333333]"
3080,358.29902960765986,565498.3689033813,"[0.3333333333333333, 0.3333333333333333, 0.3333333333333333]"
3081,275.3893874521821,254594.69483056638,"[0.3333333333333333, 0.3333333333333333, 0.3333333333333333]"
3082,248.84527717509732,969871.1074444893,"[0.3333333333333333, 0.3333333333333333, 0.3333333333333333]"
3083,516.6609622226757,329479.5790181182,"[0.3333333333333333, 0.3333333333333333, 0.3333333333333333]"
3084,679.8895526739542,307517.2875235825,"[0.3333333333333333, 0.3333333333333333, 0.3333333333333333]"
3085,276.12380513187554,469288.24929240806,"[0.3333333333333333, 0.3333333333333333, 0.3333333333333333]"
3086,798.194919884711,286588.98918381083,"[0.3333333333333333, 0.3333333333333333, 0.3333333333333333]"
3087,844.5751174842208,259338.74501182753,"[0.3333333333333333, 0.3333333333333333, 0.3333333333333333]"
3088,788.237967878329,697670.3987529624,"[0.3333333333333333, 0.3333333333333333, 0.3333333333333333]"
3089,850.7985518427616,736113.6309530744,"[0.3333333333333333, 0.3333333333333333, 0.3333333333333333]"
3090,381.00167746548203,473186.55985802604,"[0.3333333333333333, 0.3333333333333333, 0.3333333333333333]"
3091,253.4446572285304,930411.7080206884,"[0.3333333333333333, 0.3333333333333333, 0.3333333333333333]"
3092,966.2826560019679,282803.8397457461,"[0.3333333333333333, 0.3333333333333333, 0.3333333333333333]"
3093,142.99839573452107,509721.3562206753,"[0.3333333333333333, 0.3333333333333333, 0.3333333333333333]"
3094,840.5535565482909,679764.0066443776,"[0.3333333333333333, 0.3333333333333333, 0.3333333333333333]"
3095,842.4749793995909,719233.3659960362,"[0.3333333333333333, 0.3333333333333333, 0.3333333333333333]"
3096,407.4241580677091,359417.18362925726,"[0.3333333333333333, 0.3333333333333333, 0.3333333333333333]"
3097,45.06481141876862,100743.16164426085,"[0.3333333333333333, 0.3333333333333333, 0.3333333333333333]"
3098,351.6443140072451,621976.7758612136,"[0.3333333333333333, 0.3333333333333333, 0.3333333333333333]"
3099,95.6322147083468,178327.12020031235,"[0.3333333333333333, 0.3333333333333333, 0.3333333333333333]"
3100,698.8136921685723,567629.8985406156,"[0.3333333333333333, 0.3333333333333333, 0.3333333333333333]"
3101,24.800978208401975,855939.7348647586,"[0.3333333333333333, 0.3333333333333333, 0.3333333333333333]"
3102,350.6618885181739,247326.97918163662,"[0.3333333333333333, 0.3333333333333333, 0.3333333333333333]"
3103,618.3161194056105,372205.0375732882,"[0.3333333333333333, 0.3333333333333333, 0.3333333333333333]"
3104,913.9301562766377,178162.18587403014,"[0.3333333333333333, 0.3333333333333333, 0.3333333333333333]"
3105,725.4286605152632,342734.8440578462,"[0.3333333333333333, 0.3333333333333333, 0.3333333333333333]"
3106,677.7027329610802,653131.9249543272,"[0.3333333333333333, 0.3333333333333333, 0.3333333333333333]"
3107,555.721724565161,976113.331664269,"[0.3333333333333333, 0.3333333333333333, 0.3333333333333333]"
3108,99.64346525844692,644615.7590254422,"[0.3333333333333333, 0.3333333333333333, 0.3333333333333333]"
3109,291.8060896733199,723946.8224993673,"[0.3333333333333333, 0.3333333333333333, 0.3333333333333333]"
3110,489.68389963730215,727477.5094147343,"[0.3333333333333333, 0.3333333333333333, 0.3333333333333333]"
3111,197.2696922882968,902627.258433952,"[0.3333333333333333, 0.3333333333333333, 0.3333333333333333]"
3112,991.0185456596765,777569.0322176084,"[0.3333333333333333, 0.3333333333333333, 0.3333333333333333]"
3113,432.3238746214729,285243.6587820675,"[0.3333333333333333, 0.3333333333333333, 0.3333333333333333]"
3114,268.3307452285501,612786.6521664301,"[0.3333333333333333, 0.3333333333333333, 0.3333333333333333]"
3115,307.9430027943846,976252.3646055727,"[0.3333333333333333, 0.3333333333333333, 0.3333333333333333]"
3116,238.76493083849593,183582.80901818763,"[0.3333333333333333, 0.3333333333333333, 0.3333333333333333]"
3117,722.3027396619135,695556.0660855048,"[0.3333333333333333, 0.3333333333333333, 0.3333333333333333]"
3118,926.4036379390491,155839.1472246422,"[0.3333333333333333, 0.3333333333333333, 0.3333333333333333]"
3119,428.9212079734066,675938.5889343608,"[0.3333333333333333, 0.3333333333333333, 0.3333333333333333]"
3120,53.55919016056092,638220.0578851845,"[0.3333333333333333, 0.3333333333333333, 0.3333333333333333]"
3121,822.5974298073174,908879.6350801577,"[0.3333333333333333, 0.3333333333333333, 0.3333333333333333]"
3122,687.8049169595462,779324.4672484995,"[0.3333333333333333, 0.3333333333333333, 0.3333333333333333]"
3123,795.078229628839,886177.1061366544,"[0.3333333333333333, 0.3333333333333333, 0.3333333333333333]"
3124,982.9438601710089,782985.3310764731,"[0.3333333333333333, 0.3333333333333333, 0.3333333333333333]"
3125,954.500902176045,466701.4974812818,"[0.3333333333333333, 0.3333333333333333, 0.3333333333333333]"
3126,297.8795860622451,259939.73374205045,"[0.3333333333333333, 0.3333333333333333, 0.3333333333333333]"
3127,357.055510815038,905579.4935179339,"[0.3333333333333333, 0.3333333333333333, 0.3333333333333333]"
3128,564.4665109233498,567746.1131052121,"[0.3333333333333333, 0.3333333333333333, 0.3333333333333333]"
3129,324.9807358623798,198799.06963906926,"[0.3333333333333333, 0.3333333333333333, 0.3333333333333333]"
3130,733.7913733438625,670484.2899866846,"[0.3333333333333333, 0.3333333333333333, 0.3333333333333333]"
3131,988.34819398171,916008.9512975342,"[0.3333333333333333, 0.3333333333333333, 0.3333333333333333]"
3132,21.56662943264098,254576.4477718037,"[0.3333333333333333, 0.3333333333333333, 0.3333333333333333]"
3133,566.4573597038936,727077.4193990625,"[0.3333333333333333, 0.3333333333333333, 0.3333333333333333]"
3134,923.2685707581626,541878.8943503953,"[0.3333333333333333, 0.3333333333333333, 0.3333333333333333]"
3135,291.01919565217764,121946.69259723336,"[0.3333333333333333, 0.3333333333333333, 0.3333333333333333]"
3136,185.19013225116478,550173.5973050221,"[0.3333333333333333, 0.3333333333333333, 0.3333333333333333]"
3137,773.605217743712,738831.7787875573,"[0.3333333333333333, 0.3333333333333333, 0.3333333333333333]"
3138,54.49141829731628,980788.6139865696,"[0.3333333333333333, 0.3333333333333333, 0.3333333333333333]"
3139,769.9599861790739,260480.01418867332,"[0.3333333333333333, 0.3333333333333333, 0.3333333333333333]"
3140,942.0365326330611,902212.4641433572,"[0.3333333333333333, 0.3333333333333333, 0.3333333333333333]"
3141,70.22111336928359,638566.0223256041,"[0.3333333333333333, 0.3333333333333333, 0.3333333333333333]"
3142,412.3293990136635,384740.6783924042,"[0.3333333333333333, 0.3333333333333333, 0.3333333333333333]"
3143,15.503184607556232,750155.146890489,"[0.3333333333333333, 0.3333333333333333, 0.3333333333333333]"
3144,259.5612029817603,219039.59359930438,"[0.3333333333333333, 0.3333333333333333, 0.3333333333333333]"
3145,708.9328515640013,910112.437280949,"[0.3333333333333333, 0.3333333333333333, 0.3333333333333333]"
3146,534.0796462792503,886495.3091055554,"[0.3333333333333333, 0.3333333333333333, 0.3333333333333333]"
3147,451.84795369323473,710669.6703771098,"[0.3333333333333333, 0.3333333333333333, 0.3333333333333333]"
3148,401.4204498220069,536156.8652725907,"[0.3333333333333333, 0.3333333333333333, 0.3333333333333333]"
3149,623.0348576128979,832091.8134451741,"[0.3333333333333333, 0.3333333333333333, 0.3333333333333333]"
3150,760.0403217997533,632283.1755709371,"[0.3333333333333333, 0.3333333333333333, 0.3333333333333333]"
3151,957.2364472898988,988101.3654663615,"[0.3333333333333333, 0.3333333333333333, 0.3333333333333333]"
3152,342.36188988992643,471050.1061698244,"[0.3333333333333333, 0.3333333333333333, 0.3333333333333333]"
3153,204.65750262345298,176357.95666666472,"[0.3333333333333333, 0.3333333333333333, 0.3333333333333333]"
3154,988.3269897542684,671116.1409465631,"[0.3333333333333333, 0.3333333333333333, 0.3333333333333333]"
3155,707.9274819756403,859494.7702720544,"[0.3333333333333333, 0.3333333333333333, 0.3333333333333333]"
3156,539.9908659814058,953885.045410447,"[0.3333333333333333, 0.3333333333333333, 0.3333333333333333]"
3157,979.6013791132816,398654.55720909225,"[0.3333333333333333, 0.3333333333333333, 0.3333333333333333]"
3158,407.2991118461735,970394.7546769275,"[0.3333333333333333, 0.3333333333333333, 0.3333333333333333]"
3159,118.46146312009137,330848.1351855763,"[0.3333333333333333, 0.3333333333333333, 0.3333333333333333]"
3160,191.79040641989337,672194.2460913215,"[0.3333333333333333, 0.3333333333333333, 0.3333333333333333]"
3161,598.7173529147302,581950.4541316626,"[0.3333333333333333, 0.3333333333333333, 0.3333333333333333]"
3162,377.7688795565292,467405.10067916237,"[0.3333333333333333, 0.3333333333333333, 0.3333333333333333]"
3163,615.2273482263524,178282.31658905692,"[0.3333333333333333, 0.3333333333333333, 0.3333333333333333]"
3164,887.2312893573525,311617.60412904905,"[0.3333333333333333, 0.3333333333333333, 0.3333333333333333]"
3165,262.47092944061416,978243.1005524606,"[0.3333333333333333, 0.3333333333333333, 0.3333333333333333]"
3166,470.1063603020791,267425.052341106,"[0.3333333333333333, 0.3333333333333333, 0.3333333333333333]"
3167,327.77095453487493,514402.59745702887,"[0.3333333333333333, 0.3333333333333333, 0.3333333333333333]"
3168,926.8637911968442,191102.87986354472,"[0.3333333333333333, 0.3333333333333333, 0.3333333333333333]"
3169,430.6401498633388,396343.1565236843,"[0.3333333333333333, 0.3333333333333333, 0.3333333333333333]"
3170,444.2947469486472,617439.7334234191,"[0.3333333333333333, 0.3333333333333333, 0.3333333333333333]"
3171,376.46777708086444,400562.9012056858,"[0.3333333333333333, 0.3333333333333333, 0.3333333333333333]"
3172,212.93766384986145,764678.6447886439,"[0.3333333333333333, 0.3333333333333333, 0.3333333333333333]"
3173,362.90948205246974,813744.9030671346,"[0.3333333333333333, 0.3333333333333333, 0.3333333333333333]"
3174,898.8432688963933,437770.335028496,"[0.3333333333333333, 0.3333333333333333, 0.3333333333333333]"
3175,988.3628205974251,374076.9152984017,"[0.3333333333333333, 0.3333333333333333, 0.3333333333333333]"
3176,897.3876697778693,566065.9400329499,"[0.3333333333333333, 0.3333333333333333, 0.3333333333333333]"
3177,660.0350219528628,953852.4217701418,"[0.3333333333333333, 0.3333333333333333, 0.3333333333333333]"
3178,348.6150165400684,918335.4896702147,"[0.3333333333333333, 0.3333333333333333, 0.3333333333333333]"
3179,766.3091885370206,981531.7677134052,"[0.3333333333333333, 0.3333333333333333, 0.3333333333333333]"
3180,559.9980919355207,209320.68095300344,"[0.3333333333333333, 0.3333333333333333, 0.3333333333333333]"
3181,324.8851608629462,873090.1254496998,"[0.3333333333333333, 0.3333333333333333, 0.3333333333333333]"
3182,403.2032012438415,925572.3907498722,"[0.3333333333333333, 0.3333333333333333, 0.3333333333333333]"
3183,301.7939348225791,768820.1824715124,"[0.3333333333333333, 0.3333333333333333, 0.3333333333333333]"
3184,788.8086162277447,253270.2221402602,"[0.3333333333333333, 0.3333333333333333, 0.3333333333333333]"
3185,141.03310427464345,948547.1241969297,"[0.3333333333333333, 0.3333333333333333, 0.3333333333333333]"
3186,733.9832488199377,850369.1531017062,"[0.3333333333333333, 0.3333333333333333, 0.3333333333333333]"
3187,798.0231680099431,601227.7189476683,"[0.3333333333333333, 0.3333333333333333, 0.3333333333333333]"
3188,484.443235941287,154713.6431408356,"[0.3333333333333333, 0.3333333333333333, 0.3333333333333333]"
3189,742.5425437229901,103265.09061684254,"[0.3333333333333333, 0.3333333333333333, 0.3333333333333333]"
3190,773.3786416233903,216170.9522647838,"[0.3333333333333333, 0.3333333333333333, 0.3333333333333333]"
3191,273.45636433670063,264701.61305321724,"[0.3333333333333333, 0.3333333333333333, 0.3333333333333333]"
3192,448.20388891255266,194959.9879116329,"[0.3333333333333333, 0.3333333333333333, 0.3333333333333333]"
3193,539.5157450828117,218774.78507957628,"[0.3333333333333333, 0.3333333333333333, 0.3333333333333333]"
3194,646.1778052314113,577249.5735448666,"[0.3333333333333333, 0.3333333333333333, 0.3333333333333333]"
3195,121.33826558148553,266439.83061970444,"[0.3333333333333333, 0.3333333333333333, 0.3333333333333333]"
3196,35.26210682450778,989552.0815250068,"[0.3333333333333333, 0.3333333333333333, 0.3333333333333333]"
3197,44.68384288863314,233383.61518835908,"[0.3333333333333333, 0.3333333333333333, 0.3333333333333333]"
3198,723.4390544660151,815121.8632754106,"[0.3333333333333333, 0.3333333333333333, 0.3333333333333333]"
3199,561.9448540650561,127610.89254150752,"[0.3333333333333333, 0.3333333333333333, 0.3333333333333333]"
3200,348.9346683143838,131455.16934675816,"[0.3333333333333333, 0.3333333333333333, 0.3333333333333333]"
3201,933.6316857863443,951405.9485551324,"[0.3333333333333333, 0.3333333333333333, 0.3333333333333333]"
3202,74.71116987488553,488811.703005029,"[0.3333333333333333, 0.3333333333333333, 0.3333333333333333]"
3203,852.5693999151024,486736.5180273977,"[0.3333333333333333, 0.3333333333333333, 0.3333333333333333]"
3204,355.25434106822985,924574.1057426772,"[0.3333333333333333, 0.3333333333333333, 0.3333333333333333]"
3205,691.3964441768352,753014.3278374538,"[0.3333333333333333, 0.3333333333333333, 0.3333333333333333]"
3206,825.3251470280625,518208.40182945115,"[0.3333333333333333, 0.3333333333333333, 0.3333333333333333]"
3207,749.409139721001,641520.7004114462,"[0.3333333333333333, 0.3333333333333333, 0.3333333333333333]"
3208,203.03589700205666,874657.6750745139,"[0.3333333333333333, 0.3333333333333333, 0.3333333333333333]"
3209,388.34273013944187,372805.8362633554,"[0.3333333333333333, 0.3333333333333333, 0.3333333333333333]"
3210,28.098674983722375,246198.58378617614,"[0.3333333333333333, 0.3333333333333333, 0.3333333333333333]"
3211,882.992176443342,598603.8545857123,"[0.3333333333333333, 0.3333333333333333, 0.3333333333333333]"
3212,778.8343155617645,467127.53358713276,"[0.3333333333333333, 0.3333333333333333, 0.3333333333333333]"
3213,258.9829543086636,944577.6509814654,"[0.3333333333333333, 0.3333333333333333, 0.3333333333333333]"
3214,298.0799828975575,679100.8133032119,"[0.3333333333333333, 0.3333333333333333, 0.3333333333333333]"
3215,643.0117328684181,346449.43053763395,"[0.3333333333333333, 0.3333333333333333, 0.3333333333333333]"
3216,959.5316340863957,860059.9679558965,"[0.3333333333333333, 0.3333333333333333, 0.3333333333333333]"
3217,984.9159077287557,188134.53399489625,"[0.3333333333333333, 0.3333333333333333, 0.3333333333333333]"
3218,286.3767891114733,282423.4090870354,"[0.3333333333333333, 0.3333333333333333, 0.3333333333333333]"
3219,287.45237506762714,323672.2589748561,"[0.3333333333333333, 0.3333333333333333, 0.3333333333333333]"
3220,351.32030157437623,707507.8995939078,"[0.3333333333333333, 0.3333333333333333, 0.3333333333333333]"
3221,595.4339213233392,773668.2213777751,"[0.3333333333333333, 0.3333333333333333, 0.3333333333333333]"
3222,850.8160061955266,518615.9555985754,"[0.3333333333333333, 0.3333333333333333, 0.3333333333333333]"
3223,103.10086737543728,119649.20940361847,"[0.3333333333333333, 0.3333333333333333, 0.3333333333333333]"
3224,625.4959968357476,790417.8608981217,"[0.3333333333333333, 0.3333333333333333, 0.3333333333333333]"
3225,171.6850282085461,741987.9658746156,"[0.3333333333333333, 0.3333333333333333, 0.3333333333333333]"
3226,244.42826603498295,896714.7455264248,"[0.3333333333333333, 0.3333333333333333, 0.3333333333333333]"
3227,573.0097323487943,202538.84931937943,"[0.3333333333333333, 0.3333333333333333, 0.3333333333333333]"
3228,877.5533964798916,558472.9098271517,"[0.3333333333333333, 0.3333333333333333, 0.3333333333333333]"
3229,938.0857935006183,968164.8142990399,"[0.3333333333333333, 0.3333333333333333, 0.3333333333333333]"
3230,704.1898300798795,461917.4968756822,"[0.3333333333333333, 0.3333333333333333, 0.3333333333333333]"
3231,142.81182123991155,319696.37905860174,"[0.3333333333333333, 0.3333333333333333, 0.3333333333333333]"
3232,59.66716575868556,125830.43178084443,"[0.3333333333333333, 0.3333333333333333, 0.3333333333333333]"
3233,488.4354632012422,576483.1230943421,"[0.3333333333333333, 0.3333333333333333, 0.3333333333333333]"
3234,639.2258856654039,435669.5700124424,"[0.3333333333333333, 0.3333333333333333, 0.3333333333333333]"
3235,88.05751672014486,531116.2076648988,"[0.3333333333333333, 0.3333333333333333, 0.3333333333333333]"
3236,808.3727573662918,364685.2564945214,"[0.3333333333333333, 0.3333333333333333, 0.3333333333333333]"
3237,697.7669183466755,678288.2802208543,"[0.3333333333333333, 0.3333333333333333, 0.3333333333333333]"
3238,360.92709152640515,701392.4565361094,"[0.3333333333333333, 0.3333333333333333, 0.3333333333333333]"
3239,996.9137621352918,697706.1621918993,"[0.3333333333333333, 0.3333333333333333, 0.3333333333333333]"
3240,396.2256447179695,947098.5651598935,"[0.3333333333333333, 0.3333333333333333, 0.3333333333333333]"
3241,591.4172066357617,774583.4156882986,"[0.3333333333333333, 0.3333333333333333, 0.3333333333333333]"
3242,540.6295629900254,542073.1786530789,"[0.3333333333333333, 0.3333333333333333, 0.3333333333333333]"
3243,802.3452145772868,277582.11834881897,"[0.3333333333333333, 0.3333333333333333, 0.3333333333333333]"
3244,478.2768190602795,683153.999342109,"[0.3333333333333333, 0.3333333333333333, 0.3333333333333333]"
3245,143.60614230487448,676638.3418601275,"[0.3333333333333333, 0.3333333333333333, 0.3333333333333333]"
3246,322.18945444071943,202276.31892044423,"[0.3333333333333333, 0.3333333333333333, 0.3333333333333333]"
3247,102.1718799357762,560498.5685967273,"[0.3333333333333333, 0.3333333333333333, 0.3333333333333333]"
3248,135.39529617879617,670737.6636019236,"[0.3333333333333333, 0.3333333333333333, 0.3333333333333333]"
3249,584.4974582569934,518798.0465667206,"[0.3333333333333333, 0.3333333333333333, 0.3333333333333333]"
3250,459.9714879804506,278067.4527544721,"[0.3333333333333333, 0.3333333333333333, 0.3333333333333333]"
3251,787.3490736382475,844599.1588587719,"[0.3333333333333333, 0.3333333333333333, 0.3333333333333333]"
3252,704.4545882212656,274954.67582014157,"[0.3333333333333333, 0.3333333333333333, 0.3333333333333333]"
3253,16.76360326413429,217381.7198356627,"[0.3333333333333333, 0.3333333333333333, 0.3333333333333333]"
3254,884.7896505670539,766045.0798680495,"[0.3333333333333333, 0.3333333333333333, 0.3333333333333333]"
3255,191.7813734550996,960095.0516178539,"[0.3333333333333333, 0.3333333333333333, 0.3333333333333333]"
3256,255.72124841543803,784450.5954930572,"[0.3333333333333333, 0.3333333333333333, 0.3333333333333333]"
3257,84.66746198379947,214016.73795677233,"[0.3333333333333333, 0.3333333333333333, 0.3333333333333333]"
3258,120.53534601274602,600681.3590170855,"[0.3333333333333333, 0.3333333333333333, 0.3333333333333333]"
3259,856.5950070395985,760887.7175659484,"[0.3333333333333333, 0.3333333333333333, 0.3333333333333333]"
3260,815.1759236154486,967659.857502878,"[0.3333333333333333, 0.3333333333333333, 0.3333333333333333]"
3261,203.68170626675268,845992.4868249679,"[0.3333333333333333, 0.3333333333333333, 0.3333333333333333]"
3262,454.91856115582016,423748.08540809836,"[0.3333333333333333, 0.3333333333333333, 0.3333333333333333]"
3263,213.32350993120536,342078.2305749388,"[0.3333333333333333, 0.3333333333333333, 0.3333333333333333]"
3264,776.6314049591467,708237.645548947,"[0.3333333333333333, 0.3333333333333333, 0.3333333333333333]"
3265,741.6411519724161,840901.8048060284,"[0.3333333333333333, 0.3333333333333333, 0.3333333333333333]"
3266,106.13550365802267,488361.52008223784,"[0.3333333333333333, 0.3333333333333333, 0.3333333333333333]"
3267,432.7161722008088,178566.75767738523,"[0.3333333333333333, 0.3333333333333333, 0.3333333333333333]"
3268,651.4237509266917,370672.4752562701,"[0.3333333333333333, 0.3333333333333333, 0.3333333333333333]"
3269,312.73046888052687,514530.1794318099,"[0.3333333333333333, 0.3333333333333333, 0.3333333333333333]"
3270,121.98410488730825,276481.300546223,"[0.3333333333333333, 0.3333333333333333, 0.3333333333333333]"
3271,447.7003045735038,238442.4356334504,"[0.3333333333333333, 0.3333333333333333, 0.3333333333333333]"
3272,91.47804966053661,670850.7374458149,"[0.3333333333333333, 0.3333333333333333, 0.3333333333333333]"
3273,931.7056047306784,269782.3381078369,"[0.3333333333333333, 0.3333333333333333, 0.3333333333333333]"
3274,775.4808416570261,491814.98704021616,"[0.3333333333333333, 0.3333333333333333, 0.3333333333333333]"
3275,937.6754265836047,636563.7612279871,"[0.3333333333333333, 0.3333333333333333, 0.3333333333333333]"
3276,134.00709902578922,478429.74122867547,"[0.3333333333333333, 0.3333333333333333, 0.3333333333333333]"
3277,23.75518426769203,239323.57919906676,"[0.3333333333333333, 0.3333333333333333, 0.3333333333333333]"
3278,490.05902755594025,568968.8833404045,"[0.3333333333333333, 0.3333333333333333, 0.3333333333333333]"
3279,992.2297293117848,511657.0060811619,"[0.3333333333333333, 0.3333333333333333, 0.3333333333333333]"
3280,462.9482761256342,637832.9396898575,"[0.3333333333333333, 0.3333333333333333, 0.3333333333333333]"
3281,331.4937579191584,472164.6411145734,"[0.3333333333333333, 0.3333333333333333, 0.3333333333333333]"
3282,943.0727206344669,734256.3072748523,"[0.3333333333333333, 0.3333333333333333, 0.3333333333333333]"
3283,950.5717907243292,624056.3292792111,"[0.3333333333333333, 0.3333333333333333, 0.3333333333333333]"
3284,512.7519316450916,744793.0964637256,"[0.3333333333333333, 0.3333333333333333, 0.3333333333333333]"
3285,620.2792702347084,602687.3839721034,"[0.3333333333333333, 0.3333333333333333, 0.3333333333333333]"
3286,355.627852305611,437366.01616351487,"[0.3333333333333333, 0.3333333333333333, 0.3333333333333333]"
3287,579.3038841745428,861136.7562842149,"[0.3333333333333333, 0.3333333333333333, 0.3333333333333333]"
3288,855.8536762280654,691155.3782055989,"[0.3333333333333333, 0.3333333333333333, 0.3333333333333333]"
3289,426.51263169456445,120100.41626172597,"[0.3333333333333333, 0.3333333333333333, 0.3333333333333333]"
3290,829.1408326419696,782328.1681600522,"[0.3333333333333333, 0.3333333333333333, 0.3333333333333333]"
3291,71.99981712366731,960728.7667960988,"[0.3333333333333333, 0.3333333333333333, 0.3333333333333333]"
3292,488.0171282944894,173159.44506083126,"[0.3333333333333333, 0.3333333333333333, 0.3333333333333333]"
3293,458.95920567531994,286421.94629414903,"[0.3333333333333333, 0.3333333333333333, 0.3333333333333333]"
3294,984.7838504433385,479890.21464443987,"[0.3333333333333333, 0.3333333333333333, 0.3333333333333333]"
3295,20.866717790803527,531378.412733444,"[0.3333333333333333, 0.3333333333333333, 0.3333333333333333]"
3296,267.9465783167526,782182.7678831453,"[0.3333333333333333, 0.3333333333333333, 0.3333333333333333]"
3297,53.00419127545368,390037.9386455653,"[0.3333333333333333, 0.3333333333333333, 0.3333333333333333]"
3298,220.5997697344595,982012.6304409205,"[0.3333333333333333, 0.3333333333333333, 0.3333333333333333]"
3299,528.5025026543855,681960.4778858684,"[0.3333333333333333, 0.3333333333333333, 0.3333333333333333]"
3300,794.8795379797114,406578.82324772485,"[0.3333333333333333, 0.3333333333333333, 0.3333333333333333]"
3301,207.49572043978,771175.1261431596,"[0.3333333333333333, 0.3333333333333333, 0.3333333333333333]"
3302,299.1855140638017,740638.8958318952,"[0.3333333333333333, 0.3333333333333333, 0.3333333333333333]"
3303,332.9975719113084,522848.53434447106,"[0.3333333333333333, 0.3333333333333333, 0.3333333333333333]"
3304,534.023220043871,603486.0204953522,"[0.3333333333333333, 0.3333333333333333, 0.3333333333333333]"
3305,771.1924209216533,508277.88075486856,"[0.3333333333333333, 0.3333333333333333, 0.3333333333333333]"
3306,576.2103980758142,844570.2121138135,"[0.3333333333333333, 0.3333333333333333, 0.3333333333333333]"
3307,921.1729009257793,401338.6521410415,"[0.3333333333333333, 0.3333333333333333, 0.3333333333333333]"
3308,772.9704165485142,439288.9194045849,"[0.3333333333333333, 0.3333333333333333, 0.3333333333333333]"
3309,288.47961484958046,396316.50208924623,"[0.3333333333333333, 0.3333333333333333, 0.3333333333333333]"
3310,585.6158182280743,342071.1422293897,"[0.3333333333333333, 0.3333333333333333, 0.3333333333333333]"
3311,841.4109433962899,797969.944039781,"[0.3333333333333333, 0.3333333333333333, 0.3333333333333333]"
3312,369.86171389793753,225469.53576808563,"[0.3333333333333333, 0.3333333333333333, 0.3333333333333333]"
3313,737.5513034683668,203175.23683929385,"[0.3333333333333333, 0.3333333333333333, 0.3333333333333333]"
3314,548.184130169507,790020.1685867108,"[0.3333333333333333, 0.3333333333333333, 0.3333333333333333]"
3315,824.0403274036715,493005.5004105265,"[0.3333333333333333, 0.3333333333333333, 0.3333333333333333]"
3316,289.68585928008827,324293.77887875354,"[0.3333333333333333, 0.3333333333333333, 0.3333333333333333]"
3317,538.8875803791066,387253.8851705822,"[0.3333333333333333, 0.3333333333333333, 0.3333333333333333]"
3318,812.0618435571748,769091.0363078248,"[0.3333333333333333, 0.3333333333333333, 0.3333333333333333]"
3319,891.6978238424514,899668.089567009,"[0.3333333333333333, 0.3333333333333333, 0.3333333333333333]"
3320,687.2458405463657,287909.8607537283,"[0.3333333333333333, 0.3333333333333333, 0.3333333333333333]"
3321,263.577217996412,425477.24326697504,"[0.3333333333333333, 0.3333333333333333, 0.3333333333333333]"
3322,862.3159922778553,743491.4224725616,"[0.3333333333333333, 0.3333333333333333, 0.3333333333333333]"
3323,219.26025814654716,139955.96008704632,"[0.3333333333333333, 0.3333333333333333, 0.3333333333333333]"
3324,157.35880320235592,235571.09231406037,"[0.3333333333333333, 0.3333333333333333, 0.3333333333333333]"
3325,88.60444857405834,734551.8112947452,"[0.3333333333333333, 0.3333333333333333, 0.3333333333333333]"
3326,686.6166958416943,126358.95192662833,"[0.3333333333333333, 0.3333333333333333, 0.3333333333333333]"
3327,514.6718819583193,777968.4153761803,"[0.3333333333333333, 0.3333333333333333, 0.3333333333333333]"
3328,550.1256812804869,197849.25400140777,"[0.3333333333333333, 0.3333333333333333, 0.3333333333333333]"
3329,968.4250555221985,139956.99737132958,"[0.3333333333333333, 0.3333333333333333, 0.3333333333333333]"
3330,49.732647527303186,902036.9290075386,"[0.3333333333333333, 0.3333333333333333, 0.3333333333333333]"
3331,633.2376449578833,945217.4707176945,"[0.3333333333333333, 0.3333333333333333, 0.3333333333333333]"
3332,310.23673692534356,234756.41425456357,"[0.3333333333333333, 0.3333333333333333, 0.3333333333333333]"
3333,155.36517190991475,269070.56439942366,"[0.3333333333333333, 0.3333333333333333, 0.3333333333333333]"
3334,238.29133211291375,889630.4076222342,"[0.3333333333333333, 0.3333333333333333, 0.3333333333333333]"
3335,418.89138538347936,431919.9366552893,"[0.3333333333333333, 0.3333333333333333, 0.3333333333333333]"
3336,664.6800377595277,787481.3974887449,"[0.3333333333333333, 0.3333333333333333, 0.3333333333333333]"
3337,366.5854156268383,514648.1861072579,"[0.3333333333333333, 0.3333333333333333, 0.3333333333333333]"
3338,96.34753183688017,580873.6579026148,"[0.3333333333333333, 0.3333333333333333, 0.3333333333333333]"
3339,163.45239870600687,186468.54564268125,"[0.3333333333333333, 0.3333333333333333, 0.3333333333333333]"
3340,722.509167796544,558040.4723836516,"[0.3333333333333333, 0.3333333333333333, 0.3333333333333333]"
3341,162.55375177680662,802248.317974134,"[0.3333333333333333, 0.3333333333333333, 0.3333333333333333]"
3342,854.6143340273172,738590.1086017566,"[0.3333333333333333, 0.3333333333333333, 0.3333333333333333]"
3343,621.8616619718747,571254.278840954,"[0.3333333333333333, 0.3333333333333333, 0.3333333333333333]"
3344,313.3372133540533,863503.1894544265,"[0.3333333333333333, 0.3333333333333333, 0.3333333333333333]"
3345,169.68175898829335,685791.8378067059,"[0.3333333333333333, 0.3333333333333333, 0.3333333333333333]"
3346,784.3982077826576,927665.1003538991,"[0.3333333333333333, 0.3333333333333333, 0.3333333333333333]"
3347,250.6889868614327,138494.2229829359,"[0.3333333333333333, 0.3333333333333333, 0.3333333333333333]"
3348,582.0412800851333,452638.63174651784,"[0.3333333333333333, 0.3333333333333333, 0.3333333333333333]"
3349,408.6152337239722,966451.8550565643,"[0.3333333333333333, 0.3333333333333333, 0.3333333333333333]"
3350,495.3691462045306,174141.826490144,"[0.3333333333333333, 0.3333333333333333, 0.3333333333333333]"
3351,419.2170972335368,888258.9893068426,"[0.3333333333333333, 0.3333333333333333, 0.3333333333333333]"
3352,606.55376561427,335449.0656905811,"[0.3333333333333333, 0.3333333333333333, 0.3333333333333333]"
3353,627.0323299173037,375643.0611555678,"[0.3333333333333333, 0.3333333333333333, 0.3333333333333333]"
3354,798.758843217159,387369.72505978885,"[0.3333333333333333, 0.3333333333333333, 0.3333333333333333]"
3355,193.28315204862523,183056.4882558415,"[0.3333333333333333, 0.3333333333333333, 0.3333333333333333]"
3356,50.86563088653517,943018.8546999748,"[0.3333333333333333, 0.3333333333333333, 0.3333333333333333]"
3357,229.73742358263164,412301.51362072414,"[0.3333333333333333, 0.3333333333333333, 0.3333333333333333]"
3358,590.4723148892662,200590.8860442316,"[0.3333333333333333, 0.3333333333333333, 0.3333333333333333]"
3359,196.40187860893195,669636.2899296086,"[0.3333333333333333, 0.3333333333333333, 0.3333333333333333]"
3360,218.35238898739965,196017.05013630784,"[0.3333333333333333, 0.3333333333333333, 0.3333333333333333]"
3361,813.0578005203197,203469.5242626084,"[0.3333333333333333, 0.3333333333333333, 0.3333333333333333]"
3362,255.97817499805694,754264.2413761348,"[0.3333333333333333, 0.3333333333333333, 0.3333333333333333]"
3363,968.6223319617294,900022.0598269886,"[0.3333333333333333, 0.3333333333333333, 0.3333333333333333]"
3364,404.0804013343462,345314.70243222616,"[0.3333333333333333, 0.3333333333333333, 0.3333333333333333]"
3365,528.4407756001804,549819.4715462879,"[0.3333333333333333, 0.3333333333333333, 0.3333333333333333]"
3366,128.22639673443754,458671.24341593194,"[0.3333333333333333, 0.3333333333333333, 0.3333333333333333]"
3367,673.4696972941749,284787.47957147914,"[0.3333333333333333, 0.3333333333333333, 0.3333333333333333]"
3368,982.999444943226,855613.7963283479,"[0.3333333333333333, 0.3333333333333333, 0.3333333333333333]"
3369,948.7771992454062,927179.4816330015,"[0.3333333333333333, 0.3333333333333333, 0.3333333333333333]"
3370,937.4815646749477,592198.8071894874,"[0.3333333333333333, 0.3333333333333333, 0.3333333333333333]"
3371,769.3053596014407,997929.6730354145,"[0.3333333333333333, 0.3333333333333333, 0.3333333333333333]"
3372,637.6839112780693,784953.2379863032,"[0.3333333333333333, 0.3333333333333333, 0.3333333333333333]"
3373,790.4323234839629,746581.0337353271,"[0.3333333333333333, 0.3333333333333333, 0.3333333333333333]"
3374,196.03382602822276,154052.7559153796,"[0.3333333333333333, 0.3333333333333333, 0.3333333333333333]"
3375,904.6018960886502,211878.16546215338,"[0.3333333333333333, 0.3333333333333333, 0.3333333333333333]"
3376,58.04313322020205,510102.23215259815,"[0.3333333333333333, 0.3333333333333333, 0.3333333333333333]"
3377,76.76676003894357,536296.8661607538,"[0.3333333333333333, 0.3333333333333333, 0.3333333333333333]"
3378,54.52177693293143,202409.83413284394,"[0.3333333333333333, 0.3333333333333333, 0.3333333333333333]"
3379,682.5803711839369,619749.0095086228,"[0.3333333333333333, 0.3333333333333333, 0.3333333333333333]"
3380,918.2944382387452,981854.4723276175,"[0.3333333333333333, 0.3333333333333333, 0.3333333333333333]"
3381,257.80122396446495,753569.6635332918,"[0.3333333333333333, 0.3333333333333333, 0.3333333333333333]"
3382,280.00357912295937,696069.6942233534,"[0.3333333333333333, 0.3333333333333333, 0.3333333333333333]"
3383,128.40266561255692,537732.6216450923,"[0.3333333333333333, 0.3333333333333333, 0.3333333333333333]"
3384,583.4990094918801,354676.8914645004,"[0.3333333333333333, 0.3333333333333333, 0.3333333333333333]"
3385,435.98567982722113,187503.6592222502,"[0.3333333333333333, 0.3333333333333333, 0.3333333333333333]"
3386,526.6839297755193,903549.6383923112,"[0.3333333333333333, 0.3333333333333333, 0.3333333333333333]"
3387,438.6008020240304,944904.6900784118,"[0.3333333333333333, 0.3333333333333333, 0.3333333333333333]"
3388,208.93133904069447,656086.906360213,"[0.3333333333333333, 0.3333333333333333, 0.3333333333333333]"
3389,94.58842672768895,407875.49312996893,"[0.3333333333333333, 0.3333333333333333, 0.3333333333333333]"
3390,245.0951243596197,787025.2173392946,"[0.3333333333333333, 0.3333333333333333, 0.3333333333333333]"
3391,605.176505158033,756697.8351924833,"[0.3333333333333333, 0.3333333333333333, 0.3333333333333333]"
3392,52.2312723650617,609631.8908263897,"[0.3333333333333333, 0.3333333333333333, 0.3333333333333333]"
3393,482.45507187758074,101593.81636597536,"[0.3333333333333333, 0.3333333333333333, 0.3333333333333333]"
3394,962.3877254820576,134118.8965986675,"[0.3333333333333333, 0.3333333333333333, 0.3333333333333333]"
3395,530.3265032288521,844675.3255840314,"[0.3333333333333333, 0.3333333333333333, 0.3333333333333333]"
3396,785.4839883401495,340596.29176358524,"[0.3333333333333333, 0.3333333333333333, 0.3333333333333333]"
3397,615.7565424333551,193190.74632372922,"[0.3333333333333333, 0.3333333333333333, 0.3333333333333333]"
3398,403.04105914058107,769133.3035472734,"[0.3333333333333333, 0.3333333333333333, 0.3333333333333333]"
3399,374.93496749600786,172734.30000156816,"[0.3333333333333333, 0.3333333333333333, 0.3333333333333333]"
3400,213.6602345837525,790253.4408055055,"[0.3333333333333333, 0.3333333333333333, 0.3333333333333333]"
3401,471.5847113815057,200560.89479909264,"[0.3333333333333333, 0.3333333333333333, 0.3333333333333333]"
3402,438.0266422271847,492911.8988283815,"[0.3333333333333333, 0.3333333333333333, 0.3333333333333333]"
3403,300.7551437107487,763001.6138757091,"[0.3333333333333333, 0.3333333333333333, 0.3333333333333333]"
3404,443.2267865626961,382246.29043766874,"[0.3333333333333333, 0.3333333333333333, 0.3333333333333333]"
3405,466.01881780439805,786994.093833399,"[0.3333333333333333, 0.3333333333333333, 0.3333333333333333]"
3406,59.95307815401555,600535.2534476481,"[0.3333333333333333, 0.3333333333333333, 0.3333333333333333]"
3407,226.26508205422465,194145.9437282363,"[0.3333333333333333, 0.3333333333333333, 0.3333333333333333]"
3408,436.60270230034763,986196.7425391446,"[0.3333333333333333, 0.3333333333333333, 0.3333333333333333]"
3409,880.7292790641487,270759.4764040283,"[0.3333333333333333, 0.3333333333333333, 0.3333333333333333]"
3410,871.8323311381553,166343.30060040773,"[0.3333333333333333, 0.3333333333333333, 0.3333333333333333]"
3411,638.8995960385262,872876.2185015968,"[0.3333333333333333, 0.3333333333333333, 0.3333333333333333]"
3412,167.9245246747275,842481.7193153674,"[0.3333333333333333, 0.3333333333333333, 0.3333333333333333]"
3413,179.33443023883686,947835.3595435284,"[0.3333333333333333, 0.3333333333333333, 0.3333333333333333]"
3414,650.0640738002156,738577.4434588104,"[0.3333333333333333, 0.3333333333333333, 0.3333333333333333]"
3415,506.9774334810935,546231.9872986949,"[0.3333333333333333, 0.3333333333333333, 0.3333333333333333]"
3416,296.71802036718907,806534.5185164626,"[0.3333333333333333, 0.3333333333333333, 0.3333333333333333]"
3417,312.42055152872774,720716.3447377904,"[0.3333333333333333, 0.3333333333333333, 0.3333333333333333]"
3418,716.9777219805203,463951.001488478,"[0.3333333333333333, 0.3333333333333333, 0.3333333333333333]"
3419,324.0058844226806,838927.6807319147,"[0.3333333333333333, 0.3333333333333333, 0.3333333333333333]"
3420,619.6620613305473,867166.1007120425,"[0.3333333333333333, 0.3333333333333333, 0.3333333333333333]"
3421,21.991008413146176,181903.1711539523,"[0.3333333333333333, 0.3333333333333333, 0.3333333333333333]"
3422,853.9667772080555,891316.9380988851,"[0.3333333333333333, 0.3333333333333333, 0.3333333333333333]"
3423,610.1218930761853,467623.6185437788,"[0.3333333333333333, 0.3333333333333333, 0.3333333333333333]"
3424,294.9306010578559,972182.913359173,"[0.3333333333333333, 0.3333333333333333, 0.3333333333333333]"
3425,257.02445146496035,548473.7595322747,"[0.3333333333333333, 0.3333333333333333, 0.3333333333333333]"
3426,37.245659838250376,544387.4911998531,"[0.3333333333333333, 0.3333333333333333, 0.3333333333333333]"
3427,959.0759405643095,852935.2136254979,"[0.3333333333333333, 0.3333333333333333, 0.3333333333333333]"
3428,107.81288411301998,855575.2846569485,"[0.3333333333333333, 0.3333333333333333, 0.3333333333333333]"
3429,991.6935374964999,700381.3102117791,"[0.3333333333333333, 0.3333333333333333, 0.3333333333333333]"
3430,570.4896948167096,345334.6790177862,"[0.3333333333333333, 0.3333333333333333, 0.3333333333333333]"
3431,10.683725280312057,610973.7986252289,"[0.3333333333333333, 0.3333333333333333, 0.3333333333333333]"
3432,560.7925020664022,415745.74711452983,"[0.3333333333333333, 0.3333333333333333, 0.3333333333333333]"
3433,352.9389968436568,985144.2513073138,"[0.3333333333333333, 0.3333333333333333, 0.3333333333333333]"
3434,892.253514914194,104189.8829879936,"[0.3333333333333333, 0.3333333333333333, 0.3333333333333333]"
3435,855.3009049220349,139425.501024245,"[0.3333333333333333, 0.3333333333333333, 0.3333333333333333]"
3436,904.8906178209643,856450.4340150702,"[0.3333333333333333, 0.3333333333333333, 0.3333333333333333]"
3437,658.326083060103,959324.444154811,"[0.3333333333333333, 0.3333333333333333, 0.3333333333333333]"
3438,491.46064815396164,996867.8558685854,"[0.3333333333333333, 0.3333333333333333, 0.3333333333333333]"
3439,139.4494749971522,545191.4122170042,"[0.3333333333333333, 0.3333333333333333, 0.3333333333333333]"
3440,153.75326460590043,474269.98369049496,"[0.3333333333333333, 0.3333333333333333, 0.3333333333333333]"
3441,955.9600373562984,845333.2079552284,"[0.3333333333333333, 0.3333333333333333, 0.3333333333333333]"
3442,329.99655000300083,198433.58410485974,"[0.3333333333333333, 0.3333333333333333, 0.3333333333333333]"
3443,203.84797323373454,628012.1690644501,"[0.3333333333333333, 0.3333333333333333, 0.3333333333333333]"
3444,952.7043779601737,352418.2144129191,"[0.3333333333333333, 0.3333333333333333, 0.3333333333333333]"
3445,130.8733670137176,260115.58639220777,"[0.3333333333333333, 0.3333333333333333, 0.3333333333333333]"
3446,647.3642552864322,765393.0349128252,"[0.3333333333333333, 0.3333333333333333, 0.3333333333333333]"
3447,145.90990294720757,860893.168522762,"[0.3333333333333333, 0.3333333333333333, 0.3333333333333333]"
3448,283.31649506610694,460816.5771183159,"[0.3333333333333333, 0.3333333333333333, 0.3333333333333333]"
3449,438.4859445299489,277503.6590917513,"[0.3333333333333333, 0.3333333333333333, 0.3333333333333333]"
3450,328.38131239011256,336274.22590009833,"[0.3333333333333333, 0.3333333333333333, 0.3333333333333333]"
3451,230.24301165505875,781302.0716353044,"[0.3333333333333333, 0.3333333333333333, 0.3333333333333333]"
3452,390.05743371871097,983093.1338687636,"[0.3333333333333333, 0.3333333333333333, 0.3333333333333333]"
3453,472.8278900800401,947950.3475989217,"[0.3333333333333333, 0.3333333333333333, 0.3333333333333333]"
3454,990.7156036511041,843843.8025143169,"[0.3333333333333333, 0.3333333333333333, 0.3333333333333333]"
3455,108.58275101425217,635817.7023832308,"[0.3333333333333333, 0.3333333333333333, 0.3333333333333333]"
3456,189.941871272913,572747.4031989214,"[0.3333333333333333, 0.3333333333333333, 0.3333333333333333]"
3457,819.8991992817773,547970.8536140665,"[0.3333333333333333, 0.3333333333333333, 0.3333333333333333]"
3458,524.6528650169147,856322.2231962694,"[0.3333333333333333, 0.3333333333333333, 0.3333333333333333]"
3459,33.51424225259143,653051.2810573371,"[0.3333333333333333, 0.3333333333333333, 0.3333333333333333]"
3460,935.9192053203574,688094.793006199,"[0.3333333333333333, 0.3333333333333333, 0.3333333333333333]"
3461,549.0395770536031,301082.67636852997,"[0.3333333333333333, 0.3333333333333333, 0.3333333333333333]"
3462,812.2294583233769,428363.824692901,"[0.3333333333333333, 0.3333333333333333, 0.3333333333333333]"
3463,258.7121986211478,475383.4481709554,"[0.3333333333333333, 0.3333333333333333, 0.3333333333333333]"
3464,722.7322465427651,294265.0186490986,"[0.3333333333333333, 0.3333333333333333, 0.3333333333333333]"
3465,704.4638563709183,418933.6493509092,"[0.3333333333333333, 0.3333333333333333, 0.3333333333333333]"
3466,317.05620530522083,320339.87207710603,"[0.3333333333333333, 0.3333333333333333, 0.3333333333333333]"
3467,806.6682249360218,216723.9925097067,"[0.3333333333333333, 0.3333333333333333, 0.3333333333333333]"
3468,282.31319588767605,372328.32615456346,"[0.3333333333333333, 0.3333333333333333, 0.3333333333333333]"
3469,70.90708840002178,955440.9981403548,"[0.3333333333333333, 0.3333333333333333, 0.3333333333333333]"
3470,291.8887979376002,240400.85388219648,"[0.3333333333333333, 0.3333333333333333, 0.3333333333333333]"
3471,998.7874912617189,650717.8552128283,"[0.3333333333333333, 0.3333333333333333, 0.3333333333333333]"
3472,935.670615628587,477640.94899558846,"[0.3333333333333333, 0.3333333333333333, 0.3333333333333333]"
3473,874.7589344242887,651894.0190814317,"[0.3333333333333333, 0.3333333333333333, 0.3333333333333333]"
3474,787.3350215487756,418985.44329395564,"[0.3333333333333333, 0.3333333333333333, 0.3333333333333333]"
3475,780.9840306979213,952323.3610508265,"[0.3333333333333333, 0.3333333333333333, 0.3333333333333333]"
3476,500.66855335775904,682261.2579914825,"[0.3333333333333333, 0.3333333333333333, 0.3333333333333333]"
3477,955.7825002038904,741647.5979103291,"[0.3333333333333333, 0.3333333333333333, 0.3333333333333333]"
3478,534.0436724096636,155508.9455160547,"[0.3333333333333333, 0.3333333333333333, 0.3333333333333333]"
3479,65.36841828561077,417381.4156711084,"[0.3333333333333333, 0.3333333333333333, 0.3333333333333333]"
3480,93.18599313883763,642196.8394923395,"[0.3333333333333333, 0.3333333333333333, 0.3333333333333333]"
3481,566.2326740072776,709873.7463982784,"[0.3333333333333333, 0.3333333333333333, 0.3333333333333333]"
3482,748.1371646058136,325911.0790580483,"[0.3333333333333333, 0.3333333333333333, 0.3333333333333333]"
3483,500.2892584897839,136606.45088382467,"[0.3333333333333333, 0.3333333333333333, 0.3333333333333333]"
3484,603.4618657487895,934116.1559735342,"[0.3333333333333333, 0.3333333333333333, 0.3333333333333333]"
3485,153.26867345742633,428937.49368086556,"[0.3333333333333333, 0.3333333333333333, 0.3333333333333333]"
3486,708.5579960944403,246635.65951273113,"[0.3333333333333333, 0.3333333333333333, 0.3333333333333333]"
3487,300.88695221334604,288803.85135700676,"[0.3333333333333333, 0.3333333333333333, 0.3333333333333333]"
3488,557.3537061642143,776930.0963850813,"[0.3333333333333333, 0.3333333333333333, 0.3333333333333333]"
3489,741.6245737512447,119550.51657475725,"[0.3333333333333333, 0.3333333333333333, 0.3333333333333333]"
3490,292.70022600146,664336.1244452117,"[0.3333333333333333, 0.3333333333333333, 0.3333333333333333]"
3491,856.1339574011444,651872.4253369792,"[0.3333333333333333, 0.3333333333333333, 0.3333333333333333]"
3492,42.04650779256672,755280.8778620948,"[0.3333333333333333, 0.3333333333333333, 0.3333333333333333]"
3493,119.10765400313802,692848.5900820581,"[0.3333333333333333, 0.3333333333333333, 0.3333333333333333]"
3494,940.4186896820919,748594.8593720789,"[0.3333333333333333, 0.3333333333333333, 0.3333333333333333]"
3495,373.7671400189313,918564.640480018,"[0.3333333333333333, 0.3333333333333333, 0.3333333333333333]"
3496,706.6554594599331,500148.78260366083,"[0.3333333333333333, 0.3333333333333333, 0.3333333333333333]"
3497,672.4028747843497,333167.56525855674,"[0.3333333333333333, 0.3333333333333333, 0.3333333333333333]"
3498,14.62719754970589,622157.9464542103,"[0.3333333333333333, 0.3333333333333333, 0.3333333333333333]"
3499,930.0584945619345,858733.4044661905,"[0.3333333333333333, 0.3333333333333333, 0.3333333333333333]"
3500,331.3183838163603,104594.79889586839,"[0.3333333333333333, 0.3333333333333333, 0.3333333333333333]"
3501,151.63359413945736,823703.2484101396,"[0.3333333333333333, 0.3333333333333333, 0.3333333333333333]"
3502,743.3725758196479,552271.1103902871,"[0.3333333333333333, 0.3333333333333333, 0.3333333333333333]"
3503,668.0022154164666,115969.41400126877,"[0.3333333333333333, 0.3333333333333333, 0.3333333333333333]"
3504,778.876217567297,328807.5225126924,"[0.3333333333333333, 0.3333333333333333, 0.3333333333333333]"
3505,112.15406375002026,726124.641487916,"[0.3333333333333333, 0.3333333333333333, 0.3333333333333333]"
3506,866.7184775898648,925390.4676094224,"[0.3333333333333333, 0.3333333333333333, 0.3333333333333333]"
3507,287.32762644869763,456444.1838764965,"[0.3333333333333333, 0.3333333333333333, 0.3333333333333333]"
3508,881.5553606190805,962234.4249666838,"[0.3333333333333333, 0.3333333333333333, 0.3333333333333333]"
3509,911.2037037606356,171390.3868977421,"[0.3333333333333333, 0.3333333333333333, 0.3333333333333333]"
3510,250.06102443928302,327974.790175439,"[0.3333333333333333, 0.3333333333333333, 0.3333333333333333]"
3511,472.05011366679736,351085.6595487518,"[0.3333333333333333, 0.3333333333333333, 0.3333333333333333]"
3512,917.0901019366781,716726.2531565874,"[0.3333333333333333, 0.3333333333333333, 0.3333333333333333]"
3513,512.0721250455088,926909.8099854358,"[0.3333333333333333, 0.3333333333333333, 0.3333333333333333]"
3514,648.1227531578046,430887.09314401494,"[0.3333333333333333, 0.3333333333333333, 0.3333333333333333]"
3515,898.0907023400127,478639.8292963669,"[0.3333333333333333, 0.3333333333333333, 0.3333333333333333]"
3516,791.5111043156411,878478.6042875532,"[0.3333333333333333, 0.3333333333333333, 0.3333333333333333]"
3517,900.4849744099204,203034.59226092004,"[0.3333333333333333, 0.3333333333333333, 0.3333333333333333]"
3518,544.3982968844991,860755.1836462031,"[0.3333333333333333, 0.3333333333333333, 0.3333333333333333]"
3519,843.9559641503058,676826.154635304,"[0.3333333333333333, 0.3333333333333333, 0.3333333333333333]"
3520,708.5922115170134,570279.8266354756,"[0.3333333333333333, 0.3333333333333333, 0.3333333333333333]"
3521,804.2369947344778,482134.7851641137,"[0.3333333333333333, 0.3333333333333333, 0.3333333333333333]"
3522,671.6869930313601,795825.7796179464,"[0.3333333333333333, 0.3333333333333333, 0.3333333333333333]"
3523,418.86531172478584,347045.5945258039,"[0.3333333333333333, 0.3333333333333333, 0.3333333333333333]"
3524,466.2949227560094,468050.9599993192,"[0.3333333333333333, 0.3333333333333333, 0.3333333333333333]"
3525,687.1946583338962,465729.3891703605,"[0.3333333333333333, 0.3333333333333333, 0.3333333333333333]"
3526,682.3099513878567,331056.63236900006,"[0.3333333333333333, 0.3333333333333333, 0.3333333333333333]"
3527,670.8575469415086,702653.2029028378,"[0.3333333333333333, 0.3333333333333333, 0.3333333333333333]"
3528,922.3376972571996,467524.5892350449,"[0.3333333333333333, 0.3333333333333333, 0.3333333333333333]"
3529,503.26563427195134,281346.97621630767,"[0.3333333333333333, 0.3333333333333333, 0.3333333333333333]"
3530,326.6423156578538,662994.385228558,"[0.3333333333333333, 0.3333333333333333, 0.3333333333333333]"
3531,943.0988218209632,282203.3160043392,"[0.3333333333333333, 0.3333333333333333, 0.3333333333333333]"
3532,423.46698047962576,329310.38763822406,"[0.3333333333333333, 0.3333333333333333, 0.3333333333333333]"
3533,774.6624681581973,719129.8922307234,"[0.3333333333333333, 0.3333333333333333, 0.3333333333333333]"
3534,97.57675374261495,861292.2073833395,"[0.3333333333333333, 0.3333333333333333, 0.3333333333333333]"
3535,119.5955561841334,640208.0164221935,"[0.3333333333333333, 0.3333333333333333, 0.3333333333333333]"
3536,250.9304478478636,688500.132131718,"[0.3333333333333333, 0.3333333333333333, 0.3333333333333333]"
3537,674.8316571632419,560691.688909512,"[0.3333333333333333, 0.3333333333333333, 0.3333333333333333]"
3538,962.1771220850908,791943.3229689344,"[0.3333333333333333, 0.3333333333333333, 0.3333333333333333]"
3539,245.06331928168322,550853.7878208307,"[0.3333333333333333, 0.3333333333333333, 0.3333333333333333]"
3540,721.687840992428,117135.45693821771,"[0.3333333333333333, 0.3333333333333333, 0.3333333333333333]"
3541,308.5635934280924,514142.86391510855,"[0.3333333333333333, 0.3333333333333333, 0.3333333333333333]"
3542,194.61638093650672,829508.7293660676,"[0.3333333333333333, 0.3333333333333333, 0.3333333333333333]"
3543,139.85610016158373,522362.62874661596,"[0.3333333333333333, 0.3333333333333333, 0.3333333333333333]"
3544,541.9904972771441,953422.3130952442,"[0.3333333333333333, 0.3333333333333333, 0.3333333333333333]"
3545,894.8346322329649,572088.588562035,"[0.3333333333333333, 0.3333333333333333, 0.3333333333333333]"
3546,608.1180546526183,795637.608228954,"[0.3333333333333333, 0.3333333333333333, 0.3333333333333333]"
3547,335.57856373891485,433612.7354680011,"[0.3333333333333333, 0.3333333333333333, 0.3333333333333333]"
3548,149.9902660580308,441740.2104371626,"[0.3333333333333333, 0.3333333333333333, 0.3333333333333333]"
3549,712.7190997601132,436388.579338394,"[0.3333333333333333, 0.3333333333333333, 0.3333333333333333]"
3550,85.39764226226205,698050.2611953056,"[0.3333333333333333, 0.3333333333333333, 0.3333333333333333]"
3551,313.9577086321729,557813.4101793598,"[0.3333333333333333, 0.3333333333333333, 0.3333333333333333]"
3552,980.7049138982137,250045.54976091115,"[0.3333333333333333, 0.3333333333333333, 0.3333333333333333]"
3553,171.38207491633872,352338.498306517,"[0.3333333333333333, 0.3333333333333333, 0.3333333333333333]"
3554,636.4896443778855,926438.9640206605,"[0.3333333333333333, 0.3333333333333333, 0.3333333333333333]"
3555,821.0475382719274,149263.67081257488,"[0.3333333333333333, 0.3333333333333333, 0.3333333333333333]"
3556,745.8304901952952,268280.6075981623,"[0.3333333333333333, 0.3333333333333333, 0.3333333333333333]"
3557,921.3408085384026,866865.2571834822,"[0.3333333333333333, 0.3333333333333333, 0.3333333333333333]"
3558,216.42819015643198,682194.7884459798,"[0.3333333333333333, 0.3333333333333333, 0.3333333333333333]"
3559,844.1671470888891,661567.2302639439,"[0.3333333333333333, 0.3333333333333333, 0.3333333333333333]"
3560,675.0868971236372,989485.4340895433,"[0.3333333333333333, 0.3333333333333333, 0.3333333333333333]"
3561,897.2512444337727,772601.5728694093,"[0.3333333333333333, 0.3333333333333333, 0.3333333333333333]"
3562,489.37783647716435,293336.244363492,"[0.3333333333333333, 0.3333333333333333, 0.3333333333333333]"
3563,315.62708697757756,620781.0261177893,"[0.3333333333333333, 0.3333333333333333, 0.3333333333333333]"
3564,586.964396787736,329852.01401213463,"[0.3333333333333333, 0.3333333333333333, 0.3333333333333333]"
3565,935.877173163049,553931.5738660162,"[0.3333333333333333, 0.3333333333333333, 0.3333333333333333]"
3566,275.16795485029604,184930.15737067035,"[0.3333333333333333, 0.3333333333333333, 0.3333333333333333]"
3567,737.7448018758932,104204.71202930938,"[0.3333333333333333, 0.3333333333333333, 0.3333333333333333]"
3568,256.64499299331715,984750.0092245004,"[0.3333333333333333, 0.3333333333333333, 0.3333333333333333]"
3569,664.329973017952,190442.47456336446,"[0.3333333333333333, 0.3333333333333333, 0.3333333333333333]"
3570,905.1612597640047,618270.1990844372,"[0.3333333333333333, 0.3333333333333333, 0.3333333333333333]"
3571,806.1412339457038,729459.9197508651,"[0.3333333333333333, 0.3333333333333333, 0.3333333333333333]"
3572,884.7064503897064,361060.2929155678,"[0.3333333333333333, 0.3333333333333333, 0.3333333333333333]"
3573,329.0004358383006,705358.7360238894,"[0.3333333333333333, 0.3333333333333333, 0.3333333333333333]"
3574,543.4273068670386,383216.26815218054,"[0.3333333333333333, 0.3333333333333333, 0.3333333333333333]"
3575,112.55786748527187,184521.3692723075,"[0.3333333333333333, 0.3333333333333333, 0.3333333333333333]"
3576,898.3660615204909,266644.7847183669,"[0.3333333333333333, 0.3333333333333333, 0.3333333333333333]"
3577,590.2252869953121,150272.19439191296,"[0.3333333333333333, 0.3333333333333333, 0.3333333333333333]"
3578,819.9679017864978,605915.4004900822,"[0.3333333333333333, 0.3333333333333333, 0.3333333333333333]"
3579,24.084980717355535,958148.016400776,"[0.3333333333333333, 0.3333333333333333, 0.3333333333333333]"
3580,796.07102080868,576261.0448637712,"[0.3333333333333333, 0.3333333333333333, 0.3333333333333333]"
3581,519.5427477113135,462616.7544232125,"[0.3333333333333333, 0.3333333333333333, 0.3333333333333333]"
3582,185.21762063574454,865520.2305434714,"[0.3333333333333333, 0.3333333333333333, 0.3333333333333333]"
3583,379.2653143468295,694468.0018389837,"[0.3333333333333333, 0.3333333333333333, 0.3333333333333333]"
3584,815.5653047447479,638955.497079743,"[0.3333333333333333, 0.3333333333333333, 0.3333333333333333]"
3585,434.91698255101045,160526.17237117275,"[0.3333333333333333, 0.3333333333333333, 0.3333333333333333]"
3586,786.2093546575286,355229.4165838533,"[0.3333333333333333, 0.3333333333333333, 0.3333333333333333]"
3587,47.517657906514714,634522.3261636205,"[0.3333333333333333, 0.3333333333333333, 0.3333333333333333]"
3588,289.6466091594203,411859.65781407687,"[0.3333333333333333, 0.3333333333333333, 0.3333333333333333]"
3589,873.8511412646571,185917.96189343082,"[0.3333333333333333, 0.3333333333333333, 0.3333333333333333]"
3590,505.4293122479488,404667.8933719058,"[0.3333333333333333, 0.3333333333333333, 0.3333333333333333]"
3591,614.5406791484389,706234.0480340718,"[0.3333333333333333, 0.3333333333333333, 0.3333333333333333]"
3592,611.6119070133562,130104.02396114924,"[0.3333333333333333, 0.3333333333333333, 0.3333333333333333]"
3593,975.2554547309776,454210.01179149165,"[0.3333333333333333, 0.3333333333333333, 0.3333333333333333]"
3594,578.0976213085561,671160.9227679211,"[0.3333333333333333, 0.3333333333333333, 0.3333333333333333]"
3595,95.43158621480035,804316.5546633574,"[0.3333333333333333, 0.3333333333333333, 0.3333333333333333]"
3596,136.0229526782221,930525.3210553286,"[0.3333333333333333, 0.3333333333333333, 0.3333333333333333]"
3597,841.6065117854413,711602.9123835085,"[0.3333333333333333, 0.3333333333333333, 0.3333333333333333]"
3598,210.89314930931724,755366.5950438287,"[0.3333333333333333, 0.3333333333333333, 0.3333333333333333]"
3599,972.0327785069056,318644.8558200049,"[0.3333333333333333, 0.3333333333333333, 0.3333333333333333]"
3600,978.3028203590993,815473.930858599,"[0.3333333333333333, 0.3333333333333333, 0.3333333333333333]"
3601,837.9078575377969,106257.36297003875,"[0.3333333333333333, 0.3333333333333333, 0.3333333333333333]"
3602,371.35686025119804,462442.4363989907,"[0.3333333333333333, 0.3333333333333333, 0.3333333333333333]"
3603,319.2721566481895,104504.87976973379,"[0.3333333333333333, 0.3333333333333333, 0.3333333333333333]"
3604,355.52684730791043,197069.93146378273,"[0.3333333333333333, 0.3333333333333333, 0.3333333333333333]"
3605,683.930302515257,943886.1983286794,"[0.3333333333333333, 0.3333333333333333, 0.3333333333333333]"
3606,426.087430373901,385855.70237936755,"[0.3333333333333333, 0.3333333333333333, 0.3333333333333333]"
3607,298.7399263369886,942481.1314775627,"[0.3333333333333333, 0.3333333333333333, 0.3333333333333333]"
3608,632.8611319812932,182800.42131448898,"[0.3333333333333333, 0.3333333333333333, 0.3333333333333333]"
3609,729.0162846242504,211238.8303329851,"[0.3333333333333333, 0.3333333333333333, 0.3333333333333333]"
3610,710.2303344817633,257828.22082030383,"[0.3333333333333333, 0.3333333333333333, 0.3333333333333333]"
3611,571.0665594259108,807296.4215032946,"[0.3333333333333333, 0.3333333333333333, 0.3333333333333333]"
3612,476.71083369769997,401355.50141234405,"[0.3333333333333333, 0.3333333333333333, 0.3333333333333333]"
3613,949.1619468707715,615233.1791924231,"[0.3333333333333333, 0.3333333333333333, 0.3333333333333333]"
3614,19.777508844100417,835708.3336391393,"[0.3333333333333333, 0.3333333333333333, 0.3333333333333333]"
3615,784.7442832016275,969734.1895466187,"[0.3333333333333333, 0.3333333333333333, 0.3333333333333333]"
3616,372.4077420447699,780319.8704239018,"[0.3333333333333333, 0.3333333333333333, 0.3333333333333333]"
3617,878.2807697982952,689939.9854866401,"[0.3333333333333333, 0.3333333333333333, 0.3333333333333333]"
3618,11.466164609686293,213852.71332177502,"[0.3333333333333333, 0.3333333333333333, 0.3333333333333333]"
3619,419.76799747963224,633118.8542613155,"[0.3333333333333333, 0.3333333333333333, 0.3333333333333333]"
3620,719.8229702469556,219190.6605276775,"[0.3333333333333333, 0.3333333333333333, 0.3333333333333333]"
3621,731.4058433130969,896746.9889594149,"[0.3333333333333333, 0.3333333333333333, 0.3333333333333333]"
3622,206.69499258474605,357490.7259204964,"[0.3333333333333333, 0.3333333333333333, 0.3333333333333333]"
3623,571.9600447210976,772474.9367067122,"[0.3333333333333333, 0.3333333333333333, 0.3333333333333333]"
3624,473.5651587212685,494423.9573772261,"[0.3333333333333333, 0.3333333333333333, 0.3333333333333333]"
3625,823.7979042137166,924202.3451093051,"[0.3333333333333333, 0.3333333333333333, 0.3333333333333333]"
3626,572.9119669845664,835395.5160499437,"[0.3333333333333333, 0.3333333333333333, 0.3333333333333333]"
3627,355.00579778507444,565409.3481755012,"[0.3333333333333333, 0.3333333333333333, 0.3333333333333333]"
3628,818.1801780698404,744769.4273648926,"[0.3333333333333333, 0.3333333333333333, 0.3333333333333333]"
3629,183.8718846003273,379000.64751597866,"[0.3333333333333333, 0.3333333333333333, 0.3333333333333333]"
3630,586.8575062868541,648050.3112617045,"[0.3333333333333333, 0.3333333333333333, 0.3333333333333333]"
3631,792.3959170527107,200850.49275655468,"[0.3333333333333333, 0.3333333333333333, 0.3333333333333333]"
3632,497.2557916854142,139026.75266828536,"[0.3333333333333333, 0.3333333333333333, 0.3333333333333333]"
3633,431.0931957182493,906083.9702790346,"[0.3333333333333333, 0.3333333333333333, 0.3333333333333333]"
3634,809.1836481163976,379050.73433424917,"[0.3333333333333333, 0.3333333333333333, 0.3333333333333333]"
3635,871.4494105861212,190336.45756852295,"[0.3333333333333333, 0.3333333333333333, 0.3333333333333333]"
3636,408.87937932522254,662524.1238136138,"[0.3333333333333333, 0.3333333333333333, 0.3333333333333333]"
3637,90.84487408192035,770979.0563620232,"[0.3333333333333333, 0.3333333333333333, 0.3333333333333333]"
3638,609.2404540132912,461019.4409135387,"[0.3333333333333333, 0.3333333333333333, 0.3333333333333333]"
3639,526.1441960621253,131703.65980867576,"[0.3333333333333333, 0.3333333333333333, 0.3333333333333333]"
3640,221.2518982516752,417011.95000938774,"[0.3333333333333333, 0.3333333333333333, 0.3333333333333333]"
3641,821.9391941894951,977700.0715398953,"[0.3333333333333333, 0.3333333333333333, 0.3333333333333333]"
3642,66.32431599157081,923802.0645866217,"[0.3333333333333333, 0.3333333333333333, 0.3333333333333333]"
3643,546.2531205568208,462143.07222911675,"[0.3333333333333333, 0.3333333333333333, 0.3333333333333333]"
3644,907.8809692522343,651785.5683125793,"[0.3333333333333333, 0.3333333333333333, 0.3333333333333333]"
3645,250.4669443041904,559367.093985533,"[0.3333333333333333, 0.3333333333333333, 0.3333333333333333]"
3646,34.37778750462483,224083.57861477483,"[0.3333333333333333, 0.3333333333333333, 0.3333333333333333]"
3647,995.4175924882516,149021.25684605323,"[0.3333333333333333, 0.3333333333333333, 0.3333333333333333]"
3648,484.3090658514852,948706.5284973694,"[0.3333333333333333, 0.3333333333333333, 0.3333333333333333]"
3649,20.66850677824706,750931.344013481,"[0.3333333333333333, 0.3333333333333333, 0.3333333333333333]"
3650,852.4313845879893,521542.25449526176,"[0.3333333333333333, 0.3333333333333333, 0.3333333333333333]"
3651,346.1353606327167,551276.0967201829,"[0.3333333333333333, 0.3333333333333333, 0.3333333333333333]"
3652,33.114530714656,180796.4246067049,"[0.3333333333333333, 0.3333333333333333, 0.3333333333333333]"
3653,318.6886640251445,989823.6047641563,"[0.3333333333333333, 0.3333333333333333, 0.3333333333333333]"
3654,449.80981402308845,926464.1073816847,"[0.3333333333333333, 0.3333333333333333, 0.3333333333333333]"
3655,211.15513756674565,888265.1859878021,"[0.3333333333333333, 0.3333333333333333, 0.3333333333333333]"
3656,577.2902435399301,219192.24575274243,"[0.3333333333333333, 0.3333333333333333, 0.3333333333333333]"
3657,301.28707914432295,676377.1158769749,"[0.3333333333333333, 0.3333333333333333, 0.3333333333333333]"
3658,313.40343071861975,459956.1366429482,"[0.3333333333333333, 0.3333333333333333, 0.3333333333333333]"
3659,716.093130305278,173617.48115667456,"[0.3333333333333333, 0.3333333333333333, 0.3333333333333333]"
3660,573.3648517195121,410986.91567688907,"[0.3333333333333333, 0.3333333333333333, 0.3333333333333333]"
3661,763.2550798281983,809544.4096308671,"[0.3333333333333333, 0.3333333333333333, 0.3333333333333333]"
3662,599.8048869150632,389782.1419744652,"[0.3333333333333333, 0.3333333333333333, 0.3333333333333333]"
3663,600.463245588186,470466.22703377623,"[0.3333333333333333, 0.3333333333333333, 0.3333333333333333]"
3664,944.3287438522656,282646.62491826765,"[0.3333333333333333, 0.3333333333333333, 0.3333333333333333]"
3665,162.1905427072002,271972.484686353,"[0.3333333333333333, 0.3333333333333333, 0.3333333333333333]"
3666,36.63682218959049,778682.9481388051,"[0.3333333333333333, 0.3333333333333333, 0.3333333333333333]"
3667,886.8447799662888,754844.3301806086,"[0.3333333333333333, 0.3333333333333333, 0.3333333333333333]"
3668,769.8296007106189,772858.051556312,"[0.3333333333333333, 0.3333333333333333, 0.3333333333333333]"
3669,556.0309926637691,151558.29113465422,"[0.3333333333333333, 0.3333333333333333, 0.3333333333333333]"
3670,739.1259098662764,193950.5513086703,"[0.3333333333333333, 0.3333333333333333, 0.3333333333333333]"
3671,536.1077454297736,860423.6716615488,"[0.3333333333333333, 0.3333333333333333, 0.3333333333333333]"
3672,76.39745220618677,780053.123847037,"[0.3333333333333333, 0.3333333333333333, 0.3333333333333333]"
3673,689.990333733094,664260.987737227,"[0.3333333333333333, 0.3333333333333333, 0.3333333333333333]"
3674,991.8171897983801,227313.9404272447,"[0.3333333333333333, 0.3333333333333333, 0.3333333333333333]"
3675,26.683000080362127,472893.85383123707,"[0.3333333333333333, 0.3333333333333333, 0.3333333333333333]"
3676,942.5298099439938,301436.82330734085,"[0.3333333333333333, 0.3333333333333333, 0.3333333333333333]"
3677,495.18663317207086,643257.3377579837,"[0.3333333333333333, 0.3333333333333333, 0.3333333333333333]"
3678,981.1737144999444,876042.2128200044,"[0.3333333333333333, 0.3333333333333333, 0.3333333333333333]"
3679,305.632666542093,173423.16871987848,"[0.3333333333333333, 0.3333333333333333, 0.3333333333333333]"
3680,821.2078613588504,849852.7239217997,"[0.3333333333333333, 0.3333333333333333, 0.3333333333333333]"
3681,625.8968533204641,903742.7361265402,"[0.3333333333333333, 0.3333333333333333, 0.3333333333333333]"
3682,653.0305405620657,755661.8475266779,"[0.3333333333333333, 0.3333333333333333, 0.3333333333333333]"
3683,759.492556222321,335549.011159965,"[0.3333333333333333, 0.3333333333333333, 0.3333333333333333]"
3684,188.49921800353073,789250.9581310299,"[0.3333333333333333, 0.3333333333333333, 0.3333333333333333]"
3685,482.09735870483803,117242.07204352689,"[0.3333333333333333, 0.3333333333333333, 0.3333333333333333]"
3686,724.1844272456615,212154.85875963073,"[0.3333333333333333, 0.3333333333333333, 0.3333333333333333]"
3687,193.3103396559197,448815.09897891275,"[0.3333333333333333, 0.3333333333333333, 0.3333333333333333]"
3688,811.2966458740455,303070.22975060425,"[0.3333333333333333, 0.3333333333333333, 0.3333333333333333]"
3689,300.4097930762196,717065.4487837632,"[0.3333333333333333, 0.3333333333333333, 0.3333333333333333]"
3690,674.2263558086262,443197.99759688985,"[0.3333333333333333, 0.3333333333333333, 0.3333333333333333]"
3691,953.2305947965712,610893.0057629065,"[0.3333333333333333, 0.3333333333333333, 0.3333333333333333]"
3692,738.5372015274038,177159.01752671716,"[0.3333333333333333, 0.3333333333333333, 0.3333333333333333]"
3693,674.5203513619277,950867.0398849532,"[0.3333333333333333, 0.3333333333333333, 0.3333333333333333]"
3694,106.08709654989926,654040.3364745898,"[0.3333333333333333, 0.3333333333333333, 0.3333333333333333]"
3695,822.066316753453,676195.8867793829,"[0.3333333333333333, 0.3333333333333333, 0.3333333333333333]"
3696,454.3108670147757,647372.062530106,"[0.3333333333333333, 0.3333333333333333, 0.3333333333333333]"
3697,104.32257524472966,610936.0175789793,"[0.3333333333333333, 0.3333333333333333, 0.3333333333333333]"
3698,767.3850783170466,302344.86937558727,"[0.3333333333333333, 0.3333333333333333, 0.3333333333333333]"
3699,303.7812183932246,385090.98235933256,"[0.3333333333333333, 0.3333333333333333, 0.3333333333333333]"
3700,501.63616172930745,422293.82671273494,"[0.3333333333333333, 0.3333333333333333, 0.3333333333333333]"
3701,27.62275651621504,636286.0617113262,"[0.3333333333333333, 0.3333333333333333, 0.3333333333333333]"
3702,644.3772866193929,556108.6653645141,"[0.3333333333333333, 0.3333333333333333, 0.3333333333333333]"
3703,730.8195008829053,856307.8303361809,"[0.3333333333333333, 0.3333333333333333, 0.3333333333333333]"
3704,957.3371047251339,477285.7099666773,"[0.3333333333333333, 0.3333333333333333, 0.3333333333333333]"
3705,453.2997905029133,823250.2046597431,"[0.3333333333333333, 0.3333333333333333, 0.3333333333333333]"
3706,971.5290134483703,979564.2763204579,"[0.3333333333333333, 0.3333333333333333, 0.3333333333333333]"
3707,932.8721453284755,406323.80668679246,"[0.3333333333333333, 0.3333333333333333, 0.3333333333333333]"
3708,234.06912471431068,962785.9717542072,"[0.3333333333333333, 0.3333333333333333, 0.3333333333333333]"
3709,588.2073475182693,671211.1143533984,"[0.3333333333333333, 0.3333333333333333, 0.3333333333333333]"
3710,836.9688892488831,382325.36932762584,"[0.3333333333333333, 0.3333333333333333, 0.3333333333333333]"
3711,377.7452230127082,432740.2222804752,"[0.3333333333333333, 0.3333333333333333, 0.3333333333333333]"
3712,865.5115430478388,552053.2001702313,"[0.3333333333333333, 0.3333333333333333, 0.3333333333333333]"
3713,940.6362699745969,300931.6389331642,"[0.3333333333333333, 0.3333333333333333, 0.3333333333333333]"
3714,290.7310623385883,273077.362810915,"[0.3333333333333333, 0.3333333333333333, 0.3333333333333333]"
3715,881.6740787854862,216998.89831724856,"[0.3333333333333333, 0.3333333333333333, 0.3333333333333333]"
3716,276.1655963919604,673939.9295807362,"[0.3333333333333333, 0.3333333333333333, 0.3333333333333333]"
3717,681.9773725253158,381095.4664923273,"[0.3333333333333333, 0.3333333333333333, 0.3333333333333333]"
3718,617.3690997572423,718967.8684835905,"[0.3333333333333333, 0.3333333333333333, 0.3333333333333333]"
3719,24.405855464599455,607690.2737926566,"[0.3333333333333333, 0.3333333333333333, 0.3333333333333333]"
3720,611.9912420975196,904100.2360746623,"[0.3333333333333333, 0.3333333333333333, 0.3333333333333333]"
3721,355.17345452487876,238156.68421893552,"[0.3333333333333333, 0.3333333333333333, 0.3333333333333333]"
3722,848.8751551624845,404596.82004172617,"[0.3333333333333333, 0.3333333333333333, 0.3333333333333333]"
3723,73.1835906759275,511010.05546550435,"[0.3333333333333333, 0.3333333333333333, 0.3333333333333333]"
3724,37.15996245751825,902886.6056722169,"[0.3333333333333333, 0.3333333333333333, 0.3333333333333333]"
3725,275.3357169001735,797005.7304481036,"[0.3333333333333333, 0.3333333333333333, 0.3333333333333333]"
3726,431.3282551005954,193269.84619070322,"[0.3333333333333333, 0.3333333333333333, 0.3333333333333333]"
3727,313.81903307060554,303474.92236224894,"[0.3333333333333333, 0.3333333333333333, 0.3333333333333333]"
3728,502.7143609617869,275366.48116984294,"[0.3333333333333333, 0.3333333333333333, 0.3333333333333333]"
3729,618.4030536356762,578526.1379413083,"[0.3333333333333333, 0.3333333333333333, 0.3333333333333333]"
3730,870.3562443860355,981624.1099867058,"[0.3333333333333333, 0.3333333333333333, 0.3333333333333333]"
3731,300.98843485735955,300667.55498348956,"[0.3333333333333333, 0.3333333333333333, 0.3333333333333333]"
3732,987.9909328866794,823801.2312462166,"[0.3333333333333333, 0.3333333333333333, 0.3333333333333333]"
3733,879.9851245295293,562372.7711034629,"[0.3333333333333333, 0.3333333333333333, 0.3333333333333333]"
3734,510.8111773173999,416341.33440078935,"[0.3333333333333333, 0.3333333333333333, 0.3333333333333333]"
3735,257.7434057118906,399237.8765845437,"[0.3333333333333333, 0.3333333333333333, 0.3333333333333333]"
3736,151.8220459583548,667776.2056456214,"[0.3333333333333333, 0.3333333333333333, 0.3333333333333333]"
3737,107.33609479013967,266893.2048777593,"[0.3333333333333333, 0.3333333333333333, 0.3333333333333333]"
3738,543.8373661120924,428846.1139778736,"[0.3333333333333333, 0.3333333333333333, 0.3333333333333333]"
3739,858.1763632232806,503968.0874144499,"[0.3333333333333333, 0.3333333333333333, 0.3333333333333333]"
3740,384.35510446400264,557356.2652964919,"[0.3333333333333333, 0.3333333333333333, 0.3333333333333333]"
3741,135.06962965090923,421673.79450656904,"[0.3333333333333333, 0.3333333333333333, 0.3333333333333333]"
3742,714.112917625667,358256.0354224306,"[0.3333333333333333, 0.3333333333333333, 0.3333333333333333]"
3743,927.4543190387295,212024.00768669596,"[0.3333333333333333, 0.3333333333333333, 0.3333333333333333]"
3744,899.2242427892263,182971.3648078705,"[0.3333333333333333, 0.3333333333333333, 0.3333333333333333]"
3745,524.4866551837332,908262.131907799,"[0.3333333333333333, 0.3333333333333333, 0.3333333333333333]"
3746,770.2164004127837,315176.10317649075,"[0.3333333333333333, 0.3333333333333333, 0.3333333333333333]"
3747,73.62186040809303,482119.25965883676,"[0.3333333333333333, 0.3333333333333333, 0.3333333333333333]"
3748,358.2168993739759,469822.9689395953,"[0.3333333333333333, 0.3333333333333333, 0.3333333333333333]"
3749,418.41885499487427,589058.459362943,"[0.3333333333333333, 0.3333333333333333, 0.3333333333333333]"
3750,764.636214432456,310837.60614761023,"[0.3333333333333333, 0.3333333333333333, 0.3333333333333333]"
3751,490.4098357858053,329707.55806481023,"[0.3333333333333333, 0.3333333333333333, 0.3333333333333333]"
3752,144.30514654834067,504354.3764923773,"[0.3333333333333333, 0.3333333333333333, 0.3333333333333333]"
3753,26.445164311628385,969433.7647801252,"[0.3333333333333333, 0.3333333333333333, 0.3333333333333333]"
3754,714.4545941188333,303493.928934515,"[0.3333333333333333, 0.3333333333333333, 0.3333333333333333]"
3755,279.2980772673598,749352.7210005416,"[0.3333333333333333, 0.3333333333333333, 0.3333333333333333]"
3756,998.0117624367385,364889.4205150882,"[0.3333333333333333, 0.3333333333333333, 0.3333333333333333]"
3757,784.6313730856017,311733.1085786634,"[0.3333333333333333, 0.3333333333333333, 0.3333333333333333]"
3758,27.693249723597273,796669.0046390737,"[0.3333333333333333, 0.3333333333333333, 0.3333333333333333]"
3759,393.3156724927661,547294.3028730731,"[0.3333333333333333, 0.3333333333333333, 0.3333333333333333]"
3760,310.6693583975653,794802.3048923406,"[0.3333333333333333, 0.3333333333333333, 0.3333333333333333]"
3761,202.66352891195535,344192.452415982,"[0.3333333333333333, 0.3333333333333333, 0.3333333333333333]"
3762,609.4966557316618,381852.5683889899,"[0.3333333333333333, 0.3333333333333333, 0.3333333333333333]"
3763,308.72873290801,287095.37649190985,"[0.3333333333333333, 0.3333333333333333, 0.3333333333333333]"
3764,33.20620073705545,835477.0160679065,"[0.3333333333333333, 0.3333333333333333, 0.3333333333333333]"
3765,411.9121541476781,789182.4647338694,"[0.3333333333333333, 0.3333333333333333, 0.3333333333333333]"
3766,84.26197141147948,983793.2435752469,"[0.3333333333333333, 0.3333333333333333, 0.3333333333333333]"
3767,842.6878771760362,118082.12650233966,"[0.3333333333333333, 0.3333333333333333, 0.3333333333333333]"
3768,377.9665231173866,933504.3537957121,"[0.3333333333333333, 0.3333333333333333, 0.3333333333333333]"
3769,616.1780980537254,330233.957869243,"[0.3333333333333333, 0.3333333333333333, 0.3333333333333333]"
3770,700.1249966499857,967053.7398703241,"[0.3333333333333333, 0.3333333333333333, 0.3333333333333333]"
3771,116.40253872327702,247177.49257361435,"[0.3333333333333333, 0.3333333333333333, 0.3333333333333333]"
3772,247.35003502082233,219903.97327398503,"[0.3333333333333333, 0.3333333333333333, 0.3333333333333333]"
3773,387.3682003850329,431910.62635859405,"[0.3333333333333333, 0.3333333333333333, 0.3333333333333333]"
3774,170.85371129356065,319041.8431027455,"[0.3333333333333333, 0.3333333333333333, 0.3333333333333333]"
3775,978.3567910732528,411443.7005411399,"[0.3333333333333333, 0.3333333333333333, 0.3333333333333333]"
3776,270.04853883329747,334071.6766394923,"[0.3333333333333333, 0.3333333333333333, 0.3333333333333333]"
3777,767.9999254303831,726198.7961387102,"[0.3333333333333333, 0.3333333333333333, 0.3333333333333333]"
3778,596.2793598427781,681464.3206967379,"[0.3333333333333333, 0.3333333333333333, 0.3333333333333333]"
3779,622.7150065707107,780311.9543742894,"[0.3333333333333333, 0.3333333333333333, 0.3333333333333333]"
3780,463.03082268059967,926720.74777039,"[0.3333333333333333, 0.3333333333333333, 0.3333333333333333]"
3781,626.1762533858431,518589.604491384,"[0.3333333333333333, 0.3333333333333333, 0.3333333333333333]"
3782,153.7956527372747,119040.55227077175,"[0.3333333333333333, 0.3333333333333333, 0.3333333333333333]"
3783,630.2497380401317,835884.3346398309,"[0.3333333333333333, 0.3333333333333333, 0.3333333333333333]"
3784,889.1764416589234,226250.04705620708,"[0.3333333333333333, 0.3333333333333333, 0.3333333333333333]"
3785,813.6872255875323,313021.4352913032,"[0.3333333333333333, 0.3333333333333333, 0.3333333333333333]"
3786,319.62169594808756,742314.2607448327,"[0.3333333333333333, 0.3333333333333333, 0.3333333333333333]"
3787,35.50521825487388,221743.89957881984,"[0.3333333333333333, 0.3333333333333333, 0.3333333333333333]"
3788,379.8494036080465,822832.0327406045,"[0.3333333333333333, 0.3333333333333333, 0.3333333333333333]"
3789,325.7679430870863,731450.1405899554,"[0.3333333333333333, 0.3333333333333333, 0.3333333333333333]"
3790,721.4330913672393,167963.6123316054,"[0.3333333333333333, 0.3333333333333333, 0.3333333333333333]"
3791,336.80416034432545,242530.34568123374,"[0.3333333333333333, 0.3333333333333333, 0.3333333333333333]"
3792,200.1181603132755,460258.93823620764,"[0.3333333333333333, 0.3333333333333333, 0.3333333333333333]"
3793,596.2935171363315,611597.5474712953,"[0.3333333333333333, 0.3333333333333333, 0.3333333333333333]"
3794,314.4313826934225,918786.295962236,"[0.3333333333333333, 0.3333333333333333, 0.3333333333333333]"
3795,932.8289138136636,407205.42157467105,"[0.3333333333333333, 0.3333333333333333, 0.3333333333333333]"
3796,126.10537375176663,982855.267742153,"[0.3333333333333333, 0.3333333333333333, 0.3333333333333333]"
3797,883.1359834065902,705326.316901632,"[0.3333333333333333, 0.3333333333333333, 0.3333333333333333]"
3798,351.15129443050967,672893.9561422925,"[0.3333333333333333, 0.3333333333333333, 0.3333333333333333]"
3799,386.1818418946107,544960.5699858696,"[0.3333333333333333, 0.3333333333333333, 0.3333333333333333]"
3800,573.5421468811315,570489.2896731603,"[0.3333333333333333, 0.3333333333333333, 0.3333333333333333]"
3801,763.7585077254078,871730.7295481843,"[0.3333333333333333, 0.3333333333333333, 0.3333333333333333]"
3802,992.4924487233118,520400.7283431878,"[0.3333333333333333, 0.3333333333333333, 0.3333333333333333]"
3803,944.2787584223635,417048.52001100354,"[0.3333333333333333, 0.3333333333333333, 0.3333333333333333]"
3804,809.9169213221174,877382.8227858383,"[0.3333333333333333, 0.3333333333333333, 0.3333333333333333]"
3805,320.93017398152074,940620.8936404829,"[0.3333333333333333, 0.3333333333333333, 0.3333333333333333]"
3806,689.9084509085709,923204.522204154,"[0.3333333333333333, 0.3333333333333333, 0.3333333333333333]"
3807,111.3183613250634,336774.41092046426,"[0.3333333333333333, 0.3333333333333333, 0.3333333333333333]"
3808,61.27512491779359,620208.6018473592,"[0.3333333333333333, 0.3333333333333333, 0.3333333333333333]"
3809,532.7357928590939,362575.555093277,"[0.3333333333333333, 0.3333333333333333, 0.3333333333333333]"
3810,640.894300224371,990535.3515656563,"[0.3333333333333333, 0.3333333333333333, 0.3333333333333333]"
3811,388.94085377376916,863720.3093278758,"[0.3333333333333333, 0.3333333333333333, 0.3333333333333333]"
3812,478.3573681776017,895486.2631349749,"[0.3333333333333333, 0.3333333333333333, 0.3333333333333333]"
3813,480.0069510983653,103427.50312686324,"[0.3333333333333333, 0.3333333333333333, 0.3333333333333333]"
3814,797.535923206087,904433.3969491798,"[0.3333333333333333, 0.3333333333333333, 0.3333333333333333]"
3815,357.31538801806204,553585.2505161602,"[0.3333333333333333, 0.3333333333333333, 0.3333333333333333]"
3816,963.1975000809399,346143.23004674667,"[0.3333333333333333, 0.3333333333333333, 0.3333333333333333]"
3817,184.22640362599793,315168.9477868235,"[0.3333333333333333, 0.3333333333333333, 0.3333333333333333]"
3818,472.24305551474106,883128.3393303171,"[0.3333333333333333, 0.3333333333333333, 0.3333333333333333]"
3819,360.56148082073145,361735.8659068246,"[0.3333333333333333, 0.3333333333333333, 0.3333333333333333]"
3820,825.0076699217823,807960.6195311525,"[0.3333333333333333, 0.3333333333333333, 0.3333333333333333]"
3821,856.9574961967887,945092.3192212703,"[0.3333333333333333, 0.3333333333333333, 0.3333333333333333]"
3822,407.40220624273985,310145.2867180973,"[0.3333333333333333, 0.3333333333333333, 0.3333333333333333]"
3823,703.9438145346899,536456.6827829793,"[0.3333333333333333, 0.3333333333333333, 0.3333333333333333]"
3824,408.01987880262806,286988.5461992145,"[0.3333333333333333, 0.3333333333333333, 0.3333333333333333]"
3825,859.0142376281619,493491.5363135465,"[0.3333333333333333, 0.3333333333333333, 0.3333333333333333]"
3826,957.8817912702069,794890.4475647898,"[0.3333333333333333, 0.3333333333333333, 0.3333333333333333]"
3827,143.8130028872841,141322.3146312113,"[0.3333333333333333, 0.3333333333333333, 0.3333333333333333]"
3828,569.0021154469399,798991.1673400693,"[0.3333333333333333, 0.3333333333333333, 0.3333333333333333]"
3829,596.1258489494675,897309.3319543004,"[0.3333333333333333, 0.3333333333333333, 0.3333333333333333]"
3830,323.35264016247174,371236.87342073815,"[0.3333333333333333, 0.3333333333333333, 0.3333333333333333]"
3831,585.1182662064158,442582.0797218987,"[0.3333333333333333, 0.3333333333333333, 0.3333333333333333]"
3832,749.8137409958599,378392.1808107906,"[0.3333333333333333, 0.3333333333333333, 0.3333333333333333]"
3833,279.4804050291623,288852.10983821633,"[0.3333333333333333, 0.3333333333333333, 0.3333333333333333]"
3834,601.8996162303146,402992.7407986328,"[0.3333333333333333, 0.3333333333333333, 0.3333333333333333]"
3835,765.0809658756597,444679.1544333347,"[0.3333333333333333, 0.3333333333333333, 0.3333333333333333]"
3836,921.123387237301,218907.53623769435,"[0.3333333333333333, 0.3333333333333333, 0.3333333333333333]"
3837,66.89453166563212,777810.6810804877,"[0.3333333333333333, 0.3333333333333333, 0.3333333333333333]"
3838,837.6687548175478,964295.6997299782,"[0.3333333333333333, 0.3333333333333333, 0.3333333333333333]"
3839,406.25589318591796,367585.16083434195,"[0.3333333333333333, 0.3333333333333333, 0.3333333333333333]"
3840,630.141800395364,685518.9039758259,"[0.3333333333333333, 0.3333333333333333, 0.3333333333333333]"
3841,855.6929914529204,947561.8462522548,"[0.3333333333333333, 0.3333333333333333, 0.3333333333333333]"
3842,584.8666345039586,842374.4628070238,"[0.3333333333333333, 0.3333333333333333, 0.3333333333333333]"
3843,818.9104688854611,929553.9029101551,"[0.3333333333333333, 0.3333333333333333, 0.3333333333333333]"
3844,808.8765861512621,472931.8605739403,"[0.3333333333333333, 0.3333333333333333, 0.3333333333333333]"
3845,489.5643540254583,304908.52029689314,"[0.3333333333333333, 0.3333333333333333, 0.3333333333333333]"
3846,105.7553419365649,168929.19917208256,"[0.3333333333333333, 0.3333333333333333, 0.3333333333333333]"
3847,774.5366127871608,173954.71373191616,"[0.3333333333333333, 0.3333333333333333, 0.3333333333333333]"
3848,795.7020236840915,407404.2586781975,"[0.3333333333333333, 0.3333333333333333, 0.3333333333333333]"
3849,829.7275192321912,734580.2035565552,"[0.3333333333333333, 0.3333333333333333, 0.3333333333333333]"
3850,958.3246871522455,509929.37387227814,"[0.3333333333333333, 0.3333333333333333, 0.3333333333333333]"
3851,500.880147646515,628766.4192385601,"[0.3333333333333333, 0.3333333333333333, 0.3333333333333333]"
3852,280.9595888961648,472069.32142400736,"[0.3333333333333333, 0.3333333333333333, 0.3333333333333333]"
3853,504.8084120556954,657359.2516351191,"[0.3333333333333333, 0.3333333333333333, 0.3333333333333333]"
3854,162.4035490087327,198944.42708191933,"[0.3333333333333333, 0.3333333333333333, 0.3333333333333333]"
3855,244.30761194477066,160156.9742306322,"[0.3333333333333333, 0.3333333333333333, 0.3333333333333333]"
3856,210.87086448228735,859600.9584145006,"[0.3333333333333333, 0.3333333333333333, 0.3333333333333333]"
3857,799.4443380405162,294414.53034053673,"[0.3333333333333333, 0.3333333333333333, 0.3333333333333333]"
3858,435.0518407434235,643228.165640612,"[0.3333333333333333, 0.3333333333333333, 0.3333333333333333]"
3859,514.3036570343069,549379.8792152939,"[0.3333333333333333, 0.3333333333333333, 0.3333333333333333]"
3860,101.80585977062285,465274.46613541327,"[0.3333333333333333, 0.3333333333333333, 0.3333333333333333]"
3861,46.359764480056874,214993.55886343267,"[0.3333333333333333, 0.3333333333333333, 0.3333333333333333]"
3862,318.55403003415046,267766.2452345876,"[0.3333333333333333, 0.3333333333333333, 0.3333333333333333]"
3863,676.6124464843207,191085.83321030304,"[0.3333333333333333, 0.3333333333333333, 0.3333333333333333]"
3864,959.4417058476571,293571.3059123485,"[0.3333333333333333, 0.3333333333333333, 0.3333333333333333]"
3865,542.8619699235876,602573.945324722,"[0.3333333333333333, 0.3333333333333333, 0.3333333333333333]"
3866,989.4676124906649,702989.2016659076,"[0.3333333333333333, 0.3333333333333333, 0.3333333333333333]"
3867,452.69031225936635,851971.0764055143,"[0.3333333333333333, 0.3333333333333333, 0.3333333333333333]"
3868,649.2487130334324,783977.6201919685,"[0.3333333333333333, 0.3333333333333333, 0.3333333333333333]"
3869,719.5894219320837,299917.03843762574,"[0.3333333333333333, 0.3333333333333333, 0.3333333333333333]"
3870,138.1017031952691,279667.0716164613,"[0.3333333333333333, 0.3333333333333333, 0.3333333333333333]"
3871,78.46167412298149,108229.00154103574,"[0.3333333333333333, 0.3333333333333333, 0.3333333333333333]"
3872,171.06605962857327,499315.1910854905,"[0.3333333333333333, 0.3333333333333333, 0.3333333333333333]"
3873,733.0194880036761,660366.4727904751,"[0.3333333333333333, 0.3333333333333333, 0.3333333333333333]"
3874,997.5053351366141,791680.2094118804,"[0.3333333333333333, 0.3333333333333333, 0.3333333333333333]"
3875,898.2715004519899,255169.21451373104,"[0.3333333333333333, 0.3333333333333333, 0.3333333333333333]"
3876,828.1063024508621,566694.8313394028,"[0.3333333333333333, 0.3333333333333333, 0.3333333333333333]"
3877,96.67729577127652,980088.3435344554,"[0.3333333333333333, 0.3333333333333333, 0.3333333333333333]"
3878,946.6658875301317,445606.1400188772,"[0.3333333333333333, 0.3333333333333333, 0.3333333333333333]"
3879,855.9753600585906,319870.61457332177,"[0.3333333333333333, 0.3333333333333333, 0.3333333333333333]"
3880,460.46859303748414,528293.7518695932,"[0.3333333333333333, 0.3333333333333333, 0.3333333333333333]"
3881,97.63871417068724,738629.5022914194,"[0.3333333333333333, 0.3333333333333333, 0.3333333333333333]"
3882,380.887160688155,939052.4972433624,"[0.3333333333333333, 0.3333333333333333, 0.3333333333333333]"
3883,215.28463960938797,199430.3503954339,"[0.3333333333333333, 0.3333333333333333, 0.3333333333333333]"
3884,479.1514405263528,811057.6010658066,"[0.3333333333333333, 0.3333333333333333, 0.3333333333333333]"
3885,57.76005410220186,735879.8727790473,"[0.3333333333333333, 0.3333333333333333, 0.3333333333333333]"
3886,742.7177691273077,229372.45228704636,"[0.3333333333333333, 0.3333333333333333, 0.3333333333333333]"
3887,670.9938680277543,326976.6298283369,"[0.3333333333333333, 0.3333333333333333, 0.3333333333333333]"
3888,873.6666857924268,476952.74641728477,"[0.3333333333333333, 0.3333333333333333, 0.3333333333333333]"
3889,220.63975763297185,142306.85273874918,"[0.3333333333333333, 0.3333333333333333, 0.3333333333333333]"
3890,746.9800326806374,949121.5949232047,"[0.3333333333333333, 0.3333333333333333, 0.3333333333333333]"
3891,848.3156654795007,587190.3820750163,"[0.3333333333333333, 0.3333333333333333, 0.3333333333333333]"
3892,421.121565178387,976791.2032081479,"[0.3333333333333333, 0.3333333333333333, 0.3333333333333333]"
3893,249.91931734675418,872856.6445263216,"[0.3333333333333333, 0.3333333333333333, 0.3333333333333333]"
3894,808.28480459248,549652.9067292074,"[0.3333333333333333, 0.3333333333333333, 0.3333333333333333]"
3895,291.7722070907091,855638.5535311155,"[0.3333333333333333, 0.3333333333333333, 0.3333333333333333]"
3896,839.9392574434405,861498.0489035103,"[0.3333333333333333, 0.3333333333333333, 0.3333333333333333]"
3897,875.5778351770097,868310.779913753,"[0.3333333333333333, 0.3333333333333333, 0.3333333333333333]"
3898,799.6474640631857,696784.2101531737,"[0.3333333333333333, 0.3333333333333333, 0.3333333333333333]"
3899,785.9049086068276,933027.9959265711,"[0.3333333333333333, 0.3333333333333333, 0.3333333333333333]"
3900,509.14236177320186,542189.4904374183,"[0.3333333333333333, 0.3333333333333333, 0.3333333333333333]"
3901,28.75311724966507,825121.3665003795,"[0.3333333333333333, 0.3333333333333333, 0.3333333333333333]"
3902,162.4109729442922,764151.4125451533,"[0.3333333333333333, 0.3333333333333333, 0.3333333333333333]"
3903,724.525272733913,555790.4292470021,"[0.3333333333333333, 0.3333333333333333, 0.3333333333333333]"
3904,59.3030706334269,951755.1533330779,"[0.3333333333333333, 0.3333333333333333, 0.3333333333333333]"
3905,283.19668990403756,302388.8722628391,"[0.3333333333333333, 0.3333333333333333, 0.3333333333333333]"
3906,610.2489299149635,850445.0466102618,"[0.3333333333333333, 0.3333333333333333, 0.3333333333333333]"
3907,309.7241829822303,904321.4961121004,"[0.3333333333333333, 0.3333333333333333, 0.3333333333333333]"
3908,736.2949945784094,696966.5614512345,"[0.3333333333333333, 0.3333333333333333, 0.3333333333333333]"
3909,483.9395531423464,112031.24977796499,"[0.3333333333333333, 0.3333333333333333, 0.3333333333333333]"
3910,898.9602605453471,230992.46139446838,"[0.3333333333333333, 0.3333333333333333, 0.3333333333333333]"
3911,294.6154348982618,383130.65141859866,"[0.3333333333333333, 0.3333333333333333, 0.3333333333333333]"
3912,464.556189884053,581503.3309506304,"[0.3333333333333333, 0.3333333333333333, 0.3333333333333333]"
3913,709.6341320419648,704782.9665649364,"[0.3333333333333333, 0.3333333333333333, 0.3333333333333333]"
3914,435.14818819592887,473427.8021559766,"[0.3333333333333333, 0.3333333333333333, 0.3333333333333333]"
3915,128.70086015625014,508106.91994031594,"[0.3333333333333333, 0.3333333333333333, 0.3333333333333333]"
3916,802.2900057262666,125114.53791635812,"[0.3333333333333333, 0.3333333333333333, 0.3333333333333333]"
3917,293.6715667443439,160414.68230356445,"[0.3333333333333333, 0.3333333333333333, 0.3333333333333333]"
3918,38.726978994776196,276449.6282539011,"[0.3333333333333333, 0.3333333333333333, 0.3333333333333333]"
3919,387.06956423155714,965033.7130164596,"[0.3333333333333333, 0.3333333333333333, 0.3333333333333333]"
3920,807.5257086254637,170162.11522913285,"[0.3333333333333333, 0.3333333333333333, 0.3333333333333333]"
3921,730.255281289741,794175.3133755698,"[0.3333333333333333, 0.3333333333333333, 0.3333333333333333]"
3922,100.47730059160367,145558.66014447028,"[0.3333333333333333, 0.3333333333333333, 0.3333333333333333]"
3923,803.9941672978533,826197.1145554838,"[0.3333333333333333, 0.3333333333333333, 0.3333333333333333]"
3924,964.0924246673933,659247.7880525041,"[0.3333333333333333, 0.3333333333333333, 0.3333333333333333]"
3925,261.1797954978226,186742.81253243214,"[0.3333333333333333, 0.3333333333333333, 0.3333333333333333]"
3926,438.3781571132796,430427.81106330233,"[0.3333333333333333, 0.3333333333333333, 0.3333333333333333]"
3927,985.0150522595117,244877.85158944604,"[0.3333333333333333, 0.3333333333333333, 0.3333333333333333]"
3928,692.6150623454732,687208.1630367982,"[0.3333333333333333, 0.3333333333333333, 0.3333333333333333]"
3929,456.70008860220673,299261.90639503975,"[0.3333333333333333, 0.3333333333333333, 0.3333333333333333]"
3930,477.5232723756955,503460.3937812358,"[0.3333333333333333, 0.3333333333333333, 0.3333333333333333]"
3931,924.7842894311638,261360.44333988376,"[0.3333333333333333, 0.3333333333333333, 0.3333333333333333]"
3932,234.75894056910104,735998.1072182837,"[0.3333333333333333, 0.3333333333333333, 0.3333333333333333]"
3933,877.199256356488,326061.5459806243,"[0.3333333333333333, 0.3333333333333333, 0.3333333333333333]"
3934,176.76243852425415,130954.92373036465,"[0.3333333333333333, 0.3333333333333333, 0.3333333333333333]"
3935,699.2244099920922,954627.6784026432,"[0.3333333333333333, 0.3333333333333333, 0.3333333333333333]"
3936,354.07396538577206,851138.0088429904,"[0.3333333333333333, 0.3333333333333333, 0.3333333333333333]"
3937,765.140013558243,512994.25801152474,"[0.3333333333333333, 0.3333333333333333, 0.3333333333333333]"
3938,77.7221138599582,863537.3974856422,"[0.3333333333333333, 0.3333333333333333, 0.3333333333333333]"
3939,743.055881555108,577870.4740919808,"[0.3333333333333333, 0.3333333333333333, 0.3333333333333333]"
3940,827.8226778470091,130412.21510893326,"[0.3333333333333333, 0.3333333333333333, 0.3333333333333333]"
3941,646.0053700621202,421327.03540555335,"[0.3333333333333333, 0.3333333333333333, 0.3333333333333333]"
3942,97.90736709314508,330441.5461496066,"[0.3333333333333333, 0.3333333333333333, 0.3333333333333333]"
3943,198.26200967437896,957923.4336132961,"[0.3333333333333333, 0.3333333333333333, 0.3333333333333333]"
3944,994.2748192385279,916853.5503564419,"[0.3333333333333333, 0.3333333333333333, 0.3333333333333333]"
3945,979.1654742120959,149037.2741692563,"[0.3333333333333333, 0.3333333333333333, 0.3333333333333333]"
3946,184.28174433468135,435214.85716546973,"[0.3333333333333333, 0.3333333333333333, 0.3333333333333333]"
3947,473.14945538507635,466824.1793260105,"[0.3333333333333333, 0.3333333333333333, 0.3333333333333333]"
3948,176.48856306555894,336133.2867060501,"[0.3333333333333333, 0.3333333333333333, 0.3333333333333333]"
3949,678.0369804777669,987764.3251740277,"[0.3333333333333333, 0.3333333333333333, 0.3333333333333333]"
3950,414.8080358957704,312638.777602114,"[0.3333333333333333, 0.3333333333333333, 0.3333333333333333]"
3951,282.444614742502,596046.8819356832,"[0.3333333333333333, 0.3333333333333333, 0.3333333333333333]"
3952,641.7748238136139,569760.1350076254,"[0.3333333333333333, 0.3333333333333333, 0.3333333333333333]"
3953,581.45776569475,219081.15073767048,"[0.3333333333333333, 0.3333333333333333, 0.3333333333333333]"
3954,324.9290666115157,110531.40511291056,"[0.3333333333333333, 0.3333333333333333, 0.3333333333333333]"
3955,726.2610439329401,649933.4632212621,"[0.3333333333333333, 0.3333333333333333, 0.3333333333333333]"
3956,438.4258032310872,296693.01970612025,"[0.3333333333333333, 0.3333333333333333, 0.3333333333333333]"
3957,119.39359704964676,988792.0992312632,"[0.3333333333333333, 0.3333333333333333, 0.3333333333333333]"
3958,811.4694456709185,930186.209832321,"[0.3333333333333333, 0.3333333333333333, 0.3333333333333333]"
3959,221.40288872243545,223360.9488985971,"[0.3333333333333333, 0.3333333333333333, 0.3333333333333333]"
3960,518.7508379946737,210453.2724667907,"[0.3333333333333333, 0.3333333333333333, 0.3333333333333333]"
3961,661.5423111137537,450757.72305995115,"[0.3333333333333333, 0.3333333333333333, 0.3333333333333333]"
3962,670.0338513961435,275214.88987221674,"[0.3333333333333333, 0.3333333333333333, 0.3333333333333333]"
3963,13.997733474244187,559040.1154527687,"[0.3333333333333333, 0.3333333333333333, 0.3333333333333333]"
3964,282.0355116660446,249999.33923247945,"[0.3333333333333333, 0.3333333333333333, 0.3333333333333333]"
3965,766.8236623783247,276076.39144038386,"[0.3333333333333333, 0.3333333333333333, 0.3333333333333333]"
3966,285.944268258469,271465.79062735103,"[0.3333333333333333, 0.3333333333333333, 0.3333333333333333]"
3967,638.9425281535691,308173.3334562662,"[0.3333333333333333, 0.3333333333333333, 0.3333333333333333]"
3968,753.5600458012626,646341.9569439885,"[0.3333333333333333, 0.3333333333333333, 0.3333333333333333]"
3969,52.95568884802284,156667.9852473856,"[0.3333333333333333, 0.3333333333333333, 0.3333333333333333]"
3970,616.4393244166105,210676.17919265735,"[0.3333333333333333, 0.3333333333333333, 0.3333333333333333]"
3971,458.19260765703854,589734.446411083,"[0.3333333333333333, 0.3333333333333333, 0.3333333333333333]"
3972,764.2947447884249,498849.68004626024,"[0.3333333333333333, 0.3333333333333333, 0.3333333333333333]"
3973,525.1807615737481,978348.3786464755,"[0.3333333333333333, 0.3333333333333333, 0.3333333333333333]"
3974,612.1648405399786,512949.3217952581,"[0.3333333333333333, 0.3333333333333333, 0.3333333333333333]"
3975,345.42609772586155,655863.3307171046,"[0.3333333333333333, 0.3333333333333333, 0.3333333333333333]"
3976,765.1456421177693,143772.41037662828,"[0.3333333333333333, 0.3333333333333333, 0.3333333333333333]"
3977,492.16283628680367,589437.5161862893,"[0.3333333333333333, 0.3333333333333333, 0.3333333333333333]"
3978,214.75438208703642,480733.74956879887,"[0.3333333333333333, 0.3333333333333333, 0.3333333333333333]"
3979,209.50449273773125,370185.5461673021,"[0.3333333333333333, 0.3333333333333333, 0.3333333333333333]"
3980,896.2042983625981,953910.267037978,"[0.3333333333333333, 0.3333333333333333, 0.3333333333333333]"
3981,903.464727182338,718774.8272536288,"[0.3333333333333333, 0.3333333333333333, 0.3333333333333333]"
3982,48.55229416648009,587060.7271303451,"[0.3333333333333333, 0.3333333333333333, 0.3333333333333333]"
3983,897.3699136735581,599368.4722106801,"[0.3333333333333333, 0.3333333333333333, 0.3333333333333333]"
3984,881.3689841488892,861546.9375869539,"[0.3333333333333333, 0.3333333333333333, 0.3333333333333333]"
3985,893.050371759798,673124.7466221787,"[0.3333333333333333, 0.3333333333333333, 0.3333333333333333]"
3986,908.9023790733036,802411.2243438385,"[0.3333333333333333, 0.3333333333333333, 0.3333333333333333]"
3987,530.7104474736743,775148.8735557222,"[0.3333333333333333, 0.3333333333333333, 0.3333333333333333]"
3988,982.7030398535908,351669.82452595315,"[0.3333333333333333, 0.3333333333333333, 0.3333333333333333]"
3989,522.4176690991405,848313.595500569,"[0.3333333333333333, 0.3333333333333333, 0.3333333333333333]"
3990,201.2460112791653,617866.2653729977,"[0.3333333333333333, 0.3333333333333333, 0.3333333333333333]"
3991,854.4311570919352,196729.3461738469,"[0.3333333333333333, 0.3333333333333333, 0.3333333333333333]"
3992,974.2418618816536,602792.8717148828,"[0.3333333333333333, 0.3333333333333333, 0.3333333333333333]"
3993,911.588078428901,503531.3878170607,"[0.3333333333333333, 0.3333333333333333, 0.3333333333333333]"
3994,873.1067457420825,353844.805418533,"[0.3333333333333333, 0.3333333333333333, 0.3333333333333333]"
3995,227.35161662917255,268047.08183440124,"[0.3333333333333333, 0.3333333333333333, 0.3333333333333333]"
3996,114.81167578140351,248604.96311679503,"[0.3333333333333333, 0.3333333333333333, 0.3333333333333333]"
3997,464.5166702098748,180646.01175198384,"[0.3333333333333333, 0.3333333333333333, 0.3333333333333333]"
3998,208.90846011984044,528637.4465907153,"[0.3333333333333333, 0.3333333333333333, 0.3333333333333333]"
3999,561.0581437698422,255346.72574057264,"[0.3333333333333333, 0.3333333333333333, 0.3333333333333333]"
4000,735.7947614935151,465409.82809139445,"[0.3333333333333333, 0.3333333333333333, 0.3333333333333333]"
4001,239.53252970885308,334820.94200949126,"[0.3333333333333333, 0.3333333333333333, 0.3333333333333333]"
4002,315.17625518644854,176144.77869999513,"[0.3333333333333333, 0.3333333333333333, 0.3333333333333333]"
4003,605.115715975001,726947.5262531897,"[0.3333333333333333, 0.3333333333333333, 0.3333333333333333]"
4004,993.790735470107,330266.9279995526,"[0.3333333333333333, 0.3333333333333333, 0.3333333333333333]"
4005,536.3016368265493,579550.7689760551,"[0.3333333333333333, 0.3333333333333333, 0.3333333333333333]"
4006,179.48158243968447,467614.31513595575,"[0.3333333333333333, 0.3333333333333333, 0.3333333333333333]"
4007,302.5239305461189,568784.8689995379,"[0.3333333333333333, 0.3333333333333333, 0.3333333333333333]"
4008,627.663797528804,201724.12628844506,"[0.3333333333333333, 0.3333333333333333, 0.3333333333333333]"
4009,721.2930725400706,329174.32752255205,"[0.3333333333333333, 0.3333333333333333, 0.3333333333333333]"
4010,108.83147047775273,597875.7247674776,"[0.3333333333333333, 0.3333333333333333, 0.3333333333333333]"
4011,98.87685375257718,495569.7337429596,"[0.3333333333333333, 0.3333333333333333, 0.3333333333333333]"
4012,448.4396580812211,411217.7053078667,"[0.3333333333333333, 0.3333333333333333, 0.3333333333333333]"
4013,200.39004301649322,472086.83936564927,"[0.3333333333333333, 0.3333333333333333, 0.3333333333333333]"
4014,120.07358558408843,376137.99493163044,"[0.3333333333333333, 0.3333333333333333, 0.3333333333333333]"
4015,961.8477934884404,688086.5661628906,"[0.3333333333333333, 0.3333333333333333, 0.3333333333333333]"
4016,319.3507891287276,861762.5501731975,"[0.3333333333333333, 0.3333333333333333, 0.3333333333333333]"
4017,852.6698210965322,574854.2311799288,"[0.3333333333333333, 0.3333333333333333, 0.3333333333333333]"
4018,612.0681524517157,453547.474064982,"[0.3333333333333333, 0.3333333333333333, 0.3333333333333333]"
4019,773.8295818989928,120374.10079662483,"[0.3333333333333333, 0.3333333333333333, 0.3333333333333333]"
4020,687.2322806514758,648544.4033101372,"[0.3333333333333333, 0.3333333333333333, 0.3333333333333333]"
4021,660.7867006748692,407961.12178675033,"[0.3333333333333333, 0.3333333333333333, 0.3333333333333333]"
4022,676.1433771590556,114674.22029659018,"[0.3333333333333333, 0.3333333333333333, 0.3333333333333333]"
4023,601.1237309697594,973339.6824594777,"[0.3333333333333333, 0.3333333333333333, 0.3333333333333333]"
4024,154.5990077942309,373980.6521208015,"[0.3333333333333333, 0.3333333333333333, 0.3333333333333333]"
4025,40.39907925941801,670173.9676426842,"[0.3333333333333333, 0.3333333333333333, 0.3333333333333333]"
4026,344.16817423847414,647293.3604982486,"[0.3333333333333333, 0.3333333333333333, 0.3333333333333333]"
4027,563.7207431596179,120619.15480857785,"[0.3333333333333333, 0.3333333333333333, 0.3333333333333333]"
4028,278.93811749402903,976180.9030114826,"[0.3333333333333333, 0.3333333333333333, 0.3333333333333333]"
4029,33.539121943031745,531439.0047439632,"[0.3333333333333333, 0.3333333333333333, 0.3333333333333333]"
4030,213.12111892612054,604134.7259132625,"[0.3333333333333333, 0.3333333333333333, 0.3333333333333333]"
4031,220.00176034275822,699472.2766316318,"[0.3333333333333333, 0.3333333333333333, 0.3333333333333333]"
4032,853.8540856518615,693241.2376269841,"[0.3333333333333333, 0.3333333333333333, 0.3333333333333333]"
4033,43.60568943341937,462431.5074688568,"[0.3333333333333333, 0.3333333333333333, 0.3333333333333333]"
4034,165.29214589157186,257561.00104763792,"[0.3333333333333333, 0.3333333333333333, 0.3333333333333333]"
4035,229.66698741007397,207717.0705715799,"[0.3333333333333333, 0.3333333333333333, 0.3333333333333333]"
4036,152.27234762035226,998377.0888018726,"[0.3333333333333333, 0.3333333333333333, 0.3333333333333333]"
4037,873.526120784059,824284.0505916374,"[0.3333333333333333, 0.3333333333333333, 0.3333333333333333]"
4038,78.48844714864202,271332.161052431,"[0.3333333333333333, 0.3333333333333333, 0.3333333333333333]"
4039,752.6678178301137,241780.91097777738,"[0.3333333333333333, 0.3333333333333333, 0.3333333333333333]"
4040,204.9985330751676,261085.6874400913,"[0.3333333333333333, 0.3333333333333333, 0.3333333333333333]"
4041,75.35011509012968,763727.4705536221,"[0.3333333333333333, 0.3333333333333333, 0.3333333333333333]"
4042,736.8595096991951,348368.213160024,"[0.3333333333333333, 0.3333333333333333, 0.3333333333333333]"
4043,397.13841957905646,140300.6731054447,"[0.3333333333333333, 0.3333333333333333, 0.3333333333333333]"
4044,285.02101698138887,367761.5243988626,"[0.3333333333333333, 0.3333333333333333, 0.3333333333333333]"
4045,572.5177796428846,844058.2531367851,"[0.3333333333333333, 0.3333333333333333, 0.3333333333333333]"
4046,647.3744027363687,423570.2112894931,"[0.3333333333333333, 0.3333333333333333, 0.3333333333333333]"
4047,142.53405304391575,754972.9973270623,"[0.3333333333333333, 0.3333333333333333, 0.3333333333333333]"
4048,925.7503265885302,407846.12091683113,"[0.3333333333333333, 0.3333333333333333, 0.3333333333333333]"
4049,629.0183031195093,405430.47458162316,"[0.3333333333333333, 0.3333333333333333, 0.3333333333333333]"
4050,933.4520377204715,352160.96619866655,"[0.3333333333333333, 0.3333333333333333, 0.3333333333333333]"
4051,172.41350713155742,989686.4092200239,"[0.3333333333333333, 0.3333333333333333, 0.3333333333333333]"
4052,981.2722931593635,319817.53751087596,"[0.3333333333333333, 0.3333333333333333, 0.3333333333333333]"
4053,725.2268643695958,318289.2867079676,"[0.3333333333333333, 0.3333333333333333, 0.3333333333333333]"
4054,414.8019538778327,829997.5488710883,"[0.3333333333333333, 0.3333333333333333, 0.3333333333333333]"
4055,216.7886654145052,955537.9032788415,"[0.3333333333333333, 0.3333333333333333, 0.3333333333333333]"
4056,886.7951371525576,530230.0254683588,"[0.3333333333333333, 0.3333333333333333, 0.3333333333333333]"
4057,466.09986329215786,706005.3213038298,"[0.3333333333333333, 0.3333333333333333, 0.3333333333333333]"
4058,704.5330371412612,266389.05705362064,"[0.3333333333333333, 0.3333333333333333, 0.3333333333333333]"
4059,955.2349285648189,327474.61006038135,"[0.3333333333333333, 0.3333333333333333, 0.3333333333333333]"
4060,395.9265247498266,796726.2918502294,"[0.3333333333333333, 0.3333333333333333, 0.3333333333333333]"
4061,318.50492197518514,394360.17851374636,"[0.3333333333333333, 0.3333333333333333, 0.3333333333333333]"
4062,770.3862647507118,307209.6191815551,"[0.3333333333333333, 0.3333333333333333, 0.3333333333333333]"
4063,189.50083377697933,202883.5243760847,"[0.3333333333333333, 0.3333333333333333, 0.3333333333333333]"
4064,747.6726366504298,873553.1405897922,"[0.3333333333333333, 0.3333333333333333, 0.3333333333333333]"
4065,215.66591617174976,991220.9797259277,"[0.3333333333333333, 0.3333333333333333, 0.3333333333333333]"
4066,579.2704113153197,556757.1793222753,"[0.3333333333333333, 0.3333333333333333, 0.3333333333333333]"
4067,824.2404959509591,379839.4367691155,"[0.3333333333333333, 0.3333333333333333, 0.3333333333333333]"
4068,641.2581834585106,943027.6284614642,"[0.3333333333333333, 0.3333333333333333, 0.3333333333333333]"
4069,779.511133524225,995077.45404855,"[0.3333333333333333, 0.3333333333333333, 0.3333333333333333]"
4070,948.4801441787514,403157.1582453276,"[0.3333333333333333, 0.3333333333333333, 0.3333333333333333]"
4071,213.28645193351434,984200.4622307972,"[0.3333333333333333, 0.3333333333333333, 0.3333333333333333]"
4072,81.69736578147423,933824.9376294035,"[0.3333333333333333, 0.3333333333333333, 0.3333333333333333]"
4073,560.3691896181992,182277.9543813389,"[0.3333333333333333, 0.3333333333333333, 0.3333333333333333]"
4074,696.1142366797703,124031.54506729016,"[0.3333333333333333, 0.3333333333333333, 0.3333333333333333]"
4075,285.7933323339725,145459.7884266411,"[0.3333333333333333, 0.3333333333333333, 0.3333333333333333]"
4076,675.3879071696467,504024.49137900554,"[0.3333333333333333, 0.3333333333333333, 0.3333333333333333]"
4077,226.9350340282116,944691.62076374,"[0.3333333333333333, 0.3333333333333333, 0.3333333333333333]"
4078,867.2042343091332,299717.7304143983,"[0.3333333333333333, 0.3333333333333333, 0.3333333333333333]"
4079,211.8505632334279,595679.9575356846,"[0.3333333333333333, 0.3333333333333333, 0.3333333333333333]"
4080,321.39031095500263,684649.7246086111,"[0.3333333333333333, 0.3333333333333333, 0.3333333333333333]"
4081,147.8474624053052,986639.3645892319,"[0.3333333333333333, 0.3333333333333333, 0.3333333333333333]"
4082,234.89160031792244,994859.2719649848,"[0.3333333333333333, 0.3333333333333333, 0.3333333333333333]"
4083,259.58604044935504,669055.247209481,"[0.3333333333333333, 0.3333333333333333, 0.3333333333333333]"
4084,374.8769503050009,325719.08361074486,"[0.3333333333333333, 0.3333333333333333, 0.3333333333333333]"
4085,284.49923294081145,569234.0292314087,"[0.3333333333333333, 0.3333333333333333, 0.3333333333333333]"
4086,925.312673886803,440009.97779345047,"[0.3333333333333333, 0.3333333333333333, 0.3333333333333333]"
4087,446.80521412051615,171141.17250946123,"[0.3333333333333333, 0.3333333333333333, 0.3333333333333333]"
4088,798.2234533608247,972884.372058239,"[0.3333333333333333, 0.3333333333333333, 0.3333333333333333]"
4089,450.56483360984197,420108.1514114985,"[0.3333333333333333, 0.3333333333333333, 0.3333333333333333]"
4090,395.45294876048223,365268.8836471346,"[0.3333333333333333, 0.3333333333333333, 0.3333333333333333]"
4091,642.6075646485318,825767.2945797917,"[0.3333333333333333, 0.3333333333333333, 0.3333333333333333]"
4092,27.091135128422728,540347.7089986224,"[0.3333333333333333, 0.3333333333333333, 0.3333333333333333]"
4093,725.1175420249865,409003.9714367749,"[0.3333333333333333, 0.3333333333333333, 0.3333333333333333]"
4094,39.49407612364544,665772.6938117306,"[0.3333333333333333, 0.3333333333333333, 0.3333333333333333]"
4095,624.8038168101958,694522.6898684367,"[0.3333333333333333, 0.3333333333333333, 0.3333333333333333]"
4096,312.7896173988287,651329.9930327301,"[0.3333333333333333, 0.3333333333333333, 0.3333333333333333]"
4097,880.8226981239895,294968.9717888424,"[0.3333333333333333, 0.3333333333333333, 0.3333333333333333]"
4098,762.6747099281013,723607.441978829,"[0.3333333333333333, 0.3333333333333333, 0.3333333333333333]"
4099,605.8159195176625,722845.1996067963,"[0.3333333333333333, 0.3333333333333333, 0.3333333333333333]"
4100,986.4651915102203,753260.5865940633,"[0.3333333333333333, 0.3333333333333333, 0.3333333333333333]"
4101,931.9300069102027,331833.8323202076,"[0.3333333333333333, 0.3333333333333333, 0.3333333333333333]"
4102,511.7110378612193,161068.1159639952,"[0.3333333333333333, 0.3333333333333333, 0.3333333333333333]"
4103,399.07758227165016,627004.6442291597,"[0.3333333333333333, 0.3333333333333333, 0.3333333333333333]"
4104,766.3857861919694,159051.51960178246,"[0.3333333333333333, 0.3333333333333333, 0.3333333333333333]"
4105,785.122118100749,613100.095858982,"[0.3333333333333333, 0.3333333333333333, 0.3333333333333333]"
4106,610.5962538463891,481778.3365347563,"[0.3333333333333333, 0.3333333333333333, 0.3333333333333333]"
4107,972.287529678089,201683.48491783187,"[0.3333333333333333, 0.3333333333333333, 0.3333333333333333]"
4108,325.2149409808649,479094.82304501784,"[0.3333333333333333, 0.3333333333333333, 0.3333333333333333]"
4109,121.82707487804332,951730.9340972402,"[0.3333333333333333, 0.3333333333333333, 0.3333333333333333]"
4110,468.90258287006674,959352.3031693917,"[0.3333333333333333, 0.3333333333333333, 0.3333333333333333]"
4111,843.5327964165793,416782.91114297486,"[0.3333333333333333, 0.3333333333333333, 0.3333333333333333]"
4112,216.57976242891306,542819.6902504021,"[0.3333333333333333, 0.3333333333333333, 0.3333333333333333]"
4113,275.8302888466833,487408.8855923896,"[0.3333333333333333, 0.3333333333333333, 0.3333333333333333]"
4114,965.2003155732594,617044.2613185634,"[0.3333333333333333, 0.3333333333333333, 0.3333333333333333]"
4115,296.50397122492325,799527.2445651012,"[0.3333333333333333, 0.3333333333333333, 0.3333333333333333]"
4116,170.8793057553976,273018.78836480284,"[0.3333333333333333, 0.3333333333333333, 0.3333333333333333]"
4117,260.0642470144095,319658.6952649606,"[0.3333333333333333, 0.3333333333333333, 0.3333333333333333]"
4118,327.0889627418917,645432.3704204754,"[0.3333333333333333, 0.3333333333333333, 0.3333333333333333]"
4119,334.7951649076645,963622.0483480935,"[0.3333333333333333, 0.3333333333333333, 0.3333333333333333]"
4120,842.1475677494119,934994.7346257176,"[0.3333333333333333, 0.3333333333333333, 0.3333333333333333]"
4121,530.7297200541041,731632.143338966,"[0.3333333333333333, 0.3333333333333333, 0.3333333333333333]"
4122,399.3008644947945,573357.0009029435,"[0.3333333333333333, 0.3333333333333333, 0.3333333333333333]"
4123,283.2573525040973,236903.6563439317,"[0.3333333333333333, 0.3333333333333333, 0.3333333333333333]"
4124,151.06618071455992,550154.246831625,"[0.3333333333333333, 0.3333333333333333, 0.3333333333333333]"
4125,802.3366213422329,206398.6194597475,"[0.3333333333333333, 0.3333333333333333, 0.3333333333333333]"
4126,661.5536399734682,413106.83536158706,"[0.3333333333333333, 0.3333333333333333, 0.3333333333333333]"
4127,939.7522965438654,714869.5404309815,"[0.3333333333333333, 0.3333333333333333, 0.3333333333333333]"
4128,549.9845503984475,283547.56853428145,"[0.3333333333333333, 0.3333333333333333, 0.3333333333333333]"
4129,113.69051166111194,369991.21682761185,"[0.3333333333333333, 0.3333333333333333, 0.3333333333333333]"
4130,508.94403686844413,769360.8975172477,"[0.3333333333333333, 0.3333333333333333, 0.3333333333333333]"
4131,536.0620515364177,609847.6807550773,"[0.3333333333333333, 0.3333333333333333, 0.3333333333333333]"
4132,255.8022063055159,723781.7229001019,"[0.3333333333333333, 0.3333333333333333, 0.3333333333333333]"
4133,580.8174441134993,155243.2191997872,"[0.3333333333333333, 0.3333333333333333, 0.3333333333333333]"
4134,52.0332401727833,382691.42926530656,"[0.3333333333333333, 0.3333333333333333, 0.3333333333333333]"
4135,810.7074645855636,195508.6345838069,"[0.3333333333333333, 0.3333333333333333, 0.3333333333333333]"
4136,778.4775972619617,530491.6973865984,"[0.3333333333333333, 0.3333333333333333, 0.3333333333333333]"
4137,947.2211984035096,582185.245371911,"[0.3333333333333333, 0.3333333333333333, 0.3333333333333333]"
4138,741.9396970036953,373575.86073740054,"[0.3333333333333333, 0.3333333333333333, 0.3333333333333333]"
4139,658.1248418895541,481837.7765282388,"[0.3333333333333333, 0.3333333333333333, 0.3333333333333333]"
4140,777.532238600329,410905.37125826144,"[0.3333333333333333, 0.3333333333333333, 0.3333333333333333]"
4141,617.2938815449505,751097.5754364408,"[0.3333333333333333, 0.3333333333333333, 0.3333333333333333]"
4142,995.3845037194191,239144.10335785357,"[0.3333333333333333, 0.3333333333333333, 0.3333333333333333]"
4143,30.607655587577625,997770.5690761394,"[0.3333333333333333, 0.3333333333333333, 0.3333333333333333]"
4144,474.2524680153666,335423.13793536613,"[0.3333333333333333, 0.3333333333333333, 0.3333333333333333]"
4145,820.5552853498478,344287.5984513754,"[0.3333333333333333, 0.3333333333333333, 0.3333333333333333]"
4146,859.4210033765644,120983.26772825714,"[0.3333333333333333, 0.3333333333333333, 0.3333333333333333]"
4147,105.98241034278763,581249.3849870671,"[0.3333333333333333, 0.3333333333333333, 0.3333333333333333]"
4148,805.7510014710465,761338.602166323,"[0.3333333333333333, 0.3333333333333333, 0.3333333333333333]"
4149,273.63389938779835,574075.6176604632,"[0.3333333333333333, 0.3333333333333333, 0.3333333333333333]"
4150,287.45966201551624,769498.8688266156,"[0.3333333333333333, 0.3333333333333333, 0.3333333333333333]"
4151,380.3804171215103,778718.8987456636,"[0.3333333333333333, 0.3333333333333333, 0.3333333333333333]"
4152,756.3308951767095,361341.50309634465,"[0.3333333333333333, 0.3333333333333333, 0.3333333333333333]"
4153,90.69247008488352,652942.5167566707,"[0.3333333333333333, 0.3333333333333333, 0.3333333333333333]"
4154,155.88659247934888,700342.2123643722,"[0.3333333333333333, 0.3333333333333333, 0.3333333333333333]"
4155,25.569436055253533,341904.8668149505,"[0.3333333333333333, 0.3333333333333333, 0.3333333333333333]"
4156,879.13607793025,651239.0195949238,"[0.3333333333333333, 0.3333333333333333, 0.3333333333333333]"
4157,496.1718244526951,114898.66186592095,"[0.3333333333333333, 0.3333333333333333, 0.3333333333333333]"
4158,651.815998255153,417951.6904499898,"[0.3333333333333333, 0.3333333333333333, 0.3333333333333333]"
4159,561.7448004916457,255628.74615886566,"[0.3333333333333333, 0.3333333333333333, 0.3333333333333333]"
4160,237.85368716059028,932969.9325369542,"[0.3333333333333333, 0.3333333333333333, 0.3333333333333333]"
4161,292.9994202000576,591613.9976783961,"[0.3333333333333333, 0.3333333333333333, 0.3333333333333333]"
4162,203.5288879574064,258610.58259473747,"[0.3333333333333333, 0.3333333333333333, 0.3333333333333333]"
4163,899.6400122788945,615353.7463878364,"[0.3333333333333333, 0.3333333333333333, 0.3333333333333333]"
4164,944.1723734286882,923345.7325758083,"[0.3333333333333333, 0.3333333333333333, 0.3333333333333333]"
4165,879.0593535747472,842212.2570681963,"[0.3333333333333333, 0.3333333333333333, 0.3333333333333333]"
4166,76.26388649969495,879426.9698006205,"[0.3333333333333333, 0.3333333333333333, 0.3333333333333333]"
4167,715.1208019148943,454819.7979083815,"[0.3333333333333333, 0.3333333333333333, 0.3333333333333333]"
4168,774.3513457760249,387031.0968035295,"[0.3333333333333333, 0.3333333333333333, 0.3333333333333333]"
4169,23.902528058673486,165095.01087640188,"[0.3333333333333333, 0.3333333333333333, 0.3333333333333333]"
4170,228.62272283442624,453901.59882449475,"[0.3333333333333333, 0.3333333333333333, 0.3333333333333333]"
4171,141.81661162236324,242374.10295957574,"[0.3333333333333333, 0.3333333333333333, 0.3333333333333333]"
4172,275.8729470556418,891076.8885448194,"[0.3333333333333333, 0.3333333333333333, 0.3333333333333333]"
4173,196.44648125517938,890193.3809406764,"[0.3333333333333333, 0.3333333333333333, 0.3333333333333333]"
4174,594.0812999538816,207986.72518072266,"[0.3333333333333333, 0.3333333333333333, 0.3333333333333333]"
4175,92.60445936053154,985838.8237022489,"[0.3333333333333333, 0.3333333333333333, 0.3333333333333333]"
4176,546.0750056260952,519259.56961317867,"[0.3333333333333333, 0.3333333333333333, 0.3333333333333333]"
4177,725.0172375638139,995679.2102588672,"[0.3333333333333333, 0.3333333333333333, 0.3333333333333333]"
4178,711.3327299433234,789125.0800258287,"[0.3333333333333333, 0.3333333333333333, 0.3333333333333333]"
4179,347.8868853110281,721557.9292661196,"[0.3333333333333333, 0.3333333333333333, 0.3333333333333333]"
4180,142.58417113805385,277828.27600468125,"[0.3333333333333333, 0.3333333333333333, 0.3333333333333333]"
4181,723.2285606249852,860847.6568048666,"[0.3333333333333333, 0.3333333333333333, 0.3333333333333333]"
4182,307.5652808462779,573172.2663282214,"[0.3333333333333333, 0.3333333333333333, 0.3333333333333333]"
4183,340.51997963068874,840441.8571076122,"[0.3333333333333333, 0.3333333333333333, 0.3333333333333333]"
4184,554.5469868305082,232546.24021619148,"[0.3333333333333333, 0.3333333333333333, 0.3333333333333333]"
4185,871.0221688879546,203071.00395301002,"[0.3333333333333333, 0.3333333333333333, 0.3333333333333333]"
4186,240.47126344173108,906339.4788428626,"[0.3333333333333333, 0.3333333333333333, 0.3333333333333333]"
4187,927.9918565951708,886264.927745941,"[0.3333333333333333, 0.3333333333333333, 0.3333333333333333]"
4188,457.62845373103806,828380.0764965849,"[0.3333333333333333, 0.3333333333333333, 0.3333333333333333]"
4189,402.6877876719145,333494.7992086187,"[0.3333333333333333, 0.3333333333333333, 0.3333333333333333]"
4190,803.2938997663591,533898.5292841942,"[0.3333333333333333, 0.3333333333333333, 0.3333333333333333]"
4191,729.1648200400923,392207.58108262444,"[0.3333333333333333, 0.3333333333333333, 0.3333333333333333]"
4192,680.1458941721235,878770.2105282012,"[0.3333333333333333, 0.3333333333333333, 0.3333333333333333]"
4193,651.3873282677229,513642.1560630497,"[0.3333333333333333, 0.3333333333333333, 0.3333333333333333]"
4194,892.6634866300951,874572.172998719,"[0.3333333333333333, 0.3333333333333333, 0.3333333333333333]"
4195,36.23299094475567,627068.3103654447,"[0.3333333333333333, 0.3333333333333333, 0.3333333333333333]"
4196,564.5894380202234,745803.847188265,"[0.3333333333333333, 0.3333333333333333, 0.3333333333333333]"
4197,762.1165471077805,247263.6348704783,"[0.3333333333333333, 0.3333333333333333, 0.3333333333333333]"
4198,54.17497703463549,159632.8273108364,"[0.3333333333333333, 0.3333333333333333, 0.3333333333333333]"
4199,830.1652280051097,142987.45166707368,"[0.3333333333333333, 0.3333333333333333, 0.3333333333333333]"
4200,775.7341532080584,283828.10232284374,"[0.3333333333333333, 0.3333333333333333, 0.3333333333333333]"
4201,914.4958108936539,422669.07449212734,"[0.3333333333333333, 0.3333333333333333, 0.3333333333333333]"
4202,601.9964472055619,212388.70433696243,"[0.3333333333333333, 0.3333333333333333, 0.3333333333333333]"
4203,161.2514856349557,453133.533730746,"[0.3333333333333333, 0.3333333333333333, 0.3333333333333333]"
4204,658.4046890397824,400264.69588085223,"[0.3333333333333333, 0.3333333333333333, 0.3333333333333333]"
4205,419.98862307495136,851152.3980291376,"[0.3333333333333333, 0.3333333333333333, 0.3333333333333333]"
4206,834.8985946860666,288267.17855950585,"[0.3333333333333333, 0.3333333333333333, 0.3333333333333333]"
4207,739.6532514711596,963075.0193627176,"[0.3333333333333333, 0.3333333333333333, 0.3333333333333333]"
4208,99.48535319854722,812224.2186473095,"[0.3333333333333333, 0.3333333333333333, 0.3333333333333333]"
4209,463.22915626528936,146231.45616367884,"[0.3333333333333333, 0.3333333333333333, 0.3333333333333333]"
4210,749.1541967848542,539900.402761738,"[0.3333333333333333, 0.3333333333333333, 0.3333333333333333]"
4211,616.5711885987122,300881.1217075768,"[0.3333333333333333, 0.3333333333333333, 0.3333333333333333]"
4212,598.9715549937418,581863.5088708455,"[0.3333333333333333, 0.3333333333333333, 0.3333333333333333]"
4213,466.7645456853256,675616.7662492518,"[0.3333333333333333, 0.3333333333333333, 0.3333333333333333]"
4214,129.03659107095783,844854.1722917733,"[0.3333333333333333, 0.3333333333333333, 0.3333333333333333]"
4215,23.30836468287664,824425.2742100343,"[0.3333333333333333, 0.3333333333333333, 0.3333333333333333]"
4216,567.2689431399336,509381.7046333303,"[0.3333333333333333, 0.3333333333333333, 0.3333333333333333]"
4217,45.39599567305464,831959.2019418468,"[0.3333333333333333, 0.3333333333333333, 0.3333333333333333]"
4218,480.0242168504931,423232.545750143,"[0.3333333333333333, 0.3333333333333333, 0.3333333333333333]"
4219,12.876330073281412,786625.7947324744,"[0.3333333333333333, 0.3333333333333333, 0.3333333333333333]"
4220,629.3925938062147,905249.3525363186,"[0.3333333333333333, 0.3333333333333333, 0.3333333333333333]"
4221,489.5079337189196,287972.1517025791,"[0.3333333333333333, 0.3333333333333333, 0.3333333333333333]"
4222,32.922567828812596,197213.531438138,"[0.3333333333333333, 0.3333333333333333, 0.3333333333333333]"
4223,177.88858225310742,914877.9585395401,"[0.3333333333333333, 0.3333333333333333, 0.3333333333333333]"
4224,928.6789702138072,670852.8117896084,"[0.3333333333333333, 0.3333333333333333, 0.3333333333333333]"
4225,711.4687345956982,482966.3637307668,"[0.3333333333333333, 0.3333333333333333, 0.3333333333333333]"
4226,842.7095552044956,409705.7450508417,"[0.3333333333333333, 0.3333333333333333, 0.3333333333333333]"
4227,887.2918697725523,118334.68717878697,"[0.3333333333333333, 0.3333333333333333, 0.3333333333333333]"
4228,290.8681893876876,106545.79005320887,"[0.3333333333333333, 0.3333333333333333, 0.3333333333333333]"
4229,882.3555216761371,353650.3678947027,"[0.3333333333333333, 0.3333333333333333, 0.3333333333333333]"
4230,431.1311476248317,482445.71955927665,"[0.3333333333333333, 0.3333333333333333, 0.3333333333333333]"
4231,243.20231442273257,829792.3637290323,"[0.3333333333333333, 0.3333333333333333, 0.3333333333333333]"
4232,76.00469870300005,333838.9985625467,"[0.3333333333333333, 0.3333333333333333, 0.3333333333333333]"
4233,273.25401543257493,888510.6619053067,"[0.3333333333333333, 0.3333333333333333, 0.3333333333333333]"
4234,667.924878445124,751345.1929767865,"[0.3333333333333333, 0.3333333333333333, 0.3333333333333333]"
4235,741.20940760369,407497.5033405831,"[0.3333333333333333, 0.3333333333333333, 0.3333333333333333]"
4236,648.616955288319,787348.8597108328,"[0.3333333333333333, 0.3333333333333333, 0.3333333333333333]"
4237,192.83901111050457,597518.4540912069,"[0.3333333333333333, 0.3333333333333333, 0.3333333333333333]"
4238,666.9381401457927,375595.3413072626,"[0.3333333333333333, 0.3333333333333333, 0.3333333333333333]"
4239,611.0031064684268,964644.4565336795,"[0.3333333333333333, 0.3333333333333333, 0.3333333333333333]"
4240,458.52980960048853,799074.9464406037,"[0.3333333333333333, 0.3333333333333333, 0.3333333333333333]"
4241,703.508044889023,699457.3031591916,"[0.3333333333333333, 0.3333333333333333, 0.3333333333333333]"
4242,294.189410151435,656532.1984577802,"[0.3333333333333333, 0.3333333333333333, 0.3333333333333333]"
4243,741.5611084800429,597783.8615774803,"[0.3333333333333333, 0.3333333333333333, 0.3333333333333333]"
4244,922.6288086857787,751518.7960369386,"[0.3333333333333333, 0.3333333333333333, 0.3333333333333333]"
4245,504.02333603986125,673095.6944784131,"[0.3333333333333333, 0.3333333333333333, 0.3333333333333333]"
4246,502.3404343299163,684329.4039918311,"[0.3333333333333333, 0.3333333333333333, 0.3333333333333333]"
4247,543.4457246879635,694293.107484294,"[0.3333333333333333, 0.3333333333333333, 0.3333333333333333]"
4248,686.6324788831164,228779.3623673071,"[0.3333333333333333, 0.3333333333333333, 0.3333333333333333]"
4249,620.3491631222441,680240.0986980007,"[0.3333333333333333, 0.3333333333333333, 0.3333333333333333]"
4250,146.14730396270608,820862.5840578744,"[0.3333333333333333, 0.3333333333333333, 0.3333333333333333]"
4251,327.9103066596154,610153.2953225676,"[0.3333333333333333, 0.3333333333333333, 0.3333333333333333]"
4252,358.650105813617,285115.4550472119,"[0.3333333333333333, 0.3333333333333333, 0.3333333333333333]"
4253,940.3021295922151,717300.8802821318,"[0.3333333333333333, 0.3333333333333333, 0.3333333333333333]"
4254,977.2659962054955,547150.1769433164,"[0.3333333333333333, 0.3333333333333333, 0.3333333333333333]"
4255,230.19286901384905,128165.74910506634,"[0.3333333333333333, 0.3333333333333333, 0.3333333333333333]"
4256,399.96809711998947,854769.2861352288,"[0.3333333333333333, 0.3333333333333333, 0.3333333333333333]"
4257,906.5669816711479,159515.8349656793,"[0.3333333333333333, 0.3333333333333333, 0.3333333333333333]"
4258,483.12478870726534,408592.18795209826,"[0.3333333333333333, 0.3333333333333333, 0.3333333333333333]"
4259,633.8319114487846,846258.0700114463,"[0.3333333333333333, 0.3333333333333333, 0.3333333333333333]"
4260,225.8769716039945,690569.8893802926,"[0.3333333333333333, 0.3333333333333333, 0.3333333333333333]"
4261,907.014111937414,473694.5653182204,"[0.3333333333333333, 0.3333333333333333, 0.3333333333333333]"
4262,19.982097746071144,961517.6552467396,"[0.3333333333333333, 0.3333333333333333, 0.3333333333333333]"
4263,690.0980467872329,559525.2135766866,"[0.3333333333333333, 0.3333333333333333, 0.3333333333333333]"
4264,850.0287144612125,275125.6939912551,"[0.3333333333333333, 0.3333333333333333, 0.3333333333333333]"
4265,779.3697428124718,913422.5031958404,"[0.3333333333333333, 0.3333333333333333, 0.3333333333333333]"
4266,619.7204323294742,669284.5351986137,"[0.3333333333333333, 0.3333333333333333, 0.3333333333333333]"
4267,881.5342662706447,497660.01022528665,"[0.3333333333333333, 0.3333333333333333, 0.3333333333333333]"
4268,14.549593307500324,165359.72460095707,"[0.3333333333333333, 0.3333333333333333, 0.3333333333333333]"
4269,221.79307214336595,879296.0594414556,"[0.3333333333333333, 0.3333333333333333, 0.3333333333333333]"
4270,163.86222489904463,300797.635853178,"[0.3333333333333333, 0.3333333333333333, 0.3333333333333333]"
4271,638.387225989142,146333.87726971874,"[0.3333333333333333, 0.3333333333333333, 0.3333333333333333]"
4272,941.8195851880546,179966.2906129686,"[0.3333333333333333, 0.3333333333333333, 0.3333333333333333]"
4273,183.81081315111845,761713.295265998,"[0.3333333333333333, 0.3333333333333333, 0.3333333333333333]"
4274,879.1180498407427,785911.2077763085,"[0.3333333333333333, 0.3333333333333333, 0.3333333333333333]"
4275,112.47599049291101,290150.6495352338,"[0.3333333333333333, 0.3333333333333333, 0.3333333333333333]"
4276,920.2282797484444,928920.1037692284,"[0.3333333333333333, 0.3333333333333333, 0.3333333333333333]"
4277,889.0723955138554,729765.4746665303,"[0.3333333333333333, 0.3333333333333333, 0.3333333333333333]"
4278,694.0903632005209,178881.7475047051,"[0.3333333333333333, 0.3333333333333333, 0.3333333333333333]"
4279,444.9915793279035,246185.30110156254,"[0.3333333333333333, 0.3333333333333333, 0.3333333333333333]"
4280,75.74059890530188,135496.40306817676,"[0.3333333333333333, 0.3333333333333333, 0.3333333333333333]"
4281,60.885641927343215,407435.8170659491,"[0.3333333333333333, 0.3333333333333333, 0.3333333333333333]"
4282,984.3343016461382,211657.6485298685,"[0.3333333333333333, 0.3333333333333333, 0.3333333333333333]"
4283,995.064416047554,798412.46919655,"[0.3333333333333333, 0.3333333333333333, 0.3333333333333333]"
4284,840.2677791344172,771582.6948403224,"[0.3333333333333333, 0.3333333333333333, 0.3333333333333333]"
4285,485.77066734684365,863286.586926981,"[0.3333333333333333, 0.3333333333333333, 0.3333333333333333]"
4286,369.8604695480962,633133.5084601232,"[0.3333333333333333, 0.3333333333333333, 0.3333333333333333]"
4287,855.0679959577533,537226.4434485,"[0.3333333333333333, 0.3333333333333333, 0.3333333333333333]"
4288,901.7317787870152,663054.9288278748,"[0.3333333333333333, 0.3333333333333333, 0.3333333333333333]"
4289,161.27894834536048,166675.86852450686,"[0.3333333333333333, 0.3333333333333333, 0.3333333333333333]"
4290,517.956660946557,740891.3979747061,"[0.3333333333333333, 0.3333333333333333, 0.3333333333333333]"
4291,577.4620366659349,103362.80464022559,"[0.3333333333333333, 0.3333333333333333, 0.3333333333333333]"
4292,747.5167766344657,344587.52683682856,"[0.3333333333333333, 0.3333333333333333, 0.3333333333333333]"
4293,150.65491304744202,143858.47013991696,"[0.3333333333333333, 0.3333333333333333, 0.3333333333333333]"
4294,811.8702458616882,440595.5148172531,"[0.3333333333333333, 0.3333333333333333, 0.3333333333333333]"
4295,295.4849612882536,703212.7840201296,"[0.3333333333333333, 0.3333333333333333, 0.3333333333333333]"
4296,852.8640177459433,762962.1500037907,"[0.3333333333333333, 0.3333333333333333, 0.3333333333333333]"
4297,221.55895632517374,875671.1268953851,"[0.3333333333333333, 0.3333333333333333, 0.3333333333333333]"
4298,991.6027929269927,509517.1859679931,"[0.3333333333333333, 0.3333333333333333, 0.3333333333333333]"
4299,624.4995331140246,280747.70499030885,"[0.3333333333333333, 0.3333333333333333, 0.3333333333333333]"
4300,58.07638436065502,656491.6672779316,"[0.3333333333333333, 0.3333333333333333, 0.3333333333333333]"
4301,546.0587069699928,355401.2154306053,"[0.3333333333333333, 0.3333333333333333, 0.3333333333333333]"
4302,259.08283267624813,271334.8253611417,"[0.3333333333333333, 0.3333333333333333, 0.3333333333333333]"
4303,327.5080681053089,574174.8262696418,"[0.3333333333333333, 0.3333333333333333, 0.3333333333333333]"
4304,648.8210812168642,350250.8162771362,"[0.3333333333333333, 0.3333333333333333, 0.3333333333333333]"
4305,397.6955784293948,332027.85288868996,"[0.3333333333333333, 0.3333333333333333, 0.3333333333333333]"
4306,46.59754883669169,641897.1630647246,"[0.3333333333333333, 0.3333333333333333, 0.3333333333333333]"
4307,893.834185235046,741028.3066116837,"[0.3333333333333333, 0.3333333333333333, 0.3333333333333333]"
4308,248.93826125774575,497981.029757906,"[0.3333333333333333, 0.3333333333333333, 0.3333333333333333]"
4309,633.3015951030791,146313.3970066416,"[0.3333333333333333, 0.3333333333333333, 0.3333333333333333]"
4310,263.1506871562245,233851.5447657287,"[0.3333333333333333, 0.3333333333333333, 0.3333333333333333]"
4311,858.1455407519613,152437.2874820098,"[0.3333333333333333, 0.3333333333333333, 0.3333333333333333]"
4312,462.4198963648722,428102.2686240503,"[0.3333333333333333, 0.3333333333333333, 0.3333333333333333]"
4313,87.39090794220868,847631.7770057681,"[0.3333333333333333, 0.3333333333333333, 0.3333333333333333]"
4314,16.16898363480279,851943.1558923437,"[0.3333333333333333, 0.3333333333333333, 0.3333333333333333]"
4315,98.0250019444433,209007.6084895024,"[0.3333333333333333, 0.3333333333333333, 0.3333333333333333]"
4316,931.9885398685259,170821.7624935662,"[0.3333333333333333, 0.3333333333333333, 0.3333333333333333]"
4317,849.8158891419143,113609.8833194623,"[0.3333333333333333, 0.3333333333333333, 0.3333333333333333]"
4318,803.2262189271908,167027.75515921102,"[0.3333333333333333, 0.3333333333333333, 0.3333333333333333]"
4319,632.605597078944,564503.0994988193,"[0.3333333333333333, 0.3333333333333333, 0.3333333333333333]"
4320,765.2074586763722,594659.6338657888,"[0.3333333333333333, 0.3333333333333333, 0.3333333333333333]"
4321,178.43621558245934,834543.3172821695,"[0.3333333333333333, 0.3333333333333333, 0.3333333333333333]"
4322,225.85085252264395,888486.46382352,"[0.3333333333333333, 0.3333333333333333, 0.3333333333333333]"
4323,581.2345287516315,759268.1494551053,"[0.3333333333333333, 0.3333333333333333, 0.3333333333333333]"
4324,653.3716040997119,459537.2383044968,"[0.3333333333333333, 0.3333333333333333, 0.3333333333333333]"
4325,915.6233880419982,934440.2709083154,"[0.3333333333333333, 0.3333333333333333, 0.3333333333333333]"
4326,646.2818801790502,644897.4142356676,"[0.3333333333333333, 0.3333333333333333, 0.3333333333333333]"
4327,24.33084450470762,126746.10370036116,"[0.3333333333333333, 0.3333333333333333, 0.3333333333333333]"
4328,825.1093543087661,809270.4561887857,"[0.3333333333333333, 0.3333333333333333, 0.3333333333333333]"
4329,56.5299842334843,350570.99453951616,"[0.3333333333333333, 0.3333333333333333, 0.3333333333333333]"
4330,503.7657793634479,851087.3394947345,"[0.3333333333333333, 0.3333333333333333, 0.3333333333333333]"
4331,766.855471015198,579098.0197629933,"[0.3333333333333333, 0.3333333333333333, 0.3333333333333333]"
4332,638.6904077398274,673952.2599085855,"[0.3333333333333333, 0.3333333333333333, 0.3333333333333333]"
4333,789.7489448014005,586516.171451657,"[0.3333333333333333, 0.3333333333333333, 0.3333333333333333]"
4334,72.65526628782979,546860.5472505302,"[0.3333333333333333, 0.3333333333333333, 0.3333333333333333]"
4335,774.7887934413347,473355.95387312805,"[0.3333333333333333, 0.3333333333333333, 0.3333333333333333]"
4336,379.41362155916715,399918.37683407695,"[0.3333333333333333, 0.3333333333333333, 0.3333333333333333]"
4337,328.6776922045182,484914.3663545622,"[0.3333333333333333, 0.3333333333333333, 0.3333333333333333]"
4338,70.16742350559633,827591.9893075218,"[0.3333333333333333, 0.3333333333333333, 0.3333333333333333]"
4339,641.0718828155757,288609.50552855025,"[0.3333333333333333, 0.3333333333333333, 0.3333333333333333]"
4340,250.9947200458124,479047.5068096233,"[0.3333333333333333, 0.3333333333333333, 0.3333333333333333]"
4341,711.4358446447992,982460.7722045837,"[0.3333333333333333, 0.3333333333333333, 0.3333333333333333]"
4342,162.92807181234465,951733.1351968088,"[0.3333333333333333, 0.3333333333333333, 0.3333333333333333]"
4343,214.72318407825864,924463.3103196509,"[0.3333333333333333, 0.3333333333333333, 0.3333333333333333]"
4344,466.92987099516813,661832.0082386336,"[0.3333333333333333, 0.3333333333333333, 0.3333333333333333]"
4345,858.913817919535,768038.0792457242,"[0.3333333333333333, 0.3333333333333333, 0.3333333333333333]"
4346,741.7792606675987,310262.0533457339,"[0.3333333333333333, 0.3333333333333333, 0.3333333333333333]"
4347,90.6111250393148,129921.75884111712,"[0.3333333333333333, 0.3333333333333333, 0.3333333333333333]"
4348,316.29319196394596,570051.4957207073,"[0.3333333333333333, 0.3333333333333333, 0.3333333333333333]"
4349,87.03728432887094,138596.6685905215,"[0.3333333333333333, 0.3333333333333333, 0.3333333333333333]"
4350,594.9953894404824,429902.97090736247,"[0.3333333333333333, 0.3333333333333333, 0.3333333333333333]"
4351,333.74275297573377,665975.2249737576,"[0.3333333333333333, 0.3333333333333333, 0.3333333333333333]"
4352,236.08100058980946,565250.0487403588,"[0.3333333333333333, 0.3333333333333333, 0.3333333333333333]"
4353,38.63616099767711,230134.99072925455,"[0.3333333333333333, 0.3333333333333333, 0.3333333333333333]"
4354,444.81662436971976,707449.2884971305,"[0.3333333333333333, 0.3333333333333333, 0.3333333333333333]"
4355,751.9488858948816,206922.18856813322,"[0.3333333333333333, 0.3333333333333333, 0.3333333333333333]"
4356,973.4971431865414,239177.32274671915,"[0.3333333333333333, 0.3333333333333333, 0.3333333333333333]"
4357,248.87632604142505,184950.2689574315,"[0.3333333333333333, 0.3333333333333333, 0.3333333333333333]"
4358,199.40278641597433,123962.67421796187,"[0.3333333333333333, 0.3333333333333333, 0.3333333333333333]"
4359,793.4366348570652,839907.1241936724,"[0.3333333333333333, 0.3333333333333333, 0.3333333333333333]"
4360,512.6363304166931,501831.6917784809,"[0.3333333333333333, 0.3333333333333333, 0.3333333333333333]"
4361,314.9863626698964,476114.1488385342,"[0.3333333333333333, 0.3333333333333333, 0.3333333333333333]"
4362,440.3895738848525,966132.7225009552,"[0.3333333333333333, 0.3333333333333333, 0.3333333333333333]"
4363,959.9218594517249,842106.4491595427,"[0.3333333333333333, 0.3333333333333333, 0.3333333333333333]"
4364,605.6285037744857,333430.4175438653,"[0.3333333333333333, 0.3333333333333333, 0.3333333333333333]"
4365,464.0424955425265,541923.4507085972,"[0.3333333333333333, 0.3333333333333333, 0.3333333333333333]"
4366,659.0224246727666,922532.0731146379,"[0.3333333333333333, 0.3333333333333333, 0.3333333333333333]"
4367,544.005797287384,435408.3292289671,"[0.3333333333333333, 0.3333333333333333, 0.3333333333333333]"
4368,322.00222286076763,748038.7118831462,"[0.3333333333333333, 0.3333333333333333, 0.3333333333333333]"
4369,320.2360662881029,896475.3704123936,"[0.3333333333333333, 0.3333333333333333, 0.3333333333333333]"
4370,437.0766330501279,742320.5955540382,"[0.3333333333333333, 0.3333333333333333, 0.3333333333333333]"
4371,908.3796730986353,624844.2818253712,"[0.3333333333333333, 0.3333333333333333, 0.3333333333333333]"
4372,510.5370149060609,227380.35270542593,"[0.3333333333333333, 0.3333333333333333, 0.3333333333333333]"
4373,895.819008389176,938800.0769168736,"[0.3333333333333333, 0.3333333333333333, 0.3333333333333333]"
4374,847.4089566334703,857160.3561088385,"[0.3333333333333333, 0.3333333333333333, 0.3333333333333333]"
4375,330.1214639234542,350705.86325981386,"[0.3333333333333333, 0.3333333333333333, 0.3333333333333333]"
4376,100.14274736143953,831157.1494942182,"[0.3333333333333333, 0.3333333333333333, 0.3333333333333333]"
4377,755.8400521128975,570532.4084766109,"[0.3333333333333333, 0.3333333333333333, 0.3333333333333333]"
4378,123.48578487834598,740980.9667556299,"[0.3333333333333333, 0.3333333333333333, 0.3333333333333333]"
4379,456.94540248764986,678312.1606735626,"[0.3333333333333333, 0.3333333333333333, 0.3333333333333333]"
4380,765.119740898026,240693.85832397683,"[0.3333333333333333, 0.3333333333333333, 0.3333333333333333]"
4381,680.9088780024276,577187.2439984288,"[0.3333333333333333, 0.3333333333333333, 0.3333333333333333]"
4382,994.3939191286843,375024.073003533,"[0.3333333333333333, 0.3333333333333333, 0.3333333333333333]"
4383,27.88319774026504,185938.93721725576,"[0.3333333333333333, 0.3333333333333333, 0.3333333333333333]"
4384,87.84418409360235,829562.8981020405,"[0.3333333333333333, 0.3333333333333333, 0.3333333333333333]"
4385,284.96942249357676,670941.4918947138,"[0.3333333333333333, 0.3333333333333333, 0.3333333333333333]"
4386,66.67862748370223,329676.22008491406,"[0.3333333333333333, 0.3333333333333333, 0.3333333333333333]"
4387,460.2824773129755,752450.7502113875,"[0.3333333333333333, 0.3333333333333333, 0.3333333333333333]"
4388,696.202377512314,760109.7555886132,"[0.3333333333333333, 0.3333333333333333, 0.3333333333333333]"
4389,224.04795246645958,725680.5094943263,"[0.3333333333333333, 0.3333333333333333, 0.3333333333333333]"
4390,906.2939878326115,294546.2434907451,"[0.3333333333333333, 0.3333333333333333, 0.3333333333333333]"
4391,666.733923535577,899201.0996775358,"[0.3333333333333333, 0.3333333333333333, 0.3333333333333333]"
4392,474.0489144300538,933464.7436019069,"[0.3333333333333333, 0.3333333333333333, 0.3333333333333333]"
4393,50.58788692692446,656697.6250142489,"[0.3333333333333333, 0.3333333333333333, 0.3333333333333333]"
4394,981.073055062624,577217.8904348616,"[0.3333333333333333, 0.3333333333333333, 0.3333333333333333]"
4395,584.6210864484467,907787.492265932,"[0.3333333333333333, 0.3333333333333333, 0.3333333333333333]"
4396,883.3300822518399,626065.1221997504,"[0.3333333333333333, 0.3333333333333333, 0.3333333333333333]"
4397,593.3930222445115,757873.410614073,"[0.3333333333333333, 0.3333333333333333, 0.3333333333333333]"
4398,529.2133266431492,736663.2346048441,"[0.3333333333333333, 0.3333333333333333, 0.3333333333333333]"
4399,960.035786713837,393259.4215901689,"[0.3333333333333333, 0.3333333333333333, 0.3333333333333333]"
4400,286.4379553645665,799943.3170967522,"[0.3333333333333333, 0.3333333333333333, 0.3333333333333333]"
4401,436.16529815164256,963437.3000498852,"[0.3333333333333333, 0.3333333333333333, 0.3333333333333333]"
4402,826.155422738957,950591.5590136327,"[0.3333333333333333, 0.3333333333333333, 0.3333333333333333]"
4403,434.0234588082268,808101.7628637934,"[0.3333333333333333, 0.3333333333333333, 0.3333333333333333]"
4404,395.7883698169521,443022.87257689214,"[0.3333333333333333, 0.3333333333333333, 0.3333333333333333]"
4405,360.9293390671095,463722.1696058654,"[0.3333333333333333, 0.3333333333333333, 0.3333333333333333]"
4406,974.9754892306877,300519.04207100027,"[0.3333333333333333, 0.3333333333333333, 0.3333333333333333]"
4407,951.3518758971002,224817.36849829264,"[0.3333333333333333, 0.3333333333333333, 0.3333333333333333]"
4408,375.35507435374757,729957.8074263801,"[0.3333333333333333, 0.3333333333333333, 0.3333333333333333]"
4409,548.8505678805235,371197.7997960163,"[0.3333333333333333, 0.3333333333333333, 0.3333333333333333]"
4410,193.024655936621,399013.0868893391,"[0.3333333333333333, 0.3333333333333333, 0.3333333333333333]"
4411,414.6346429269071,256088.8348402576,"[0.3333333333333333, 0.3333333333333333, 0.3333333333333333]"
4412,299.52776983434956,810555.5086926669,"[0.3333333333333333, 0.3333333333333333, 0.3333333333333333]"
4413,96.49445500179455,451142.6667113935,"[0.3333333333333333, 0.3333333333333333, 0.3333333333333333]"
4414,255.29200313461402,581635.8899692026,"[0.3333333333333333, 0.3333333333333333, 0.3333333333333333]"
4415,274.5855066548076,755831.6676768871,"[0.3333333333333333, 0.3333333333333333, 0.3333333333333333]"
4416,850.6149041855156,941944.8485939748,"[0.3333333333333333, 0.3333333333333333, 0.3333333333333333]"
4417,287.4676029404342,709736.9123164328,"[0.3333333333333333, 0.3333333333333333, 0.3333333333333333]"
4418,242.91766486407084,605589.1733320109,"[0.3333333333333333, 0.3333333333333333, 0.3333333333333333]"
4419,749.8299987010506,270452.6804422807,"[0.3333333333333333, 0.3333333333333333, 0.3333333333333333]"
4420,622.8744179703579,107825.20336654272,"[0.3333333333333333, 0.3333333333333333, 0.3333333333333333]"
4421,466.8750940679418,449719.91891441075,"[0.3333333333333333, 0.3333333333333333, 0.3333333333333333]"
4422,319.71314284754965,383525.79302862,"[0.3333333333333333, 0.3333333333333333, 0.3333333333333333]"
4423,46.036838294660335,324351.95162098645,"[0.3333333333333333, 0.3333333333333333, 0.3333333333333333]"
4424,438.3870006430347,816707.9281157991,"[0.3333333333333333, 0.3333333333333333, 0.3333333333333333]"
4425,298.9477960625136,997539.6402939181,"[0.3333333333333333, 0.3333333333333333, 0.3333333333333333]"
4426,845.8203370898499,990780.8334163157,"[0.3333333333333333, 0.3333333333333333, 0.3333333333333333]"
4427,909.380390000705,850225.8332061991,"[0.3333333333333333, 0.3333333333333333, 0.3333333333333333]"
4428,644.4690994717477,293628.31909263507,"[0.3333333333333333, 0.3333333333333333, 0.3333333333333333]"
4429,507.2619980801866,875561.9567271561,"[0.3333333333333333, 0.3333333333333333, 0.3333333333333333]"
4430,237.31510991228947,520766.77217798086,"[0.3333333333333333, 0.3333333333333333, 0.3333333333333333]"
4431,176.57672697630952,631370.5340361608,"[0.3333333333333333, 0.3333333333333333, 0.3333333333333333]"
4432,980.5826167990651,280910.0125452002,"[0.3333333333333333, 0.3333333333333333, 0.3333333333333333]"
4433,920.2066656796322,351475.8782990589,"[0.3333333333333333, 0.3333333333333333, 0.3333333333333333]"
4434,169.46088829869802,822899.3778758814,"[0.3333333333333333, 0.3333333333333333, 0.3333333333333333]"
4435,504.8621914507771,213148.66609870875,"[0.3333333333333333, 0.3333333333333333, 0.3333333333333333]"
4436,844.0209104853475,194620.18002048638,"[0.3333333333333333, 0.3333333333333333, 0.3333333333333333]"
4437,476.9729018232434,507031.58511360857,"[0.3333333333333333, 0.3333333333333333, 0.3333333333333333]"
4438,631.6622128977064,710426.5630843058,"[0.3333333333333333, 0.3333333333333333, 0.3333333333333333]"
4439,815.3734508869941,168642.8443348196,"[0.3333333333333333, 0.3333333333333333, 0.3333333333333333]"
4440,963.5642370967354,126238.0948188507,"[0.3333333333333333, 0.3333333333333333, 0.3333333333333333]"
4441,934.6786960919128,810513.8142974278,"[0.3333333333333333, 0.3333333333333333, 0.3333333333333333]"
4442,113.97749353268328,165517.2454821301,"[0.3333333333333333, 0.3333333333333333, 0.3333333333333333]"
4443,274.3394274786041,915607.004524159,"[0.3333333333333333, 0.3333333333333333, 0.3333333333333333]"
4444,611.0408117470033,649256.7812583904,"[0.3333333333333333, 0.3333333333333333, 0.3333333333333333]"
4445,436.21755469473175,551412.5516921428,"[0.3333333333333333, 0.3333333333333333, 0.3333333333333333]"
4446,725.1716567329901,581880.0451627434,"[0.3333333333333333, 0.3333333333333333, 0.3333333333333333]"
4447,542.6345638576158,230421.45996454987,"[0.3333333333333333, 0.3333333333333333, 0.3333333333333333]"
4448,319.51224712589425,966099.5483809098,"[0.3333333333333333, 0.3333333333333333, 0.3333333333333333]"
4449,413.1955331266421,141858.56348653336,"[0.3333333333333333, 0.3333333333333333, 0.3333333333333333]"
4450,758.4605821868853,751480.4253221104,"[0.3333333333333333, 0.3333333333333333, 0.3333333333333333]"
4451,703.1074832067933,127626.42257632856,"[0.3333333333333333, 0.3333333333333333, 0.3333333333333333]"
4452,320.0142755584749,756223.1513456379,"[0.3333333333333333, 0.3333333333333333, 0.3333333333333333]"
4453,892.2211974784311,258991.5815929887,"[0.3333333333333333, 0.3333333333333333, 0.3333333333333333]"
4454,148.44473131303906,931631.0359774055,"[0.3333333333333333, 0.3333333333333333, 0.3333333333333333]"
4455,702.7395547147132,138843.29964891626,"[0.3333333333333333, 0.3333333333333333, 0.3333333333333333]"
4456,851.3882054628987,629781.6636088733,"[0.3333333333333333, 0.3333333333333333, 0.3333333333333333]"
4457,943.1395057457574,123817.53396978225,"[0.3333333333333333, 0.3333333333333333, 0.3333333333333333]"
4458,419.6842413948729,872129.5877586734,"[0.3333333333333333, 0.3333333333333333, 0.3333333333333333]"
4459,41.03291287589063,265796.3698206861,"[0.3333333333333333, 0.3333333333333333, 0.3333333333333333]"
4460,818.4535308262299,745905.6146077756,"[0.3333333333333333, 0.3333333333333333, 0.3333333333333333]"
4461,202.0446431743024,710035.6523373005,"[0.3333333333333333, 0.3333333333333333, 0.3333333333333333]"
4462,75.8973360214095,258957.6710944667,"[0.3333333333333333, 0.3333333333333333, 0.3333333333333333]"
4463,112.14030523102659,613708.2145567974,"[0.3333333333333333, 0.3333333333333333, 0.3333333333333333]"
4464,491.80851173373213,366140.45556654583,"[0.3333333333333333, 0.3333333333333333, 0.3333333333333333]"
4465,716.6814315841686,173021.79611928316,"[0.3333333333333333, 0.3333333333333333, 0.3333333333333333]"
4466,431.6653580672918,420059.57530066476,"[0.3333333333333333, 0.3333333333333333, 0.3333333333333333]"
4467,861.795715576454,392286.5888537616,"[0.3333333333333333, 0.3333333333333333, 0.3333333333333333]"
4468,885.21292203901,957164.5655516709,"[0.3333333333333333, 0.3333333333333333, 0.3333333333333333]"
4469,953.969456205335,626609.0806850771,"[0.3333333333333333, 0.3333333333333333, 0.3333333333333333]"
4470,547.5486773772494,102931.80907445215,"[0.3333333333333333, 0.3333333333333333, 0.3333333333333333]"
4471,200.16796981135622,224428.9131676544,"[0.3333333333333333, 0.3333333333333333, 0.3333333333333333]"
4472,570.0115915527819,176918.4441273217,"[0.3333333333333333, 0.3333333333333333, 0.3333333333333333]"
4473,862.9020115770157,870304.2793668227,"[0.3333333333333333, 0.3333333333333333, 0.3333333333333333]"
4474,974.6742575655815,876449.0072753527,"[0.3333333333333333, 0.3333333333333333, 0.3333333333333333]"
4475,543.6738174259776,704970.3300042038,"[0.3333333333333333, 0.3333333333333333, 0.3333333333333333]"
4476,377.54032389605584,744823.544263595,"[0.3333333333333333, 0.3333333333333333, 0.3333333333333333]"
4477,189.08181272398124,811942.6200016021,"[0.3333333333333333, 0.3333333333333333, 0.3333333333333333]"
4478,694.0185807192605,734742.8880768328,"[0.3333333333333333, 0.3333333333333333, 0.3333333333333333]"
4479,161.7405089242293,325272.62716409774,"[0.3333333333333333, 0.3333333333333333, 0.3333333333333333]"
4480,718.5266720421796,491622.49516398617,"[0.3333333333333333, 0.3333333333333333, 0.3333333333333333]"
4481,211.96063917226255,582991.3609986579,"[0.3333333333333333, 0.3333333333333333, 0.3333333333333333]"
4482,820.5992251874329,256637.63255150555,"[0.3333333333333333, 0.3333333333333333, 0.3333333333333333]"
4483,685.3915227218694,385458.83445551025,"[0.3333333333333333, 0.3333333333333333, 0.3333333333333333]"
4484,731.480725014784,201289.3733830098,"[0.3333333333333333, 0.3333333333333333, 0.3333333333333333]"
4485,67.63881643310526,855976.1290223141,"[0.3333333333333333, 0.3333333333333333, 0.3333333333333333]"
4486,600.5344964164077,528838.9255003973,"[0.3333333333333333, 0.3333333333333333, 0.3333333333333333]"
4487,530.6001886244587,208060.86058677494,"[0.3333333333333333, 0.3333333333333333, 0.3333333333333333]"
4488,667.8300437203146,300764.9462464674,"[0.3333333333333333, 0.3333333333333333, 0.3333333333333333]"
4489,116.78483479253039,546420.8140380795,"[0.3333333333333333, 0.3333333333333333, 0.3333333333333333]"
4490,447.39988506446497,715519.2205684903,"[0.3333333333333333, 0.3333333333333333, 0.3333333333333333]"
4491,436.28585632311353,264768.4347001659,"[0.3333333333333333, 0.3333333333333333, 0.3333333333333333]"
4492,219.49459324923876,434297.84171007626,"[0.3333333333333333, 0.3333333333333333, 0.3333333333333333]"
4493,132.2799647444334,891462.8529798624,"[0.3333333333333333, 0.3333333333333333, 0.3333333333333333]"
4494,785.131385592439,179264.78484086617,"[0.3333333333333333, 0.3333333333333333, 0.3333333333333333]"
4495,169.291662258216,536233.0828962759,"[0.3333333333333333, 0.3333333333333333, 0.3333333333333333]"
4496,705.0291143464772,855501.9424189916,"[0.3333333333333333, 0.3333333333333333, 0.3333333333333333]"
4497,795.3221980241269,279003.495903678,"[0.3333333333333333, 0.3333333333333333, 0.3333333333333333]"
4498,383.98663415775167,100094.39965056656,"[0.3333333333333333, 0.3333333333333333, 0.3333333333333333]"
4499,132.069162181198,850578.625792486,"[0.3333333333333333, 0.3333333333333333, 0.3333333333333333]"
4500,582.2996109201931,649752.6488295806,"[0.3333333333333333, 0.3333333333333333, 0.3333333333333333]"
4501,693.1251960555786,389095.924535856,"[0.3333333333333333, 0.3333333333333333, 0.3333333333333333]"
4502,624.4138720311065,581017.2552967501,"[0.3333333333333333, 0.3333333333333333, 0.3333333333333333]"
4503,49.5606377572679,306194.22848776134,"[0.3333333333333333, 0.3333333333333333, 0.3333333333333333]"
4504,269.0063813047586,647662.9919002407,"[0.3333333333333333, 0.3333333333333333, 0.3333333333333333]"
4505,968.540286097786,691960.9568100341,"[0.3333333333333333, 0.3333333333333333, 0.3333333333333333]"
4506,185.21921148250655,276776.052217963,"[0.3333333333333333, 0.3333333333333333, 0.3333333333333333]"
4507,836.2749152370124,886622.1147560722,"[0.3333333333333333, 0.3333333333333333, 0.3333333333333333]"
4508,613.3240150740348,162494.70942544323,"[0.3333333333333333, 0.3333333333333333, 0.3333333333333333]"
4509,819.2380597800579,334048.51764850295,"[0.3333333333333333, 0.3333333333333333, 0.3333333333333333]"
4510,844.463090782519,669454.6210067051,"[0.3333333333333333, 0.3333333333333333, 0.3333333333333333]"
4511,373.3342877890272,114294.18053475047,"[0.3333333333333333, 0.3333333333333333, 0.3333333333333333]"
4512,838.7666652896522,879853.4644648975,"[0.3333333333333333, 0.3333333333333333, 0.3333333333333333]"
4513,158.6393865800176,381856.51808377093,"[0.3333333333333333, 0.3333333333333333, 0.3333333333333333]"
4514,134.32709267685289,332267.70969241904,"[0.3333333333333333, 0.3333333333333333, 0.3333333333333333]"
4515,25.443237762454537,204678.30165410432,"[0.3333333333333333, 0.3333333333333333, 0.3333333333333333]"
4516,957.9390501026089,370725.48524990893,"[0.3333333333333333, 0.3333333333333333, 0.3333333333333333]"
4517,101.79866381301656,410414.3774163187,"[0.3333333333333333, 0.3333333333333333, 0.3333333333333333]"
4518,906.3990609285196,311177.78685109294,"[0.3333333333333333, 0.3333333333333333, 0.3333333333333333]"
4519,609.9106201973843,106755.40519668639,"[0.3333333333333333, 0.3333333333333333, 0.3333333333333333]"
4520,474.09515681076135,568872.1096962315,"[0.3333333333333333, 0.3333333333333333, 0.3333333333333333]"
4521,487.28228336251453,521299.2437566028,"[0.3333333333333333, 0.3333333333333333, 0.3333333333333333]"
4522,18.069668514197673,695356.3212973664,"[0.3333333333333333, 0.3333333333333333, 0.3333333333333333]"
4523,769.7832479876919,615907.3963836769,"[0.3333333333333333, 0.3333333333333333, 0.3333333333333333]"
4524,31.59655964778094,231159.67927229474,"[0.3333333333333333, 0.3333333333333333, 0.3333333333333333]"
4525,820.4770373284438,489565.4829353614,"[0.3333333333333333, 0.3333333333333333, 0.3333333333333333]"
4526,908.6054283496877,167771.06264895457,"[0.3333333333333333, 0.3333333333333333, 0.3333333333333333]"
4527,975.3836791960185,219648.52255706507,"[0.3333333333333333, 0.3333333333333333, 0.3333333333333333]"
4528,537.9462052654445,760085.6514782624,"[0.3333333333333333, 0.3333333333333333, 0.3333333333333333]"
4529,574.6514117579271,852584.7976858112,"[0.3333333333333333, 0.3333333333333333, 0.3333333333333333]"
4530,936.0948149482919,603360.9947195319,"[0.3333333333333333, 0.3333333333333333, 0.3333333333333333]"
4531,728.454007607847,245406.0066891313,"[0.3333333333333333, 0.3333333333333333, 0.3333333333333333]"
4532,434.82542250709986,667546.3791382245,"[0.3333333333333333, 0.3333333333333333, 0.3333333333333333]"
4533,497.22179513961044,178033.6812768852,"[0.3333333333333333, 0.3333333333333333, 0.3333333333333333]"
4534,117.00760584492635,768212.69617118,"[0.3333333333333333, 0.3333333333333333, 0.3333333333333333]"
4535,794.369958903017,698446.6619306041,"[0.3333333333333333, 0.3333333333333333, 0.3333333333333333]"
4536,641.3488016844417,396638.3296728567,"[0.3333333333333333, 0.3333333333333333, 0.3333333333333333]"
4537,198.49575495864275,575647.2753971927,"[0.3333333333333333, 0.3333333333333333, 0.3333333333333333]"
4538,935.7833429024815,754315.619040862,"[0.3333333333333333, 0.3333333333333333, 0.3333333333333333]"
4539,237.86580742080972,335534.94694128935,"[0.3333333333333333, 0.3333333333333333, 0.3333333333333333]"
4540,757.1361513564968,135090.7687999066,"[0.3333333333333333, 0.3333333333333333, 0.3333333333333333]"
4541,502.92134414182675,318271.7717241559,"[0.3333333333333333, 0.3333333333333333, 0.3333333333333333]"
4542,770.5031954883876,916320.8391674124,"[0.3333333333333333, 0.3333333333333333, 0.3333333333333333]"
4543,173.03436496417925,712223.3990451697,"[0.3333333333333333, 0.3333333333333333, 0.3333333333333333]"
4544,735.4330777208494,271551.2821535539,"[0.3333333333333333, 0.3333333333333333, 0.3333333333333333]"
4545,320.29885876898805,778343.8451587561,"[0.3333333333333333, 0.3333333333333333, 0.3333333333333333]"
4546,977.3148993174956,400019.45905604376,"[0.3333333333333333, 0.3333333333333333, 0.3333333333333333]"
4547,971.3738593071985,441177.5083644752,"[0.3333333333333333, 0.3333333333333333, 0.3333333333333333]"
4548,591.6482362719667,520162.0058397137,"[0.3333333333333333, 0.3333333333333333, 0.3333333333333333]"
4549,778.7610863838067,175762.20185521466,"[0.3333333333333333, 0.3333333333333333, 0.3333333333333333]"
4550,761.2835254066858,605048.3539491964,"[0.3333333333333333, 0.3333333333333333, 0.3333333333333333]"
4551,403.350915499798,179884.58829665696,"[0.3333333333333333, 0.3333333333333333, 0.3333333333333333]"
4552,767.7166757908517,512155.7451205905,"[0.3333333333333333, 0.3333333333333333, 0.3333333333333333]"
4553,851.1844433753545,121049.0659113356,"[0.3333333333333333, 0.3333333333333333, 0.3333333333333333]"
4554,440.2696809619407,382102.31309291447,"[0.3333333333333333, 0.3333333333333333, 0.3333333333333333]"
4555,331.73747507998615,739856.115502329,"[0.3333333333333333, 0.3333333333333333, 0.3333333333333333]"
4556,755.0306057402831,331603.4587878735,"[0.3333333333333333, 0.3333333333333333, 0.3333333333333333]"
4557,972.2411124075654,139840.8229140561,"[0.3333333333333333, 0.3333333333333333, 0.3333333333333333]"
4558,934.7855470520357,511549.0354185145,"[0.3333333333333333, 0.3333333333333333, 0.3333333333333333]"
4559,826.4516018759555,762128.1048029106,"[0.3333333333333333, 0.3333333333333333, 0.3333333333333333]"
4560,970.7223659293787,419450.61206497706,"[0.3333333333333333, 0.3333333333333333, 0.3333333333333333]"
4561,401.25640803578443,451924.09472582594,"[0.3333333333333333, 0.3333333333333333, 0.3333333333333333]"
4562,864.2808432843998,492915.69873466686,"[0.3333333333333333, 0.3333333333333333, 0.3333333333333333]"
4563,55.85422978982726,816450.57012389,"[0.3333333333333333, 0.3333333333333333, 0.3333333333333333]"
4564,665.0977624619762,785158.9643692375,"[0.3333333333333333, 0.3333333333333333, 0.3333333333333333]"
4565,596.682037995134,688017.0232922299,"[0.3333333333333333, 0.3333333333333333, 0.3333333333333333]"
4566,962.6532520116748,492830.93414645456,"[0.3333333333333333, 0.3333333333333333, 0.3333333333333333]"
4567,715.7956440425388,728092.0362647722,"[0.3333333333333333, 0.3333333333333333, 0.3333333333333333]"
4568,862.4508451878465,437323.8383103692,"[0.3333333333333333, 0.3333333333333333, 0.3333333333333333]"
4569,662.4288409402176,516000.5528139691,"[0.3333333333333333, 0.3333333333333333, 0.3333333333333333]"
4570,841.7534598358535,472863.8767664421,"[0.3333333333333333, 0.3333333333333333, 0.3333333333333333]"
4571,305.309556199404,417548.5635726133,"[0.3333333333333333, 0.3333333333333333, 0.3333333333333333]"
4572,602.83705845254,388106.5097134391,"[0.3333333333333333, 0.3333333333333333, 0.3333333333333333]"
4573,546.4056824501687,826109.4019438709,"[0.3333333333333333, 0.3333333333333333, 0.3333333333333333]"
4574,891.571816473799,383505.46664123726,"[0.3333333333333333, 0.3333333333333333, 0.3333333333333333]"
4575,851.2493677427751,601473.2344800171,"[0.3333333333333333, 0.3333333333333333, 0.3333333333333333]"
4576,680.2354834485777,213563.5382951906,"[0.3333333333333333, 0.3333333333333333, 0.3333333333333333]"
4577,198.47528198474353,132086.47398856067,"[0.3333333333333333, 0.3333333333333333, 0.3333333333333333]"
4578,689.713169205839,750295.164895977,"[0.3333333333333333, 0.3333333333333333, 0.3333333333333333]"
4579,323.03895326609415,276994.07761842816,"[0.3333333333333333, 0.3333333333333333, 0.3333333333333333]"
4580,925.4793653695415,701902.7235869565,"[0.3333333333333333, 0.3333333333333333, 0.3333333333333333]"
4581,520.4026687871722,611717.1294636878,"[0.3333333333333333, 0.3333333333333333, 0.3333333333333333]"
4582,866.9601306700897,825260.1312495447,"[0.3333333333333333, 0.3333333333333333, 0.3333333333333333]"
4583,988.6660388828335,846275.7517736565,"[0.3333333333333333, 0.3333333333333333, 0.3333333333333333]"
4584,496.38419777053883,336073.20808629494,"[0.3333333333333333, 0.3333333333333333, 0.3333333333333333]"
4585,704.2198736045789,503585.85010466597,"[0.3333333333333333, 0.3333333333333333, 0.3333333333333333]"
4586,288.3618011955785,887597.8247626047,"[0.3333333333333333, 0.3333333333333333, 0.3333333333333333]"
4587,709.8062251535931,187648.4233651755,"[0.3333333333333333, 0.3333333333333333, 0.3333333333333333]"
4588,131.65943853775673,398224.14117588056,"[0.3333333333333333, 0.3333333333333333, 0.3333333333333333]"
4589,873.9550054863738,391112.321781553,"[0.3333333333333333, 0.3333333333333333, 0.3333333333333333]"
4590,658.9515068012464,379916.79252894735,"[0.3333333333333333, 0.3333333333333333, 0.3333333333333333]"
4591,986.3837222664001,136127.7948937125,"[0.3333333333333333, 0.3333333333333333, 0.3333333333333333]"
4592,806.1163182346357,440930.3006279782,"[0.3333333333333333, 0.3333333333333333, 0.3333333333333333]"
4593,452.586083015023,504488.13826331083,"[0.3333333333333333, 0.3333333333333333, 0.3333333333333333]"
4594,615.9665098952099,321661.53081550344,"[0.3333333333333333, 0.3333333333333333, 0.3333333333333333]"
4595,883.8542155763756,306705.71136615134,"[0.3333333333333333, 0.3333333333333333, 0.3333333333333333]"
4596,268.04029480714246,463699.9712019241,"[0.3333333333333333, 0.3333333333333333, 0.3333333333333333]"
4597,756.1726867884673,127620.05867828592,"[0.3333333333333333, 0.3333333333333333, 0.3333333333333333]"
4598,15.761189413153613,906513.7432927075,"[0.3333333333333333, 0.3333333333333333, 0.3333333333333333]"
4599,834.6860604525699,116255.18022005436,"[0.3333333333333333, 0.3333333333333333, 0.3333333333333333]"
4600,311.0113867767734,536020.5649792809,"[0.3333333333333333, 0.3333333333333333, 0.3333333333333333]"
4601,41.47438749689617,365503.2000973894,"[0.3333333333333333, 0.3333333333333333, 0.3333333333333333]"
4602,910.9338087321652,239385.86053696525,"[0.3333333333333333, 0.3333333333333333, 0.3333333333333333]"
4603,561.9913981794848,482965.165648107,"[0.3333333333333333, 0.3333333333333333, 0.3333333333333333]"
4604,553.1998619184875,679177.9763444884,"[0.3333333333333333, 0.3333333333333333, 0.3333333333333333]"
4605,463.60860588811687,304195.89119503455,"[0.3333333333333333, 0.3333333333333333, 0.3333333333333333]"
4606,337.0743839517301,521400.95768329356,"[0.3333333333333333, 0.3333333333333333, 0.3333333333333333]"
4607,297.94814362617893,846347.8089053144,"[0.3333333333333333, 0.3333333333333333, 0.3333333333333333]"
4608,689.2863770033646,772833.3410894916,"[0.3333333333333333, 0.3333333333333333, 0.3333333333333333]"
4609,365.19053306275833,397861.22112043906,"[0.3333333333333333, 0.3333333333333333, 0.3333333333333333]"
4610,927.5811712061494,497181.44709543075,"[0.3333333333333333, 0.3333333333333333, 0.3333333333333333]"
4611,278.01248562102523,476713.51531586575,"[0.3333333333333333, 0.3333333333333333, 0.3333333333333333]"
4612,939.9621016644428,489115.7591480967,"[0.3333333333333333, 0.3333333333333333, 0.3333333333333333]"
4613,95.67533463443698,128278.82453458972,"[0.3333333333333333, 0.3333333333333333, 0.3333333333333333]"
4614,530.8323796324978,428121.2159003255,"[0.3333333333333333, 0.3333333333333333, 0.3333333333333333]"
4615,353.39528236563336,928738.8264275059,"[0.3333333333333333, 0.3333333333333333, 0.3333333333333333]"
4616,669.0906418742479,452958.74918470584,"[0.3333333333333333, 0.3333333333333333, 0.3333333333333333]"
4617,619.1967417170091,271504.7894591907,"[0.3333333333333333, 0.3333333333333333, 0.3333333333333333]"
4618,632.318955843804,344083.8952330883,"[0.3333333333333333, 0.3333333333333333, 0.3333333333333333]"
4619,17.993051446514293,449241.06624814577,"[0.3333333333333333, 0.3333333333333333, 0.3333333333333333]"
4620,861.8604060229526,722165.0115862619,"[0.3333333333333333, 0.3333333333333333, 0.3333333333333333]"
4621,399.28306894246776,838332.8737083278,"[0.3333333333333333, 0.3333333333333333, 0.3333333333333333]"
4622,717.2445931922081,520993.6912470419,"[0.3333333333333333, 0.3333333333333333, 0.3333333333333333]"
4623,517.7407757992255,497607.3061832337,"[0.3333333333333333, 0.3333333333333333, 0.3333333333333333]"
4624,648.0720563043708,464319.3615870833,"[0.3333333333333333, 0.3333333333333333, 0.3333333333333333]"
4625,856.5549989457426,528715.1776818713,"[0.3333333333333333, 0.3333333333333333, 0.3333333333333333]"
4626,208.18446384486697,725538.5263218749,"[0.3333333333333333, 0.3333333333333333, 0.3333333333333333]"
4627,36.55692928579429,699145.5423306845,"[0.3333333333333333, 0.3333333333333333, 0.3333333333333333]"
4628,125.69784653068939,285407.0062096394,"[0.3333333333333333, 0.3333333333333333, 0.3333333333333333]"
4629,66.83816334016807,641567.1250036195,"[0.3333333333333333, 0.3333333333333333, 0.3333333333333333]"
4630,583.9811719831865,905927.0624870245,"[0.3333333333333333, 0.3333333333333333, 0.3333333333333333]"
4631,854.6085641872033,478217.8276892309,"[0.3333333333333333, 0.3333333333333333, 0.3333333333333333]"
4632,110.25863167370112,861527.067108469,"[0.3333333333333333, 0.3333333333333333, 0.3333333333333333]"
4633,626.6091817663486,149628.84733299146,"[0.3333333333333333, 0.3333333333333333, 0.3333333333333333]"
4634,871.5847276270342,220842.49257640407,"[0.3333333333333333, 0.3333333333333333, 0.3333333333333333]"
4635,978.8011724236334,215107.27658423252,"[0.3333333333333333, 0.3333333333333333, 0.3333333333333333]"
4636,750.9876468950772,109834.03159389817,"[0.3333333333333333, 0.3333333333333333, 0.3333333333333333]"
4637,157.97024696187066,644907.20149343,"[0.3333333333333333, 0.3333333333333333, 0.3333333333333333]"
4638,481.91128840246944,209419.08789039406,"[0.3333333333333333, 0.3333333333333333, 0.3333333333333333]"
4639,664.1945849598658,517832.64494842896,"[0.3333333333333333, 0.3333333333333333, 0.3333333333333333]"
4640,140.53794660120826,148719.28014787083,"[0.3333333333333333, 0.3333333333333333, 0.3333333333333333]"
4641,106.16630002154974,505135.96629325923,"[0.3333333333333333, 0.3333333333333333, 0.3333333333333333]"
4642,823.848454886154,797036.8427535146,"[0.3333333333333333, 0.3333333333333333, 0.3333333333333333]"
4643,403.26231712314956,644526.8864897,"[0.3333333333333333, 0.3333333333333333, 0.3333333333333333]"
4644,618.1017432816824,355139.09917505574,"[0.3333333333333333, 0.3333333333333333, 0.3333333333333333]"
4645,34.95513650794432,390176.0279342869,"[0.3333333333333333, 0.3333333333333333, 0.3333333333333333]"
4646,741.3359830697592,471533.0870017228,"[0.3333333333333333, 0.3333333333333333, 0.3333333333333333]"
4647,680.7900302096205,248935.07223175516,"[0.3333333333333333, 0.3333333333333333, 0.3333333333333333]"
4648,251.0836020118305,284160.0690194384,"[0.3333333333333333, 0.3333333333333333, 0.3333333333333333]"
4649,863.0143727907841,811399.5935973132,"[0.3333333333333333, 0.3333333333333333, 0.3333333333333333]"
4650,409.39018259909585,612663.0608182586,"[0.3333333333333333, 0.3333333333333333, 0.3333333333333333]"
4651,361.85833509501776,125128.3353886513,"[0.3333333333333333, 0.3333333333333333, 0.3333333333333333]"
4652,563.2128545305895,516963.9405114794,"[0.3333333333333333, 0.3333333333333333, 0.3333333333333333]"
4653,97.60306350195998,950973.440112728,"[0.3333333333333333, 0.3333333333333333, 0.3333333333333333]"
4654,635.5664332072456,151814.31568376574,"[0.3333333333333333, 0.3333333333333333, 0.3333333333333333]"
4655,119.80306058187942,559334.0497183289,"[0.3333333333333333, 0.3333333333333333, 0.3333333333333333]"
4656,737.6017285013875,232106.1595744403,"[0.3333333333333333, 0.3333333333333333, 0.3333333333333333]"
4657,360.11991799667936,653475.4003558318,"[0.3333333333333333, 0.3333333333333333, 0.3333333333333333]"
4658,389.0201455196695,456566.65601284784,"[0.3333333333333333, 0.3333333333333333, 0.3333333333333333]"
4659,587.5106658976548,751864.0420004525,"[0.3333333333333333, 0.3333333333333333, 0.3333333333333333]"
4660,112.34764759347715,928859.4738325577,"[0.3333333333333333, 0.3333333333333333, 0.3333333333333333]"
4661,923.9512936544008,120402.51498991388,"[0.3333333333333333, 0.3333333333333333, 0.3333333333333333]"
4662,868.5997645578201,411257.80030132906,"[0.3333333333333333, 0.3333333333333333, 0.3333333333333333]"
4663,190.90887257123273,657695.6578392556,"[0.3333333333333333, 0.3333333333333333, 0.3333333333333333]"
4664,113.16717358949901,440980.6060211852,"[0.3333333333333333, 0.3333333333333333, 0.3333333333333333]"
4665,509.2367414583452,828217.5576484562,"[0.3333333333333333, 0.3333333333333333, 0.3333333333333333]"
4666,626.5781699443595,594449.2788405148,"[0.3333333333333333, 0.3333333333333333, 0.3333333333333333]"
4667,796.7484535575857,293980.4204098043,"[0.3333333333333333, 0.3333333333333333, 0.3333333333333333]"
4668,485.7522466451365,253402.29754485382,"[0.3333333333333333, 0.3333333333333333, 0.3333333333333333]"
4669,97.81519986835117,667422.3953829918,"[0.3333333333333333, 0.3333333333333333, 0.3333333333333333]"
4670,928.2327367995255,756145.4799694486,"[0.3333333333333333, 0.3333333333333333, 0.3333333333333333]"
4671,384.9669337909274,137609.81001704952,"[0.3333333333333333, 0.3333333333333333, 0.3333333333333333]"
4672,762.4609296080527,932749.1126413024,"[0.3333333333333333, 0.3333333333333333, 0.3333333333333333]"
4673,170.83923711526364,704934.7184360167,"[0.3333333333333333, 0.3333333333333333, 0.3333333333333333]"
4674,960.7337253041935,349074.64470514597,"[0.3333333333333333, 0.3333333333333333, 0.3333333333333333]"
4675,588.8405680414467,695263.5235043551,"[0.3333333333333333, 0.3333333333333333, 0.3333333333333333]"
4676,179.1339540305839,879590.4151527288,"[0.3333333333333333, 0.3333333333333333, 0.3333333333333333]"
4677,666.3208743979962,460612.25170215406,"[0.3333333333333333, 0.3333333333333333, 0.3333333333333333]"
4678,806.1873276688681,516854.4492868549,"[0.3333333333333333, 0.3333333333333333, 0.3333333333333333]"
4679,264.6019962884337,552884.2957894006,"[0.3333333333333333, 0.3333333333333333, 0.3333333333333333]"
4680,721.9172826944426,191166.09130473481,"[0.3333333333333333, 0.3333333333333333, 0.3333333333333333]"
4681,906.5258320289805,808147.3425810792,"[0.3333333333333333, 0.3333333333333333, 0.3333333333333333]"
4682,753.7159944813493,821328.5750156407,"[0.3333333333333333, 0.3333333333333333, 0.3333333333333333]"
4683,980.1277444978923,228733.11297328267,"[0.3333333333333333, 0.3333333333333333, 0.3333333333333333]"
4684,426.77604630197845,606406.3318770621,"[0.3333333333333333, 0.3333333333333333, 0.3333333333333333]"
4685,455.73251856268905,838456.1125584526,"[0.3333333333333333, 0.3333333333333333, 0.3333333333333333]"
4686,801.5493639304316,125851.38639009981,"[0.3333333333333333, 0.3333333333333333, 0.3333333333333333]"
4687,603.5405954025205,276187.4025326632,"[0.3333333333333333, 0.3333333333333333, 0.3333333333333333]"
4688,430.91896253682415,664938.7666257491,"[0.3333333333333333, 0.3333333333333333, 0.3333333333333333]"
4689,188.58496098590453,872984.5111471696,"[0.3333333333333333, 0.3333333333333333, 0.3333333333333333]"
4690,994.1946460337616,652504.4000807032,"[0.3333333333333333, 0.3333333333333333, 0.3333333333333333]"
4691,556.59000630798,522152.1753452665,"[0.3333333333333333, 0.3333333333333333, 0.3333333333333333]"
4692,407.4840794164408,244867.72961951303,"[0.3333333333333333, 0.3333333333333333, 0.3333333333333333]"
4693,222.2900555752348,954761.4819245068,"[0.3333333333333333, 0.3333333333333333, 0.3333333333333333]"
4694,318.65522493992563,968246.5579649839,"[0.3333333333333333, 0.3333333333333333, 0.3333333333333333]"
4695,667.5384072755777,309312.2373146734,"[0.3333333333333333, 0.3333333333333333, 0.3333333333333333]"
4696,298.7199860084982,203487.7459893481,"[0.3333333333333333, 0.3333333333333333, 0.3333333333333333]"
4697,207.14517273126583,924949.2823073452,"[0.3333333333333333, 0.3333333333333333, 0.3333333333333333]"
4698,111.04426405920407,799980.1148688025,"[0.3333333333333333, 0.3333333333333333, 0.3333333333333333]"
4699,183.0882435427328,238658.56379714058,"[0.3333333333333333, 0.3333333333333333, 0.3333333333333333]"
4700,684.0776344550039,400831.3310658428,"[0.3333333333333333, 0.3333333333333333, 0.3333333333333333]"
4701,496.6328784946619,518451.2864149918,"[0.3333333333333333, 0.3333333333333333, 0.3333333333333333]"
4702,39.30034101748008,356768.2024038489,"[0.3333333333333333, 0.3333333333333333, 0.3333333333333333]"
4703,905.4107757692317,713949.3939285564,"[0.3333333333333333, 0.3333333333333333, 0.3333333333333333]"
4704,555.9633614280153,757550.2006353531,"[0.3333333333333333, 0.3333333333333333, 0.3333333333333333]"
4705,100.12051052456722,169330.8833608787,"[0.3333333333333333, 0.3333333333333333, 0.3333333333333333]"
4706,580.8331830896518,170825.02848413322,"[0.3333333333333333, 0.3333333333333333, 0.3333333333333333]"
4707,445.05927511651737,143665.8439285729,"[0.3333333333333333, 0.3333333333333333, 0.3333333333333333]"
4708,245.63531455483425,911900.136094839,"[0.3333333333333333, 0.3333333333333333, 0.3333333333333333]"
4709,392.6350450352224,988689.9542542734,"[0.3333333333333333, 0.3333333333333333, 0.3333333333333333]"
4710,655.0368996207085,419285.1991695421,"[0.3333333333333333, 0.3333333333333333, 0.3333333333333333]"
4711,243.3107852668663,882014.0338424875,"[0.3333333333333333, 0.3333333333333333, 0.3333333333333333]"
4712,32.25863249057191,936135.1105861597,"[0.3333333333333333, 0.3333333333333333, 0.3333333333333333]"
4713,121.7420759717398,838353.7180998041,"[0.3333333333333333, 0.3333333333333333, 0.3333333333333333]"
4714,241.8901388956021,392195.3346421011,"[0.3333333333333333, 0.3333333333333333, 0.3333333333333333]"
4715,329.2027576052611,236575.77355820962,"[0.3333333333333333, 0.3333333333333333, 0.3333333333333333]"
4716,145.46691433641251,492119.91145481414,"[0.3333333333333333, 0.3333333333333333, 0.3333333333333333]"
4717,282.936523287579,646648.1923789914,"[0.3333333333333333, 0.3333333333333333, 0.3333333333333333]"
4718,388.2967767482394,232639.1258233375,"[0.3333333333333333, 0.3333333333333333, 0.3333333333333333]"
4719,967.0710334107796,190263.96208868112,"[0.3333333333333333, 0.3333333333333333, 0.3333333333333333]"
4720,134.44545825161575,564240.0756057308,"[0.3333333333333333, 0.3333333333333333, 0.3333333333333333]"
4721,180.19968428583127,402728.64937826915,"[0.3333333333333333, 0.3333333333333333, 0.3333333333333333]"
4722,563.5760661321152,523837.2402509518,"[0.3333333333333333, 0.3333333333333333, 0.3333333333333333]"
4723,542.5446468565946,757607.7926220723,"[0.3333333333333333, 0.3333333333333333, 0.3333333333333333]"
4724,393.9247690426881,994257.762498984,"[0.3333333333333333, 0.3333333333333333, 0.3333333333333333]"
4725,912.0766837671282,350757.5613170571,"[0.3333333333333333, 0.3333333333333333, 0.3333333333333333]"
4726,871.0292930895191,354528.9430940591,"[0.3333333333333333, 0.3333333333333333, 0.3333333333333333]"
4727,191.58869484912873,959098.9386531444,"[0.3333333333333333, 0.3333333333333333, 0.3333333333333333]"
4728,28.84002881198367,573269.5579512658,"[0.3333333333333333, 0.3333333333333333, 0.3333333333333333]"
4729,655.0456146178241,607183.1690448087,"[0.3333333333333333, 0.3333333333333333, 0.3333333333333333]"
4730,40.57270893500794,942809.3816174336,"[0.3333333333333333, 0.3333333333333333, 0.3333333333333333]"
4731,873.6762502725337,221085.06067090877,"[0.3333333333333333, 0.3333333333333333, 0.3333333333333333]"
4732,383.57550735390276,484060.9721902215,"[0.3333333333333333, 0.3333333333333333, 0.3333333333333333]"
4733,457.4663705416362,465492.55553985294,"[0.3333333333333333, 0.3333333333333333, 0.3333333333333333]"
4734,235.9270265888627,626537.8716167313,"[0.3333333333333333, 0.3333333333333333, 0.3333333333333333]"
4735,94.34249860886482,252547.0619671129,"[0.3333333333333333, 0.3333333333333333, 0.3333333333333333]"
4736,852.27101875893,898091.1463543253,"[0.3333333333333333, 0.3333333333333333, 0.3333333333333333]"
4737,660.2171911642504,616171.7028037879,"[0.3333333333333333, 0.3333333333333333, 0.3333333333333333]"
4738,264.995887815993,394061.08943307085,"[0.3333333333333333, 0.3333333333333333, 0.3333333333333333]"
4739,765.0985184056154,118759.60926775134,"[0.3333333333333333, 0.3333333333333333, 0.3333333333333333]"
4740,193.50187337243585,509356.39175947057,"[0.3333333333333333, 0.3333333333333333, 0.3333333333333333]"
4741,746.8233550713363,101192.1882471291,"[0.3333333333333333, 0.3333333333333333, 0.3333333333333333]"
4742,267.5077685809806,412735.16545785,"[0.3333333333333333, 0.3333333333333333, 0.3333333333333333]"
4743,797.0486554530073,167197.62918429432,"[0.3333333333333333, 0.3333333333333333, 0.3333333333333333]"
4744,396.6285878561694,746136.199450972,"[0.3333333333333333, 0.3333333333333333, 0.3333333333333333]"
4745,947.3003567455622,625948.1243318012,"[0.3333333333333333, 0.3333333333333333, 0.3333333333333333]"
4746,904.7609742185118,662073.2797419785,"[0.3333333333333333, 0.3333333333333333, 0.3333333333333333]"
4747,524.9369867702213,130215.6780824468,"[0.3333333333333333, 0.3333333333333333, 0.3333333333333333]"
4748,966.3265398996443,377429.298078421,"[0.3333333333333333, 0.3333333333333333, 0.3333333333333333]"
4749,863.5059603875304,339560.50208613125,"[0.3333333333333333, 0.3333333333333333, 0.3333333333333333]"
4750,815.3350568905405,404936.2434241035,"[0.3333333333333333, 0.3333333333333333, 0.3333333333333333]"
4751,986.2254191242861,746471.4656740646,"[0.3333333333333333, 0.3333333333333333, 0.3333333333333333]"
4752,554.4142724626447,500135.5059999925,"[0.3333333333333333, 0.3333333333333333, 0.3333333333333333]"
4753,747.9449817898789,145235.22300627443,"[0.3333333333333333, 0.3333333333333333, 0.3333333333333333]"
4754,741.3035806894312,652974.9100373094,"[0.3333333333333333, 0.3333333333333333, 0.3333333333333333]"
4755,877.3608779575765,683671.7622141509,"[0.3333333333333333, 0.3333333333333333, 0.3333333333333333]"
4756,604.8074056986281,461201.1272401795,"[0.3333333333333333, 0.3333333333333333, 0.3333333333333333]"
4757,71.85787916362386,711994.0690860483,"[0.3333333333333333, 0.3333333333333333, 0.3333333333333333]"
4758,887.7266192596009,234120.44745753807,"[0.3333333333333333, 0.3333333333333333, 0.3333333333333333]"
4759,341.2080083872276,514596.4054258303,"[0.3333333333333333, 0.3333333333333333, 0.3333333333333333]"
4760,380.1745121577859,602136.0933074637,"[0.3333333333333333, 0.3333333333333333, 0.3333333333333333]"
4761,617.9549390143425,858086.6120174059,"[0.3333333333333333, 0.3333333333333333, 0.3333333333333333]"
4762,644.0189655218855,857111.5877602089,"[0.3333333333333333, 0.3333333333333333, 0.3333333333333333]"
4763,29.766686021592196,830481.5085404561,"[0.3333333333333333, 0.3333333333333333, 0.3333333333333333]"
4764,177.4644398400179,650436.9736606394,"[0.3333333333333333, 0.3333333333333333, 0.3333333333333333]"
4765,158.68196950879317,547841.0664426566,"[0.3333333333333333, 0.3333333333333333, 0.3333333333333333]"
4766,835.3752981284621,131811.6993147328,"[0.3333333333333333, 0.3333333333333333, 0.3333333333333333]"
4767,925.0214098562826,216408.96690291527,"[0.3333333333333333, 0.3333333333333333, 0.3333333333333333]"
4768,844.8171969499617,278666.34179800074,"[0.3333333333333333, 0.3333333333333333, 0.3333333333333333]"
4769,565.456835394661,426320.01077027945,"[0.3333333333333333, 0.3333333333333333, 0.3333333333333333]"
4770,551.898799229784,755469.6283306802,"[0.3333333333333333, 0.3333333333333333, 0.3333333333333333]"
4771,758.8901887609147,766844.2470818581,"[0.3333333333333333, 0.3333333333333333, 0.3333333333333333]"
4772,385.0329333129362,801651.795561103,"[0.3333333333333333, 0.3333333333333333, 0.3333333333333333]"
4773,538.9488968673262,159751.72447595317,"[0.3333333333333333, 0.3333333333333333, 0.3333333333333333]"
4774,238.35799518735496,626702.1341301028,"[0.3333333333333333, 0.3333333333333333, 0.3333333333333333]"
4775,812.8330574721792,142905.63264191657,"[0.3333333333333333, 0.3333333333333333, 0.3333333333333333]"
4776,414.24714816899535,130312.31755921256,"[0.3333333333333333, 0.3333333333333333, 0.3333333333333333]"
4777,492.2512681704738,691921.3346083825,"[0.3333333333333333, 0.3333333333333333, 0.3333333333333333]"
4778,834.0901238995384,938297.2654801352,"[0.3333333333333333, 0.3333333333333333, 0.3333333333333333]"
4779,82.51337598736396,179928.94983822812,"[0.3333333333333333, 0.3333333333333333, 0.3333333333333333]"
4780,459.07081550252497,969669.691417374,"[0.3333333333333333, 0.3333333333333333, 0.3333333333333333]"
4781,931.0859005327835,195077.13647569163,"[0.3333333333333333, 0.3333333333333333, 0.3333333333333333]"
4782,116.66958021653032,682749.5444801286,"[0.3333333333333333, 0.3333333333333333, 0.3333333333333333]"
4783,977.9634571681678,150842.9110358458,"[0.3333333333333333, 0.3333333333333333, 0.3333333333333333]"
4784,302.66722144712884,669801.2573097921,"[0.3333333333333333, 0.3333333333333333, 0.3333333333333333]"
4785,571.2988685519084,915712.3474329218,"[0.3333333333333333, 0.3333333333333333, 0.3333333333333333]"
4786,237.65779171054348,152549.4463841111,"[0.3333333333333333, 0.3333333333333333, 0.3333333333333333]"
4787,523.0321650498327,766213.317735957,"[0.3333333333333333, 0.3333333333333333, 0.3333333333333333]"
4788,309.0607956105991,133189.65292090384,"[0.3333333333333333, 0.3333333333333333, 0.3333333333333333]"
4789,589.6777959023966,497029.7471132102,"[0.3333333333333333, 0.3333333333333333, 0.3333333333333333]"
4790,643.677881663376,744841.0827410733,"[0.3333333333333333, 0.3333333333333333, 0.3333333333333333]"
4791,656.0845685964358,591931.5984273829,"[0.3333333333333333, 0.3333333333333333, 0.3333333333333333]"
4792,25.262253367807567,822736.6030430105,"[0.3333333333333333, 0.3333333333333333, 0.3333333333333333]"
4793,943.3316489938499,219161.05229407814,"[0.3333333333333333, 0.3333333333333333, 0.3333333333333333]"
4794,292.2684666005421,866711.3144845875,"[0.3333333333333333, 0.3333333333333333, 0.3333333333333333]"
4795,60.945863959107896,604057.6652025708,"[0.3333333333333333, 0.3333333333333333, 0.3333333333333333]"
4796,980.0207463847853,288852.10816327133,"[0.3333333333333333, 0.3333333333333333, 0.3333333333333333]"
4797,242.73620424563575,889265.6947427626,"[0.3333333333333333, 0.3333333333333333, 0.3333333333333333]"
4798,674.5199265663264,900781.0567110834,"[0.3333333333333333, 0.3333333333333333, 0.3333333333333333]"
4799,588.9823995168804,738114.9329028275,"[0.3333333333333333, 0.3333333333333333, 0.3333333333333333]"
4800,942.103670614931,239154.6368235842,"[0.3333333333333333, 0.3333333333333333, 0.3333333333333333]"
4801,77.41359736552337,211919.41434042156,"[0.3333333333333333, 0.3333333333333333, 0.3333333333333333]"
4802,840.5518574114319,942119.1548950898,"[0.3333333333333333, 0.3333333333333333, 0.3333333333333333]"
4803,362.8005002638068,480731.3620482459,"[0.3333333333333333, 0.3333333333333333, 0.3333333333333333]"
4804,506.58261643801757,826333.613263141,"[0.3333333333333333, 0.3333333333333333, 0.3333333333333333]"
4805,723.0593990451107,386106.6499622274,"[0.3333333333333333, 0.3333333333333333, 0.3333333333333333]"
4806,737.2523932679393,904141.3336763283,"[0.3333333333333333, 0.3333333333333333, 0.3333333333333333]"
4807,610.6466909264752,745002.8100632522,"[0.3333333333333333, 0.3333333333333333, 0.3333333333333333]"
4808,689.9826946631443,834356.7646978006,"[0.3333333333333333, 0.3333333333333333, 0.3333333333333333]"
4809,432.38325938406956,667207.7699400592,"[0.3333333333333333, 0.3333333333333333, 0.3333333333333333]"
4810,719.2024805612862,548140.492415475,"[0.3333333333333333, 0.3333333333333333, 0.3333333333333333]"
4811,472.00483868678594,140028.58832615832,"[0.3333333333333333, 0.3333333333333333, 0.3333333333333333]"
4812,969.8461250827263,880245.9128189347,"[0.3333333333333333, 0.3333333333333333, 0.3333333333333333]"
4813,389.2291344363169,970770.3599845425,"[0.3333333333333333, 0.3333333333333333, 0.3333333333333333]"
4814,633.3667489780577,562978.6737492958,"[0.3333333333333333, 0.3333333333333333, 0.3333333333333333]"
4815,848.035532079014,378677.55060639384,"[0.3333333333333333, 0.3333333333333333, 0.3333333333333333]"
4816,58.94804594126083,773353.117275273,"[0.3333333333333333, 0.3333333333333333, 0.3333333333333333]"
4817,575.8952847497804,286726.2128768445,"[0.3333333333333333, 0.3333333333333333, 0.3333333333333333]"
4818,522.1226291306709,899144.1206326889,"[0.3333333333333333, 0.3333333333333333, 0.3333333333333333]"
4819,554.4935584673713,105189.14343407424,"[0.3333333333333333, 0.3333333333333333, 0.3333333333333333]"
4820,863.8386835004031,408985.06534213666,"[0.3333333333333333, 0.3333333333333333, 0.3333333333333333]"
4821,718.7437417089488,129589.37612960985,"[0.3333333333333333, 0.3333333333333333, 0.3333333333333333]"
4822,759.5208773424957,850066.1000927889,"[0.3333333333333333, 0.3333333333333333, 0.3333333333333333]"
4823,998.4689611585643,614007.5932465524,"[0.3333333333333333, 0.3333333333333333, 0.3333333333333333]"
4824,931.2548716701473,934452.6688987443,"[0.3333333333333333, 0.3333333333333333, 0.3333333333333333]"
4825,815.1095803523451,508651.66202018055,"[0.3333333333333333, 0.3333333333333333, 0.3333333333333333]"
4826,967.6082029902142,991127.3463484173,"[0.3333333333333333, 0.3333333333333333, 0.3333333333333333]"
4827,955.5494883371261,196534.75780511607,"[0.3333333333333333, 0.3333333333333333, 0.3333333333333333]"
4828,186.81072937972434,397393.76616328734,"[0.3333333333333333, 0.3333333333333333, 0.3333333333333333]"
4829,706.4930689971966,856932.3068689285,"[0.3333333333333333, 0.3333333333333333, 0.3333333333333333]"
4830,701.3461408135031,413275.3485537921,"[0.3333333333333333, 0.3333333333333333, 0.3333333333333333]"
4831,561.4503062052529,828333.3344687343,"[0.3333333333333333, 0.3333333333333333, 0.3333333333333333]"
4832,925.9100096406922,313709.1582368625,"[0.3333333333333333, 0.3333333333333333, 0.3333333333333333]"
4833,807.3249400087751,139887.33857696477,"[0.3333333333333333, 0.3333333333333333, 0.3333333333333333]"
4834,318.5194853193188,267758.86806892103,"[0.3333333333333333, 0.3333333333333333, 0.3333333333333333]"
4835,298.1893758099755,535634.6456264118,"[0.3333333333333333, 0.3333333333333333, 0.3333333333333333]"
4836,746.0517799822992,952654.1915293261,"[0.3333333333333333, 0.3333333333333333, 0.3333333333333333]"
4837,768.3777681422326,175719.0130245553,"[0.3333333333333333, 0.3333333333333333, 0.3333333333333333]"
4838,642.7918015154786,703148.2406317058,"[0.3333333333333333, 0.3333333333333333, 0.3333333333333333]"
4839,436.31427946236016,470931.08033021964,"[0.3333333333333333, 0.3333333333333333, 0.3333333333333333]"
4840,210.14610091025364,359360.82362666284,"[0.3333333333333333, 0.3333333333333333, 0.3333333333333333]"
4841,264.81463581078015,257223.18743201703,"[0.3333333333333333, 0.3333333333333333, 0.3333333333333333]"
4842,281.97083031273695,607777.9900979343,"[0.3333333333333333, 0.3333333333333333, 0.3333333333333333]"
4843,488.37207263143165,976794.5375000341,"[0.3333333333333333, 0.3333333333333333, 0.3333333333333333]"
4844,846.4834815491814,693944.0979437854,"[0.3333333333333333, 0.3333333333333333, 0.3333333333333333]"
4845,60.61140095978256,149247.03130098927,"[0.3333333333333333, 0.3333333333333333, 0.3333333333333333]"
4846,765.3020172429812,380431.7351630735,"[0.3333333333333333, 0.3333333333333333, 0.3333333333333333]"
4847,683.3961065037422,394489.3853087714,"[0.3333333333333333, 0.3333333333333333, 0.3333333333333333]"
4848,71.01556471077029,795221.3095931074,"[0.3333333333333333, 0.3333333333333333, 0.3333333333333333]"
4849,505.4882602267647,821936.2286227961,"[0.3333333333333333, 0.3333333333333333, 0.3333333333333333]"
4850,230.95921998409207,423363.4177032397,"[0.3333333333333333, 0.3333333333333333, 0.3333333333333333]"
4851,564.5410128675595,672234.4755836033,"[0.3333333333333333, 0.3333333333333333, 0.3333333333333333]"
4852,815.0035662382668,482793.3827711715,"[0.3333333333333333, 0.3333333333333333, 0.3333333333333333]"
4853,321.70370473855064,429655.8849094636,"[0.3333333333333333, 0.3333333333333333, 0.3333333333333333]"
4854,274.37740540808477,936683.2589509387,"[0.3333333333333333, 0.3333333333333333, 0.3333333333333333]"
4855,589.8220767506132,933994.3472857907,"[0.3333333333333333, 0.3333333333333333, 0.3333333333333333]"
4856,186.97530751295673,781995.7139535141,"[0.3333333333333333, 0.3333333333333333, 0.3333333333333333]"
4857,177.9093905654047,397142.9657597021,"[0.3333333333333333, 0.3333333333333333, 0.3333333333333333]"
4858,905.7002794869168,557323.9208312642,"[0.3333333333333333, 0.3333333333333333, 0.3333333333333333]"
4859,538.6177594514131,590132.4291573481,"[0.3333333333333333, 0.3333333333333333, 0.3333333333333333]"
4860,571.6331012165375,661989.639532211,"[0.3333333333333333, 0.3333333333333333, 0.3333333333333333]"
4861,508.8993317616468,570823.2431442114,"[0.3333333333333333, 0.3333333333333333, 0.3333333333333333]"
4862,165.8900499180554,227195.23971523182,"[0.3333333333333333, 0.3333333333333333, 0.3333333333333333]"
4863,657.3321891008295,644247.3306008283,"[0.3333333333333333, 0.3333333333333333, 0.3333333333333333]"
4864,185.79481165362182,984671.6896418915,"[0.3333333333333333, 0.3333333333333333, 0.3333333333333333]"
4865,49.43553380603294,707617.4495785211,"[0.3333333333333333, 0.3333333333333333, 0.3333333333333333]"
4866,674.0457400645752,729727.0282477513,"[0.3333333333333333, 0.3333333333333333, 0.3333333333333333]"
4867,977.6987425702031,582309.3878699641,"[0.3333333333333333, 0.3333333333333333, 0.3333333333333333]"
4868,720.880311910724,157263.7649715928,"[0.3333333333333333, 0.3333333333333333, 0.3333333333333333]"
4869,680.921784669047,987114.8868637109,"[0.3333333333333333, 0.3333333333333333, 0.3333333333333333]"
4870,505.07759523358106,186644.0289127323,"[0.3333333333333333, 0.3333333333333333, 0.3333333333333333]"
4871,507.7247709789607,848870.3950860461,"[0.3333333333333333, 0.3333333333333333, 0.3333333333333333]"
4872,113.41315649549956,280236.26754190045,"[0.3333333333333333, 0.3333333333333333, 0.3333333333333333]"
4873,510.8213310793672,628007.286410438,"[0.3333333333333333, 0.3333333333333333, 0.3333333333333333]"
4874,500.45596897180474,595448.8784921172,"[0.3333333333333333, 0.3333333333333333, 0.3333333333333333]"
4875,294.7720935616085,727944.8929045768,"[0.3333333333333333, 0.3333333333333333, 0.3333333333333333]"
4876,301.15931778439585,416401.7453991598,"[0.3333333333333333, 0.3333333333333333, 0.3333333333333333]"
4877,527.3889217060755,586830.5089774681,"[0.3333333333333333, 0.3333333333333333, 0.3333333333333333]"
4878,215.08331885384425,673830.3695476085,"[0.3333333333333333, 0.3333333333333333, 0.3333333333333333]"
4879,952.916222337581,750098.134008164,"[0.3333333333333333, 0.3333333333333333, 0.3333333333333333]"
4880,886.626850520003,702649.0398426072,"[0.3333333333333333, 0.3333333333333333, 0.3333333333333333]"
4881,391.95956096762734,852085.3030323907,"[0.3333333333333333, 0.3333333333333333, 0.3333333333333333]"
4882,379.9006693450944,139782.7190903338,"[0.3333333333333333, 0.3333333333333333, 0.3333333333333333]"
4883,168.31980550347322,574410.2903060098,"[0.3333333333333333, 0.3333333333333333, 0.3333333333333333]"
4884,13.529437643520462,404999.61590181873,"[0.3333333333333333, 0.3333333333333333, 0.3333333333333333]"
4885,572.4438552717227,322837.3583346612,"[0.3333333333333333, 0.3333333333333333, 0.3333333333333333]"
4886,987.6219027339968,184964.56624953842,"[0.3333333333333333, 0.3333333333333333, 0.3333333333333333]"
4887,174.10166015023614,907154.3511925064,"[0.3333333333333333, 0.3333333333333333, 0.3333333333333333]"
4888,772.9020974262188,136722.4572339317,"[0.3333333333333333, 0.3333333333333333, 0.3333333333333333]"
4889,90.06301177832042,734857.0162820439,"[0.3333333333333333, 0.3333333333333333, 0.3333333333333333]"
4890,978.3570232372006,677037.8714389566,"[0.3333333333333333, 0.3333333333333333, 0.3333333333333333]"
4891,604.8402297151946,264546.98780992953,"[0.3333333333333333, 0.3333333333333333, 0.3333333333333333]"
4892,274.86745638554953,422857.28745379415,"[0.3333333333333333, 0.3333333333333333, 0.3333333333333333]"
4893,608.0681960696514,411150.5475611771,"[0.3333333333333333, 0.3333333333333333, 0.3333333333333333]"
4894,150.0057876310547,307144.83763553837,"[0.3333333333333333, 0.3333333333333333, 0.3333333333333333]"
4895,527.5204372596254,699929.6866271623,"[0.3333333333333333, 0.3333333333333333, 0.3333333333333333]"
4896,649.1856038862645,402732.4806958059,"[0.3333333333333333, 0.3333333333333333, 0.3333333333333333]"
4897,173.01762522128357,486811.32145835983,"[0.3333333333333333, 0.3333333333333333, 0.3333333333333333]"
4898,161.0742291986057,986875.5433185073,"[0.3333333333333333, 0.3333333333333333, 0.3333333333333333]"
4899,507.8062411700518,642800.7676471563,"[0.3333333333333333, 0.3333333333333333, 0.3333333333333333]"
4900,109.04634588698576,100740.87522881037,"[0.3333333333333333, 0.3333333333333333, 0.3333333333333333]"
4901,938.050093639946,137690.48931596224,"[0.3333333333333333, 0.3333333333333333, 0.3333333333333333]"
4902,675.0311093466074,858800.2020489904,"[0.3333333333333333, 0.3333333333333333, 0.3333333333333333]"
4903,289.77016857020567,670921.9393462304,"[0.3333333333333333, 0.3333333333333333, 0.3333333333333333]"
4904,176.30370791129565,596236.483201893,"[0.3333333333333333, 0.3333333333333333, 0.3333333333333333]"
4905,187.69036468637248,343996.1773644321,"[0.3333333333333333, 0.3333333333333333, 0.3333333333333333]"
4906,929.1750654884451,175793.353030606,"[0.3333333333333333, 0.3333333333333333, 0.3333333333333333]"
4907,314.5824115612546,168052.54592162906,"[0.3333333333333333, 0.3333333333333333, 0.3333333333333333]"
4908,200.82761360092556,583841.1540333886,"[0.3333333333333333, 0.3333333333333333, 0.3333333333333333]"
4909,498.1106321188433,451107.55113224575,"[0.3333333333333333, 0.3333333333333333, 0.3333333333333333]"
4910,368.4131628346803,217412.012495414,"[0.3333333333333333, 0.3333333333333333, 0.3333333333333333]"
4911,10.314741224767182,662763.8542367998,"[0.3333333333333333, 0.3333333333333333, 0.3333333333333333]"
4912,363.5918570272911,677514.9599049812,"[0.3333333333333333, 0.3333333333333333, 0.3333333333333333]"
4913,629.9005410058917,467173.70120022504,"[0.3333333333333333, 0.3333333333333333, 0.3333333333333333]"
4914,32.89469333420085,190193.65111063764,"[0.3333333333333333, 0.3333333333333333, 0.3333333333333333]"
4915,57.4422054090081,759755.432809802,"[0.3333333333333333, 0.3333333333333333, 0.3333333333333333]"
4916,982.2611558660557,202300.33358377492,"[0.3333333333333333, 0.3333333333333333, 0.3333333333333333]"
4917,557.8114366198427,495933.1152116012,"[0.3333333333333333, 0.3333333333333333, 0.3333333333333333]"
4918,981.6381765465056,204152.74078434374,"[0.3333333333333333, 0.3333333333333333, 0.3333333333333333]"
4919,876.7624258615292,530276.5749863146,"[0.3333333333333333, 0.3333333333333333, 0.3333333333333333]"
4920,937.2243988438745,800578.2481351001,"[0.3333333333333333, 0.3333333333333333, 0.3333333333333333]"
4921,237.916095178347,163241.8573221452,"[0.3333333333333333, 0.3333333333333333, 0.3333333333333333]"
4922,226.0259272847598,884648.4912797522,"[0.3333333333333333, 0.3333333333333333, 0.3333333333333333]"
4923,565.9599951481151,844353.1150106724,"[0.3333333333333333, 0.3333333333333333, 0.3333333333333333]"
4924,477.4928425676539,698075.8170394391,"[0.3333333333333333, 0.3333333333333333, 0.3333333333333333]"
4925,186.56360803306444,552596.8402475492,"[0.3333333333333333, 0.3333333333333333, 0.3333333333333333]"
4926,174.1213063704759,512659.3559370354,"[0.3333333333333333, 0.3333333333333333, 0.3333333333333333]"
4927,186.1228569678716,411497.8566138287,"[0.3333333333333333, 0.3333333333333333, 0.3333333333333333]"
4928,420.01446904267755,282490.89338682976,"[0.3333333333333333, 0.3333333333333333, 0.3333333333333333]"
4929,882.7479536495456,688079.7536157229,"[0.3333333333333333, 0.3333333333333333, 0.3333333333333333]"
4930,309.7919325333395,861209.6673760846,"[0.3333333333333333, 0.3333333333333333, 0.3333333333333333]"
4931,917.0197503844163,286966.8527763359,"[0.3333333333333333, 0.3333333333333333, 0.3333333333333333]"
4932,627.3503022276135,102926.35236628033,"[0.3333333333333333, 0.3333333333333333, 0.3333333333333333]"
4933,774.0145453480303,747202.8589415617,"[0.3333333333333333, 0.3333333333333333, 0.3333333333333333]"
4934,744.3342329791108,182703.2759939857,"[0.3333333333333333, 0.3333333333333333, 0.3333333333333333]"
4935,880.5263719241112,756653.6211794693,"[0.3333333333333333, 0.3333333333333333, 0.3333333333333333]"
4936,594.3257660045319,858668.6909905202,"[0.3333333333333333, 0.3333333333333333, 0.3333333333333333]"
4937,986.2813370393644,991010.1013138451,"[0.3333333333333333, 0.3333333333333333, 0.3333333333333333]"
4938,352.207872053046,329308.6247045089,"[0.3333333333333333, 0.3333333333333333, 0.3333333333333333]"
4939,948.3964457072308,788674.7793686442,"[0.3333333333333333, 0.3333333333333333, 0.3333333333333333]"
4940,46.02241327958978,874653.4102115076,"[0.3333333333333333, 0.3333333333333333, 0.3333333333333333]"
4941,482.6931933592225,968674.0285830718,"[0.3333333333333333, 0.3333333333333333, 0.3333333333333333]"
4942,829.6153844060907,181821.8815367107,"[0.3333333333333333, 0.3333333333333333, 0.3333333333333333]"
4943,62.925145871305176,171689.94348678493,"[0.3333333333333333, 0.3333333333333333, 0.3333333333333333]"
4944,300.16488315028624,634634.6621265789,"[0.3333333333333333, 0.3333333333333333, 0.3333333333333333]"
4945,687.6698736013695,606511.3903565404,"[0.3333333333333333, 0.3333333333333333, 0.3333333333333333]"
4946,831.6669197400425,646926.1589260614,"[0.3333333333333333, 0.3333333333333333, 0.3333333333333333]"
4947,779.8512359398392,751128.6141292708,"[0.3333333333333333, 0.3333333333333333, 0.3333333333333333]"
4948,896.2543102933461,856454.9695708948,"[0.3333333333333333, 0.3333333333333333, 0.3333333333333333]"
4949,43.02610889064545,241963.13434003087,"[0.3333333333333333, 0.3333333333333333, 0.3333333333333333]"
4950,567.3950443673924,692811.9809777964,"[0.3333333333333333, 0.3333333333333333, 0.3333333333333333]"
4951,958.7322522579027,273894.3303993532,"[0.3333333333333333, 0.3333333333333333, 0.3333333333333333]"
4952,42.081712086149565,529325.1773775301,"[0.3333333333333333, 0.3333333333333333, 0.3333333333333333]"
4953,805.9031809120935,871592.8894929131,"[0.3333333333333333, 0.3333333333333333, 0.3333333333333333]"
4954,420.2705388673458,632403.0860111972,"[0.3333333333333333, 0.3333333333333333, 0.3333333333333333]"
4955,306.6899927934429,506989.57873335434,"[0.3333333333333333, 0.3333333333333333, 0.3333333333333333]"
4956,895.2261638540344,925031.5897571481,"[0.3333333333333333, 0.3333333333333333, 0.3333333333333333]"
4957,361.5108641425405,718698.9014265541,"[0.3333333333333333, 0.3333333333333333, 0.3333333333333333]"
4958,432.34020126516515,770337.5061084456,"[0.3333333333333333, 0.3333333333333333, 0.3333333333333333]"
4959,381.81008772839584,896620.5010840392,"[0.3333333333333333, 0.3333333333333333, 0.3333333333333333]"
4960,137.09149248625954,415383.45671330404,"[0.3333333333333333, 0.3333333333333333, 0.3333333333333333]"
4961,196.51034447654294,580373.4544366841,"[0.3333333333333333, 0.3333333333333333, 0.3333333333333333]"
4962,569.1675884901521,714504.8233274135,"[0.3333333333333333, 0.3333333333333333, 0.3333333333333333]"
4963,921.5376918646189,831143.4274237845,"[0.3333333333333333, 0.3333333333333333, 0.3333333333333333]"
4964,587.8525354080132,338879.3654972431,"[0.3333333333333333, 0.3333333333333333, 0.3333333333333333]"
4965,302.1616181893215,706765.1688272682,"[0.3333333333333333, 0.3333333333333333, 0.3333333333333333]"
4966,290.2910000690675,545980.2251499086,"[0.3333333333333333, 0.3333333333333333, 0.3333333333333333]"
4967,947.8404824414175,111368.91127700459,"[0.3333333333333333, 0.3333333333333333, 0.3333333333333333]"
4968,703.6113609329057,110911.79450550841,"[0.3333333333333333, 0.3333333333333333, 0.3333333333333333]"
4969,852.3510123623989,685127.6093256861,"[0.3333333333333333, 0.3333333333333333, 0.3333333333333333]"
4970,373.40267696379567,499262.82933581236,"[0.3333333333333333, 0.3333333333333333, 0.3333333333333333]"
4971,799.143160956701,981344.6751640205,"[0.3333333333333333, 0.3333333333333333, 0.3333333333333333]"
4972,723.199741958331,466347.670392065,"[0.3333333333333333, 0.3333333333333333, 0.3333333333333333]"
4973,180.84448589682628,604534.3989611953,"[0.3333333333333333, 0.3333333333333333, 0.3333333333333333]"
4974,316.82142635483814,941873.254258287,"[0.3333333333333333, 0.3333333333333333, 0.3333333333333333]"
4975,991.7091944582114,851121.3581879751,"[0.3333333333333333, 0.3333333333333333, 0.3333333333333333]"
4976,337.4933754765372,894745.924954071,"[0.3333333333333333, 0.3333333333333333, 0.3333333333333333]"
4977,260.27216772505517,795628.4970341454,"[0.3333333333333333, 0.3333333333333333, 0.3333333333333333]"
4978,855.5005042234746,357827.4474297587,"[0.3333333333333333, 0.3333333333333333, 0.3333333333333333]"
4979,373.05270248390815,707527.235055402,"[0.3333333333333333, 0.3333333333333333, 0.3333333333333333]"
4980,855.8912324753956,778472.4467542702,"[0.3333333333333333, 0.3333333333333333, 0.3333333333333333]"
4981,343.1082197217143,221085.34909645873,"[0.3333333333333333, 0.3333333333333333, 0.3333333333333333]"
4982,657.709135177922,839735.3268168771,"[0.3333333333333333, 0.3333333333333333, 0.3333333333333333]"
4983,603.8301840348876,919897.3317990516,"[0.3333333333333333, 0.3333333333333333, 0.3333333333333333]"
4984,718.6251205683723,368956.3584283714,"[0.3333333333333333, 0.3333333333333333, 0.3333333333333333]"
4985,909.6140969568809,536105.4023847906,"[0.3333333333333333, 0.3333333333333333, 0.3333333333333333]"
4986,237.62712929316226,681023.1182070686,"[0.3333333333333333, 0.3333333333333333, 0.3333333333333333]"
4987,551.8636813069658,520657.32236444845,"[0.3333333333333333, 0.3333333333333333, 0.3333333333333333]"
4988,827.2376839941661,269664.2157398435,"[0.3333333333333333, 0.3333333333333333, 0.3333333333333333]"
4989,704.3031884235849,180274.97918583924,"[0.3333333333333333, 0.3333333333333333, 0.3333333333333333]"
4990,523.0381006012623,206790.28289304563,"[0.3333333333333333, 0.3333333333333333, 0.3333333333333333]"
4991,58.32379715714791,200120.08013728296,"[0.3333333333333333, 0.3333333333333333, 0.3333333333333333]"
4992,687.1638939664961,143946.91913295278,"[0.3333333333333333, 0.3333333333333333, 0.3333333333333333]"
4993,751.8013620966641,999408.2905632267,"[0.3333333333333333, 0.3333333333333333, 0.3333333333333333]"
4994,921.7171470237172,310776.2305632493,"[0.3333333333333333, 0.3333333333333333, 0.3333333333333333]"
4995,52.23701045655886,923856.9853844347,"[0.3333333333333333, 0.3333333333333333, 0.3333333333333333]"
4996,467.3640458536857,953108.6272037512,"[0.3333333333333333, 0.3333333333333333, 0.3333333333333333]"
4997,467.8646855129323,187093.04924966855,"[0.3333333333333333, 0.3333333333333333, 0.3333333333333333]"
4998,32.2348269250927,401832.1489915655,"[0.3333333333333333, 0.3333333333333333, 0.3333333333333333]"
4999,117.55710644358321,388865.8688957007,"[0.3333333333333333, 0.3333333333333333, 0.3333333333333333]"
5000,883.1002603150989,998116.6612907222,"[0.3333333333333333, 0.3333333333333333, 0.3333333333333333]"
5001,935.2132815883929,283129.974095403,"[0.3333333333333333, 0.3333333333333333, 0.3333333333333333]"
5002,161.39996164950603,300780.2497076956,"[0.3333333333333333, 0.3333333333333333, 0.3333333333333333]"
5003,268.03301355338846,357125.04325244983,"[0.3333333333333333, 0.3333333333333333, 0.3333333333333333]"
5004,436.3213097394179,830434.1515271829,"[0.3333333333333333, 0.3333333333333333, 0.3333333333333333]"
5005,510.6294157043146,605923.7959359464,"[0.3333333333333333, 0.3333333333333333, 0.3333333333333333]"
5006,388.25695140131484,716731.966518814,"[0.3333333333333333, 0.3333333333333333, 0.3333333333333333]"
5007,327.1452465313614,786571.7176340728,"[0.3333333333333333, 0.3333333333333333, 0.3333333333333333]"
5008,381.1357909736903,425880.9781228774,"[0.3333333333333333, 0.3333333333333333, 0.3333333333333333]"
5009,278.86353901526167,625188.0936400238,"[0.3333333333333333, 0.3333333333333333, 0.3333333333333333]"
5010,481.38310838499314,761088.6743925117,"[0.3333333333333333, 0.3333333333333333, 0.3333333333333333]"
5011,154.04831673111755,710524.308018749,"[0.3333333333333333, 0.3333333333333333, 0.3333333333333333]"
5012,475.9967734585906,776860.6795275192,"[0.3333333333333333, 0.3333333333333333, 0.3333333333333333]"
5013,994.4040871240259,752280.6735086035,"[0.3333333333333333, 0.3333333333333333, 0.3333333333333333]"
5014,127.634614280577,786946.5430252581,"[0.3333333333333333, 0.3333333333333333, 0.3333333333333333]"
5015,85.16914854583284,394022.358148457,"[0.3333333333333333, 0.3333333333333333, 0.3333333333333333]"
5016,606.242654902052,292184.93892357213,"[0.3333333333333333, 0.3333333333333333, 0.3333333333333333]"
5017,146.33444421917338,270434.3150221044,"[0.3333333333333333, 0.3333333333333333, 0.3333333333333333]"
5018,261.9274758965639,163291.70000608425,"[0.3333333333333333, 0.3333333333333333, 0.3333333333333333]"
5019,651.4052547697078,730287.0933721451,"[0.3333333333333333, 0.3333333333333333, 0.3333333333333333]"
5020,744.0246225109727,847751.7856333818,"[0.3333333333333333, 0.3333333333333333, 0.3333333333333333]"
5021,474.988505067683,453255.5192215112,"[0.3333333333333333, 0.3333333333333333, 0.3333333333333333]"
5022,737.1239429216581,738755.0107376982,"[0.3333333333333333, 0.3333333333333333, 0.3333333333333333]"
5023,616.3473266894088,757085.2059717247,"[0.3333333333333333, 0.3333333333333333, 0.3333333333333333]"
5024,903.5364876778152,165263.24129555412,"[0.3333333333333333, 0.3333333333333333, 0.3333333333333333]"
5025,656.9293847472776,989229.4445951061,"[0.3333333333333333, 0.3333333333333333, 0.3333333333333333]"
5026,763.5860552283152,452041.7007475712,"[0.3333333333333333, 0.3333333333333333, 0.3333333333333333]"
5027,909.9492851119977,113759.78794650825,"[0.3333333333333333, 0.3333333333333333, 0.3333333333333333]"
5028,816.7143327395382,909016.2250698343,"[0.3333333333333333, 0.3333333333333333, 0.3333333333333333]"
5029,754.9729616950547,473650.3216675079,"[0.3333333333333333, 0.3333333333333333, 0.3333333333333333]"
5030,249.36166375027614,985650.4324332247,"[0.3333333333333333, 0.3333333333333333, 0.3333333333333333]"
5031,989.0549935753887,592653.1255187923,"[0.3333333333333333, 0.3333333333333333, 0.3333333333333333]"
5032,194.63334096894297,183158.4066545806,"[0.3333333333333333, 0.3333333333333333, 0.3333333333333333]"
5033,11.156445270941997,413425.2817045903,"[0.3333333333333333, 0.3333333333333333, 0.3333333333333333]"
5034,432.3183559712243,203874.06944488687,"[0.3333333333333333, 0.3333333333333333, 0.3333333333333333]"
5035,513.1805321379722,723908.7541053308,"[0.3333333333333333, 0.3333333333333333, 0.3333333333333333]"
5036,593.8181086751289,491713.7384343704,"[0.3333333333333333, 0.3333333333333333, 0.3333333333333333]"
5037,155.6709819590896,929550.8562445637,"[0.3333333333333333, 0.3333333333333333, 0.3333333333333333]"
5038,77.67894274259575,884980.1677909045,"[0.3333333333333333, 0.3333333333333333, 0.3333333333333333]"
5039,447.98557149762223,488145.10206355137,"[0.3333333333333333, 0.3333333333333333, 0.3333333333333333]"
5040,754.7271430792593,643741.9496406672,"[0.3333333333333333, 0.3333333333333333, 0.3333333333333333]"
5041,142.29690038430823,998717.3868650424,"[0.3333333333333333, 0.3333333333333333, 0.3333333333333333]"
5042,547.4929440688927,543162.4935374409,"[0.3333333333333333, 0.3333333333333333, 0.3333333333333333]"
5043,163.72591403550675,712221.3430947665,"[0.3333333333333333, 0.3333333333333333, 0.3333333333333333]"
5044,903.11849367124,379064.43505081825,"[0.3333333333333333, 0.3333333333333333, 0.3333333333333333]"
5045,583.6169978882652,168244.3820985955,"[0.3333333333333333, 0.3333333333333333, 0.3333333333333333]"
5046,982.0857715572137,574355.3361448341,"[0.3333333333333333, 0.3333333333333333, 0.3333333333333333]"
5047,350.84360109057,899436.1074877119,"[0.3333333333333333, 0.3333333333333333, 0.3333333333333333]"
5048,467.92477721454213,844637.5278998421,"[0.3333333333333333, 0.3333333333333333, 0.3333333333333333]"
5049,178.52198839717548,320600.4087710312,"[0.3333333333333333, 0.3333333333333333, 0.3333333333333333]"
5050,986.7471659891648,601768.6952211224,"[0.3333333333333333, 0.3333333333333333, 0.3333333333333333]"
5051,268.0469503927817,252618.78199961138,"[0.3333333333333333, 0.3333333333333333, 0.3333333333333333]"
5052,534.8097390552276,353754.65107035876,"[0.3333333333333333, 0.3333333333333333, 0.3333333333333333]"
5053,968.9423573053348,858697.2905960242,"[0.3333333333333333, 0.3333333333333333, 0.3333333333333333]"
5054,734.7900505880024,643067.1634987396,"[0.3333333333333333, 0.3333333333333333, 0.3333333333333333]"
5055,52.27796810080144,433939.41669814504,"[0.3333333333333333, 0.3333333333333333, 0.3333333333333333]"
5056,925.8709029825711,747745.5321668555,"[0.3333333333333333, 0.3333333333333333, 0.3333333333333333]"
5057,230.64981219553198,919634.2996117218,"[0.3333333333333333, 0.3333333333333333, 0.3333333333333333]"
5058,690.0455810571199,995317.6477094877,"[0.3333333333333333, 0.3333333333333333, 0.3333333333333333]"
5059,807.2283289846779,131680.01948761503,"[0.3333333333333333, 0.3333333333333333, 0.3333333333333333]"
5060,71.73826273006514,213088.5430307734,"[0.3333333333333333, 0.3333333333333333, 0.3333333333333333]"
5061,893.8013102853499,625006.174497662,"[0.3333333333333333, 0.3333333333333333, 0.3333333333333333]"
5062,527.7443313455992,712444.3855511129,"[0.3333333333333333, 0.3333333333333333, 0.3333333333333333]"
5063,775.2883395290919,271128.9381333571,"[0.3333333333333333, 0.3333333333333333, 0.3333333333333333]"
5064,523.181917859128,554849.8486736671,"[0.3333333333333333, 0.3333333333333333, 0.3333333333333333]"
5065,467.0830880379993,593007.6201836017,"[0.3333333333333333, 0.3333333333333333, 0.3333333333333333]"
5066,429.60400697305806,145020.84415975906,"[0.3333333333333333, 0.3333333333333333, 0.3333333333333333]"
5067,32.110761771028635,825260.3833203119,"[0.3333333333333333, 0.3333333333333333, 0.3333333333333333]"
5068,252.0021738434019,797384.4497848209,"[0.3333333333333333, 0.3333333333333333, 0.3333333333333333]"
5069,333.79214932399833,346609.6298524188,"[0.3333333333333333, 0.3333333333333333, 0.3333333333333333]"
5070,120.1258859132917,849702.3259158012,"[0.3333333333333333, 0.3333333333333333, 0.3333333333333333]"
5071,959.1785924330478,720891.1809266484,"[0.3333333333333333, 0.3333333333333333, 0.3333333333333333]"
5072,556.7551714106222,937801.8853185724,"[0.3333333333333333, 0.3333333333333333, 0.3333333333333333]"
5073,857.0758515913175,408413.3855556454,"[0.3333333333333333, 0.3333333333333333, 0.3333333333333333]"
5074,983.0666533613044,912367.30575108,"[0.3333333333333333, 0.3333333333333333, 0.3333333333333333]"
5075,490.67582932240833,743361.6021467514,"[0.3333333333333333, 0.3333333333333333, 0.3333333333333333]"
5076,152.46065677592782,386143.7475917351,"[0.3333333333333333, 0.3333333333333333, 0.3333333333333333]"
5077,386.31454319473556,518452.49856426055,"[0.3333333333333333, 0.3333333333333333, 0.3333333333333333]"
5078,241.93409139003836,634581.2295922363,"[0.3333333333333333, 0.3333333333333333, 0.3333333333333333]"
5079,850.085641894673,790494.6324854043,"[0.3333333333333333, 0.3333333333333333, 0.3333333333333333]"
5080,477.60798776680525,744447.9259950329,"[0.3333333333333333, 0.3333333333333333, 0.3333333333333333]"
5081,927.6218284757888,715965.9673305042,"[0.3333333333333333, 0.3333333333333333, 0.3333333333333333]"
5082,818.538591168007,347312.03710176435,"[0.3333333333333333, 0.3333333333333333, 0.3333333333333333]"
5083,132.56018628108802,230244.5914845129,"[0.3333333333333333, 0.3333333333333333, 0.3333333333333333]"
5084,910.345891913944,712332.879515215,"[0.3333333333333333, 0.3333333333333333, 0.3333333333333333]"
5085,640.1297645751448,164158.50762982882,"[0.3333333333333333, 0.3333333333333333, 0.3333333333333333]"
5086,80.43138498508061,747173.461207424,"[0.3333333333333333, 0.3333333333333333, 0.3333333333333333]"
5087,180.39008787041863,276951.507198489,"[0.3333333333333333, 0.3333333333333333, 0.3333333333333333]"
5088,362.8680078790998,483929.2506836214,"[0.3333333333333333, 0.3333333333333333, 0.3333333333333333]"
5089,149.45624794937734,111844.66733859484,"[0.3333333333333333, 0.3333333333333333, 0.3333333333333333]"
5090,378.2531882698388,240104.7432594323,"[0.3333333333333333, 0.3333333333333333, 0.3333333333333333]"
5091,789.5445424846271,137343.49514048005,"[0.3333333333333333, 0.3333333333333333, 0.3333333333333333]"
5092,662.6453179556096,907758.7264401676,"[0.3333333333333333, 0.3333333333333333, 0.3333333333333333]"
5093,753.9934290289376,789815.8598706747,"[0.3333333333333333, 0.3333333333333333, 0.3333333333333333]"
5094,886.054704511988,473650.9626785108,"[0.3333333333333333, 0.3333333333333333, 0.3333333333333333]"
5095,658.2200492893754,510552.1608028674,"[0.3333333333333333, 0.3333333333333333, 0.3333333333333333]"
5096,116.55557677627706,303658.36833952344,"[0.3333333333333333, 0.3333333333333333, 0.3333333333333333]"
5097,699.1764657348434,311926.54565289925,"[0.3333333333333333, 0.3333333333333333, 0.3333333333333333]"
5098,384.9513749728153,809399.5552100508,"[0.3333333333333333, 0.3333333333333333, 0.3333333333333333]"
5099,235.17156249175918,595360.5942761697,"[0.3333333333333333, 0.3333333333333333, 0.3333333333333333]"
5100,925.4988575119847,613202.186302528,"[0.3333333333333333, 0.3333333333333333, 0.3333333333333333]"
5101,129.7661385693789,431459.59136878955,"[0.3333333333333333, 0.3333333333333333, 0.3333333333333333]"
5102,228.07681940651085,388910.4461584052,"[0.3333333333333333, 0.3333333333333333, 0.3333333333333333]"
5103,901.9438029157154,120774.26001553831,"[0.3333333333333333, 0.3333333333333333, 0.3333333333333333]"
5104,449.9708937521476,888248.6267110546,"[0.3333333333333333, 0.3333333333333333, 0.3333333333333333]"
5105,875.0143009047656,890577.1251243335,"[0.3333333333333333, 0.3333333333333333, 0.3333333333333333]"
5106,727.1555056743254,697690.0415401288,"[0.3333333333333333, 0.3333333333333333, 0.3333333333333333]"
5107,819.5872926142904,377025.2728738899,"[0.3333333333333333, 0.3333333333333333, 0.3333333333333333]"
5108,486.9283938752591,474959.3305669546,"[0.3333333333333333, 0.3333333333333333, 0.3333333333333333]"
5109,192.19921649915085,954745.2170459416,"[0.3333333333333333, 0.3333333333333333, 0.3333333333333333]"
5110,644.9353218103465,113001.26367364496,"[0.3333333333333333, 0.3333333333333333, 0.3333333333333333]"
5111,528.0254710505111,953420.3365923373,"[0.3333333333333333, 0.3333333333333333, 0.3333333333333333]"
5112,601.2556747987489,555944.2201471421,"[0.3333333333333333, 0.3333333333333333, 0.3333333333333333]"
5113,158.7504600600238,335141.1364128151,"[0.3333333333333333, 0.3333333333333333, 0.3333333333333333]"
5114,796.812420704554,222881.35330994247,"[0.3333333333333333, 0.3333333333333333, 0.3333333333333333]"
5115,101.74316914540982,920389.9508649465,"[0.3333333333333333, 0.3333333333333333, 0.3333333333333333]"
5116,123.50676129613029,253637.49850638938,"[0.3333333333333333, 0.3333333333333333, 0.3333333333333333]"
5117,159.79094261044006,423447.8472807724,"[0.3333333333333333, 0.3333333333333333, 0.3333333333333333]"
5118,730.6966459523705,549441.3652795729,"[0.3333333333333333, 0.3333333333333333, 0.3333333333333333]"
5119,397.7229090115363,922909.5837860442,"[0.3333333333333333, 0.3333333333333333, 0.3333333333333333]"
5120,977.2247436957427,777634.225137049,"[0.3333333333333333, 0.3333333333333333, 0.3333333333333333]"
5121,49.21915006100835,724805.395154006,"[0.3333333333333333, 0.3333333333333333, 0.3333333333333333]"
5122,962.9503155972993,440388.27626550733,"[0.3333333333333333, 0.3333333333333333, 0.3333333333333333]"
5123,54.56562017577424,612719.81874795,"[0.3333333333333333, 0.3333333333333333, 0.3333333333333333]"
5124,422.70592591619976,316097.09159837663,"[0.3333333333333333, 0.3333333333333333, 0.3333333333333333]"
5125,439.82043309800036,113241.03712146301,"[0.3333333333333333, 0.3333333333333333, 0.3333333333333333]"
5126,271.6389800326331,561923.6961507584,"[0.3333333333333333, 0.3333333333333333, 0.3333333333333333]"
5127,409.90153054077234,758005.9358488097,"[0.3333333333333333, 0.3333333333333333, 0.3333333333333333]"
5128,334.90650646287486,508497.7650754278,"[0.3333333333333333, 0.3333333333333333, 0.3333333333333333]"
5129,991.0488821699834,743952.059392745,"[0.3333333333333333, 0.3333333333333333, 0.3333333333333333]"
5130,663.9166609560056,898172.0842794195,"[0.3333333333333333, 0.3333333333333333, 0.3333333333333333]"
5131,117.2817855085345,409593.92798617325,"[0.3333333333333333, 0.3333333333333333, 0.3333333333333333]"
5132,640.6827943656347,624845.4445945595,"[0.3333333333333333, 0.3333333333333333, 0.3333333333333333]"
5133,991.7645911343526,476540.66726182797,"[0.3333333333333333, 0.3333333333333333, 0.3333333333333333]"
5134,975.5798745797787,117132.10740724103,"[0.3333333333333333, 0.3333333333333333, 0.3333333333333333]"
5135,63.905108711640665,653230.8938105924,"[0.3333333333333333, 0.3333333333333333, 0.3333333333333333]"
5136,575.5345018517305,357258.06652631896,"[0.3333333333333333, 0.3333333333333333, 0.3333333333333333]"
5137,405.52756998708367,516714.0297124701,"[0.3333333333333333, 0.3333333333333333, 0.3333333333333333]"
5138,762.3831513355531,622026.5558907096,"[0.3333333333333333, 0.3333333333333333, 0.3333333333333333]"
5139,237.85693947320908,875055.1347797852,"[0.3333333333333333, 0.3333333333333333, 0.3333333333333333]"
5140,958.0744402382974,255599.65513987333,"[0.3333333333333333, 0.3333333333333333, 0.3333333333333333]"
5141,877.4337250663801,487278.9154307154,"[0.3333333333333333, 0.3333333333333333, 0.3333333333333333]"
5142,970.7479994061171,222381.9144472596,"[0.3333333333333333, 0.3333333333333333, 0.3333333333333333]"
5143,478.7624487988752,119627.12773467053,"[0.3333333333333333, 0.3333333333333333, 0.3333333333333333]"
5144,566.604720061012,925658.3451883686,"[0.3333333333333333, 0.3333333333333333, 0.3333333333333333]"
5145,942.0183030128098,787093.8847728629,"[0.3333333333333333, 0.3333333333333333, 0.3333333333333333]"
5146,807.9020509973574,325909.21455343557,"[0.3333333333333333, 0.3333333333333333, 0.3333333333333333]"
5147,95.8953640523446,737915.5873641165,"[0.3333333333333333, 0.3333333333333333, 0.3333333333333333]"
5148,277.7853601842296,486983.0066219376,"[0.3333333333333333, 0.3333333333333333, 0.3333333333333333]"
5149,544.9722644495287,462943.7225812742,"[0.3333333333333333, 0.3333333333333333, 0.3333333333333333]"
5150,698.5229087368667,950509.9398237674,"[0.3333333333333333, 0.3333333333333333, 0.3333333333333333]"
5151,984.8306381477471,969086.0609416161,"[0.3333333333333333, 0.3333333333333333, 0.3333333333333333]"
5152,506.3136206408744,815688.0946472809,"[0.3333333333333333, 0.3333333333333333, 0.3333333333333333]"
5153,168.2425411851454,181798.02755039107,"[0.3333333333333333, 0.3333333333333333, 0.3333333333333333]"
5154,121.88420551763357,928117.5319135891,"[0.3333333333333333, 0.3333333333333333, 0.3333333333333333]"
5155,321.5858569404982,189588.59021599294,"[0.3333333333333333, 0.3333333333333333, 0.3333333333333333]"
5156,44.34126018811203,365932.3208926895,"[0.3333333333333333, 0.3333333333333333, 0.3333333333333333]"
5157,137.8774707649823,529875.569173066,"[0.3333333333333333, 0.3333333333333333, 0.3333333333333333]"
5158,821.0366186652564,567038.6841500115,"[0.3333333333333333, 0.3333333333333333, 0.3333333333333333]"
5159,630.7477020037876,485047.17677344434,"[0.3333333333333333, 0.3333333333333333, 0.3333333333333333]"
5160,473.1330589486822,465749.034218818,"[0.3333333333333333, 0.3333333333333333, 0.3333333333333333]"
5161,560.9740041380358,325251.97017791745,"[0.3333333333333333, 0.3333333333333333, 0.3333333333333333]"
5162,750.2242032229897,361931.4565322461,"[0.3333333333333333, 0.3333333333333333, 0.3333333333333333]"
5163,198.96235336165645,138362.74494410222,"[0.3333333333333333, 0.3333333333333333, 0.3333333333333333]"
5164,644.4502971290595,942082.4576505393,"[0.3333333333333333, 0.3333333333333333, 0.3333333333333333]"
5165,373.2144149329028,820058.1761823697,"[0.3333333333333333, 0.3333333333333333, 0.3333333333333333]"
5166,873.7101276723816,508176.4535554328,"[0.3333333333333333, 0.3333333333333333, 0.3333333333333333]"
5167,596.7443898314438,384980.6775022141,"[0.3333333333333333, 0.3333333333333333, 0.3333333333333333]"
5168,304.98635518693436,385467.91266633914,"[0.3333333333333333, 0.3333333333333333, 0.3333333333333333]"
5169,954.1430713599477,700411.6973857299,"[0.3333333333333333, 0.3333333333333333, 0.3333333333333333]"
5170,545.0262754408261,590363.4192175402,"[0.3333333333333333, 0.3333333333333333, 0.3333333333333333]"
5171,719.237353362834,170431.4715472589,"[0.3333333333333333, 0.3333333333333333, 0.3333333333333333]"
5172,505.9066024650629,612522.4075906514,"[0.3333333333333333, 0.3333333333333333, 0.3333333333333333]"
5173,786.1502312807555,120808.32084887939,"[0.3333333333333333, 0.3333333333333333, 0.3333333333333333]"
5174,233.98972385069686,800977.8255821646,"[0.3333333333333333, 0.3333333333333333, 0.3333333333333333]"
5175,980.8033407744886,808897.6076400692,"[0.3333333333333333, 0.3333333333333333, 0.3333333333333333]"
5176,540.5243229576138,346158.04862417746,"[0.3333333333333333, 0.3333333333333333, 0.3333333333333333]"
5177,19.69776658568049,812904.0722527015,"[0.3333333333333333, 0.3333333333333333, 0.3333333333333333]"
5178,683.144824350662,879518.4841176504,"[0.3333333333333333, 0.3333333333333333, 0.3333333333333333]"
5179,950.6385136467931,320081.09775003593,"[0.3333333333333333, 0.3333333333333333, 0.3333333333333333]"
5180,917.3455717345696,661705.99389772,"[0.3333333333333333, 0.3333333333333333, 0.3333333333333333]"
5181,726.3092108883394,780887.5457790089,"[0.3333333333333333, 0.3333333333333333, 0.3333333333333333]"
5182,975.4641373284651,810481.3198325684,"[0.3333333333333333, 0.3333333333333333, 0.3333333333333333]"
5183,137.460021001626,942761.1572475384,"[0.3333333333333333, 0.3333333333333333, 0.3333333333333333]"
5184,649.098803828565,303851.97566318937,"[0.3333333333333333, 0.3333333333333333, 0.3333333333333333]"
5185,959.2005660812275,852313.3403316939,"[0.3333333333333333, 0.3333333333333333, 0.3333333333333333]"
5186,815.1866815953879,613272.4183500772,"[0.3333333333333333, 0.3333333333333333, 0.3333333333333333]"
5187,377.1547074896176,671065.4303220093,"[0.3333333333333333, 0.3333333333333333, 0.3333333333333333]"
5188,499.6553434054557,491869.4216337336,"[0.3333333333333333, 0.3333333333333333, 0.3333333333333333]"
5189,36.55448731508638,888285.4306850708,"[0.3333333333333333, 0.3333333333333333, 0.3333333333333333]"
5190,931.5585574792257,101792.1287806297,"[0.3333333333333333, 0.3333333333333333, 0.3333333333333333]"
5191,231.8148564178826,911493.2562359554,"[0.3333333333333333, 0.3333333333333333, 0.3333333333333333]"
5192,886.0041208715757,174081.00844394835,"[0.3333333333333333, 0.3333333333333333, 0.3333333333333333]"
5193,596.2083465052721,831091.9677468959,"[0.3333333333333333, 0.3333333333333333, 0.3333333333333333]"
5194,420.3576745622736,501639.57369427383,"[0.3333333333333333, 0.3333333333333333, 0.3333333333333333]"
5195,737.0770230242701,809938.5494608685,"[0.3333333333333333, 0.3333333333333333, 0.3333333333333333]"
5196,898.0070032623833,269187.49001912854,"[0.3333333333333333, 0.3333333333333333, 0.3333333333333333]"
5197,311.83280156736026,474642.96326155064,"[0.3333333333333333, 0.3333333333333333, 0.3333333333333333]"
5198,271.75898307080706,653330.9262668561,"[0.3333333333333333, 0.3333333333333333, 0.3333333333333333]"
5199,955.1861307847004,623287.0195427465,"[0.3333333333333333, 0.3333333333333333, 0.3333333333333333]"
5200,190.58845823397263,496900.6528764016,"[0.3333333333333333, 0.3333333333333333, 0.3333333333333333]"
5201,261.2036597018367,311199.44622888626,"[0.3333333333333333, 0.3333333333333333, 0.3333333333333333]"
5202,451.6806009126635,569039.2659615963,"[0.3333333333333333, 0.3333333333333333, 0.3333333333333333]"
5203,132.80667082981574,467738.09355369356,"[0.3333333333333333, 0.3333333333333333, 0.3333333333333333]"
5204,280.32151307393184,243666.83657373392,"[0.3333333333333333, 0.3333333333333333, 0.3333333333333333]"
5205,874.0191749313211,544568.9572001778,"[0.3333333333333333, 0.3333333333333333, 0.3333333333333333]"
5206,164.10923589266147,526020.6025290724,"[0.3333333333333333, 0.3333333333333333, 0.3333333333333333]"
5207,517.1349050812536,552604.0372034567,"[0.3333333333333333, 0.3333333333333333, 0.3333333333333333]"
5208,957.7305150775646,696800.2935793963,"[0.3333333333333333, 0.3333333333333333, 0.3333333333333333]"
5209,452.92028462294365,971241.3791935955,"[0.3333333333333333, 0.3333333333333333, 0.3333333333333333]"
5210,206.03053232780903,393111.9070377107,"[0.3333333333333333, 0.3333333333333333, 0.3333333333333333]"
5211,92.25929878643358,359733.52342848456,"[0.3333333333333333, 0.3333333333333333, 0.3333333333333333]"
5212,143.1048253351519,617933.663045356,"[0.3333333333333333, 0.3333333333333333, 0.3333333333333333]"
5213,554.9483997488508,953247.0320821,"[0.3333333333333333, 0.3333333333333333, 0.3333333333333333]"
5214,205.94786168826627,243105.63802867764,"[0.3333333333333333, 0.3333333333333333, 0.3333333333333333]"
5215,233.46272471650192,508750.52863329026,"[0.3333333333333333, 0.3333333333333333, 0.3333333333333333]"
5216,606.8515166655341,719702.0635630244,"[0.3333333333333333, 0.3333333333333333, 0.3333333333333333]"
5217,500.5891626446745,905909.7581558364,"[0.3333333333333333, 0.3333333333333333, 0.3333333333333333]"
5218,734.8792489976742,151221.01096131708,"[0.3333333333333333, 0.3333333333333333, 0.3333333333333333]"
5219,821.4566158534578,903352.7670234987,"[0.3333333333333333, 0.3333333333333333, 0.3333333333333333]"
5220,346.0840111484302,226588.50252441035,"[0.3333333333333333, 0.3333333333333333, 0.3333333333333333]"
5221,296.50273815691656,292843.35503612115,"[0.3333333333333333, 0.3333333333333333, 0.3333333333333333]"
5222,44.403381846744516,657982.2349579643,"[0.3333333333333333, 0.3333333333333333, 0.3333333333333333]"
5223,961.7757641332183,551464.6494131613,"[0.3333333333333333, 0.3333333333333333, 0.3333333333333333]"
5224,812.1685396319739,400400.08885249903,"[0.3333333333333333, 0.3333333333333333, 0.3333333333333333]"
5225,164.17987245512353,410040.28412088956,"[0.3333333333333333, 0.3333333333333333, 0.3333333333333333]"
5226,153.88786577296884,236477.31472225985,"[0.3333333333333333, 0.3333333333333333, 0.3333333333333333]"
5227,937.9990196436044,903177.1047574331,"[0.3333333333333333, 0.3333333333333333, 0.3333333333333333]"
5228,930.9807325630561,561834.2656431799,"[0.3333333333333333, 0.3333333333333333, 0.3333333333333333]"
5229,241.3057421368526,513115.24485682725,"[0.3333333333333333, 0.3333333333333333, 0.3333333333333333]"
5230,237.53310850735357,551681.3682699645,"[0.3333333333333333, 0.3333333333333333, 0.3333333333333333]"
5231,598.3349818767794,224961.8715519823,"[0.3333333333333333, 0.3333333333333333, 0.3333333333333333]"
5232,169.0106046705216,760192.6465320144,"[0.3333333333333333, 0.3333333333333333, 0.3333333333333333]"
5233,294.14928801037746,367144.1384114685,"[0.3333333333333333, 0.3333333333333333, 0.3333333333333333]"
5234,741.7531897059843,107897.09423213037,"[0.3333333333333333, 0.3333333333333333, 0.3333333333333333]"
5235,46.210619815873706,786007.4350194016,"[0.3333333333333333, 0.3333333333333333, 0.3333333333333333]"
5236,588.5853828545313,708302.1758141082,"[0.3333333333333333, 0.3333333333333333, 0.3333333333333333]"
5237,142.78973370907374,422597.1816445348,"[0.3333333333333333, 0.3333333333333333, 0.3333333333333333]"
5238,358.2861703711141,837407.1368942161,"[0.3333333333333333, 0.3333333333333333, 0.3333333333333333]"
5239,859.8624090143289,911256.77165235,"[0.3333333333333333, 0.3333333333333333, 0.3333333333333333]"
5240,734.5202701311762,133282.08632276463,"[0.3333333333333333, 0.3333333333333333, 0.3333333333333333]"
5241,188.02117417235837,619435.7450166158,"[0.3333333333333333, 0.3333333333333333, 0.3333333333333333]"
5242,127.4165556079155,438872.95511606464,"[0.3333333333333333, 0.3333333333333333, 0.3333333333333333]"
5243,282.3199232331371,295526.82741429535,"[0.3333333333333333, 0.3333333333333333, 0.3333333333333333]"
5244,40.94643168089972,152011.01838272595,"[0.3333333333333333, 0.3333333333333333, 0.3333333333333333]"
5245,15.94069274512287,296770.5265489968,"[0.3333333333333333, 0.3333333333333333, 0.3333333333333333]"
5246,434.20511036736957,855239.9899290553,"[0.3333333333333333, 0.3333333333333333, 0.3333333333333333]"
5247,931.7226913894856,571387.6800439225,"[0.3333333333333333, 0.3333333333333333, 0.3333333333333333]"
5248,505.1269223044194,298792.7014399639,"[0.3333333333333333, 0.3333333333333333, 0.3333333333333333]"
5249,282.35333868509565,572267.4501851941,"[0.3333333333333333, 0.3333333333333333, 0.3333333333333333]"
5250,854.6878355134598,531359.3126950224,"[0.3333333333333333, 0.3333333333333333, 0.3333333333333333]"
5251,541.4632352772443,570201.5139498736,"[0.3333333333333333, 0.3333333333333333, 0.3333333333333333]"
5252,215.2744714065605,933386.9929767839,"[0.3333333333333333, 0.3333333333333333, 0.3333333333333333]"
5253,82.21806034143552,311748.5258355355,"[0.3333333333333333, 0.3333333333333333, 0.3333333333333333]"
5254,717.822168222499,642747.962306605,"[0.3333333333333333, 0.3333333333333333, 0.3333333333333333]"
5255,872.3065811551514,749880.6923774744,"[0.3333333333333333, 0.3333333333333333, 0.3333333333333333]"
5256,656.174107052951,114924.3997449386,"[0.3333333333333333, 0.3333333333333333, 0.3333333333333333]"
5257,824.050293077382,854863.456395288,"[0.3333333333333333, 0.3333333333333333, 0.3333333333333333]"
5258,575.1434316887085,499768.9637196866,"[0.3333333333333333, 0.3333333333333333, 0.3333333333333333]"
5259,597.7448994304832,214389.01575619302,"[0.3333333333333333, 0.3333333333333333, 0.3333333333333333]"
5260,892.5980634840064,190552.2711154538,"[0.3333333333333333, 0.3333333333333333, 0.3333333333333333]"
5261,131.2848784084341,492320.1318158243,"[0.3333333333333333, 0.3333333333333333, 0.3333333333333333]"
5262,804.1133923891318,655947.1440911802,"[0.3333333333333333, 0.3333333333333333, 0.3333333333333333]"
5263,261.2034885225997,888377.7643296433,"[0.3333333333333333, 0.3333333333333333, 0.3333333333333333]"
5264,646.9888910463133,501224.20709925063,"[0.3333333333333333, 0.3333333333333333, 0.3333333333333333]"
5265,179.354160503891,890028.2240307942,"[0.3333333333333333, 0.3333333333333333, 0.3333333333333333]"
5266,544.9545173606164,392253.55855605606,"[0.3333333333333333, 0.3333333333333333, 0.3333333333333333]"
5267,509.48487400569775,853544.8639511832,"[0.3333333333333333, 0.3333333333333333, 0.3333333333333333]"
5268,218.13991824358553,438254.83873309894,"[0.3333333333333333, 0.3333333333333333, 0.3333333333333333]"
5269,80.35432563854258,970066.3636925186,"[0.3333333333333333, 0.3333333333333333, 0.3333333333333333]"
5270,440.41600290657107,848051.2114725912,"[0.3333333333333333, 0.3333333333333333, 0.3333333333333333]"
5271,255.09942929911543,932211.3236289455,"[0.3333333333333333, 0.3333333333333333, 0.3333333333333333]"
5272,474.4334546260995,579612.2366169184,"[0.3333333333333333, 0.3333333333333333, 0.3333333333333333]"
5273,846.7434098008731,665855.4338038045,"[0.3333333333333333, 0.3333333333333333, 0.3333333333333333]"
5274,700.2062109006157,538076.6841089198,"[0.3333333333333333, 0.3333333333333333, 0.3333333333333333]"
5275,989.9372388880918,948665.6087824185,"[0.3333333333333333, 0.3333333333333333, 0.3333333333333333]"
5276,132.2023017974455,212862.77145482769,"[0.3333333333333333, 0.3333333333333333, 0.3333333333333333]"
5277,760.0892320682251,376322.2022700534,"[0.3333333333333333, 0.3333333333333333, 0.3333333333333333]"
5278,518.2294988753121,210350.96250889217,"[0.3333333333333333, 0.3333333333333333, 0.3333333333333333]"
5279,386.97584488298634,359996.64904672734,"[0.3333333333333333, 0.3333333333333333, 0.3333333333333333]"
5280,158.51732525620397,296302.5881391928,"[0.3333333333333333, 0.3333333333333333, 0.3333333333333333]"
5281,965.2217224477856,877451.5759576468,"[0.3333333333333333, 0.3333333333333333, 0.3333333333333333]"
5282,93.27576544593389,652712.8263509287,"[0.3333333333333333, 0.3333333333333333, 0.3333333333333333]"
5283,225.2506318205951,217167.52809449792,"[0.3333333333333333, 0.3333333333333333, 0.3333333333333333]"
5284,574.408111396683,529973.4296378545,"[0.3333333333333333, 0.3333333333333333, 0.3333333333333333]"
5285,165.5173343348333,199252.36093943287,"[0.3333333333333333, 0.3333333333333333, 0.3333333333333333]"
5286,806.3622839134354,844672.331926899,"[0.3333333333333333, 0.3333333333333333, 0.3333333333333333]"
5287,565.5957219566872,200699.28284390902,"[0.3333333333333333, 0.3333333333333333, 0.3333333333333333]"
5288,793.9754113742503,931446.4652770557,"[0.3333333333333333, 0.3333333333333333, 0.3333333333333333]"
5289,755.8018115815628,335474.0269054882,"[0.3333333333333333, 0.3333333333333333, 0.3333333333333333]"
5290,907.9868130780303,391612.92180728714,"[0.3333333333333333, 0.3333333333333333, 0.3333333333333333]"
5291,898.0413396363178,119013.67039503893,"[0.3333333333333333, 0.3333333333333333, 0.3333333333333333]"
5292,36.525834992299295,468799.5230660459,"[0.3333333333333333, 0.3333333333333333, 0.3333333333333333]"
5293,281.5422872442693,582436.8582996819,"[0.3333333333333333, 0.3333333333333333, 0.3333333333333333]"
5294,187.4486125226844,339501.8018323389,"[0.3333333333333333, 0.3333333333333333, 0.3333333333333333]"
5295,60.14505520398265,942051.4679725997,"[0.3333333333333333, 0.3333333333333333, 0.3333333333333333]"
5296,542.0691735483836,778503.491122177,"[0.3333333333333333, 0.3333333333333333, 0.3333333333333333]"
5297,427.8265213083865,167301.14288860938,"[0.3333333333333333, 0.3333333333333333, 0.3333333333333333]"
5298,861.6619961103704,564183.9271784641,"[0.3333333333333333, 0.3333333333333333, 0.3333333333333333]"
5299,718.940025802649,181105.32351385994,"[0.3333333333333333, 0.3333333333333333, 0.3333333333333333]"
5300,390.34814009987673,316754.05063719716,"[0.3333333333333333, 0.3333333333333333, 0.3333333333333333]"
5301,312.05961339954507,939625.9036206851,"[0.3333333333333333, 0.3333333333333333, 0.3333333333333333]"
5302,666.1842071059435,383440.7391387887,"[0.3333333333333333, 0.3333333333333333, 0.3333333333333333]"
5303,190.97095970743732,147964.2101273312,"[0.3333333333333333, 0.3333333333333333, 0.3333333333333333]"
5304,216.14478035227054,619979.9230058792,"[0.3333333333333333, 0.3333333333333333, 0.3333333333333333]"
5305,544.3694614112627,488848.80079774075,"[0.3333333333333333, 0.3333333333333333, 0.3333333333333333]"
5306,507.0870128586781,431417.95670785784,"[0.3333333333333333, 0.3333333333333333, 0.3333333333333333]"
5307,573.3560035264948,972515.5276027633,"[0.3333333333333333, 0.3333333333333333, 0.3333333333333333]"
5308,447.8619609290538,427905.18072304054,"[0.3333333333333333, 0.3333333333333333, 0.3333333333333333]"
5309,298.59660381946753,106257.27197614193,"[0.3333333333333333, 0.3333333333333333, 0.3333333333333333]"
5310,287.3626452518066,660046.145054766,"[0.3333333333333333, 0.3333333333333333, 0.3333333333333333]"
5311,203.17114436009257,951903.0333563501,"[0.3333333333333333, 0.3333333333333333, 0.3333333333333333]"
5312,140.5821341606741,481075.4708976116,"[0.3333333333333333, 0.3333333333333333, 0.3333333333333333]"
5313,48.284903754491694,844340.5031416713,"[0.3333333333333333, 0.3333333333333333, 0.3333333333333333]"
5314,799.7327188308986,362089.0570285625,"[0.3333333333333333, 0.3333333333333333, 0.3333333333333333]"
5315,867.5038920042097,639757.9523848988,"[0.3333333333333333, 0.3333333333333333, 0.3333333333333333]"
5316,428.3412002668297,215981.7223210312,"[0.3333333333333333, 0.3333333333333333, 0.3333333333333333]"
5317,960.576989192396,414361.0382784504,"[0.3333333333333333, 0.3333333333333333, 0.3333333333333333]"
5318,445.4727843024034,851313.1913129337,"[0.3333333333333333, 0.3333333333333333, 0.3333333333333333]"
5319,959.3972715349763,589144.8307837844,"[0.3333333333333333, 0.3333333333333333, 0.3333333333333333]"
5320,687.677988652995,402344.3482950919,"[0.3333333333333333, 0.3333333333333333, 0.3333333333333333]"
5321,417.46214407152064,735477.7081862227,"[0.3333333333333333, 0.3333333333333333, 0.3333333333333333]"
5322,401.57961293303566,169404.9873096111,"[0.3333333333333333, 0.3333333333333333, 0.3333333333333333]"
5323,599.8207780655233,447893.5129895587,"[0.3333333333333333, 0.3333333333333333, 0.3333333333333333]"
5324,57.889673411261064,679106.307819524,"[0.3333333333333333, 0.3333333333333333, 0.3333333333333333]"
5325,470.6418864645447,241142.1702547371,"[0.3333333333333333, 0.3333333333333333, 0.3333333333333333]"
5326,381.42649093596964,993373.9238335658,"[0.3333333333333333, 0.3333333333333333, 0.3333333333333333]"
5327,140.8419601571183,181399.5154520861,"[0.3333333333333333, 0.3333333333333333, 0.3333333333333333]"
5328,456.0819385577552,752368.2080326903,"[0.3333333333333333, 0.3333333333333333, 0.3333333333333333]"
5329,520.5247616840168,210274.66015973437,"[0.3333333333333333, 0.3333333333333333, 0.3333333333333333]"
5330,184.7972100827407,194656.13032987108,"[0.3333333333333333, 0.3333333333333333, 0.3333333333333333]"
5331,622.579269441468,536967.3432164551,"[0.3333333333333333, 0.3333333333333333, 0.3333333333333333]"
5332,706.42186900913,100141.46355654707,"[0.3333333333333333, 0.3333333333333333, 0.3333333333333333]"
5333,801.1425235105129,211663.80162618504,"[0.3333333333333333, 0.3333333333333333, 0.3333333333333333]"
5334,789.9931800060486,605365.774716583,"[0.3333333333333333, 0.3333333333333333, 0.3333333333333333]"
5335,711.5595606492046,438611.1890328957,"[0.3333333333333333, 0.3333333333333333, 0.3333333333333333]"
5336,199.26063816432566,955306.5537581424,"[0.3333333333333333, 0.3333333333333333, 0.3333333333333333]"
5337,147.10488200617368,678689.5409717704,"[0.3333333333333333, 0.3333333333333333, 0.3333333333333333]"
5338,639.286825518343,867442.8809477648,"[0.3333333333333333, 0.3333333333333333, 0.3333333333333333]"
5339,71.11070173581965,127783.5420283053,"[0.3333333333333333, 0.3333333333333333, 0.3333333333333333]"
5340,407.1614971601746,445146.46692941885,"[0.3333333333333333, 0.3333333333333333, 0.3333333333333333]"
5341,20.40055291341406,320240.1083561446,"[0.3333333333333333, 0.3333333333333333, 0.3333333333333333]"
5342,693.7985631748234,466262.8361595195,"[0.3333333333333333, 0.3333333333333333, 0.3333333333333333]"
5343,441.9499933648646,739182.9182260304,"[0.3333333333333333, 0.3333333333333333, 0.3333333333333333]"
5344,978.7640406145,530501.8800166884,"[0.3333333333333333, 0.3333333333333333, 0.3333333333333333]"
5345,291.7199064642458,139367.94090068096,"[0.3333333333333333, 0.3333333333333333, 0.3333333333333333]"
5346,741.864799565523,227961.3721239902,"[0.3333333333333333, 0.3333333333333333, 0.3333333333333333]"
5347,978.6508921144924,476303.00316426525,"[0.3333333333333333, 0.3333333333333333, 0.3333333333333333]"
5348,546.7561097434108,986151.3775266875,"[0.3333333333333333, 0.3333333333333333, 0.3333333333333333]"
5349,417.01342229103227,510466.15747816453,"[0.3333333333333333, 0.3333333333333333, 0.3333333333333333]"
5350,291.56939237423626,569045.6006697617,"[0.3333333333333333, 0.3333333333333333, 0.3333333333333333]"
5351,38.45300277813659,948489.1983419596,"[0.3333333333333333, 0.3333333333333333, 0.3333333333333333]"
5352,992.9175678158094,145244.53114057277,"[0.3333333333333333, 0.3333333333333333, 0.3333333333333333]"
5353,519.742167796738,186271.816570196,"[0.3333333333333333, 0.3333333333333333, 0.3333333333333333]"
5354,133.53613536007094,842603.470592554,"[0.3333333333333333, 0.3333333333333333, 0.3333333333333333]"
5355,401.04205720146695,816122.1151076707,"[0.3333333333333333, 0.3333333333333333, 0.3333333333333333]"
5356,348.3022058403747,508518.97512128105,"[0.3333333333333333, 0.3333333333333333, 0.3333333333333333]"
5357,476.90466259188304,680464.0882222954,"[0.3333333333333333, 0.3333333333333333, 0.3333333333333333]"
5358,934.032435382647,327933.76771197154,"[0.3333333333333333, 0.3333333333333333, 0.3333333333333333]"
5359,870.3016153862958,990062.6411811908,"[0.3333333333333333, 0.3333333333333333, 0.3333333333333333]"
5360,835.1491447025223,777046.5858974557,"[0.3333333333333333, 0.3333333333333333, 0.3333333333333333]"
5361,316.16870319087786,182618.49867899995,"[0.3333333333333333, 0.3333333333333333, 0.3333333333333333]"
5362,925.5482504471317,590998.5463264151,"[0.3333333333333333, 0.3333333333333333, 0.3333333333333333]"
5363,424.3233104788287,331294.39887841506,"[0.3333333333333333, 0.3333333333333333, 0.3333333333333333]"
5364,248.83413274173517,281666.49414564576,"[0.3333333333333333, 0.3333333333333333, 0.3333333333333333]"
5365,980.2637821394418,223239.22052489797,"[0.3333333333333333, 0.3333333333333333, 0.3333333333333333]"
5366,545.8851554222479,345835.3382316548,"[0.3333333333333333, 0.3333333333333333, 0.3333333333333333]"
5367,781.3517358235925,752734.2828290139,"[0.3333333333333333, 0.3333333333333333, 0.3333333333333333]"
5368,252.7377946042918,351402.16396936076,"[0.3333333333333333, 0.3333333333333333, 0.3333333333333333]"
5369,728.7955818250468,583559.3149762775,"[0.3333333333333333, 0.3333333333333333, 0.3333333333333333]"
5370,332.91116691293655,780397.1344924929,"[0.3333333333333333, 0.3333333333333333, 0.3333333333333333]"
5371,547.3013275624472,814599.9190820463,"[0.3333333333333333, 0.3333333333333333, 0.3333333333333333]"
5372,414.9373526799192,637718.1598150515,"[0.3333333333333333, 0.3333333333333333, 0.3333333333333333]"
5373,901.2778093424726,915413.6621504828,"[0.3333333333333333, 0.3333333333333333, 0.3333333333333333]"
5374,789.0371532565384,645046.7898941792,"[0.3333333333333333, 0.3333333333333333, 0.3333333333333333]"
5375,382.108171959623,142664.62517234482,"[0.3333333333333333, 0.3333333333333333, 0.3333333333333333]"
5376,735.2077301800567,431525.6645159515,"[0.3333333333333333, 0.3333333333333333, 0.3333333333333333]"
5377,562.3575328368578,710154.874903971,"[0.3333333333333333, 0.3333333333333333, 0.3333333333333333]"
5378,517.1674337077413,805009.1179636861,"[0.3333333333333333, 0.3333333333333333, 0.3333333333333333]"
5379,374.64583208211917,213286.8508677661,"[0.3333333333333333, 0.3333333333333333, 0.3333333333333333]"
5380,573.5022112445201,773261.545924186,"[0.3333333333333333, 0.3333333333333333, 0.3333333333333333]"
5381,770.4411180689708,356563.99863801594,"[0.3333333333333333, 0.3333333333333333, 0.3333333333333333]"
5382,259.7188913803161,459055.6619273228,"[0.3333333333333333, 0.3333333333333333, 0.3333333333333333]"
5383,615.239304800172,769686.6269913085,"[0.3333333333333333, 0.3333333333333333, 0.3333333333333333]"
5384,742.4672016935804,382701.1475465706,"[0.3333333333333333, 0.3333333333333333, 0.3333333333333333]"
5385,978.5765000187838,636164.4759395801,"[0.3333333333333333, 0.3333333333333333, 0.3333333333333333]"
5386,718.5283366264628,918025.5952138801,"[0.3333333333333333, 0.3333333333333333, 0.3333333333333333]"
5387,736.1896467266737,159981.95687616587,"[0.3333333333333333, 0.3333333333333333, 0.3333333333333333]"
5388,525.8720535388408,118864.3778763435,"[0.3333333333333333, 0.3333333333333333, 0.3333333333333333]"
5389,201.52928296793752,219124.45911262344,"[0.3333333333333333, 0.3333333333333333, 0.3333333333333333]"
5390,953.490045456987,718076.6958486069,"[0.3333333333333333, 0.3333333333333333, 0.3333333333333333]"
5391,904.6553354610783,461062.11715894815,"[0.3333333333333333, 0.3333333333333333, 0.3333333333333333]"
5392,670.4842024026467,334845.4973569158,"[0.3333333333333333, 0.3333333333333333, 0.3333333333333333]"
5393,785.8189930327704,181890.950014438,"[0.3333333333333333, 0.3333333333333333, 0.3333333333333333]"
5394,39.80485515273704,118464.14943376742,"[0.3333333333333333, 0.3333333333333333, 0.3333333333333333]"
5395,383.32035750325633,984697.2275383882,"[0.3333333333333333, 0.3333333333333333, 0.3333333333333333]"
5396,923.7459848910929,701442.287228443,"[0.3333333333333333, 0.3333333333333333, 0.3333333333333333]"
5397,548.6671445598853,425236.17953653913,"[0.3333333333333333, 0.3333333333333333, 0.3333333333333333]"
5398,231.6505116217357,900571.503897166,"[0.3333333333333333, 0.3333333333333333, 0.3333333333333333]"
5399,95.4510539729288,153838.77797719184,"[0.3333333333333333, 0.3333333333333333, 0.3333333333333333]"
5400,738.1820649603952,397887.14081147494,"[0.3333333333333333, 0.3333333333333333, 0.3333333333333333]"
5401,88.13540733130453,411696.0497730439,"[0.3333333333333333, 0.3333333333333333, 0.3333333333333333]"
5402,113.3156225754681,725948.2387568533,"[0.3333333333333333, 0.3333333333333333, 0.3333333333333333]"
5403,773.7849340282235,810611.1306572233,"[0.3333333333333333, 0.3333333333333333, 0.3333333333333333]"
5404,829.8156308874825,306145.8309490832,"[0.3333333333333333, 0.3333333333333333, 0.3333333333333333]"
5405,685.4940686603676,992618.7466590896,"[0.3333333333333333, 0.3333333333333333, 0.3333333333333333]"
5406,571.8527714082837,916336.6683712229,"[0.3333333333333333, 0.3333333333333333, 0.3333333333333333]"
5407,967.3240039548011,362722.1162933973,"[0.3333333333333333, 0.3333333333333333, 0.3333333333333333]"
5408,560.662499866042,501263.2552184864,"[0.3333333333333333, 0.3333333333333333, 0.3333333333333333]"
5409,220.75064643483645,258992.14768651375,"[0.3333333333333333, 0.3333333333333333, 0.3333333333333333]"
5410,989.5990580527571,390015.5836770904,"[0.3333333333333333, 0.3333333333333333, 0.3333333333333333]"
5411,173.2184704206145,919216.2205775119,"[0.3333333333333333, 0.3333333333333333, 0.3333333333333333]"
5412,678.4786588550766,966644.0373354689,"[0.3333333333333333, 0.3333333333333333, 0.3333333333333333]"
5413,318.19425915369584,663224.5514142404,"[0.3333333333333333, 0.3333333333333333, 0.3333333333333333]"
5414,568.8975682271414,113108.10919758481,"[0.3333333333333333, 0.3333333333333333, 0.3333333333333333]"
5415,827.6993731281771,915762.558714068,"[0.3333333333333333, 0.3333333333333333, 0.3333333333333333]"
5416,971.4435107333903,397141.87483584933,"[0.3333333333333333, 0.3333333333333333, 0.3333333333333333]"
5417,900.0090437875582,259056.65510441674,"[0.3333333333333333, 0.3333333333333333, 0.3333333333333333]"
5418,607.4446565563997,358614.5166000947,"[0.3333333333333333, 0.3333333333333333, 0.3333333333333333]"
5419,106.55303708361153,147588.4652879271,"[0.3333333333333333, 0.3333333333333333, 0.3333333333333333]"
5420,133.9837409225661,614988.1121414525,"[0.3333333333333333, 0.3333333333333333, 0.3333333333333333]"
5421,510.1337428031898,998148.0308294147,"[0.3333333333333333, 0.3333333333333333, 0.3333333333333333]"
5422,535.3812132022664,161319.20632475152,"[0.3333333333333333, 0.3333333333333333, 0.3333333333333333]"
5423,566.3207269038946,610466.7632782434,"[0.3333333333333333, 0.3333333333333333, 0.3333333333333333]"
5424,201.91469730528098,342065.10145888245,"[0.3333333333333333, 0.3333333333333333, 0.3333333333333333]"
5425,111.56677893612454,418094.10374051234,"[0.3333333333333333, 0.3333333333333333, 0.3333333333333333]"
5426,111.13116277364196,567330.1943005911,"[0.3333333333333333, 0.3333333333333333, 0.3333333333333333]"
5427,740.3150212095794,637949.6582887288,"[0.3333333333333333, 0.3333333333333333, 0.3333333333333333]"
5428,684.8121539932514,769425.2357382267,"[0.3333333333333333, 0.3333333333333333, 0.3333333333333333]"
5429,794.6145649627072,890936.7268891438,"[0.3333333333333333, 0.3333333333333333, 0.3333333333333333]"
5430,187.1754703478642,932126.3746160135,"[0.3333333333333333, 0.3333333333333333, 0.3333333333333333]"
5431,449.025331912662,484410.72257275507,"[0.3333333333333333, 0.3333333333333333, 0.3333333333333333]"
5432,984.3418976806598,145963.00501948188,"[0.3333333333333333, 0.3333333333333333, 0.3333333333333333]"
5433,146.92262946263133,862457.1091640164,"[0.3333333333333333, 0.3333333333333333, 0.3333333333333333]"
5434,963.3232766709976,962680.6307413407,"[0.3333333333333333, 0.3333333333333333, 0.3333333333333333]"
5435,940.8656473790884,695001.6912194084,"[0.3333333333333333, 0.3333333333333333, 0.3333333333333333]"
5436,913.2999547206446,681262.0789765869,"[0.3333333333333333, 0.3333333333333333, 0.3333333333333333]"
5437,320.2583290103132,968444.8234426542,"[0.3333333333333333, 0.3333333333333333, 0.3333333333333333]"
5438,137.86144529566715,155564.10713940015,"[0.3333333333333333, 0.3333333333333333, 0.3333333333333333]"
5439,259.448356118224,976982.274115864,"[0.3333333333333333, 0.3333333333333333, 0.3333333333333333]"
5440,851.5503627798566,431530.29573510494,"[0.3333333333333333, 0.3333333333333333, 0.3333333333333333]"
5441,350.68390429267544,532531.7151866471,"[0.3333333333333333, 0.3333333333333333, 0.3333333333333333]"
5442,167.22657057788635,831503.1825729694,"[0.3333333333333333, 0.3333333333333333, 0.3333333333333333]"
5443,315.2828751135401,127368.68742372788,"[0.3333333333333333, 0.3333333333333333, 0.3333333333333333]"
5444,533.099063565717,226618.16620888343,"[0.3333333333333333, 0.3333333333333333, 0.3333333333333333]"
5445,563.6803621777229,724218.4703408324,"[0.3333333333333333, 0.3333333333333333, 0.3333333333333333]"
5446,512.5285239451289,690704.0147304692,"[0.3333333333333333, 0.3333333333333333, 0.3333333333333333]"
5447,185.33755308356373,610763.7802128154,"[0.3333333333333333, 0.3333333333333333, 0.3333333333333333]"
5448,190.15699480655704,881567.5931295683,"[0.3333333333333333, 0.3333333333333333, 0.3333333333333333]"
5449,426.90878269121635,639575.8226916518,"[0.3333333333333333, 0.3333333333333333, 0.3333333333333333]"
5450,936.0941113356129,596343.715925422,"[0.3333333333333333, 0.3333333333333333, 0.3333333333333333]"
5451,872.7747130060485,693474.4530488607,"[0.3333333333333333, 0.3333333333333333, 0.3333333333333333]"
5452,54.70119596054067,997213.083185816,"[0.3333333333333333, 0.3333333333333333, 0.3333333333333333]"
5453,876.791483609209,581974.2130456942,"[0.3333333333333333, 0.3333333333333333, 0.3333333333333333]"
5454,896.873233732517,716831.8560258362,"[0.3333333333333333, 0.3333333333333333, 0.3333333333333333]"
5455,633.4954466244086,896243.2257152988,"[0.3333333333333333, 0.3333333333333333, 0.3333333333333333]"
5456,627.2794399521836,511256.37287516653,"[0.3333333333333333, 0.3333333333333333, 0.3333333333333333]"
5457,526.2447462109704,151433.36807345622,"[0.3333333333333333, 0.3333333333333333, 0.3333333333333333]"
5458,323.1674983558045,641800.9773860181,"[0.3333333333333333, 0.3333333333333333, 0.3333333333333333]"
5459,338.2625022986113,845319.3128702521,"[0.3333333333333333, 0.3333333333333333, 0.3333333333333333]"
5460,830.2844051015716,703141.6008503655,"[0.3333333333333333, 0.3333333333333333, 0.3333333333333333]"
5461,284.53628646319913,803886.5873651069,"[0.3333333333333333, 0.3333333333333333, 0.3333333333333333]"
5462,907.907567912325,995652.7393488357,"[0.3333333333333333, 0.3333333333333333, 0.3333333333333333]"
5463,769.6639471503918,888651.6291992766,"[0.3333333333333333, 0.3333333333333333, 0.3333333333333333]"
5464,232.27485088212416,854227.7959222937,"[0.3333333333333333, 0.3333333333333333, 0.3333333333333333]"
5465,75.54041344729265,138831.09555092806,"[0.3333333333333333, 0.3333333333333333, 0.3333333333333333]"
5466,585.5704176190583,162583.61259451305,"[0.3333333333333333, 0.3333333333333333, 0.3333333333333333]"
5467,898.2145285454123,554913.4400625253,"[0.3333333333333333, 0.3333333333333333, 0.3333333333333333]"
5468,477.22143215872217,315644.6867325073,"[0.3333333333333333, 0.3333333333333333, 0.3333333333333333]"
5469,835.340775190849,943758.5620054067,"[0.3333333333333333, 0.3333333333333333, 0.3333333333333333]"
5470,881.1209071231581,558283.1075527846,"[0.3333333333333333, 0.3333333333333333, 0.3333333333333333]"
5471,517.8974812806518,606744.500642412,"[0.3333333333333333, 0.3333333333333333, 0.3333333333333333]"
5472,129.68669984459876,957624.238214357,"[0.3333333333333333, 0.3333333333333333, 0.3333333333333333]"
5473,426.27266967349203,512002.0754612453,"[0.3333333333333333, 0.3333333333333333, 0.3333333333333333]"
5474,925.5212566797798,320895.2414532008,"[0.3333333333333333, 0.3333333333333333, 0.3333333333333333]"
5475,776.136060261546,272106.4111670471,"[0.3333333333333333, 0.3333333333333333, 0.3333333333333333]"
5476,74.27123667257348,135199.7203614001,"[0.3333333333333333, 0.3333333333333333, 0.3333333333333333]"
5477,552.6598513107999,876685.6368626904,"[0.3333333333333333, 0.3333333333333333, 0.3333333333333333]"
5478,34.1662330057699,981372.2270730819,"[0.3333333333333333, 0.3333333333333333, 0.3333333333333333]"
5479,232.2101052893116,208041.98017162073,"[0.3333333333333333, 0.3333333333333333, 0.3333333333333333]"
5480,731.9483540123047,933474.897944976,"[0.3333333333333333, 0.3333333333333333, 0.3333333333333333]"
5481,993.6016011286291,633308.9936686272,"[0.3333333333333333, 0.3333333333333333, 0.3333333333333333]"
5482,930.6435206846328,484603.3933660342,"[0.3333333333333333, 0.3333333333333333, 0.3333333333333333]"
5483,703.2054972735444,207848.41072647343,"[0.3333333333333333, 0.3333333333333333, 0.3333333333333333]"
5484,105.88529688487552,886397.45792945,"[0.3333333333333333, 0.3333333333333333, 0.3333333333333333]"
5485,779.639058138022,474437.20811793517,"[0.3333333333333333, 0.3333333333333333, 0.3333333333333333]"
5486,91.18193916329383,349689.68803937396,"[0.3333333333333333, 0.3333333333333333, 0.3333333333333333]"
5487,662.2502945239503,394550.3705295285,"[0.3333333333333333, 0.3333333333333333, 0.3333333333333333]"
5488,695.175656618499,652625.2291743568,"[0.3333333333333333, 0.3333333333333333, 0.3333333333333333]"
5489,239.7297679222226,937770.4586499797,"[0.3333333333333333, 0.3333333333333333, 0.3333333333333333]"
5490,245.032743363223,257457.9029227821,"[0.3333333333333333, 0.3333333333333333, 0.3333333333333333]"
5491,769.598129134495,160507.20058099553,"[0.3333333333333333, 0.3333333333333333, 0.3333333333333333]"
5492,697.7393887236728,228161.58657024955,"[0.3333333333333333, 0.3333333333333333, 0.3333333333333333]"
5493,149.9095939518846,339530.213407482,"[0.3333333333333333, 0.3333333333333333, 0.3333333333333333]"
5494,564.3338520260573,780240.4383119512,"[0.3333333333333333, 0.3333333333333333, 0.3333333333333333]"
5495,312.4642980241455,261831.7032775625,"[0.3333333333333333, 0.3333333333333333, 0.3333333333333333]"
5496,887.6287205670246,402943.32176522526,"[0.3333333333333333, 0.3333333333333333, 0.3333333333333333]"
5497,847.9526189292376,143653.85944105365,"[0.3333333333333333, 0.3333333333333333, 0.3333333333333333]"
5498,883.3592349885265,407744.7838928949,"[0.3333333333333333, 0.3333333333333333, 0.3333333333333333]"
5499,693.9715773244747,438989.0737990565,"[0.3333333333333333, 0.3333333333333333, 0.3333333333333333]"
5500,86.97146341217542,452257.9927318071,"[0.3333333333333333, 0.3333333333333333, 0.3333333333333333]"
5501,10.684011779419105,636384.1606220828,"[0.3333333333333333, 0.3333333333333333, 0.3333333333333333]"
5502,325.74021258832886,474737.4177692162,"[0.3333333333333333, 0.3333333333333333, 0.3333333333333333]"
5503,534.2199639335557,651846.3194063683,"[0.3333333333333333, 0.3333333333333333, 0.3333333333333333]"
5504,119.27328383741343,880951.0717287249,"[0.3333333333333333, 0.3333333333333333, 0.3333333333333333]"
5505,504.5995277311045,721301.3661212961,"[0.3333333333333333, 0.3333333333333333, 0.3333333333333333]"
5506,878.9548976579214,464733.0749184304,"[0.3333333333333333, 0.3333333333333333, 0.3333333333333333]"
5507,322.28227672759664,434585.71146392694,"[0.3333333333333333, 0.3333333333333333, 0.3333333333333333]"
5508,541.8880547688052,713191.8520395921,"[0.3333333333333333, 0.3333333333333333, 0.3333333333333333]"
5509,852.6222925446971,588999.3489131032,"[0.3333333333333333, 0.3333333333333333, 0.3333333333333333]"
5510,126.38024230471001,411856.1241525142,"[0.3333333333333333, 0.3333333333333333, 0.3333333333333333]"
5511,263.9809613336333,843413.8102856649,"[0.3333333333333333, 0.3333333333333333, 0.3333333333333333]"
5512,529.3705774386801,254681.27052872328,"[0.3333333333333333, 0.3333333333333333, 0.3333333333333333]"
5513,508.4585299168317,566744.0853557265,"[0.3333333333333333, 0.3333333333333333, 0.3333333333333333]"
5514,336.1609005781795,483452.2335811708,"[0.3333333333333333, 0.3333333333333333, 0.3333333333333333]"
5515,122.49511872677816,831453.3635360252,"[0.3333333333333333, 0.3333333333333333, 0.3333333333333333]"
5516,432.9964277788189,626289.041574837,"[0.3333333333333333, 0.3333333333333333, 0.3333333333333333]"
5517,15.507215164643569,759603.9556049549,"[0.3333333333333333, 0.3333333333333333, 0.3333333333333333]"
5518,975.9346578399667,189161.51693636389,"[0.3333333333333333, 0.3333333333333333, 0.3333333333333333]"
5519,609.3528973069343,921846.6430172492,"[0.3333333333333333, 0.3333333333333333, 0.3333333333333333]"
5520,460.32455116992486,617950.541115138,"[0.3333333333333333, 0.3333333333333333, 0.3333333333333333]"
5521,25.794807416596075,631887.480518069,"[0.3333333333333333, 0.3333333333333333, 0.3333333333333333]"
5522,294.84924336025625,696381.5262575794,"[0.3333333333333333, 0.3333333333333333, 0.3333333333333333]"
5523,524.2797469704973,520573.9988740687,"[0.3333333333333333, 0.3333333333333333, 0.3333333333333333]"
5524,905.7981425456366,195101.4667780694,"[0.3333333333333333, 0.3333333333333333, 0.3333333333333333]"
5525,22.236585561784626,653515.2792472395,"[0.3333333333333333, 0.3333333333333333, 0.3333333333333333]"
5526,570.5823270719711,793039.956537043,"[0.3333333333333333, 0.3333333333333333, 0.3333333333333333]"
5527,990.7138739539199,335922.4465528359,"[0.3333333333333333, 0.3333333333333333, 0.3333333333333333]"
5528,788.7735582676221,628867.7313851739,"[0.3333333333333333, 0.3333333333333333, 0.3333333333333333]"
5529,940.1372650748946,428254.6972086377,"[0.3333333333333333, 0.3333333333333333, 0.3333333333333333]"
5530,298.8267397465282,376714.16984950245,"[0.3333333333333333, 0.3333333333333333, 0.3333333333333333]"
5531,591.7920177661506,137292.41397690595,"[0.3333333333333333, 0.3333333333333333, 0.3333333333333333]"
5532,805.2359209393841,703957.9707607743,"[0.3333333333333333, 0.3333333333333333, 0.3333333333333333]"
5533,524.6270752586443,749171.6272552299,"[0.3333333333333333, 0.3333333333333333, 0.3333333333333333]"
5534,303.8573339781566,470226.17981109436,"[0.3333333333333333, 0.3333333333333333, 0.3333333333333333]"
5535,130.37359623338892,672708.9793470585,"[0.3333333333333333, 0.3333333333333333, 0.3333333333333333]"
5536,154.22915695143882,897911.7778528698,"[0.3333333333333333, 0.3333333333333333, 0.3333333333333333]"
5537,586.871128014748,842392.971834671,"[0.3333333333333333, 0.3333333333333333, 0.3333333333333333]"
5538,474.9297870881597,479588.7710506264,"[0.3333333333333333, 0.3333333333333333, 0.3333333333333333]"
5539,277.4435417080054,698164.691050224,"[0.3333333333333333, 0.3333333333333333, 0.3333333333333333]"
5540,823.5345678115301,901492.1603182644,"[0.3333333333333333, 0.3333333333333333, 0.3333333333333333]"
5541,950.2441283765111,949549.7225214868,"[0.3333333333333333, 0.3333333333333333, 0.3333333333333333]"
5542,952.8028236512413,340334.5915651632,"[0.3333333333333333, 0.3333333333333333, 0.3333333333333333]"
5543,435.4115672910155,609869.8585689545,"[0.3333333333333333, 0.3333333333333333, 0.3333333333333333]"
5544,373.820026194485,392636.17516003404,"[0.3333333333333333, 0.3333333333333333, 0.3333333333333333]"
5545,885.6220021275248,174472.06746555472,"[0.3333333333333333, 0.3333333333333333, 0.3333333333333333]"
5546,691.8700279160465,100513.32558292917,"[0.3333333333333333, 0.3333333333333333, 0.3333333333333333]"
5547,70.60152274935407,442581.9532675391,"[0.3333333333333333, 0.3333333333333333, 0.3333333333333333]"
5548,206.01312566107558,725068.1012584568,"[0.3333333333333333, 0.3333333333333333, 0.3333333333333333]"
5549,218.33233544521417,354738.9918068418,"[0.3333333333333333, 0.3333333333333333, 0.3333333333333333]"
5550,785.802855271935,316190.0854053708,"[0.3333333333333333, 0.3333333333333333, 0.3333333333333333]"
5551,134.76856304302345,415218.40927778615,"[0.3333333333333333, 0.3333333333333333, 0.3333333333333333]"
5552,763.2724140862525,130619.39518301537,"[0.3333333333333333, 0.3333333333333333, 0.3333333333333333]"
5553,668.0618515831446,564640.999262948,"[0.3333333333333333, 0.3333333333333333, 0.3333333333333333]"
5554,11.188859667942811,597354.3029956885,"[0.3333333333333333, 0.3333333333333333, 0.3333333333333333]"
5555,758.3126683579806,738735.745891583,"[0.3333333333333333, 0.3333333333333333, 0.3333333333333333]"
5556,785.5433429947848,162172.522759148,"[0.3333333333333333, 0.3333333333333333, 0.3333333333333333]"
5557,33.668509918416675,248110.14056106895,"[0.3333333333333333, 0.3333333333333333, 0.3333333333333333]"
5558,67.61111449344011,298089.8562920668,"[0.3333333333333333, 0.3333333333333333, 0.3333333333333333]"
5559,156.63465359620253,924231.7752401509,"[0.3333333333333333, 0.3333333333333333, 0.3333333333333333]"
5560,726.2521195327537,447622.9783206788,"[0.3333333333333333, 0.3333333333333333, 0.3333333333333333]"
5561,126.3980373850062,182959.8503752792,"[0.3333333333333333, 0.3333333333333333, 0.3333333333333333]"
5562,673.2785354828944,777469.558747843,"[0.3333333333333333, 0.3333333333333333, 0.3333333333333333]"
5563,763.1138224802181,286262.0452950379,"[0.3333333333333333, 0.3333333333333333, 0.3333333333333333]"
5564,962.3908565119627,866361.0300034593,"[0.3333333333333333, 0.3333333333333333, 0.3333333333333333]"
5565,578.6660053675948,996124.2792215492,"[0.3333333333333333, 0.3333333333333333, 0.3333333333333333]"
5566,13.918951356913256,261405.5827919086,"[0.3333333333333333, 0.3333333333333333, 0.3333333333333333]"
5567,74.26492153448774,198876.23401288645,"[0.3333333333333333, 0.3333333333333333, 0.3333333333333333]"
5568,725.9416092881866,913644.5154901237,"[0.3333333333333333, 0.3333333333333333, 0.3333333333333333]"
5569,974.4231512409975,369084.9014220337,"[0.3333333333333333, 0.3333333333333333, 0.3333333333333333]"
5570,826.3517940051007,627404.1152408806,"[0.3333333333333333, 0.3333333333333333, 0.3333333333333333]"
5571,385.89010790296265,498308.2574509718,"[0.3333333333333333, 0.3333333333333333, 0.3333333333333333]"
5572,962.7355026995657,815110.1544922809,"[0.3333333333333333, 0.3333333333333333, 0.3333333333333333]"
5573,234.842021799617,380951.7180477323,"[0.3333333333333333, 0.3333333333333333, 0.3333333333333333]"
5574,110.04452158403514,932014.0087884164,"[0.3333333333333333, 0.3333333333333333, 0.3333333333333333]"
5575,688.3921439812773,365436.30147562036,"[0.3333333333333333, 0.3333333333333333, 0.3333333333333333]"
5576,407.4478742999739,800714.4109046394,"[0.3333333333333333, 0.3333333333333333, 0.3333333333333333]"
5577,668.9390690825875,663502.1231671616,"[0.3333333333333333, 0.3333333333333333, 0.3333333333333333]"
5578,328.06951128503226,129489.86622482262,"[0.3333333333333333, 0.3333333333333333, 0.3333333333333333]"
5579,312.9119882487146,620479.6865266762,"[0.3333333333333333, 0.3333333333333333, 0.3333333333333333]"
5580,355.0404956291752,143783.00397120323,"[0.3333333333333333, 0.3333333333333333, 0.3333333333333333]"
5581,699.6254366152708,140974.62209727406,"[0.3333333333333333, 0.3333333333333333, 0.3333333333333333]"
5582,967.4030401533545,165690.28652550303,"[0.3333333333333333, 0.3333333333333333, 0.3333333333333333]"
5583,54.871661865956206,138260.54165239938,"[0.3333333333333333, 0.3333333333333333, 0.3333333333333333]"
5584,36.018746887534945,770219.1184490492,"[0.3333333333333333, 0.3333333333333333, 0.3333333333333333]"
5585,707.8010033804512,585898.5658177651,"[0.3333333333333333, 0.3333333333333333, 0.3333333333333333]"
5586,646.9060065318478,253988.8648677953,"[0.3333333333333333, 0.3333333333333333, 0.3333333333333333]"
5587,87.51453526852912,438620.7825546194,"[0.3333333333333333, 0.3333333333333333, 0.3333333333333333]"
5588,774.2783013803848,956738.5377451844,"[0.3333333333333333, 0.3333333333333333, 0.3333333333333333]"
5589,532.5767568633422,543946.2459371618,"[0.3333333333333333, 0.3333333333333333, 0.3333333333333333]"
5590,95.7988286486273,545214.7040497283,"[0.3333333333333333, 0.3333333333333333, 0.3333333333333333]"
5591,851.8721167527194,357560.9881068579,"[0.3333333333333333, 0.3333333333333333, 0.3333333333333333]"
5592,598.4180638129815,887083.2811482146,"[0.3333333333333333, 0.3333333333333333, 0.3333333333333333]"
5593,576.5665629053353,348499.6923962004,"[0.3333333333333333, 0.3333333333333333, 0.3333333333333333]"
5594,359.5375781956974,248593.0763586864,"[0.3333333333333333, 0.3333333333333333, 0.3333333333333333]"
5595,67.4282939563836,877703.6697892789,"[0.3333333333333333, 0.3333333333333333, 0.3333333333333333]"
5596,792.2028084304543,786002.9523322567,"[0.3333333333333333, 0.3333333333333333, 0.3333333333333333]"
5597,310.6250140054357,651547.4177228134,"[0.3333333333333333, 0.3333333333333333, 0.3333333333333333]"
5598,975.8605637757461,885603.6725374038,"[0.3333333333333333, 0.3333333333333333, 0.3333333333333333]"
5599,790.6287439899786,161994.23873869638,"[0.3333333333333333, 0.3333333333333333, 0.3333333333333333]"
5600,717.1781298844948,836731.9566664173,"[0.3333333333333333, 0.3333333333333333, 0.3333333333333333]"
5601,348.8691835108645,562626.1910655531,"[0.3333333333333333, 0.3333333333333333, 0.3333333333333333]"
5602,305.4654947263683,797536.051218515,"[0.3333333333333333, 0.3333333333333333, 0.3333333333333333]"
5603,791.9421099516117,519279.6955626298,"[0.3333333333333333, 0.3333333333333333, 0.3333333333333333]"
5604,549.1606217688714,154043.89531966913,"[0.3333333333333333, 0.3333333333333333, 0.3333333333333333]"
5605,593.2895985532284,611563.9780819714,"[0.3333333333333333, 0.3333333333333333, 0.3333333333333333]"
5606,791.4311329820334,160999.60467419305,"[0.3333333333333333, 0.3333333333333333, 0.3333333333333333]"
5607,694.970525765109,611560.9997851645,"[0.3333333333333333, 0.3333333333333333, 0.3333333333333333]"
5608,911.8356198142919,240033.36611137772,"[0.3333333333333333, 0.3333333333333333, 0.3333333333333333]"
5609,304.63990345992903,618410.0793089909,"[0.3333333333333333, 0.3333333333333333, 0.3333333333333333]"
5610,578.2892075049979,693719.6368348361,"[0.3333333333333333, 0.3333333333333333, 0.3333333333333333]"
5611,196.41228638401614,556919.7768539494,"[0.3333333333333333, 0.3333333333333333, 0.3333333333333333]"
5612,404.5560984842898,922337.0507038502,"[0.3333333333333333, 0.3333333333333333, 0.3333333333333333]"
5613,975.1612945140317,523093.81664056255,"[0.3333333333333333, 0.3333333333333333, 0.3333333333333333]"
5614,489.1122637112333,529214.4058519488,"[0.3333333333333333, 0.3333333333333333, 0.3333333333333333]"
5615,589.5423292959867,145023.66530680243,"[0.3333333333333333, 0.3333333333333333, 0.3333333333333333]"
5616,543.0022842919786,503228.00919580524,"[0.3333333333333333, 0.3333333333333333, 0.3333333333333333]"
5617,306.62726550529817,664039.1497057591,"[0.3333333333333333, 0.3333333333333333, 0.3333333333333333]"
5618,542.7453808391022,638273.0016336197,"[0.3333333333333333, 0.3333333333333333, 0.3333333333333333]"
5619,191.1030052810614,558924.0965541421,"[0.3333333333333333, 0.3333333333333333, 0.3333333333333333]"
5620,449.5201061233293,989853.4366847674,"[0.3333333333333333, 0.3333333333333333, 0.3333333333333333]"
5621,849.0123444760469,459517.8436941646,"[0.3333333333333333, 0.3333333333333333, 0.3333333333333333]"
5622,109.41890360563266,702033.1837413193,"[0.3333333333333333, 0.3333333333333333, 0.3333333333333333]"
5623,77.70997252395982,400847.8903097592,"[0.3333333333333333, 0.3333333333333333, 0.3333333333333333]"
5624,132.04307114256176,741086.4708581748,"[0.3333333333333333, 0.3333333333333333, 0.3333333333333333]"
5625,641.6103592044141,583641.9754795737,"[0.3333333333333333, 0.3333333333333333, 0.3333333333333333]"
5626,357.23673029321964,473831.6588158939,"[0.3333333333333333, 0.3333333333333333, 0.3333333333333333]"
5627,33.83378176609151,795153.078655094,"[0.3333333333333333, 0.3333333333333333, 0.3333333333333333]"
5628,16.502001205381713,484617.55346436024,"[0.3333333333333333, 0.3333333333333333, 0.3333333333333333]"
5629,894.4504823521193,559073.5268547277,"[0.3333333333333333, 0.3333333333333333, 0.3333333333333333]"
5630,872.9249388385226,387288.80778982403,"[0.3333333333333333, 0.3333333333333333, 0.3333333333333333]"
5631,609.3508733897115,644619.2545805813,"[0.3333333333333333, 0.3333333333333333, 0.3333333333333333]"
5632,57.7480592470923,840142.2645544303,"[0.3333333333333333, 0.3333333333333333, 0.3333333333333333]"
5633,169.78358683808563,657435.697440506,"[0.3333333333333333, 0.3333333333333333, 0.3333333333333333]"
5634,766.1056311103137,558016.8136393083,"[0.3333333333333333, 0.3333333333333333, 0.3333333333333333]"
5635,94.2507159898124,893004.9614768459,"[0.3333333333333333, 0.3333333333333333, 0.3333333333333333]"
5636,395.2276923686571,642711.0619500409,"[0.3333333333333333, 0.3333333333333333, 0.3333333333333333]"
5637,880.6309879428145,717962.3096028771,"[0.3333333333333333, 0.3333333333333333, 0.3333333333333333]"
5638,576.5623048222209,323785.1792593658,"[0.3333333333333333, 0.3333333333333333, 0.3333333333333333]"
5639,324.51433578015195,216690.6443917966,"[0.3333333333333333, 0.3333333333333333, 0.3333333333333333]"
5640,47.62633925589486,550257.528934386,"[0.3333333333333333, 0.3333333333333333, 0.3333333333333333]"
5641,844.1472512492567,868175.2681462847,"[0.3333333333333333, 0.3333333333333333, 0.3333333333333333]"
5642,230.76824025471288,773251.2977659663,"[0.3333333333333333, 0.3333333333333333, 0.3333333333333333]"
5643,938.3879042385266,157115.83265957318,"[0.3333333333333333, 0.3333333333333333, 0.3333333333333333]"
5644,545.206469281504,604484.3625752985,"[0.3333333333333333, 0.3333333333333333, 0.3333333333333333]"
5645,590.8386237365212,798713.0590132427,"[0.3333333333333333, 0.3333333333333333, 0.3333333333333333]"
5646,855.0382342011687,223100.4554203726,"[0.3333333333333333, 0.3333333333333333, 0.3333333333333333]"
5647,262.65118663622184,253998.73757248258,"[0.3333333333333333, 0.3333333333333333, 0.3333333333333333]"
5648,168.32470134723133,855084.6553049873,"[0.3333333333333333, 0.3333333333333333, 0.3333333333333333]"
5649,346.5486804546458,781157.3365056932,"[0.3333333333333333, 0.3333333333333333, 0.3333333333333333]"
5650,355.05210900519074,553514.6281345647,"[0.3333333333333333, 0.3333333333333333, 0.3333333333333333]"
5651,234.8499465553034,117736.80450706925,"[0.3333333333333333, 0.3333333333333333, 0.3333333333333333]"
5652,617.289373611847,365530.0664124,"[0.3333333333333333, 0.3333333333333333, 0.3333333333333333]"
5653,34.74018736040577,419401.893788413,"[0.3333333333333333, 0.3333333333333333, 0.3333333333333333]"
5654,226.22573635583132,734913.4888263006,"[0.3333333333333333, 0.3333333333333333, 0.3333333333333333]"
5655,271.6637709462178,528197.6109561408,"[0.3333333333333333, 0.3333333333333333, 0.3333333333333333]"
5656,665.0596555293097,581071.7859687086,"[0.3333333333333333, 0.3333333333333333, 0.3333333333333333]"
5657,548.3523712418521,210087.919134841,"[0.3333333333333333, 0.3333333333333333, 0.3333333333333333]"
5658,70.30855035362,788846.484261708,"[0.3333333333333333, 0.3333333333333333, 0.3333333333333333]"
5659,293.30433418503685,628032.0504246281,"[0.3333333333333333, 0.3333333333333333, 0.3333333333333333]"
5660,403.3787513230511,836625.5814713987,"[0.3333333333333333, 0.3333333333333333, 0.3333333333333333]"
5661,45.242831824399524,185412.62553891295,"[0.3333333333333333, 0.3333333333333333, 0.3333333333333333]"
5662,646.0180439280654,534870.5854184604,"[0.3333333333333333, 0.3333333333333333, 0.3333333333333333]"
5663,428.77267059140337,797306.9435328594,"[0.3333333333333333, 0.3333333333333333, 0.3333333333333333]"
5664,888.824380745131,210224.69254574712,"[0.3333333333333333, 0.3333333333333333, 0.3333333333333333]"
5665,309.0416221856321,419539.40938549454,"[0.3333333333333333, 0.3333333333333333, 0.3333333333333333]"
5666,670.0180882875028,880638.3847927789,"[0.3333333333333333, 0.3333333333333333, 0.3333333333333333]"
5667,402.45996661991836,777687.2080135071,"[0.3333333333333333, 0.3333333333333333, 0.3333333333333333]"
5668,570.9704547863553,130463.22329701061,"[0.3333333333333333, 0.3333333333333333, 0.3333333333333333]"
5669,94.47997815117085,667941.9823964493,"[0.3333333333333333, 0.3333333333333333, 0.3333333333333333]"
5670,169.388678180024,144659.37480218918,"[0.3333333333333333, 0.3333333333333333, 0.3333333333333333]"
5671,354.75323883179135,984856.9375111836,"[0.3333333333333333, 0.3333333333333333, 0.3333333333333333]"
5672,910.90581311194,443821.4082503875,"[0.3333333333333333, 0.3333333333333333, 0.3333333333333333]"
5673,970.4430359597717,582947.3282520366,"[0.3333333333333333, 0.3333333333333333, 0.3333333333333333]"
5674,190.13824003170913,178656.4967385356,"[0.3333333333333333, 0.3333333333333333, 0.3333333333333333]"
5675,922.7470400978142,205741.3967291385,"[0.3333333333333333, 0.3333333333333333, 0.3333333333333333]"
5676,434.0504337984215,792521.2649101418,"[0.3333333333333333, 0.3333333333333333, 0.3333333333333333]"
5677,571.6345327607877,940748.7943704205,"[0.3333333333333333, 0.3333333333333333, 0.3333333333333333]"
5678,308.9877247889851,740474.6485321117,"[0.3333333333333333, 0.3333333333333333, 0.3333333333333333]"
5679,201.9588428948151,704797.0090680906,"[0.3333333333333333, 0.3333333333333333, 0.3333333333333333]"
5680,771.0848499134433,436567.7546178945,"[0.3333333333333333, 0.3333333333333333, 0.3333333333333333]"
5681,366.3133114378514,428654.8127322767,"[0.3333333333333333, 0.3333333333333333, 0.3333333333333333]"
5682,419.2155092703193,744735.4357617747,"[0.3333333333333333, 0.3333333333333333, 0.3333333333333333]"
5683,467.6185065836933,728366.1330988691,"[0.3333333333333333, 0.3333333333333333, 0.3333333333333333]"
5684,149.2409928602387,766645.8372382129,"[0.3333333333333333, 0.3333333333333333, 0.3333333333333333]"
5685,306.7903963345209,353264.20123893046,"[0.3333333333333333, 0.3333333333333333, 0.3333333333333333]"
5686,43.48914810001825,442123.77057509637,"[0.3333333333333333, 0.3333333333333333, 0.3333333333333333]"
5687,588.8037746687154,831387.562683479,"[0.3333333333333333, 0.3333333333333333, 0.3333333333333333]"
5688,729.8313645499768,845855.3878504977,"[0.3333333333333333, 0.3333333333333333, 0.3333333333333333]"
5689,590.915077973235,479002.1527220609,"[0.3333333333333333, 0.3333333333333333, 0.3333333333333333]"
5690,741.0726934868607,480939.89432779123,"[0.3333333333333333, 0.3333333333333333, 0.3333333333333333]"
5691,219.62731672343273,295416.47433771443,"[0.3333333333333333, 0.3333333333333333, 0.3333333333333333]"
5692,294.96850452342807,715607.3754572831,"[0.3333333333333333, 0.3333333333333333, 0.3333333333333333]"
5693,738.421929447308,450383.55595353036,"[0.3333333333333333, 0.3333333333333333, 0.3333333333333333]"
5694,475.08320283329505,252677.68572658012,"[0.3333333333333333, 0.3333333333333333, 0.3333333333333333]"
5695,331.5825537503304,107940.4599724303,"[0.3333333333333333, 0.3333333333333333, 0.3333333333333333]"
5696,624.5960148757885,212715.92117314006,"[0.3333333333333333, 0.3333333333333333, 0.3333333333333333]"
5697,746.6091834381871,779819.0522088323,"[0.3333333333333333, 0.3333333333333333, 0.3333333333333333]"
5698,914.4901696998136,733063.1062888762,"[0.3333333333333333, 0.3333333333333333, 0.3333333333333333]"
5699,319.29435262186826,848860.1071019907,"[0.3333333333333333, 0.3333333333333333, 0.3333333333333333]"
5700,728.8538552381349,611740.9603252041,"[0.3333333333333333, 0.3333333333333333, 0.3333333333333333]"
5701,663.9968300170154,601691.0373189829,"[0.3333333333333333, 0.3333333333333333, 0.3333333333333333]"
5702,837.5114550701801,862429.060989576,"[0.3333333333333333, 0.3333333333333333, 0.3333333333333333]"
5703,48.97705667118896,373129.0358647673,"[0.3333333333333333, 0.3333333333333333, 0.3333333333333333]"
5704,738.236685735635,237629.6441950905,"[0.3333333333333333, 0.3333333333333333, 0.3333333333333333]"
5705,344.5441517777748,680759.803463433,"[0.3333333333333333, 0.3333333333333333, 0.3333333333333333]"
5706,514.4513099185408,835061.4178930965,"[0.3333333333333333, 0.3333333333333333, 0.3333333333333333]"
5707,858.094965279182,204442.01898247155,"[0.3333333333333333, 0.3333333333333333, 0.3333333333333333]"
5708,533.307756935167,386359.8101236937,"[0.3333333333333333, 0.3333333333333333, 0.3333333333333333]"
5709,64.33141471272458,701035.4079365237,"[0.3333333333333333, 0.3333333333333333, 0.3333333333333333]"
5710,130.0325605671539,945588.9306717123,"[0.3333333333333333, 0.3333333333333333, 0.3333333333333333]"
5711,818.9317589779203,443157.51802104287,"[0.3333333333333333, 0.3333333333333333, 0.3333333333333333]"
5712,600.3009107459424,510847.73538256105,"[0.3333333333333333, 0.3333333333333333, 0.3333333333333333]"
5713,23.081908601371786,832209.9640663258,"[0.3333333333333333, 0.3333333333333333, 0.3333333333333333]"
5714,907.550095818469,998905.898539697,"[0.3333333333333333, 0.3333333333333333, 0.3333333333333333]"
5715,423.0074870143885,259376.08733543273,"[0.3333333333333333, 0.3333333333333333, 0.3333333333333333]"
5716,82.46239706744906,800076.6472193399,"[0.3333333333333333, 0.3333333333333333, 0.3333333333333333]"
5717,686.7615368376347,891389.73815927,"[0.3333333333333333, 0.3333333333333333, 0.3333333333333333]"
5718,953.2580016749652,563450.5021743848,"[0.3333333333333333, 0.3333333333333333, 0.3333333333333333]"
5719,552.102898297945,979457.2859073583,"[0.3333333333333333, 0.3333333333333333, 0.3333333333333333]"
5720,33.76419070350569,666113.614165504,"[0.3333333333333333, 0.3333333333333333, 0.3333333333333333]"
5721,246.0684772721833,617354.4510791242,"[0.3333333333333333, 0.3333333333333333, 0.3333333333333333]"
5722,554.9591347433036,532444.7640668787,"[0.3333333333333333, 0.3333333333333333, 0.3333333333333333]"
5723,680.6048157313737,221538.18195232417,"[0.3333333333333333, 0.3333333333333333, 0.3333333333333333]"
5724,560.8374591150116,636357.6284458747,"[0.3333333333333333, 0.3333333333333333, 0.3333333333333333]"
5725,16.993910205866936,786757.1700481984,"[0.3333333333333333, 0.3333333333333333, 0.3333333333333333]"
5726,933.1474326796663,358633.8666959651,"[0.3333333333333333, 0.3333333333333333, 0.3333333333333333]"
5727,893.1372706660497,601599.0124055705,"[0.3333333333333333, 0.3333333333333333, 0.3333333333333333]"
5728,777.9925239438935,910284.1520084875,"[0.3333333333333333, 0.3333333333333333, 0.3333333333333333]"
5729,923.4372836264018,950470.5130295479,"[0.3333333333333333, 0.3333333333333333, 0.3333333333333333]"
5730,210.94596584500488,703250.3354530627,"[0.3333333333333333, 0.3333333333333333, 0.3333333333333333]"
5731,718.9113662974697,340639.080696192,"[0.3333333333333333, 0.3333333333333333, 0.3333333333333333]"
5732,243.1733163410334,342682.35516568867,"[0.3333333333333333, 0.3333333333333333, 0.3333333333333333]"
5733,350.4110761077646,725746.5892964656,"[0.3333333333333333, 0.3333333333333333, 0.3333333333333333]"
5734,543.5676019292202,144447.56190949984,"[0.3333333333333333, 0.3333333333333333, 0.3333333333333333]"
5735,444.80428746628166,356813.36100528104,"[0.3333333333333333, 0.3333333333333333, 0.3333333333333333]"
5736,457.84515503832387,362087.23169707775,"[0.3333333333333333, 0.3333333333333333, 0.3333333333333333]"
5737,642.4927136452768,213604.98970121174,"[0.3333333333333333, 0.3333333333333333, 0.3333333333333333]"
5738,952.9115667026066,451595.78111194493,"[0.3333333333333333, 0.3333333333333333, 0.3333333333333333]"
5739,95.37517766669406,375327.0107188188,"[0.3333333333333333, 0.3333333333333333, 0.3333333333333333]"
5740,608.436110270818,380227.8333423937,"[0.3333333333333333, 0.3333333333333333, 0.3333333333333333]"
5741,781.9969533550062,114819.27165110248,"[0.3333333333333333, 0.3333333333333333, 0.3333333333333333]"
5742,348.53336196813547,547392.9586267481,"[0.3333333333333333, 0.3333333333333333, 0.3333333333333333]"
5743,332.8848155543735,273696.80690639874,"[0.3333333333333333, 0.3333333333333333, 0.3333333333333333]"
5744,78.44759611725513,375667.0405864358,"[0.3333333333333333, 0.3333333333333333, 0.3333333333333333]"
5745,733.5205368931017,844486.5632754741,"[0.3333333333333333, 0.3333333333333333, 0.3333333333333333]"
5746,974.2274590131874,892241.8949563605,"[0.3333333333333333, 0.3333333333333333, 0.3333333333333333]"
5747,283.75441729422187,114421.58617643644,"[0.3333333333333333, 0.3333333333333333, 0.3333333333333333]"
5748,747.2265726377307,966937.9446405469,"[0.3333333333333333, 0.3333333333333333, 0.3333333333333333]"
5749,335.52718046468806,793714.4640993985,"[0.3333333333333333, 0.3333333333333333, 0.3333333333333333]"
5750,107.41010959962223,802749.3482409044,"[0.3333333333333333, 0.3333333333333333, 0.3333333333333333]"
5751,818.2445174602016,725352.3710189408,"[0.3333333333333333, 0.3333333333333333, 0.3333333333333333]"
5752,321.4685632128494,764186.4416674678,"[0.3333333333333333, 0.3333333333333333, 0.3333333333333333]"
5753,270.1803319172707,642972.0942219023,"[0.3333333333333333, 0.3333333333333333, 0.3333333333333333]"
5754,923.9182279026822,781938.1042886674,"[0.3333333333333333, 0.3333333333333333, 0.3333333333333333]"
5755,781.662347979692,879222.8772170463,"[0.3333333333333333, 0.3333333333333333, 0.3333333333333333]"
5756,506.07218865697354,346220.9081909273,"[0.3333333333333333, 0.3333333333333333, 0.3333333333333333]"
5757,236.59325996273463,480260.9751210279,"[0.3333333333333333, 0.3333333333333333, 0.3333333333333333]"
5758,592.787492773358,571341.3576473214,"[0.3333333333333333, 0.3333333333333333, 0.3333333333333333]"
5759,376.18808301324714,329963.3890682038,"[0.3333333333333333, 0.3333333333333333, 0.3333333333333333]"
5760,195.77054011510944,874877.3107998988,"[0.3333333333333333, 0.3333333333333333, 0.3333333333333333]"
5761,403.74030616168625,592802.437010127,"[0.3333333333333333, 0.3333333333333333, 0.3333333333333333]"
5762,934.2523907248919,317799.426303003,"[0.3333333333333333, 0.3333333333333333, 0.3333333333333333]"
5763,272.21993511730915,664475.6669617643,"[0.3333333333333333, 0.3333333333333333, 0.3333333333333333]"
5764,855.6699620508787,763240.4483006529,"[0.3333333333333333, 0.3333333333333333, 0.3333333333333333]"
5765,940.5141834572687,173098.55301226873,"[0.3333333333333333, 0.3333333333333333, 0.3333333333333333]"
5766,53.50381257589882,785252.4088660558,"[0.3333333333333333, 0.3333333333333333, 0.3333333333333333]"
5767,698.9407988322511,774805.9788886145,"[0.3333333333333333, 0.3333333333333333, 0.3333333333333333]"
5768,422.3091468288477,115677.02956609055,"[0.3333333333333333, 0.3333333333333333, 0.3333333333333333]"
5769,537.8368798050141,551284.4219353853,"[0.3333333333333333, 0.3333333333333333, 0.3333333333333333]"
5770,784.1127664291296,792898.7212143692,"[0.3333333333333333, 0.3333333333333333, 0.3333333333333333]"
5771,358.40523505083974,510025.5343457849,"[0.3333333333333333, 0.3333333333333333, 0.3333333333333333]"
5772,847.3292948878076,561842.0869096481,"[0.3333333333333333, 0.3333333333333333, 0.3333333333333333]"
5773,922.6213302252874,659380.3445122187,"[0.3333333333333333, 0.3333333333333333, 0.3333333333333333]"
5774,120.54475679524226,472290.6367266828,"[0.3333333333333333, 0.3333333333333333, 0.3333333333333333]"
5775,766.0373351773791,519177.5336338808,"[0.3333333333333333, 0.3333333333333333, 0.3333333333333333]"
5776,551.3450816053584,332779.55485674867,"[0.3333333333333333, 0.3333333333333333, 0.3333333333333333]"
5777,417.95955424032053,833176.452374285,"[0.3333333333333333, 0.3333333333333333, 0.3333333333333333]"
5778,80.04049785077146,940160.154809776,"[0.3333333333333333, 0.3333333333333333, 0.3333333333333333]"
5779,253.15222129148472,541123.3641632922,"[0.3333333333333333, 0.3333333333333333, 0.3333333333333333]"
5780,845.1331699582212,422940.7431005714,"[0.3333333333333333, 0.3333333333333333, 0.3333333333333333]"
5781,233.64212948909503,284269.7590266395,"[0.3333333333333333, 0.3333333333333333, 0.3333333333333333]"
5782,276.22686234547695,682942.0359898801,"[0.3333333333333333, 0.3333333333333333, 0.3333333333333333]"
5783,407.5736089464558,640982.7061217191,"[0.3333333333333333, 0.3333333333333333, 0.3333333333333333]"
5784,477.5487696420743,715621.724122956,"[0.3333333333333333, 0.3333333333333333, 0.3333333333333333]"
5785,640.9270876439477,752531.987724305,"[0.3333333333333333, 0.3333333333333333, 0.3333333333333333]"
5786,271.5277219638221,719740.5012568386,"[0.3333333333333333, 0.3333333333333333, 0.3333333333333333]"
5787,549.9769103493794,644963.3309519102,"[0.3333333333333333, 0.3333333333333333, 0.3333333333333333]"
5788,812.8511080951678,124138.38671321492,"[0.3333333333333333, 0.3333333333333333, 0.3333333333333333]"
5789,549.2046588576137,866762.1539271643,"[0.3333333333333333, 0.3333333333333333, 0.3333333333333333]"
5790,207.8049999136252,883040.8033770476,"[0.3333333333333333, 0.3333333333333333, 0.3333333333333333]"
5791,960.4559560312453,944396.9642668731,"[0.3333333333333333, 0.3333333333333333, 0.3333333333333333]"
5792,72.30559447337586,332956.73113071005,"[0.3333333333333333, 0.3333333333333333, 0.3333333333333333]"
5793,318.10486729102064,243673.22104434672,"[0.3333333333333333, 0.3333333333333333, 0.3333333333333333]"
5794,18.83503134829178,691101.305618758,"[0.3333333333333333, 0.3333333333333333, 0.3333333333333333]"
5795,570.8869437969213,535639.0990304028,"[0.3333333333333333, 0.3333333333333333, 0.3333333333333333]"
5796,851.0025648639715,927256.3490075382,"[0.3333333333333333, 0.3333333333333333, 0.3333333333333333]"
5797,92.69566733618804,593541.3358144877,"[0.3333333333333333, 0.3333333333333333, 0.3333333333333333]"
5798,553.8223316349814,658232.5730512078,"[0.3333333333333333, 0.3333333333333333, 0.3333333333333333]"
5799,516.9418255964738,398868.6245559025,"[0.3333333333333333, 0.3333333333333333, 0.3333333333333333]"
5800,202.25751333718028,640719.0536024909,"[0.3333333333333333, 0.3333333333333333, 0.3333333333333333]"
5801,740.3629550729307,587865.205747105,"[0.3333333333333333, 0.3333333333333333, 0.3333333333333333]"
5802,434.3303239436007,846571.4954400348,"[0.3333333333333333, 0.3333333333333333, 0.3333333333333333]"
5803,454.27984011662625,755681.8227861108,"[0.3333333333333333, 0.3333333333333333, 0.3333333333333333]"
5804,441.7749108408137,327266.1489208976,"[0.3333333333333333, 0.3333333333333333, 0.3333333333333333]"
5805,899.98033700355,267698.20213371515,"[0.3333333333333333, 0.3333333333333333, 0.3333333333333333]"
5806,359.5261218666488,927011.37229722,"[0.3333333333333333, 0.3333333333333333, 0.3333333333333333]"
5807,802.7883557122005,612265.3958975943,"[0.3333333333333333, 0.3333333333333333, 0.3333333333333333]"
5808,921.3767790608417,453036.77168616914,"[0.3333333333333333, 0.3333333333333333, 0.3333333333333333]"
5809,520.9820169579077,871107.9507747281,"[0.3333333333333333, 0.3333333333333333, 0.3333333333333333]"
5810,839.5294925666113,853337.3131008816,"[0.3333333333333333, 0.3333333333333333, 0.3333333333333333]"
5811,897.3426181663383,997102.7965106401,"[0.3333333333333333, 0.3333333333333333, 0.3333333333333333]"
5812,477.82124958218424,720771.2881039664,"[0.3333333333333333, 0.3333333333333333, 0.3333333333333333]"
5813,930.342608288369,588861.2670639254,"[0.3333333333333333, 0.3333333333333333, 0.3333333333333333]"
5814,928.5546365061361,710137.1076626714,"[0.3333333333333333, 0.3333333333333333, 0.3333333333333333]"
5815,787.2070325297955,765513.9331824175,"[0.3333333333333333, 0.3333333333333333, 0.3333333333333333]"
5816,484.45268188521044,462570.071476921,"[0.3333333333333333, 0.3333333333333333, 0.3333333333333333]"
5817,547.8490961990802,469761.3898635445,"[0.3333333333333333, 0.3333333333333333, 0.3333333333333333]"
5818,447.9594935683415,947415.0706165504,"[0.3333333333333333, 0.3333333333333333, 0.3333333333333333]"
5819,806.7570270179286,559857.9406646608,"[0.3333333333333333, 0.3333333333333333, 0.3333333333333333]"
5820,847.351300972673,480468.7805732726,"[0.3333333333333333, 0.3333333333333333, 0.3333333333333333]"
5821,784.5776441298739,873163.274833588,"[0.3333333333333333, 0.3333333333333333, 0.3333333333333333]"
5822,131.1430429032555,929435.7747747758,"[0.3333333333333333, 0.3333333333333333, 0.3333333333333333]"
5823,781.6580897790326,193915.21344845506,"[0.3333333333333333, 0.3333333333333333, 0.3333333333333333]"
5824,795.9550063838299,202580.13431137198,"[0.3333333333333333, 0.3333333333333333, 0.3333333333333333]"
5825,511.25312701445654,174606.69007604814,"[0.3333333333333333, 0.3333333333333333, 0.3333333333333333]"
5826,29.80314783658627,269278.87069790874,"[0.3333333333333333, 0.3333333333333333, 0.3333333333333333]"
5827,560.1789598721737,696082.2677804439,"[0.3333333333333333, 0.3333333333333333, 0.3333333333333333]"
5828,571.925677755096,145484.82868500202,"[0.3333333333333333, 0.3333333333333333, 0.3333333333333333]"
5829,448.3635368956976,485781.9387004717,"[0.3333333333333333, 0.3333333333333333, 0.3333333333333333]"
5830,358.87610966430833,580036.585903835,"[0.3333333333333333, 0.3333333333333333, 0.3333333333333333]"
5831,920.747401134398,675706.8380293009,"[0.3333333333333333, 0.3333333333333333, 0.3333333333333333]"
5832,541.7859761964843,120763.45454173649,"[0.3333333333333333, 0.3333333333333333, 0.3333333333333333]"
5833,247.56454606031926,826095.650791973,"[0.3333333333333333, 0.3333333333333333, 0.3333333333333333]"
5834,314.0613208316141,887283.5586373085,"[0.3333333333333333, 0.3333333333333333, 0.3333333333333333]"
5835,176.73284812980376,712041.0299885755,"[0.3333333333333333, 0.3333333333333333, 0.3333333333333333]"
5836,511.295938401478,573576.766002733,"[0.3333333333333333, 0.3333333333333333, 0.3333333333333333]"
5837,437.8124219747238,647124.70259706,"[0.3333333333333333, 0.3333333333333333, 0.3333333333333333]"
5838,234.74029117253744,880526.5591128812,"[0.3333333333333333, 0.3333333333333333, 0.3333333333333333]"
5839,722.2010789118187,430351.72771781124,"[0.3333333333333333, 0.3333333333333333, 0.3333333333333333]"
5840,413.8537305000285,860948.4324386404,"[0.3333333333333333, 0.3333333333333333, 0.3333333333333333]"
5841,966.3876885075958,363873.01155379287,"[0.3333333333333333, 0.3333333333333333, 0.3333333333333333]"
5842,527.073499691011,319788.8363767102,"[0.3333333333333333, 0.3333333333333333, 0.3333333333333333]"
5843,687.4007867192993,380694.8178863831,"[0.3333333333333333, 0.3333333333333333, 0.3333333333333333]"
5844,876.8243916687214,466450.58799993305,"[0.3333333333333333, 0.3333333333333333, 0.3333333333333333]"
5845,255.96107379601878,742952.7162233166,"[0.3333333333333333, 0.3333333333333333, 0.3333333333333333]"
5846,876.8432862523804,500264.42889985314,"[0.3333333333333333, 0.3333333333333333, 0.3333333333333333]"
5847,27.532641097539603,766799.878883513,"[0.3333333333333333, 0.3333333333333333, 0.3333333333333333]"
5848,880.3339525621735,764294.3262259486,"[0.3333333333333333, 0.3333333333333333, 0.3333333333333333]"
5849,209.65865507403535,684967.4021595467,"[0.3333333333333333, 0.3333333333333333, 0.3333333333333333]"
5850,101.63048464309182,619496.4982074518,"[0.3333333333333333, 0.3333333333333333, 0.3333333333333333]"
5851,612.1054870112455,925230.5134760416,"[0.3333333333333333, 0.3333333333333333, 0.3333333333333333]"
5852,112.04779091556298,916284.4940771718,"[0.3333333333333333, 0.3333333333333333, 0.3333333333333333]"
5853,364.41276391643987,283054.1360391169,"[0.3333333333333333, 0.3333333333333333, 0.3333333333333333]"
5854,485.0337408296437,567005.558188177,"[0.3333333333333333, 0.3333333333333333, 0.3333333333333333]"
5855,151.61817746924365,131164.02213648448,"[0.3333333333333333, 0.3333333333333333, 0.3333333333333333]"
5856,483.92799195468115,739956.4409258186,"[0.3333333333333333, 0.3333333333333333, 0.3333333333333333]"
5857,864.5814913681631,199553.65543465337,"[0.3333333333333333, 0.3333333333333333, 0.3333333333333333]"
5858,169.43384071620352,635029.3107074779,"[0.3333333333333333, 0.3333333333333333, 0.3333333333333333]"
5859,225.88559929418747,803952.1255119733,"[0.3333333333333333, 0.3333333333333333, 0.3333333333333333]"
5860,469.30564151102834,272310.6287166714,"[0.3333333333333333, 0.3333333333333333, 0.3333333333333333]"
5861,238.5943819261929,608279.2926455694,"[0.3333333333333333, 0.3333333333333333, 0.3333333333333333]"
5862,236.170770735718,186029.76462427963,"[0.3333333333333333, 0.3333333333333333, 0.3333333333333333]"
5863,51.4739613022461,648717.7432011798,"[0.3333333333333333, 0.3333333333333333, 0.3333333333333333]"
5864,447.1684807834489,592345.881122477,"[0.3333333333333333, 0.3333333333333333, 0.3333333333333333]"
5865,587.5926387832194,123096.40946134955,"[0.3333333333333333, 0.3333333333333333, 0.3333333333333333]"
5866,487.19759316241766,245807.51912688065,"[0.3333333333333333, 0.3333333333333333, 0.3333333333333333]"
5867,26.66418866683476,197713.02631884575,"[0.3333333333333333, 0.3333333333333333, 0.3333333333333333]"
5868,376.7326570059119,716053.777066716,"[0.3333333333333333, 0.3333333333333333, 0.3333333333333333]"
5869,346.95113616699933,631097.8182558466,"[0.3333333333333333, 0.3333333333333333, 0.3333333333333333]"
5870,631.5222184308304,573671.2148287678,"[0.3333333333333333, 0.3333333333333333, 0.3333333333333333]"
5871,47.69498675822756,790270.7859852463,"[0.3333333333333333, 0.3333333333333333, 0.3333333333333333]"
5872,258.9116322769464,228956.88126050736,"[0.3333333333333333, 0.3333333333333333, 0.3333333333333333]"
5873,956.5538404452151,616561.8927720187,"[0.3333333333333333, 0.3333333333333333, 0.3333333333333333]"
5874,402.12109605255915,779805.0024038411,"[0.3333333333333333, 0.3333333333333333, 0.3333333333333333]"
5875,719.07409129602,744760.7690805759,"[0.3333333333333333, 0.3333333333333333, 0.3333333333333333]"
5876,552.6236715019295,819360.5622588975,"[0.3333333333333333, 0.3333333333333333, 0.3333333333333333]"
5877,703.7662066419821,673570.0370213003,"[0.3333333333333333, 0.3333333333333333, 0.3333333333333333]"
5878,416.61952633647087,396383.12922966137,"[0.3333333333333333, 0.3333333333333333, 0.3333333333333333]"
5879,678.4569665905134,507005.0605545752,"[0.3333333333333333, 0.3333333333333333, 0.3333333333333333]"
5880,881.6583697101674,254321.07827124477,"[0.3333333333333333, 0.3333333333333333, 0.3333333333333333]"
5881,804.8244669087779,922895.4217631789,"[0.3333333333333333, 0.3333333333333333, 0.3333333333333333]"
5882,412.2017715460327,934719.1755540621,"[0.3333333333333333, 0.3333333333333333, 0.3333333333333333]"
5883,735.1058446315853,220436.56349728536,"[0.3333333333333333, 0.3333333333333333, 0.3333333333333333]"
5884,881.263460484343,823265.5941710769,"[0.3333333333333333, 0.3333333333333333, 0.3333333333333333]"
5885,910.040535290009,418335.50644266384,"[0.3333333333333333, 0.3333333333333333, 0.3333333333333333]"
5886,843.4691175565924,464757.48501701135,"[0.3333333333333333, 0.3333333333333333, 0.3333333333333333]"
5887,125.8131525997748,600577.2025253826,"[0.3333333333333333, 0.3333333333333333, 0.3333333333333333]"
5888,970.5998659258904,792580.9303419177,"[0.3333333333333333, 0.3333333333333333, 0.3333333333333333]"
5889,912.971907449053,951929.1718663707,"[0.3333333333333333, 0.3333333333333333, 0.3333333333333333]"
5890,835.4390995620137,775708.2970836161,"[0.3333333333333333, 0.3333333333333333, 0.3333333333333333]"
5891,608.1944455219665,492771.0639600526,"[0.3333333333333333, 0.3333333333333333, 0.3333333333333333]"
5892,442.0803176936618,398255.79985373386,"[0.3333333333333333, 0.3333333333333333, 0.3333333333333333]"
5893,477.0823444373122,762501.9900581598,"[0.3333333333333333, 0.3333333333333333, 0.3333333333333333]"
5894,879.285207629568,902993.265256462,"[0.3333333333333333, 0.3333333333333333, 0.3333333333333333]"
5895,940.2618971107853,964185.2847343592,"[0.3333333333333333, 0.3333333333333333, 0.3333333333333333]"
5896,982.3306958082222,305261.62677806977,"[0.3333333333333333, 0.3333333333333333, 0.3333333333333333]"
5897,727.9651082477593,354251.7057791377,"[0.3333333333333333, 0.3333333333333333, 0.3333333333333333]"
5898,543.351615952979,248601.42736703885,"[0.3333333333333333, 0.3333333333333333, 0.3333333333333333]"
5899,211.65684145835488,775642.923419749,"[0.3333333333333333, 0.3333333333333333, 0.3333333333333333]"
5900,869.935963622061,918673.0979066786,"[0.3333333333333333, 0.3333333333333333, 0.3333333333333333]"
5901,579.1581689559445,169994.10087268072,"[0.3333333333333333, 0.3333333333333333, 0.3333333333333333]"
5902,783.8637943073322,856066.5085049205,"[0.3333333333333333, 0.3333333333333333, 0.3333333333333333]"
5903,391.50897158733756,616499.5852437301,"[0.3333333333333333, 0.3333333333333333, 0.3333333333333333]"
5904,28.630142137176975,450292.3864442,"[0.3333333333333333, 0.3333333333333333, 0.3333333333333333]"
5905,828.3462526182399,992749.8929557964,"[0.3333333333333333, 0.3333333333333333, 0.3333333333333333]"
5906,659.0144312375133,548437.1054189949,"[0.3333333333333333, 0.3333333333333333, 0.3333333333333333]"
5907,136.27104770233822,170573.27727388038,"[0.3333333333333333, 0.3333333333333333, 0.3333333333333333]"
5908,770.8378347132988,416406.7564347789,"[0.3333333333333333, 0.3333333333333333, 0.3333333333333333]"
5909,857.7751339567328,485483.04846635234,"[0.3333333333333333, 0.3333333333333333, 0.3333333333333333]"
5910,437.9541534856084,280029.20746660716,"[0.3333333333333333, 0.3333333333333333, 0.3333333333333333]"
5911,572.2050634189425,318423.6215619259,"[0.3333333333333333, 0.3333333333333333, 0.3333333333333333]"
5912,866.8648211098113,600418.1452255897,"[0.3333333333333333, 0.3333333333333333, 0.3333333333333333]"
5913,926.4239842763956,258648.41884260895,"[0.3333333333333333, 0.3333333333333333, 0.3333333333333333]"
5914,984.3713723707665,112627.3698430267,"[0.3333333333333333, 0.3333333333333333, 0.3333333333333333]"
5915,541.2787926510828,161045.1517537416,"[0.3333333333333333, 0.3333333333333333, 0.3333333333333333]"
5916,244.98495608140655,578718.6760852565,"[0.3333333333333333, 0.3333333333333333, 0.3333333333333333]"
5917,200.59497185633083,825066.8377797464,"[0.3333333333333333, 0.3333333333333333, 0.3333333333333333]"
5918,721.8290057244354,533934.3335620442,"[0.3333333333333333, 0.3333333333333333, 0.3333333333333333]"
5919,140.55083761773102,384051.8456434473,"[0.3333333333333333, 0.3333333333333333, 0.3333333333333333]"
5920,732.5667511332344,905562.5477500292,"[0.3333333333333333, 0.3333333333333333, 0.3333333333333333]"
5921,400.41881452810816,221084.00503029814,"[0.3333333333333333, 0.3333333333333333, 0.3333333333333333]"
5922,349.29890712704866,443374.1721219124,"[0.3333333333333333, 0.3333333333333333, 0.3333333333333333]"
5923,541.2685972741158,788666.9270302323,"[0.3333333333333333, 0.3333333333333333, 0.3333333333333333]"
5924,275.69216769169776,462750.87632096466,"[0.3333333333333333, 0.3333333333333333, 0.3333333333333333]"
5925,884.0525245238122,862657.036357064,"[0.3333333333333333, 0.3333333333333333, 0.3333333333333333]"
5926,76.85821057341178,331160.3708390342,"[0.3333333333333333, 0.3333333333333333, 0.3333333333333333]"
5927,583.8964962234606,562275.7277636644,"[0.3333333333333333, 0.3333333333333333, 0.3333333333333333]"
5928,838.8039364978814,518365.006434194,"[0.3333333333333333, 0.3333333333333333, 0.3333333333333333]"
5929,523.2029346890913,665288.5261353855,"[0.3333333333333333, 0.3333333333333333, 0.3333333333333333]"
5930,585.4284179316624,591980.8665019468,"[0.3333333333333333, 0.3333333333333333, 0.3333333333333333]"
5931,548.1322783410418,288909.3232372247,"[0.3333333333333333, 0.3333333333333333, 0.3333333333333333]"
5932,816.565556014079,711010.3512484834,"[0.3333333333333333, 0.3333333333333333, 0.3333333333333333]"
5933,370.6344429392588,174492.70438882217,"[0.3333333333333333, 0.3333333333333333, 0.3333333333333333]"
5934,989.8474373498213,684502.3777030316,"[0.3333333333333333, 0.3333333333333333, 0.3333333333333333]"
5935,274.0405763445896,411341.86501630227,"[0.3333333333333333, 0.3333333333333333, 0.3333333333333333]"
5936,901.4901253855683,896439.4657182595,"[0.3333333333333333, 0.3333333333333333, 0.3333333333333333]"
5937,621.7097571904831,327226.5662277277,"[0.3333333333333333, 0.3333333333333333, 0.3333333333333333]"
5938,537.1186174010018,931078.8809662743,"[0.3333333333333333, 0.3333333333333333, 0.3333333333333333]"
5939,401.8252271830665,300252.96902030846,"[0.3333333333333333, 0.3333333333333333, 0.3333333333333333]"
5940,141.73207114491103,173253.00995887222,"[0.3333333333333333, 0.3333333333333333, 0.3333333333333333]"
5941,472.3189862945263,800773.3969410978,"[0.3333333333333333, 0.3333333333333333, 0.3333333333333333]"
5942,556.274252602129,414366.5301139171,"[0.3333333333333333, 0.3333333333333333, 0.3333333333333333]"
5943,409.93168495427545,667236.653973698,"[0.3333333333333333, 0.3333333333333333, 0.3333333333333333]"
5944,313.7628286369659,917955.3044686097,"[0.3333333333333333, 0.3333333333333333, 0.3333333333333333]"
5945,559.018705216796,152519.35553570642,"[0.3333333333333333, 0.3333333333333333, 0.3333333333333333]"
5946,186.3696056242828,520364.65273461305,"[0.3333333333333333, 0.3333333333333333, 0.3333333333333333]"
5947,205.91001324093608,393280.5697679567,"[0.3333333333333333, 0.3333333333333333, 0.3333333333333333]"
5948,675.4113061795936,602781.0174995511,"[0.3333333333333333, 0.3333333333333333, 0.3333333333333333]"
5949,112.60592746843709,171355.0667736155,"[0.3333333333333333, 0.3333333333333333, 0.3333333333333333]"
5950,662.6191675285188,248795.60623236958,"[0.3333333333333333, 0.3333333333333333, 0.3333333333333333]"
5951,579.5981680725614,291946.68602716405,"[0.3333333333333333, 0.3333333333333333, 0.3333333333333333]"
5952,707.8313171535768,575319.7110206785,"[0.3333333333333333, 0.3333333333333333, 0.3333333333333333]"
5953,479.7213511948945,470169.1674559629,"[0.3333333333333333, 0.3333333333333333, 0.3333333333333333]"
5954,584.6056014371026,418353.91017222864,"[0.3333333333333333, 0.3333333333333333, 0.3333333333333333]"
5955,856.8597375563045,600806.2756968931,"[0.3333333333333333, 0.3333333333333333, 0.3333333333333333]"
5956,712.2612968641434,703009.2590651251,"[0.3333333333333333, 0.3333333333333333, 0.3333333333333333]"
5957,782.811211615966,216486.6124538176,"[0.3333333333333333, 0.3333333333333333, 0.3333333333333333]"
5958,926.0242828323837,869453.2284015332,"[0.3333333333333333, 0.3333333333333333, 0.3333333333333333]"
5959,168.69234645865984,430735.5827413757,"[0.3333333333333333, 0.3333333333333333, 0.3333333333333333]"
5960,62.76743950869502,742649.862770143,"[0.3333333333333333, 0.3333333333333333, 0.3333333333333333]"
5961,46.99865152708848,145272.39259213384,"[0.3333333333333333, 0.3333333333333333, 0.3333333333333333]"
5962,713.0226306878403,721489.0443005438,"[0.3333333333333333, 0.3333333333333333, 0.3333333333333333]"
5963,353.9823376458752,394463.5909481011,"[0.3333333333333333, 0.3333333333333333, 0.3333333333333333]"
5964,868.9819801243109,137506.79655906232,"[0.3333333333333333, 0.3333333333333333, 0.3333333333333333]"
5965,37.78037841669558,628637.3391325781,"[0.3333333333333333, 0.3333333333333333, 0.3333333333333333]"
5966,444.1789166552311,323754.9764023998,"[0.3333333333333333, 0.3333333333333333, 0.3333333333333333]"
5967,803.5166886925398,690715.6671681098,"[0.3333333333333333, 0.3333333333333333, 0.3333333333333333]"
5968,740.5519140559528,745917.9998875544,"[0.3333333333333333, 0.3333333333333333, 0.3333333333333333]"
5969,303.09791081461043,882922.9977938446,"[0.3333333333333333, 0.3333333333333333, 0.3333333333333333]"
5970,515.0194660707361,742531.8499916384,"[0.3333333333333333, 0.3333333333333333, 0.3333333333333333]"
5971,847.2352684213054,702850.3739107891,"[0.3333333333333333, 0.3333333333333333, 0.3333333333333333]"
5972,330.1422859843681,929184.9703440622,"[0.3333333333333333, 0.3333333333333333, 0.3333333333333333]"
5973,241.44538371885642,144282.7736531134,"[0.3333333333333333, 0.3333333333333333, 0.3333333333333333]"
5974,613.3178126480573,951738.1137621152,"[0.3333333333333333, 0.3333333333333333, 0.3333333333333333]"
5975,892.9578949000577,703359.5764009923,"[0.3333333333333333, 0.3333333333333333, 0.3333333333333333]"
5976,78.93817158406887,167079.26922725688,"[0.3333333333333333, 0.3333333333333333, 0.3333333333333333]"
5977,635.207227687304,798461.5200299625,"[0.3333333333333333, 0.3333333333333333, 0.3333333333333333]"
5978,206.08124259689333,422912.5191664505,"[0.3333333333333333, 0.3333333333333333, 0.3333333333333333]"
5979,560.211073172175,629100.6857028407,"[0.3333333333333333, 0.3333333333333333, 0.3333333333333333]"
5980,675.6665654247416,931069.7987712066,"[0.3333333333333333, 0.3333333333333333, 0.3333333333333333]"
5981,83.52669577656127,843797.376796272,"[0.3333333333333333, 0.3333333333333333, 0.3333333333333333]"
5982,207.37055241053253,862352.4250988562,"[0.3333333333333333, 0.3333333333333333, 0.3333333333333333]"
5983,85.25687537798281,276770.21805382485,"[0.3333333333333333, 0.3333333333333333, 0.3333333333333333]"
5984,944.8900536390032,227937.0823041853,"[0.3333333333333333, 0.3333333333333333, 0.3333333333333333]"
5985,334.65287912324817,756612.0736006028,"[0.3333333333333333, 0.3333333333333333, 0.3333333333333333]"
5986,885.6773349966389,744467.0347123892,"[0.3333333333333333, 0.3333333333333333, 0.3333333333333333]"
5987,809.5854374269983,882735.2328713674,"[0.3333333333333333, 0.3333333333333333, 0.3333333333333333]"
5988,309.6407240445485,265693.66778146976,"[0.3333333333333333, 0.3333333333333333, 0.3333333333333333]"
5989,735.7113204806583,445058.2542454899,"[0.3333333333333333, 0.3333333333333333, 0.3333333333333333]"
5990,203.89248089474123,592397.7250708757,"[0.3333333333333333, 0.3333333333333333, 0.3333333333333333]"
5991,70.32989891262295,231240.9142057136,"[0.3333333333333333, 0.3333333333333333, 0.3333333333333333]"
5992,354.43032765214934,230297.53574152853,"[0.3333333333333333, 0.3333333333333333, 0.3333333333333333]"
5993,563.477313602017,626675.3334593535,"[0.3333333333333333, 0.3333333333333333, 0.3333333333333333]"
5994,736.7515414885057,825050.437452503,"[0.3333333333333333, 0.3333333333333333, 0.3333333333333333]"
5995,661.3768460513971,598870.3588760179,"[0.3333333333333333, 0.3333333333333333, 0.3333333333333333]"
5996,798.4682066113178,824097.8771002719,"[0.3333333333333333, 0.3333333333333333, 0.3333333333333333]"
5997,191.1643746970486,323300.900573303,"[0.3333333333333333, 0.3333333333333333, 0.3333333333333333]"
5998,931.3400274623663,226140.04575296494,"[0.3333333333333333, 0.3333333333333333, 0.3333333333333333]"
5999,71.549122527777,186063.68523596963,"[0.3333333333333333, 0.3333333333333333, 0.3333333333333333]"
6000,396.9858294944273,249394.06743301917,"[0.3333333333333333, 0.3333333333333333, 0.3333333333333333]"
6001,986.9877497572745,760162.8599810593,"[0.3333333333333333, 0.3333333333333333, 0.3333333333333333]"
6002,592.2312397562836,577513.7428976288,"[0.3333333333333333, 0.3333333333333333, 0.3333333333333333]"
6003,935.861923549887,678229.1079975425,"[0.3333333333333333, 0.3333333333333333, 0.3333333333333333]"
6004,734.6987034231287,414792.85032510775,"[0.3333333333333333, 0.3333333333333333, 0.3333333333333333]"
6005,242.0502393861528,346787.215381347,"[0.3333333333333333, 0.3333333333333333, 0.3333333333333333]"
6006,984.4502884950215,570591.7497904624,"[0.3333333333333333, 0.3333333333333333, 0.3333333333333333]"
6007,415.41797887565514,289048.4481837853,"[0.3333333333333333, 0.3333333333333333, 0.3333333333333333]"
6008,887.6119664577203,635941.918304624,"[0.3333333333333333, 0.3333333333333333, 0.3333333333333333]"
6009,650.5106554421873,200846.17632927917,"[0.3333333333333333, 0.3333333333333333, 0.3333333333333333]"
6010,406.76446444327684,815283.8946260212,"[0.3333333333333333, 0.3333333333333333, 0.3333333333333333]"
6011,350.8292044580521,618115.2571206053,"[0.3333333333333333, 0.3333333333333333, 0.3333333333333333]"
6012,52.6994958988667,432252.24676686013,"[0.3333333333333333, 0.3333333333333333, 0.3333333333333333]"
6013,939.2473177687102,219833.94468548012,"[0.3333333333333333, 0.3333333333333333, 0.3333333333333333]"
6014,602.4529308491018,749464.8480501348,"[0.3333333333333333, 0.3333333333333333, 0.3333333333333333]"
6015,707.7561893840597,678155.5524327615,"[0.3333333333333333, 0.3333333333333333, 0.3333333333333333]"
6016,377.531457454396,827740.3629937711,"[0.3333333333333333, 0.3333333333333333, 0.3333333333333333]"
6017,227.5242591706541,209689.09426555183,"[0.3333333333333333, 0.3333333333333333, 0.3333333333333333]"
6018,569.4687643155667,214332.1674323618,"[0.3333333333333333, 0.3333333333333333, 0.3333333333333333]"
6019,966.7257005187803,940802.6216050512,"[0.3333333333333333, 0.3333333333333333, 0.3333333333333333]"
6020,985.8388798379087,266096.65557501046,"[0.3333333333333333, 0.3333333333333333, 0.3333333333333333]"
6021,532.8196608248545,346634.6530905382,"[0.3333333333333333, 0.3333333333333333, 0.3333333333333333]"
6022,47.92569460137443,491689.1237627627,"[0.3333333333333333, 0.3333333333333333, 0.3333333333333333]"
6023,980.4196431896283,914975.7202316921,"[0.3333333333333333, 0.3333333333333333, 0.3333333333333333]"
6024,526.418076096171,885561.4031409983,"[0.3333333333333333, 0.3333333333333333, 0.3333333333333333]"
6025,53.83001380088204,542969.0863426044,"[0.3333333333333333, 0.3333333333333333, 0.3333333333333333]"
6026,890.9754160759455,260074.10397797875,"[0.3333333333333333, 0.3333333333333333, 0.3333333333333333]"
6027,145.64250550957047,752445.6159760716,"[0.3333333333333333, 0.3333333333333333, 0.3333333333333333]"
6028,346.2617735478539,181759.13884586006,"[0.3333333333333333, 0.3333333333333333, 0.3333333333333333]"
6029,376.46847716707913,139796.16791550803,"[0.3333333333333333, 0.3333333333333333, 0.3333333333333333]"
6030,379.32488141624486,153715.31167091386,"[0.3333333333333333, 0.3333333333333333, 0.3333333333333333]"
6031,420.1439851675653,805590.803858184,"[0.3333333333333333, 0.3333333333333333, 0.3333333333333333]"
6032,790.0936277447379,226497.0690844675,"[0.3333333333333333, 0.3333333333333333, 0.3333333333333333]"
6033,18.029425801673014,405540.9177490662,"[0.3333333333333333, 0.3333333333333333, 0.3333333333333333]"
6034,641.7145881526935,145326.50814268662,"[0.3333333333333333, 0.3333333333333333, 0.3333333333333333]"
6035,177.8141661541325,388349.78380197816,"[0.3333333333333333, 0.3333333333333333, 0.3333333333333333]"
6036,875.8336634317498,552978.7662807612,"[0.3333333333333333, 0.3333333333333333, 0.3333333333333333]"
6037,728.5500211725945,766590.5346149127,"[0.3333333333333333, 0.3333333333333333, 0.3333333333333333]"
6038,405.1859142031553,478973.4465864082,"[0.3333333333333333, 0.3333333333333333, 0.3333333333333333]"
6039,980.1301700795767,394040.9679819925,"[0.3333333333333333, 0.3333333333333333, 0.3333333333333333]"
6040,689.129597698373,134126.67017636014,"[0.3333333333333333, 0.3333333333333333, 0.3333333333333333]"
6041,247.47789787726083,550353.1542101462,"[0.3333333333333333, 0.3333333333333333, 0.3333333333333333]"
6042,25.755249793694738,464001.09276674537,"[0.3333333333333333, 0.3333333333333333, 0.3333333333333333]"
6043,88.60294558294905,215564.27129461605,"[0.3333333333333333, 0.3333333333333333, 0.3333333333333333]"
6044,383.8391424109326,451677.6686315395,"[0.3333333333333333, 0.3333333333333333, 0.3333333333333333]"
6045,867.1908558100874,468194.1474456909,"[0.3333333333333333, 0.3333333333333333, 0.3333333333333333]"
6046,629.8130631168198,234508.85698699497,"[0.3333333333333333, 0.3333333333333333, 0.3333333333333333]"
6047,831.2911428100285,399416.6817854262,"[0.3333333333333333, 0.3333333333333333, 0.3333333333333333]"
6048,283.8685349890599,225539.99218066473,"[0.3333333333333333, 0.3333333333333333, 0.3333333333333333]"
6049,291.6163268441466,502854.8847648186,"[0.3333333333333333, 0.3333333333333333, 0.3333333333333333]"
6050,834.3938479614011,640255.5953717695,"[0.3333333333333333, 0.3333333333333333, 0.3333333333333333]"
6051,227.98320219754677,854648.3579760395,"[0.3333333333333333, 0.3333333333333333, 0.3333333333333333]"
6052,169.68471973134808,717647.9324307139,"[0.3333333333333333, 0.3333333333333333, 0.3333333333333333]"
6053,250.00984492741597,861098.0033980815,"[0.3333333333333333, 0.3333333333333333, 0.3333333333333333]"
6054,656.07837193755,906603.5725036785,"[0.3333333333333333, 0.3333333333333333, 0.3333333333333333]"
6055,59.555331246389365,683461.8913458297,"[0.3333333333333333, 0.3333333333333333, 0.3333333333333333]"
6056,568.3816668795201,332058.3064418465,"[0.3333333333333333, 0.3333333333333333, 0.3333333333333333]"
6057,124.25505735717923,581340.7444830737,"[0.3333333333333333, 0.3333333333333333, 0.3333333333333333]"
6058,746.8366261437333,525828.6258146741,"[0.3333333333333333, 0.3333333333333333, 0.3333333333333333]"
6059,441.639734281699,126485.23564553453,"[0.3333333333333333, 0.3333333333333333, 0.3333333333333333]"
6060,325.2578614265738,662402.6699846225,"[0.3333333333333333, 0.3333333333333333, 0.3333333333333333]"
6061,557.7557077530677,122608.10327387448,"[0.3333333333333333, 0.3333333333333333, 0.3333333333333333]"
6062,710.2135295041575,450253.6474697408,"[0.3333333333333333, 0.3333333333333333, 0.3333333333333333]"
6063,40.73361651339602,446472.5527965886,"[0.3333333333333333, 0.3333333333333333, 0.3333333333333333]"
6064,799.5454363010549,919387.188661437,"[0.3333333333333333, 0.3333333333333333, 0.3333333333333333]"
6065,922.1249830527374,598084.3945325698,"[0.3333333333333333, 0.3333333333333333, 0.3333333333333333]"
6066,503.8204161336556,312358.268621352,"[0.3333333333333333, 0.3333333333333333, 0.3333333333333333]"
6067,558.0315481450633,244698.7096224355,"[0.3333333333333333, 0.3333333333333333, 0.3333333333333333]"
6068,49.81776474621626,111546.18327163537,"[0.3333333333333333, 0.3333333333333333, 0.3333333333333333]"
6069,868.3360551794377,986250.7468558403,"[0.3333333333333333, 0.3333333333333333, 0.3333333333333333]"
6070,467.17642783396946,530863.1631317763,"[0.3333333333333333, 0.3333333333333333, 0.3333333333333333]"
6071,48.15345926211885,632865.6002659115,"[0.3333333333333333, 0.3333333333333333, 0.3333333333333333]"
6072,426.9890107571106,230611.1026295377,"[0.3333333333333333, 0.3333333333333333, 0.3333333333333333]"
6073,792.6713674143919,142926.62984608032,"[0.3333333333333333, 0.3333333333333333, 0.3333333333333333]"
6074,990.9865129681905,780995.5307186199,"[0.3333333333333333, 0.3333333333333333, 0.3333333333333333]"
6075,369.0643662089102,314066.5762794032,"[0.3333333333333333, 0.3333333333333333, 0.3333333333333333]"
6076,544.0873876236856,622671.697631581,"[0.3333333333333333, 0.3333333333333333, 0.3333333333333333]"
6077,620.5417270180959,224585.9311929457,"[0.3333333333333333, 0.3333333333333333, 0.3333333333333333]"
6078,220.25659464294142,874492.6041783935,"[0.3333333333333333, 0.3333333333333333, 0.3333333333333333]"
6079,382.42512609400933,794784.0979627859,"[0.3333333333333333, 0.3333333333333333, 0.3333333333333333]"
6080,888.7271410524178,787842.2417342181,"[0.3333333333333333, 0.3333333333333333, 0.3333333333333333]"
6081,413.1918564145508,640767.7519513057,"[0.3333333333333333, 0.3333333333333333, 0.3333333333333333]"
6082,627.7776145365054,723406.9473629324,"[0.3333333333333333, 0.3333333333333333, 0.3333333333333333]"
6083,97.11442364774611,201604.52412639774,"[0.3333333333333333, 0.3333333333333333, 0.3333333333333333]"
6084,570.4336222934834,312230.26251364616,"[0.3333333333333333, 0.3333333333333333, 0.3333333333333333]"
6085,928.7209092229461,726303.2513027118,"[0.3333333333333333, 0.3333333333333333, 0.3333333333333333]"
6086,554.5821917478399,704935.7777390892,"[0.3333333333333333, 0.3333333333333333, 0.3333333333333333]"
6087,67.51738504783098,983941.3527448606,"[0.3333333333333333, 0.3333333333333333, 0.3333333333333333]"
6088,929.1670794555714,990793.1642362943,"[0.3333333333333333, 0.3333333333333333, 0.3333333333333333]"
6089,186.3571871479099,340538.2002080858,"[0.3333333333333333, 0.3333333333333333, 0.3333333333333333]"
6090,940.6980943844293,409345.72089769033,"[0.3333333333333333, 0.3333333333333333, 0.3333333333333333]"
6091,157.22425446142063,180712.20745574386,"[0.3333333333333333, 0.3333333333333333, 0.3333333333333333]"
6092,159.05331194143406,876329.467752846,"[0.3333333333333333, 0.3333333333333333, 0.3333333333333333]"
6093,591.2712960706356,620202.0787677995,"[0.3333333333333333, 0.3333333333333333, 0.3333333333333333]"
6094,578.537417197445,937471.4268879422,"[0.3333333333333333, 0.3333333333333333, 0.3333333333333333]"
6095,334.68897174805926,496654.82101271336,"[0.3333333333333333, 0.3333333333333333, 0.3333333333333333]"
6096,452.22267033516937,102056.60709776793,"[0.3333333333333333, 0.3333333333333333, 0.3333333333333333]"
6097,567.7297792780306,453066.9707310464,"[0.3333333333333333, 0.3333333333333333, 0.3333333333333333]"
6098,731.84387932299,249549.91782361473,"[0.3333333333333333, 0.3333333333333333, 0.3333333333333333]"
6099,921.9850871188858,818867.8958394018,"[0.3333333333333333, 0.3333333333333333, 0.3333333333333333]"
6100,134.09547233079314,609929.2846601397,"[0.3333333333333333, 0.3333333333333333, 0.3333333333333333]"
6101,309.50953484553685,351971.20649636746,"[0.3333333333333333, 0.3333333333333333, 0.3333333333333333]"
6102,540.4983456039884,242556.2000029073,"[0.3333333333333333, 0.3333333333333333, 0.3333333333333333]"
6103,538.712107523736,122298.17483659869,"[0.3333333333333333, 0.3333333333333333, 0.3333333333333333]"
6104,104.53110958637684,550333.7966185283,"[0.3333333333333333, 0.3333333333333333, 0.3333333333333333]"
6105,710.3921215964873,420246.41888487764,"[0.3333333333333333, 0.3333333333333333, 0.3333333333333333]"
6106,514.0766651921876,488121.3260514852,"[0.3333333333333333, 0.3333333333333333, 0.3333333333333333]"
6107,900.9261049302243,881156.103201319,"[0.3333333333333333, 0.3333333333333333, 0.3333333333333333]"
6108,459.18809867178544,416778.6223150968,"[0.3333333333333333, 0.3333333333333333, 0.3333333333333333]"
6109,387.54744396516173,665662.9393159243,"[0.3333333333333333, 0.3333333333333333, 0.3333333333333333]"
6110,844.5061002515121,522571.8612840192,"[0.3333333333333333, 0.3333333333333333, 0.3333333333333333]"
6111,243.3471560280441,336238.4539840843,"[0.3333333333333333, 0.3333333333333333, 0.3333333333333333]"
6112,566.3727552252984,433173.78303439484,"[0.3333333333333333, 0.3333333333333333, 0.3333333333333333]"
6113,249.39216085948186,949991.3670704727,"[0.3333333333333333, 0.3333333333333333, 0.3333333333333333]"
6114,591.1139892235168,694472.1237391996,"[0.3333333333333333, 0.3333333333333333, 0.3333333333333333]"
6115,753.4321307308247,500854.7593137341,"[0.3333333333333333, 0.3333333333333333, 0.3333333333333333]"
6116,994.6639481697335,889695.8662557295,"[0.3333333333333333, 0.3333333333333333, 0.3333333333333333]"
6117,646.7516479692941,516125.452583457,"[0.3333333333333333, 0.3333333333333333, 0.3333333333333333]"
6118,605.3629273155135,432623.4302815701,"[0.3333333333333333, 0.3333333333333333, 0.3333333333333333]"
6119,38.13889827075856,545335.9186587664,"[0.3333333333333333, 0.3333333333333333, 0.3333333333333333]"
6120,442.94681383590506,271732.3408310119,"[0.3333333333333333, 0.3333333333333333, 0.3333333333333333]"
6121,494.03443134856735,612058.8856790429,"[0.3333333333333333, 0.3333333333333333, 0.3333333333333333]"
6122,959.6975269287612,426395.09938333626,"[0.3333333333333333, 0.3333333333333333, 0.3333333333333333]"
6123,309.80321318963115,246357.71360425316,"[0.3333333333333333, 0.3333333333333333, 0.3333333333333333]"
6124,347.4546309923413,812032.1841726346,"[0.3333333333333333, 0.3333333333333333, 0.3333333333333333]"
6125,259.20801061027964,851438.4767219777,"[0.3333333333333333, 0.3333333333333333, 0.3333333333333333]"
6126,134.84699228375004,257890.1289699568,"[0.3333333333333333, 0.3333333333333333, 0.3333333333333333]"
6127,872.5503956487456,228162.4772466292,"[0.3333333333333333, 0.3333333333333333, 0.3333333333333333]"
6128,472.9656870509856,852837.0424829064,"[0.3333333333333333, 0.3333333333333333, 0.3333333333333333]"
6129,95.60716679886599,569537.7264125614,"[0.3333333333333333, 0.3333333333333333, 0.3333333333333333]"
6130,538.2716573216208,733617.1983048659,"[0.3333333333333333, 0.3333333333333333, 0.3333333333333333]"
6131,115.82320514067908,286982.8262556663,"[0.3333333333333333, 0.3333333333333333, 0.3333333333333333]"
6132,14.724008229703692,515690.1025896075,"[0.3333333333333333, 0.3333333333333333, 0.3333333333333333]"
6133,599.5678825484508,944830.5505025511,"[0.3333333333333333, 0.3333333333333333, 0.3333333333333333]"
6134,305.6777186106877,469068.9705363461,"[0.3333333333333333, 0.3333333333333333, 0.3333333333333333]"
6135,523.969352710213,942696.4548023432,"[0.3333333333333333, 0.3333333333333333, 0.3333333333333333]"
6136,672.4114660427933,225995.29072197445,"[0.3333333333333333, 0.3333333333333333, 0.3333333333333333]"
6137,601.482831331055,388527.17924162716,"[0.3333333333333333, 0.3333333333333333, 0.3333333333333333]"
6138,169.9873196421436,480534.2334096315,"[0.3333333333333333, 0.3333333333333333, 0.3333333333333333]"
6139,52.96404406965391,214155.76782580587,"[0.3333333333333333, 0.3333333333333333, 0.3333333333333333]"
6140,189.67973047359692,847707.4777157416,"[0.3333333333333333, 0.3333333333333333, 0.3333333333333333]"
6141,333.8041145686894,476241.6322288323,"[0.3333333333333333, 0.3333333333333333, 0.3333333333333333]"
6142,761.3727976959865,594318.7690145994,"[0.3333333333333333, 0.3333333333333333, 0.3333333333333333]"
6143,224.814009572713,669322.4719491398,"[0.3333333333333333, 0.3333333333333333, 0.3333333333333333]"
6144,942.0520461246747,530354.9101034557,"[0.3333333333333333, 0.3333333333333333, 0.3333333333333333]"
6145,710.4917837824472,901675.6114404207,"[0.3333333333333333, 0.3333333333333333, 0.3333333333333333]"
6146,398.5246729522601,524381.8645516967,"[0.3333333333333333, 0.3333333333333333, 0.3333333333333333]"
6147,653.5548070659947,282972.79498553794,"[0.3333333333333333, 0.3333333333333333, 0.3333333333333333]"
6148,579.3333573035712,139786.29461923835,"[0.3333333333333333, 0.3333333333333333, 0.3333333333333333]"
6149,99.4700129408098,325873.41313371644,"[0.3333333333333333, 0.3333333333333333, 0.3333333333333333]"
6150,281.7719503937105,199508.00111292076,"[0.3333333333333333, 0.3333333333333333, 0.3333333333333333]"
6151,350.8966202760959,664287.8848655145,"[0.3333333333333333, 0.3333333333333333, 0.3333333333333333]"
6152,434.8776160625736,414317.8511281116,"[0.3333333333333333, 0.3333333333333333, 0.3333333333333333]"
6153,754.3606045135679,985915.2851277507,"[0.3333333333333333, 0.3333333333333333, 0.3333333333333333]"
6154,621.5670151140447,870932.6617839994,"[0.3333333333333333, 0.3333333333333333, 0.3333333333333333]"
6155,936.0321368724635,315344.2275954201,"[0.3333333333333333, 0.3333333333333333, 0.3333333333333333]"
6156,691.909983456815,907827.1095303894,"[0.3333333333333333, 0.3333333333333333, 0.3333333333333333]"
6157,698.0551733489026,779682.693887759,"[0.3333333333333333, 0.3333333333333333, 0.3333333333333333]"
6158,81.81526703093661,419309.1243659389,"[0.3333333333333333, 0.3333333333333333, 0.3333333333333333]"
6159,204.12862105247072,211034.44788737537,"[0.3333333333333333, 0.3333333333333333, 0.3333333333333333]"
6160,253.0990835216717,537961.9011423022,"[0.3333333333333333, 0.3333333333333333, 0.3333333333333333]"
6161,419.99549272929585,635569.369204874,"[0.3333333333333333, 0.3333333333333333, 0.3333333333333333]"
6162,394.28733532564763,760242.7929785722,"[0.3333333333333333, 0.3333333333333333, 0.3333333333333333]"
6163,139.6861905827952,713318.6594835524,"[0.3333333333333333, 0.3333333333333333, 0.3333333333333333]"
6164,372.97885352972526,280872.0149911524,"[0.3333333333333333, 0.3333333333333333, 0.3333333333333333]"
6165,85.54957394269756,481263.9758618132,"[0.3333333333333333, 0.3333333333333333, 0.3333333333333333]"
6166,452.5801261091875,412514.24732947256,"[0.3333333333333333, 0.3333333333333333, 0.3333333333333333]"
6167,805.8497613542769,733441.6951705926,"[0.3333333333333333, 0.3333333333333333, 0.3333333333333333]"
6168,740.5614704147002,921914.6318424896,"[0.3333333333333333, 0.3333333333333333, 0.3333333333333333]"
6169,893.7546517468792,371712.2235809331,"[0.3333333333333333, 0.3333333333333333, 0.3333333333333333]"
6170,811.1140028570082,769404.9941780159,"[0.3333333333333333, 0.3333333333333333, 0.3333333333333333]"
6171,963.9700773530354,977170.5881708742,"[0.3333333333333333, 0.3333333333333333, 0.3333333333333333]"
6172,144.43629402725287,939307.1389984722,"[0.3333333333333333, 0.3333333333333333, 0.3333333333333333]"
6173,534.8630201596026,810093.1442801226,"[0.3333333333333333, 0.3333333333333333, 0.3333333333333333]"
6174,884.7263495019532,169206.53172949867,"[0.3333333333333333, 0.3333333333333333, 0.3333333333333333]"
6175,818.7449339551453,314371.53047770273,"[0.3333333333333333, 0.3333333333333333, 0.3333333333333333]"
6176,110.88943343121493,554689.0786646034,"[0.3333333333333333, 0.3333333333333333, 0.3333333333333333]"
6177,109.5192496822916,649735.8849648342,"[0.3333333333333333, 0.3333333333333333, 0.3333333333333333]"
6178,301.03180674822494,242899.6594090348,"[0.3333333333333333, 0.3333333333333333, 0.3333333333333333]"
6179,960.7539992733159,261352.6198079328,"[0.3333333333333333, 0.3333333333333333, 0.3333333333333333]"
6180,702.2477777969542,557337.6409157717,"[0.3333333333333333, 0.3333333333333333, 0.3333333333333333]"
6181,247.09203142439355,917700.4314025587,"[0.3333333333333333, 0.3333333333333333, 0.3333333333333333]"
6182,574.7718580750503,504078.46434249816,"[0.3333333333333333, 0.3333333333333333, 0.3333333333333333]"
6183,325.07458890452045,464143.6931160991,"[0.3333333333333333, 0.3333333333333333, 0.3333333333333333]"
6184,171.82131033784785,794020.900474811,"[0.3333333333333333, 0.3333333333333333, 0.3333333333333333]"
6185,99.83075283239992,103975.19955789247,"[0.3333333333333333, 0.3333333333333333, 0.3333333333333333]"
6186,246.45157511895323,371353.50193925435,"[0.3333333333333333, 0.3333333333333333, 0.3333333333333333]"
6187,964.9642653235869,505623.5799106041,"[0.3333333333333333, 0.3333333333333333, 0.3333333333333333]"
6188,555.4314269173864,671693.6697856042,"[0.3333333333333333, 0.3333333333333333, 0.3333333333333333]"
6189,61.635372803819884,225713.92678863407,"[0.3333333333333333, 0.3333333333333333, 0.3333333333333333]"
6190,261.61655135083413,299771.41757396143,"[0.3333333333333333, 0.3333333333333333, 0.3333333333333333]"
6191,709.3963972726871,784130.2637701621,"[0.3333333333333333, 0.3333333333333333, 0.3333333333333333]"
6192,900.9006989014003,430690.4217843334,"[0.3333333333333333, 0.3333333333333333, 0.3333333333333333]"
6193,781.332313800833,657426.0491497385,"[0.3333333333333333, 0.3333333333333333, 0.3333333333333333]"
6194,292.28149585009993,909891.4319790052,"[0.3333333333333333, 0.3333333333333333, 0.3333333333333333]"
6195,338.08297241621244,378767.273574957,"[0.3333333333333333, 0.3333333333333333, 0.3333333333333333]"
6196,232.16922003621679,532502.7675113773,"[0.3333333333333333, 0.3333333333333333, 0.3333333333333333]"
6197,325.14559518499306,101233.91354257677,"[0.3333333333333333, 0.3333333333333333, 0.3333333333333333]"
6198,635.9949801582982,646307.4977047271,"[0.3333333333333333, 0.3333333333333333, 0.3333333333333333]"
6199,880.750815888527,337847.2625370503,"[0.3333333333333333, 0.3333333333333333, 0.3333333333333333]"
6200,579.1117443046417,712839.9708057435,"[0.3333333333333333, 0.3333333333333333, 0.3333333333333333]"
6201,655.9648003185162,304147.2108767367,"[0.3333333333333333, 0.3333333333333333, 0.3333333333333333]"
6202,525.9997242752986,911358.033790174,"[0.3333333333333333, 0.3333333333333333, 0.3333333333333333]"
6203,670.5289464246275,511038.23980570387,"[0.3333333333333333, 0.3333333333333333, 0.3333333333333333]"
6204,187.35776156135435,107670.8418563773,"[0.3333333333333333, 0.3333333333333333, 0.3333333333333333]"
6205,982.0596428248333,789474.4393595449,"[0.3333333333333333, 0.3333333333333333, 0.3333333333333333]"
6206,143.2856734106963,111628.92835265849,"[0.3333333333333333, 0.3333333333333333, 0.3333333333333333]"
6207,391.2526122846296,922026.1203872752,"[0.3333333333333333, 0.3333333333333333, 0.3333333333333333]"
6208,49.20247310616007,921552.8794495179,"[0.3333333333333333, 0.3333333333333333, 0.3333333333333333]"
6209,845.3100211635686,977100.5219264443,"[0.3333333333333333, 0.3333333333333333, 0.3333333333333333]"
6210,152.99087142145243,349896.62451893627,"[0.3333333333333333, 0.3333333333333333, 0.3333333333333333]"
6211,461.23846396291765,498140.3730826929,"[0.3333333333333333, 0.3333333333333333, 0.3333333333333333]"
6212,666.4002431091096,825129.6527721995,"[0.3333333333333333, 0.3333333333333333, 0.3333333333333333]"
6213,390.06899782501836,728787.4500018428,"[0.3333333333333333, 0.3333333333333333, 0.3333333333333333]"
6214,543.3670958208274,408035.4305885855,"[0.3333333333333333, 0.3333333333333333, 0.3333333333333333]"
6215,791.2027609146975,508271.7803168357,"[0.3333333333333333, 0.3333333333333333, 0.3333333333333333]"
6216,92.21741879435612,615493.8176722951,"[0.3333333333333333, 0.3333333333333333, 0.3333333333333333]"
6217,518.1559113639635,640355.178166853,"[0.3333333333333333, 0.3333333333333333, 0.3333333333333333]"
6218,683.3627528650195,663216.0090098239,"[0.3333333333333333, 0.3333333333333333, 0.3333333333333333]"
6219,208.59728499810382,716056.227721522,"[0.3333333333333333, 0.3333333333333333, 0.3333333333333333]"
6220,427.4747368908939,863251.3943736257,"[0.3333333333333333, 0.3333333333333333, 0.3333333333333333]"
6221,964.6958300333731,930884.214969162,"[0.3333333333333333, 0.3333333333333333, 0.3333333333333333]"
6222,863.8039695502856,189285.11770201533,"[0.3333333333333333, 0.3333333333333333, 0.3333333333333333]"
6223,465.98516960365896,872818.7297604297,"[0.3333333333333333, 0.3333333333333333, 0.3333333333333333]"
6224,442.3554197248154,933067.3649140842,"[0.3333333333333333, 0.3333333333333333, 0.3333333333333333]"
6225,917.8972879252847,671172.4318542414,"[0.3333333333333333, 0.3333333333333333, 0.3333333333333333]"
6226,480.4223932689583,167023.62640573853,"[0.3333333333333333, 0.3333333333333333, 0.3333333333333333]"
6227,572.4222123989787,576671.6103299211,"[0.3333333333333333, 0.3333333333333333, 0.3333333333333333]"
6228,544.9560975494051,664612.8335270815,"[0.3333333333333333, 0.3333333333333333, 0.3333333333333333]"
6229,231.77793793584198,192047.64176382887,"[0.3333333333333333, 0.3333333333333333, 0.3333333333333333]"
6230,493.05763307593224,461243.5948833949,"[0.3333333333333333, 0.3333333333333333, 0.3333333333333333]"
6231,123.01887339208325,196819.80587328627,"[0.3333333333333333, 0.3333333333333333, 0.3333333333333333]"
6232,929.5824591810987,284508.02488955244,"[0.3333333333333333, 0.3333333333333333, 0.3333333333333333]"
6233,191.39238912737605,841948.4139174537,"[0.3333333333333333, 0.3333333333333333, 0.3333333333333333]"
6234,469.66343515770717,363753.5561471834,"[0.3333333333333333, 0.3333333333333333, 0.3333333333333333]"
6235,115.06190219338943,334120.76810037566,"[0.3333333333333333, 0.3333333333333333, 0.3333333333333333]"
6236,53.673515914287044,776920.6517771315,"[0.3333333333333333, 0.3333333333333333, 0.3333333333333333]"
6237,936.8374139611834,573961.544804007,"[0.3333333333333333, 0.3333333333333333, 0.3333333333333333]"
6238,208.9709933964812,711292.4289865085,"[0.3333333333333333, 0.3333333333333333, 0.3333333333333333]"
6239,335.92286505827155,429471.2465803785,"[0.3333333333333333, 0.3333333333333333, 0.3333333333333333]"
6240,376.25099749408946,183738.2650938288,"[0.3333333333333333, 0.3333333333333333, 0.3333333333333333]"
6241,700.7154676997523,959864.4732313335,"[0.3333333333333333, 0.3333333333333333, 0.3333333333333333]"
6242,940.35557759628,968366.2587625558,"[0.3333333333333333, 0.3333333333333333, 0.3333333333333333]"
6243,329.7410424589055,788931.5825947092,"[0.3333333333333333, 0.3333333333333333, 0.3333333333333333]"
6244,492.42575950002026,567695.7498072139,"[0.3333333333333333, 0.3333333333333333, 0.3333333333333333]"
6245,902.6466253700476,841037.5252079241,"[0.3333333333333333, 0.3333333333333333, 0.3333333333333333]"
6246,887.7999462839823,493612.96794184105,"[0.3333333333333333, 0.3333333333333333, 0.3333333333333333]"
6247,330.0618116033917,250204.91872565067,"[0.3333333333333333, 0.3333333333333333, 0.3333333333333333]"
6248,284.1261703683812,203877.40116844463,"[0.3333333333333333, 0.3333333333333333, 0.3333333333333333]"
6249,869.4089859635391,519857.60506292136,"[0.3333333333333333, 0.3333333333333333, 0.3333333333333333]"
6250,450.5623791200796,319487.5012215581,"[0.3333333333333333, 0.3333333333333333, 0.3333333333333333]"
6251,625.3563257907974,942477.3318874944,"[0.3333333333333333, 0.3333333333333333, 0.3333333333333333]"
6252,235.99452408641906,504214.7127035207,"[0.3333333333333333, 0.3333333333333333, 0.3333333333333333]"
6253,716.1864250252975,136230.5215612953,"[0.3333333333333333, 0.3333333333333333, 0.3333333333333333]"
6254,893.5740392898812,479693.3314848855,"[0.3333333333333333, 0.3333333333333333, 0.3333333333333333]"
6255,141.67584227759858,383169.80798878917,"[0.3333333333333333, 0.3333333333333333, 0.3333333333333333]"
6256,847.5532506392423,689396.2193716265,"[0.3333333333333333, 0.3333333333333333, 0.3333333333333333]"
6257,686.3767990710071,530467.8043472475,"[0.3333333333333333, 0.3333333333333333, 0.3333333333333333]"
6258,877.0626204328505,952801.3373778542,"[0.3333333333333333, 0.3333333333333333, 0.3333333333333333]"
6259,94.9313792459967,215915.11789933377,"[0.3333333333333333, 0.3333333333333333, 0.3333333333333333]"
6260,319.38300894485207,448091.2315539873,"[0.3333333333333333, 0.3333333333333333, 0.3333333333333333]"
6261,237.69372322896723,770530.464789878,"[0.3333333333333333, 0.3333333333333333, 0.3333333333333333]"
6262,765.2285862025553,239441.50039745192,"[0.3333333333333333, 0.3333333333333333, 0.3333333333333333]"
6263,621.5864866255852,177454.78346623143,"[0.3333333333333333, 0.3333333333333333, 0.3333333333333333]"
6264,985.861900935768,206609.1698954595,"[0.3333333333333333, 0.3333333333333333, 0.3333333333333333]"
6265,78.71039813551836,106104.72955473454,"[0.3333333333333333, 0.3333333333333333, 0.3333333333333333]"
6266,860.6179302809381,324553.4039820407,"[0.3333333333333333, 0.3333333333333333, 0.3333333333333333]"
6267,916.0010437496511,450605.9473446994,"[0.3333333333333333, 0.3333333333333333, 0.3333333333333333]"
6268,782.6666521300272,992649.1650881381,"[0.3333333333333333, 0.3333333333333333, 0.3333333333333333]"
6269,396.52406712092784,432612.1073511595,"[0.3333333333333333, 0.3333333333333333, 0.3333333333333333]"
6270,414.37158575690415,668785.0858040861,"[0.3333333333333333, 0.3333333333333333, 0.3333333333333333]"
6271,496.52426451605857,718658.1140047878,"[0.3333333333333333, 0.3333333333333333, 0.3333333333333333]"
6272,492.03890422164676,445674.6094262992,"[0.3333333333333333, 0.3333333333333333, 0.3333333333333333]"
6273,797.9049629282017,969108.2962323228,"[0.3333333333333333, 0.3333333333333333, 0.3333333333333333]"
6274,467.17874903160737,501603.630047668,"[0.3333333333333333, 0.3333333333333333, 0.3333333333333333]"
6275,104.73881172145651,947211.01289468,"[0.3333333333333333, 0.3333333333333333, 0.3333333333333333]"
6276,390.0650241372936,110823.06774517582,"[0.3333333333333333, 0.3333333333333333, 0.3333333333333333]"
6277,873.9840259933017,918872.1361357189,"[0.3333333333333333, 0.3333333333333333, 0.3333333333333333]"
6278,875.0997354128702,855960.0708518864,"[0.3333333333333333, 0.3333333333333333, 0.3333333333333333]"
6279,719.2382987852611,817478.8874159211,"[0.3333333333333333, 0.3333333333333333, 0.3333333333333333]"
6280,210.74304736923173,716165.3918848045,"[0.3333333333333333, 0.3333333333333333, 0.3333333333333333]"
6281,281.37714402571675,945683.6751851122,"[0.3333333333333333, 0.3333333333333333, 0.3333333333333333]"
6282,160.13725937951781,663281.8726239087,"[0.3333333333333333, 0.3333333333333333, 0.3333333333333333]"
6283,284.44443862773363,498163.5541793859,"[0.3333333333333333, 0.3333333333333333, 0.3333333333333333]"
6284,532.9134992868728,955429.8757298794,"[0.3333333333333333, 0.3333333333333333, 0.3333333333333333]"
6285,486.09410224837734,863192.1270110658,"[0.3333333333333333, 0.3333333333333333, 0.3333333333333333]"
6286,46.9841980672091,375271.3820320471,"[0.3333333333333333, 0.3333333333333333, 0.3333333333333333]"
6287,267.7061428328867,470795.73421155516,"[0.3333333333333333, 0.3333333333333333, 0.3333333333333333]"
6288,145.97782267838573,623942.8918138416,"[0.3333333333333333, 0.3333333333333333, 0.3333333333333333]"
6289,58.430463705726304,760527.4010127444,"[0.3333333333333333, 0.3333333333333333, 0.3333333333333333]"
6290,287.15473225271774,123172.30305700752,"[0.3333333333333333, 0.3333333333333333, 0.3333333333333333]"
6291,751.7007834506466,452970.701511045,"[0.3333333333333333, 0.3333333333333333, 0.3333333333333333]"
6292,880.116622280605,550622.0141792742,"[0.3333333333333333, 0.3333333333333333, 0.3333333333333333]"
6293,659.8308462609394,328007.5567600529,"[0.3333333333333333, 0.3333333333333333, 0.3333333333333333]"
6294,665.5675045570108,826005.0701045202,"[0.3333333333333333, 0.3333333333333333, 0.3333333333333333]"
6295,411.6556296299628,259104.66177477344,"[0.3333333333333333, 0.3333333333333333, 0.3333333333333333]"
6296,263.9887092037556,887128.9406605778,"[0.3333333333333333, 0.3333333333333333, 0.3333333333333333]"
6297,419.1862539529478,785491.9137037081,"[0.3333333333333333, 0.3333333333333333, 0.3333333333333333]"
6298,682.1772587589167,860443.8420617002,"[0.3333333333333333, 0.3333333333333333, 0.3333333333333333]"
6299,157.6192151731334,747819.1557136682,"[0.3333333333333333, 0.3333333333333333, 0.3333333333333333]"
6300,412.38574702269074,657581.4299510946,"[0.3333333333333333, 0.3333333333333333, 0.3333333333333333]"
6301,235.90749034785776,340444.3993581999,"[0.3333333333333333, 0.3333333333333333, 0.3333333333333333]"
6302,795.388527458548,297928.5812982069,"[0.3333333333333333, 0.3333333333333333, 0.3333333333333333]"
6303,279.2075758331003,869964.4713363223,"[0.3333333333333333, 0.3333333333333333, 0.3333333333333333]"
6304,923.9498675226962,867524.2067535998,"[0.3333333333333333, 0.3333333333333333, 0.3333333333333333]"
6305,798.4082151190274,296456.2733417206,"[0.3333333333333333, 0.3333333333333333, 0.3333333333333333]"
6306,777.4641838679439,426333.503134316,"[0.3333333333333333, 0.3333333333333333, 0.3333333333333333]"
6307,362.6836100220519,956526.1892033388,"[0.3333333333333333, 0.3333333333333333, 0.3333333333333333]"
6308,176.06134127915914,111748.81485056714,"[0.3333333333333333, 0.3333333333333333, 0.3333333333333333]"
6309,21.81041083109952,503850.65029153996,"[0.3333333333333333, 0.3333333333333333, 0.3333333333333333]"
6310,212.38404255670835,433198.86377549643,"[0.3333333333333333, 0.3333333333333333, 0.3333333333333333]"
6311,969.3689526350679,698772.0955196135,"[0.3333333333333333, 0.3333333333333333, 0.3333333333333333]"
6312,89.19951196805906,310940.421919086,"[0.3333333333333333, 0.3333333333333333, 0.3333333333333333]"
6313,827.6227215344759,850904.0482377516,"[0.3333333333333333, 0.3333333333333333, 0.3333333333333333]"
6314,446.597618118254,503690.70412646583,"[0.3333333333333333, 0.3333333333333333, 0.3333333333333333]"
6315,466.78741019209986,516910.23150561255,"[0.3333333333333333, 0.3333333333333333, 0.3333333333333333]"
6316,759.5732631573982,515078.5397842578,"[0.3333333333333333, 0.3333333333333333, 0.3333333333333333]"
6317,764.7736519792933,982678.6504428732,"[0.3333333333333333, 0.3333333333333333, 0.3333333333333333]"
6318,441.16250983457087,788971.9942499357,"[0.3333333333333333, 0.3333333333333333, 0.3333333333333333]"
6319,520.2678968983566,960156.9137666688,"[0.3333333333333333, 0.3333333333333333, 0.3333333333333333]"
6320,621.2490430532118,539943.3492968498,"[0.3333333333333333, 0.3333333333333333, 0.3333333333333333]"
6321,872.6115134748786,570380.3669242217,"[0.3333333333333333, 0.3333333333333333, 0.3333333333333333]"
6322,286.3754237272683,979315.1210686163,"[0.3333333333333333, 0.3333333333333333, 0.3333333333333333]"
6323,861.7271297623748,965956.5811860722,"[0.3333333333333333, 0.3333333333333333, 0.3333333333333333]"
6324,964.7997953872009,324727.4973468905,"[0.3333333333333333, 0.3333333333333333, 0.3333333333333333]"
6325,223.48342794866883,377653.2461167697,"[0.3333333333333333, 0.3333333333333333, 0.3333333333333333]"
6326,777.3165003453447,465235.8022622324,"[0.3333333333333333, 0.3333333333333333, 0.3333333333333333]"
6327,833.1788295654435,109018.72150431672,"[0.3333333333333333, 0.3333333333333333, 0.3333333333333333]"
6328,716.0953499798976,679258.1416136468,"[0.3333333333333333, 0.3333333333333333, 0.3333333333333333]"
6329,728.6777172731757,132456.72029362805,"[0.3333333333333333, 0.3333333333333333, 0.3333333333333333]"
6330,446.89478074129556,108100.06261527337,"[0.3333333333333333, 0.3333333333333333, 0.3333333333333333]"
6331,694.4177180040643,658697.8063199049,"[0.3333333333333333, 0.3333333333333333, 0.3333333333333333]"
6332,701.0908210393875,998766.8691023153,"[0.3333333333333333, 0.3333333333333333, 0.3333333333333333]"
6333,917.5920999655258,449283.65777623386,"[0.3333333333333333, 0.3333333333333333, 0.3333333333333333]"
6334,159.77754593776515,508600.9723350123,"[0.3333333333333333, 0.3333333333333333, 0.3333333333333333]"
6335,712.9547588642926,481360.5495937048,"[0.3333333333333333, 0.3333333333333333, 0.3333333333333333]"
6336,429.1284569488499,285762.3745413268,"[0.3333333333333333, 0.3333333333333333, 0.3333333333333333]"
6337,675.5755508561691,737447.3218034833,"[0.3333333333333333, 0.3333333333333333, 0.3333333333333333]"
6338,84.417419379241,247519.53393603239,"[0.3333333333333333, 0.3333333333333333, 0.3333333333333333]"
6339,797.1476534150124,290742.9308042807,"[0.3333333333333333, 0.3333333333333333, 0.3333333333333333]"
6340,89.50243774805247,962009.6062185265,"[0.3333333333333333, 0.3333333333333333, 0.3333333333333333]"
6341,541.4347427388831,721979.619290233,"[0.3333333333333333, 0.3333333333333333, 0.3333333333333333]"
6342,236.67351034440776,305835.7768216379,"[0.3333333333333333, 0.3333333333333333, 0.3333333333333333]"
6343,802.089115755129,875627.1352458098,"[0.3333333333333333, 0.3333333333333333, 0.3333333333333333]"
6344,787.7275539261411,924513.3483553701,"[0.3333333333333333, 0.3333333333333333, 0.3333333333333333]"
6345,314.2399781683262,349937.2009074609,"[0.3333333333333333, 0.3333333333333333, 0.3333333333333333]"
6346,231.89128247247507,393497.88859107083,"[0.3333333333333333, 0.3333333333333333, 0.3333333333333333]"
6347,754.6512116628153,527604.1658521538,"[0.3333333333333333, 0.3333333333333333, 0.3333333333333333]"
6348,469.8962796455592,173619.34080630145,"[0.3333333333333333, 0.3333333333333333, 0.3333333333333333]"
6349,775.832423328215,743879.8876852796,"[0.3333333333333333, 0.3333333333333333, 0.3333333333333333]"
6350,260.2392040704399,620803.9372273509,"[0.3333333333333333, 0.3333333333333333, 0.3333333333333333]"
6351,355.96906899424073,506022.27703441156,"[0.3333333333333333, 0.3333333333333333, 0.3333333333333333]"
6352,904.5139901653009,367405.5349657225,"[0.3333333333333333, 0.3333333333333333, 0.3333333333333333]"
6353,828.2222159108536,107584.64480750362,"[0.3333333333333333, 0.3333333333333333, 0.3333333333333333]"
6354,588.2068076219706,401759.2193491353,"[0.3333333333333333, 0.3333333333333333, 0.3333333333333333]"
6355,588.4081769197674,438304.58968264377,"[0.3333333333333333, 0.3333333333333333, 0.3333333333333333]"
6356,363.84184322333977,183559.61921579638,"[0.3333333333333333, 0.3333333333333333, 0.3333333333333333]"
6357,699.9884427824258,627270.0400989542,"[0.3333333333333333, 0.3333333333333333, 0.3333333333333333]"
6358,518.1624128057935,283644.48533177224,"[0.3333333333333333, 0.3333333333333333, 0.3333333333333333]"
6359,272.98502739604373,146814.04231736154,"[0.3333333333333333, 0.3333333333333333, 0.3333333333333333]"
6360,960.4818091638729,419734.49934600864,"[0.3333333333333333, 0.3333333333333333, 0.3333333333333333]"
6361,771.2344960623808,128479.08888328925,"[0.3333333333333333, 0.3333333333333333, 0.3333333333333333]"
6362,593.4417203922519,976951.7639945991,"[0.3333333333333333, 0.3333333333333333, 0.3333333333333333]"
6363,974.0452202975574,212632.5007986477,"[0.3333333333333333, 0.3333333333333333, 0.3333333333333333]"
6364,703.9709520629553,343235.73482950986,"[0.3333333333333333, 0.3333333333333333, 0.3333333333333333]"
6365,634.1022620890373,446526.6590534324,"[0.3333333333333333, 0.3333333333333333, 0.3333333333333333]"
6366,462.5876212627735,199206.46635713853,"[0.3333333333333333, 0.3333333333333333, 0.3333333333333333]"
6367,435.4237491795724,351316.95511095837,"[0.3333333333333333, 0.3333333333333333, 0.3333333333333333]"
6368,470.0106213749828,270205.91404598707,"[0.3333333333333333, 0.3333333333333333, 0.3333333333333333]"
6369,820.9229198231042,694158.8971179652,"[0.3333333333333333, 0.3333333333333333, 0.3333333333333333]"
6370,173.58357533300236,778417.8482488256,"[0.3333333333333333, 0.3333333333333333, 0.3333333333333333]"
6371,56.00573570723605,833115.2646893793,"[0.3333333333333333, 0.3333333333333333, 0.3333333333333333]"
6372,398.7791187186769,207318.56414261914,"[0.3333333333333333, 0.3333333333333333, 0.3333333333333333]"
6373,172.5005328642089,448908.0160269394,"[0.3333333333333333, 0.3333333333333333, 0.3333333333333333]"
6374,933.4734470729269,151778.3592920188,"[0.3333333333333333, 0.3333333333333333, 0.3333333333333333]"
6375,761.7020007091006,204688.08029051422,"[0.3333333333333333, 0.3333333333333333, 0.3333333333333333]"
6376,186.71161766476004,613377.8477589155,"[0.3333333333333333, 0.3333333333333333, 0.3333333333333333]"
6377,99.71968664181856,846992.583354938,"[0.3333333333333333, 0.3333333333333333, 0.3333333333333333]"
6378,476.75772207727357,347844.12499860645,"[0.3333333333333333, 0.3333333333333333, 0.3333333333333333]"
6379,920.6188825446302,657255.4771257992,"[0.3333333333333333, 0.3333333333333333, 0.3333333333333333]"
6380,215.7737239412805,229398.33270882408,"[0.3333333333333333, 0.3333333333333333, 0.3333333333333333]"
6381,170.6025882767016,675341.3115785368,"[0.3333333333333333, 0.3333333333333333, 0.3333333333333333]"
6382,423.38717111480275,783790.6303054354,"[0.3333333333333333, 0.3333333333333333, 0.3333333333333333]"
6383,342.0836373107252,804458.596301355,"[0.3333333333333333, 0.3333333333333333, 0.3333333333333333]"
6384,537.5734561716887,730439.3377802412,"[0.3333333333333333, 0.3333333333333333, 0.3333333333333333]"
6385,753.2556454678211,327866.5829677022,"[0.3333333333333333, 0.3333333333333333, 0.3333333333333333]"
6386,834.3185967056141,442641.6436924201,"[0.3333333333333333, 0.3333333333333333, 0.3333333333333333]"
6387,828.0509735465957,847549.7663198443,"[0.3333333333333333, 0.3333333333333333, 0.3333333333333333]"
6388,943.4755605671537,289823.51065971015,"[0.3333333333333333, 0.3333333333333333, 0.3333333333333333]"
6389,457.21171305197436,505620.5104531433,"[0.3333333333333333, 0.3333333333333333, 0.3333333333333333]"
6390,212.01587291022753,766817.0424912008,"[0.3333333333333333, 0.3333333333333333, 0.3333333333333333]"
6391,585.7731026580915,239773.00339442334,"[0.3333333333333333, 0.3333333333333333, 0.3333333333333333]"
6392,893.7138353863022,384313.1553581942,"[0.3333333333333333, 0.3333333333333333, 0.3333333333333333]"
6393,144.46242086059465,282104.2048356043,"[0.3333333333333333, 0.3333333333333333, 0.3333333333333333]"
6394,415.2674430661662,136414.37782012703,"[0.3333333333333333, 0.3333333333333333, 0.3333333333333333]"
6395,17.43280314791718,903333.1679945565,"[0.3333333333333333, 0.3333333333333333, 0.3333333333333333]"
6396,808.2109552052146,308828.3869561269,"[0.3333333333333333, 0.3333333333333333, 0.3333333333333333]"
6397,125.01574468304172,412405.3631636795,"[0.3333333333333333, 0.3333333333333333, 0.3333333333333333]"
6398,571.8679990164537,874048.7732747791,"[0.3333333333333333, 0.3333333333333333, 0.3333333333333333]"
6399,69.90648624169631,746040.1271283213,"[0.3333333333333333, 0.3333333333333333, 0.3333333333333333]"
6400,983.3187700826377,178095.76349545037,"[0.3333333333333333, 0.3333333333333333, 0.3333333333333333]"
6401,797.5767391120277,844851.6111130179,"[0.3333333333333333, 0.3333333333333333, 0.3333333333333333]"
6402,873.0718779676071,691834.4589679214,"[0.3333333333333333, 0.3333333333333333, 0.3333333333333333]"
6403,688.7450600364153,870231.7019466673,"[0.3333333333333333, 0.3333333333333333, 0.3333333333333333]"
6404,64.94195245117956,601214.0745063648,"[0.3333333333333333, 0.3333333333333333, 0.3333333333333333]"
6405,480.2117310720938,438385.6069431039,"[0.3333333333333333, 0.3333333333333333, 0.3333333333333333]"
6406,238.4783855450814,181384.34195230767,"[0.3333333333333333, 0.3333333333333333, 0.3333333333333333]"
6407,29.53321701358078,462122.0479808389,"[0.3333333333333333, 0.3333333333333333, 0.3333333333333333]"
6408,419.61088389129304,807884.7702825238,"[0.3333333333333333, 0.3333333333333333, 0.3333333333333333]"
6409,740.7921202381077,767313.4917677765,"[0.3333333333333333, 0.3333333333333333, 0.3333333333333333]"
6410,844.041455908692,865853.2607117608,"[0.3333333333333333, 0.3333333333333333, 0.3333333333333333]"
6411,214.405322814607,906539.6010828392,"[0.3333333333333333, 0.3333333333333333, 0.3333333333333333]"
6412,492.5243649881223,582049.3858802618,"[0.3333333333333333, 0.3333333333333333, 0.3333333333333333]"
6413,695.6223711943279,490897.4740441905,"[0.3333333333333333, 0.3333333333333333, 0.3333333333333333]"
6414,721.3571318193109,252757.58041298762,"[0.3333333333333333, 0.3333333333333333, 0.3333333333333333]"
6415,329.9640918151292,184375.0540180909,"[0.3333333333333333, 0.3333333333333333, 0.3333333333333333]"
6416,403.00630778468854,546790.3389075762,"[0.3333333333333333, 0.3333333333333333, 0.3333333333333333]"
6417,549.7093642056336,318340.58572884183,"[0.3333333333333333, 0.3333333333333333, 0.3333333333333333]"
6418,821.6542967114657,854545.095945076,"[0.3333333333333333, 0.3333333333333333, 0.3333333333333333]"
6419,589.0452269778991,154717.43271354266,"[0.3333333333333333, 0.3333333333333333, 0.3333333333333333]"
6420,110.3195623530186,159536.0886359694,"[0.3333333333333333, 0.3333333333333333, 0.3333333333333333]"
6421,173.2644055857099,564581.7377629038,"[0.3333333333333333, 0.3333333333333333, 0.3333333333333333]"
6422,197.9086750454645,654508.2855628126,"[0.3333333333333333, 0.3333333333333333, 0.3333333333333333]"
6423,886.401454498872,843094.8334157155,"[0.3333333333333333, 0.3333333333333333, 0.3333333333333333]"
6424,436.0160089680204,488533.13699647563,"[0.3333333333333333, 0.3333333333333333, 0.3333333333333333]"
6425,396.3745353287582,337619.32354109775,"[0.3333333333333333, 0.3333333333333333, 0.3333333333333333]"
6426,500.7436169460949,739230.2954766523,"[0.3333333333333333, 0.3333333333333333, 0.3333333333333333]"
6427,600.5097350837357,633225.72738387,"[0.3333333333333333, 0.3333333333333333, 0.3333333333333333]"
6428,756.483294777338,934458.7235526615,"[0.3333333333333333, 0.3333333333333333, 0.3333333333333333]"
6429,41.186539394297725,626171.0621926892,"[0.3333333333333333, 0.3333333333333333, 0.3333333333333333]"
6430,73.31581986705339,539833.6833480468,"[0.3333333333333333, 0.3333333333333333, 0.3333333333333333]"
6431,111.32878612050375,200584.22362994603,"[0.3333333333333333, 0.3333333333333333, 0.3333333333333333]"
6432,697.1725929152394,799702.3143498438,"[0.3333333333333333, 0.3333333333333333, 0.3333333333333333]"
6433,203.37119499500614,433581.7111145166,"[0.3333333333333333, 0.3333333333333333, 0.3333333333333333]"
6434,433.22550338676774,817345.3657385834,"[0.3333333333333333, 0.3333333333333333, 0.3333333333333333]"
6435,67.24005595506429,203600.28916995192,"[0.3333333333333333, 0.3333333333333333, 0.3333333333333333]"
6436,165.21062681964528,899795.8381532339,"[0.3333333333333333, 0.3333333333333333, 0.3333333333333333]"
6437,52.87979874963447,690875.4436335674,"[0.3333333333333333, 0.3333333333333333, 0.3333333333333333]"
6438,450.4509514703504,781033.6967713175,"[0.3333333333333333, 0.3333333333333333, 0.3333333333333333]"
6439,852.7126190945202,446115.4040311792,"[0.3333333333333333, 0.3333333333333333, 0.3333333333333333]"
6440,34.000245343098186,137284.89745028844,"[0.3333333333333333, 0.3333333333333333, 0.3333333333333333]"
6441,462.1160516568565,142934.14398577012,"[0.3333333333333333, 0.3333333333333333, 0.3333333333333333]"
6442,117.34687053944482,538016.266603777,"[0.3333333333333333, 0.3333333333333333, 0.3333333333333333]"
6443,219.5664366632237,304350.489281837,"[0.3333333333333333, 0.3333333333333333, 0.3333333333333333]"
6444,259.54107010930244,383061.9811719838,"[0.3333333333333333, 0.3333333333333333, 0.3333333333333333]"
6445,498.13674443249425,531772.9242939393,"[0.3333333333333333, 0.3333333333333333, 0.3333333333333333]"
6446,342.9186493494789,213883.48606684594,"[0.3333333333333333, 0.3333333333333333, 0.3333333333333333]"
6447,75.79580073281016,802230.428815558,"[0.3333333333333333, 0.3333333333333333, 0.3333333333333333]"
6448,76.63392931244235,209955.4700509433,"[0.3333333333333333, 0.3333333333333333, 0.3333333333333333]"
6449,675.1024801690625,608575.5596427117,"[0.3333333333333333, 0.3333333333333333, 0.3333333333333333]"
6450,673.4166693971324,898136.4965716758,"[0.3333333333333333, 0.3333333333333333, 0.3333333333333333]"
6451,878.2008570760997,529090.9765840215,"[0.3333333333333333, 0.3333333333333333, 0.3333333333333333]"
6452,926.6019390546085,526396.0670195669,"[0.3333333333333333, 0.3333333333333333, 0.3333333333333333]"
6453,778.0087999977515,182715.55155811762,"[0.3333333333333333, 0.3333333333333333, 0.3333333333333333]"
6454,318.00736862901255,520633.74139753904,"[0.3333333333333333, 0.3333333333333333, 0.3333333333333333]"
6455,759.2992213535645,461971.20138316567,"[0.3333333333333333, 0.3333333333333333, 0.3333333333333333]"
6456,144.85393375386715,333248.1607388088,"[0.3333333333333333, 0.3333333333333333, 0.3333333333333333]"
6457,949.9489909607018,754208.2382211861,"[0.3333333333333333, 0.3333333333333333, 0.3333333333333333]"
6458,214.8866470908433,374021.9934306376,"[0.3333333333333333, 0.3333333333333333, 0.3333333333333333]"
6459,364.9256384957167,445257.3691698599,"[0.3333333333333333, 0.3333333333333333, 0.3333333333333333]"
6460,55.48517918345935,146758.91740548745,"[0.3333333333333333, 0.3333333333333333, 0.3333333333333333]"
6461,55.4079301869432,526842.474465111,"[0.3333333333333333, 0.3333333333333333, 0.3333333333333333]"
6462,985.0350940989209,165749.23571494824,"[0.3333333333333333, 0.3333333333333333, 0.3333333333333333]"
6463,982.1007275425154,229170.11408351542,"[0.3333333333333333, 0.3333333333333333, 0.3333333333333333]"
6464,898.3421907687033,496357.76681458415,"[0.3333333333333333, 0.3333333333333333, 0.3333333333333333]"
6465,432.84432238658763,897060.9626938353,"[0.3333333333333333, 0.3333333333333333, 0.3333333333333333]"
6466,442.362307991408,627310.9281485714,"[0.3333333333333333, 0.3333333333333333, 0.3333333333333333]"
6467,594.0854275936767,498693.2041389658,"[0.3333333333333333, 0.3333333333333333, 0.3333333333333333]"
6468,282.6490474659653,908014.6076764058,"[0.3333333333333333, 0.3333333333333333, 0.3333333333333333]"
6469,927.9846887020517,387445.13060735725,"[0.3333333333333333, 0.3333333333333333, 0.3333333333333333]"
6470,885.2960536530446,255310.06980193162,"[0.3333333333333333, 0.3333333333333333, 0.3333333333333333]"
6471,581.3688016858853,153158.44109827984,"[0.3333333333333333, 0.3333333333333333, 0.3333333333333333]"
6472,437.5162426289661,491503.53484828415,"[0.3333333333333333, 0.3333333333333333, 0.3333333333333333]"
6473,515.6827170475815,643513.5887291956,"[0.3333333333333333, 0.3333333333333333, 0.3333333333333333]"
6474,457.67423306448285,918116.9224224541,"[0.3333333333333333, 0.3333333333333333, 0.3333333333333333]"
6475,308.1544194569018,871586.0121960579,"[0.3333333333333333, 0.3333333333333333, 0.3333333333333333]"
6476,150.28858812537408,444824.5163255742,"[0.3333333333333333, 0.3333333333333333, 0.3333333333333333]"
6477,115.23861980429612,514450.22397777153,"[0.3333333333333333, 0.3333333333333333, 0.3333333333333333]"
6478,188.13453907050797,651154.2299212903,"[0.3333333333333333, 0.3333333333333333, 0.3333333333333333]"
6479,130.02863499410063,783599.315291456,"[0.3333333333333333, 0.3333333333333333, 0.3333333333333333]"
6480,455.1978699330727,932726.4876426064,"[0.3333333333333333, 0.3333333333333333, 0.3333333333333333]"
6481,99.58133929099296,717797.6893746308,"[0.3333333333333333, 0.3333333333333333, 0.3333333333333333]"
6482,111.28238817472176,418049.7374523213,"[0.3333333333333333, 0.3333333333333333, 0.3333333333333333]"
6483,695.4763144901527,789780.4140376416,"[0.3333333333333333, 0.3333333333333333, 0.3333333333333333]"
6484,220.36826783770465,805926.5887812066,"[0.3333333333333333, 0.3333333333333333, 0.3333333333333333]"
6485,48.66450225755413,102158.84453896941,"[0.3333333333333333, 0.3333333333333333, 0.3333333333333333]"
6486,333.4080093805062,173171.81667834948,"[0.3333333333333333, 0.3333333333333333, 0.3333333333333333]"
6487,817.6933494748862,513973.2463777408,"[0.3333333333333333, 0.3333333333333333, 0.3333333333333333]"
6488,493.73321642009626,654531.8186376978,"[0.3333333333333333, 0.3333333333333333, 0.3333333333333333]"
6489,755.3994120502095,651599.713331614,"[0.3333333333333333, 0.3333333333333333, 0.3333333333333333]"
6490,37.394415366029406,776210.00916462,"[0.3333333333333333, 0.3333333333333333, 0.3333333333333333]"
6491,51.99517770839576,353248.04126957577,"[0.3333333333333333, 0.3333333333333333, 0.3333333333333333]"
6492,558.9757189095764,395541.2782555528,"[0.3333333333333333, 0.3333333333333333, 0.3333333333333333]"
6493,610.0828781344742,914948.8165732007,"[0.3333333333333333, 0.3333333333333333, 0.3333333333333333]"
6494,611.3649320774823,588842.4531424777,"[0.3333333333333333, 0.3333333333333333, 0.3333333333333333]"
6495,240.44822789248175,311398.5928216028,"[0.3333333333333333, 0.3333333333333333, 0.3333333333333333]"
6496,279.49344995427015,394871.43449555396,"[0.3333333333333333, 0.3333333333333333, 0.3333333333333333]"
6497,134.83655639467722,846377.5823425732,"[0.3333333333333333, 0.3333333333333333, 0.3333333333333333]"
6498,639.8330808618316,459746.18955265195,"[0.3333333333333333, 0.3333333333333333, 0.3333333333333333]"
6499,14.625727927599021,503913.0841712514,"[0.3333333333333333, 0.3333333333333333, 0.3333333333333333]"
6500,35.64869256628904,758714.347089812,"[0.3333333333333333, 0.3333333333333333, 0.3333333333333333]"
6501,524.6479423964955,933136.6529643713,"[0.3333333333333333, 0.3333333333333333, 0.3333333333333333]"
6502,958.8200568660693,699593.3551497854,"[0.3333333333333333, 0.3333333333333333, 0.3333333333333333]"
6503,652.2696369996245,656922.3390967716,"[0.3333333333333333, 0.3333333333333333, 0.3333333333333333]"
6504,518.4000562847518,908700.619373771,"[0.3333333333333333, 0.3333333333333333, 0.3333333333333333]"
6505,929.9722906135321,574961.864381242,"[0.3333333333333333, 0.3333333333333333, 0.3333333333333333]"
6506,955.1804339785908,173296.98377064383,"[0.3333333333333333, 0.3333333333333333, 0.3333333333333333]"
6507,456.41403966405284,727400.5562870866,"[0.3333333333333333, 0.3333333333333333, 0.3333333333333333]"
6508,615.4244404252048,307965.3550121647,"[0.3333333333333333, 0.3333333333333333, 0.3333333333333333]"
6509,779.0977696600262,658012.8737926437,"[0.3333333333333333, 0.3333333333333333, 0.3333333333333333]"
6510,92.93729321766324,131872.7257278037,"[0.3333333333333333, 0.3333333333333333, 0.3333333333333333]"
6511,510.06747732310555,201660.75202753668,"[0.3333333333333333, 0.3333333333333333, 0.3333333333333333]"
6512,15.868858708017056,126078.61067534717,"[0.3333333333333333, 0.3333333333333333, 0.3333333333333333]"
6513,677.7043651282769,565137.827054248,"[0.3333333333333333, 0.3333333333333333, 0.3333333333333333]"
6514,156.99873409072148,640769.4944799987,"[0.3333333333333333, 0.3333333333333333, 0.3333333333333333]"
6515,619.9796650010062,947172.4507840639,"[0.3333333333333333, 0.3333333333333333, 0.3333333333333333]"
6516,995.257675495351,231963.63440772987,"[0.3333333333333333, 0.3333333333333333, 0.3333333333333333]"
6517,506.987018282855,274215.5777821113,"[0.3333333333333333, 0.3333333333333333, 0.3333333333333333]"
6518,48.78464473190536,246029.10248614202,"[0.3333333333333333, 0.3333333333333333, 0.3333333333333333]"
6519,131.1346618139862,766587.2005297033,"[0.3333333333333333, 0.3333333333333333, 0.3333333333333333]"
6520,872.6404879781664,883936.9623720968,"[0.3333333333333333, 0.3333333333333333, 0.3333333333333333]"
6521,880.1946766811109,445562.98670003953,"[0.3333333333333333, 0.3333333333333333, 0.3333333333333333]"
6522,662.7658425442719,378176.319945073,"[0.3333333333333333, 0.3333333333333333, 0.3333333333333333]"
6523,233.53617115536844,801735.6194489734,"[0.3333333333333333, 0.3333333333333333, 0.3333333333333333]"
6524,348.7107876069935,856250.304255352,"[0.3333333333333333, 0.3333333333333333, 0.3333333333333333]"
6525,434.757933716836,233588.59439584412,"[0.3333333333333333, 0.3333333333333333, 0.3333333333333333]"
6526,610.1163365639168,709643.8772266948,"[0.3333333333333333, 0.3333333333333333, 0.3333333333333333]"
6527,620.3253586116144,213691.60569196809,"[0.3333333333333333, 0.3333333333333333, 0.3333333333333333]"
6528,312.5183471741422,542279.4177143868,"[0.3333333333333333, 0.3333333333333333, 0.3333333333333333]"
6529,464.5560736813718,346879.7524922148,"[0.3333333333333333, 0.3333333333333333, 0.3333333333333333]"
6530,159.6487573882739,894477.0520474496,"[0.3333333333333333, 0.3333333333333333, 0.3333333333333333]"
6531,625.1542875205977,414604.51372437924,"[0.3333333333333333, 0.3333333333333333, 0.3333333333333333]"
6532,555.4055125971291,555661.0461115793,"[0.3333333333333333, 0.3333333333333333, 0.3333333333333333]"
6533,53.646291868717086,637169.9300744266,"[0.3333333333333333, 0.3333333333333333, 0.3333333333333333]"
6534,320.5748497660513,318888.51618228573,"[0.3333333333333333, 0.3333333333333333, 0.3333333333333333]"
6535,931.9022086371942,425254.463761135,"[0.3333333333333333, 0.3333333333333333, 0.3333333333333333]"
6536,71.30553402036574,378918.6945461774,"[0.3333333333333333, 0.3333333333333333, 0.3333333333333333]"
6537,709.2316196429703,268172.1821574486,"[0.3333333333333333, 0.3333333333333333, 0.3333333333333333]"
6538,753.82600045767,696883.2500196821,"[0.3333333333333333, 0.3333333333333333, 0.3333333333333333]"
6539,132.10833068490086,263807.15774801583,"[0.3333333333333333, 0.3333333333333333, 0.3333333333333333]"
6540,295.1872464761014,147060.04123174847,"[0.3333333333333333, 0.3333333333333333, 0.3333333333333333]"
6541,250.86751353516686,627175.471231689,"[0.3333333333333333, 0.3333333333333333, 0.3333333333333333]"
6542,695.6668250006591,570364.0583905082,"[0.3333333333333333, 0.3333333333333333, 0.3333333333333333]"
6543,963.486661279623,107435.78055904385,"[0.3333333333333333, 0.3333333333333333, 0.3333333333333333]"
6544,74.91378797207284,143841.94999394394,"[0.3333333333333333, 0.3333333333333333, 0.3333333333333333]"
6545,354.3053980875909,318915.81156893633,"[0.3333333333333333, 0.3333333333333333, 0.3333333333333333]"
6546,843.7624151138784,744442.3482795382,"[0.3333333333333333, 0.3333333333333333, 0.3333333333333333]"
6547,523.1907383774561,186319.06515769838,"[0.3333333333333333, 0.3333333333333333, 0.3333333333333333]"
6548,842.4207469175568,379943.2699765903,"[0.3333333333333333, 0.3333333333333333, 0.3333333333333333]"
6549,295.86209977678317,128239.29524751997,"[0.3333333333333333, 0.3333333333333333, 0.3333333333333333]"
6550,705.2618797504927,868303.1423015324,"[0.3333333333333333, 0.3333333333333333, 0.3333333333333333]"
6551,117.88921783012626,485192.7956849792,"[0.3333333333333333, 0.3333333333333333, 0.3333333333333333]"
6552,620.8198908743105,148347.97059664383,"[0.3333333333333333, 0.3333333333333333, 0.3333333333333333]"
6553,141.35690359589373,233715.645752334,"[0.3333333333333333, 0.3333333333333333, 0.3333333333333333]"
6554,107.95254891730916,259586.3103896424,"[0.3333333333333333, 0.3333333333333333, 0.3333333333333333]"
6555,972.1401991455914,666829.5315502387,"[0.3333333333333333, 0.3333333333333333, 0.3333333333333333]"
6556,512.0991674542613,723874.4703903585,"[0.3333333333333333, 0.3333333333333333, 0.3333333333333333]"
6557,83.27862501279505,199626.8580339417,"[0.3333333333333333, 0.3333333333333333, 0.3333333333333333]"
6558,807.5953128328853,399957.9379556834,"[0.3333333333333333, 0.3333333333333333, 0.3333333333333333]"
6559,931.1809672369245,647430.0129756507,"[0.3333333333333333, 0.3333333333333333, 0.3333333333333333]"
6560,226.52762667605035,667984.0099593092,"[0.3333333333333333, 0.3333333333333333, 0.3333333333333333]"
6561,951.8402256025272,791009.953350689,"[0.3333333333333333, 0.3333333333333333, 0.3333333333333333]"
6562,109.68957255355991,368695.2102892772,"[0.3333333333333333, 0.3333333333333333, 0.3333333333333333]"
6563,351.01125302853404,356611.973712484,"[0.3333333333333333, 0.3333333333333333, 0.3333333333333333]"
6564,283.6618080794212,590416.2789865583,"[0.3333333333333333, 0.3333333333333333, 0.3333333333333333]"
6565,215.1092874130703,960909.543460411,"[0.3333333333333333, 0.3333333333333333, 0.3333333333333333]"
6566,90.52836301148861,190767.5097582584,"[0.3333333333333333, 0.3333333333333333, 0.3333333333333333]"
6567,723.8776574365603,507446.96705188305,"[0.3333333333333333, 0.3333333333333333, 0.3333333333333333]"
6568,817.2101815208115,431109.4537713084,"[0.3333333333333333, 0.3333333333333333, 0.3333333333333333]"
6569,964.2449596756692,469196.11528527335,"[0.3333333333333333, 0.3333333333333333, 0.3333333333333333]"
6570,53.24722321290348,625182.945864188,"[0.3333333333333333, 0.3333333333333333, 0.3333333333333333]"
6571,202.67650687654742,130818.69985258883,"[0.3333333333333333, 0.3333333333333333, 0.3333333333333333]"
6572,778.4271721297806,846167.7131186252,"[0.3333333333333333, 0.3333333333333333, 0.3333333333333333]"
6573,647.9011891911553,264908.43144786305,"[0.3333333333333333, 0.3333333333333333, 0.3333333333333333]"
6574,333.55867884659574,783331.8627800617,"[0.3333333333333333, 0.3333333333333333, 0.3333333333333333]"
6575,464.239343916949,954980.8865117979,"[0.3333333333333333, 0.3333333333333333, 0.3333333333333333]"
6576,617.3102907018766,294588.8369221083,"[0.3333333333333333, 0.3333333333333333, 0.3333333333333333]"
6577,704.3476850093962,895618.5383829992,"[0.3333333333333333, 0.3333333333333333, 0.3333333333333333]"
6578,241.87438666547138,793727.6509947935,"[0.3333333333333333, 0.3333333333333333, 0.3333333333333333]"
6579,211.32371212430954,966807.3647375238,"[0.3333333333333333, 0.3333333333333333, 0.3333333333333333]"
6580,87.38879072940641,805285.4427950468,"[0.3333333333333333, 0.3333333333333333, 0.3333333333333333]"
6581,553.9256296635705,258588.62447052007,"[0.3333333333333333, 0.3333333333333333, 0.3333333333333333]"
6582,576.5311240615717,677674.0968735615,"[0.3333333333333333, 0.3333333333333333, 0.3333333333333333]"
6583,168.58332680776746,649201.2731798311,"[0.3333333333333333, 0.3333333333333333, 0.3333333333333333]"
6584,525.1112682650199,285383.1432827944,"[0.3333333333333333, 0.3333333333333333, 0.3333333333333333]"
6585,676.0766785014586,548134.9541741601,"[0.3333333333333333, 0.3333333333333333, 0.3333333333333333]"
6586,502.8137268827656,904465.92134949,"[0.3333333333333333, 0.3333333333333333, 0.3333333333333333]"
6587,288.66656777225074,773098.9617528556,"[0.3333333333333333, 0.3333333333333333, 0.3333333333333333]"
6588,399.05482401682036,463243.17650382454,"[0.3333333333333333, 0.3333333333333333, 0.3333333333333333]"
6589,155.10960082943492,333533.49177065946,"[0.3333333333333333, 0.3333333333333333, 0.3333333333333333]"
6590,767.4654482133354,171717.51546202647,"[0.3333333333333333, 0.3333333333333333, 0.3333333333333333]"
6591,989.8968050769084,804180.1497760416,"[0.3333333333333333, 0.3333333333333333, 0.3333333333333333]"
6592,875.9283740009623,600062.3860970887,"[0.3333333333333333, 0.3333333333333333, 0.3333333333333333]"
6593,793.1809051257583,430296.62639739533,"[0.3333333333333333, 0.3333333333333333, 0.3333333333333333]"
6594,817.3320478898916,459114.9492650344,"[0.3333333333333333, 0.3333333333333333, 0.3333333333333333]"
6595,931.9416792520572,804738.0130893599,"[0.3333333333333333, 0.3333333333333333, 0.3333333333333333]"
6596,851.7569953514818,752183.6295871458,"[0.3333333333333333, 0.3333333333333333, 0.3333333333333333]"
6597,804.3617851045915,969344.8586714708,"[0.3333333333333333, 0.3333333333333333, 0.3333333333333333]"
6598,243.15543799564153,924468.1267136553,"[0.3333333333333333, 0.3333333333333333, 0.3333333333333333]"
6599,765.3118474191609,523063.5713228432,"[0.3333333333333333, 0.3333333333333333, 0.3333333333333333]"
6600,177.01313235940768,958059.2181814171,"[0.3333333333333333, 0.3333333333333333, 0.3333333333333333]"
6601,66.68828099615408,944606.7829489105,"[0.3333333333333333, 0.3333333333333333, 0.3333333333333333]"
6602,852.3528240629839,354947.1436562772,"[0.3333333333333333, 0.3333333333333333, 0.3333333333333333]"
6603,62.48964998419645,599911.6834205545,"[0.3333333333333333, 0.3333333333333333, 0.3333333333333333]"
6604,551.5210898701869,798087.7317371526,"[0.3333333333333333, 0.3333333333333333, 0.3333333333333333]"
6605,605.6939420050716,446276.6497645823,"[0.3333333333333333, 0.3333333333333333, 0.3333333333333333]"
6606,683.7182781008852,629557.9487282601,"[0.3333333333333333, 0.3333333333333333, 0.3333333333333333]"
6607,138.16301991425087,465740.58751618647,"[0.3333333333333333, 0.3333333333333333, 0.3333333333333333]"
6608,285.3238731547181,100465.42858148445,"[0.3333333333333333, 0.3333333333333333, 0.3333333333333333]"
6609,942.2736136494071,337003.72507159435,"[0.3333333333333333, 0.3333333333333333, 0.3333333333333333]"
6610,982.8070318721516,663086.984044923,"[0.3333333333333333, 0.3333333333333333, 0.3333333333333333]"
6611,175.62378105357803,497462.1445130044,"[0.3333333333333333, 0.3333333333333333, 0.3333333333333333]"
6612,453.73959599435506,297350.93747297156,"[0.3333333333333333, 0.3333333333333333, 0.3333333333333333]"
6613,456.39682660534396,651018.931405298,"[0.3333333333333333, 0.3333333333333333, 0.3333333333333333]"
6614,611.0002734701113,342844.04510313645,"[0.3333333333333333, 0.3333333333333333, 0.3333333333333333]"
6615,354.5705733262612,199464.72307198343,"[0.3333333333333333, 0.3333333333333333, 0.3333333333333333]"
6616,388.7453138296695,198176.0525537699,"[0.3333333333333333, 0.3333333333333333, 0.3333333333333333]"
6617,120.6286967692753,611682.3330613729,"[0.3333333333333333, 0.3333333333333333, 0.3333333333333333]"
6618,692.8075943153349,338641.4654701092,"[0.3333333333333333, 0.3333333333333333, 0.3333333333333333]"
6619,88.14712701584165,697754.7254704889,"[0.3333333333333333, 0.3333333333333333, 0.3333333333333333]"
6620,836.8888902651604,534444.3488679172,"[0.3333333333333333, 0.3333333333333333, 0.3333333333333333]"
6621,610.7574051984385,638642.101413438,"[0.3333333333333333, 0.3333333333333333, 0.3333333333333333]"
6622,958.8929344727659,617564.6671818595,"[0.3333333333333333, 0.3333333333333333, 0.3333333333333333]"
6623,499.1668306387994,380265.830673617,"[0.3333333333333333, 0.3333333333333333, 0.3333333333333333]"
6624,501.527724492451,205459.09178290144,"[0.3333333333333333, 0.3333333333333333, 0.3333333333333333]"
6625,157.12157610625047,791507.7083390158,"[0.3333333333333333, 0.3333333333333333, 0.3333333333333333]"
6626,18.365624608747886,983868.8252667853,"[0.3333333333333333, 0.3333333333333333, 0.3333333333333333]"
6627,269.8408377088053,475775.6060542241,"[0.3333333333333333, 0.3333333333333333, 0.3333333333333333]"
6628,834.0711678133301,182619.00986883492,"[0.3333333333333333, 0.3333333333333333, 0.3333333333333333]"
6629,931.3535546139774,757476.0977030336,"[0.3333333333333333, 0.3333333333333333, 0.3333333333333333]"
6630,640.2875258635688,856458.0027001544,"[0.3333333333333333, 0.3333333333333333, 0.3333333333333333]"
6631,676.2474672488239,969314.014669979,"[0.3333333333333333, 0.3333333333333333, 0.3333333333333333]"
6632,58.41973117906068,943781.2636675688,"[0.3333333333333333, 0.3333333333333333, 0.3333333333333333]"
6633,27.621385756924653,112843.7670371475,"[0.3333333333333333, 0.3333333333333333, 0.3333333333333333]"
6634,221.57017346089035,895641.8819993527,"[0.3333333333333333, 0.3333333333333333, 0.3333333333333333]"
6635,173.71920448789382,210714.12064276577,"[0.3333333333333333, 0.3333333333333333, 0.3333333333333333]"
6636,423.903211356805,729866.9614946285,"[0.3333333333333333, 0.3333333333333333, 0.3333333333333333]"
6637,422.69526945124437,932620.5342025406,"[0.3333333333333333, 0.3333333333333333, 0.3333333333333333]"
6638,921.3041212814364,258908.06239876602,"[0.3333333333333333, 0.3333333333333333, 0.3333333333333333]"
6639,501.48383656527994,544144.7434259846,"[0.3333333333333333, 0.3333333333333333, 0.3333333333333333]"
6640,701.0129618107118,818822.0427274229,"[0.3333333333333333, 0.3333333333333333, 0.3333333333333333]"
6641,561.1957467477083,196749.79867272638,"[0.3333333333333333, 0.3333333333333333, 0.3333333333333333]"
6642,163.790948881505,143290.4005223686,"[0.3333333333333333, 0.3333333333333333, 0.3333333333333333]"
6643,510.3580116371843,958961.6912254811,"[0.3333333333333333, 0.3333333333333333, 0.3333333333333333]"
6644,771.6870220779648,355021.618820356,"[0.3333333333333333, 0.3333333333333333, 0.3333333333333333]"
6645,972.9016439353385,751228.2944277823,"[0.3333333333333333, 0.3333333333333333, 0.3333333333333333]"
6646,942.5986314877431,195247.04714853436,"[0.3333333333333333, 0.3333333333333333, 0.3333333333333333]"
6647,916.4315910096778,933602.7129938462,"[0.3333333333333333, 0.3333333333333333, 0.3333333333333333]"
6648,885.800749822546,422277.8875256422,"[0.3333333333333333, 0.3333333333333333, 0.3333333333333333]"
6649,940.0772390427038,725442.9598810202,"[0.3333333333333333, 0.3333333333333333, 0.3333333333333333]"
6650,203.3311822702342,283457.4666599982,"[0.3333333333333333, 0.3333333333333333, 0.3333333333333333]"
6651,878.2743282223465,411563.5309210556,"[0.3333333333333333, 0.3333333333333333, 0.3333333333333333]"
6652,515.8898422523665,297158.8221854336,"[0.3333333333333333, 0.3333333333333333, 0.3333333333333333]"
6653,53.907516634185505,297239.3330270493,"[0.3333333333333333, 0.3333333333333333, 0.3333333333333333]"
6654,935.0749140750645,281341.2222082034,"[0.3333333333333333, 0.3333333333333333, 0.3333333333333333]"
6655,705.5671794875528,855904.9307997912,"[0.3333333333333333, 0.3333333333333333, 0.3333333333333333]"
6656,386.5966674875436,208996.9248277471,"[0.3333333333333333, 0.3333333333333333, 0.3333333333333333]"
6657,522.0572066077684,808664.6008628244,"[0.3333333333333333, 0.3333333333333333, 0.3333333333333333]"
6658,763.8251260166855,868805.2974303338,"[0.3333333333333333, 0.3333333333333333, 0.3333333333333333]"
6659,938.7805803263917,765675.4497706528,"[0.3333333333333333, 0.3333333333333333, 0.3333333333333333]"
6660,441.27876804437744,204945.5292393672,"[0.3333333333333333, 0.3333333333333333, 0.3333333333333333]"
6661,46.56773268407798,811784.9830549094,"[0.3333333333333333, 0.3333333333333333, 0.3333333333333333]"
6662,281.3282270576238,772733.3142130276,"[0.3333333333333333, 0.3333333333333333, 0.3333333333333333]"
6663,314.7419877847621,692098.6562724281,"[0.3333333333333333, 0.3333333333333333, 0.3333333333333333]"
6664,955.0312188593894,813794.3355580025,"[0.3333333333333333, 0.3333333333333333, 0.3333333333333333]"
6665,707.2483294149008,483815.3500306714,"[0.3333333333333333, 0.3333333333333333, 0.3333333333333333]"
6666,352.8544460191829,980742.8721138847,"[0.3333333333333333, 0.3333333333333333, 0.3333333333333333]"
6667,614.4977543623861,220147.0266604317,"[0.3333333333333333, 0.3333333333333333, 0.3333333333333333]"
6668,440.07213129191814,741703.4436002058,"[0.3333333333333333, 0.3333333333333333, 0.3333333333333333]"
6669,654.7096085900936,620452.6585008109,"[0.3333333333333333, 0.3333333333333333, 0.3333333333333333]"
6670,540.0556127130376,225747.92901723518,"[0.3333333333333333, 0.3333333333333333, 0.3333333333333333]"
6671,231.73454795284775,862903.8961540215,"[0.3333333333333333, 0.3333333333333333, 0.3333333333333333]"
6672,899.8989580760797,618012.1807926404,"[0.3333333333333333, 0.3333333333333333, 0.3333333333333333]"
6673,823.4348441805824,380486.7606094642,"[0.3333333333333333, 0.3333333333333333, 0.3333333333333333]"
6674,41.771304673819344,176561.34411076963,"[0.3333333333333333, 0.3333333333333333, 0.3333333333333333]"
6675,443.02261721479715,695797.8672096424,"[0.3333333333333333, 0.3333333333333333, 0.3333333333333333]"
6676,174.2033569252112,299929.0374338555,"[0.3333333333333333, 0.3333333333333333, 0.3333333333333333]"
6677,507.3506292849302,105100.1327539024,"[0.3333333333333333, 0.3333333333333333, 0.3333333333333333]"
6678,842.2939265458692,820528.0703355266,"[0.3333333333333333, 0.3333333333333333, 0.3333333333333333]"
6679,712.9513194090623,283376.8039219802,"[0.3333333333333333, 0.3333333333333333, 0.3333333333333333]"
6680,915.5020331981319,308825.77216014825,"[0.3333333333333333, 0.3333333333333333, 0.3333333333333333]"
6681,373.65583874447,446988.10402684234,"[0.3333333333333333, 0.3333333333333333, 0.3333333333333333]"
6682,631.3965157295265,848315.5133807769,"[0.3333333333333333, 0.3333333333333333, 0.3333333333333333]"
6683,253.03344503505636,663496.4807439728,"[0.3333333333333333, 0.3333333333333333, 0.3333333333333333]"
6684,556.947184367051,937032.1523270906,"[0.3333333333333333, 0.3333333333333333, 0.3333333333333333]"
6685,152.98027199122754,467008.7854249062,"[0.3333333333333333, 0.3333333333333333, 0.3333333333333333]"
6686,162.1091960011253,324709.07000543625,"[0.3333333333333333, 0.3333333333333333, 0.3333333333333333]"
6687,79.51489279278195,209733.6902621456,"[0.3333333333333333, 0.3333333333333333, 0.3333333333333333]"
6688,522.7414338993581,883762.055082455,"[0.3333333333333333, 0.3333333333333333, 0.3333333333333333]"
6689,48.65875534969726,778802.7274069492,"[0.3333333333333333, 0.3333333333333333, 0.3333333333333333]"
6690,339.3436604443876,296776.48891234584,"[0.3333333333333333, 0.3333333333333333, 0.3333333333333333]"
6691,274.12098779089564,846964.459834291,"[0.3333333333333333, 0.3333333333333333, 0.3333333333333333]"
6692,584.1172176990077,967804.7887968142,"[0.3333333333333333, 0.3333333333333333, 0.3333333333333333]"
6693,683.6519053887157,789540.4688186649,"[0.3333333333333333, 0.3333333333333333, 0.3333333333333333]"
6694,682.5483787944834,206652.1207136758,"[0.3333333333333333, 0.3333333333333333, 0.3333333333333333]"
6695,265.3576863980426,917434.0594158246,"[0.3333333333333333, 0.3333333333333333, 0.3333333333333333]"
6696,937.7263562667722,227380.3936563182,"[0.3333333333333333, 0.3333333333333333, 0.3333333333333333]"
6697,572.2723969114023,702604.3271711693,"[0.3333333333333333, 0.3333333333333333, 0.3333333333333333]"
6698,342.38746870932374,863238.3438503053,"[0.3333333333333333, 0.3333333333333333, 0.3333333333333333]"
6699,908.9676100307856,986229.1470512119,"[0.3333333333333333, 0.3333333333333333, 0.3333333333333333]"
6700,715.6129162254231,389839.69565371226,"[0.3333333333333333, 0.3333333333333333, 0.3333333333333333]"
6701,464.59908718784374,904430.6108491318,"[0.3333333333333333, 0.3333333333333333, 0.3333333333333333]"
6702,249.2445886532674,152542.3372937869,"[0.3333333333333333, 0.3333333333333333, 0.3333333333333333]"
6703,230.33093203477537,180663.61051934166,"[0.3333333333333333, 0.3333333333333333, 0.3333333333333333]"
6704,474.04229949000916,939129.7562397887,"[0.3333333333333333, 0.3333333333333333, 0.3333333333333333]"
6705,801.1417192981587,895819.9520644967,"[0.3333333333333333, 0.3333333333333333, 0.3333333333333333]"
6706,894.7124713122846,129946.00633804963,"[0.3333333333333333, 0.3333333333333333, 0.3333333333333333]"
6707,446.98170103832217,687563.1919320842,"[0.3333333333333333, 0.3333333333333333, 0.3333333333333333]"
6708,809.896807523907,200791.7139674356,"[0.3333333333333333, 0.3333333333333333, 0.3333333333333333]"
6709,57.23797343185451,926598.2989486174,"[0.3333333333333333, 0.3333333333333333, 0.3333333333333333]"
6710,816.3523236888421,827260.8517379417,"[0.3333333333333333, 0.3333333333333333, 0.3333333333333333]"
6711,451.1411534081552,263756.6699940465,"[0.3333333333333333, 0.3333333333333333, 0.3333333333333333]"
6712,808.8386970041403,122199.19824512626,"[0.3333333333333333, 0.3333333333333333, 0.3333333333333333]"
6713,932.8647072840845,747389.1288616131,"[0.3333333333333333, 0.3333333333333333, 0.3333333333333333]"
6714,305.5183187295733,914576.6319371955,"[0.3333333333333333, 0.3333333333333333, 0.3333333333333333]"
6715,458.2606703503112,316232.4779682676,"[0.3333333333333333, 0.3333333333333333, 0.3333333333333333]"
6716,382.48802937391343,786516.055229085,"[0.3333333333333333, 0.3333333333333333, 0.3333333333333333]"
6717,318.5921940928652,801468.4392203129,"[0.3333333333333333, 0.3333333333333333, 0.3333333333333333]"
6718,414.5530676372021,658574.6722605826,"[0.3333333333333333, 0.3333333333333333, 0.3333333333333333]"
6719,746.3364139879386,490809.99481196085,"[0.3333333333333333, 0.3333333333333333, 0.3333333333333333]"
6720,512.44218083055,223726.49494653696,"[0.3333333333333333, 0.3333333333333333, 0.3333333333333333]"
6721,949.0620999265898,929938.0853830422,"[0.3333333333333333, 0.3333333333333333, 0.3333333333333333]"
6722,55.900179994095566,181026.27197106002,"[0.3333333333333333, 0.3333333333333333, 0.3333333333333333]"
6723,622.5257355226197,296717.6012230339,"[0.3333333333333333, 0.3333333333333333, 0.3333333333333333]"
6724,965.7201631083127,991482.1553050666,"[0.3333333333333333, 0.3333333333333333, 0.3333333333333333]"
6725,424.5261074119801,176105.5421715861,"[0.3333333333333333, 0.3333333333333333, 0.3333333333333333]"
6726,790.0003617637062,359401.2442576096,"[0.3333333333333333, 0.3333333333333333, 0.3333333333333333]"
6727,312.5614356544564,985985.4776371586,"[0.3333333333333333, 0.3333333333333333, 0.3333333333333333]"
6728,422.4845077059776,723115.7965883354,"[0.3333333333333333, 0.3333333333333333, 0.3333333333333333]"
6729,701.1573222556731,466675.7094282068,"[0.3333333333333333, 0.3333333333333333, 0.3333333333333333]"
6730,670.746552941717,532124.57819108,"[0.3333333333333333, 0.3333333333333333, 0.3333333333333333]"
6731,58.6733536974738,411601.24718660227,"[0.3333333333333333, 0.3333333333333333, 0.3333333333333333]"
6732,273.0428479957004,382643.85596144735,"[0.3333333333333333, 0.3333333333333333, 0.3333333333333333]"
6733,405.76944299785777,439745.8499964936,"[0.3333333333333333, 0.3333333333333333, 0.3333333333333333]"
6734,294.0759340252735,398176.8028100223,"[0.3333333333333333, 0.3333333333333333, 0.3333333333333333]"
6735,746.5321958235548,852837.4780440968,"[0.3333333333333333, 0.3333333333333333, 0.3333333333333333]"
6736,42.359415224526415,183035.26654053325,"[0.3333333333333333, 0.3333333333333333, 0.3333333333333333]"
6737,418.0805076169216,806666.376310016,"[0.3333333333333333, 0.3333333333333333, 0.3333333333333333]"
6738,667.7708790545776,385643.7405210571,"[0.3333333333333333, 0.3333333333333333, 0.3333333333333333]"
6739,45.981353137459294,872568.9122626549,"[0.3333333333333333, 0.3333333333333333, 0.3333333333333333]"
6740,595.2782696339066,327613.2821232923,"[0.3333333333333333, 0.3333333333333333, 0.3333333333333333]"
6741,203.55368695461223,481664.17075042496,"[0.3333333333333333, 0.3333333333333333, 0.3333333333333333]"
6742,44.23311413258513,212051.81495109506,"[0.3333333333333333, 0.3333333333333333, 0.3333333333333333]"
6743,156.87620953971853,996111.1311902583,"[0.3333333333333333, 0.3333333333333333, 0.3333333333333333]"
6744,503.88137828284204,350175.1388718249,"[0.3333333333333333, 0.3333333333333333, 0.3333333333333333]"
6745,573.3827025048488,479689.99137460644,"[0.3333333333333333, 0.3333333333333333, 0.3333333333333333]"
6746,385.53697658740185,604908.671901578,"[0.3333333333333333, 0.3333333333333333, 0.3333333333333333]"
6747,835.9862945988309,374970.25651076384,"[0.3333333333333333, 0.3333333333333333, 0.3333333333333333]"
6748,816.0155582235786,305041.5100756282,"[0.3333333333333333, 0.3333333333333333, 0.3333333333333333]"
6749,320.3994199693543,161258.19416240798,"[0.3333333333333333, 0.3333333333333333, 0.3333333333333333]"
6750,142.78099244766298,803127.9535100501,"[0.3333333333333333, 0.3333333333333333, 0.3333333333333333]"
6751,430.95059198633396,779981.5598209108,"[0.3333333333333333, 0.3333333333333333, 0.3333333333333333]"
6752,945.6809921957134,321167.4925835686,"[0.3333333333333333, 0.3333333333333333, 0.3333333333333333]"
6753,24.013084216977127,963400.8168644827,"[0.3333333333333333, 0.3333333333333333, 0.3333333333333333]"
6754,625.9956172603995,173539.9328041304,"[0.3333333333333333, 0.3333333333333333, 0.3333333333333333]"
6755,35.779268314100065,597074.8246377332,"[0.3333333333333333, 0.3333333333333333, 0.3333333333333333]"
6756,182.96191246912497,710042.940835551,"[0.3333333333333333, 0.3333333333333333, 0.3333333333333333]"
6757,88.39561370417542,688877.9891281913,"[0.3333333333333333, 0.3333333333333333, 0.3333333333333333]"
6758,792.3699687899662,767216.5476159918,"[0.3333333333333333, 0.3333333333333333, 0.3333333333333333]"
6759,813.8879426465056,959197.5466529531,"[0.3333333333333333, 0.3333333333333333, 0.3333333333333333]"
6760,11.640943992642217,693249.8443293956,"[0.3333333333333333, 0.3333333333333333, 0.3333333333333333]"
6761,13.519442980872025,933144.9250347044,"[0.3333333333333333, 0.3333333333333333, 0.3333333333333333]"
6762,395.8020382445757,122155.49244798195,"[0.3333333333333333, 0.3333333333333333, 0.3333333333333333]"
6763,717.5630706715995,232836.30051735844,"[0.3333333333333333, 0.3333333333333333, 0.3333333333333333]"
6764,775.6027838925763,969812.9776400531,"[0.3333333333333333, 0.3333333333333333, 0.3333333333333333]"
6765,885.6728163408237,770370.6037036411,"[0.3333333333333333, 0.3333333333333333, 0.3333333333333333]"
6766,40.05434377144123,809519.4290804508,"[0.3333333333333333, 0.3333333333333333, 0.3333333333333333]"
6767,657.2840422680591,682947.7837569708,"[0.3333333333333333, 0.3333333333333333, 0.3333333333333333]"
6768,387.8135983814793,307818.08905268216,"[0.3333333333333333, 0.3333333333333333, 0.3333333333333333]"
6769,306.60005178703784,300328.7569516738,"[0.3333333333333333, 0.3333333333333333, 0.3333333333333333]"
6770,125.00328858524344,139305.5462166762,"[0.3333333333333333, 0.3333333333333333, 0.3333333333333333]"
6771,93.72236527423864,735186.8296362178,"[0.3333333333333333, 0.3333333333333333, 0.3333333333333333]"
6772,313.8539070778229,210617.85760293642,"[0.3333333333333333, 0.3333333333333333, 0.3333333333333333]"
6773,763.3558461847183,982817.5928396481,"[0.3333333333333333, 0.3333333333333333, 0.3333333333333333]"
6774,422.6445092748906,747377.1337439221,"[0.3333333333333333, 0.3333333333333333, 0.3333333333333333]"
6775,122.34354336052223,497344.2169954759,"[0.3333333333333333, 0.3333333333333333, 0.3333333333333333]"
6776,634.8742517170713,476376.39263930306,"[0.3333333333333333, 0.3333333333333333, 0.3333333333333333]"
6777,103.44060564434572,909750.1828750954,"[0.3333333333333333, 0.3333333333333333, 0.3333333333333333]"
6778,194.85559285071767,472312.61922731984,"[0.3333333333333333, 0.3333333333333333, 0.3333333333333333]"
6779,658.6618177790327,493499.1457808196,"[0.3333333333333333, 0.3333333333333333, 0.3333333333333333]"
6780,612.7545753988554,986100.9452470716,"[0.3333333333333333, 0.3333333333333333, 0.3333333333333333]"
6781,841.0469876419696,324572.2380770328,"[0.3333333333333333, 0.3333333333333333, 0.3333333333333333]"
6782,275.8179277490891,884104.3272299755,"[0.3333333333333333, 0.3333333333333333, 0.3333333333333333]"
6783,379.86564106637945,684715.384551237,"[0.3333333333333333, 0.3333333333333333, 0.3333333333333333]"
6784,883.1504784910718,577572.2083172605,"[0.3333333333333333, 0.3333333333333333, 0.3333333333333333]"
6785,180.46578432455817,858908.5160364773,"[0.3333333333333333, 0.3333333333333333, 0.3333333333333333]"
6786,646.5644731100289,884667.8738077664,"[0.3333333333333333, 0.3333333333333333, 0.3333333333333333]"
6787,738.805647063698,751635.4172541777,"[0.3333333333333333, 0.3333333333333333, 0.3333333333333333]"
6788,703.0048621421992,353658.66540242045,"[0.3333333333333333, 0.3333333333333333, 0.3333333333333333]"
6789,276.6087855464687,922904.4401039564,"[0.3333333333333333, 0.3333333333333333, 0.3333333333333333]"
6790,224.81013814861396,397263.4739021907,"[0.3333333333333333, 0.3333333333333333, 0.3333333333333333]"
6791,571.5328314419229,982012.5128522131,"[0.3333333333333333, 0.3333333333333333, 0.3333333333333333]"
6792,206.59842577889003,165813.70287861652,"[0.3333333333333333, 0.3333333333333333, 0.3333333333333333]"
6793,181.03302994104283,500031.81310943794,"[0.3333333333333333, 0.3333333333333333, 0.3333333333333333]"
6794,540.6720005136906,240513.5197057313,"[0.3333333333333333, 0.3333333333333333, 0.3333333333333333]"
6795,810.5113274683658,412207.23485585785,"[0.3333333333333333, 0.3333333333333333, 0.3333333333333333]"
6796,990.1777149477225,713545.8350647548,"[0.3333333333333333, 0.3333333333333333, 0.3333333333333333]"
6797,673.0890106407018,549019.3254821494,"[0.3333333333333333, 0.3333333333333333, 0.3333333333333333]"
6798,829.2371892737827,912941.4000105133,"[0.3333333333333333, 0.3333333333333333, 0.3333333333333333]"
6799,936.2002440543619,781684.7237670849,"[0.3333333333333333, 0.3333333333333333, 0.3333333333333333]"
6800,931.0232672751058,478117.24868758133,"[0.3333333333333333, 0.3333333333333333, 0.3333333333333333]"
6801,858.8618287912964,813757.0659052415,"[0.3333333333333333, 0.3333333333333333, 0.3333333333333333]"
6802,64.9747662772161,512063.8341558099,"[0.3333333333333333, 0.3333333333333333, 0.3333333333333333]"
6803,918.0083166970311,617066.13844863,"[0.3333333333333333, 0.3333333333333333, 0.3333333333333333]"
6804,626.9040765680608,658846.088968471,"[0.3333333333333333, 0.3333333333333333, 0.3333333333333333]"
6805,229.51311819123697,707563.7177710524,"[0.3333333333333333, 0.3333333333333333, 0.3333333333333333]"
6806,785.7885136438039,956455.519482013,"[0.3333333333333333, 0.3333333333333333, 0.3333333333333333]"
6807,242.36448276222328,292962.4107885205,"[0.3333333333333333, 0.3333333333333333, 0.3333333333333333]"
6808,732.2960415960159,202657.61029239718,"[0.3333333333333333, 0.3333333333333333, 0.3333333333333333]"
6809,63.43143235865824,697987.6492041465,"[0.3333333333333333, 0.3333333333333333, 0.3333333333333333]"
6810,69.94971512614971,719777.4667691805,"[0.3333333333333333, 0.3333333333333333, 0.3333333333333333]"
6811,528.5729700785649,534460.5058513999,"[0.3333333333333333, 0.3333333333333333, 0.3333333333333333]"
6812,56.068176792388094,228205.70689479547,"[0.3333333333333333, 0.3333333333333333, 0.3333333333333333]"
6813,27.244896138574624,844115.5850983136,"[0.3333333333333333, 0.3333333333333333, 0.3333333333333333]"
6814,386.8406444697691,910956.3217987661,"[0.3333333333333333, 0.3333333333333333, 0.3333333333333333]"
6815,170.50725332816708,310989.4572934358,"[0.3333333333333333, 0.3333333333333333, 0.3333333333333333]"
6816,260.2724710979887,301056.0209844209,"[0.3333333333333333, 0.3333333333333333, 0.3333333333333333]"
6817,424.582941080874,911550.2126043519,"[0.3333333333333333, 0.3333333333333333, 0.3333333333333333]"
6818,507.4719469737027,612202.5746570646,"[0.3333333333333333, 0.3333333333333333, 0.3333333333333333]"
6819,664.1648590435044,190956.88097454267,"[0.3333333333333333, 0.3333333333333333, 0.3333333333333333]"
6820,542.0283129624668,889645.3363676834,"[0.3333333333333333, 0.3333333333333333, 0.3333333333333333]"
6821,299.71822343992426,953448.3591805759,"[0.3333333333333333, 0.3333333333333333, 0.3333333333333333]"
6822,659.0793800631,154782.05501657398,"[0.3333333333333333, 0.3333333333333333, 0.3333333333333333]"
6823,127.73166025983403,719772.0418762404,"[0.3333333333333333, 0.3333333333333333, 0.3333333333333333]"
6824,913.898393833302,994106.1301796515,"[0.3333333333333333, 0.3333333333333333, 0.3333333333333333]"
6825,89.47232460569525,174565.03871344952,"[0.3333333333333333, 0.3333333333333333, 0.3333333333333333]"
6826,380.3369874684153,431337.5040079618,"[0.3333333333333333, 0.3333333333333333, 0.3333333333333333]"
6827,751.0527822994301,740191.7328919995,"[0.3333333333333333, 0.3333333333333333, 0.3333333333333333]"
6828,45.564179987844334,565262.1300076867,"[0.3333333333333333, 0.3333333333333333, 0.3333333333333333]"
6829,567.2383278627966,354457.6093033859,"[0.3333333333333333, 0.3333333333333333, 0.3333333333333333]"
6830,484.22794741144355,123742.55862384924,"[0.3333333333333333, 0.3333333333333333, 0.3333333333333333]"
6831,721.6995748620963,119999.25793689047,"[0.3333333333333333, 0.3333333333333333, 0.3333333333333333]"
6832,806.134539053656,909577.1140329201,"[0.3333333333333333, 0.3333333333333333, 0.3333333333333333]"
6833,84.50724144134529,666685.7794527424,"[0.3333333333333333, 0.3333333333333333, 0.3333333333333333]"
6834,435.6687784122091,244613.9141098034,"[0.3333333333333333, 0.3333333333333333, 0.3333333333333333]"
6835,57.65668374153998,823626.7029980118,"[0.3333333333333333, 0.3333333333333333, 0.3333333333333333]"
6836,418.6622699397531,833002.4343319706,"[0.3333333333333333, 0.3333333333333333, 0.3333333333333333]"
6837,832.0665812298038,783327.2982380942,"[0.3333333333333333, 0.3333333333333333, 0.3333333333333333]"
6838,17.738721770304167,333603.1949843458,"[0.3333333333333333, 0.3333333333333333, 0.3333333333333333]"
6839,150.7894492773073,529158.2099242567,"[0.3333333333333333, 0.3333333333333333, 0.3333333333333333]"
6840,189.56158953853614,395986.98728073237,"[0.3333333333333333, 0.3333333333333333, 0.3333333333333333]"
6841,270.5417050579269,204580.0405197697,"[0.3333333333333333, 0.3333333333333333, 0.3333333333333333]"
6842,639.180220081744,726116.6665609182,"[0.3333333333333333, 0.3333333333333333, 0.3333333333333333]"
6843,59.460925440599574,864417.9965597509,"[0.3333333333333333, 0.3333333333333333, 0.3333333333333333]"
6844,153.15948348936024,495589.34614334477,"[0.3333333333333333, 0.3333333333333333, 0.3333333333333333]"
6845,977.2076976947667,927958.7582453389,"[0.3333333333333333, 0.3333333333333333, 0.3333333333333333]"
6846,921.3873548871991,114562.39914704439,"[0.3333333333333333, 0.3333333333333333, 0.3333333333333333]"
6847,112.17935262115002,969910.5559035215,"[0.3333333333333333, 0.3333333333333333, 0.3333333333333333]"
6848,224.17456549187193,614678.4180979286,"[0.3333333333333333, 0.3333333333333333, 0.3333333333333333]"
6849,808.3691154283057,220279.1907218801,"[0.3333333333333333, 0.3333333333333333, 0.3333333333333333]"
6850,394.9792529592764,961365.9480059472,"[0.3333333333333333, 0.3333333333333333, 0.3333333333333333]"
6851,766.517051184464,817534.3596106763,"[0.3333333333333333, 0.3333333333333333, 0.3333333333333333]"
6852,428.77478644785594,343746.999747353,"[0.3333333333333333, 0.3333333333333333, 0.3333333333333333]"
6853,163.2563816577727,238101.5518297853,"[0.3333333333333333, 0.3333333333333333, 0.3333333333333333]"
6854,451.7645913230321,341706.58614051837,"[0.3333333333333333, 0.3333333333333333, 0.3333333333333333]"
6855,391.0214226807125,968941.8365428102,"[0.3333333333333333, 0.3333333333333333, 0.3333333333333333]"
6856,982.2329270487294,901884.4944259165,"[0.3333333333333333, 0.3333333333333333, 0.3333333333333333]"
6857,410.8203395410938,893726.7597291409,"[0.3333333333333333, 0.3333333333333333, 0.3333333333333333]"
6858,324.85487307566336,928367.9884565629,"[0.3333333333333333, 0.3333333333333333, 0.3333333333333333]"
6859,650.8242167533389,612300.6774435444,"[0.3333333333333333, 0.3333333333333333, 0.3333333333333333]"
6860,891.5637174664754,198136.8660166733,"[0.3333333333333333, 0.3333333333333333, 0.3333333333333333]"
6861,29.326847162132516,713984.9851851308,"[0.3333333333333333, 0.3333333333333333, 0.3333333333333333]"
6862,63.74745132925808,984226.4548772753,"[0.3333333333333333, 0.3333333333333333, 0.3333333333333333]"
6863,901.5007874487666,674864.5197838622,"[0.3333333333333333, 0.3333333333333333, 0.3333333333333333]"
6864,654.3965566744699,825244.5742546611,"[0.3333333333333333, 0.3333333333333333, 0.3333333333333333]"
6865,758.1005036404446,105523.5713635197,"[0.3333333333333333, 0.3333333333333333, 0.3333333333333333]"
6866,330.36390289964413,962360.7497435767,"[0.3333333333333333, 0.3333333333333333, 0.3333333333333333]"
6867,138.8109371847084,176747.12127077242,"[0.3333333333333333, 0.3333333333333333, 0.3333333333333333]"
6868,836.2310788230906,945510.4611740819,"[0.3333333333333333, 0.3333333333333333, 0.3333333333333333]"
6869,658.1485269643022,718947.5249208744,"[0.3333333333333333, 0.3333333333333333, 0.3333333333333333]"
6870,372.72934316512067,264576.2858494513,"[0.3333333333333333, 0.3333333333333333, 0.3333333333333333]"
6871,491.58878536572155,237542.36168525953,"[0.3333333333333333, 0.3333333333333333, 0.3333333333333333]"
6872,566.7184290408943,249936.2842709553,"[0.3333333333333333, 0.3333333333333333, 0.3333333333333333]"
6873,83.87316042109055,651404.8894490948,"[0.3333333333333333, 0.3333333333333333, 0.3333333333333333]"
6874,620.1288348262777,263010.2702876057,"[0.3333333333333333, 0.3333333333333333, 0.3333333333333333]"
6875,893.7453710646976,762073.7385022884,"[0.3333333333333333, 0.3333333333333333, 0.3333333333333333]"
6876,388.5105293188656,841118.3828042159,"[0.3333333333333333, 0.3333333333333333, 0.3333333333333333]"
6877,385.42087934349325,731013.3597045788,"[0.3333333333333333, 0.3333333333333333, 0.3333333333333333]"
6878,827.3302399731762,859641.0979045307,"[0.3333333333333333, 0.3333333333333333, 0.3333333333333333]"
6879,801.6438640123316,372429.77997833746,"[0.3333333333333333, 0.3333333333333333, 0.3333333333333333]"
6880,103.81673097566672,141992.78214817733,"[0.3333333333333333, 0.3333333333333333, 0.3333333333333333]"
6881,375.6824321591276,469293.2456805148,"[0.3333333333333333, 0.3333333333333333, 0.3333333333333333]"
6882,63.88135759844586,346926.2342656363,"[0.3333333333333333, 0.3333333333333333, 0.3333333333333333]"
6883,375.07230397958557,635987.7497689063,"[0.3333333333333333, 0.3333333333333333, 0.3333333333333333]"
6884,93.09416202949558,460362.7483722915,"[0.3333333333333333, 0.3333333333333333, 0.3333333333333333]"
6885,741.514371026657,726762.3072662404,"[0.3333333333333333, 0.3333333333333333, 0.3333333333333333]"
6886,553.8871500974776,265250.3729338383,"[0.3333333333333333, 0.3333333333333333, 0.3333333333333333]"
6887,125.24969663084124,665695.1044379177,"[0.3333333333333333, 0.3333333333333333, 0.3333333333333333]"
6888,972.6817374246291,943729.5243083717,"[0.3333333333333333, 0.3333333333333333, 0.3333333333333333]"
6889,772.8647520312365,132965.51241490303,"[0.3333333333333333, 0.3333333333333333, 0.3333333333333333]"
6890,83.65102136710215,858083.287932075,"[0.3333333333333333, 0.3333333333333333, 0.3333333333333333]"
6891,840.5556049665286,594547.8985253182,"[0.3333333333333333, 0.3333333333333333, 0.3333333333333333]"
6892,974.5598687949604,354225.29031562,"[0.3333333333333333, 0.3333333333333333, 0.3333333333333333]"
6893,246.69306592382245,785500.6900797979,"[0.3333333333333333, 0.3333333333333333, 0.3333333333333333]"
6894,509.5745804724156,384224.6436776151,"[0.3333333333333333, 0.3333333333333333, 0.3333333333333333]"
6895,826.3235288664515,584469.3319007724,"[0.3333333333333333, 0.3333333333333333, 0.3333333333333333]"
6896,92.6839525921102,439210.5475240979,"[0.3333333333333333, 0.3333333333333333, 0.3333333333333333]"
6897,969.6028171660461,449765.51697282726,"[0.3333333333333333, 0.3333333333333333, 0.3333333333333333]"
6898,87.79705287734177,922096.6881586338,"[0.3333333333333333, 0.3333333333333333, 0.3333333333333333]"
6899,61.036828813923634,257100.94237438324,"[0.3333333333333333, 0.3333333333333333, 0.3333333333333333]"
6900,526.28088213992,655544.4547645325,"[0.3333333333333333, 0.3333333333333333, 0.3333333333333333]"
6901,799.2891557638196,673379.9168215117,"[0.3333333333333333, 0.3333333333333333, 0.3333333333333333]"
6902,329.5465672371717,115345.11597544936,"[0.3333333333333333, 0.3333333333333333, 0.3333333333333333]"
6903,501.7103706744401,396173.61966204003,"[0.3333333333333333, 0.3333333333333333, 0.3333333333333333]"
6904,823.612101690085,387719.4353827336,"[0.3333333333333333, 0.3333333333333333, 0.3333333333333333]"
6905,380.59841191987965,970725.8361494024,"[0.3333333333333333, 0.3333333333333333, 0.3333333333333333]"
6906,774.3734425642873,481208.63621216733,"[0.3333333333333333, 0.3333333333333333, 0.3333333333333333]"
6907,264.66317622872896,255162.72716024733,"[0.3333333333333333, 0.3333333333333333, 0.3333333333333333]"
6908,715.260128032717,727578.5117611769,"[0.3333333333333333, 0.3333333333333333, 0.3333333333333333]"
6909,888.141720428934,179288.59669103974,"[0.3333333333333333, 0.3333333333333333, 0.3333333333333333]"
6910,719.9838652420115,976304.7255025067,"[0.3333333333333333, 0.3333333333333333, 0.3333333333333333]"
6911,134.93338213181698,804571.9836451776,"[0.3333333333333333, 0.3333333333333333, 0.3333333333333333]"
6912,894.0252161762969,898841.0729659982,"[0.3333333333333333, 0.3333333333333333, 0.3333333333333333]"
6913,260.35544894627486,496639.1709897895,"[0.3333333333333333, 0.3333333333333333, 0.3333333333333333]"
6914,277.0624981937647,313687.96790058597,"[0.3333333333333333, 0.3333333333333333, 0.3333333333333333]"
6915,893.6176874998339,863434.5640771782,"[0.3333333333333333, 0.3333333333333333, 0.3333333333333333]"
6916,394.8870257909028,543860.6811690049,"[0.3333333333333333, 0.3333333333333333, 0.3333333333333333]"
6917,374.58520617517127,714992.905753942,"[0.3333333333333333, 0.3333333333333333, 0.3333333333333333]"
6918,941.1606127094999,953900.1274129457,"[0.3333333333333333, 0.3333333333333333, 0.3333333333333333]"
6919,600.4066439154794,507072.82636285416,"[0.3333333333333333, 0.3333333333333333, 0.3333333333333333]"
6920,303.2045352711897,505342.26773595234,"[0.3333333333333333, 0.3333333333333333, 0.3333333333333333]"
6921,958.8689430034683,837124.9848851324,"[0.3333333333333333, 0.3333333333333333, 0.3333333333333333]"
6922,867.4568150505892,340891.0992207732,"[0.3333333333333333, 0.3333333333333333, 0.3333333333333333]"
6923,287.0603102364822,401866.8540061536,"[0.3333333333333333, 0.3333333333333333, 0.3333333333333333]"
6924,699.3571176831528,347138.77178611537,"[0.3333333333333333, 0.3333333333333333, 0.3333333333333333]"
6925,174.3879268765237,866682.5521270466,"[0.3333333333333333, 0.3333333333333333, 0.3333333333333333]"
6926,947.4244135066647,876190.5372559654,"[0.3333333333333333, 0.3333333333333333, 0.3333333333333333]"
6927,109.8647776642068,804157.7343692638,"[0.3333333333333333, 0.3333333333333333, 0.3333333333333333]"
6928,158.6951150480233,713342.5466991944,"[0.3333333333333333, 0.3333333333333333, 0.3333333333333333]"
6929,97.50033073014957,669040.077795306,"[0.3333333333333333, 0.3333333333333333, 0.3333333333333333]"
6930,171.9311476886559,640922.9417498483,"[0.3333333333333333, 0.3333333333333333, 0.3333333333333333]"
6931,596.9386931390064,561540.4256595193,"[0.3333333333333333, 0.3333333333333333, 0.3333333333333333]"
6932,721.0165396521079,121245.33210326108,"[0.3333333333333333, 0.3333333333333333, 0.3333333333333333]"
6933,88.66773791187138,999420.4875758354,"[0.3333333333333333, 0.3333333333333333, 0.3333333333333333]"
6934,745.5764454206217,746085.1262466899,"[0.3333333333333333, 0.3333333333333333, 0.3333333333333333]"
6935,445.80748311836805,418718.4624587332,"[0.3333333333333333, 0.3333333333333333, 0.3333333333333333]"
6936,936.5891376602669,398981.14813933894,"[0.3333333333333333, 0.3333333333333333, 0.3333333333333333]"
6937,599.5759708844824,575900.9781467485,"[0.3333333333333333, 0.3333333333333333, 0.3333333333333333]"
6938,147.55586226723477,819513.0036050846,"[0.3333333333333333, 0.3333333333333333, 0.3333333333333333]"
6939,50.07242095304582,878197.0825114192,"[0.3333333333333333, 0.3333333333333333, 0.3333333333333333]"
6940,945.980846483657,930671.849395103,"[0.3333333333333333, 0.3333333333333333, 0.3333333333333333]"
6941,546.9049833924328,606551.3452129272,"[0.3333333333333333, 0.3333333333333333, 0.3333333333333333]"
6942,296.5921652279234,919031.4673064047,"[0.3333333333333333, 0.3333333333333333, 0.3333333333333333]"
6943,901.4805074514923,837460.5625788302,"[0.3333333333333333, 0.3333333333333333, 0.3333333333333333]"
6944,184.1276675778573,971140.1944959221,"[0.3333333333333333, 0.3333333333333333, 0.3333333333333333]"
6945,821.6103472037831,528756.2778418304,"[0.3333333333333333, 0.3333333333333333, 0.3333333333333333]"
6946,138.49733419756075,947584.9231073718,"[0.3333333333333333, 0.3333333333333333, 0.3333333333333333]"
6947,598.0180603008052,194947.80647952738,"[0.3333333333333333, 0.3333333333333333, 0.3333333333333333]"
6948,25.260676778448676,942809.8434767935,"[0.3333333333333333, 0.3333333333333333, 0.3333333333333333]"
6949,910.7403293236334,831183.9998723718,"[0.3333333333333333, 0.3333333333333333, 0.3333333333333333]"
6950,90.79797116142122,840156.2564314676,"[0.3333333333333333, 0.3333333333333333, 0.3333333333333333]"
6951,479.6086454082615,229542.8858585246,"[0.3333333333333333, 0.3333333333333333, 0.3333333333333333]"
6952,622.2263898837458,780331.8523244405,"[0.3333333333333333, 0.3333333333333333, 0.3333333333333333]"
6953,538.1268833374926,364250.4624440973,"[0.3333333333333333, 0.3333333333333333, 0.3333333333333333]"
6954,509.7710737192333,340062.59475066897,"[0.3333333333333333, 0.3333333333333333, 0.3333333333333333]"
6955,117.96057102836454,830581.371070074,"[0.3333333333333333, 0.3333333333333333, 0.3333333333333333]"
6956,413.2510571501783,518673.24230780423,"[0.3333333333333333, 0.3333333333333333, 0.3333333333333333]"
6957,330.5494008341535,205363.74052560265,"[0.3333333333333333, 0.3333333333333333, 0.3333333333333333]"
6958,409.12122740179325,915011.2769988779,"[0.3333333333333333, 0.3333333333333333, 0.3333333333333333]"
6959,877.8604493228237,506857.83238799934,"[0.3333333333333333, 0.3333333333333333, 0.3333333333333333]"
6960,712.2459938152009,483119.7778943693,"[0.3333333333333333, 0.3333333333333333, 0.3333333333333333]"
6961,47.077488723376334,889202.6510237856,"[0.3333333333333333, 0.3333333333333333, 0.3333333333333333]"
6962,488.71970710259563,751315.0039798503,"[0.3333333333333333, 0.3333333333333333, 0.3333333333333333]"
6963,424.7947741707161,408224.1521856609,"[0.3333333333333333, 0.3333333333333333, 0.3333333333333333]"
6964,851.8051086392908,668614.8236447661,"[0.3333333333333333, 0.3333333333333333, 0.3333333333333333]"
6965,570.0434765075427,897120.4851864509,"[0.3333333333333333, 0.3333333333333333, 0.3333333333333333]"
6966,369.2367642980576,288384.6330334585,"[0.3333333333333333, 0.3333333333333333, 0.3333333333333333]"
6967,187.4949583482742,989909.6869572605,"[0.3333333333333333, 0.3333333333333333, 0.3333333333333333]"
6968,672.0425094359047,696567.6404707988,"[0.3333333333333333, 0.3333333333333333, 0.3333333333333333]"
6969,467.69730019502543,115269.93860961244,"[0.3333333333333333, 0.3333333333333333, 0.3333333333333333]"
6970,102.90826029133052,797546.0412246597,"[0.3333333333333333, 0.3333333333333333, 0.3333333333333333]"
6971,745.2066954760202,773779.8078531072,"[0.3333333333333333, 0.3333333333333333, 0.3333333333333333]"
6972,285.3923848559233,704413.5257976477,"[0.3333333333333333, 0.3333333333333333, 0.3333333333333333]"
6973,823.1676793913097,363602.1499587774,"[0.3333333333333333, 0.3333333333333333, 0.3333333333333333]"
6974,479.61207797101594,472153.56376240036,"[0.3333333333333333, 0.3333333333333333, 0.3333333333333333]"
6975,458.81702022570045,489636.04450710403,"[0.3333333333333333, 0.3333333333333333, 0.3333333333333333]"
6976,939.9220133214998,370739.56695311534,"[0.3333333333333333, 0.3333333333333333, 0.3333333333333333]"
6977,52.39415904684238,505221.0021558501,"[0.3333333333333333, 0.3333333333333333, 0.3333333333333333]"
6978,960.2729059594184,942516.4449552048,"[0.3333333333333333, 0.3333333333333333, 0.3333333333333333]"
6979,293.56469848701045,363794.1155466581,"[0.3333333333333333, 0.3333333333333333, 0.3333333333333333]"
6980,451.2444938210916,798363.2275503259,"[0.3333333333333333, 0.3333333333333333, 0.3333333333333333]"
6981,922.1719990876217,375240.3272439527,"[0.3333333333333333, 0.3333333333333333, 0.3333333333333333]"
6982,673.2532907060703,522444.356459423,"[0.3333333333333333, 0.3333333333333333, 0.3333333333333333]"
6983,609.4025177469912,237346.8298396736,"[0.3333333333333333, 0.3333333333333333, 0.3333333333333333]"
6984,678.8229065912127,743486.2971285605,"[0.3333333333333333, 0.3333333333333333, 0.3333333333333333]"
6985,980.3184295582103,540683.766264914,"[0.3333333333333333, 0.3333333333333333, 0.3333333333333333]"
6986,686.7502482663529,316430.45195322105,"[0.3333333333333333, 0.3333333333333333, 0.3333333333333333]"
6987,434.23500160270595,482885.8334364487,"[0.3333333333333333, 0.3333333333333333, 0.3333333333333333]"
6988,159.83143878014252,601496.9373784488,"[0.3333333333333333, 0.3333333333333333, 0.3333333333333333]"
6989,584.8777855182373,760684.2890485486,"[0.3333333333333333, 0.3333333333333333, 0.3333333333333333]"
6990,712.6745257639737,745138.9310202629,"[0.3333333333333333, 0.3333333333333333, 0.3333333333333333]"
6991,561.5410312099914,685832.6530739807,"[0.3333333333333333, 0.3333333333333333, 0.3333333333333333]"
6992,380.0990866137164,382075.4786775704,"[0.3333333333333333, 0.3333333333333333, 0.3333333333333333]"
6993,119.64765474549034,954228.0315324408,"[0.3333333333333333, 0.3333333333333333, 0.3333333333333333]"
6994,734.6894247974807,389459.5425015604,"[0.3333333333333333, 0.3333333333333333, 0.3333333333333333]"
6995,34.2232650617308,440795.6332715678,"[0.3333333333333333, 0.3333333333333333, 0.3333333333333333]"
6996,814.0885512170713,829199.2397101794,"[0.3333333333333333, 0.3333333333333333, 0.3333333333333333]"
6997,866.6944215166328,663885.75414089,"[0.3333333333333333, 0.3333333333333333, 0.3333333333333333]"
6998,646.0665215421722,412319.56816291384,"[0.3333333333333333, 0.3333333333333333, 0.3333333333333333]"
6999,495.50693137844394,325654.0904797241,"[0.3333333333333333, 0.3333333333333333, 0.3333333333333333]"
7000,876.2915076776746,176761.82521633996,"[0.3333333333333333, 0.3333333333333333, 0.3333333333333333]"
7001,242.97706887680903,993452.6175474139,"[0.3333333333333333, 0.3333333333333333, 0.3333333333333333]"
7002,805.3098960998833,898348.2131420762,"[0.3333333333333333, 0.3333333333333333, 0.3333333333333333]"
7003,166.86064751029664,997768.3825027127,"[0.3333333333333333, 0.3333333333333333, 0.3333333333333333]"
7004,334.3618953756705,274345.52709870867,"[0.3333333333333333, 0.3333333333333333, 0.3333333333333333]"
7005,220.09225596104366,270792.3892321965,"[0.3333333333333333, 0.3333333333333333, 0.3333333333333333]"
7006,94.21911214984348,820049.4289341137,"[0.3333333333333333, 0.3333333333333333, 0.3333333333333333]"
7007,367.52770021922953,325187.101657576,"[0.3333333333333333, 0.3333333333333333, 0.3333333333333333]"
7008,217.69256723823165,333256.51213058585,"[0.3333333333333333, 0.3333333333333333, 0.3333333333333333]"
7009,250.6710119784577,363449.26398977055,"[0.3333333333333333, 0.3333333333333333, 0.3333333333333333]"
7010,941.3878816760396,320522.4447747293,"[0.3333333333333333, 0.3333333333333333, 0.3333333333333333]"
7011,777.0787715037424,401560.5388236471,"[0.3333333333333333, 0.3333333333333333, 0.3333333333333333]"
7012,393.64206632574474,535530.3853850577,"[0.3333333333333333, 0.3333333333333333, 0.3333333333333333]"
7013,194.35808889162269,666863.6657397988,"[0.3333333333333333, 0.3333333333333333, 0.3333333333333333]"
7014,637.5072141466641,718675.1575635386,"[0.3333333333333333, 0.3333333333333333, 0.3333333333333333]"
7015,349.4478398087972,159121.56306919229,"[0.3333333333333333, 0.3333333333333333, 0.3333333333333333]"
7016,126.07668558459234,284305.88716165745,"[0.3333333333333333, 0.3333333333333333, 0.3333333333333333]"
7017,544.3016773838601,734878.3675862201,"[0.3333333333333333, 0.3333333333333333, 0.3333333333333333]"
7018,777.7406681459596,325609.6048808051,"[0.3333333333333333, 0.3333333333333333, 0.3333333333333333]"
7019,600.868584751107,801520.4086212118,"[0.3333333333333333, 0.3333333333333333, 0.3333333333333333]"
7020,141.4071869585953,419897.4063215665,"[0.3333333333333333, 0.3333333333333333, 0.3333333333333333]"
7021,10.267596118675103,998919.8275657359,"[0.3333333333333333, 0.3333333333333333, 0.3333333333333333]"
7022,637.4069195016389,686793.208347545,"[0.3333333333333333, 0.3333333333333333, 0.3333333333333333]"
7023,134.46897140234898,469559.0085847598,"[0.3333333333333333, 0.3333333333333333, 0.3333333333333333]"
7024,893.3878957567923,682441.4317098286,"[0.3333333333333333, 0.3333333333333333, 0.3333333333333333]"
7025,514.0664727310461,753719.0810996622,"[0.3333333333333333, 0.3333333333333333, 0.3333333333333333]"
7026,571.1915552757665,201618.44216389325,"[0.3333333333333333, 0.3333333333333333, 0.3333333333333333]"
7027,619.6347180572865,540193.7384294657,"[0.3333333333333333, 0.3333333333333333, 0.3333333333333333]"
7028,601.677961597672,757581.9990162962,"[0.3333333333333333, 0.3333333333333333, 0.3333333333333333]"
7029,644.998633199633,774750.9479937532,"[0.3333333333333333, 0.3333333333333333, 0.3333333333333333]"
7030,875.6835792246354,325103.13623166445,"[0.3333333333333333, 0.3333333333333333, 0.3333333333333333]"
7031,830.9965875243366,780123.6360450211,"[0.3333333333333333, 0.3333333333333333, 0.3333333333333333]"
7032,255.87771963578828,540976.7296621196,"[0.3333333333333333, 0.3333333333333333, 0.3333333333333333]"
7033,422.115211952992,448189.29127468815,"[0.3333333333333333, 0.3333333333333333, 0.3333333333333333]"
7034,140.46509732784307,885603.7795920685,"[0.3333333333333333, 0.3333333333333333, 0.3333333333333333]"
7035,739.5479788956546,453634.9792142333,"[0.3333333333333333, 0.3333333333333333, 0.3333333333333333]"
7036,217.51373727566227,853344.9484860804,"[0.3333333333333333, 0.3333333333333333, 0.3333333333333333]"
7037,767.6382781698876,142109.90725819016,"[0.3333333333333333, 0.3333333333333333, 0.3333333333333333]"
7038,615.0746942853602,995493.524817115,"[0.3333333333333333, 0.3333333333333333, 0.3333333333333333]"
7039,35.56836777527157,149805.79179171094,"[0.3333333333333333, 0.3333333333333333, 0.3333333333333333]"
7040,595.0322281836262,389723.393107278,"[0.3333333333333333, 0.3333333333333333, 0.3333333333333333]"
7041,789.5255897016611,277291.0888121063,"[0.3333333333333333, 0.3333333333333333, 0.3333333333333333]"
7042,866.487501388927,236996.21818336367,"[0.3333333333333333, 0.3333333333333333, 0.3333333333333333]"
7043,138.56485228120698,455467.7853079563,"[0.3333333333333333, 0.3333333333333333, 0.3333333333333333]"
7044,879.0278753860938,824662.961714803,"[0.3333333333333333, 0.3333333333333333, 0.3333333333333333]"
7045,392.6118216569442,221088.81111019413,"[0.3333333333333333, 0.3333333333333333, 0.3333333333333333]"
7046,272.63779748734913,517374.319706745,"[0.3333333333333333, 0.3333333333333333, 0.3333333333333333]"
7047,563.6944114666643,864430.2981462379,"[0.3333333333333333, 0.3333333333333333, 0.3333333333333333]"
7048,782.591162727896,378216.09614695254,"[0.3333333333333333, 0.3333333333333333, 0.3333333333333333]"
7049,16.565070165233646,378188.95769006456,"[0.3333333333333333, 0.3333333333333333, 0.3333333333333333]"
7050,49.318397925695,860713.4236559905,"[0.3333333333333333, 0.3333333333333333, 0.3333333333333333]"
7051,564.8058100275724,633626.3964641038,"[0.3333333333333333, 0.3333333333333333, 0.3333333333333333]"
7052,816.9563208707076,825700.3796950472,"[0.3333333333333333, 0.3333333333333333, 0.3333333333333333]"
7053,666.7838493198859,283703.66939187224,"[0.3333333333333333, 0.3333333333333333, 0.3333333333333333]"
7054,536.8194202281712,643057.7520370441,"[0.3333333333333333, 0.3333333333333333, 0.3333333333333333]"
7055,821.3136090399807,654856.8059534903,"[0.3333333333333333, 0.3333333333333333, 0.3333333333333333]"
7056,871.5694441684437,822999.50263326,"[0.3333333333333333, 0.3333333333333333, 0.3333333333333333]"
7057,707.0371798722126,537854.9608964038,"[0.3333333333333333, 0.3333333333333333, 0.3333333333333333]"
7058,678.1776853093994,510632.2184059822,"[0.3333333333333333, 0.3333333333333333, 0.3333333333333333]"
7059,270.33051028626807,748730.3238408571,"[0.3333333333333333, 0.3333333333333333, 0.3333333333333333]"
7060,513.744826536109,216127.53601551036,"[0.3333333333333333, 0.3333333333333333, 0.3333333333333333]"
7061,884.4833419042172,824865.946224118,"[0.3333333333333333, 0.3333333333333333, 0.3333333333333333]"
7062,313.27405694663736,126104.40483774219,"[0.3333333333333333, 0.3333333333333333, 0.3333333333333333]"
7063,393.13808576711756,265781.7856538676,"[0.3333333333333333, 0.3333333333333333, 0.3333333333333333]"
7064,709.9101482724932,921750.1680008456,"[0.3333333333333333, 0.3333333333333333, 0.3333333333333333]"
7065,283.0747887810949,180774.25142020444,"[0.3333333333333333, 0.3333333333333333, 0.3333333333333333]"
7066,226.46264508259134,792851.9004123575,"[0.3333333333333333, 0.3333333333333333, 0.3333333333333333]"
7067,425.45941154083283,305395.2549790462,"[0.3333333333333333, 0.3333333333333333, 0.3333333333333333]"
7068,937.2274677517265,862225.9344951293,"[0.3333333333333333, 0.3333333333333333, 0.3333333333333333]"
7069,677.7590171270716,116109.59249478666,"[0.3333333333333333, 0.3333333333333333, 0.3333333333333333]"
7070,514.9046469678995,258813.4706969032,"[0.3333333333333333, 0.3333333333333333, 0.3333333333333333]"
7071,501.06926611240624,709762.2861090503,"[0.3333333333333333, 0.3333333333333333, 0.3333333333333333]"
7072,24.199566577552062,989604.4730564795,"[0.3333333333333333, 0.3333333333333333, 0.3333333333333333]"
7073,519.9733740459212,426217.4743653039,"[0.3333333333333333, 0.3333333333333333, 0.3333333333333333]"
7074,23.887959831660492,573985.165751791,"[0.3333333333333333, 0.3333333333333333, 0.3333333333333333]"
7075,519.8613539966983,738789.4305824225,"[0.3333333333333333, 0.3333333333333333, 0.3333333333333333]"
7076,367.1879591060753,812609.989504944,"[0.3333333333333333, 0.3333333333333333, 0.3333333333333333]"
7077,778.1085331413974,583656.9284647563,"[0.3333333333333333, 0.3333333333333333, 0.3333333333333333]"
7078,460.17175445813155,384581.51788548793,"[0.3333333333333333, 0.3333333333333333, 0.3333333333333333]"
7079,575.5013349851694,382478.45731935085,"[0.3333333333333333, 0.3333333333333333, 0.3333333333333333]"
7080,263.99045866907204,506456.15103044506,"[0.3333333333333333, 0.3333333333333333, 0.3333333333333333]"
7081,69.72812770396462,574384.2751216583,"[0.3333333333333333, 0.3333333333333333, 0.3333333333333333]"
7082,734.6620844113246,404831.596094041,"[0.3333333333333333, 0.3333333333333333, 0.3333333333333333]"
7083,986.027596866923,580299.8225201714,"[0.3333333333333333, 0.3333333333333333, 0.3333333333333333]"
7084,516.2474208207802,300989.4141139594,"[0.3333333333333333, 0.3333333333333333, 0.3333333333333333]"
7085,17.208538098886258,315428.85278561985,"[0.3333333333333333, 0.3333333333333333, 0.3333333333333333]"
7086,29.508808301673117,247503.61861070344,"[0.3333333333333333, 0.3333333333333333, 0.3333333333333333]"
7087,905.6862271581384,178647.00464981308,"[0.3333333333333333, 0.3333333333333333, 0.3333333333333333]"
7088,394.52609355990245,139359.44909098596,"[0.3333333333333333, 0.3333333333333333, 0.3333333333333333]"
7089,653.5283139117196,753123.8962093501,"[0.3333333333333333, 0.3333333333333333, 0.3333333333333333]"
7090,753.8011596311351,974856.5648626094,"[0.3333333333333333, 0.3333333333333333, 0.3333333333333333]"
7091,254.94505171972867,267121.8093600319,"[0.3333333333333333, 0.3333333333333333, 0.3333333333333333]"
7092,492.4460449281518,655355.7544407282,"[0.3333333333333333, 0.3333333333333333, 0.3333333333333333]"
7093,80.83999296829144,517769.2437634789,"[0.3333333333333333, 0.3333333333333333, 0.3333333333333333]"
7094,162.74563914874113,718206.2437820572,"[0.3333333333333333, 0.3333333333333333, 0.3333333333333333]"
7095,871.7548028967133,404937.2824163877,"[0.3333333333333333, 0.3333333333333333, 0.3333333333333333]"
7096,245.77105659089938,710555.9460426733,"[0.3333333333333333, 0.3333333333333333, 0.3333333333333333]"
7097,920.0124908447343,254513.5946784852,"[0.3333333333333333, 0.3333333333333333, 0.3333333333333333]"
7098,18.356431843288746,814157.8476602772,"[0.3333333333333333, 0.3333333333333333, 0.3333333333333333]"
7099,198.2015191802781,950209.8729802122,"[0.3333333333333333, 0.3333333333333333, 0.3333333333333333]"
7100,905.9531180845311,849366.763843584,"[0.3333333333333333, 0.3333333333333333, 0.3333333333333333]"
7101,153.6638600408758,307118.5613449713,"[0.3333333333333333, 0.3333333333333333, 0.3333333333333333]"
7102,915.0107234756343,424926.8445296254,"[0.3333333333333333, 0.3333333333333333, 0.3333333333333333]"
7103,931.9555609745162,368763.8638606212,"[0.3333333333333333, 0.3333333333333333, 0.3333333333333333]"
7104,189.28675184108366,427561.04895141686,"[0.3333333333333333, 0.3333333333333333, 0.3333333333333333]"
7105,963.7653762150537,811388.1812032633,"[0.3333333333333333, 0.3333333333333333, 0.3333333333333333]"
7106,250.93023957562463,313181.3647581146,"[0.3333333333333333, 0.3333333333333333, 0.3333333333333333]"
7107,858.5724189880461,376375.65585271985,"[0.3333333333333333, 0.3333333333333333, 0.3333333333333333]"
7108,414.5840574957364,340353.877788584,"[0.3333333333333333, 0.3333333333333333, 0.3333333333333333]"
7109,425.63907048835404,183030.07344906003,"[0.3333333333333333, 0.3333333333333333, 0.3333333333333333]"
7110,64.46876417247452,743730.9160551766,"[0.3333333333333333, 0.3333333333333333, 0.3333333333333333]"
7111,655.4209426413909,720365.8592882128,"[0.3333333333333333, 0.3333333333333333, 0.3333333333333333]"
7112,682.3709216317033,647765.6123729143,"[0.3333333333333333, 0.3333333333333333, 0.3333333333333333]"
7113,927.810764573057,649175.1553619246,"[0.3333333333333333, 0.3333333333333333, 0.3333333333333333]"
7114,357.0123967577044,133523.78755159714,"[0.3333333333333333, 0.3333333333333333, 0.3333333333333333]"
7115,122.86343337774599,196723.0253910867,"[0.3333333333333333, 0.3333333333333333, 0.3333333333333333]"
7116,132.79156427584775,139208.41957316798,"[0.3333333333333333, 0.3333333333333333, 0.3333333333333333]"
7117,635.1315074434706,507324.81505353766,"[0.3333333333333333, 0.3333333333333333, 0.3333333333333333]"
7118,973.2929097653881,628284.9941641993,"[0.3333333333333333, 0.3333333333333333, 0.3333333333333333]"
7119,326.5001723764132,542560.8642266043,"[0.3333333333333333, 0.3333333333333333, 0.3333333333333333]"
7120,363.1652704142818,702307.0707030151,"[0.3333333333333333, 0.3333333333333333, 0.3333333333333333]"
7121,613.3672012638096,917983.6283504333,"[0.3333333333333333, 0.3333333333333333, 0.3333333333333333]"
7122,827.1130599551964,279299.23816267593,"[0.3333333333333333, 0.3333333333333333, 0.3333333333333333]"
7123,78.06516548156775,842825.0442042947,"[0.3333333333333333, 0.3333333333333333, 0.3333333333333333]"
7124,217.537641421516,911680.0251635113,"[0.3333333333333333, 0.3333333333333333, 0.3333333333333333]"
7125,207.8191149422139,601733.506064841,"[0.3333333333333333, 0.3333333333333333, 0.3333333333333333]"
7126,785.3935921318024,489943.5686860484,"[0.3333333333333333, 0.3333333333333333, 0.3333333333333333]"
7127,533.1675797185972,146467.7637011227,"[0.3333333333333333, 0.3333333333333333, 0.3333333333333333]"
7128,271.742207727898,687205.7525860108,"[0.3333333333333333, 0.3333333333333333, 0.3333333333333333]"
7129,850.2972702095358,385880.57047109364,"[0.3333333333333333, 0.3333333333333333, 0.3333333333333333]"
7130,141.7217163202117,319729.2011467229,"[0.3333333333333333, 0.3333333333333333, 0.3333333333333333]"
7131,318.0278314088292,460589.6559733799,"[0.3333333333333333, 0.3333333333333333, 0.3333333333333333]"
7132,304.1101041110757,830533.5763152747,"[0.3333333333333333, 0.3333333333333333, 0.3333333333333333]"
7133,136.06459871020428,392693.09931176325,"[0.3333333333333333, 0.3333333333333333, 0.3333333333333333]"
7134,320.38884814235024,892348.306769469,"[0.3333333333333333, 0.3333333333333333, 0.3333333333333333]"
7135,563.4815193236723,812036.5269346025,"[0.3333333333333333, 0.3333333333333333, 0.3333333333333333]"
7136,742.5356186716148,404131.7693266217,"[0.3333333333333333, 0.3333333333333333, 0.3333333333333333]"
7137,958.6637855206158,396263.6998398322,"[0.3333333333333333, 0.3333333333333333, 0.3333333333333333]"
7138,172.7557026420587,910594.2912125649,"[0.3333333333333333, 0.3333333333333333, 0.3333333333333333]"
7139,79.58038388724778,688386.4538253393,"[0.3333333333333333, 0.3333333333333333, 0.3333333333333333]"
7140,518.864674084454,977073.4931047498,"[0.3333333333333333, 0.3333333333333333, 0.3333333333333333]"
7141,45.9198323900232,716633.3208661232,"[0.3333333333333333, 0.3333333333333333, 0.3333333333333333]"
7142,808.0716131906087,885949.6590819724,"[0.3333333333333333, 0.3333333333333333, 0.3333333333333333]"
7143,785.7715379879861,157869.1026286403,"[0.3333333333333333, 0.3333333333333333, 0.3333333333333333]"
7144,663.9384076666244,168978.5816038761,"[0.3333333333333333, 0.3333333333333333, 0.3333333333333333]"
7145,749.0877822536708,282889.2115549083,"[0.3333333333333333, 0.3333333333333333, 0.3333333333333333]"
7146,807.3049092061008,353710.1184348203,"[0.3333333333333333, 0.3333333333333333, 0.3333333333333333]"
7147,902.2818891139839,634278.0709730375,"[0.3333333333333333, 0.3333333333333333, 0.3333333333333333]"
7148,752.699923354298,496559.0794762774,"[0.3333333333333333, 0.3333333333333333, 0.3333333333333333]"
7149,333.5732752486509,552087.8855209935,"[0.3333333333333333, 0.3333333333333333, 0.3333333333333333]"
7150,127.28866083315444,171598.82950333506,"[0.3333333333333333, 0.3333333333333333, 0.3333333333333333]"
7151,988.1344422795165,447148.2310104557,"[0.3333333333333333, 0.3333333333333333, 0.3333333333333333]"
7152,935.8058673006277,774012.0667541138,"[0.3333333333333333, 0.3333333333333333, 0.3333333333333333]"
7153,562.9949419432411,137286.67505487957,"[0.3333333333333333, 0.3333333333333333, 0.3333333333333333]"
7154,296.78849424099184,309589.4929546475,"[0.3333333333333333, 0.3333333333333333, 0.3333333333333333]"
7155,744.5836831996247,668145.1815693581,"[0.3333333333333333, 0.3333333333333333, 0.3333333333333333]"
7156,880.171434869646,107394.97951278515,"[0.3333333333333333, 0.3333333333333333, 0.3333333333333333]"
7157,676.9566245457808,360813.1846446622,"[0.3333333333333333, 0.3333333333333333, 0.3333333333333333]"
7158,889.0512358892405,885640.6206580464,"[0.3333333333333333, 0.3333333333333333, 0.3333333333333333]"
7159,88.53778468320142,649989.9391543926,"[0.3333333333333333, 0.3333333333333333, 0.3333333333333333]"
7160,272.5119570498124,605068.6535015019,"[0.3333333333333333, 0.3333333333333333, 0.3333333333333333]"
7161,882.6105760692956,601876.7053483354,"[0.3333333333333333, 0.3333333333333333, 0.3333333333333333]"
7162,332.67875484616064,631843.9591044525,"[0.3333333333333333, 0.3333333333333333, 0.3333333333333333]"
7163,905.2557816101846,570331.2886897721,"[0.3333333333333333, 0.3333333333333333, 0.3333333333333333]"
7164,192.19662840799475,229705.56743667636,"[0.3333333333333333, 0.3333333333333333, 0.3333333333333333]"
7165,762.0144235189761,813020.0305979087,"[0.3333333333333333, 0.3333333333333333, 0.3333333333333333]"
7166,578.399401514508,848050.9203212792,"[0.3333333333333333, 0.3333333333333333, 0.3333333333333333]"
7167,789.8721460376671,182292.3832114715,"[0.3333333333333333, 0.3333333333333333, 0.3333333333333333]"
7168,623.2913097373737,977327.5852267743,"[0.3333333333333333, 0.3333333333333333, 0.3333333333333333]"
7169,366.2267683372005,446173.5797555087,"[0.3333333333333333, 0.3333333333333333, 0.3333333333333333]"
7170,780.5486794821337,878651.2152412626,"[0.3333333333333333, 0.3333333333333333, 0.3333333333333333]"
7171,861.7902760981846,301149.3742463263,"[0.3333333333333333, 0.3333333333333333, 0.3333333333333333]"
7172,985.8094345449595,476278.1933466625,"[0.3333333333333333, 0.3333333333333333, 0.3333333333333333]"
7173,962.6855276786979,364677.1214802568,"[0.3333333333333333, 0.3333333333333333, 0.3333333333333333]"
7174,986.1352925868764,524507.5827668889,"[0.3333333333333333, 0.3333333333333333, 0.3333333333333333]"
7175,286.8715469032372,739622.3621559117,"[0.3333333333333333, 0.3333333333333333, 0.3333333333333333]"
7176,393.1495431499581,453012.50131092255,"[0.3333333333333333, 0.3333333333333333, 0.3333333333333333]"
7177,852.8735296711579,605718.4817099143,"[0.3333333333333333, 0.3333333333333333, 0.3333333333333333]"
7178,173.6147168181073,747876.347098133,"[0.3333333333333333, 0.3333333333333333, 0.3333333333333333]"
7179,965.5712775995178,550041.0367261709,"[0.3333333333333333, 0.3333333333333333, 0.3333333333333333]"
7180,568.5010382170593,508450.95028225257,"[0.3333333333333333, 0.3333333333333333, 0.3333333333333333]"
7181,13.648683588297875,421587.4107081225,"[0.3333333333333333, 0.3333333333333333, 0.3333333333333333]"
7182,695.5495355244576,103020.44183650099,"[0.3333333333333333, 0.3333333333333333, 0.3333333333333333]"
7183,266.29320031621114,361552.285214807,"[0.3333333333333333, 0.3333333333333333, 0.3333333333333333]"
7184,555.9458611590704,447375.0938980389,"[0.3333333333333333, 0.3333333333333333, 0.3333333333333333]"
7185,966.8912676272727,415593.5718978895,"[0.3333333333333333, 0.3333333333333333, 0.3333333333333333]"
7186,742.736387230629,830519.0182536584,"[0.3333333333333333, 0.3333333333333333, 0.3333333333333333]"
7187,511.6913954475761,851536.9483244837,"[0.3333333333333333, 0.3333333333333333, 0.3333333333333333]"
7188,76.71087310518656,435989.8029180076,"[0.3333333333333333, 0.3333333333333333, 0.3333333333333333]"
7189,210.01774240041536,120456.14621412683,"[0.3333333333333333, 0.3333333333333333, 0.3333333333333333]"
7190,239.74319205411877,782861.3711461707,"[0.3333333333333333, 0.3333333333333333, 0.3333333333333333]"
7191,552.7993373086562,998332.4808221988,"[0.3333333333333333, 0.3333333333333333, 0.3333333333333333]"
7192,770.9722271550826,929140.1152435135,"[0.3333333333333333, 0.3333333333333333, 0.3333333333333333]"
7193,524.7429771618056,910624.5540854385,"[0.3333333333333333, 0.3333333333333333, 0.3333333333333333]"
7194,223.41901046559795,699745.7358894096,"[0.3333333333333333, 0.3333333333333333, 0.3333333333333333]"
7195,327.19889310511826,421921.7244951954,"[0.3333333333333333, 0.3333333333333333, 0.3333333333333333]"
7196,471.8686620302355,774359.6076491122,"[0.3333333333333333, 0.3333333333333333, 0.3333333333333333]"
7197,232.05471515504098,988605.1226454899,"[0.3333333333333333, 0.3333333333333333, 0.3333333333333333]"
7198,229.3190984367156,875569.440045474,"[0.3333333333333333, 0.3333333333333333, 0.3333333333333333]"
7199,928.4402018417793,832790.7666829766,"[0.3333333333333333, 0.3333333333333333, 0.3333333333333333]"
7200,119.79459736655994,905553.2165666531,"[0.3333333333333333, 0.3333333333333333, 0.3333333333333333]"
7201,773.3339810509801,559465.9792530222,"[0.3333333333333333, 0.3333333333333333, 0.3333333333333333]"
7202,48.80552839833542,599201.9743487369,"[0.3333333333333333, 0.3333333333333333, 0.3333333333333333]"
7203,808.3720153870657,686700.2880441374,"[0.3333333333333333, 0.3333333333333333, 0.3333333333333333]"
7204,393.3055976600769,714332.4625458544,"[0.3333333333333333, 0.3333333333333333, 0.3333333333333333]"
7205,206.46651502372438,441232.8077663896,"[0.3333333333333333, 0.3333333333333333, 0.3333333333333333]"
7206,864.2689312785391,917504.711509004,"[0.3333333333333333, 0.3333333333333333, 0.3333333333333333]"
7207,888.7554568662966,221953.59277551246,"[0.3333333333333333, 0.3333333333333333, 0.3333333333333333]"
7208,990.3192864752817,749244.4930803562,"[0.3333333333333333, 0.3333333333333333, 0.3333333333333333]"
7209,752.91110881746,438459.34396740946,"[0.3333333333333333, 0.3333333333333333, 0.3333333333333333]"
7210,449.6608414118143,112033.8776228341,"[0.3333333333333333, 0.3333333333333333, 0.3333333333333333]"
7211,160.92291895285766,536718.6395531802,"[0.3333333333333333, 0.3333333333333333, 0.3333333333333333]"
7212,203.76033571390724,162934.3730682694,"[0.3333333333333333, 0.3333333333333333, 0.3333333333333333]"
7213,125.10875925980791,826342.7909714238,"[0.3333333333333333, 0.3333333333333333, 0.3333333333333333]"
7214,444.4713414488105,160148.56655473268,"[0.3333333333333333, 0.3333333333333333, 0.3333333333333333]"
7215,374.7553182027925,838798.3897487149,"[0.3333333333333333, 0.3333333333333333, 0.3333333333333333]"
7216,545.7409281810206,517933.53530854516,"[0.3333333333333333, 0.3333333333333333, 0.3333333333333333]"
7217,411.8498725717421,839587.0435069817,"[0.3333333333333333, 0.3333333333333333, 0.3333333333333333]"
7218,189.15952005358002,345844.0388649751,"[0.3333333333333333, 0.3333333333333333, 0.3333333333333333]"
7219,935.55827868769,241801.89940256195,"[0.3333333333333333, 0.3333333333333333, 0.3333333333333333]"
7220,510.1841801749323,404687.1996428621,"[0.3333333333333333, 0.3333333333333333, 0.3333333333333333]"
7221,143.85980407659883,287856.41908074426,"[0.3333333333333333, 0.3333333333333333, 0.3333333333333333]"
7222,382.1012234980455,400646.25473001954,"[0.3333333333333333, 0.3333333333333333, 0.3333333333333333]"
7223,235.36498441291528,912860.0084968784,"[0.3333333333333333, 0.3333333333333333, 0.3333333333333333]"
7224,515.0441170560664,600876.0943577415,"[0.3333333333333333, 0.3333333333333333, 0.3333333333333333]"
7225,450.80832436491573,480990.97239075485,"[0.3333333333333333, 0.3333333333333333, 0.3333333333333333]"
7226,103.20897544672606,978368.5505947799,"[0.3333333333333333, 0.3333333333333333, 0.3333333333333333]"
7227,498.88369127578665,572334.7791412316,"[0.3333333333333333, 0.3333333333333333, 0.3333333333333333]"
7228,716.8189203951235,562254.0829709776,"[0.3333333333333333, 0.3333333333333333, 0.3333333333333333]"
7229,998.0396154871022,474579.9269064343,"[0.3333333333333333, 0.3333333333333333, 0.3333333333333333]"
7230,59.84399544134106,551794.007554121,"[0.3333333333333333, 0.3333333333333333, 0.3333333333333333]"
7231,58.089729122510754,424621.5257898495,"[0.3333333333333333, 0.3333333333333333, 0.3333333333333333]"
7232,346.5272438689866,911573.3883694307,"[0.3333333333333333, 0.3333333333333333, 0.3333333333333333]"
7233,662.7291384591733,570723.4769517579,"[0.3333333333333333, 0.3333333333333333, 0.3333333333333333]"
7234,536.1517114181918,709251.5002335466,"[0.3333333333333333, 0.3333333333333333, 0.3333333333333333]"
7235,286.2550085025809,605449.9688270419,"[0.3333333333333333, 0.3333333333333333, 0.3333333333333333]"
7236,75.18189808822363,428227.6303229865,"[0.3333333333333333, 0.3333333333333333, 0.3333333333333333]"
7237,827.7040335086699,161102.42087877146,"[0.3333333333333333, 0.3333333333333333, 0.3333333333333333]"
7238,308.3143471220229,960988.5760724815,"[0.3333333333333333, 0.3333333333333333, 0.3333333333333333]"
7239,445.1124798588398,310179.10414938245,"[0.3333333333333333, 0.3333333333333333, 0.3333333333333333]"
7240,769.4421373748236,389896.3298877412,"[0.3333333333333333, 0.3333333333333333, 0.3333333333333333]"
7241,162.2997606583615,320781.0045542766,"[0.3333333333333333, 0.3333333333333333, 0.3333333333333333]"
7242,110.25666414238597,906001.6469443311,"[0.3333333333333333, 0.3333333333333333, 0.3333333333333333]"
7243,489.6012770460826,285994.8397073444,"[0.3333333333333333, 0.3333333333333333, 0.3333333333333333]"
7244,960.0365032863308,767802.4814381916,"[0.3333333333333333, 0.3333333333333333, 0.3333333333333333]"
7245,691.3479095376455,407100.5931568599,"[0.3333333333333333, 0.3333333333333333, 0.3333333333333333]"
7246,903.1076164468135,170093.45250384347,"[0.3333333333333333, 0.3333333333333333, 0.3333333333333333]"
7247,776.5179448377268,103228.85085680008,"[0.3333333333333333, 0.3333333333333333, 0.3333333333333333]"
7248,824.6994909024642,467066.4916016571,"[0.3333333333333333, 0.3333333333333333, 0.3333333333333333]"
7249,161.05202624601395,651953.9460939466,"[0.3333333333333333, 0.3333333333333333, 0.3333333333333333]"
7250,99.25436028069065,709102.4903467101,"[0.3333333333333333, 0.3333333333333333, 0.3333333333333333]"
7251,466.34546325667463,312903.69485999004,"[0.3333333333333333, 0.3333333333333333, 0.3333333333333333]"
7252,771.5272759566848,211977.98467290378,"[0.3333333333333333, 0.3333333333333333, 0.3333333333333333]"
7253,906.4993829138964,614184.150736076,"[0.3333333333333333, 0.3333333333333333, 0.3333333333333333]"
7254,338.2801600238026,436800.31111870793,"[0.3333333333333333, 0.3333333333333333, 0.3333333333333333]"
7255,541.2172552835041,216841.78131576593,"[0.3333333333333333, 0.3333333333333333, 0.3333333333333333]"
7256,843.9101090101665,800332.3809260943,"[0.3333333333333333, 0.3333333333333333, 0.3333333333333333]"
7257,987.9375842240491,943658.3092675403,"[0.3333333333333333, 0.3333333333333333, 0.3333333333333333]"
7258,118.43349282394855,729470.8008959618,"[0.3333333333333333, 0.3333333333333333, 0.3333333333333333]"
7259,93.5948485018991,433270.8459335262,"[0.3333333333333333, 0.3333333333333333, 0.3333333333333333]"
7260,565.3326040943706,948118.7722648329,"[0.3333333333333333, 0.3333333333333333, 0.3333333333333333]"
7261,272.56611774243345,467512.1513554947,"[0.3333333333333333, 0.3333333333333333, 0.3333333333333333]"
7262,766.2017264175319,917603.0432183634,"[0.3333333333333333, 0.3333333333333333, 0.3333333333333333]"
7263,731.6071938326065,409245.923494279,"[0.3333333333333333, 0.3333333333333333, 0.3333333333333333]"
7264,16.80199108895165,882763.3831284516,"[0.3333333333333333, 0.3333333333333333, 0.3333333333333333]"
7265,561.5878548829829,361563.51130913803,"[0.3333333333333333, 0.3333333333333333, 0.3333333333333333]"
7266,697.6918813241198,178214.36006133514,"[0.3333333333333333, 0.3333333333333333, 0.3333333333333333]"
7267,185.1558209123612,876104.0719213256,"[0.3333333333333333, 0.3333333333333333, 0.3333333333333333]"
7268,469.58563782909687,653797.9759315582,"[0.3333333333333333, 0.3333333333333333, 0.3333333333333333]"
7269,734.3081922658173,955515.6276100987,"[0.3333333333333333, 0.3333333333333333, 0.3333333333333333]"
7270,748.5324671217966,567832.4189886858,"[0.3333333333333333, 0.3333333333333333, 0.3333333333333333]"
7271,77.54162339096007,194834.53435305008,"[0.3333333333333333, 0.3333333333333333, 0.3333333333333333]"
7272,554.7451259849195,480818.7263923907,"[0.3333333333333333, 0.3333333333333333, 0.3333333333333333]"
7273,610.7184860382696,635758.9957571259,"[0.3333333333333333, 0.3333333333333333, 0.3333333333333333]"
7274,893.2647517518268,240701.1789125219,"[0.3333333333333333, 0.3333333333333333, 0.3333333333333333]"
7275,445.4304712361281,476085.56712535763,"[0.3333333333333333, 0.3333333333333333, 0.3333333333333333]"
7276,448.6321211374653,661247.0682893705,"[0.3333333333333333, 0.3333333333333333, 0.3333333333333333]"
7277,635.303652070664,285335.61129312805,"[0.3333333333333333, 0.3333333333333333, 0.3333333333333333]"
7278,301.1246545128723,881668.1484306982,"[0.3333333333333333, 0.3333333333333333, 0.3333333333333333]"
7279,878.2761192687609,180089.94165692135,"[0.3333333333333333, 0.3333333333333333, 0.3333333333333333]"
7280,401.8170928067349,671785.2631332144,"[0.3333333333333333, 0.3333333333333333, 0.3333333333333333]"
7281,370.3518619265029,578099.0820640184,"[0.3333333333333333, 0.3333333333333333, 0.3333333333333333]"
7282,699.3836824682608,854630.5592885688,"[0.3333333333333333, 0.3333333333333333, 0.3333333333333333]"
7283,280.986956171963,663042.9120022826,"[0.3333333333333333, 0.3333333333333333, 0.3333333333333333]"
7284,406.04251304786266,156453.585193472,"[0.3333333333333333, 0.3333333333333333, 0.3333333333333333]"
7285,316.99635220510027,152484.16557041748,"[0.3333333333333333, 0.3333333333333333, 0.3333333333333333]"
7286,404.64045492593897,604784.5915227567,"[0.3333333333333333, 0.3333333333333333, 0.3333333333333333]"
7287,264.84587637981184,630743.7195763863,"[0.3333333333333333, 0.3333333333333333, 0.3333333333333333]"
7288,318.07987744411224,286437.80861983227,"[0.3333333333333333, 0.3333333333333333, 0.3333333333333333]"
7289,748.2462362007782,269064.2335816738,"[0.3333333333333333, 0.3333333333333333, 0.3333333333333333]"
7290,583.2699726815285,911550.6418107805,"[0.3333333333333333, 0.3333333333333333, 0.3333333333333333]"
7291,830.7205228454383,954712.9309315301,"[0.3333333333333333, 0.3333333333333333, 0.3333333333333333]"
7292,736.9703443335119,664825.1605931966,"[0.3333333333333333, 0.3333333333333333, 0.3333333333333333]"
7293,472.8244660623159,814329.4274057916,"[0.3333333333333333, 0.3333333333333333, 0.3333333333333333]"
7294,909.1154876748565,175724.07814066182,"[0.3333333333333333, 0.3333333333333333, 0.3333333333333333]"
7295,620.8058177657157,338126.34093740385,"[0.3333333333333333, 0.3333333333333333, 0.3333333333333333]"
7296,308.7486737287317,910737.8363458107,"[0.3333333333333333, 0.3333333333333333, 0.3333333333333333]"
7297,556.2115865504898,616550.7314050366,"[0.3333333333333333, 0.3333333333333333, 0.3333333333333333]"
7298,888.3340417814344,648156.3125672713,"[0.3333333333333333, 0.3333333333333333, 0.3333333333333333]"
7299,956.4707774694926,813892.9795002402,"[0.3333333333333333, 0.3333333333333333, 0.3333333333333333]"
7300,644.2476428302142,913068.2815419491,"[0.3333333333333333, 0.3333333333333333, 0.3333333333333333]"
7301,429.18490325841077,915468.370003955,"[0.3333333333333333, 0.3333333333333333, 0.3333333333333333]"
7302,269.9193722722995,894805.121826519,"[0.3333333333333333, 0.3333333333333333, 0.3333333333333333]"
7303,421.80926631652954,799765.3389514509,"[0.3333333333333333, 0.3333333333333333, 0.3333333333333333]"
7304,973.1653806875998,873646.1443954039,"[0.3333333333333333, 0.3333333333333333, 0.3333333333333333]"
7305,990.5403342483409,243121.33034493256,"[0.3333333333333333, 0.3333333333333333, 0.3333333333333333]"
7306,510.24279696968887,332901.47180228226,"[0.3333333333333333, 0.3333333333333333, 0.3333333333333333]"
7307,855.9394293767565,442269.4855029326,"[0.3333333333333333, 0.3333333333333333, 0.3333333333333333]"
7308,177.95053424922725,834603.0136817794,"[0.3333333333333333, 0.3333333333333333, 0.3333333333333333]"
7309,631.2367414624882,553114.4403719949,"[0.3333333333333333, 0.3333333333333333, 0.3333333333333333]"
7310,267.12288430517486,667846.9211013753,"[0.3333333333333333, 0.3333333333333333, 0.3333333333333333]"
7311,932.7403500874254,967318.8545326306,"[0.3333333333333333, 0.3333333333333333, 0.3333333333333333]"
7312,713.7283608765285,244399.66468279174,"[0.3333333333333333, 0.3333333333333333, 0.3333333333333333]"
7313,87.00881308098104,336638.487196503,"[0.3333333333333333, 0.3333333333333333, 0.3333333333333333]"
7314,71.52921481548472,842910.029263496,"[0.3333333333333333, 0.3333333333333333, 0.3333333333333333]"
7315,503.4945522047441,581892.2308115042,"[0.3333333333333333, 0.3333333333333333, 0.3333333333333333]"
7316,151.53490584101615,271329.16847781884,"[0.3333333333333333, 0.3333333333333333, 0.3333333333333333]"
7317,594.0911404144775,592877.9270899189,"[0.3333333333333333, 0.3333333333333333, 0.3333333333333333]"
7318,83.93140873846836,487805.6426895867,"[0.3333333333333333, 0.3333333333333333, 0.3333333333333333]"
7319,787.0084171130802,118816.73610345705,"[0.3333333333333333, 0.3333333333333333, 0.3333333333333333]"
7320,442.52602718166486,700747.3946673599,"[0.3333333333333333, 0.3333333333333333, 0.3333333333333333]"
7321,521.8810029109088,523967.03844582284,"[0.3333333333333333, 0.3333333333333333, 0.3333333333333333]"
7322,436.7043835794869,228574.86435748168,"[0.3333333333333333, 0.3333333333333333, 0.3333333333333333]"
7323,720.1009349230932,616438.9985316463,"[0.3333333333333333, 0.3333333333333333, 0.3333333333333333]"
7324,418.61315876824216,808128.700248784,"[0.3333333333333333, 0.3333333333333333, 0.3333333333333333]"
7325,575.4044465136315,312996.76293304615,"[0.3333333333333333, 0.3333333333333333, 0.3333333333333333]"
7326,600.2447515367526,960944.2298964269,"[0.3333333333333333, 0.3333333333333333, 0.3333333333333333]"
7327,427.43056649411255,791190.0123221851,"[0.3333333333333333, 0.3333333333333333, 0.3333333333333333]"
7328,798.2429149028035,857257.5935681942,"[0.3333333333333333, 0.3333333333333333, 0.3333333333333333]"
7329,317.2012242093827,762514.6393639302,"[0.3333333333333333, 0.3333333333333333, 0.3333333333333333]"
7330,931.5466772412326,814031.2746951317,"[0.3333333333333333, 0.3333333333333333, 0.3333333333333333]"
7331,843.3916211982448,539831.897864494,"[0.3333333333333333, 0.3333333333333333, 0.3333333333333333]"
7332,155.52921962389243,924307.7872327217,"[0.3333333333333333, 0.3333333333333333, 0.3333333333333333]"
7333,279.46861791827143,880499.4554893448,"[0.3333333333333333, 0.3333333333333333, 0.3333333333333333]"
7334,414.91063873858155,787243.4660895632,"[0.3333333333333333, 0.3333333333333333, 0.3333333333333333]"
7335,812.329284732675,482569.06347549194,"[0.3333333333333333, 0.3333333333333333, 0.3333333333333333]"
7336,342.3345280878712,859833.0130058812,"[0.3333333333333333, 0.3333333333333333, 0.3333333333333333]"
7337,953.61352587219,225575.7425846815,"[0.3333333333333333, 0.3333333333333333, 0.3333333333333333]"
7338,463.38841634045804,361907.1669368567,"[0.3333333333333333, 0.3333333333333333, 0.3333333333333333]"
7339,701.8332866068895,307616.19885492435,"[0.3333333333333333, 0.3333333333333333, 0.3333333333333333]"
7340,280.5334550557267,457512.94320334366,"[0.3333333333333333, 0.3333333333333333, 0.3333333333333333]"
7341,116.72491840401969,896748.3570747453,"[0.3333333333333333, 0.3333333333333333, 0.3333333333333333]"
7342,864.5214149333676,431644.9813122274,"[0.3333333333333333, 0.3333333333333333, 0.3333333333333333]"
7343,544.0902667559195,766743.466445253,"[0.3333333333333333, 0.3333333333333333, 0.3333333333333333]"
7344,880.5842189170892,637009.6604316648,"[0.3333333333333333, 0.3333333333333333, 0.3333333333333333]"
7345,376.8799835380658,885875.0549474267,"[0.3333333333333333, 0.3333333333333333, 0.3333333333333333]"
7346,902.8028246645302,315846.673118997,"[0.3333333333333333, 0.3333333333333333, 0.3333333333333333]"
7347,617.9595113909095,902719.9936273092,"[0.3333333333333333, 0.3333333333333333, 0.3333333333333333]"
7348,528.6768485212582,900338.8858324402,"[0.3333333333333333, 0.3333333333333333, 0.3333333333333333]"
7349,950.2364143171836,748602.8618327387,"[0.3333333333333333, 0.3333333333333333, 0.3333333333333333]"
7350,75.8657846170918,989961.3915425615,"[0.3333333333333333, 0.3333333333333333, 0.3333333333333333]"
7351,161.7763418875627,513424.7622678839,"[0.3333333333333333, 0.3333333333333333, 0.3333333333333333]"
7352,754.3623214165458,163579.8883062811,"[0.3333333333333333, 0.3333333333333333, 0.3333333333333333]"
7353,109.2851959495793,390101.44442987995,"[0.3333333333333333, 0.3333333333333333, 0.3333333333333333]"
7354,530.693692959202,108437.58593863483,"[0.3333333333333333, 0.3333333333333333, 0.3333333333333333]"
7355,989.8391122289985,196541.89699521757,"[0.3333333333333333, 0.3333333333333333, 0.3333333333333333]"
7356,62.661728879262824,447549.93148615817,"[0.3333333333333333, 0.3333333333333333, 0.3333333333333333]"
7357,835.1881676638968,637966.938538461,"[0.3333333333333333, 0.3333333333333333, 0.3333333333333333]"
7358,481.89972695014137,582475.3627614896,"[0.3333333333333333, 0.3333333333333333, 0.3333333333333333]"
7359,160.75204885571134,773699.8311938209,"[0.3333333333333333, 0.3333333333333333, 0.3333333333333333]"
7360,303.6834619085891,400819.37761990767,"[0.3333333333333333, 0.3333333333333333, 0.3333333333333333]"
7361,636.1943532312002,297858.01663995406,"[0.3333333333333333, 0.3333333333333333, 0.3333333333333333]"
7362,987.106879156315,112080.31303767148,"[0.3333333333333333, 0.3333333333333333, 0.3333333333333333]"
7363,743.888859031928,431652.94414859725,"[0.3333333333333333, 0.3333333333333333, 0.3333333333333333]"
7364,595.0634191040416,699375.2552048304,"[0.3333333333333333, 0.3333333333333333, 0.3333333333333333]"
7365,429.08890934968105,806306.811595701,"[0.3333333333333333, 0.3333333333333333, 0.3333333333333333]"
7366,28.848969730048648,913967.3951327248,"[0.3333333333333333, 0.3333333333333333, 0.3333333333333333]"
7367,397.65134352162636,985799.6128976744,"[0.3333333333333333, 0.3333333333333333, 0.3333333333333333]"
7368,441.9607317846284,723903.8058510701,"[0.3333333333333333, 0.3333333333333333, 0.3333333333333333]"
7369,730.6651268935259,164607.21122962827,"[0.3333333333333333, 0.3333333333333333, 0.3333333333333333]"
7370,277.10813204240344,352583.5343088913,"[0.3333333333333333, 0.3333333333333333, 0.3333333333333333]"
7371,81.71534620154074,377044.9890878412,"[0.3333333333333333, 0.3333333333333333, 0.3333333333333333]"
7372,738.9147097443285,995490.6688849162,"[0.3333333333333333, 0.3333333333333333, 0.3333333333333333]"
7373,845.4721396879243,288035.7003865045,"[0.3333333333333333, 0.3333333333333333, 0.3333333333333333]"
7374,809.3848201867945,551257.7200259413,"[0.3333333333333333, 0.3333333333333333, 0.3333333333333333]"
7375,40.08797093037794,596875.0592829937,"[0.3333333333333333, 0.3333333333333333, 0.3333333333333333]"
7376,972.0473496488643,267715.9973651046,"[0.3333333333333333, 0.3333333333333333, 0.3333333333333333]"
7377,604.1930990970549,299408.8544619535,"[0.3333333333333333, 0.3333333333333333, 0.3333333333333333]"
7378,714.0843194937893,678860.3568041634,"[0.3333333333333333, 0.3333333333333333, 0.3333333333333333]"
7379,627.0298453656434,525278.0193584212,"[0.3333333333333333, 0.3333333333333333, 0.3333333333333333]"
7380,976.6233942851678,371532.99767893855,"[0.3333333333333333, 0.3333333333333333, 0.3333333333333333]"
7381,683.9704739545741,443904.94792414515,"[0.3333333333333333, 0.3333333333333333, 0.3333333333333333]"
7382,482.5770351889643,258071.90190318332,"[0.3333333333333333, 0.3333333333333333, 0.3333333333333333]"
7383,405.9463988559083,395815.4954041745,"[0.3333333333333333, 0.3333333333333333, 0.3333333333333333]"
7384,50.09158202095533,514667.72194637544,"[0.3333333333333333, 0.3333333333333333, 0.3333333333333333]"
7385,250.7770922878679,266228.4282764002,"[0.3333333333333333, 0.3333333333333333, 0.3333333333333333]"
7386,431.4741334619475,399482.3601707406,"[0.3333333333333333, 0.3333333333333333, 0.3333333333333333]"
7387,764.3280692921102,532893.0596210397,"[0.3333333333333333, 0.3333333333333333, 0.3333333333333333]"
7388,438.73404997861735,553542.3281891394,"[0.3333333333333333, 0.3333333333333333, 0.3333333333333333]"
7389,661.6903481486662,217725.83336787336,"[0.3333333333333333, 0.3333333333333333, 0.3333333333333333]"
7390,782.4169833915932,179454.61664753107,"[0.3333333333333333, 0.3333333333333333, 0.3333333333333333]"
7391,524.7561035500825,342300.2518741374,"[0.3333333333333333, 0.3333333333333333, 0.3333333333333333]"
7392,878.8200987858803,705541.0542963617,"[0.3333333333333333, 0.3333333333333333, 0.3333333333333333]"
7393,345.1229145794968,374784.9126407354,"[0.3333333333333333, 0.3333333333333333, 0.3333333333333333]"
7394,927.1752479699691,351718.4162179021,"[0.3333333333333333, 0.3333333333333333, 0.3333333333333333]"
7395,565.6909710664013,615888.9946215043,"[0.3333333333333333, 0.3333333333333333, 0.3333333333333333]"
7396,966.5482009284954,835636.8706485577,"[0.3333333333333333, 0.3333333333333333, 0.3333333333333333]"
7397,97.90706268229965,742056.7240191435,"[0.3333333333333333, 0.3333333333333333, 0.3333333333333333]"
7398,644.9964319828454,292185.1802878892,"[0.3333333333333333, 0.3333333333333333, 0.3333333333333333]"
7399,705.858205452953,536588.2777561336,"[0.3333333333333333, 0.3333333333333333, 0.3333333333333333]"
7400,624.4670132242688,594902.8718320924,"[0.3333333333333333, 0.3333333333333333, 0.3333333333333333]"
7401,229.5603301220065,725882.9707342224,"[0.3333333333333333, 0.3333333333333333, 0.3333333333333333]"
7402,256.6491920775097,158606.74793127505,"[0.3333333333333333, 0.3333333333333333, 0.3333333333333333]"
7403,19.64180113354779,329313.85963228135,"[0.3333333333333333, 0.3333333333333333, 0.3333333333333333]"
7404,148.153110982282,817039.7392238639,"[0.3333333333333333, 0.3333333333333333, 0.3333333333333333]"
7405,545.4816751392937,327791.3239065693,"[0.3333333333333333, 0.3333333333333333, 0.3333333333333333]"
7406,45.91173854604332,972270.472727192,"[0.3333333333333333, 0.3333333333333333, 0.3333333333333333]"
7407,939.2260371720491,386385.3304166565,"[0.3333333333333333, 0.3333333333333333, 0.3333333333333333]"
7408,929.8607680276505,261434.78933877187,"[0.3333333333333333, 0.3333333333333333, 0.3333333333333333]"
7409,326.0898508254288,240962.91021617554,"[0.3333333333333333, 0.3333333333333333, 0.3333333333333333]"
7410,332.65228029644726,506558.9709591105,"[0.3333333333333333, 0.3333333333333333, 0.3333333333333333]"
7411,266.3994662418121,591859.3863781269,"[0.3333333333333333, 0.3333333333333333, 0.3333333333333333]"
7412,308.5968125003895,601057.37356914,"[0.3333333333333333, 0.3333333333333333, 0.3333333333333333]"
7413,145.16030417880253,302401.099470592,"[0.3333333333333333, 0.3333333333333333, 0.3333333333333333]"
7414,623.220655986223,741184.1797399548,"[0.3333333333333333, 0.3333333333333333, 0.3333333333333333]"
7415,672.1616049952019,179360.5681014539,"[0.3333333333333333, 0.3333333333333333, 0.3333333333333333]"
7416,42.13270949086629,702388.9273232167,"[0.3333333333333333, 0.3333333333333333, 0.3333333333333333]"
7417,739.8751936629302,949147.0906977145,"[0.3333333333333333, 0.3333333333333333, 0.3333333333333333]"
7418,739.1405943632827,329078.5039980989,"[0.3333333333333333, 0.3333333333333333, 0.3333333333333333]"
7419,358.5366615083243,530413.4405062728,"[0.3333333333333333, 0.3333333333333333, 0.3333333333333333]"
7420,206.24502817413335,528325.2280493838,"[0.3333333333333333, 0.3333333333333333, 0.3333333333333333]"
7421,12.101349910484892,818258.633521164,"[0.3333333333333333, 0.3333333333333333, 0.3333333333333333]"
7422,825.2816572828156,715871.425589665,"[0.3333333333333333, 0.3333333333333333, 0.3333333333333333]"
7423,841.6926822960683,512444.14887944126,"[0.3333333333333333, 0.3333333333333333, 0.3333333333333333]"
7424,704.3220787448294,178347.16104732835,"[0.3333333333333333, 0.3333333333333333, 0.3333333333333333]"
7425,43.134502550791325,418529.60917708237,"[0.3333333333333333, 0.3333333333333333, 0.3333333333333333]"
7426,148.41619718478967,576600.4093737868,"[0.3333333333333333, 0.3333333333333333, 0.3333333333333333]"
7427,629.9599503784992,169959.3077462071,"[0.3333333333333333, 0.3333333333333333, 0.3333333333333333]"
7428,731.664649783305,619612.1200982095,"[0.3333333333333333, 0.3333333333333333, 0.3333333333333333]"
7429,696.9412295180659,332300.03405229934,"[0.3333333333333333, 0.3333333333333333, 0.3333333333333333]"
7430,497.5334691273336,868871.554896466,"[0.3333333333333333, 0.3333333333333333, 0.3333333333333333]"
7431,448.67966219294505,783093.0631033956,"[0.3333333333333333, 0.3333333333333333, 0.3333333333333333]"
7432,790.1636043706509,720121.1858465814,"[0.3333333333333333, 0.3333333333333333, 0.3333333333333333]"
7433,532.5698249731715,339089.59599910653,"[0.3333333333333333, 0.3333333333333333, 0.3333333333333333]"
7434,800.3705007165578,654229.8549798824,"[0.3333333333333333, 0.3333333333333333, 0.3333333333333333]"
7435,607.9498342327478,933352.1092367752,"[0.3333333333333333, 0.3333333333333333, 0.3333333333333333]"
7436,454.0050787129661,165399.08779815864,"[0.3333333333333333, 0.3333333333333333, 0.3333333333333333]"
7437,702.1133942038728,322929.1339788902,"[0.3333333333333333, 0.3333333333333333, 0.3333333333333333]"
7438,130.72717524451286,383164.60027125414,"[0.3333333333333333, 0.3333333333333333, 0.3333333333333333]"
7439,283.98216436751954,119112.1006325511,"[0.3333333333333333, 0.3333333333333333, 0.3333333333333333]"
7440,784.0852558065687,612994.2183088321,"[0.3333333333333333, 0.3333333333333333, 0.3333333333333333]"
7441,737.0434511303175,719125.0223115438,"[0.3333333333333333, 0.3333333333333333, 0.3333333333333333]"
7442,341.16960170573185,714541.325198176,"[0.3333333333333333, 0.3333333333333333, 0.3333333333333333]"
7443,668.6584163784139,850927.7922977783,"[0.3333333333333333, 0.3333333333333333, 0.3333333333333333]"
7444,637.9470228517224,615372.3096081233,"[0.3333333333333333, 0.3333333333333333, 0.3333333333333333]"
7445,849.3473330429325,388484.73635868676,"[0.3333333333333333, 0.3333333333333333, 0.3333333333333333]"
7446,241.07412415427362,616113.523502795,"[0.3333333333333333, 0.3333333333333333, 0.3333333333333333]"
7447,544.2350105953503,528672.7711919199,"[0.3333333333333333, 0.3333333333333333, 0.3333333333333333]"
7448,171.58840285327284,571073.8630423306,"[0.3333333333333333, 0.3333333333333333, 0.3333333333333333]"
7449,874.6967339563785,662908.1510241883,"[0.3333333333333333, 0.3333333333333333, 0.3333333333333333]"
7450,747.0670930274017,282855.04666232876,"[0.3333333333333333, 0.3333333333333333, 0.3333333333333333]"
7451,72.74655196951193,941240.3402350942,"[0.3333333333333333, 0.3333333333333333, 0.3333333333333333]"
7452,162.57810949391822,914131.5898774178,"[0.3333333333333333, 0.3333333333333333, 0.3333333333333333]"
7453,301.2492209328961,352688.35120206454,"[0.3333333333333333, 0.3333333333333333, 0.3333333333333333]"
7454,699.263335077275,174952.7628613652,"[0.3333333333333333, 0.3333333333333333, 0.3333333333333333]"
7455,831.9472359527998,243938.57510021937,"[0.3333333333333333, 0.3333333333333333, 0.3333333333333333]"
7456,295.98329325061707,318428.5342549569,"[0.3333333333333333, 0.3333333333333333, 0.3333333333333333]"
7457,803.6499955489703,899005.2392596864,"[0.3333333333333333, 0.3333333333333333, 0.3333333333333333]"
7458,72.34466888189124,534596.7077247913,"[0.3333333333333333, 0.3333333333333333, 0.3333333333333333]"
7459,450.63500166347274,937898.9639133041,"[0.3333333333333333, 0.3333333333333333, 0.3333333333333333]"
7460,840.5883356183537,673666.0779435331,"[0.3333333333333333, 0.3333333333333333, 0.3333333333333333]"
7461,852.4908719297699,916718.4759152677,"[0.3333333333333333, 0.3333333333333333, 0.3333333333333333]"
7462,420.4452533038184,619662.3776106527,"[0.3333333333333333, 0.3333333333333333, 0.3333333333333333]"
7463,659.2716245356893,775414.6175032266,"[0.3333333333333333, 0.3333333333333333, 0.3333333333333333]"
7464,862.2329001975245,782150.0016667083,"[0.3333333333333333, 0.3333333333333333, 0.3333333333333333]"
7465,246.43160895281858,469539.87864906545,"[0.3333333333333333, 0.3333333333333333, 0.3333333333333333]"
7466,169.41252582771648,365806.5617351778,"[0.3333333333333333, 0.3333333333333333, 0.3333333333333333]"
7467,938.4447167499286,325553.18143441714,"[0.3333333333333333, 0.3333333333333333, 0.3333333333333333]"
7468,278.4460430007754,695698.671714395,"[0.3333333333333333, 0.3333333333333333, 0.3333333333333333]"
7469,249.01882515719998,783216.2901369849,"[0.3333333333333333, 0.3333333333333333, 0.3333333333333333]"
7470,302.3687390931094,365656.66391263914,"[0.3333333333333333, 0.3333333333333333, 0.3333333333333333]"
7471,938.353700800239,354377.0863871909,"[0.3333333333333333, 0.3333333333333333, 0.3333333333333333]"
7472,972.1408878636046,118898.36970354509,"[0.3333333333333333, 0.3333333333333333, 0.3333333333333333]"
7473,187.04957693833376,363355.11689137545,"[0.3333333333333333, 0.3333333333333333, 0.3333333333333333]"
7474,712.519812086743,256327.64342899702,"[0.3333333333333333, 0.3333333333333333, 0.3333333333333333]"
7475,123.70925416700437,945065.5798470158,"[0.3333333333333333, 0.3333333333333333, 0.3333333333333333]"
7476,73.53422280292865,368177.73864475545,"[0.3333333333333333, 0.3333333333333333, 0.3333333333333333]"
7477,57.589198881649985,196170.37956624955,"[0.3333333333333333, 0.3333333333333333, 0.3333333333333333]"
7478,143.21649025415985,857891.8137545543,"[0.3333333333333333, 0.3333333333333333, 0.3333333333333333]"
7479,565.335096732843,679627.4897469253,"[0.3333333333333333, 0.3333333333333333, 0.3333333333333333]"
7480,109.69588630519424,460194.6722506713,"[0.3333333333333333, 0.3333333333333333, 0.3333333333333333]"
7481,768.1224666875611,325246.18856485194,"[0.3333333333333333, 0.3333333333333333, 0.3333333333333333]"
7482,408.37252816661174,293022.0060068605,"[0.3333333333333333, 0.3333333333333333, 0.3333333333333333]"
7483,67.93033529343009,247054.97790267668,"[0.3333333333333333, 0.3333333333333333, 0.3333333333333333]"
7484,787.7656886063738,551059.0058013569,"[0.3333333333333333, 0.3333333333333333, 0.3333333333333333]"
7485,723.4519207137733,399192.50612761715,"[0.3333333333333333, 0.3333333333333333, 0.3333333333333333]"
7486,281.33703676319635,735064.3596862609,"[0.3333333333333333, 0.3333333333333333, 0.3333333333333333]"
7487,84.5135331204844,206658.77935197376,"[0.3333333333333333, 0.3333333333333333, 0.3333333333333333]"
7488,696.7577682475462,501379.1921014931,"[0.3333333333333333, 0.3333333333333333, 0.3333333333333333]"
7489,976.7014462999061,694901.5328641011,"[0.3333333333333333, 0.3333333333333333, 0.3333333333333333]"
7490,844.3790086197995,981721.7140677416,"[0.3333333333333333, 0.3333333333333333, 0.3333333333333333]"
7491,71.14039065679577,255087.35027944576,"[0.3333333333333333, 0.3333333333333333, 0.3333333333333333]"
7492,874.3776103062614,289990.92587512254,"[0.3333333333333333, 0.3333333333333333, 0.3333333333333333]"
7493,89.437937954906,477676.67312455043,"[0.3333333333333333, 0.3333333333333333, 0.3333333333333333]"
7494,571.8877811461771,213816.0615230541,"[0.3333333333333333, 0.3333333333333333, 0.3333333333333333]"
7495,780.1262664034256,323232.6127040212,"[0.3333333333333333, 0.3333333333333333, 0.3333333333333333]"
7496,168.72215157092865,458140.630592192,"[0.3333333333333333, 0.3333333333333333, 0.3333333333333333]"
7497,544.1956485505625,617638.82950688,"[0.3333333333333333, 0.3333333333333333, 0.3333333333333333]"
7498,546.6603272391002,140431.78492415277,"[0.3333333333333333, 0.3333333333333333, 0.3333333333333333]"
7499,263.873449968758,132513.7359421553,"[0.3333333333333333, 0.3333333333333333, 0.3333333333333333]"
7500,465.6523524161632,386252.1635869247,"[0.3333333333333333, 0.3333333333333333, 0.3333333333333333]"
7501,447.916807800939,977118.4436883939,"[0.3333333333333333, 0.3333333333333333, 0.3333333333333333]"
7502,831.8831266682101,624751.1588259931,"[0.3333333333333333, 0.3333333333333333, 0.3333333333333333]"
7503,382.3975738637026,704282.0489745593,"[0.3333333333333333, 0.3333333333333333, 0.3333333333333333]"
7504,865.1610327222369,291134.4022273555,"[0.3333333333333333, 0.3333333333333333, 0.3333333333333333]"
7505,596.3792528096488,405565.28913702304,"[0.3333333333333333, 0.3333333333333333, 0.3333333333333333]"
7506,385.2822922399648,177863.15453997493,"[0.3333333333333333, 0.3333333333333333, 0.3333333333333333]"
7507,392.741649938962,801387.8706128909,"[0.3333333333333333, 0.3333333333333333, 0.3333333333333333]"
7508,249.1600429162982,265522.00158214336,"[0.3333333333333333, 0.3333333333333333, 0.3333333333333333]"
7509,772.2539888770933,490013.4369515779,"[0.3333333333333333, 0.3333333333333333, 0.3333333333333333]"
7510,887.4320757477551,333907.19129412575,"[0.3333333333333333, 0.3333333333333333, 0.3333333333333333]"
7511,909.429840928928,835855.2951492018,"[0.3333333333333333, 0.3333333333333333, 0.3333333333333333]"
7512,276.522884833803,331878.9385854559,"[0.3333333333333333, 0.3333333333333333, 0.3333333333333333]"
7513,563.0419974294971,366554.28589855117,"[0.3333333333333333, 0.3333333333333333, 0.3333333333333333]"
7514,958.1376354307141,497446.38112155924,"[0.3333333333333333, 0.3333333333333333, 0.3333333333333333]"
7515,792.5380189229707,781699.1582615759,"[0.3333333333333333, 0.3333333333333333, 0.3333333333333333]"
7516,30.052001538753135,461161.80497466243,"[0.3333333333333333, 0.3333333333333333, 0.3333333333333333]"
7517,468.79636099306884,547987.7960290916,"[0.3333333333333333, 0.3333333333333333, 0.3333333333333333]"
7518,711.2286016680048,648597.2347000939,"[0.3333333333333333, 0.3333333333333333, 0.3333333333333333]"
7519,682.5975308431491,261883.70606929652,"[0.3333333333333333, 0.3333333333333333, 0.3333333333333333]"
7520,702.3087257576308,934903.4579192356,"[0.3333333333333333, 0.3333333333333333, 0.3333333333333333]"
7521,131.6086995464763,507745.36827438377,"[0.3333333333333333, 0.3333333333333333, 0.3333333333333333]"
7522,204.48157829425568,895221.4882348274,"[0.3333333333333333, 0.3333333333333333, 0.3333333333333333]"
7523,437.5170478672862,577410.9350102509,"[0.3333333333333333, 0.3333333333333333, 0.3333333333333333]"
7524,634.3164787071007,947744.6511868511,"[0.3333333333333333, 0.3333333333333333, 0.3333333333333333]"
7525,754.7064772885059,318492.4201920541,"[0.3333333333333333, 0.3333333333333333, 0.3333333333333333]"
7526,563.7540325031333,974518.551603448,"[0.3333333333333333, 0.3333333333333333, 0.3333333333333333]"
7527,713.9809749253282,873362.0460729859,"[0.3333333333333333, 0.3333333333333333, 0.3333333333333333]"
7528,174.06568644196207,793157.2079484635,"[0.3333333333333333, 0.3333333333333333, 0.3333333333333333]"
7529,876.2151598627921,455602.96054260165,"[0.3333333333333333, 0.3333333333333333, 0.3333333333333333]"
7530,620.8837634970506,426317.22929605015,"[0.3333333333333333, 0.3333333333333333, 0.3333333333333333]"
7531,776.148049566682,336644.9694129996,"[0.3333333333333333, 0.3333333333333333, 0.3333333333333333]"
7532,819.211831572277,789470.2534241588,"[0.3333333333333333, 0.3333333333333333, 0.3333333333333333]"
7533,920.0985859930545,151415.20459861524,"[0.3333333333333333, 0.3333333333333333, 0.3333333333333333]"
7534,79.21262447221103,444587.3957315393,"[0.3333333333333333, 0.3333333333333333, 0.3333333333333333]"
7535,537.5311125034699,587501.9746596974,"[0.3333333333333333, 0.3333333333333333, 0.3333333333333333]"
7536,41.727509069996565,458854.63223705254,"[0.3333333333333333, 0.3333333333333333, 0.3333333333333333]"
7537,746.0396050178796,531413.5961146471,"[0.3333333333333333, 0.3333333333333333, 0.3333333333333333]"
7538,683.0446044447834,441873.9553279359,"[0.3333333333333333, 0.3333333333333333, 0.3333333333333333]"
7539,274.09156663024,328915.4654979225,"[0.3333333333333333, 0.3333333333333333, 0.3333333333333333]"
7540,630.6778569795019,480674.09971171233,"[0.3333333333333333, 0.3333333333333333, 0.3333333333333333]"
7541,593.3588708621252,307849.6684987515,"[0.3333333333333333, 0.3333333333333333, 0.3333333333333333]"
7542,488.6773412402385,477428.75606904464,"[0.3333333333333333, 0.3333333333333333, 0.3333333333333333]"
7543,697.5255001927233,843071.70745279,"[0.3333333333333333, 0.3333333333333333, 0.3333333333333333]"
7544,347.21644382822353,338254.53763473895,"[0.3333333333333333, 0.3333333333333333, 0.3333333333333333]"
7545,934.6816407792495,612866.0058776943,"[0.3333333333333333, 0.3333333333333333, 0.3333333333333333]"
7546,260.23807356707806,455234.34629388223,"[0.3333333333333333, 0.3333333333333333, 0.3333333333333333]"
7547,614.2356300558835,345434.828225816,"[0.3333333333333333, 0.3333333333333333, 0.3333333333333333]"
7548,303.7438890886347,798888.4727770467,"[0.3333333333333333, 0.3333333333333333, 0.3333333333333333]"
7549,405.6489847241108,247537.62530805045,"[0.3333333333333333, 0.3333333333333333, 0.3333333333333333]"
7550,202.59884631208345,818842.0097884753,"[0.3333333333333333, 0.3333333333333333, 0.3333333333333333]"
7551,572.7681417947755,596199.6384004465,"[0.3333333333333333, 0.3333333333333333, 0.3333333333333333]"
7552,636.6055282092084,313607.63741680625,"[0.3333333333333333, 0.3333333333333333, 0.3333333333333333]"
7553,496.43024737575195,322863.76448556886,"[0.3333333333333333, 0.3333333333333333, 0.3333333333333333]"
7554,452.3260891848125,162077.660095723,"[0.3333333333333333, 0.3333333333333333, 0.3333333333333333]"
7555,619.5310844216125,810580.2533952425,"[0.3333333333333333, 0.3333333333333333, 0.3333333333333333]"
7556,978.2438503382424,438870.25769142126,"[0.3333333333333333, 0.3333333333333333, 0.3333333333333333]"
7557,221.57529268494494,605422.7008744341,"[0.3333333333333333, 0.3333333333333333, 0.3333333333333333]"
7558,564.3828692512042,384239.0641953856,"[0.3333333333333333, 0.3333333333333333, 0.3333333333333333]"
7559,972.7899748703659,331257.3730272331,"[0.3333333333333333, 0.3333333333333333, 0.3333333333333333]"
7560,692.0070861492774,467057.9466862037,"[0.3333333333333333, 0.3333333333333333, 0.3333333333333333]"
7561,292.29835715473143,862528.2884884893,"[0.3333333333333333, 0.3333333333333333, 0.3333333333333333]"
7562,533.858225105221,927776.8493442836,"[0.3333333333333333, 0.3333333333333333, 0.3333333333333333]"
7563,458.7074050632703,172707.6608127821,"[0.3333333333333333, 0.3333333333333333, 0.3333333333333333]"
7564,346.6422994541227,461773.2237513451,"[0.3333333333333333, 0.3333333333333333, 0.3333333333333333]"
7565,590.2413337675323,470912.05692191725,"[0.3333333333333333, 0.3333333333333333, 0.3333333333333333]"
7566,485.39368298268005,411884.2187650848,"[0.3333333333333333, 0.3333333333333333, 0.3333333333333333]"
7567,827.2047834578492,765673.7719416723,"[0.3333333333333333, 0.3333333333333333, 0.3333333333333333]"
7568,214.89230821427574,662268.2165029135,"[0.3333333333333333, 0.3333333333333333, 0.3333333333333333]"
7569,331.1658716269809,508397.60310927406,"[0.3333333333333333, 0.3333333333333333, 0.3333333333333333]"
7570,256.15982140998557,306838.5633581267,"[0.3333333333333333, 0.3333333333333333, 0.3333333333333333]"
7571,118.42500844121852,930767.543050098,"[0.3333333333333333, 0.3333333333333333, 0.3333333333333333]"
7572,886.7057556986772,376924.28982011805,"[0.3333333333333333, 0.3333333333333333, 0.3333333333333333]"
7573,524.3157252550652,354539.9642405743,"[0.3333333333333333, 0.3333333333333333, 0.3333333333333333]"
7574,800.2307284385361,955576.1476506571,"[0.3333333333333333, 0.3333333333333333, 0.3333333333333333]"
7575,756.207302739411,476573.77673478867,"[0.3333333333333333, 0.3333333333333333, 0.3333333333333333]"
7576,498.09631703478345,528864.3067430309,"[0.3333333333333333, 0.3333333333333333, 0.3333333333333333]"
7577,787.1405324739542,794420.3970153709,"[0.3333333333333333, 0.3333333333333333, 0.3333333333333333]"
7578,925.0097265090174,911474.9179672719,"[0.3333333333333333, 0.3333333333333333, 0.3333333333333333]"
7579,370.6936549662163,999822.647762316,"[0.3333333333333333, 0.3333333333333333, 0.3333333333333333]"
7580,493.1634295314738,998372.334283844,"[0.3333333333333333, 0.3333333333333333, 0.3333333333333333]"
7581,251.0430019995288,876572.4804803813,"[0.3333333333333333, 0.3333333333333333, 0.3333333333333333]"
7582,241.54356435712876,636272.7850291725,"[0.3333333333333333, 0.3333333333333333, 0.3333333333333333]"
7583,33.93443765801317,454744.670688026,"[0.3333333333333333, 0.3333333333333333, 0.3333333333333333]"
7584,329.47859418732713,311372.4549287737,"[0.3333333333333333, 0.3333333333333333, 0.3333333333333333]"
7585,709.6245428909183,793273.3547806303,"[0.3333333333333333, 0.3333333333333333, 0.3333333333333333]"
7586,854.6952061737687,821296.1582238317,"[0.3333333333333333, 0.3333333333333333, 0.3333333333333333]"
7587,916.2952047783415,772534.6705856592,"[0.3333333333333333, 0.3333333333333333, 0.3333333333333333]"
7588,359.6060955789834,623276.3942294043,"[0.3333333333333333, 0.3333333333333333, 0.3333333333333333]"
7589,34.819294532661274,306159.39523348433,"[0.3333333333333333, 0.3333333333333333, 0.3333333333333333]"
7590,853.9885441048128,723457.5075271,"[0.3333333333333333, 0.3333333333333333, 0.3333333333333333]"
7591,903.783222751189,605526.9928261602,"[0.3333333333333333, 0.3333333333333333, 0.3333333333333333]"
7592,472.2256540932801,893644.2537186375,"[0.3333333333333333, 0.3333333333333333, 0.3333333333333333]"
7593,304.8436617848236,398259.3485513317,"[0.3333333333333333, 0.3333333333333333, 0.3333333333333333]"
7594,676.1327596632929,565213.4029033347,"[0.3333333333333333, 0.3333333333333333, 0.3333333333333333]"
7595,53.89239449238199,493153.80260834226,"[0.3333333333333333, 0.3333333333333333, 0.3333333333333333]"
7596,213.52280755545323,680608.3658549504,"[0.3333333333333333, 0.3333333333333333, 0.3333333333333333]"
7597,537.2572786985901,525990.2153459021,"[0.3333333333333333, 0.3333333333333333, 0.3333333333333333]"
7598,325.89271641841793,655229.1348032784,"[0.3333333333333333, 0.3333333333333333, 0.3333333333333333]"
7599,166.7742285739882,227155.01978183247,"[0.3333333333333333, 0.3333333333333333, 0.3333333333333333]"
7600,584.0456640921975,115957.31096611828,"[0.3333333333333333, 0.3333333333333333, 0.3333333333333333]"
7601,837.9613379796643,601731.7843541696,"[0.3333333333333333, 0.3333333333333333, 0.3333333333333333]"
7602,16.64431879542374,181997.93837998793,"[0.3333333333333333, 0.3333333333333333, 0.3333333333333333]"
7603,217.67719745384696,231027.43091323087,"[0.3333333333333333, 0.3333333333333333, 0.3333333333333333]"
7604,448.33357482750824,585687.1967885459,"[0.3333333333333333, 0.3333333333333333, 0.3333333333333333]"
7605,618.1829174547862,667822.2552936936,"[0.3333333333333333, 0.3333333333333333, 0.3333333333333333]"
7606,261.4067129045819,204374.39426390047,"[0.3333333333333333, 0.3333333333333333, 0.3333333333333333]"
7607,529.7575185240994,218863.20415711723,"[0.3333333333333333, 0.3333333333333333, 0.3333333333333333]"
7608,261.2759385469516,896376.5352333196,"[0.3333333333333333, 0.3333333333333333, 0.3333333333333333]"
7609,154.9793793475673,812120.4772629993,"[0.3333333333333333, 0.3333333333333333, 0.3333333333333333]"
7610,776.5441100082359,272138.2828996836,"[0.3333333333333333, 0.3333333333333333, 0.3333333333333333]"
7611,290.6631688402133,712915.6931533922,"[0.3333333333333333, 0.3333333333333333, 0.3333333333333333]"
7612,974.9166263542993,342145.06075162784,"[0.3333333333333333, 0.3333333333333333, 0.3333333333333333]"
7613,641.7568317919504,302367.3197061256,"[0.3333333333333333, 0.3333333333333333, 0.3333333333333333]"
7614,344.589923260544,804450.5527213651,"[0.3333333333333333, 0.3333333333333333, 0.3333333333333333]"
7615,273.64069482926107,458631.20544645557,"[0.3333333333333333, 0.3333333333333333, 0.3333333333333333]"
7616,899.9859988782035,385082.82170883013,"[0.3333333333333333, 0.3333333333333333, 0.3333333333333333]"
7617,76.5222540730522,251715.53302192822,"[0.3333333333333333, 0.3333333333333333, 0.3333333333333333]"
7618,79.85757256356453,223013.82792131865,"[0.3333333333333333, 0.3333333333333333, 0.3333333333333333]"
7619,732.2528205612475,226484.0164051666,"[0.3333333333333333, 0.3333333333333333, 0.3333333333333333]"
7620,785.7742839818196,122591.80246286307,"[0.3333333333333333, 0.3333333333333333, 0.3333333333333333]"
7621,740.1956872856082,158027.34308012007,"[0.3333333333333333, 0.3333333333333333, 0.3333333333333333]"
7622,88.07661256374186,149733.95439285343,"[0.3333333333333333, 0.3333333333333333, 0.3333333333333333]"
7623,223.11365862129725,668299.0043844248,"[0.3333333333333333, 0.3333333333333333, 0.3333333333333333]"
7624,134.43177875407912,680260.7832195202,"[0.3333333333333333, 0.3333333333333333, 0.3333333333333333]"
7625,352.7114821099357,772334.9150866533,"[0.3333333333333333, 0.3333333333333333, 0.3333333333333333]"
7626,505.0158625413247,589987.0901870645,"[0.3333333333333333, 0.3333333333333333, 0.3333333333333333]"
7627,904.4600865448607,287324.63079912623,"[0.3333333333333333, 0.3333333333333333, 0.3333333333333333]"
7628,310.68772204583246,571868.807925622,"[0.3333333333333333, 0.3333333333333333, 0.3333333333333333]"
7629,459.0642991451853,977789.9240020365,"[0.3333333333333333, 0.3333333333333333, 0.3333333333333333]"
7630,796.4099852968401,784843.6151780478,"[0.3333333333333333, 0.3333333333333333, 0.3333333333333333]"
7631,434.0105777759924,576917.0814634131,"[0.3333333333333333, 0.3333333333333333, 0.3333333333333333]"
7632,694.9084054064793,171595.84451201683,"[0.3333333333333333, 0.3333333333333333, 0.3333333333333333]"
7633,632.7088493287948,333012.17477560404,"[0.3333333333333333, 0.3333333333333333, 0.3333333333333333]"
7634,243.82260822264178,584682.2678165442,"[0.3333333333333333, 0.3333333333333333, 0.3333333333333333]"
7635,637.7581192469571,884914.474305456,"[0.3333333333333333, 0.3333333333333333, 0.3333333333333333]"
7636,538.2916673572453,145660.00793948665,"[0.3333333333333333, 0.3333333333333333, 0.3333333333333333]"
7637,181.57375183818925,689660.6666028424,"[0.3333333333333333, 0.3333333333333333, 0.3333333333333333]"
7638,639.3835952938904,827375.3522003575,"[0.3333333333333333, 0.3333333333333333, 0.3333333333333333]"
7639,484.46903619598896,534724.6881360648,"[0.3333333333333333, 0.3333333333333333, 0.3333333333333333]"
7640,928.7373104068176,438066.10961317655,"[0.3333333333333333, 0.3333333333333333, 0.3333333333333333]"
7641,465.41556818739326,393946.2341446346,"[0.3333333333333333, 0.3333333333333333, 0.3333333333333333]"
7642,421.17886606880256,995482.4703545092,"[0.3333333333333333, 0.3333333333333333, 0.3333333333333333]"
7643,827.9171554289029,625905.4371396063,"[0.3333333333333333, 0.3333333333333333, 0.3333333333333333]"
7644,420.5131174114133,502026.78307409293,"[0.3333333333333333, 0.3333333333333333, 0.3333333333333333]"
7645,544.4237685972315,109930.03662198214,"[0.3333333333333333, 0.3333333333333333, 0.3333333333333333]"
7646,613.1727736537418,272242.9717480945,"[0.3333333333333333, 0.3333333333333333, 0.3333333333333333]"
7647,552.6854700778036,819955.3478627878,"[0.3333333333333333, 0.3333333333333333, 0.3333333333333333]"
7648,604.570128934177,609383.4011053597,"[0.3333333333333333, 0.3333333333333333, 0.3333333333333333]"
7649,923.4156616211371,168567.99191593146,"[0.3333333333333333, 0.3333333333333333, 0.3333333333333333]"
7650,495.4239851399683,562800.5794073113,"[0.3333333333333333, 0.3333333333333333, 0.3333333333333333]"
7651,481.0843556568046,540548.7900198166,"[0.3333333333333333, 0.3333333333333333, 0.3333333333333333]"
7652,257.871669934331,361242.2226023235,"[0.3333333333333333, 0.3333333333333333, 0.3333333333333333]"
7653,340.0952284130563,233560.09572906175,"[0.3333333333333333, 0.3333333333333333, 0.3333333333333333]"
7654,411.4212675795389,920556.360124617,"[0.3333333333333333, 0.3333333333333333, 0.3333333333333333]"
7655,496.32851122154125,336235.30997539003,"[0.3333333333333333, 0.3333333333333333, 0.3333333333333333]"
7656,718.1355857568186,225178.1762595253,"[0.3333333333333333, 0.3333333333333333, 0.3333333333333333]"
7657,737.6091314046292,494731.9456015819,"[0.3333333333333333, 0.3333333333333333, 0.3333333333333333]"
7658,316.872634834011,940440.6347717462,"[0.3333333333333333, 0.3333333333333333, 0.3333333333333333]"
7659,31.37167476534327,720989.0033440144,"[0.3333333333333333, 0.3333333333333333, 0.3333333333333333]"
7660,568.9309694917729,832405.7160426141,"[0.3333333333333333, 0.3333333333333333, 0.3333333333333333]"
7661,667.2255738110505,196661.25271537757,"[0.3333333333333333, 0.3333333333333333, 0.3333333333333333]"
7662,970.818197604669,571767.4946096131,"[0.3333333333333333, 0.3333333333333333, 0.3333333333333333]"
7663,506.91340828612005,643435.2217334583,"[0.3333333333333333, 0.3333333333333333, 0.3333333333333333]"
7664,379.30950127533976,158346.63373385093,"[0.3333333333333333, 0.3333333333333333, 0.3333333333333333]"
7665,167.34566223719077,315530.4403259707,"[0.3333333333333333, 0.3333333333333333, 0.3333333333333333]"
7666,897.8440923989291,183730.93248080596,"[0.3333333333333333, 0.3333333333333333, 0.3333333333333333]"
7667,304.9578945920669,556542.9174559333,"[0.3333333333333333, 0.3333333333333333, 0.3333333333333333]"
7668,443.9169738921246,358283.39339661004,"[0.3333333333333333, 0.3333333333333333, 0.3333333333333333]"
7669,957.9259092666503,187104.5308339275,"[0.3333333333333333, 0.3333333333333333, 0.3333333333333333]"
7670,844.3333258196964,147371.76414711008,"[0.3333333333333333, 0.3333333333333333, 0.3333333333333333]"
7671,745.6210740713957,223188.0695082767,"[0.3333333333333333, 0.3333333333333333, 0.3333333333333333]"
7672,958.0564183734062,107161.30887305678,"[0.3333333333333333, 0.3333333333333333, 0.3333333333333333]"
7673,437.5446932965971,889968.8869336789,"[0.3333333333333333, 0.3333333333333333, 0.3333333333333333]"
7674,152.74119284811425,784720.4037027686,"[0.3333333333333333, 0.3333333333333333, 0.3333333333333333]"
7675,902.6668565706328,848272.1569671025,"[0.3333333333333333, 0.3333333333333333, 0.3333333333333333]"
7676,403.85535525116376,574723.653937381,"[0.3333333333333333, 0.3333333333333333, 0.3333333333333333]"
7677,76.92956883930181,906899.2326206825,"[0.3333333333333333, 0.3333333333333333, 0.3333333333333333]"
7678,667.2067232501919,202640.86957321927,"[0.3333333333333333, 0.3333333333333333, 0.3333333333333333]"
7679,26.326316152846104,990006.5015155851,"[0.3333333333333333, 0.3333333333333333, 0.3333333333333333]"
7680,665.0215376448001,450604.0179493694,"[0.3333333333333333, 0.3333333333333333, 0.3333333333333333]"
7681,630.7238513076871,963590.589757089,"[0.3333333333333333, 0.3333333333333333, 0.3333333333333333]"
7682,927.4512857039306,338241.0497078284,"[0.3333333333333333, 0.3333333333333333, 0.3333333333333333]"
7683,990.7777742924854,594422.23293485,"[0.3333333333333333, 0.3333333333333333, 0.3333333333333333]"
7684,142.80113497510564,691975.7606390716,"[0.3333333333333333, 0.3333333333333333, 0.3333333333333333]"
7685,727.5288487921524,812928.1645244814,"[0.3333333333333333, 0.3333333333333333, 0.3333333333333333]"
7686,936.1389374293685,615818.3977575072,"[0.3333333333333333, 0.3333333333333333, 0.3333333333333333]"
7687,699.0514146770672,598629.5638169579,"[0.3333333333333333, 0.3333333333333333, 0.3333333333333333]"
7688,582.7189608685156,189325.0119869131,"[0.3333333333333333, 0.3333333333333333, 0.3333333333333333]"
7689,658.1610231641058,763230.9163930046,"[0.3333333333333333, 0.3333333333333333, 0.3333333333333333]"
7690,181.230357579571,771470.3758397878,"[0.3333333333333333, 0.3333333333333333, 0.3333333333333333]"
7691,660.0973413594471,419406.1617959571,"[0.3333333333333333, 0.3333333333333333, 0.3333333333333333]"
7692,537.5178244853812,980511.681767961,"[0.3333333333333333, 0.3333333333333333, 0.3333333333333333]"
7693,552.2659367146738,709195.1909642987,"[0.3333333333333333, 0.3333333333333333, 0.3333333333333333]"
7694,106.02960922329402,259927.97556887622,"[0.3333333333333333, 0.3333333333333333, 0.3333333333333333]"
7695,463.83996668889904,577015.1023921564,"[0.3333333333333333, 0.3333333333333333, 0.3333333333333333]"
7696,511.23844114167,561475.1293817679,"[0.3333333333333333, 0.3333333333333333, 0.3333333333333333]"
7697,674.4285110804115,679236.3855962139,"[0.3333333333333333, 0.3333333333333333, 0.3333333333333333]"
7698,757.2984922901151,166028.79049246857,"[0.3333333333333333, 0.3333333333333333, 0.3333333333333333]"
7699,407.98201912342296,706737.7121854358,"[0.3333333333333333, 0.3333333333333333, 0.3333333333333333]"
7700,709.1413915335235,661715.6872328913,"[0.3333333333333333, 0.3333333333333333, 0.3333333333333333]"
7701,786.7923088314736,202406.53296917403,"[0.3333333333333333, 0.3333333333333333, 0.3333333333333333]"
7702,98.36025816937618,595777.0628656944,"[0.3333333333333333, 0.3333333333333333, 0.3333333333333333]"
7703,752.6809802168705,557326.3048831812,"[0.3333333333333333, 0.3333333333333333, 0.3333333333333333]"
7704,53.7733911210058,413265.9480469974,"[0.3333333333333333, 0.3333333333333333, 0.3333333333333333]"
7705,941.925151199761,667665.0083441893,"[0.3333333333333333, 0.3333333333333333, 0.3333333333333333]"
7706,673.1595896412938,119661.42441948137,"[0.3333333333333333, 0.3333333333333333, 0.3333333333333333]"
7707,885.7044929564146,708672.9789836683,"[0.3333333333333333, 0.3333333333333333, 0.3333333333333333]"
7708,931.8888079890522,171923.57058898432,"[0.3333333333333333, 0.3333333333333333, 0.3333333333333333]"
7709,908.5332193081808,429972.9594662304,"[0.3333333333333333, 0.3333333333333333, 0.3333333333333333]"
7710,11.081804582498574,349270.355167455,"[0.3333333333333333, 0.3333333333333333, 0.3333333333333333]"
7711,772.6276865402891,965890.7995309317,"[0.3333333333333333, 0.3333333333333333, 0.3333333333333333]"
7712,704.2443320253572,327838.29472908605,"[0.3333333333333333, 0.3333333333333333, 0.3333333333333333]"
7713,326.57781822775223,323498.4625100566,"[0.3333333333333333, 0.3333333333333333, 0.3333333333333333]"
7714,296.6624923683645,200486.34472376126,"[0.3333333333333333, 0.3333333333333333, 0.3333333333333333]"
7715,798.1415527930504,215063.08268549896,"[0.3333333333333333, 0.3333333333333333, 0.3333333333333333]"
7716,526.9042209728777,284847.7075185327,"[0.3333333333333333, 0.3333333333333333, 0.3333333333333333]"
7717,65.25289959004144,494177.91874851036,"[0.3333333333333333, 0.3333333333333333, 0.3333333333333333]"
7718,647.268011052128,481773.9077619614,"[0.3333333333333333, 0.3333333333333333, 0.3333333333333333]"
7719,928.1416869105749,192285.0588700485,"[0.3333333333333333, 0.3333333333333333, 0.3333333333333333]"
7720,738.594512882377,705021.3768864122,"[0.3333333333333333, 0.3333333333333333, 0.3333333333333333]"
7721,109.33064531608738,331152.9844466031,"[0.3333333333333333, 0.3333333333333333, 0.3333333333333333]"
7722,397.34750082144427,521272.58450561785,"[0.3333333333333333, 0.3333333333333333, 0.3333333333333333]"
7723,790.1458144809226,950113.7635871366,"[0.3333333333333333, 0.3333333333333333, 0.3333333333333333]"
7724,226.9527422056034,881155.9716576247,"[0.3333333333333333, 0.3333333333333333, 0.3333333333333333]"
7725,366.2496926069473,560354.1701767668,"[0.3333333333333333, 0.3333333333333333, 0.3333333333333333]"
7726,49.06255839182121,330153.19402649754,"[0.3333333333333333, 0.3333333333333333, 0.3333333333333333]"
7727,739.3019384283234,587636.6134050025,"[0.3333333333333333, 0.3333333333333333, 0.3333333333333333]"
7728,972.4859752038018,493619.48802767164,"[0.3333333333333333, 0.3333333333333333, 0.3333333333333333]"
7729,189.31161879944673,203195.33422723616,"[0.3333333333333333, 0.3333333333333333, 0.3333333333333333]"
7730,858.8385613587252,364718.2976083521,"[0.3333333333333333, 0.3333333333333333, 0.3333333333333333]"
7731,174.0712749985291,399048.5830789658,"[0.3333333333333333, 0.3333333333333333, 0.3333333333333333]"
7732,934.6257446415873,492899.7713181038,"[0.3333333333333333, 0.3333333333333333, 0.3333333333333333]"
7733,842.8764120668059,697357.9423539375,"[0.3333333333333333, 0.3333333333333333, 0.3333333333333333]"
7734,385.49026876276577,135886.62351618818,"[0.3333333333333333, 0.3333333333333333, 0.3333333333333333]"
7735,12.772066459762438,215916.3810928297,"[0.3333333333333333, 0.3333333333333333, 0.3333333333333333]"
7736,915.1566610153824,429036.46393207426,"[0.3333333333333333, 0.3333333333333333, 0.3333333333333333]"
7737,366.0991239902439,985574.6007337593,"[0.3333333333333333, 0.3333333333333333, 0.3333333333333333]"
7738,549.8771616060776,633870.2157321539,"[0.3333333333333333, 0.3333333333333333, 0.3333333333333333]"
7739,650.5169097721927,251490.22384877846,"[0.3333333333333333, 0.3333333333333333, 0.3333333333333333]"
7740,644.23068175273,664291.5607549641,"[0.3333333333333333, 0.3333333333333333, 0.3333333333333333]"
7741,193.33939293410387,308528.79331721715,"[0.3333333333333333, 0.3333333333333333, 0.3333333333333333]"
7742,945.4594811549637,596877.6740296986,"[0.3333333333333333, 0.3333333333333333, 0.3333333333333333]"
7743,539.1356385950942,872188.65392274,"[0.3333333333333333, 0.3333333333333333, 0.3333333333333333]"
7744,344.5968399789897,431109.4624877533,"[0.3333333333333333, 0.3333333333333333, 0.3333333333333333]"
7745,416.49946025425464,399953.1537917231,"[0.3333333333333333, 0.3333333333333333, 0.3333333333333333]"
7746,738.0022921002968,166375.44307055383,"[0.3333333333333333, 0.3333333333333333, 0.3333333333333333]"
7747,921.0065151340787,725453.6232931528,"[0.3333333333333333, 0.3333333333333333, 0.3333333333333333]"
7748,983.9738792353572,779347.2315672905,"[0.3333333333333333, 0.3333333333333333, 0.3333333333333333]"
7749,793.5590340246929,667042.1038544639,"[0.3333333333333333, 0.3333333333333333, 0.3333333333333333]"
7750,653.5078427029138,185376.37849134824,"[0.3333333333333333, 0.3333333333333333, 0.3333333333333333]"
7751,205.83280649273993,729583.3121981764,"[0.3333333333333333, 0.3333333333333333, 0.3333333333333333]"
7752,379.2048515046995,306023.5230473683,"[0.3333333333333333, 0.3333333333333333, 0.3333333333333333]"
7753,143.37429499042608,132935.8579915989,"[0.3333333333333333, 0.3333333333333333, 0.3333333333333333]"
7754,696.8104328207772,263699.64101224166,"[0.3333333333333333, 0.3333333333333333, 0.3333333333333333]"
7755,814.6532489494921,886380.6715215334,"[0.3333333333333333, 0.3333333333333333, 0.3333333333333333]"
7756,818.915756361405,198900.32444705267,"[0.3333333333333333, 0.3333333333333333, 0.3333333333333333]"
7757,715.7880878475002,705370.7297717163,"[0.3333333333333333, 0.3333333333333333, 0.3333333333333333]"
7758,36.88657807180829,888252.9285890142,"[0.3333333333333333, 0.3333333333333333, 0.3333333333333333]"
7759,565.9305711264508,627060.2221640103,"[0.3333333333333333, 0.3333333333333333, 0.3333333333333333]"
7760,878.4706766741405,519809.0622943246,"[0.3333333333333333, 0.3333333333333333, 0.3333333333333333]"
7761,763.6292595941227,430413.1961200779,"[0.3333333333333333, 0.3333333333333333, 0.3333333333333333]"
7762,844.5135585503645,726611.3402123785,"[0.3333333333333333, 0.3333333333333333, 0.3333333333333333]"
7763,603.4106250868351,382270.536674485,"[0.3333333333333333, 0.3333333333333333, 0.3333333333333333]"
7764,760.6257258329758,233804.33017348213,"[0.3333333333333333, 0.3333333333333333, 0.3333333333333333]"
7765,269.8297208735611,825221.256520913,"[0.3333333333333333, 0.3333333333333333, 0.3333333333333333]"
7766,807.0615704937928,392994.8696078759,"[0.3333333333333333, 0.3333333333333333, 0.3333333333333333]"
7767,706.5624973130397,812258.5592464064,"[0.3333333333333333, 0.3333333333333333, 0.3333333333333333]"
7768,903.8207108634067,150351.21209971333,"[0.3333333333333333, 0.3333333333333333, 0.3333333333333333]"
7769,644.5955990214095,205391.8199169943,"[0.3333333333333333, 0.3333333333333333, 0.3333333333333333]"
7770,629.7444397944043,120400.98452638317,"[0.3333333333333333, 0.3333333333333333, 0.3333333333333333]"
7771,180.3909663983797,793898.0562895887,"[0.3333333333333333, 0.3333333333333333, 0.3333333333333333]"
7772,725.1571168932919,186577.4799183399,"[0.3333333333333333, 0.3333333333333333, 0.3333333333333333]"
7773,638.3768596522759,780426.6743923839,"[0.3333333333333333, 0.3333333333333333, 0.3333333333333333]"
7774,562.3560214791446,361360.42138003174,"[0.3333333333333333, 0.3333333333333333, 0.3333333333333333]"
7775,946.5834785317525,733555.1893792689,"[0.3333333333333333, 0.3333333333333333, 0.3333333333333333]"
7776,616.9414661027389,225097.9420720024,"[0.3333333333333333, 0.3333333333333333, 0.3333333333333333]"
7777,334.0058365629586,571374.9165747941,"[0.3333333333333333, 0.3333333333333333, 0.3333333333333333]"
7778,415.6223104445463,120781.44755483724,"[0.3333333333333333, 0.3333333333333333, 0.3333333333333333]"
7779,604.3720873513586,110408.96176048729,"[0.3333333333333333, 0.3333333333333333, 0.3333333333333333]"
7780,748.7980262458666,227461.41561109343,"[0.3333333333333333, 0.3333333333333333, 0.3333333333333333]"
7781,682.6497974826076,857897.9201618439,"[0.3333333333333333, 0.3333333333333333, 0.3333333333333333]"
7782,850.2449708311423,101519.25574457638,"[0.3333333333333333, 0.3333333333333333, 0.3333333333333333]"
7783,360.24768362179555,140892.58893997088,"[0.3333333333333333, 0.3333333333333333, 0.3333333333333333]"
7784,88.0424957961514,108009.03800779523,"[0.3333333333333333, 0.3333333333333333, 0.3333333333333333]"
7785,685.9218155842107,442760.6240134885,"[0.3333333333333333, 0.3333333333333333, 0.3333333333333333]"
7786,540.1563373572158,934340.4935602135,"[0.3333333333333333, 0.3333333333333333, 0.3333333333333333]"
7787,306.8034124905461,853605.3024551367,"[0.3333333333333333, 0.3333333333333333, 0.3333333333333333]"
7788,786.828189179832,281524.79334516684,"[0.3333333333333333, 0.3333333333333333, 0.3333333333333333]"
7789,138.34981939406296,531678.6605560568,"[0.3333333333333333, 0.3333333333333333, 0.3333333333333333]"
7790,460.4080357579482,384463.0067529222,"[0.3333333333333333, 0.3333333333333333, 0.3333333333333333]"
7791,765.4608336230506,293827.97294696467,"[0.3333333333333333, 0.3333333333333333, 0.3333333333333333]"
7792,525.7179969944907,937671.7602316494,"[0.3333333333333333, 0.3333333333333333, 0.3333333333333333]"
7793,12.108221155869948,255757.71365810873,"[0.3333333333333333, 0.3333333333333333, 0.3333333333333333]"
7794,308.1005686111172,178522.09428587474,"[0.3333333333333333, 0.3333333333333333, 0.3333333333333333]"
7795,389.55507012740605,330147.6382220801,"[0.3333333333333333, 0.3333333333333333, 0.3333333333333333]"
7796,26.773430627818627,385431.3128013104,"[0.3333333333333333, 0.3333333333333333, 0.3333333333333333]"
7797,121.93667970965585,544164.1560555829,"[0.3333333333333333, 0.3333333333333333, 0.3333333333333333]"
7798,338.04751786370304,799392.9382334674,"[0.3333333333333333, 0.3333333333333333, 0.3333333333333333]"
7799,806.6104916364026,463049.5561021856,"[0.3333333333333333, 0.3333333333333333, 0.3333333333333333]"
7800,916.878691575675,924244.7197132789,"[0.3333333333333333, 0.3333333333333333, 0.3333333333333333]"
7801,895.4416805931726,258670.62499889385,"[0.3333333333333333, 0.3333333333333333, 0.3333333333333333]"
7802,320.562112823116,845489.1478234237,"[0.3333333333333333, 0.3333333333333333, 0.3333333333333333]"
7803,286.7638737134777,604020.9370252121,"[0.3333333333333333, 0.3333333333333333, 0.3333333333333333]"
7804,436.9918063882569,687424.9430938017,"[0.3333333333333333, 0.3333333333333333, 0.3333333333333333]"
7805,174.34152849356255,202781.65343207843,"[0.3333333333333333, 0.3333333333333333, 0.3333333333333333]"
7806,343.71930344100207,980480.5808831926,"[0.3333333333333333, 0.3333333333333333, 0.3333333333333333]"
7807,486.7348792374561,167543.4732845467,"[0.3333333333333333, 0.3333333333333333, 0.3333333333333333]"
7808,950.0505370889795,214081.5115819085,"[0.3333333333333333, 0.3333333333333333, 0.3333333333333333]"
7809,591.3111170332149,850669.970532022,"[0.3333333333333333, 0.3333333333333333, 0.3333333333333333]"
7810,652.4347759612893,124351.00866386518,"[0.3333333333333333, 0.3333333333333333, 0.3333333333333333]"
7811,754.5233896049447,267253.6148661545,"[0.3333333333333333, 0.3333333333333333, 0.3333333333333333]"
7812,969.7850028556202,712034.5943625263,"[0.3333333333333333, 0.3333333333333333, 0.3333333333333333]"
7813,318.2969956315035,646830.2683350804,"[0.3333333333333333, 0.3333333333333333, 0.3333333333333333]"
7814,705.4074176450123,720030.5940302907,"[0.3333333333333333, 0.3333333333333333, 0.3333333333333333]"
7815,27.573839774790343,844287.3936319036,"[0.3333333333333333, 0.3333333333333333, 0.3333333333333333]"
7816,10.912589171446609,116676.73166937962,"[0.3333333333333333, 0.3333333333333333, 0.3333333333333333]"
7817,360.74950022983626,887663.9224079116,"[0.3333333333333333, 0.3333333333333333, 0.3333333333333333]"
7818,211.02401288818297,326149.1256961853,"[0.3333333333333333, 0.3333333333333333, 0.3333333333333333]"
7819,851.8497643347283,895108.5242543743,"[0.3333333333333333, 0.3333333333333333, 0.3333333333333333]"
7820,919.2156435738652,408935.96378624055,"[0.3333333333333333, 0.3333333333333333, 0.3333333333333333]"
7821,76.75343348323814,313257.4382469859,"[0.3333333333333333, 0.3333333333333333, 0.3333333333333333]"
7822,183.1627636246283,484899.83978208277,"[0.3333333333333333, 0.3333333333333333, 0.3333333333333333]"
7823,772.7137668138668,685319.3507040064,"[0.3333333333333333, 0.3333333333333333, 0.3333333333333333]"
7824,286.3596315796178,136742.54064849595,"[0.3333333333333333, 0.3333333333333333, 0.3333333333333333]"
7825,636.8183570813808,262603.2334409831,"[0.3333333333333333, 0.3333333333333333, 0.3333333333333333]"
7826,128.8326706109502,325357.88343367656,"[0.3333333333333333, 0.3333333333333333, 0.3333333333333333]"
7827,352.18455517615655,504747.7695397977,"[0.3333333333333333, 0.3333333333333333, 0.3333333333333333]"
7828,741.7661799218357,829185.7532450681,"[0.3333333333333333, 0.3333333333333333, 0.3333333333333333]"
7829,138.21888478620502,933012.1979666747,"[0.3333333333333333, 0.3333333333333333, 0.3333333333333333]"
7830,499.1513113844742,794579.0234430622,"[0.3333333333333333, 0.3333333333333333, 0.3333333333333333]"
7831,857.2124019824278,404826.26557637495,"[0.3333333333333333, 0.3333333333333333, 0.3333333333333333]"
7832,805.3670601288306,982181.4947608431,"[0.3333333333333333, 0.3333333333333333, 0.3333333333333333]"
7833,14.712678454547966,624296.5641863743,"[0.3333333333333333, 0.3333333333333333, 0.3333333333333333]"
7834,938.6829287812002,655048.1741711452,"[0.3333333333333333, 0.3333333333333333, 0.3333333333333333]"
7835,39.559225787648884,130634.46867739534,"[0.3333333333333333, 0.3333333333333333, 0.3333333333333333]"
7836,709.1276746740789,698456.9835145118,"[0.3333333333333333, 0.3333333333333333, 0.3333333333333333]"
7837,101.08349271591776,928477.6625683574,"[0.3333333333333333, 0.3333333333333333, 0.3333333333333333]"
7838,196.7047598710272,154366.2566231519,"[0.3333333333333333, 0.3333333333333333, 0.3333333333333333]"
7839,418.487492084499,221816.65944406184,"[0.3333333333333333, 0.3333333333333333, 0.3333333333333333]"
7840,261.5065575678302,433438.5719408558,"[0.3333333333333333, 0.3333333333333333, 0.3333333333333333]"
7841,631.5091285658439,540958.6050151252,"[0.3333333333333333, 0.3333333333333333, 0.3333333333333333]"
7842,42.6194296476108,104228.74603689108,"[0.3333333333333333, 0.3333333333333333, 0.3333333333333333]"
7843,295.9668551270191,428729.6938909032,"[0.3333333333333333, 0.3333333333333333, 0.3333333333333333]"
7844,879.4840519624805,482052.9901114893,"[0.3333333333333333, 0.3333333333333333, 0.3333333333333333]"
7845,875.0745352295593,696087.2071558364,"[0.3333333333333333, 0.3333333333333333, 0.3333333333333333]"
7846,754.964582524611,655035.3222603363,"[0.3333333333333333, 0.3333333333333333, 0.3333333333333333]"
7847,259.96745375498995,869203.9098670715,"[0.3333333333333333, 0.3333333333333333, 0.3333333333333333]"
7848,790.1934771667045,128980.04200167205,"[0.3333333333333333, 0.3333333333333333, 0.3333333333333333]"
7849,347.40694417808095,116189.30540870717,"[0.3333333333333333, 0.3333333333333333, 0.3333333333333333]"
7850,446.5612350402216,909535.4880993014,"[0.3333333333333333, 0.3333333333333333, 0.3333333333333333]"
7851,781.1818520341106,686051.6167276702,"[0.3333333333333333, 0.3333333333333333, 0.3333333333333333]"
7852,812.2732996077626,466814.9130856184,"[0.3333333333333333, 0.3333333333333333, 0.3333333333333333]"
7853,29.83107629525769,952702.4081722837,"[0.3333333333333333, 0.3333333333333333, 0.3333333333333333]"
7854,37.7128152312758,759766.5086479917,"[0.3333333333333333, 0.3333333333333333, 0.3333333333333333]"
7855,274.6030572663761,778004.5516630701,"[0.3333333333333333, 0.3333333333333333, 0.3333333333333333]"
7856,407.13296226273224,767154.8940121507,"[0.3333333333333333, 0.3333333333333333, 0.3333333333333333]"
7857,263.4037598099486,765391.2498965164,"[0.3333333333333333, 0.3333333333333333, 0.3333333333333333]"
7858,309.2389708140048,694345.2113970006,"[0.3333333333333333, 0.3333333333333333, 0.3333333333333333]"
7859,359.59082654595124,113951.89058064879,"[0.3333333333333333, 0.3333333333333333, 0.3333333333333333]"
7860,619.1776770219484,225357.97138871957,"[0.3333333333333333, 0.3333333333333333, 0.3333333333333333]"
7861,608.7636342318826,820452.7939848333,"[0.3333333333333333, 0.3333333333333333, 0.3333333333333333]"
7862,890.7497573989872,392482.6926692429,"[0.3333333333333333, 0.3333333333333333, 0.3333333333333333]"
7863,508.5561924303938,211821.7358048797,"[0.3333333333333333, 0.3333333333333333, 0.3333333333333333]"
7864,983.0713968621761,332874.32967510866,"[0.3333333333333333, 0.3333333333333333, 0.3333333333333333]"
7865,109.35907191374862,173254.38415281463,"[0.3333333333333333, 0.3333333333333333, 0.3333333333333333]"
7866,443.51787470468867,969645.5766917648,"[0.3333333333333333, 0.3333333333333333, 0.3333333333333333]"
7867,235.7314063403036,621549.6246801028,"[0.3333333333333333, 0.3333333333333333, 0.3333333333333333]"
7868,325.0836840416347,303485.87270219694,"[0.3333333333333333, 0.3333333333333333, 0.3333333333333333]"
7869,149.30881812815045,286271.7940315203,"[0.3333333333333333, 0.3333333333333333, 0.3333333333333333]"
7870,277.36861706745094,469004.9785450401,"[0.3333333333333333, 0.3333333333333333, 0.3333333333333333]"
7871,767.8158161054827,659626.528328263,"[0.3333333333333333, 0.3333333333333333, 0.3333333333333333]"
7872,493.2841283531501,472824.79056962754,"[0.3333333333333333, 0.3333333333333333, 0.3333333333333333]"
7873,534.9804511135883,443034.45913794264,"[0.3333333333333333, 0.3333333333333333, 0.3333333333333333]"
7874,336.001430091306,215991.48216183577,"[0.3333333333333333, 0.3333333333333333, 0.3333333333333333]"
7875,177.40469803182356,674550.7607101523,"[0.3333333333333333, 0.3333333333333333, 0.3333333333333333]"
7876,142.00393170110175,221279.89007637717,"[0.3333333333333333, 0.3333333333333333, 0.3333333333333333]"
7877,128.70969112956135,756739.2428930483,"[0.3333333333333333, 0.3333333333333333, 0.3333333333333333]"
7878,544.9017379902582,267879.70455588284,"[0.3333333333333333, 0.3333333333333333, 0.3333333333333333]"
7879,335.520929943837,844379.8224230491,"[0.3333333333333333, 0.3333333333333333, 0.3333333333333333]"
7880,865.3857469825589,365451.3666980155,"[0.3333333333333333, 0.3333333333333333, 0.3333333333333333]"
7881,587.7193105729758,167241.3094652353,"[0.3333333333333333, 0.3333333333333333, 0.3333333333333333]"
7882,86.87201592373762,427791.1818873805,"[0.3333333333333333, 0.3333333333333333, 0.3333333333333333]"
7883,560.8488356078415,703094.5752683838,"[0.3333333333333333, 0.3333333333333333, 0.3333333333333333]"
7884,551.1615753609741,340801.0858591108,"[0.3333333333333333, 0.3333333333333333, 0.3333333333333333]"
7885,649.3764401544975,390939.573315143,"[0.3333333333333333, 0.3333333333333333, 0.3333333333333333]"
7886,328.1018950295056,787181.052693963,"[0.3333333333333333, 0.3333333333333333, 0.3333333333333333]"
7887,16.601122335141717,543993.519260763,"[0.3333333333333333, 0.3333333333333333, 0.3333333333333333]"
7888,583.7165217991146,329636.6894850277,"[0.3333333333333333, 0.3333333333333333, 0.3333333333333333]"
7889,384.1071597482221,767318.0476571348,"[0.3333333333333333, 0.3333333333333333, 0.3333333333333333]"
7890,312.4226724971904,975641.3060347897,"[0.3333333333333333, 0.3333333333333333, 0.3333333333333333]"
7891,820.7390640562642,721699.6318365134,"[0.3333333333333333, 0.3333333333333333, 0.3333333333333333]"
7892,728.8248451383845,532488.9514645692,"[0.3333333333333333, 0.3333333333333333, 0.3333333333333333]"
7893,259.7205210814691,492899.9106314093,"[0.3333333333333333, 0.3333333333333333, 0.3333333333333333]"
7894,562.0666892221033,719033.2889320803,"[0.3333333333333333, 0.3333333333333333, 0.3333333333333333]"
7895,856.3513348937826,483957.0404459783,"[0.3333333333333333, 0.3333333333333333, 0.3333333333333333]"
7896,870.6011062983744,430173.78246677824,"[0.3333333333333333, 0.3333333333333333, 0.3333333333333333]"
7897,145.31039830097615,351327.5344517375,"[0.3333333333333333, 0.3333333333333333, 0.3333333333333333]"
7898,497.4759878454788,595642.3718344758,"[0.3333333333333333, 0.3333333333333333, 0.3333333333333333]"
7899,282.8441953523503,744061.1379915423,"[0.3333333333333333, 0.3333333333333333, 0.3333333333333333]"
7900,701.1939552250777,434419.83803719736,"[0.3333333333333333, 0.3333333333333333, 0.3333333333333333]"
7901,34.81744888981274,808493.1571605977,"[0.3333333333333333, 0.3333333333333333, 0.3333333333333333]"
7902,685.0674053777566,194677.3731523257,"[0.3333333333333333, 0.3333333333333333, 0.3333333333333333]"
7903,412.32404725306304,771065.6976570946,"[0.3333333333333333, 0.3333333333333333, 0.3333333333333333]"
7904,787.6707167352073,695119.8094974934,"[0.3333333333333333, 0.3333333333333333, 0.3333333333333333]"
7905,105.76658415788386,319353.2561801198,"[0.3333333333333333, 0.3333333333333333, 0.3333333333333333]"
7906,847.1299442081549,642425.9339608157,"[0.3333333333333333, 0.3333333333333333, 0.3333333333333333]"
7907,401.33648038551274,792410.7400079381,"[0.3333333333333333, 0.3333333333333333, 0.3333333333333333]"
7908,322.99274679539974,539540.2720712845,"[0.3333333333333333, 0.3333333333333333, 0.3333333333333333]"
7909,391.681513030154,686197.8253042924,"[0.3333333333333333, 0.3333333333333333, 0.3333333333333333]"
7910,959.1988718315675,636248.0665142179,"[0.3333333333333333, 0.3333333333333333, 0.3333333333333333]"
7911,64.11484566855572,549331.9191969873,"[0.3333333333333333, 0.3333333333333333, 0.3333333333333333]"
7912,39.64933835324514,576422.5732095913,"[0.3333333333333333, 0.3333333333333333, 0.3333333333333333]"
7913,272.11970924800585,278361.3816575362,"[0.3333333333333333, 0.3333333333333333, 0.3333333333333333]"
7914,171.10706043293743,538079.6868208426,"[0.3333333333333333, 0.3333333333333333, 0.3333333333333333]"
7915,608.7485190098898,443195.93105049385,"[0.3333333333333333, 0.3333333333333333, 0.3333333333333333]"
7916,990.6679609895561,818199.9641870644,"[0.3333333333333333, 0.3333333333333333, 0.3333333333333333]"
7917,852.6668332518007,180518.53537764674,"[0.3333333333333333, 0.3333333333333333, 0.3333333333333333]"
7918,626.421031244207,604568.2241540106,"[0.3333333333333333, 0.3333333333333333, 0.3333333333333333]"
7919,368.91307582157776,246535.24769110008,"[0.3333333333333333, 0.3333333333333333, 0.3333333333333333]"
7920,333.75999234308773,642651.6136424824,"[0.3333333333333333, 0.3333333333333333, 0.3333333333333333]"
7921,17.927085697389366,433637.1287935998,"[0.3333333333333333, 0.3333333333333333, 0.3333333333333333]"
7922,933.0919247381297,900952.2611925375,"[0.3333333333333333, 0.3333333333333333, 0.3333333333333333]"
7923,684.6894673253948,307319.500944959,"[0.3333333333333333, 0.3333333333333333, 0.3333333333333333]"
7924,60.993231949482606,237083.14690024365,"[0.3333333333333333, 0.3333333333333333, 0.3333333333333333]"
7925,603.0903802346714,178114.95505627862,"[0.3333333333333333, 0.3333333333333333, 0.3333333333333333]"
7926,340.89327444711694,501701.5067522789,"[0.3333333333333333, 0.3333333333333333, 0.3333333333333333]"
7927,85.99803837577211,430594.689766087,"[0.3333333333333333, 0.3333333333333333, 0.3333333333333333]"
7928,752.2131694659802,918475.1781637183,"[0.3333333333333333, 0.3333333333333333, 0.3333333333333333]"
7929,631.1120538259149,234302.52677615773,"[0.3333333333333333, 0.3333333333333333, 0.3333333333333333]"
7930,838.4032953036938,127296.92335307876,"[0.3333333333333333, 0.3333333333333333, 0.3333333333333333]"
7931,251.77708328444564,517820.86142608296,"[0.3333333333333333, 0.3333333333333333, 0.3333333333333333]"
7932,612.3094167418521,766073.0518046523,"[0.3333333333333333, 0.3333333333333333, 0.3333333333333333]"
7933,779.5093371494361,970301.9414766299,"[0.3333333333333333, 0.3333333333333333, 0.3333333333333333]"
7934,727.603658532491,794161.2337583705,"[0.3333333333333333, 0.3333333333333333, 0.3333333333333333]"
7935,986.6537869762783,786310.867778534,"[0.3333333333333333, 0.3333333333333333, 0.3333333333333333]"
7936,95.24599025717728,566562.1488637112,"[0.3333333333333333, 0.3333333333333333, 0.3333333333333333]"
7937,158.7019241212656,156516.1732662176,"[0.3333333333333333, 0.3333333333333333, 0.3333333333333333]"
7938,745.6580730814362,894548.3988703572,"[0.3333333333333333, 0.3333333333333333, 0.3333333333333333]"
7939,914.1673357512142,194272.4673155861,"[0.3333333333333333, 0.3333333333333333, 0.3333333333333333]"
7940,698.7803491140314,157261.8408101959,"[0.3333333333333333, 0.3333333333333333, 0.3333333333333333]"
7941,905.4535763288569,176143.7547422464,"[0.3333333333333333, 0.3333333333333333, 0.3333333333333333]"
7942,357.92097806333135,454982.2938382245,"[0.3333333333333333, 0.3333333333333333, 0.3333333333333333]"
7943,294.71545949846603,723861.5200444272,"[0.3333333333333333, 0.3333333333333333, 0.3333333333333333]"
7944,44.589152318439524,898484.5725426393,"[0.3333333333333333, 0.3333333333333333, 0.3333333333333333]"
7945,222.95065225271463,143771.68768324444,"[0.3333333333333333, 0.3333333333333333, 0.3333333333333333]"
7946,680.7313144960929,327037.47533563117,"[0.3333333333333333, 0.3333333333333333, 0.3333333333333333]"
7947,532.8730696609691,120756.80283776515,"[0.3333333333333333, 0.3333333333333333, 0.3333333333333333]"
7948,711.8144493894554,248796.75303498845,"[0.3333333333333333, 0.3333333333333333, 0.3333333333333333]"
7949,883.1096202837288,776340.8695683727,"[0.3333333333333333, 0.3333333333333333, 0.3333333333333333]"
7950,545.5918786197809,156489.2300157654,"[0.3333333333333333, 0.3333333333333333, 0.3333333333333333]"
7951,966.8475396859117,970333.376298016,"[0.3333333333333333, 0.3333333333333333, 0.3333333333333333]"
7952,58.63158598581533,624500.9188248942,"[0.3333333333333333, 0.3333333333333333, 0.3333333333333333]"
7953,44.8579749786933,525149.5579130716,"[0.3333333333333333, 0.3333333333333333, 0.3333333333333333]"
7954,452.4546161563634,773324.816900746,"[0.3333333333333333, 0.3333333333333333, 0.3333333333333333]"
7955,184.36785250878032,724474.0475955334,"[0.3333333333333333, 0.3333333333333333, 0.3333333333333333]"
7956,63.01984617163236,808164.1494965216,"[0.3333333333333333, 0.3333333333333333, 0.3333333333333333]"
7957,434.3665415680518,447282.38843878696,"[0.3333333333333333, 0.3333333333333333, 0.3333333333333333]"
7958,211.4974754841011,919159.9887425954,"[0.3333333333333333, 0.3333333333333333, 0.3333333333333333]"
7959,910.8331747753454,851840.1492185285,"[0.3333333333333333, 0.3333333333333333, 0.3333333333333333]"
7960,761.2111575865265,612205.8085722991,"[0.3333333333333333, 0.3333333333333333, 0.3333333333333333]"
7961,646.9173135095485,553781.6441759558,"[0.3333333333333333, 0.3333333333333333, 0.3333333333333333]"
7962,437.8466225364091,169466.16722534332,"[0.3333333333333333, 0.3333333333333333, 0.3333333333333333]"
7963,82.44300164895193,455897.6241160058,"[0.3333333333333333, 0.3333333333333333, 0.3333333333333333]"
7964,84.52473401130077,115455.97975148328,"[0.3333333333333333, 0.3333333333333333, 0.3333333333333333]"
7965,639.986090464644,440450.4425905661,"[0.3333333333333333, 0.3333333333333333, 0.3333333333333333]"
7966,381.046474867518,107735.3489196282,"[0.3333333333333333, 0.3333333333333333, 0.3333333333333333]"
7967,609.7220378285521,163686.42500125084,"[0.3333333333333333, 0.3333333333333333, 0.3333333333333333]"
7968,889.4578701737407,151897.79638345374,"[0.3333333333333333, 0.3333333333333333, 0.3333333333333333]"
7969,112.6831042672837,807644.5633538938,"[0.3333333333333333, 0.3333333333333333, 0.3333333333333333]"
7970,415.6490907214954,200775.35703320082,"[0.3333333333333333, 0.3333333333333333, 0.3333333333333333]"
7971,940.3937457340533,871017.569443491,"[0.3333333333333333, 0.3333333333333333, 0.3333333333333333]"
7972,96.63258227819048,326711.5020876521,"[0.3333333333333333, 0.3333333333333333, 0.3333333333333333]"
7973,404.16315546710484,477181.32304761413,"[0.3333333333333333, 0.3333333333333333, 0.3333333333333333]"
7974,140.27350641572218,333863.0226700044,"[0.3333333333333333, 0.3333333333333333, 0.3333333333333333]"
7975,463.5592489977061,689987.8840492469,"[0.3333333333333333, 0.3333333333333333, 0.3333333333333333]"
7976,355.3244640523303,371327.415001757,"[0.3333333333333333, 0.3333333333333333, 0.3333333333333333]"
7977,738.9736237265254,861642.3618452726,"[0.3333333333333333, 0.3333333333333333, 0.3333333333333333]"
7978,106.26593788489926,510118.8844042214,"[0.3333333333333333, 0.3333333333333333, 0.3333333333333333]"
7979,564.6532458795772,532348.5195306232,"[0.3333333333333333, 0.3333333333333333, 0.3333333333333333]"
7980,252.61157811453586,381400.05927975656,"[0.3333333333333333, 0.3333333333333333, 0.3333333333333333]"
7981,915.2044680085767,452200.2589981737,"[0.3333333333333333, 0.3333333333333333, 0.3333333333333333]"
7982,115.03309966172135,770876.6048188829,"[0.3333333333333333, 0.3333333333333333, 0.3333333333333333]"
7983,942.7030051417286,744639.0763478965,"[0.3333333333333333, 0.3333333333333333, 0.3333333333333333]"
7984,422.2006783071485,302560.54003144416,"[0.3333333333333333, 0.3333333333333333, 0.3333333333333333]"
7985,623.7933582246005,470115.4494723386,"[0.3333333333333333, 0.3333333333333333, 0.3333333333333333]"
7986,612.1830765628013,858679.9582870955,"[0.3333333333333333, 0.3333333333333333, 0.3333333333333333]"
7987,246.12380439619125,932284.130514869,"[0.3333333333333333, 0.3333333333333333, 0.3333333333333333]"
7988,869.9723296194288,312885.434816035,"[0.3333333333333333, 0.3333333333333333, 0.3333333333333333]"
7989,293.95426329206856,607510.3871444827,"[0.3333333333333333, 0.3333333333333333, 0.3333333333333333]"
7990,409.1017624837197,161741.38964091413,"[0.3333333333333333, 0.3333333333333333, 0.3333333333333333]"
7991,920.5548727798919,730084.3526046302,"[0.3333333333333333, 0.3333333333333333, 0.3333333333333333]"
7992,984.8217665326495,934740.548945875,"[0.3333333333333333, 0.3333333333333333, 0.3333333333333333]"
7993,276.0738772593074,824385.1854786439,"[0.3333333333333333, 0.3333333333333333, 0.3333333333333333]"
7994,101.80844848167,617202.7540392368,"[0.3333333333333333, 0.3333333333333333, 0.3333333333333333]"
7995,692.7931304708167,373851.9128578692,"[0.3333333333333333, 0.3333333333333333, 0.3333333333333333]"
7996,71.21268221300349,533189.5108312494,"[0.3333333333333333, 0.3333333333333333, 0.3333333333333333]"
7997,323.0128162178563,185844.74424396607,"[0.3333333333333333, 0.3333333333333333, 0.3333333333333333]"
7998,558.756897281652,905668.9528194249,"[0.3333333333333333, 0.3333333333333333, 0.3333333333333333]"
7999,543.105182348849,746168.426570124,"[0.3333333333333333, 0.3333333333333333, 0.3333333333333333]"
8000,201.0843605837729,100852.58241892108,"[0.3333333333333333, 0.3333333333333333, 0.3333333333333333]"
8001,917.5613046538541,287793.84400539583,"[0.3333333333333333, 0.3333333333333333, 0.3333333333333333]"
8002,831.008437666059,946375.6087425946,"[0.3333333333333333, 0.3333333333333333, 0.3333333333333333]"
8003,974.7555717347451,710692.6701986089,"[0.3333333333333333, 0.3333333333333333, 0.3333333333333333]"
8004,797.7099077677,291930.46675950475,"[0.3333333333333333, 0.3333333333333333, 0.3333333333333333]"
8005,392.17828377794655,872426.8252158755,"[0.3333333333333333, 0.3333333333333333, 0.3333333333333333]"
8006,593.9265086388815,771012.3622436695,"[0.3333333333333333, 0.3333333333333333, 0.3333333333333333]"
8007,521.9197483913574,419866.0090634296,"[0.3333333333333333, 0.3333333333333333, 0.3333333333333333]"
8008,534.2774026320103,683907.6581396704,"[0.3333333333333333, 0.3333333333333333, 0.3333333333333333]"
8009,318.1093718301333,945062.8418457768,"[0.3333333333333333, 0.3333333333333333, 0.3333333333333333]"
8010,379.15433826788694,399181.2670837487,"[0.3333333333333333, 0.3333333333333333, 0.3333333333333333]"
8011,556.0845352925297,523685.8481462494,"[0.3333333333333333, 0.3333333333333333, 0.3333333333333333]"
8012,451.5964630514846,541895.1515370612,"[0.3333333333333333, 0.3333333333333333, 0.3333333333333333]"
8013,24.973797530606873,992911.9327413854,"[0.3333333333333333, 0.3333333333333333, 0.3333333333333333]"
8014,326.5215644078572,694244.9425325997,"[0.3333333333333333, 0.3333333333333333, 0.3333333333333333]"
8015,69.62420788141787,573440.4773027888,"[0.3333333333333333, 0.3333333333333333, 0.3333333333333333]"
8016,266.5111871467445,165057.81520888483,"[0.3333333333333333, 0.3333333333333333, 0.3333333333333333]"
8017,816.2250170893337,513978.3295346513,"[0.3333333333333333, 0.3333333333333333, 0.3333333333333333]"
8018,156.86559837369919,715236.7631008213,"[0.3333333333333333, 0.3333333333333333, 0.3333333333333333]"
8019,867.5328763049768,698214.3017170058,"[0.3333333333333333, 0.3333333333333333, 0.3333333333333333]"
8020,826.5446942601285,757418.6894046055,"[0.3333333333333333, 0.3333333333333333, 0.3333333333333333]"
8021,637.3176616912633,171564.99650186492,"[0.3333333333333333, 0.3333333333333333, 0.3333333333333333]"
8022,602.5445963157609,551369.4708682925,"[0.3333333333333333, 0.3333333333333333, 0.3333333333333333]"
8023,973.329248222916,366388.4964544297,"[0.3333333333333333, 0.3333333333333333, 0.3333333333333333]"
8024,825.2671355470764,881720.5423996012,"[0.3333333333333333, 0.3333333333333333, 0.3333333333333333]"
8025,300.2478277809933,699252.3727756446,"[0.3333333333333333, 0.3333333333333333, 0.3333333333333333]"
8026,906.556574126024,585377.6194737474,"[0.3333333333333333, 0.3333333333333333, 0.3333333333333333]"
8027,102.07801605016932,235133.31968900867,"[0.3333333333333333, 0.3333333333333333, 0.3333333333333333]"
8028,132.10551331448386,100999.54899806387,"[0.3333333333333333, 0.3333333333333333, 0.3333333333333333]"
8029,456.3459520851009,612164.5618467773,"[0.3333333333333333, 0.3333333333333333, 0.3333333333333333]"
8030,964.638661559546,770230.5129303605,"[0.3333333333333333, 0.3333333333333333, 0.3333333333333333]"
8031,674.0365113899343,762736.5447146662,"[0.3333333333333333, 0.3333333333333333, 0.3333333333333333]"
8032,464.5394439741038,724761.0134217157,"[0.3333333333333333, 0.3333333333333333, 0.3333333333333333]"
8033,738.0829954146394,363219.23506702075,"[0.3333333333333333, 0.3333333333333333, 0.3333333333333333]"
8034,654.9994912702302,922139.8571083305,"[0.3333333333333333, 0.3333333333333333, 0.3333333333333333]"
8035,181.29589051944353,276783.94453951716,"[0.3333333333333333, 0.3333333333333333, 0.3333333333333333]"
8036,999.0395385531134,705662.0749704035,"[0.3333333333333333, 0.3333333333333333, 0.3333333333333333]"
8037,539.1924590347633,784916.624878054,"[0.3333333333333333, 0.3333333333333333, 0.3333333333333333]"
8038,238.27732608446772,592502.0586184368,"[0.3333333333333333, 0.3333333333333333, 0.3333333333333333]"
8039,935.5325849624494,439069.6323107871,"[0.3333333333333333, 0.3333333333333333, 0.3333333333333333]"
8040,769.0958183265883,953225.5397486098,"[0.3333333333333333, 0.3333333333333333, 0.3333333333333333]"
8041,35.34559436795864,620792.5060368349,"[0.3333333333333333, 0.3333333333333333, 0.3333333333333333]"
8042,871.3295880653853,358435.87643403886,"[0.3333333333333333, 0.3333333333333333, 0.3333333333333333]"
8043,822.8592488172512,573482.7019799228,"[0.3333333333333333, 0.3333333333333333, 0.3333333333333333]"
8044,460.0444970427553,224591.4797643883,"[0.3333333333333333, 0.3333333333333333, 0.3333333333333333]"
8045,547.7127398865064,653540.5243033633,"[0.3333333333333333, 0.3333333333333333, 0.3333333333333333]"
8046,831.2157194267189,759938.0320578369,"[0.3333333333333333, 0.3333333333333333, 0.3333333333333333]"
8047,476.23548127187894,104939.81753069672,"[0.3333333333333333, 0.3333333333333333, 0.3333333333333333]"
8048,806.1064508625415,226154.5020526272,"[0.3333333333333333, 0.3333333333333333, 0.3333333333333333]"
8049,539.2659601912297,954026.1332360546,"[0.3333333333333333, 0.3333333333333333, 0.3333333333333333]"
8050,23.711277860726643,321757.75854027324,"[0.3333333333333333, 0.3333333333333333, 0.3333333333333333]"
8051,932.2053314681423,233184.75026951064,"[0.3333333333333333, 0.3333333333333333, 0.3333333333333333]"
8052,65.95488045905087,418025.0482080102,"[0.3333333333333333, 0.3333333333333333, 0.3333333333333333]"
8053,707.4507198413788,432501.20262428996,"[0.3333333333333333, 0.3333333333333333, 0.3333333333333333]"
8054,343.7383654695795,651941.9062523853,"[0.3333333333333333, 0.3333333333333333, 0.3333333333333333]"
8055,506.2180469259754,276385.7175988473,"[0.3333333333333333, 0.3333333333333333, 0.3333333333333333]"
8056,733.5321520773946,195685.4992035089,"[0.3333333333333333, 0.3333333333333333, 0.3333333333333333]"
8057,285.90444455724094,375011.6906132289,"[0.3333333333333333, 0.3333333333333333, 0.3333333333333333]"
8058,136.50267576814232,544163.3151151147,"[0.3333333333333333, 0.3333333333333333, 0.3333333333333333]"
8059,986.9802819162999,483803.39913701254,"[0.3333333333333333, 0.3333333333333333, 0.3333333333333333]"
8060,997.5866930876892,703577.9388009441,"[0.3333333333333333, 0.3333333333333333, 0.3333333333333333]"
8061,670.4799894185498,640292.9178358511,"[0.3333333333333333, 0.3333333333333333, 0.3333333333333333]"
8062,904.554199184544,866753.9288867442,"[0.3333333333333333, 0.3333333333333333, 0.3333333333333333]"
8063,890.7382603799883,708652.5051483006,"[0.3333333333333333, 0.3333333333333333, 0.3333333333333333]"
8064,122.18613028416115,573150.3196216308,"[0.3333333333333333, 0.3333333333333333, 0.3333333333333333]"
8065,689.8344353613396,210007.00787041476,"[0.3333333333333333, 0.3333333333333333, 0.3333333333333333]"
8066,641.4485583316517,207969.54945830174,"[0.3333333333333333, 0.3333333333333333, 0.3333333333333333]"
8067,561.5889169445936,199428.63492217165,"[0.3333333333333333, 0.3333333333333333, 0.3333333333333333]"
8068,237.2533664185537,972709.0824265503,"[0.3333333333333333, 0.3333333333333333, 0.3333333333333333]"
8069,915.2368571466204,553979.2411539726,"[0.3333333333333333, 0.3333333333333333, 0.3333333333333333]"
8070,789.3719348356426,190593.84459879226,"[0.3333333333333333, 0.3333333333333333, 0.3333333333333333]"
8071,517.9809930226986,100083.58509470204,"[0.3333333333333333, 0.3333333333333333, 0.3333333333333333]"
8072,757.2789876941393,492895.0863876656,"[0.3333333333333333, 0.3333333333333333, 0.3333333333333333]"
8073,377.54305376294917,347168.11863355024,"[0.3333333333333333, 0.3333333333333333, 0.3333333333333333]"
8074,488.9714818711491,970440.788487057,"[0.3333333333333333, 0.3333333333333333, 0.3333333333333333]"
8075,518.7349846976429,391939.86341654713,"[0.3333333333333333, 0.3333333333333333, 0.3333333333333333]"
8076,755.9041278546194,442387.03697868605,"[0.3333333333333333, 0.3333333333333333, 0.3333333333333333]"
8077,500.799693070092,252361.2268712809,"[0.3333333333333333, 0.3333333333333333, 0.3333333333333333]"
8078,223.55437995679014,414559.6813451432,"[0.3333333333333333, 0.3333333333333333, 0.3333333333333333]"
8079,482.8872757738855,897077.9984845003,"[0.3333333333333333, 0.3333333333333333, 0.3333333333333333]"
8080,501.8411284226161,725168.7414763877,"[0.3333333333333333, 0.3333333333333333, 0.3333333333333333]"
8081,670.3207196956294,443777.6142180597,"[0.3333333333333333, 0.3333333333333333, 0.3333333333333333]"
8082,653.0302440004624,330514.58533342276,"[0.3333333333333333, 0.3333333333333333, 0.3333333333333333]"
8083,519.7844915444855,939691.9788340344,"[0.3333333333333333, 0.3333333333333333, 0.3333333333333333]"
8084,716.5912082705784,856116.9712974719,"[0.3333333333333333, 0.3333333333333333, 0.3333333333333333]"
8085,190.3651871104488,660651.9459296755,"[0.3333333333333333, 0.3333333333333333, 0.3333333333333333]"
8086,271.0165117350196,799895.4632834309,"[0.3333333333333333, 0.3333333333333333, 0.3333333333333333]"
8087,868.886434054651,444137.55761930643,"[0.3333333333333333, 0.3333333333333333, 0.3333333333333333]"
8088,347.06301601280944,373518.8710639371,"[0.3333333333333333, 0.3333333333333333, 0.3333333333333333]"
8089,594.364982630918,873344.1206240433,"[0.3333333333333333, 0.3333333333333333, 0.3333333333333333]"
8090,431.21133135374066,504449.015486664,"[0.3333333333333333, 0.3333333333333333, 0.3333333333333333]"
8091,238.1906705179427,297017.32590048236,"[0.3333333333333333, 0.3333333333333333, 0.3333333333333333]"
8092,995.8827949888127,878166.6940566738,"[0.3333333333333333, 0.3333333333333333, 0.3333333333333333]"
8093,107.24463071294703,389602.5439253603,"[0.3333333333333333, 0.3333333333333333, 0.3333333333333333]"
8094,75.27373942854057,897565.4609996754,"[0.3333333333333333, 0.3333333333333333, 0.3333333333333333]"
8095,547.5997973962795,785661.3322818498,"[0.3333333333333333, 0.3333333333333333, 0.3333333333333333]"
8096,235.52948386671858,718937.1518883603,"[0.3333333333333333, 0.3333333333333333, 0.3333333333333333]"
8097,964.3770954440714,220667.83240573807,"[0.3333333333333333, 0.3333333333333333, 0.3333333333333333]"
8098,325.43060179816825,462227.03948102985,"[0.3333333333333333, 0.3333333333333333, 0.3333333333333333]"
8099,344.01774863412885,501665.44623098505,"[0.3333333333333333, 0.3333333333333333, 0.3333333333333333]"
8100,544.9086472103334,687544.2877031154,"[0.3333333333333333, 0.3333333333333333, 0.3333333333333333]"
8101,570.6297698376779,777719.3060484909,"[0.3333333333333333, 0.3333333333333333, 0.3333333333333333]"
8102,672.0034876194075,946041.3974102854,"[0.3333333333333333, 0.3333333333333333, 0.3333333333333333]"
8103,839.2312923308829,203989.97371986392,"[0.3333333333333333, 0.3333333333333333, 0.3333333333333333]"
8104,739.4428323647925,269038.8896262788,"[0.3333333333333333, 0.3333333333333333, 0.3333333333333333]"
8105,398.9720968742934,377445.2482293981,"[0.3333333333333333, 0.3333333333333333, 0.3333333333333333]"
8106,875.3926829073172,110442.5194165822,"[0.3333333333333333, 0.3333333333333333, 0.3333333333333333]"
8107,84.1423678644392,417932.2949503547,"[0.3333333333333333, 0.3333333333333333, 0.3333333333333333]"
8108,751.015872910223,436763.4590899574,"[0.3333333333333333, 0.3333333333333333, 0.3333333333333333]"
8109,64.52102330002106,331616.8012914156,"[0.3333333333333333, 0.3333333333333333, 0.3333333333333333]"
8110,798.0346163058673,273380.0978815933,"[0.3333333333333333, 0.3333333333333333, 0.3333333333333333]"
8111,411.0932074280777,217229.84699951624,"[0.3333333333333333, 0.3333333333333333, 0.3333333333333333]"
8112,36.54559766934953,699650.3192323488,"[0.3333333333333333, 0.3333333333333333, 0.3333333333333333]"
8113,179.97377315387726,513758.1870552935,"[0.3333333333333333, 0.3333333333333333, 0.3333333333333333]"
8114,361.9644380880525,651016.7886490382,"[0.3333333333333333, 0.3333333333333333, 0.3333333333333333]"
8115,157.445669661086,297912.1721554139,"[0.3333333333333333, 0.3333333333333333, 0.3333333333333333]"
8116,732.8961443424124,232979.61950450006,"[0.3333333333333333, 0.3333333333333333, 0.3333333333333333]"
8117,379.5280460312842,288311.25094574963,"[0.3333333333333333, 0.3333333333333333, 0.3333333333333333]"
8118,637.3053068206432,290140.7722780802,"[0.3333333333333333, 0.3333333333333333, 0.3333333333333333]"
8119,87.29539013404322,121835.971953044,"[0.3333333333333333, 0.3333333333333333, 0.3333333333333333]"
8120,467.8708937810872,123756.77322837948,"[0.3333333333333333, 0.3333333333333333, 0.3333333333333333]"
8121,476.15610767659257,499415.9662699423,"[0.3333333333333333, 0.3333333333333333, 0.3333333333333333]"
8122,805.8601444189424,185350.3806825158,"[0.3333333333333333, 0.3333333333333333, 0.3333333333333333]"
8123,137.4760124833058,150116.69181615624,"[0.3333333333333333, 0.3333333333333333, 0.3333333333333333]"
8124,324.0444432185072,797480.1855241264,"[0.3333333333333333, 0.3333333333333333, 0.3333333333333333]"
8125,511.8968002941335,104127.00365464525,"[0.3333333333333333, 0.3333333333333333, 0.3333333333333333]"
8126,39.39233214295518,633141.6080002681,"[0.3333333333333333, 0.3333333333333333, 0.3333333333333333]"
8127,105.48462711866101,821365.9155942521,"[0.3333333333333333, 0.3333333333333333, 0.3333333333333333]"
8128,109.97716432109927,238355.78651401744,"[0.3333333333333333, 0.3333333333333333, 0.3333333333333333]"
8129,915.1472921277154,602015.0659511767,"[0.3333333333333333, 0.3333333333333333, 0.3333333333333333]"
8130,665.2669465460394,332881.43865911127,"[0.3333333333333333, 0.3333333333333333, 0.3333333333333333]"
8131,979.7131860934542,426831.2223821999,"[0.3333333333333333, 0.3333333333333333, 0.3333333333333333]"
8132,944.1836993749528,266496.0257866923,"[0.3333333333333333, 0.3333333333333333, 0.3333333333333333]"
8133,211.85549179777013,335290.7747101223,"[0.3333333333333333, 0.3333333333333333, 0.3333333333333333]"
8134,799.273487207067,397970.1186941873,"[0.3333333333333333, 0.3333333333333333, 0.3333333333333333]"
8135,760.6393071848845,682299.3733726062,"[0.3333333333333333, 0.3333333333333333, 0.3333333333333333]"
8136,636.5064318532307,865937.7662247523,"[0.3333333333333333, 0.3333333333333333, 0.3333333333333333]"
8137,434.0469667447857,344903.28015611286,"[0.3333333333333333, 0.3333333333333333, 0.3333333333333333]"
8138,858.2668063535893,295896.0168335875,"[0.3333333333333333, 0.3333333333333333, 0.3333333333333333]"
8139,728.5540517579234,933583.177914225,"[0.3333333333333333, 0.3333333333333333, 0.3333333333333333]"
8140,503.4313889965105,617283.134117329,"[0.3333333333333333, 0.3333333333333333, 0.3333333333333333]"
8141,512.6157897076976,457562.34205873695,"[0.3333333333333333, 0.3333333333333333, 0.3333333333333333]"
8142,108.13199369242676,988504.2665221394,"[0.3333333333333333, 0.3333333333333333, 0.3333333333333333]"
8143,79.63211728034162,373366.55564946524,"[0.3333333333333333, 0.3333333333333333, 0.3333333333333333]"
8144,515.7681419409121,417833.70762361004,"[0.3333333333333333, 0.3333333333333333, 0.3333333333333333]"
8145,956.1051955193988,298524.00369240623,"[0.3333333333333333, 0.3333333333333333, 0.3333333333333333]"
8146,162.29732676071077,495155.0002628822,"[0.3333333333333333, 0.3333333333333333, 0.3333333333333333]"
8147,520.5693735489974,283322.06607840466,"[0.3333333333333333, 0.3333333333333333, 0.3333333333333333]"
8148,520.8986604837507,878421.5242232875,"[0.3333333333333333, 0.3333333333333333, 0.3333333333333333]"
8149,146.29184453889846,251628.03054588425,"[0.3333333333333333, 0.3333333333333333, 0.3333333333333333]"
8150,125.49275937603767,324279.701688838,"[0.3333333333333333, 0.3333333333333333, 0.3333333333333333]"
8151,94.20714005348563,153834.60767859052,"[0.3333333333333333, 0.3333333333333333, 0.3333333333333333]"
8152,812.6795546751285,359929.1560723736,"[0.3333333333333333, 0.3333333333333333, 0.3333333333333333]"
8153,41.83328811192402,881978.0717176135,"[0.3333333333333333, 0.3333333333333333, 0.3333333333333333]"
8154,505.4659344465626,800414.3841026368,"[0.3333333333333333, 0.3333333333333333, 0.3333333333333333]"
8155,874.1405807240578,563664.270244778,"[0.3333333333333333, 0.3333333333333333, 0.3333333333333333]"
8156,752.6873848421294,552940.3722879143,"[0.3333333333333333, 0.3333333333333333, 0.3333333333333333]"
8157,878.6754719960088,769770.2400195714,"[0.3333333333333333, 0.3333333333333333, 0.3333333333333333]"
8158,331.5013710324594,970160.780682745,"[0.3333333333333333, 0.3333333333333333, 0.3333333333333333]"
8159,495.09354911832514,985571.4662175551,"[0.3333333333333333, 0.3333333333333333, 0.3333333333333333]"
8160,973.1641426221958,456401.56710291415,"[0.3333333333333333, 0.3333333333333333, 0.3333333333333333]"
8161,411.65755304017824,899671.1580678606,"[0.3333333333333333, 0.3333333333333333, 0.3333333333333333]"
8162,639.6067930674816,831763.2074553543,"[0.3333333333333333, 0.3333333333333333, 0.3333333333333333]"
8163,305.15966720799287,608301.1501706997,"[0.3333333333333333, 0.3333333333333333, 0.3333333333333333]"
8164,680.2381095246762,324066.8640208449,"[0.3333333333333333, 0.3333333333333333, 0.3333333333333333]"
8165,29.458841861662147,539326.360311908,"[0.3333333333333333, 0.3333333333333333, 0.3333333333333333]"
8166,841.5702187611283,884539.2505571283,"[0.3333333333333333, 0.3333333333333333, 0.3333333333333333]"
8167,454.77351931920435,351127.30934604874,"[0.3333333333333333, 0.3333333333333333, 0.3333333333333333]"
8168,833.8109311455185,726430.9947916616,"[0.3333333333333333, 0.3333333333333333, 0.3333333333333333]"
8169,705.0275878276303,457933.6762329738,"[0.3333333333333333, 0.3333333333333333, 0.3333333333333333]"
8170,100.9815399697915,951244.2376835663,"[0.3333333333333333, 0.3333333333333333, 0.3333333333333333]"
8171,382.17217909800706,633456.7498651621,"[0.3333333333333333, 0.3333333333333333, 0.3333333333333333]"
8172,314.6941400489306,710977.5436216994,"[0.3333333333333333, 0.3333333333333333, 0.3333333333333333]"
8173,312.77343526346453,442853.5047160057,"[0.3333333333333333, 0.3333333333333333, 0.3333333333333333]"
8174,944.2262157824215,151870.7421329054,"[0.3333333333333333, 0.3333333333333333, 0.3333333333333333]"
8175,949.9782118115563,644608.6836149474,"[0.3333333333333333, 0.3333333333333333, 0.3333333333333333]"
8176,17.27011370138727,452720.6777470272,"[0.3333333333333333, 0.3333333333333333, 0.3333333333333333]"
8177,549.2317010601503,737147.4134357161,"[0.3333333333333333, 0.3333333333333333, 0.3333333333333333]"
8178,304.3444804981773,735247.4181510456,"[0.3333333333333333, 0.3333333333333333, 0.3333333333333333]"
8179,937.3893688850386,818206.9982558927,"[0.3333333333333333, 0.3333333333333333, 0.3333333333333333]"
8180,689.5586757532396,432391.6768764283,"[0.3333333333333333, 0.3333333333333333, 0.3333333333333333]"
8181,702.7992294550654,402794.96736728784,"[0.3333333333333333, 0.3333333333333333, 0.3333333333333333]"
8182,808.544199392602,442136.8606691267,"[0.3333333333333333, 0.3333333333333333, 0.3333333333333333]"
8183,587.2399350705952,812677.48071348,"[0.3333333333333333, 0.3333333333333333, 0.3333333333333333]"
8184,66.5036152266259,200759.94519642915,"[0.3333333333333333, 0.3333333333333333, 0.3333333333333333]"
8185,920.0125961262924,793710.711227536,"[0.3333333333333333, 0.3333333333333333, 0.3333333333333333]"
8186,963.7316391522537,781604.343430258,"[0.3333333333333333, 0.3333333333333333, 0.3333333333333333]"
8187,566.1909511037411,632086.0074461257,"[0.3333333333333333, 0.3333333333333333, 0.3333333333333333]"
8188,989.5820513758262,475548.0368740043,"[0.3333333333333333, 0.3333333333333333, 0.3333333333333333]"
8189,874.6776983700091,478285.32261933957,"[0.3333333333333333, 0.3333333333333333, 0.3333333333333333]"
8190,546.5954544979337,698955.5710445433,"[0.3333333333333333, 0.3333333333333333, 0.3333333333333333]"
8191,901.0026414339783,933237.1978243011,"[0.3333333333333333, 0.3333333333333333, 0.3333333333333333]"
8192,668.9611392571645,670431.3040804336,"[0.3333333333333333, 0.3333333333333333, 0.3333333333333333]"
8193,395.0367075669,162731.6710235845,"[0.3333333333333333, 0.3333333333333333, 0.3333333333333333]"
8194,441.75114074182954,882362.3481848721,"[0.3333333333333333, 0.3333333333333333, 0.3333333333333333]"
8195,183.22683999951408,190356.9355093415,"[0.3333333333333333, 0.3333333333333333, 0.3333333333333333]"
8196,254.3076921468502,946139.7633122627,"[0.3333333333333333, 0.3333333333333333, 0.3333333333333333]"
8197,334.1686205342776,124537.00683086595,"[0.3333333333333333, 0.3333333333333333, 0.3333333333333333]"
8198,295.4614810248463,576128.0415165813,"[0.3333333333333333, 0.3333333333333333, 0.3333333333333333]"
8199,753.0476848813697,532433.3870952365,"[0.3333333333333333, 0.3333333333333333, 0.3333333333333333]"
8200,125.02048326510939,925291.6093855095,"[0.3333333333333333, 0.3333333333333333, 0.3333333333333333]"
8201,733.2669515701749,749448.0187731964,"[0.3333333333333333, 0.3333333333333333, 0.3333333333333333]"
8202,535.8176080148352,609443.8698404082,"[0.3333333333333333, 0.3333333333333333, 0.3333333333333333]"
8203,326.0302376758092,375257.9730453232,"[0.3333333333333333, 0.3333333333333333, 0.3333333333333333]"
8204,636.4187788217338,137687.48417965346,"[0.3333333333333333, 0.3333333333333333, 0.3333333333333333]"
8205,608.8405010741474,845068.6900675221,"[0.3333333333333333, 0.3333333333333333, 0.3333333333333333]"
8206,98.47688614886846,316589.32335726963,"[0.3333333333333333, 0.3333333333333333, 0.3333333333333333]"
8207,361.97663865548293,786994.124761112,"[0.3333333333333333, 0.3333333333333333, 0.3333333333333333]"
8208,610.6382311055409,712643.220279232,"[0.3333333333333333, 0.3333333333333333, 0.3333333333333333]"
8209,212.7126911002382,880678.7347443086,"[0.3333333333333333, 0.3333333333333333, 0.3333333333333333]"
8210,582.8226094694495,757483.7635008044,"[0.3333333333333333, 0.3333333333333333, 0.3333333333333333]"
8211,682.8691045725683,973486.899506267,"[0.3333333333333333, 0.3333333333333333, 0.3333333333333333]"
8212,885.1321658900621,700500.2968762472,"[0.3333333333333333, 0.3333333333333333, 0.3333333333333333]"
8213,209.3163729049403,180102.61980570445,"[0.3333333333333333, 0.3333333333333333, 0.3333333333333333]"
8214,694.4847178449119,726705.8023489793,"[0.3333333333333333, 0.3333333333333333, 0.3333333333333333]"
8215,748.0554242446347,680786.3440648841,"[0.3333333333333333, 0.3333333333333333, 0.3333333333333333]"
8216,322.33169518470834,145242.20968657584,"[0.3333333333333333, 0.3333333333333333, 0.3333333333333333]"
8217,410.0993415059174,270655.9155801409,"[0.3333333333333333, 0.3333333333333333, 0.3333333333333333]"
8218,495.0606563413828,270048.54818439775,"[0.3333333333333333, 0.3333333333333333, 0.3333333333333333]"
8219,60.501023647012246,658646.3186524775,"[0.3333333333333333, 0.3333333333333333, 0.3333333333333333]"
8220,547.7072014234526,781526.7130043862,"[0.3333333333333333, 0.3333333333333333, 0.3333333333333333]"
8221,772.1802250173221,948356.2875409295,"[0.3333333333333333, 0.3333333333333333, 0.3333333333333333]"
8222,710.8289956084753,505157.9602710076,"[0.3333333333333333, 0.3333333333333333, 0.3333333333333333]"
8223,369.5355097224162,962186.7169168253,"[0.3333333333333333, 0.3333333333333333, 0.3333333333333333]"
8224,362.6823538899679,257582.16344670655,"[0.3333333333333333, 0.3333333333333333, 0.3333333333333333]"
8225,337.4422581622491,132474.199854823,"[0.3333333333333333, 0.3333333333333333, 0.3333333333333333]"
8226,943.555142964625,256396.6558840336,"[0.3333333333333333, 0.3333333333333333, 0.3333333333333333]"
8227,91.42534645469784,687150.7587143872,"[0.3333333333333333, 0.3333333333333333, 0.3333333333333333]"
8228,415.8791718132725,250965.5579485106,"[0.3333333333333333, 0.3333333333333333, 0.3333333333333333]"
8229,380.2220056243084,867390.4142944118,"[0.3333333333333333, 0.3333333333333333, 0.3333333333333333]"
8230,734.5403618592318,586957.0008584553,"[0.3333333333333333, 0.3333333333333333, 0.3333333333333333]"
8231,205.31079288774066,861314.1519254876,"[0.3333333333333333, 0.3333333333333333, 0.3333333333333333]"
8232,713.3844169445136,538802.6505676964,"[0.3333333333333333, 0.3333333333333333, 0.3333333333333333]"
8233,779.2822515363881,185108.27433721584,"[0.3333333333333333, 0.3333333333333333, 0.3333333333333333]"
8234,324.01972200031236,269015.6319847464,"[0.3333333333333333, 0.3333333333333333, 0.3333333333333333]"
8235,880.6338634063854,515562.1681056344,"[0.3333333333333333, 0.3333333333333333, 0.3333333333333333]"
8236,587.9138488955932,297103.9122296817,"[0.3333333333333333, 0.3333333333333333, 0.3333333333333333]"
8237,828.9726311814954,727537.5587771179,"[0.3333333333333333, 0.3333333333333333, 0.3333333333333333]"
8238,854.2544077215761,355586.6087489793,"[0.3333333333333333, 0.3333333333333333, 0.3333333333333333]"
8239,308.0457881442739,541873.3186219032,"[0.3333333333333333, 0.3333333333333333, 0.3333333333333333]"
8240,418.55169703632754,381199.1932223309,"[0.3333333333333333, 0.3333333333333333, 0.3333333333333333]"
8241,292.4007281908963,778534.4415261685,"[0.3333333333333333, 0.3333333333333333, 0.3333333333333333]"
8242,763.8773134231456,973577.0393986888,"[0.3333333333333333, 0.3333333333333333, 0.3333333333333333]"
8243,499.6614322227541,889874.3501713678,"[0.3333333333333333, 0.3333333333333333, 0.3333333333333333]"
8244,903.2106830271674,162880.92016615695,"[0.3333333333333333, 0.3333333333333333, 0.3333333333333333]"
8245,693.2739908623646,391591.54842124454,"[0.3333333333333333, 0.3333333333333333, 0.3333333333333333]"
8246,903.8206215521794,101431.81310549991,"[0.3333333333333333, 0.3333333333333333, 0.3333333333333333]"
8247,496.63129003789055,160579.81785490317,"[0.3333333333333333, 0.3333333333333333, 0.3333333333333333]"
8248,552.2715305040948,170306.823344032,"[0.3333333333333333, 0.3333333333333333, 0.3333333333333333]"
8249,265.2995030705167,806625.4434421124,"[0.3333333333333333, 0.3333333333333333, 0.3333333333333333]"
8250,628.1655110838909,289543.2276844353,"[0.3333333333333333, 0.3333333333333333, 0.3333333333333333]"
8251,334.95281373295086,897703.3692103315,"[0.3333333333333333, 0.3333333333333333, 0.3333333333333333]"
8252,468.64863649236065,430033.5117865157,"[0.3333333333333333, 0.3333333333333333, 0.3333333333333333]"
8253,474.34578406313017,896686.7150625411,"[0.3333333333333333, 0.3333333333333333, 0.3333333333333333]"
8254,474.73679059711066,135640.8960499763,"[0.3333333333333333, 0.3333333333333333, 0.3333333333333333]"
8255,742.0800907353902,223795.56298162788,"[0.3333333333333333, 0.3333333333333333, 0.3333333333333333]"
8256,859.2992960318859,212795.26759603037,"[0.3333333333333333, 0.3333333333333333, 0.3333333333333333]"
8257,914.0098585120953,198177.03058141348,"[0.3333333333333333, 0.3333333333333333, 0.3333333333333333]"
8258,401.40180531344134,163208.7367394164,"[0.3333333333333333, 0.3333333333333333, 0.3333333333333333]"
8259,33.73324573897956,322532.6398758009,"[0.3333333333333333, 0.3333333333333333, 0.3333333333333333]"
8260,817.0376606699011,147746.19164535485,"[0.3333333333333333, 0.3333333333333333, 0.3333333333333333]"
8261,311.59119187333806,188678.7465377804,"[0.3333333333333333, 0.3333333333333333, 0.3333333333333333]"
8262,676.8132280855771,974545.7485095786,"[0.3333333333333333, 0.3333333333333333, 0.3333333333333333]"
8263,823.0711006347899,147628.56840325362,"[0.3333333333333333, 0.3333333333333333, 0.3333333333333333]"
8264,696.0887631749301,694953.4877688321,"[0.3333333333333333, 0.3333333333333333, 0.3333333333333333]"
8265,230.19536736718305,809873.1743873933,"[0.3333333333333333, 0.3333333333333333, 0.3333333333333333]"
8266,77.92965811368998,114635.76404075432,"[0.3333333333333333, 0.3333333333333333, 0.3333333333333333]"
8267,446.08718740849594,221914.7515421847,"[0.3333333333333333, 0.3333333333333333, 0.3333333333333333]"
8268,417.1294832983235,930211.669379839,"[0.3333333333333333, 0.3333333333333333, 0.3333333333333333]"
8269,228.15602554664414,445834.2264076046,"[0.3333333333333333, 0.3333333333333333, 0.3333333333333333]"
8270,562.4918569994197,844259.2335705325,"[0.3333333333333333, 0.3333333333333333, 0.3333333333333333]"
8271,329.45028911917075,183927.3048805272,"[0.3333333333333333, 0.3333333333333333, 0.3333333333333333]"
8272,761.3965335629927,504928.2022571551,"[0.3333333333333333, 0.3333333333333333, 0.3333333333333333]"
8273,186.18321779518695,127823.5513042159,"[0.3333333333333333, 0.3333333333333333, 0.3333333333333333]"
8274,835.0423210708058,197703.34885459248,"[0.3333333333333333, 0.3333333333333333, 0.3333333333333333]"
8275,402.9784007358034,656317.7757056738,"[0.3333333333333333, 0.3333333333333333, 0.3333333333333333]"
8276,462.3181317644745,648166.8685513334,"[0.3333333333333333, 0.3333333333333333, 0.3333333333333333]"
8277,97.91481689268247,149541.78007542496,"[0.3333333333333333, 0.3333333333333333, 0.3333333333333333]"
8278,966.7988039387628,128420.4027226026,"[0.3333333333333333, 0.3333333333333333, 0.3333333333333333]"
8279,501.3443416125365,599595.110747304,"[0.3333333333333333, 0.3333333333333333, 0.3333333333333333]"
8280,424.38802317687674,815287.455649464,"[0.3333333333333333, 0.3333333333333333, 0.3333333333333333]"
8281,775.4805978242033,175362.4678566713,"[0.3333333333333333, 0.3333333333333333, 0.3333333333333333]"
8282,572.9143866734661,272734.141144532,"[0.3333333333333333, 0.3333333333333333, 0.3333333333333333]"
8283,720.4352912354959,589598.7411719935,"[0.3333333333333333, 0.3333333333333333, 0.3333333333333333]"
8284,814.1893561126977,432624.9124672778,"[0.3333333333333333, 0.3333333333333333, 0.3333333333333333]"
8285,761.8922242899292,659751.3904617372,"[0.3333333333333333, 0.3333333333333333, 0.3333333333333333]"
8286,733.2884779205958,910281.6471324139,"[0.3333333333333333, 0.3333333333333333, 0.3333333333333333]"
8287,559.8194399902746,365077.9469776048,"[0.3333333333333333, 0.3333333333333333, 0.3333333333333333]"
8288,503.1684286903989,769400.3556058819,"[0.3333333333333333, 0.3333333333333333, 0.3333333333333333]"
8289,719.9043266420114,363035.5374142494,"[0.3333333333333333, 0.3333333333333333, 0.3333333333333333]"
8290,466.3255440707449,311902.61863414303,"[0.3333333333333333, 0.3333333333333333, 0.3333333333333333]"
8291,698.568723606858,618549.0622813338,"[0.3333333333333333, 0.3333333333333333, 0.3333333333333333]"
8292,444.71205463897604,771163.8390525712,"[0.3333333333333333, 0.3333333333333333, 0.3333333333333333]"
8293,568.72443450178,959951.5150336578,"[0.3333333333333333, 0.3333333333333333, 0.3333333333333333]"
8294,278.1661983562075,418119.5275000075,"[0.3333333333333333, 0.3333333333333333, 0.3333333333333333]"
8295,594.246691045364,541224.1037680041,"[0.3333333333333333, 0.3333333333333333, 0.3333333333333333]"
8296,167.7876459949268,443554.3889492351,"[0.3333333333333333, 0.3333333333333333, 0.3333333333333333]"
8297,967.3310260755611,829195.6534712063,"[0.3333333333333333, 0.3333333333333333, 0.3333333333333333]"
8298,891.1529634870284,397425.90662092937,"[0.3333333333333333, 0.3333333333333333, 0.3333333333333333]"
8299,202.4038253001334,465223.6922327569,"[0.3333333333333333, 0.3333333333333333, 0.3333333333333333]"
8300,200.70289835215655,161160.97312264395,"[0.3333333333333333, 0.3333333333333333, 0.3333333333333333]"
8301,772.5373083427578,517657.6803044572,"[0.3333333333333333, 0.3333333333333333, 0.3333333333333333]"
8302,978.6817270683077,855972.717574803,"[0.3333333333333333, 0.3333333333333333, 0.3333333333333333]"
8303,756.971448583563,886175.1369658401,"[0.3333333333333333, 0.3333333333333333, 0.3333333333333333]"
8304,810.0162991899059,599488.1148945158,"[0.3333333333333333, 0.3333333333333333, 0.3333333333333333]"
8305,690.5933613088314,291468.7638792556,"[0.3333333333333333, 0.3333333333333333, 0.3333333333333333]"
8306,537.1985917618297,975443.6699809536,"[0.3333333333333333, 0.3333333333333333, 0.3333333333333333]"
8307,927.6226729935777,256409.1802912621,"[0.3333333333333333, 0.3333333333333333, 0.3333333333333333]"
8308,779.1564128438287,154833.671115974,"[0.3333333333333333, 0.3333333333333333, 0.3333333333333333]"
8309,166.69522653464708,693692.998719673,"[0.3333333333333333, 0.3333333333333333, 0.3333333333333333]"
8310,275.64735368762445,628034.1927535585,"[0.3333333333333333, 0.3333333333333333, 0.3333333333333333]"
8311,491.6667356672138,598594.6750991414,"[0.3333333333333333, 0.3333333333333333, 0.3333333333333333]"
8312,339.9985434562219,808767.4742638096,"[0.3333333333333333, 0.3333333333333333, 0.3333333333333333]"
8313,697.936519458371,319549.43650113477,"[0.3333333333333333, 0.3333333333333333, 0.3333333333333333]"
8314,415.7672221224442,607329.4341300903,"[0.3333333333333333, 0.3333333333333333, 0.3333333333333333]"
8315,423.6477596544722,609094.9190146183,"[0.3333333333333333, 0.3333333333333333, 0.3333333333333333]"
8316,447.4620893401168,280152.50168709166,"[0.3333333333333333, 0.3333333333333333, 0.3333333333333333]"
8317,898.4302847475376,292023.27479521406,"[0.3333333333333333, 0.3333333333333333, 0.3333333333333333]"
8318,768.5559647621972,246148.16391683932,"[0.3333333333333333, 0.3333333333333333, 0.3333333333333333]"
8319,601.6115923873896,433214.7471434835,"[0.3333333333333333, 0.3333333333333333, 0.3333333333333333]"
8320,108.54755577975833,681911.6534030295,"[0.3333333333333333, 0.3333333333333333, 0.3333333333333333]"
8321,51.73689932551286,582588.3960016433,"[0.3333333333333333, 0.3333333333333333, 0.3333333333333333]"
8322,307.98315070884325,300456.58504684194,"[0.3333333333333333, 0.3333333333333333, 0.3333333333333333]"
8323,213.57372840676075,256172.2905068743,"[0.3333333333333333, 0.3333333333333333, 0.3333333333333333]"
8324,57.99835666317149,156196.86898392256,"[0.3333333333333333, 0.3333333333333333, 0.3333333333333333]"
8325,813.3951134735336,171210.95304052238,"[0.3333333333333333, 0.3333333333333333, 0.3333333333333333]"
8326,125.58201184867492,804317.1693576069,"[0.3333333333333333, 0.3333333333333333, 0.3333333333333333]"
8327,573.8237397143259,731070.6364886912,"[0.3333333333333333, 0.3333333333333333, 0.3333333333333333]"
8328,898.7832663305422,467887.8591902134,"[0.3333333333333333, 0.3333333333333333, 0.3333333333333333]"
8329,930.1764853260152,525227.8288071549,"[0.3333333333333333, 0.3333333333333333, 0.3333333333333333]"
8330,564.7686512847483,445055.0149376127,"[0.3333333333333333, 0.3333333333333333, 0.3333333333333333]"
8331,45.08199050354827,467073.0929914763,"[0.3333333333333333, 0.3333333333333333, 0.3333333333333333]"
8332,346.5295858179664,242195.33041603223,"[0.3333333333333333, 0.3333333333333333, 0.3333333333333333]"
8333,918.4341646986765,763133.2868248902,"[0.3333333333333333, 0.3333333333333333, 0.3333333333333333]"
8334,996.4643806319234,570402.6816248816,"[0.3333333333333333, 0.3333333333333333, 0.3333333333333333]"
8335,538.9204484120183,222612.95779579738,"[0.3333333333333333, 0.3333333333333333, 0.3333333333333333]"
8336,926.6569182520807,528269.3159001088,"[0.3333333333333333, 0.3333333333333333, 0.3333333333333333]"
8337,576.300948007286,190280.24028273733,"[0.3333333333333333, 0.3333333333333333, 0.3333333333333333]"
8338,600.5918480433027,945231.0392380629,"[0.3333333333333333, 0.3333333333333333, 0.3333333333333333]"
8339,965.2489709474208,471303.3749489382,"[0.3333333333333333, 0.3333333333333333, 0.3333333333333333]"
8340,547.6948765745719,676239.8199199941,"[0.3333333333333333, 0.3333333333333333, 0.3333333333333333]"
8341,87.08464554935784,714222.6945264618,"[0.3333333333333333, 0.3333333333333333, 0.3333333333333333]"
8342,467.0018409988195,402375.2971168028,"[0.3333333333333333, 0.3333333333333333, 0.3333333333333333]"
8343,976.9836960923469,812733.676737773,"[0.3333333333333333, 0.3333333333333333, 0.3333333333333333]"
8344,137.07432361581994,987178.6521104908,"[0.3333333333333333, 0.3333333333333333, 0.3333333333333333]"
8345,181.10915773945118,386237.52131830883,"[0.3333333333333333, 0.3333333333333333, 0.3333333333333333]"
8346,59.73541503810272,297402.46411981457,"[0.3333333333333333, 0.3333333333333333, 0.3333333333333333]"
8347,272.43153614334886,740359.3784287146,"[0.3333333333333333, 0.3333333333333333, 0.3333333333333333]"
8348,191.96660221290813,438301.2588253568,"[0.3333333333333333, 0.3333333333333333, 0.3333333333333333]"
8349,554.5519422904961,902344.5887735026,"[0.3333333333333333, 0.3333333333333333, 0.3333333333333333]"
8350,904.2419614933991,692244.8457971341,"[0.3333333333333333, 0.3333333333333333, 0.3333333333333333]"
8351,238.37463270698433,661746.2649588869,"[0.3333333333333333, 0.3333333333333333, 0.3333333333333333]"
8352,91.04008517220787,502459.15983585495,"[0.3333333333333333, 0.3333333333333333, 0.3333333333333333]"
8353,401.5971324088421,505702.4406678548,"[0.3333333333333333, 0.3333333333333333, 0.3333333333333333]"
8354,962.6835360228425,450602.02659221535,"[0.3333333333333333, 0.3333333333333333, 0.3333333333333333]"
8355,365.1081762467108,989884.8957595922,"[0.3333333333333333, 0.3333333333333333, 0.3333333333333333]"
8356,240.98710157098986,556581.8234782165,"[0.3333333333333333, 0.3333333333333333, 0.3333333333333333]"
8357,520.2276404330353,793996.6650439954,"[0.3333333333333333, 0.3333333333333333, 0.3333333333333333]"
8358,835.7289745426735,539005.9341882346,"[0.3333333333333333, 0.3333333333333333, 0.3333333333333333]"
8359,132.08151980835095,399615.1536092744,"[0.3333333333333333, 0.3333333333333333, 0.3333333333333333]"
8360,407.10225509787773,228896.5381996077,"[0.3333333333333333, 0.3333333333333333, 0.3333333333333333]"
8361,356.7192918156596,466365.6614791786,"[0.3333333333333333, 0.3333333333333333, 0.3333333333333333]"
8362,855.3182186844122,132446.0737940546,"[0.3333333333333333, 0.3333333333333333, 0.3333333333333333]"
8363,978.5959236137937,965819.7431475397,"[0.3333333333333333, 0.3333333333333333, 0.3333333333333333]"
8364,709.1199165059305,149164.14118486605,"[0.3333333333333333, 0.3333333333333333, 0.3333333333333333]"
8365,411.88461744465417,364500.7834708724,"[0.3333333333333333, 0.3333333333333333, 0.3333333333333333]"
8366,185.4933844911736,902944.7150553409,"[0.3333333333333333, 0.3333333333333333, 0.3333333333333333]"
8367,134.16774254879812,736601.8573723107,"[0.3333333333333333, 0.3333333333333333, 0.3333333333333333]"
8368,949.6602013830276,336251.6135001018,"[0.3333333333333333, 0.3333333333333333, 0.3333333333333333]"
8369,421.1498407391643,327031.22305978986,"[0.3333333333333333, 0.3333333333333333, 0.3333333333333333]"
8370,290.5063764377542,812537.6883922148,"[0.3333333333333333, 0.3333333333333333, 0.3333333333333333]"
8371,746.6209632388801,810741.8915889212,"[0.3333333333333333, 0.3333333333333333, 0.3333333333333333]"
8372,100.93095969938092,878353.1418871548,"[0.3333333333333333, 0.3333333333333333, 0.3333333333333333]"
8373,812.817280585338,283422.7317576809,"[0.3333333333333333, 0.3333333333333333, 0.3333333333333333]"
8374,955.033138045844,970461.4968744607,"[0.3333333333333333, 0.3333333333333333, 0.3333333333333333]"
8375,159.26041937375192,900499.217647962,"[0.3333333333333333, 0.3333333333333333, 0.3333333333333333]"
8376,79.72575843870595,543659.221001103,"[0.3333333333333333, 0.3333333333333333, 0.3333333333333333]"
8377,163.2986000645029,928025.143699674,"[0.3333333333333333, 0.3333333333333333, 0.3333333333333333]"
8378,481.8343063639053,119581.97792824397,"[0.3333333333333333, 0.3333333333333333, 0.3333333333333333]"
8379,582.6156607260588,202871.7388735638,"[0.3333333333333333, 0.3333333333333333, 0.3333333333333333]"
8380,756.6072535780813,548400.8848476333,"[0.3333333333333333, 0.3333333333333333, 0.3333333333333333]"
8381,321.3905002971232,788981.6437970648,"[0.3333333333333333, 0.3333333333333333, 0.3333333333333333]"
8382,162.27804054002152,277479.0083807599,"[0.3333333333333333, 0.3333333333333333, 0.3333333333333333]"
8383,991.3356792507024,667305.7511760824,"[0.3333333333333333, 0.3333333333333333, 0.3333333333333333]"
8384,447.26177807613465,909630.1813279063,"[0.3333333333333333, 0.3333333333333333, 0.3333333333333333]"
8385,791.1677076718685,160610.23774698577,"[0.3333333333333333, 0.3333333333333333, 0.3333333333333333]"
8386,206.0116866537617,505222.9040588188,"[0.3333333333333333, 0.3333333333333333, 0.3333333333333333]"
8387,653.1123897678771,755312.2082039382,"[0.3333333333333333, 0.3333333333333333, 0.3333333333333333]"
8388,693.113325491269,207666.51438777318,"[0.3333333333333333, 0.3333333333333333, 0.3333333333333333]"
8389,50.55591140703659,993772.8140163193,"[0.3333333333333333, 0.3333333333333333, 0.3333333333333333]"
8390,280.14605049227026,711489.8797450908,"[0.3333333333333333, 0.3333333333333333, 0.3333333333333333]"
8391,551.7724306111636,952661.3468351125,"[0.3333333333333333, 0.3333333333333333, 0.3333333333333333]"
8392,944.0690489819743,721607.1013223443,"[0.3333333333333333, 0.3333333333333333, 0.3333333333333333]"
8393,811.2288410213922,329623.115087057,"[0.3333333333333333, 0.3333333333333333, 0.3333333333333333]"
8394,174.78431003806682,527052.0042002609,"[0.3333333333333333, 0.3333333333333333, 0.3333333333333333]"
8395,706.0959012422644,129524.66889516883,"[0.3333333333333333, 0.3333333333333333, 0.3333333333333333]"
8396,279.5444967205698,484812.20361388,"[0.3333333333333333, 0.3333333333333333, 0.3333333333333333]"
8397,100.41535737428866,913138.6084830265,"[0.3333333333333333, 0.3333333333333333, 0.3333333333333333]"
8398,643.8083091627724,588691.9963292356,"[0.3333333333333333, 0.3333333333333333, 0.3333333333333333]"
8399,349.3327172697497,511413.04157225066,"[0.3333333333333333, 0.3333333333333333, 0.3333333333333333]"
8400,846.6641491393596,618395.4191352448,"[0.3333333333333333, 0.3333333333333333, 0.3333333333333333]"
8401,764.5257797413655,800169.9489978825,"[0.3333333333333333, 0.3333333333333333, 0.3333333333333333]"
8402,218.97843389239713,321490.45599600184,"[0.3333333333333333, 0.3333333333333333, 0.3333333333333333]"
8403,143.31140293482397,635541.9373215674,"[0.3333333333333333, 0.3333333333333333, 0.3333333333333333]"
8404,128.47671432276047,686646.8866794871,"[0.3333333333333333, 0.3333333333333333, 0.3333333333333333]"
8405,796.1094274861188,132922.27659486487,"[0.3333333333333333, 0.3333333333333333, 0.3333333333333333]"
8406,455.95048568318737,964290.0662192508,"[0.3333333333333333, 0.3333333333333333, 0.3333333333333333]"
8407,748.4806806412937,418306.00437730266,"[0.3333333333333333, 0.3333333333333333, 0.3333333333333333]"
8408,212.98378083691307,230331.55481027602,"[0.3333333333333333, 0.3333333333333333, 0.3333333333333333]"
8409,419.1891233240048,804645.7090581524,"[0.3333333333333333, 0.3333333333333333, 0.3333333333333333]"
8410,446.9010769152321,709694.957097917,"[0.3333333333333333, 0.3333333333333333, 0.3333333333333333]"
8411,468.9151296715193,691717.0566684933,"[0.3333333333333333, 0.3333333333333333, 0.3333333333333333]"
8412,328.3139010033075,110734.76684758891,"[0.3333333333333333, 0.3333333333333333, 0.3333333333333333]"
8413,724.8105246174522,756655.0950268597,"[0.3333333333333333, 0.3333333333333333, 0.3333333333333333]"
8414,572.5713624043279,983718.6242725397,"[0.3333333333333333, 0.3333333333333333, 0.3333333333333333]"
8415,236.9504091413951,684621.1308242562,"[0.3333333333333333, 0.3333333333333333, 0.3333333333333333]"
8416,793.2444926283206,533281.778034969,"[0.3333333333333333, 0.3333333333333333, 0.3333333333333333]"
8417,567.4585998750189,241525.17004581622,"[0.3333333333333333, 0.3333333333333333, 0.3333333333333333]"
8418,68.1451427212004,880415.4473880845,"[0.3333333333333333, 0.3333333333333333, 0.3333333333333333]"
8419,522.203724815544,334261.7101032519,"[0.3333333333333333, 0.3333333333333333, 0.3333333333333333]"
8420,874.9960649595897,318518.7533207006,"[0.3333333333333333, 0.3333333333333333, 0.3333333333333333]"
8421,105.21447426392166,212703.9520088269,"[0.3333333333333333, 0.3333333333333333, 0.3333333333333333]"
8422,88.82133666942912,542481.8453638272,"[0.3333333333333333, 0.3333333333333333, 0.3333333333333333]"
8423,541.8732405755775,721504.910122092,"[0.3333333333333333, 0.3333333333333333, 0.3333333333333333]"
8424,112.0560200506437,822596.1992740782,"[0.3333333333333333, 0.3333333333333333, 0.3333333333333333]"
8425,377.4680744001004,394785.2339460181,"[0.3333333333333333, 0.3333333333333333, 0.3333333333333333]"
8426,240.35270188621237,877315.7817328174,"[0.3333333333333333, 0.3333333333333333, 0.3333333333333333]"
8427,468.1659124923225,457939.8240566804,"[0.3333333333333333, 0.3333333333333333, 0.3333333333333333]"
8428,209.18119580536992,255304.73615418206,"[0.3333333333333333, 0.3333333333333333, 0.3333333333333333]"
8429,860.9961242939577,345774.76156327216,"[0.3333333333333333, 0.3333333333333333, 0.3333333333333333]"
8430,677.3125714875191,122777.89790071832,"[0.3333333333333333, 0.3333333333333333, 0.3333333333333333]"
8431,551.1395407680545,675629.3471672788,"[0.3333333333333333, 0.3333333333333333, 0.3333333333333333]"
8432,733.7093664683563,301142.08653024724,"[0.3333333333333333, 0.3333333333333333, 0.3333333333333333]"
8433,257.4947809904718,209097.04918690742,"[0.3333333333333333, 0.3333333333333333, 0.3333333333333333]"
8434,559.7009251347448,993473.927579194,"[0.3333333333333333, 0.3333333333333333, 0.3333333333333333]"
8435,199.98795149017974,916723.7936216547,"[0.3333333333333333, 0.3333333333333333, 0.3333333333333333]"
8436,95.64853318195134,842872.4593113745,"[0.3333333333333333, 0.3333333333333333, 0.3333333333333333]"
8437,310.4633786038105,317352.1487624543,"[0.3333333333333333, 0.3333333333333333, 0.3333333333333333]"
8438,879.8364877489062,872579.6563254067,"[0.3333333333333333, 0.3333333333333333, 0.3333333333333333]"
8439,690.9878862187845,627115.8829495632,"[0.3333333333333333, 0.3333333333333333, 0.3333333333333333]"
8440,604.7454754664947,286247.1204104435,"[0.3333333333333333, 0.3333333333333333, 0.3333333333333333]"
8441,539.8994053341489,909535.7304132002,"[0.3333333333333333, 0.3333333333333333, 0.3333333333333333]"
8442,768.9642726868051,306630.7189696214,"[0.3333333333333333, 0.3333333333333333, 0.3333333333333333]"
8443,291.50437741841955,610145.413224299,"[0.3333333333333333, 0.3333333333333333, 0.3333333333333333]"
8444,957.6290263585797,150796.35325388258,"[0.3333333333333333, 0.3333333333333333, 0.3333333333333333]"
8445,488.2725424179107,654066.6034356368,"[0.3333333333333333, 0.3333333333333333, 0.3333333333333333]"
8446,604.7245322244657,181694.45233361248,"[0.3333333333333333, 0.3333333333333333, 0.3333333333333333]"
8447,91.66273330112726,157128.20841034353,"[0.3333333333333333, 0.3333333333333333, 0.3333333333333333]"
8448,399.51015058139086,469981.84646824526,"[0.3333333333333333, 0.3333333333333333, 0.3333333333333333]"
8449,205.62479409541666,479792.03313793486,"[0.3333333333333333, 0.3333333333333333, 0.3333333333333333]"
8450,838.1186531362334,669032.2551795603,"[0.3333333333333333, 0.3333333333333333, 0.3333333333333333]"
8451,160.05253227214664,800231.4636087143,"[0.3333333333333333, 0.3333333333333333, 0.3333333333333333]"
8452,531.2733119078074,982867.7458992735,"[0.3333333333333333, 0.3333333333333333, 0.3333333333333333]"
8453,773.5842774718229,162803.2000132872,"[0.3333333333333333, 0.3333333333333333, 0.3333333333333333]"
8454,399.88920547996497,762940.7773945341,"[0.3333333333333333, 0.3333333333333333, 0.3333333333333333]"
8455,194.26646456649988,606651.3912440934,"[0.3333333333333333, 0.3333333333333333, 0.3333333333333333]"
8456,872.5706061127041,338492.4282363722,"[0.3333333333333333, 0.3333333333333333, 0.3333333333333333]"
8457,926.3518232001502,853064.4575719837,"[0.3333333333333333, 0.3333333333333333, 0.3333333333333333]"
8458,61.674588315625435,961805.8757924834,"[0.3333333333333333, 0.3333333333333333, 0.3333333333333333]"
8459,563.0253228734285,562639.8366670792,"[0.3333333333333333, 0.3333333333333333, 0.3333333333333333]"
8460,447.112753959363,699250.58668938,"[0.3333333333333333, 0.3333333333333333, 0.3333333333333333]"
8461,840.2907279629561,724318.1191058888,"[0.3333333333333333, 0.3333333333333333, 0.3333333333333333]"
8462,892.4156412783949,531045.7402549214,"[0.3333333333333333, 0.3333333333333333, 0.3333333333333333]"
8463,370.67313065065434,317692.31797877,"[0.3333333333333333, 0.3333333333333333, 0.3333333333333333]"
8464,917.9522355308101,112016.75826767304,"[0.3333333333333333, 0.3333333333333333, 0.3333333333333333]"
8465,900.9524106310278,319712.85745970206,"[0.3333333333333333, 0.3333333333333333, 0.3333333333333333]"
8466,90.94787549135278,972097.5928329183,"[0.3333333333333333, 0.3333333333333333, 0.3333333333333333]"
8467,476.55546650383815,471748.2481193366,"[0.3333333333333333, 0.3333333333333333, 0.3333333333333333]"
8468,160.46710183715908,503423.57540716924,"[0.3333333333333333, 0.3333333333333333, 0.3333333333333333]"
8469,140.46480920890951,471032.5717212422,"[0.3333333333333333, 0.3333333333333333, 0.3333333333333333]"
8470,201.07306235577872,336622.62890355114,"[0.3333333333333333, 0.3333333333333333, 0.3333333333333333]"
8471,702.9882958327219,220533.85068630386,"[0.3333333333333333, 0.3333333333333333, 0.3333333333333333]"
8472,316.30587277743666,680436.5239361147,"[0.3333333333333333, 0.3333333333333333, 0.3333333333333333]"
8473,606.1479897752153,266675.5626991865,"[0.3333333333333333, 0.3333333333333333, 0.3333333333333333]"
8474,791.1592925050135,622902.638970624,"[0.3333333333333333, 0.3333333333333333, 0.3333333333333333]"
8475,759.2649583804813,173943.1652294727,"[0.3333333333333333, 0.3333333333333333, 0.3333333333333333]"
8476,767.0067057786163,183146.89384424884,"[0.3333333333333333, 0.3333333333333333, 0.3333333333333333]"
8477,199.04319765689837,488562.7003592349,"[0.3333333333333333, 0.3333333333333333, 0.3333333333333333]"
8478,602.7739355288624,535531.7259793216,"[0.3333333333333333, 0.3333333333333333, 0.3333333333333333]"
8479,311.1868140239206,351413.7086141865,"[0.3333333333333333, 0.3333333333333333, 0.3333333333333333]"
8480,320.6701397033605,404124.100211453,"[0.3333333333333333, 0.3333333333333333, 0.3333333333333333]"
8481,912.4047512684456,929564.1992526967,"[0.3333333333333333, 0.3333333333333333, 0.3333333333333333]"
8482,606.4162459584114,399986.6347163712,"[0.3333333333333333, 0.3333333333333333, 0.3333333333333333]"
8483,717.7577023331351,507638.4848389817,"[0.3333333333333333, 0.3333333333333333, 0.3333333333333333]"
8484,487.68351393569776,996437.7657461854,"[0.3333333333333333, 0.3333333333333333, 0.3333333333333333]"
8485,644.0577899841599,495376.7520930851,"[0.3333333333333333, 0.3333333333333333, 0.3333333333333333]"
8486,115.65552976471548,993525.1528154874,"[0.3333333333333333, 0.3333333333333333, 0.3333333333333333]"
8487,475.50825370085164,147640.96033504425,"[0.3333333333333333, 0.3333333333333333, 0.3333333333333333]"
8488,979.6032902447466,244939.1592039389,"[0.3333333333333333, 0.3333333333333333, 0.3333333333333333]"
8489,302.10888877267735,562504.3371774945,"[0.3333333333333333, 0.3333333333333333, 0.3333333333333333]"
8490,171.68501006979946,402863.59919635154,"[0.3333333333333333, 0.3333333333333333, 0.3333333333333333]"
8491,278.5681510946768,460823.7822562431,"[0.3333333333333333, 0.3333333333333333, 0.3333333333333333]"
8492,742.4221838831536,388708.3713306878,"[0.3333333333333333, 0.3333333333333333, 0.3333333333333333]"
8493,926.4236791267986,567637.3117523231,"[0.3333333333333333, 0.3333333333333333, 0.3333333333333333]"
8494,34.67232462904428,607528.0983437253,"[0.3333333333333333, 0.3333333333333333, 0.3333333333333333]"
8495,839.7359147420706,266452.3331933939,"[0.3333333333333333, 0.3333333333333333, 0.3333333333333333]"
8496,384.0694625454337,608138.5559591455,"[0.3333333333333333, 0.3333333333333333, 0.3333333333333333]"
8497,199.60715968514782,468254.5081881719,"[0.3333333333333333, 0.3333333333333333, 0.3333333333333333]"
8498,487.6200161554512,466893.4541250242,"[0.3333333333333333, 0.3333333333333333, 0.3333333333333333]"
8499,376.11910506334516,172384.7825363506,"[0.3333333333333333, 0.3333333333333333, 0.3333333333333333]"
8500,190.49222153444515,934290.0270603858,"[0.3333333333333333, 0.3333333333333333, 0.3333333333333333]"
8501,520.4245188357834,414326.30400790233,"[0.3333333333333333, 0.3333333333333333, 0.3333333333333333]"
8502,957.2812519750734,612955.8943989729,"[0.3333333333333333, 0.3333333333333333, 0.3333333333333333]"
8503,575.7322786922321,759398.4056542222,"[0.3333333333333333, 0.3333333333333333, 0.3333333333333333]"
8504,892.2014031086314,635654.2561417242,"[0.3333333333333333, 0.3333333333333333, 0.3333333333333333]"
8505,711.9816649638115,890957.7565745327,"[0.3333333333333333, 0.3333333333333333, 0.3333333333333333]"
8506,304.5396810922771,247527.93753208392,"[0.3333333333333333, 0.3333333333333333, 0.3333333333333333]"
8507,414.87554640948474,129196.64404646958,"[0.3333333333333333, 0.3333333333333333, 0.3333333333333333]"
8508,533.5471000019885,992088.1375537232,"[0.3333333333333333, 0.3333333333333333, 0.3333333333333333]"
8509,508.96197453049064,637949.9780210207,"[0.3333333333333333, 0.3333333333333333, 0.3333333333333333]"
8510,115.3247588253635,206178.82115697316,"[0.3333333333333333, 0.3333333333333333, 0.3333333333333333]"
8511,944.46520047825,610776.7260643118,"[0.3333333333333333, 0.3333333333333333, 0.3333333333333333]"
8512,943.9496624054428,162521.77539084636,"[0.3333333333333333, 0.3333333333333333, 0.3333333333333333]"
8513,48.03405995975161,311133.87112194655,"[0.3333333333333333, 0.3333333333333333, 0.3333333333333333]"
8514,818.9186961874184,590465.937876791,"[0.3333333333333333, 0.3333333333333333, 0.3333333333333333]"
8515,155.27391198843395,777959.4742544934,"[0.3333333333333333, 0.3333333333333333, 0.3333333333333333]"
8516,784.6623772513394,764022.7497226981,"[0.3333333333333333, 0.3333333333333333, 0.3333333333333333]"
8517,870.7899296680861,907256.2028986656,"[0.3333333333333333, 0.3333333333333333, 0.3333333333333333]"
8518,223.5865590567337,768596.6457600556,"[0.3333333333333333, 0.3333333333333333, 0.3333333333333333]"
8519,459.7595291637644,776934.3360453333,"[0.3333333333333333, 0.3333333333333333, 0.3333333333333333]"
8520,507.10551197603104,953292.7961301986,"[0.3333333333333333, 0.3333333333333333, 0.3333333333333333]"
8521,732.3672174850165,209892.79785303384,"[0.3333333333333333, 0.3333333333333333, 0.3333333333333333]"
8522,591.7076794848155,553412.3082556443,"[0.3333333333333333, 0.3333333333333333, 0.3333333333333333]"
8523,926.9393342439304,871137.4058912836,"[0.3333333333333333, 0.3333333333333333, 0.3333333333333333]"
8524,856.0716215000699,131101.82984382228,"[0.3333333333333333, 0.3333333333333333, 0.3333333333333333]"
8525,748.0688302003606,833098.817092994,"[0.3333333333333333, 0.3333333333333333, 0.3333333333333333]"
8526,256.5010651407125,378360.2545246827,"[0.3333333333333333, 0.3333333333333333, 0.3333333333333333]"
8527,299.73407845815154,870019.09982158,"[0.3333333333333333, 0.3333333333333333, 0.3333333333333333]"
8528,94.3156643835558,989699.5306022067,"[0.3333333333333333, 0.3333333333333333, 0.3333333333333333]"
8529,220.86265728558212,970046.5435916178,"[0.3333333333333333, 0.3333333333333333, 0.3333333333333333]"
8530,669.3228025489419,215447.25159116864,"[0.3333333333333333, 0.3333333333333333, 0.3333333333333333]"
8531,112.38213456002286,349470.7407254622,"[0.3333333333333333, 0.3333333333333333, 0.3333333333333333]"
8532,70.11043154118025,330185.26253539685,"[0.3333333333333333, 0.3333333333333333, 0.3333333333333333]"
8533,934.7121544762562,286228.12668749515,"[0.3333333333333333, 0.3333333333333333, 0.3333333333333333]"
8534,603.6230282132377,988273.094658737,"[0.3333333333333333, 0.3333333333333333, 0.3333333333333333]"
8535,500.34760114943913,868384.812956056,"[0.3333333333333333, 0.3333333333333333, 0.3333333333333333]"
8536,275.7323149377561,959379.0472702959,"[0.3333333333333333, 0.3333333333333333, 0.3333333333333333]"
8537,56.44509814058739,581318.7511120425,"[0.3333333333333333, 0.3333333333333333, 0.3333333333333333]"
8538,606.6186696569612,461071.25313609093,"[0.3333333333333333, 0.3333333333333333, 0.3333333333333333]"
8539,61.84751440706212,760698.7955995117,"[0.3333333333333333, 0.3333333333333333, 0.3333333333333333]"
8540,563.6420009600124,520077.63143291126,"[0.3333333333333333, 0.3333333333333333, 0.3333333333333333]"
8541,506.7143116089252,173402.58134290145,"[0.3333333333333333, 0.3333333333333333, 0.3333333333333333]"
8542,302.3165785665533,900929.350022707,"[0.3333333333333333, 0.3333333333333333, 0.3333333333333333]"
8543,973.606212610591,478157.77188744204,"[0.3333333333333333, 0.3333333333333333, 0.3333333333333333]"
8544,654.5059990550513,760411.8966115301,"[0.3333333333333333, 0.3333333333333333, 0.3333333333333333]"
8545,518.2446385602493,411685.5645839792,"[0.3333333333333333, 0.3333333333333333, 0.3333333333333333]"
8546,649.529731748633,353765.75568349054,"[0.3333333333333333, 0.3333333333333333, 0.3333333333333333]"
8547,387.5923382727716,518000.542340605,"[0.3333333333333333, 0.3333333333333333, 0.3333333333333333]"
8548,960.1407099486455,688791.8304168854,"[0.3333333333333333, 0.3333333333333333, 0.3333333333333333]"
8549,676.269550077896,455279.47997609596,"[0.3333333333333333, 0.3333333333333333, 0.3333333333333333]"
8550,142.43366564036867,543309.2876343881,"[0.3333333333333333, 0.3333333333333333, 0.3333333333333333]"
8551,805.8079425837059,200503.72983036487,"[0.3333333333333333, 0.3333333333333333, 0.3333333333333333]"
8552,911.9790360798078,925833.6243441498,"[0.3333333333333333, 0.3333333333333333, 0.3333333333333333]"
8553,570.4166930116104,209837.54926159244,"[0.3333333333333333, 0.3333333333333333, 0.3333333333333333]"
8554,224.82577880648734,533023.51305888,"[0.3333333333333333, 0.3333333333333333, 0.3333333333333333]"
8555,682.4012218405211,506987.25458825973,"[0.3333333333333333, 0.3333333333333333, 0.3333333333333333]"
8556,115.1712835979281,950289.5767220947,"[0.3333333333333333, 0.3333333333333333, 0.3333333333333333]"
8557,698.9703265327005,931097.0439617606,"[0.3333333333333333, 0.3333333333333333, 0.3333333333333333]"
8558,753.0362674710951,251057.30723125185,"[0.3333333333333333, 0.3333333333333333, 0.3333333333333333]"
8559,885.9568009509375,151829.67228303215,"[0.3333333333333333, 0.3333333333333333, 0.3333333333333333]"
8560,433.80598839619825,373559.63463558856,"[0.3333333333333333, 0.3333333333333333, 0.3333333333333333]"
8561,344.2765288583822,160963.00216236548,"[0.3333333333333333, 0.3333333333333333, 0.3333333333333333]"
8562,947.6413038674804,682787.9640091463,"[0.3333333333333333, 0.3333333333333333, 0.3333333333333333]"
8563,408.4114031450162,574607.4610865216,"[0.3333333333333333, 0.3333333333333333, 0.3333333333333333]"
8564,723.828583658856,894803.1055075169,"[0.3333333333333333, 0.3333333333333333, 0.3333333333333333]"
8565,358.08572874595365,867597.64737359,"[0.3333333333333333, 0.3333333333333333, 0.3333333333333333]"
8566,250.19714118809244,798065.8890082642,"[0.3333333333333333, 0.3333333333333333, 0.3333333333333333]"
8567,497.24767011080183,465247.9816863977,"[0.3333333333333333, 0.3333333333333333, 0.3333333333333333]"
8568,540.3006444460058,734579.5350731373,"[0.3333333333333333, 0.3333333333333333, 0.3333333333333333]"
8569,170.02479669807502,670173.1850474859,"[0.3333333333333333, 0.3333333333333333, 0.3333333333333333]"
8570,481.41605808080897,551651.3923652843,"[0.3333333333333333, 0.3333333333333333, 0.3333333333333333]"
8571,315.4885592100123,979950.8331473592,"[0.3333333333333333, 0.3333333333333333, 0.3333333333333333]"
8572,142.44353322630468,417191.42393836426,"[0.3333333333333333, 0.3333333333333333, 0.3333333333333333]"
8573,958.1779859319277,376383.8073004262,"[0.3333333333333333, 0.3333333333333333, 0.3333333333333333]"
8574,523.5244893195197,844664.2492625777,"[0.3333333333333333, 0.3333333333333333, 0.3333333333333333]"
8575,122.28541929212395,910737.2200793443,"[0.3333333333333333, 0.3333333333333333, 0.3333333333333333]"
8576,944.8784129624729,895445.6095404347,"[0.3333333333333333, 0.3333333333333333, 0.3333333333333333]"
8577,431.351678673295,230238.98865239962,"[0.3333333333333333, 0.3333333333333333, 0.3333333333333333]"
8578,303.43374909560123,944933.4757218007,"[0.3333333333333333, 0.3333333333333333, 0.3333333333333333]"
8579,252.2618185612286,205169.54955767852,"[0.3333333333333333, 0.3333333333333333, 0.3333333333333333]"
8580,437.04960419006756,979776.7341519392,"[0.3333333333333333, 0.3333333333333333, 0.3333333333333333]"
8581,511.917043151165,654848.8383682388,"[0.3333333333333333, 0.3333333333333333, 0.3333333333333333]"
8582,118.0098699739438,447657.11378609535,"[0.3333333333333333, 0.3333333333333333, 0.3333333333333333]"
8583,220.31132319080137,182492.81013499585,"[0.3333333333333333, 0.3333333333333333, 0.3333333333333333]"
8584,455.15150339988975,485658.29164800467,"[0.3333333333333333, 0.3333333333333333, 0.3333333333333333]"
8585,255.94654708386435,155202.9294608839,"[0.3333333333333333, 0.3333333333333333, 0.3333333333333333]"
8586,21.95450479156986,542277.4285279419,"[0.3333333333333333, 0.3333333333333333, 0.3333333333333333]"
8587,793.736160484711,802173.723006319,"[0.3333333333333333, 0.3333333333333333, 0.3333333333333333]"
8588,240.2827257501033,810982.8409326638,"[0.3333333333333333, 0.3333333333333333, 0.3333333333333333]"
8589,236.59534978066455,359202.4191020774,"[0.3333333333333333, 0.3333333333333333, 0.3333333333333333]"
8590,604.4852046739633,179385.20294237518,"[0.3333333333333333, 0.3333333333333333, 0.3333333333333333]"
8591,166.86016045932544,178454.02529306582,"[0.3333333333333333, 0.3333333333333333, 0.3333333333333333]"
8592,276.6688827030479,458247.3683527442,"[0.3333333333333333, 0.3333333333333333, 0.3333333333333333]"
8593,170.6915972676176,546875.2576725101,"[0.3333333333333333, 0.3333333333333333, 0.3333333333333333]"
8594,701.663343494896,708276.9286603502,"[0.3333333333333333, 0.3333333333333333, 0.3333333333333333]"
8595,219.04402433550038,205547.3713041788,"[0.3333333333333333, 0.3333333333333333, 0.3333333333333333]"
8596,214.19846413071056,557862.2855935856,"[0.3333333333333333, 0.3333333333333333, 0.3333333333333333]"
8597,997.2275283862376,952195.1474749652,"[0.3333333333333333, 0.3333333333333333, 0.3333333333333333]"
8598,482.78783798290056,173684.00830768613,"[0.3333333333333333, 0.3333333333333333, 0.3333333333333333]"
8599,534.0707832356893,117496.94526444083,"[0.3333333333333333, 0.3333333333333333, 0.3333333333333333]"
8600,760.5284211998431,354883.96547273395,"[0.3333333333333333, 0.3333333333333333, 0.3333333333333333]"
8601,43.00940417439441,244313.42514363627,"[0.3333333333333333, 0.3333333333333333, 0.3333333333333333]"
8602,287.3377272077896,466144.1399177929,"[0.3333333333333333, 0.3333333333333333, 0.3333333333333333]"
8603,694.9139692047495,216860.27872067573,"[0.3333333333333333, 0.3333333333333333, 0.3333333333333333]"
8604,222.9015521180843,282891.00655653124,"[0.3333333333333333, 0.3333333333333333, 0.3333333333333333]"
8605,830.4191234450008,747126.9187290751,"[0.3333333333333333, 0.3333333333333333, 0.3333333333333333]"
8606,140.61505986473986,295283.02310850855,"[0.3333333333333333, 0.3333333333333333, 0.3333333333333333]"
8607,473.2572722277801,370473.55591350497,"[0.3333333333333333, 0.3333333333333333, 0.3333333333333333]"
8608,554.6861085828372,909041.836521175,"[0.3333333333333333, 0.3333333333333333, 0.3333333333333333]"
8609,985.4692872808475,657867.1377917074,"[0.3333333333333333, 0.3333333333333333, 0.3333333333333333]"
8610,535.295474089715,362143.7705475157,"[0.3333333333333333, 0.3333333333333333, 0.3333333333333333]"
8611,209.34595252689874,840601.4246468287,"[0.3333333333333333, 0.3333333333333333, 0.3333333333333333]"
8612,435.8335925381845,482391.1898110422,"[0.3333333333333333, 0.3333333333333333, 0.3333333333333333]"
8613,292.3470700300516,977519.2308297049,"[0.3333333333333333, 0.3333333333333333, 0.3333333333333333]"
8614,395.7017858436993,612880.2478342548,"[0.3333333333333333, 0.3333333333333333, 0.3333333333333333]"
8615,546.3418885672104,859488.1076560349,"[0.3333333333333333, 0.3333333333333333, 0.3333333333333333]"
8616,66.36538003924139,164708.29890804997,"[0.3333333333333333, 0.3333333333333333, 0.3333333333333333]"
8617,884.9423753814909,935715.3364775436,"[0.3333333333333333, 0.3333333333333333, 0.3333333333333333]"
8618,445.6442589232503,498091.38494672504,"[0.3333333333333333, 0.3333333333333333, 0.3333333333333333]"
8619,906.1271814599938,398651.27871086716,"[0.3333333333333333, 0.3333333333333333, 0.3333333333333333]"
8620,40.34813081683775,465090.7977966995,"[0.3333333333333333, 0.3333333333333333, 0.3333333333333333]"
8621,276.0500210331027,916597.2740468559,"[0.3333333333333333, 0.3333333333333333, 0.3333333333333333]"
8622,77.85414394921449,794989.4838661916,"[0.3333333333333333, 0.3333333333333333, 0.3333333333333333]"
8623,98.43810189975486,751459.2814610414,"[0.3333333333333333, 0.3333333333333333, 0.3333333333333333]"
8624,689.053861120279,914491.567580149,"[0.3333333333333333, 0.3333333333333333, 0.3333333333333333]"
8625,788.3219642446797,323135.41717073426,"[0.3333333333333333, 0.3333333333333333, 0.3333333333333333]"
8626,778.220092808797,887395.1728211078,"[0.3333333333333333, 0.3333333333333333, 0.3333333333333333]"
8627,952.5804506426413,696894.8816571572,"[0.3333333333333333, 0.3333333333333333, 0.3333333333333333]"
8628,715.0303372737734,307882.9628088999,"[0.3333333333333333, 0.3333333333333333, 0.3333333333333333]"
8629,380.75214228929906,931854.0903278189,"[0.3333333333333333, 0.3333333333333333, 0.3333333333333333]"
8630,376.29563886637186,267378.99073628697,"[0.3333333333333333, 0.3333333333333333, 0.3333333333333333]"
8631,305.61636154061307,315475.92899586505,"[0.3333333333333333, 0.3333333333333333, 0.3333333333333333]"
8632,371.5645242907289,502362.57893230795,"[0.3333333333333333, 0.3333333333333333, 0.3333333333333333]"
8633,388.1184187123363,812077.5791407925,"[0.3333333333333333, 0.3333333333333333, 0.3333333333333333]"
8634,594.5856845458986,278283.0380759083,"[0.3333333333333333, 0.3333333333333333, 0.3333333333333333]"
8635,577.0461257452952,662347.6099938534,"[0.3333333333333333, 0.3333333333333333, 0.3333333333333333]"
8636,345.4622322958411,914193.478075552,"[0.3333333333333333, 0.3333333333333333, 0.3333333333333333]"
8637,470.77715451262304,579452.9889070794,"[0.3333333333333333, 0.3333333333333333, 0.3333333333333333]"
8638,474.8829579801041,912380.8312580972,"[0.3333333333333333, 0.3333333333333333, 0.3333333333333333]"
8639,822.6495315499012,675408.492801509,"[0.3333333333333333, 0.3333333333333333, 0.3333333333333333]"
8640,879.3127909504798,575732.4904037833,"[0.3333333333333333, 0.3333333333333333, 0.3333333333333333]"
8641,502.12561933692984,817686.7597592121,"[0.3333333333333333, 0.3333333333333333, 0.3333333333333333]"
8642,746.995151136846,318277.49423676054,"[0.3333333333333333, 0.3333333333333333, 0.3333333333333333]"
8643,605.4256038867667,109677.89867904513,"[0.3333333333333333, 0.3333333333333333, 0.3333333333333333]"
8644,789.6897526695482,572315.2405657079,"[0.3333333333333333, 0.3333333333333333, 0.3333333333333333]"
8645,900.1839216483413,862286.4703540681,"[0.3333333333333333, 0.3333333333333333, 0.3333333333333333]"
8646,552.9350649477572,925030.8301046534,"[0.3333333333333333, 0.3333333333333333, 0.3333333333333333]"
8647,190.7189731795588,985600.6028756567,"[0.3333333333333333, 0.3333333333333333, 0.3333333333333333]"
8648,408.53099683571065,166889.59637208088,"[0.3333333333333333, 0.3333333333333333, 0.3333333333333333]"
8649,382.51202409866755,960690.7290542115,"[0.3333333333333333, 0.3333333333333333, 0.3333333333333333]"
8650,213.46036409432836,392713.77226746565,"[0.3333333333333333, 0.3333333333333333, 0.3333333333333333]"
8651,104.04099734099294,402650.60470756365,"[0.3333333333333333, 0.3333333333333333, 0.3333333333333333]"
8652,568.2019354603599,646420.2406135673,"[0.3333333333333333, 0.3333333333333333, 0.3333333333333333]"
8653,158.1288855746316,523304.4902182798,"[0.3333333333333333, 0.3333333333333333, 0.3333333333333333]"
8654,846.4394064169835,886774.4730936732,"[0.3333333333333333, 0.3333333333333333, 0.3333333333333333]"
8655,664.7843012728308,890037.9061317942,"[0.3333333333333333, 0.3333333333333333, 0.3333333333333333]"
8656,443.01946928074295,668522.8439078797,"[0.3333333333333333, 0.3333333333333333, 0.3333333333333333]"
8657,336.41294472962284,149958.54068587732,"[0.3333333333333333, 0.3333333333333333, 0.3333333333333333]"
8658,155.0684621825095,966055.3049456808,"[0.3333333333333333, 0.3333333333333333, 0.3333333333333333]"
8659,214.88591642205793,127349.07092532683,"[0.3333333333333333, 0.3333333333333333, 0.3333333333333333]"
8660,103.10361533382734,471323.60397005413,"[0.3333333333333333, 0.3333333333333333, 0.3333333333333333]"
8661,352.82623593138413,223030.11055944973,"[0.3333333333333333, 0.3333333333333333, 0.3333333333333333]"
8662,952.015247547269,683577.5883363971,"[0.3333333333333333, 0.3333333333333333, 0.3333333333333333]"
8663,814.3236262423977,719180.9557551505,"[0.3333333333333333, 0.3333333333333333, 0.3333333333333333]"
8664,236.69193190204024,781216.7823637885,"[0.3333333333333333, 0.3333333333333333, 0.3333333333333333]"
8665,752.737173839101,745170.1108622273,"[0.3333333333333333, 0.3333333333333333, 0.3333333333333333]"
8666,226.72763926884502,934865.678012496,"[0.3333333333333333, 0.3333333333333333, 0.3333333333333333]"
8667,827.8232999106923,327872.60966739943,"[0.3333333333333333, 0.3333333333333333, 0.3333333333333333]"
8668,376.3812272790714,538091.3627149069,"[0.3333333333333333, 0.3333333333333333, 0.3333333333333333]"
8669,114.14797417951911,253613.78159951678,"[0.3333333333333333, 0.3333333333333333, 0.3333333333333333]"
8670,564.502079994535,552380.174189803,"[0.3333333333333333, 0.3333333333333333, 0.3333333333333333]"
8671,678.8334686405525,514702.4617418337,"[0.3333333333333333, 0.3333333333333333, 0.3333333333333333]"
8672,541.2141865933078,610357.5026589002,"[0.3333333333333333, 0.3333333333333333, 0.3333333333333333]"
8673,335.81517087641396,849233.5520533571,"[0.3333333333333333, 0.3333333333333333, 0.3333333333333333]"
8674,275.03210313979235,937241.9711807948,"[0.3333333333333333, 0.3333333333333333, 0.3333333333333333]"
8675,644.4326570620999,932191.7208831299,"[0.3333333333333333, 0.3333333333333333, 0.3333333333333333]"
8676,787.1471920732145,358473.50778818596,"[0.3333333333333333, 0.3333333333333333, 0.3333333333333333]"
8677,324.1872908101709,531946.1737985644,"[0.3333333333333333, 0.3333333333333333, 0.3333333333333333]"
8678,271.32612786887864,722525.8316984159,"[0.3333333333333333, 0.3333333333333333, 0.3333333333333333]"
8679,504.7804969607234,458592.4839849298,"[0.3333333333333333, 0.3333333333333333, 0.3333333333333333]"
8680,991.9675499461483,544788.3510850834,"[0.3333333333333333, 0.3333333333333333, 0.3333333333333333]"
8681,47.62268875577376,977323.1575992937,"[0.3333333333333333, 0.3333333333333333, 0.3333333333333333]"
8682,748.6212791206414,643417.0384640422,"[0.3333333333333333, 0.3333333333333333, 0.3333333333333333]"
8683,944.8617936790182,596651.4713686088,"[0.3333333333333333, 0.3333333333333333, 0.3333333333333333]"
8684,831.6408859830742,878084.7723390616,"[0.3333333333333333, 0.3333333333333333, 0.3333333333333333]"
8685,948.6353690210926,622853.8680864514,"[0.3333333333333333, 0.3333333333333333, 0.3333333333333333]"
8686,951.0994029739962,432272.94435196975,"[0.3333333333333333, 0.3333333333333333, 0.3333333333333333]"
8687,684.4280917069564,401893.22876017686,"[0.3333333333333333, 0.3333333333333333, 0.3333333333333333]"
8688,445.8936352674948,956597.1653292244,"[0.3333333333333333, 0.3333333333333333, 0.3333333333333333]"
8689,503.32157854936037,598431.9850835328,"[0.3333333333333333, 0.3333333333333333, 0.3333333333333333]"
8690,374.4319324917524,986144.4029489979,"[0.3333333333333333, 0.3333333333333333, 0.3333333333333333]"
8691,118.5051614167108,988153.151219138,"[0.3333333333333333, 0.3333333333333333, 0.3333333333333333]"
8692,634.520797239934,744616.7344109225,"[0.3333333333333333, 0.3333333333333333, 0.3333333333333333]"
8693,198.11831712645457,458302.4431643224,"[0.3333333333333333, 0.3333333333333333, 0.3333333333333333]"
8694,959.5385839698328,427219.80618384876,"[0.3333333333333333, 0.3333333333333333, 0.3333333333333333]"
8695,385.89912254083197,446468.4328360342,"[0.3333333333333333, 0.3333333333333333, 0.3333333333333333]"
8696,746.3101936479399,177650.11029990332,"[0.3333333333333333, 0.3333333333333333, 0.3333333333333333]"
8697,994.9516762793795,267565.8481278298,"[0.3333333333333333, 0.3333333333333333, 0.3333333333333333]"
8698,371.43001488588754,572080.7897621128,"[0.3333333333333333, 0.3333333333333333, 0.3333333333333333]"
8699,861.4961126084823,659271.0205085087,"[0.3333333333333333, 0.3333333333333333, 0.3333333333333333]"
8700,859.8398872680295,624946.4377660442,"[0.3333333333333333, 0.3333333333333333, 0.3333333333333333]"
8701,806.360581512146,595612.2991955131,"[0.3333333333333333, 0.3333333333333333, 0.3333333333333333]"
8702,75.35986636440585,339982.544859937,"[0.3333333333333333, 0.3333333333333333, 0.3333333333333333]"
8703,635.2583442737676,528370.8257206485,"[0.3333333333333333, 0.3333333333333333, 0.3333333333333333]"
8704,147.12475903014848,251075.77164371355,"[0.3333333333333333, 0.3333333333333333, 0.3333333333333333]"
8705,546.4259303888624,632878.3518011837,"[0.3333333333333333, 0.3333333333333333, 0.3333333333333333]"
8706,757.0406885926354,196344.95957811433,"[0.3333333333333333, 0.3333333333333333, 0.3333333333333333]"
8707,430.9149678585484,790888.2129396644,"[0.3333333333333333, 0.3333333333333333, 0.3333333333333333]"
8708,652.5447223006242,617228.2069218599,"[0.3333333333333333, 0.3333333333333333, 0.3333333333333333]"
8709,271.59313629397263,247646.16789306398,"[0.3333333333333333, 0.3333333333333333, 0.3333333333333333]"
8710,550.1332541669019,909645.0949666506,"[0.3333333333333333, 0.3333333333333333, 0.3333333333333333]"
8711,65.17048660628781,477035.77437569166,"[0.3333333333333333, 0.3333333333333333, 0.3333333333333333]"
8712,124.165318171883,397488.69624111825,"[0.3333333333333333, 0.3333333333333333, 0.3333333333333333]"
8713,652.1390973753404,242638.1726733612,"[0.3333333333333333, 0.3333333333333333, 0.3333333333333333]"
8714,566.4982583758159,548860.6691344345,"[0.3333333333333333, 0.3333333333333333, 0.3333333333333333]"
8715,258.30884398168234,292541.0205610913,"[0.3333333333333333, 0.3333333333333333, 0.3333333333333333]"
8716,659.848261883676,794624.9201599428,"[0.3333333333333333, 0.3333333333333333, 0.3333333333333333]"
8717,319.4276069071049,283827.70193800906,"[0.3333333333333333, 0.3333333333333333, 0.3333333333333333]"
8718,725.0890992843864,544354.3700937312,"[0.3333333333333333, 0.3333333333333333, 0.3333333333333333]"
8719,793.0979650429796,809533.3095037228,"[0.3333333333333333, 0.3333333333333333, 0.3333333333333333]"
8720,123.461793648239,970890.9072521909,"[0.3333333333333333, 0.3333333333333333, 0.3333333333333333]"
8721,876.6011442690856,902674.9739950324,"[0.3333333333333333, 0.3333333333333333, 0.3333333333333333]"
8722,292.3056844005859,214656.77198840235,"[0.3333333333333333, 0.3333333333333333, 0.3333333333333333]"
8723,367.9764860635534,202702.98171571846,"[0.3333333333333333, 0.3333333333333333, 0.3333333333333333]"
8724,312.8354850466733,595119.8657703506,"[0.3333333333333333, 0.3333333333333333, 0.3333333333333333]"
8725,451.366443862175,763238.3573366716,"[0.3333333333333333, 0.3333333333333333, 0.3333333333333333]"
8726,323.22474957380217,281410.20152211573,"[0.3333333333333333, 0.3333333333333333, 0.3333333333333333]"
8727,697.3717977574868,152586.5715401317,"[0.3333333333333333, 0.3333333333333333, 0.3333333333333333]"
8728,369.6229662621123,640352.3896160068,"[0.3333333333333333, 0.3333333333333333, 0.3333333333333333]"
8729,413.23167670867906,622995.6267963394,"[0.3333333333333333, 0.3333333333333333, 0.3333333333333333]"
8730,916.6924238275424,177702.0134569385,"[0.3333333333333333, 0.3333333333333333, 0.3333333333333333]"
8731,985.3060751194259,474511.18538768555,"[0.3333333333333333, 0.3333333333333333, 0.3333333333333333]"
8732,169.4980425080201,158078.32919332728,"[0.3333333333333333, 0.3333333333333333, 0.3333333333333333]"
8733,155.74446785034976,424616.9317159942,"[0.3333333333333333, 0.3333333333333333, 0.3333333333333333]"
8734,75.5155510057335,192337.25758686266,"[0.3333333333333333, 0.3333333333333333, 0.3333333333333333]"
8735,266.24992648128534,482013.745001203,"[0.3333333333333333, 0.3333333333333333, 0.3333333333333333]"
8736,521.0886071381964,115435.89634357466,"[0.3333333333333333, 0.3333333333333333, 0.3333333333333333]"
8737,248.71223517100236,110404.69587196317,"[0.3333333333333333, 0.3333333333333333, 0.3333333333333333]"
8738,286.5167802827736,876358.1560897006,"[0.3333333333333333, 0.3333333333333333, 0.3333333333333333]"
8739,99.79094496666075,225670.32260960288,"[0.3333333333333333, 0.3333333333333333, 0.3333333333333333]"
8740,758.9471353463686,919552.5281432448,"[0.3333333333333333, 0.3333333333333333, 0.3333333333333333]"
8741,17.87103535700544,271892.9715639316,"[0.3333333333333333, 0.3333333333333333, 0.3333333333333333]"
8742,829.62684367129,760494.0362616403,"[0.3333333333333333, 0.3333333333333333, 0.3333333333333333]"
8743,440.0944479257216,822570.3499870404,"[0.3333333333333333, 0.3333333333333333, 0.3333333333333333]"
8744,96.33086839034834,711926.3815606486,"[0.3333333333333333, 0.3333333333333333, 0.3333333333333333]"
8745,242.2753440571796,665896.6629289848,"[0.3333333333333333, 0.3333333333333333, 0.3333333333333333]"
8746,508.83470374976446,518793.385966838,"[0.3333333333333333, 0.3333333333333333, 0.3333333333333333]"
8747,791.6741480462464,375904.26662464533,"[0.3333333333333333, 0.3333333333333333, 0.3333333333333333]"
8748,38.331230501109275,338202.66033915535,"[0.3333333333333333, 0.3333333333333333, 0.3333333333333333]"
8749,337.2144965250609,293392.6457732597,"[0.3333333333333333, 0.3333333333333333, 0.3333333333333333]"
8750,33.03516360866758,843122.4901839311,"[0.3333333333333333, 0.3333333333333333, 0.3333333333333333]"
8751,486.19543367421295,908498.0343961819,"[0.3333333333333333, 0.3333333333333333, 0.3333333333333333]"
8752,634.5116009357391,149790.70022211474,"[0.3333333333333333, 0.3333333333333333, 0.3333333333333333]"
8753,22.57306997797184,177988.94552388432,"[0.3333333333333333, 0.3333333333333333, 0.3333333333333333]"
8754,434.3541296790345,952532.6056134972,"[0.3333333333333333, 0.3333333333333333, 0.3333333333333333]"
8755,558.3910584402291,295213.7128170532,"[0.3333333333333333, 0.3333333333333333, 0.3333333333333333]"
8756,320.3769941719469,511795.629174447,"[0.3333333333333333, 0.3333333333333333, 0.3333333333333333]"
8757,629.4980598285326,236868.31639478324,"[0.3333333333333333, 0.3333333333333333, 0.3333333333333333]"
8758,320.86186980288016,708732.9647877661,"[0.3333333333333333, 0.3333333333333333, 0.3333333333333333]"
8759,987.4141753285478,228959.17917899694,"[0.3333333333333333, 0.3333333333333333, 0.3333333333333333]"
8760,485.23198250326294,990561.6503106125,"[0.3333333333333333, 0.3333333333333333, 0.3333333333333333]"
8761,427.4788577315067,954281.9831969601,"[0.3333333333333333, 0.3333333333333333, 0.3333333333333333]"
8762,756.6104876445603,711180.4263058583,"[0.3333333333333333, 0.3333333333333333, 0.3333333333333333]"
8763,670.5825805726902,570388.7868912244,"[0.3333333333333333, 0.3333333333333333, 0.3333333333333333]"
8764,251.18856511166803,158929.1255464444,"[0.3333333333333333, 0.3333333333333333, 0.3333333333333333]"
8765,443.5468860956824,771776.6453610131,"[0.3333333333333333, 0.3333333333333333, 0.3333333333333333]"
8766,217.62811769862134,733869.2980127436,"[0.3333333333333333, 0.3333333333333333, 0.3333333333333333]"
8767,252.92436779755363,525401.4474040356,"[0.3333333333333333, 0.3333333333333333, 0.3333333333333333]"
8768,596.4058827326272,794889.3691398754,"[0.3333333333333333, 0.3333333333333333, 0.3333333333333333]"
8769,735.4148229566431,707558.8278721112,"[0.3333333333333333, 0.3333333333333333, 0.3333333333333333]"
8770,940.8192023425654,362446.3097297546,"[0.3333333333333333, 0.3333333333333333, 0.3333333333333333]"
8771,675.2797506923988,108822.19260114667,"[0.3333333333333333, 0.3333333333333333, 0.3333333333333333]"
8772,802.1290776655599,519507.5775235766,"[0.3333333333333333, 0.3333333333333333, 0.3333333333333333]"
8773,616.1506572184104,425076.26746380975,"[0.3333333333333333, 0.3333333333333333, 0.3333333333333333]"
8774,255.51863173952822,133930.30921489553,"[0.3333333333333333, 0.3333333333333333, 0.3333333333333333]"
8775,692.740914958473,838738.5957823932,"[0.3333333333333333, 0.3333333333333333, 0.3333333333333333]"
8776,484.83986442002316,825205.2833507069,"[0.3333333333333333, 0.3333333333333333, 0.3333333333333333]"
8777,414.30310070207776,683292.5953719874,"[0.3333333333333333, 0.3333333333333333, 0.3333333333333333]"
8778,19.633012958662142,381693.30582994525,"[0.3333333333333333, 0.3333333333333333, 0.3333333333333333]"
8779,834.4518416997449,632014.686016103,"[0.3333333333333333, 0.3333333333333333, 0.3333333333333333]"
8780,89.86936017927461,666817.5752074124,"[0.3333333333333333, 0.3333333333333333, 0.3333333333333333]"
8781,699.4541548005835,192092.65813202388,"[0.3333333333333333, 0.3333333333333333, 0.3333333333333333]"
8782,856.8650192167878,298569.5428671884,"[0.3333333333333333, 0.3333333333333333, 0.3333333333333333]"
8783,213.53936951663457,812118.6131124486,"[0.3333333333333333, 0.3333333333333333, 0.3333333333333333]"
8784,96.2443762519629,988275.7070005366,"[0.3333333333333333, 0.3333333333333333, 0.3333333333333333]"
8785,699.8420518612013,347347.01407916326,"[0.3333333333333333, 0.3333333333333333, 0.3333333333333333]"
8786,736.6631303904967,211263.29564890283,"[0.3333333333333333, 0.3333333333333333, 0.3333333333333333]"
8787,632.6507319824123,363472.49612372956,"[0.3333333333333333, 0.3333333333333333, 0.3333333333333333]"
8788,311.8027549711091,197801.50953631318,"[0.3333333333333333, 0.3333333333333333, 0.3333333333333333]"
8789,671.4473205889443,615133.7795572305,"[0.3333333333333333, 0.3333333333333333, 0.3333333333333333]"
8790,486.97638212750485,932380.0761656362,"[0.3333333333333333, 0.3333333333333333, 0.3333333333333333]"
8791,220.22142564614708,218255.0918331775,"[0.3333333333333333, 0.3333333333333333, 0.3333333333333333]"
8792,511.9324850147651,671774.388679485,"[0.3333333333333333, 0.3333333333333333, 0.3333333333333333]"
8793,285.22717020820926,349248.77264324436,"[0.3333333333333333, 0.3333333333333333, 0.3333333333333333]"
8794,369.1293879786804,748078.26799802,"[0.3333333333333333, 0.3333333333333333, 0.3333333333333333]"
8795,438.6222902012903,235294.74810764077,"[0.3333333333333333, 0.3333333333333333, 0.3333333333333333]"
8796,146.1034710425644,923588.4249013315,"[0.3333333333333333, 0.3333333333333333, 0.3333333333333333]"
8797,721.1980586898432,272655.8990351338,"[0.3333333333333333, 0.3333333333333333, 0.3333333333333333]"
8798,251.61038582224546,846613.3135625285,"[0.3333333333333333, 0.3333333333333333, 0.3333333333333333]"
8799,91.12781926398321,789331.7020908059,"[0.3333333333333333, 0.3333333333333333, 0.3333333333333333]"
8800,61.84641682811846,689135.4816780993,"[0.3333333333333333, 0.3333333333333333, 0.3333333333333333]"
8801,489.04369464447035,337877.495963761,"[0.3333333333333333, 0.3333333333333333, 0.3333333333333333]"
8802,924.6316504295289,540138.5971819414,"[0.3333333333333333, 0.3333333333333333, 0.3333333333333333]"
8803,363.301883968659,249842.7931231156,"[0.3333333333333333, 0.3333333333333333, 0.3333333333333333]"
8804,220.72999953197294,748010.7266291579,"[0.3333333333333333, 0.3333333333333333, 0.3333333333333333]"
8805,646.4825653744048,505065.5912454464,"[0.3333333333333333, 0.3333333333333333, 0.3333333333333333]"
8806,533.042384560584,452834.5312690411,"[0.3333333333333333, 0.3333333333333333, 0.3333333333333333]"
8807,663.6608425454726,261954.23622734772,"[0.3333333333333333, 0.3333333333333333, 0.3333333333333333]"
8808,181.3548713202824,732070.5301640627,"[0.3333333333333333, 0.3333333333333333, 0.3333333333333333]"
8809,646.6627119683537,706172.5803528874,"[0.3333333333333333, 0.3333333333333333, 0.3333333333333333]"
8810,696.4327714079508,804547.888634175,"[0.3333333333333333, 0.3333333333333333, 0.3333333333333333]"
8811,898.2952142474737,257333.60842739712,"[0.3333333333333333, 0.3333333333333333, 0.3333333333333333]"
8812,402.3806605329077,746968.5088247595,"[0.3333333333333333, 0.3333333333333333, 0.3333333333333333]"
8813,112.07905092387418,725279.2558245003,"[0.3333333333333333, 0.3333333333333333, 0.3333333333333333]"
8814,397.5482400011323,522216.34964644903,"[0.3333333333333333, 0.3333333333333333, 0.3333333333333333]"
8815,805.8306786312603,515154.3432245295,"[0.3333333333333333, 0.3333333333333333, 0.3333333333333333]"
8816,803.6306888795906,773426.528471359,"[0.3333333333333333, 0.3333333333333333, 0.3333333333333333]"
8817,115.4141935981312,513980.700753425,"[0.3333333333333333, 0.3333333333333333, 0.3333333333333333]"
8818,793.5519855248135,596815.5121540603,"[0.3333333333333333, 0.3333333333333333, 0.3333333333333333]"
8819,247.01238480527337,553181.7242819878,"[0.3333333333333333, 0.3333333333333333, 0.3333333333333333]"
8820,564.6022719919127,445844.4118306011,"[0.3333333333333333, 0.3333333333333333, 0.3333333333333333]"
8821,176.4607677813401,369272.6397066815,"[0.3333333333333333, 0.3333333333333333, 0.3333333333333333]"
8822,166.89879794784147,435914.4913779768,"[0.3333333333333333, 0.3333333333333333, 0.3333333333333333]"
8823,562.0473603074579,439131.3934774989,"[0.3333333333333333, 0.3333333333333333, 0.3333333333333333]"
8824,64.09330860850496,680748.6341149618,"[0.3333333333333333, 0.3333333333333333, 0.3333333333333333]"
8825,124.27935856026959,961162.3814621016,"[0.3333333333333333, 0.3333333333333333, 0.3333333333333333]"
8826,373.0662886333425,333371.2695880143,"[0.3333333333333333, 0.3333333333333333, 0.3333333333333333]"
8827,548.4814620442637,350530.3194120893,"[0.3333333333333333, 0.3333333333333333, 0.3333333333333333]"
8828,161.21063071323067,599003.8820657337,"[0.3333333333333333, 0.3333333333333333, 0.3333333333333333]"
8829,146.93597749309635,452185.64699164225,"[0.3333333333333333, 0.3333333333333333, 0.3333333333333333]"
8830,789.9256041339098,392153.29575141537,"[0.3333333333333333, 0.3333333333333333, 0.3333333333333333]"
8831,459.89993627339356,744019.4501906768,"[0.3333333333333333, 0.3333333333333333, 0.3333333333333333]"
8832,222.23840214391726,790069.6733672847,"[0.3333333333333333, 0.3333333333333333, 0.3333333333333333]"
8833,96.43277257253048,988856.603352094,"[0.3333333333333333, 0.3333333333333333, 0.3333333333333333]"
8834,92.40029809313425,813074.5774021412,"[0.3333333333333333, 0.3333333333333333, 0.3333333333333333]"
8835,554.6128748356512,326404.78022925544,"[0.3333333333333333, 0.3333333333333333, 0.3333333333333333]"
8836,631.3777309438075,689840.7872118547,"[0.3333333333333333, 0.3333333333333333, 0.3333333333333333]"
8837,242.18223872988645,548388.616832335,"[0.3333333333333333, 0.3333333333333333, 0.3333333333333333]"
8838,889.0958904618161,945352.9607077502,"[0.3333333333333333, 0.3333333333333333, 0.3333333333333333]"
8839,323.93411349708555,616140.6147904686,"[0.3333333333333333, 0.3333333333333333, 0.3333333333333333]"
8840,692.3794788488534,655867.7351743146,"[0.3333333333333333, 0.3333333333333333, 0.3333333333333333]"
8841,185.25385195443062,579805.8054697625,"[0.3333333333333333, 0.3333333333333333, 0.3333333333333333]"
8842,599.9488029775837,106337.51533752111,"[0.3333333333333333, 0.3333333333333333, 0.3333333333333333]"
8843,226.36884502934257,565576.9737320361,"[0.3333333333333333, 0.3333333333333333, 0.3333333333333333]"
8844,801.3804131963483,124033.05211780065,"[0.3333333333333333, 0.3333333333333333, 0.3333333333333333]"
8845,983.0235545042128,126975.98643978541,"[0.3333333333333333, 0.3333333333333333, 0.3333333333333333]"
8846,387.2606254595416,343274.6083405082,"[0.3333333333333333, 0.3333333333333333, 0.3333333333333333]"
8847,175.87351200510204,531417.5038944008,"[0.3333333333333333, 0.3333333333333333, 0.3333333333333333]"
8848,549.6792129835994,193279.05122047104,"[0.3333333333333333, 0.3333333333333333, 0.3333333333333333]"
8849,647.6743252592977,567748.2129829227,"[0.3333333333333333, 0.3333333333333333, 0.3333333333333333]"
8850,839.2410424140313,227903.88582877733,"[0.3333333333333333, 0.3333333333333333, 0.3333333333333333]"
8851,46.35922553854035,875319.202896642,"[0.3333333333333333, 0.3333333333333333, 0.3333333333333333]"
8852,584.9672117943434,227301.99447978905,"[0.3333333333333333, 0.3333333333333333, 0.3333333333333333]"
8853,464.539724029459,668638.333761836,"[0.3333333333333333, 0.3333333333333333, 0.3333333333333333]"
8854,952.3334196531276,271926.63914028334,"[0.3333333333333333, 0.3333333333333333, 0.3333333333333333]"
8855,282.22339891683225,736638.2103857332,"[0.3333333333333333, 0.3333333333333333, 0.3333333333333333]"
8856,575.6637768709049,647591.2375127253,"[0.3333333333333333, 0.3333333333333333, 0.3333333333333333]"
8857,968.4652357831344,815487.6385695442,"[0.3333333333333333, 0.3333333333333333, 0.3333333333333333]"
8858,277.9147616503228,101595.21094275633,"[0.3333333333333333, 0.3333333333333333, 0.3333333333333333]"
8859,969.7238926601848,221875.11258314448,"[0.3333333333333333, 0.3333333333333333, 0.3333333333333333]"
8860,577.6264611298856,752552.5314366097,"[0.3333333333333333, 0.3333333333333333, 0.3333333333333333]"
8861,306.9919520641064,295802.77142807224,"[0.3333333333333333, 0.3333333333333333, 0.3333333333333333]"
8862,41.77383619878137,223242.8515216718,"[0.3333333333333333, 0.3333333333333333, 0.3333333333333333]"
8863,162.98385123502015,622461.7164638811,"[0.3333333333333333, 0.3333333333333333, 0.3333333333333333]"
8864,580.9357274243212,507823.78591011965,"[0.3333333333333333, 0.3333333333333333, 0.3333333333333333]"
8865,608.2216118863704,464053.55634460435,"[0.3333333333333333, 0.3333333333333333, 0.3333333333333333]"
8866,85.65131832650323,381173.219006803,"[0.3333333333333333, 0.3333333333333333, 0.3333333333333333]"
8867,319.6248326757673,466531.33515968977,"[0.3333333333333333, 0.3333333333333333, 0.3333333333333333]"
8868,267.1154882557161,634997.974426052,"[0.3333333333333333, 0.3333333333333333, 0.3333333333333333]"
8869,780.7445402257539,524707.4418240287,"[0.3333333333333333, 0.3333333333333333, 0.3333333333333333]"
8870,233.7767481632581,802332.1917001525,"[0.3333333333333333, 0.3333333333333333, 0.3333333333333333]"
8871,729.1404820538789,561178.0257188646,"[0.3333333333333333, 0.3333333333333333, 0.3333333333333333]"
8872,317.67588951460993,131324.0438317727,"[0.3333333333333333, 0.3333333333333333, 0.3333333333333333]"
8873,100.1118039008439,790376.6635202909,"[0.3333333333333333, 0.3333333333333333, 0.3333333333333333]"
8874,112.57536720803971,927699.78532275,"[0.3333333333333333, 0.3333333333333333, 0.3333333333333333]"
8875,763.5186707280596,545336.0847486036,"[0.3333333333333333, 0.3333333333333333, 0.3333333333333333]"
8876,18.697295139012063,410869.49801462266,"[0.3333333333333333, 0.3333333333333333, 0.3333333333333333]"
8877,908.339507154567,180874.4572336513,"[0.3333333333333333, 0.3333333333333333, 0.3333333333333333]"
8878,191.8304114745301,287418.8888031036,"[0.3333333333333333, 0.3333333333333333, 0.3333333333333333]"
8879,223.01108576695006,585636.7430996116,"[0.3333333333333333, 0.3333333333333333, 0.3333333333333333]"
8880,755.1911402790982,331295.62317428517,"[0.3333333333333333, 0.3333333333333333, 0.3333333333333333]"
8881,388.54949005974635,852210.0345584822,"[0.3333333333333333, 0.3333333333333333, 0.3333333333333333]"
8882,243.1815950430661,402765.2160750094,"[0.3333333333333333, 0.3333333333333333, 0.3333333333333333]"
8883,735.0343804286229,686763.1412987511,"[0.3333333333333333, 0.3333333333333333, 0.3333333333333333]"
8884,757.1999673855732,644151.4950195962,"[0.3333333333333333, 0.3333333333333333, 0.3333333333333333]"
8885,421.26880600585355,623819.9274440331,"[0.3333333333333333, 0.3333333333333333, 0.3333333333333333]"
8886,862.8227612363362,592711.3440658476,"[0.3333333333333333, 0.3333333333333333, 0.3333333333333333]"
8887,606.4209766730086,594948.7816469942,"[0.3333333333333333, 0.3333333333333333, 0.3333333333333333]"
8888,330.18741050315407,191041.15954234626,"[0.3333333333333333, 0.3333333333333333, 0.3333333333333333]"
8889,843.1070207208735,218555.79124846106,"[0.3333333333333333, 0.3333333333333333, 0.3333333333333333]"
8890,326.2972908263531,718208.550585239,"[0.3333333333333333, 0.3333333333333333, 0.3333333333333333]"
8891,236.3794241382319,570334.2152576298,"[0.3333333333333333, 0.3333333333333333, 0.3333333333333333]"
8892,307.81984779692243,902085.247750365,"[0.3333333333333333, 0.3333333333333333, 0.3333333333333333]"
8893,373.8740907295234,876921.7129022897,"[0.3333333333333333, 0.3333333333333333, 0.3333333333333333]"
8894,461.2521343203247,204449.63546860334,"[0.3333333333333333, 0.3333333333333333, 0.3333333333333333]"
8895,700.6920707723928,739239.0200215101,"[0.3333333333333333, 0.3333333333333333, 0.3333333333333333]"
8896,227.14279720664751,849473.5339492052,"[0.3333333333333333, 0.3333333333333333, 0.3333333333333333]"
8897,798.690343876051,586255.4155293279,"[0.3333333333333333, 0.3333333333333333, 0.3333333333333333]"
8898,472.6043777800217,737167.8489342364,"[0.3333333333333333, 0.3333333333333333, 0.3333333333333333]"
8899,468.9576112375934,795881.0269127468,"[0.3333333333333333, 0.3333333333333333, 0.3333333333333333]"
8900,892.2670032130152,160232.62342960644,"[0.3333333333333333, 0.3333333333333333, 0.3333333333333333]"
8901,497.2564275820375,328798.1053404022,"[0.3333333333333333, 0.3333333333333333, 0.3333333333333333]"
8902,260.9922809221365,868468.592028644,"[0.3333333333333333, 0.3333333333333333, 0.3333333333333333]"
8903,126.52702888042278,751511.1225790647,"[0.3333333333333333, 0.3333333333333333, 0.3333333333333333]"
8904,299.6896492781421,495782.89896289114,"[0.3333333333333333, 0.3333333333333333, 0.3333333333333333]"
8905,374.000622477308,175291.72490664653,"[0.3333333333333333, 0.3333333333333333, 0.3333333333333333]"
8906,938.7902237599017,471296.8719546508,"[0.3333333333333333, 0.3333333333333333, 0.3333333333333333]"
8907,249.52884995356874,265013.61926478357,"[0.3333333333333333, 0.3333333333333333, 0.3333333333333333]"
8908,532.281665038419,365170.1913780393,"[0.3333333333333333, 0.3333333333333333, 0.3333333333333333]"
8909,576.8230032267807,298960.54502604704,"[0.3333333333333333, 0.3333333333333333, 0.3333333333333333]"
8910,720.3556673904757,109497.10346487403,"[0.3333333333333333, 0.3333333333333333, 0.3333333333333333]"
8911,219.75716304505357,901585.3107791756,"[0.3333333333333333, 0.3333333333333333, 0.3333333333333333]"
8912,853.065451554718,700439.2464928331,"[0.3333333333333333, 0.3333333333333333, 0.3333333333333333]"
8913,315.1271850363181,565787.6472527992,"[0.3333333333333333, 0.3333333333333333, 0.3333333333333333]"
8914,60.203681527244974,958834.8378281639,"[0.3333333333333333, 0.3333333333333333, 0.3333333333333333]"
8915,63.41916532466905,278239.70696026384,"[0.3333333333333333, 0.3333333333333333, 0.3333333333333333]"
8916,343.32331246935127,771154.8168080967,"[0.3333333333333333, 0.3333333333333333, 0.3333333333333333]"
8917,889.1596833901041,177749.9680543959,"[0.3333333333333333, 0.3333333333333333, 0.3333333333333333]"
8918,544.6147342681948,994112.8077706563,"[0.3333333333333333, 0.3333333333333333, 0.3333333333333333]"
8919,901.7856176934164,864877.0590387613,"[0.3333333333333333, 0.3333333333333333, 0.3333333333333333]"
8920,960.2884361425023,338861.2528350535,"[0.3333333333333333, 0.3333333333333333, 0.3333333333333333]"
8921,426.77227218439157,851542.7634426191,"[0.3333333333333333, 0.3333333333333333, 0.3333333333333333]"
8922,194.09835668233262,912421.052714464,"[0.3333333333333333, 0.3333333333333333, 0.3333333333333333]"
8923,359.2944281984639,979925.801222161,"[0.3333333333333333, 0.3333333333333333, 0.3333333333333333]"
8924,845.131727983989,162513.11624554775,"[0.3333333333333333, 0.3333333333333333, 0.3333333333333333]"
8925,327.1231537907006,817320.8012534566,"[0.3333333333333333, 0.3333333333333333, 0.3333333333333333]"
8926,578.4082616959957,520486.9517976725,"[0.3333333333333333, 0.3333333333333333, 0.3333333333333333]"
8927,225.43393325201208,593279.6873338555,"[0.3333333333333333, 0.3333333333333333, 0.3333333333333333]"
8928,958.708599655569,120863.6406856781,"[0.3333333333333333, 0.3333333333333333, 0.3333333333333333]"
8929,523.2015223059376,123758.04792198454,"[0.3333333333333333, 0.3333333333333333, 0.3333333333333333]"
8930,612.2786464380785,995104.7143325524,"[0.3333333333333333, 0.3333333333333333, 0.3333333333333333]"
8931,283.96124878793916,414584.49173843005,"[0.3333333333333333, 0.3333333333333333, 0.3333333333333333]"
8932,815.7201336478265,435755.8841897039,"[0.3333333333333333, 0.3333333333333333, 0.3333333333333333]"
8933,613.0083273881105,583803.4807541359,"[0.3333333333333333, 0.3333333333333333, 0.3333333333333333]"
8934,614.7294395341678,222210.80068466364,"[0.3333333333333333, 0.3333333333333333, 0.3333333333333333]"
8935,623.4744718559208,197797.8900466449,"[0.3333333333333333, 0.3333333333333333, 0.3333333333333333]"
8936,624.5826210488366,209230.88662820292,"[0.3333333333333333, 0.3333333333333333, 0.3333333333333333]"
8937,688.5660061959674,758750.6579998988,"[0.3333333333333333, 0.3333333333333333, 0.3333333333333333]"
8938,738.8621520794118,755328.5538861374,"[0.3333333333333333, 0.3333333333333333, 0.3333333333333333]"
8939,844.994694891987,215600.15356889414,"[0.3333333333333333, 0.3333333333333333, 0.3333333333333333]"
8940,885.8099223677257,635311.3798738869,"[0.3333333333333333, 0.3333333333333333, 0.3333333333333333]"
8941,336.4888205774488,454431.00224154245,"[0.3333333333333333, 0.3333333333333333, 0.3333333333333333]"
8942,691.7994697351832,341728.05399604654,"[0.3333333333333333, 0.3333333333333333, 0.3333333333333333]"
8943,623.7674008561531,154983.06630782073,"[0.3333333333333333, 0.3333333333333333, 0.3333333333333333]"
8944,599.2438887665593,712889.7551952954,"[0.3333333333333333, 0.3333333333333333, 0.3333333333333333]"
8945,630.0116545859644,717777.8029290731,"[0.3333333333333333, 0.3333333333333333, 0.3333333333333333]"
8946,242.9178839155567,963047.4152645575,"[0.3333333333333333, 0.3333333333333333, 0.3333333333333333]"
8947,892.5597942800323,229862.65748930344,"[0.3333333333333333, 0.3333333333333333, 0.3333333333333333]"
8948,684.3503673010363,866694.131649504,"[0.3333333333333333, 0.3333333333333333, 0.3333333333333333]"
8949,420.02598098090454,606359.3428845317,"[0.3333333333333333, 0.3333333333333333, 0.3333333333333333]"
8950,602.4462873103182,843778.4974931586,"[0.3333333333333333, 0.3333333333333333, 0.3333333333333333]"
8951,869.0211544243892,171557.31938922332,"[0.3333333333333333, 0.3333333333333333, 0.3333333333333333]"
8952,660.5581023823023,365546.08398156834,"[0.3333333333333333, 0.3333333333333333, 0.3333333333333333]"
8953,158.60845027187634,878572.1810996741,"[0.3333333333333333, 0.3333333333333333, 0.3333333333333333]"
8954,461.9943326906255,858715.1813875594,"[0.3333333333333333, 0.3333333333333333, 0.3333333333333333]"
8955,58.718481177248925,138038.50494978158,"[0.3333333333333333, 0.3333333333333333, 0.3333333333333333]"
8956,978.3239717537551,408679.941955571,"[0.3333333333333333, 0.3333333333333333, 0.3333333333333333]"
8957,758.4882538905754,533735.692285818,"[0.3333333333333333, 0.3333333333333333, 0.3333333333333333]"
8958,950.5634492299276,277832.66853417887,"[0.3333333333333333, 0.3333333333333333, 0.3333333333333333]"
8959,883.7729679689543,166187.8012011223,"[0.3333333333333333, 0.3333333333333333, 0.3333333333333333]"
8960,821.6470144139007,646669.3352761943,"[0.3333333333333333, 0.3333333333333333, 0.3333333333333333]"
8961,660.4334388543971,719702.9873018215,"[0.3333333333333333, 0.3333333333333333, 0.3333333333333333]"
8962,229.76171811243472,787256.2784340786,"[0.3333333333333333, 0.3333333333333333, 0.3333333333333333]"
8963,34.48121310111455,145283.33201973012,"[0.3333333333333333, 0.3333333333333333, 0.3333333333333333]"
8964,12.355342405538703,319528.6849148336,"[0.3333333333333333, 0.3333333333333333, 0.3333333333333333]"
8965,185.71447798791374,401076.6576404527,"[0.3333333333333333, 0.3333333333333333, 0.3333333333333333]"
8966,342.31943211240633,503249.7650512942,"[0.3333333333333333, 0.3333333333333333, 0.3333333333333333]"
8967,893.6034119484492,189772.34693756537,"[0.3333333333333333, 0.3333333333333333, 0.3333333333333333]"
8968,57.695165963237315,530797.2760479029,"[0.3333333333333333, 0.3333333333333333, 0.3333333333333333]"
8969,74.43045898480486,787000.8339485741,"[0.3333333333333333, 0.3333333333333333, 0.3333333333333333]"
8970,471.84186118287914,334345.6889314901,"[0.3333333333333333, 0.3333333333333333, 0.3333333333333333]"
8971,51.97703375905209,958785.1394352065,"[0.3333333333333333, 0.3333333333333333, 0.3333333333333333]"
8972,895.1163163181972,465179.40064865135,"[0.3333333333333333, 0.3333333333333333, 0.3333333333333333]"
8973,122.60884324668879,755055.2079762142,"[0.3333333333333333, 0.3333333333333333, 0.3333333333333333]"
8974,257.67685016453737,665761.3948427273,"[0.3333333333333333, 0.3333333333333333, 0.3333333333333333]"
8975,882.8935489126577,370625.1061725507,"[0.3333333333333333, 0.3333333333333333, 0.3333333333333333]"
8976,53.36482354409655,293299.3305127879,"[0.3333333333333333, 0.3333333333333333, 0.3333333333333333]"
8977,983.7903798642035,804082.3061910998,"[0.3333333333333333, 0.3333333333333333, 0.3333333333333333]"
8978,392.4897239035971,106935.57765656486,"[0.3333333333333333, 0.3333333333333333, 0.3333333333333333]"
8979,279.7811523086758,949033.5948007511,"[0.3333333333333333, 0.3333333333333333, 0.3333333333333333]"
8980,233.46688760146407,144538.64758735587,"[0.3333333333333333, 0.3333333333333333, 0.3333333333333333]"
8981,379.13178372698167,509283.3289575927,"[0.3333333333333333, 0.3333333333333333, 0.3333333333333333]"
8982,314.97573160464304,116567.93491928471,"[0.3333333333333333, 0.3333333333333333, 0.3333333333333333]"
8983,119.07891817851937,149001.58713255395,"[0.3333333333333333, 0.3333333333333333, 0.3333333333333333]"
8984,878.2335739384122,287591.7124656845,"[0.3333333333333333, 0.3333333333333333, 0.3333333333333333]"
8985,395.50544689102423,605144.4553852244,"[0.3333333333333333, 0.3333333333333333, 0.3333333333333333]"
8986,575.1954752031097,615658.2977602892,"[0.3333333333333333, 0.3333333333333333, 0.3333333333333333]"
8987,885.7004428031594,168939.85775404767,"[0.3333333333333333, 0.3333333333333333, 0.3333333333333333]"
8988,865.2765206086234,444038.6634463315,"[0.3333333333333333, 0.3333333333333333, 0.3333333333333333]"
8989,709.9969609011365,106972.1703899038,"[0.3333333333333333, 0.3333333333333333, 0.3333333333333333]"
8990,795.598689374575,288149.41207582137,"[0.3333333333333333, 0.3333333333333333, 0.3333333333333333]"
8991,76.68953925803142,612297.9767903371,"[0.3333333333333333, 0.3333333333333333, 0.3333333333333333]"
8992,514.4862397701447,208501.96519418666,"[0.3333333333333333, 0.3333333333333333, 0.3333333333333333]"
8993,383.9024184290505,536998.2435457348,"[0.3333333333333333, 0.3333333333333333, 0.3333333333333333]"
8994,478.4031382637102,823605.7139376259,"[0.3333333333333333, 0.3333333333333333, 0.3333333333333333]"
8995,794.888906488646,136389.1045829388,"[0.3333333333333333, 0.3333333333333333, 0.3333333333333333]"
8996,530.6689986679069,257187.48068277168,"[0.3333333333333333, 0.3333333333333333, 0.3333333333333333]"
8997,12.725580768743423,547487.352254238,"[0.3333333333333333, 0.3333333333333333, 0.3333333333333333]"
8998,384.08201271934695,252240.43897722912,"[0.3333333333333333, 0.3333333333333333, 0.3333333333333333]"
8999,787.2494250454428,313283.34334621654,"[0.3333333333333333, 0.3333333333333333, 0.3333333333333333]"
9000,87.20764141033365,319939.79006315314,"[0.3333333333333333, 0.3333333333333333, 0.3333333333333333]"
9001,198.14864359159228,593315.4353573048,"[0.3333333333333333, 0.3333333333333333, 0.3333333333333333]"
9002,874.834851873341,859030.7646270484,"[0.3333333333333333, 0.3333333333333333, 0.3333333333333333]"
9003,477.2450159757624,148129.06490295497,"[0.3333333333333333, 0.3333333333333333, 0.3333333333333333]"
9004,385.3411493474818,404934.1311310592,"[0.3333333333333333, 0.3333333333333333, 0.3333333333333333]"
9005,869.3884378143706,616118.8403394504,"[0.3333333333333333, 0.3333333333333333, 0.3333333333333333]"
9006,169.5303110025597,106714.96920213866,"[0.3333333333333333, 0.3333333333333333, 0.3333333333333333]"
9007,667.1686607907127,635492.1867485053,"[0.3333333333333333, 0.3333333333333333, 0.3333333333333333]"
9008,801.0314243335152,329124.5325659355,"[0.3333333333333333, 0.3333333333333333, 0.3333333333333333]"
9009,654.6313130562761,997056.5885776412,"[0.3333333333333333, 0.3333333333333333, 0.3333333333333333]"
9010,444.9464080669569,990596.9110211264,"[0.3333333333333333, 0.3333333333333333, 0.3333333333333333]"
9011,20.38212306132178,254445.74935916194,"[0.3333333333333333, 0.3333333333333333, 0.3333333333333333]"
9012,392.67338681049426,210397.7519003199,"[0.3333333333333333, 0.3333333333333333, 0.3333333333333333]"
9013,52.75582146629624,624624.891627273,"[0.3333333333333333, 0.3333333333333333, 0.3333333333333333]"
9014,30.9964891917748,537070.787942484,"[0.3333333333333333, 0.3333333333333333, 0.3333333333333333]"
9015,369.34418161315324,310727.94919325924,"[0.3333333333333333, 0.3333333333333333, 0.3333333333333333]"
9016,736.8790795873202,188072.81848248962,"[0.3333333333333333, 0.3333333333333333, 0.3333333333333333]"
9017,378.96152254022326,916236.4912145847,"[0.3333333333333333, 0.3333333333333333, 0.3333333333333333]"
9018,599.5413084658732,920820.9469554682,"[0.3333333333333333, 0.3333333333333333, 0.3333333333333333]"
9019,550.2321009440531,122679.67853981483,"[0.3333333333333333, 0.3333333333333333, 0.3333333333333333]"
9020,256.64569338996625,635178.86904061,"[0.3333333333333333, 0.3333333333333333, 0.3333333333333333]"
9021,346.84693155683556,326439.02472864377,"[0.3333333333333333, 0.3333333333333333, 0.3333333333333333]"
9022,958.0429349349475,348317.69232777413,"[0.3333333333333333, 0.3333333333333333, 0.3333333333333333]"
9023,177.58962765741825,564192.8858510402,"[0.3333333333333333, 0.3333333333333333, 0.3333333333333333]"
9024,442.5219172017763,216669.865980335,"[0.3333333333333333, 0.3333333333333333, 0.3333333333333333]"
9025,274.4388071611535,791470.2482814909,"[0.3333333333333333, 0.3333333333333333, 0.3333333333333333]"
9026,865.6378311159211,626304.5145120726,"[0.3333333333333333, 0.3333333333333333, 0.3333333333333333]"
9027,872.254038692486,640880.9626785257,"[0.3333333333333333, 0.3333333333333333, 0.3333333333333333]"
9028,191.8623483285668,713944.2582171444,"[0.3333333333333333, 0.3333333333333333, 0.3333333333333333]"
9029,912.1203535870484,556074.1973979301,"[0.3333333333333333, 0.3333333333333333, 0.3333333333333333]"
9030,281.196121696735,568811.9302728998,"[0.3333333333333333, 0.3333333333333333, 0.3333333333333333]"
9031,380.97010358061306,345552.6918887927,"[0.3333333333333333, 0.3333333333333333, 0.3333333333333333]"
9032,267.10150706608124,930621.1406463352,"[0.3333333333333333, 0.3333333333333333, 0.3333333333333333]"
9033,370.1964521951531,959147.5158533205,"[0.3333333333333333, 0.3333333333333333, 0.3333333333333333]"
9034,518.6785156968538,787461.2008971144,"[0.3333333333333333, 0.3333333333333333, 0.3333333333333333]"
9035,695.2793638412915,853233.3422361215,"[0.3333333333333333, 0.3333333333333333, 0.3333333333333333]"
9036,261.8707110512061,174645.14077413196,"[0.3333333333333333, 0.3333333333333333, 0.3333333333333333]"
9037,292.9484186491692,418935.2182593036,"[0.3333333333333333, 0.3333333333333333, 0.3333333333333333]"
9038,380.5241624257693,412008.6341107152,"[0.3333333333333333, 0.3333333333333333, 0.3333333333333333]"
9039,166.84446121009208,832004.2534212426,"[0.3333333333333333, 0.3333333333333333, 0.3333333333333333]"
9040,682.8416614095521,642834.4305892992,"[0.3333333333333333, 0.3333333333333333, 0.3333333333333333]"
9041,226.07328695246852,139798.66701259877,"[0.3333333333333333, 0.3333333333333333, 0.3333333333333333]"
9042,143.1992773498907,348506.14085414127,"[0.3333333333333333, 0.3333333333333333, 0.3333333333333333]"
9043,885.6417216268089,835271.9347903209,"[0.3333333333333333, 0.3333333333333333, 0.3333333333333333]"
9044,768.7462964877702,792710.8651314356,"[0.3333333333333333, 0.3333333333333333, 0.3333333333333333]"
9045,980.0178517427505,422651.93475424167,"[0.3333333333333333, 0.3333333333333333, 0.3333333333333333]"
9046,532.029829060734,827975.742433738,"[0.3333333333333333, 0.3333333333333333, 0.3333333333333333]"
9047,353.1985823409367,990419.7365775616,"[0.3333333333333333, 0.3333333333333333, 0.3333333333333333]"
9048,56.637229751874806,849091.223398309,"[0.3333333333333333, 0.3333333333333333, 0.3333333333333333]"
9049,327.5821407249111,892390.2988022794,"[0.3333333333333333, 0.3333333333333333, 0.3333333333333333]"
9050,963.8625820890855,585955.9159922538,"[0.3333333333333333, 0.3333333333333333, 0.3333333333333333]"
9051,517.7329346794247,550290.0928527731,"[0.3333333333333333, 0.3333333333333333, 0.3333333333333333]"
9052,600.003414910183,591776.3522672695,"[0.3333333333333333, 0.3333333333333333, 0.3333333333333333]"
9053,830.2242742682027,107787.86637394574,"[0.3333333333333333, 0.3333333333333333, 0.3333333333333333]"
9054,835.9190794496609,431496.01202395995,"[0.3333333333333333, 0.3333333333333333, 0.3333333333333333]"
9055,308.3386064764259,647472.3273171105,"[0.3333333333333333, 0.3333333333333333, 0.3333333333333333]"
9056,877.9288324399457,220249.4278576413,"[0.3333333333333333, 0.3333333333333333, 0.3333333333333333]"
9057,289.27930978760213,691809.1008506829,"[0.3333333333333333, 0.3333333333333333, 0.3333333333333333]"
9058,913.0657827388003,366447.96504307777,"[0.3333333333333333, 0.3333333333333333, 0.3333333333333333]"
9059,233.8287471025779,342601.77274824865,"[0.3333333333333333, 0.3333333333333333, 0.3333333333333333]"
9060,756.6082683015717,105295.91424092867,"[0.3333333333333333, 0.3333333333333333, 0.3333333333333333]"
9061,885.7968439269972,970837.1389794064,"[0.3333333333333333, 0.3333333333333333, 0.3333333333333333]"
9062,989.4379770348614,371315.3911048138,"[0.3333333333333333, 0.3333333333333333, 0.3333333333333333]"
9063,628.7744608107555,274883.375052911,"[0.3333333333333333, 0.3333333333333333, 0.3333333333333333]"
9064,547.2158601220034,502715.47873144905,"[0.3333333333333333, 0.3333333333333333, 0.3333333333333333]"
9065,196.20040895612465,864325.7543365598,"[0.3333333333333333, 0.3333333333333333, 0.3333333333333333]"
9066,653.238395562452,316946.59712252906,"[0.3333333333333333, 0.3333333333333333, 0.3333333333333333]"
9067,739.8931524561731,670475.2926741393,"[0.3333333333333333, 0.3333333333333333, 0.3333333333333333]"
9068,148.26032622541496,286088.70408840926,"[0.3333333333333333, 0.3333333333333333, 0.3333333333333333]"
9069,641.6228259130078,327282.6216875273,"[0.3333333333333333, 0.3333333333333333, 0.3333333333333333]"
9070,220.1834366454361,422130.47806505515,"[0.3333333333333333, 0.3333333333333333, 0.3333333333333333]"
9071,860.3405774702196,400485.11173784407,"[0.3333333333333333, 0.3333333333333333, 0.3333333333333333]"
9072,364.0855381057516,303600.6818214974,"[0.3333333333333333, 0.3333333333333333, 0.3333333333333333]"
9073,16.137584053277468,500176.1981789644,"[0.3333333333333333, 0.3333333333333333, 0.3333333333333333]"
9074,561.0287196535601,753350.1132301948,"[0.3333333333333333, 0.3333333333333333, 0.3333333333333333]"
9075,504.5396792434396,397429.36841179593,"[0.3333333333333333, 0.3333333333333333, 0.3333333333333333]"
9076,943.4301369374208,295707.0551100165,"[0.3333333333333333, 0.3333333333333333, 0.3333333333333333]"
9077,659.3897882570928,665963.1105865601,"[0.3333333333333333, 0.3333333333333333, 0.3333333333333333]"
9078,135.35571377823902,271000.9558423894,"[0.3333333333333333, 0.3333333333333333, 0.3333333333333333]"
9079,824.2555309732841,794918.238820104,"[0.3333333333333333, 0.3333333333333333, 0.3333333333333333]"
9080,521.8300208062951,927454.8616111284,"[0.3333333333333333, 0.3333333333333333, 0.3333333333333333]"
9081,670.0610030639046,801619.5685739777,"[0.3333333333333333, 0.3333333333333333, 0.3333333333333333]"
9082,552.0915427640899,634813.9813768063,"[0.3333333333333333, 0.3333333333333333, 0.3333333333333333]"
9083,149.42480050454563,972569.9717185068,"[0.3333333333333333, 0.3333333333333333, 0.3333333333333333]"
9084,683.294996165155,971586.7638047885,"[0.3333333333333333, 0.3333333333333333, 0.3333333333333333]"
9085,485.9709779464651,784059.113625875,"[0.3333333333333333, 0.3333333333333333, 0.3333333333333333]"
9086,935.7927171977306,938373.0766509188,"[0.3333333333333333, 0.3333333333333333, 0.3333333333333333]"
9087,445.7670015821582,552253.7131662413,"[0.3333333333333333, 0.3333333333333333, 0.3333333333333333]"
9088,214.20966944058253,749084.821476523,"[0.3333333333333333, 0.3333333333333333, 0.3333333333333333]"
9089,481.3564145227336,750952.2777032056,"[0.3333333333333333, 0.3333333333333333, 0.3333333333333333]"
9090,936.7930469312063,886857.8169465064,"[0.3333333333333333, 0.3333333333333333, 0.3333333333333333]"
9091,315.07918173540116,564411.2443464624,"[0.3333333333333333, 0.3333333333333333, 0.3333333333333333]"
9092,145.3203490530576,588133.568028715,"[0.3333333333333333, 0.3333333333333333, 0.3333333333333333]"
9093,849.1135240630798,681439.6291946695,"[0.3333333333333333, 0.3333333333333333, 0.3333333333333333]"
9094,793.5081420042204,775282.3384075656,"[0.3333333333333333, 0.3333333333333333, 0.3333333333333333]"
9095,577.9004193880453,837928.3888428595,"[0.3333333333333333, 0.3333333333333333, 0.3333333333333333]"
9096,99.2540305848138,614039.8025958873,"[0.3333333333333333, 0.3333333333333333, 0.3333333333333333]"
9097,233.04171241326483,403583.1023348659,"[0.3333333333333333, 0.3333333333333333, 0.3333333333333333]"
9098,135.03075758020114,208138.31805832457,"[0.3333333333333333, 0.3333333333333333, 0.3333333333333333]"
9099,401.8647193519952,341047.6562046678,"[0.3333333333333333, 0.3333333333333333, 0.3333333333333333]"
9100,591.2470060075711,564638.9749291302,"[0.3333333333333333, 0.3333333333333333, 0.3333333333333333]"
9101,643.0056850867918,501167.80506456184,"[0.3333333333333333, 0.3333333333333333, 0.3333333333333333]"
9102,970.8472317032309,182314.30153601576,"[0.3333333333333333, 0.3333333333333333, 0.3333333333333333]"
9103,558.6144071783999,739221.5453219871,"[0.3333333333333333, 0.3333333333333333, 0.3333333333333333]"
9104,741.5147024686215,234839.79071073045,"[0.3333333333333333, 0.3333333333333333, 0.3333333333333333]"
9105,197.30779001530306,775662.0924282663,"[0.3333333333333333, 0.3333333333333333, 0.3333333333333333]"
9106,316.1509672907696,807725.2518343641,"[0.3333333333333333, 0.3333333333333333, 0.3333333333333333]"
9107,744.173166073324,551144.4186487414,"[0.3333333333333333, 0.3333333333333333, 0.3333333333333333]"
9108,644.464261731193,148166.41690661522,"[0.3333333333333333, 0.3333333333333333, 0.3333333333333333]"
9109,382.5412363338068,726194.3217285594,"[0.3333333333333333, 0.3333333333333333, 0.3333333333333333]"
9110,260.09797885444436,730642.1850553849,"[0.3333333333333333, 0.3333333333333333, 0.3333333333333333]"
9111,901.4899921311811,995481.7049766312,"[0.3333333333333333, 0.3333333333333333, 0.3333333333333333]"
9112,576.3594480427508,192268.26004151825,"[0.3333333333333333, 0.3333333333333333, 0.3333333333333333]"
9113,931.6131403278955,666758.3827014097,"[0.3333333333333333, 0.3333333333333333, 0.3333333333333333]"
9114,140.13186265999033,917092.9072288364,"[0.3333333333333333, 0.3333333333333333, 0.3333333333333333]"
9115,380.25395516421077,230154.78526566533,"[0.3333333333333333, 0.3333333333333333, 0.3333333333333333]"
9116,389.15866817490115,970883.2272509797,"[0.3333333333333333, 0.3333333333333333, 0.3333333333333333]"
9117,239.37553213949013,251855.19240342913,"[0.3333333333333333, 0.3333333333333333, 0.3333333333333333]"
9118,390.8780386913995,261645.48047174662,"[0.3333333333333333, 0.3333333333333333, 0.3333333333333333]"
9119,434.6988360339618,858940.5396064724,"[0.3333333333333333, 0.3333333333333333, 0.3333333333333333]"
9120,790.8030586459544,911321.7481402986,"[0.3333333333333333, 0.3333333333333333, 0.3333333333333333]"
9121,508.89084527920727,191428.38031513712,"[0.3333333333333333, 0.3333333333333333, 0.3333333333333333]"
9122,660.8817338445854,807780.672367788,"[0.3333333333333333, 0.3333333333333333, 0.3333333333333333]"
9123,394.509589129746,268104.4521590921,"[0.3333333333333333, 0.3333333333333333, 0.3333333333333333]"
9124,442.99482265593167,705090.240133818,"[0.3333333333333333, 0.3333333333333333, 0.3333333333333333]"
9125,240.1568258630768,331918.2558763139,"[0.3333333333333333, 0.3333333333333333, 0.3333333333333333]"
9126,327.236770807445,673433.2733985536,"[0.3333333333333333, 0.3333333333333333, 0.3333333333333333]"
9127,626.4569943012708,358335.3243134385,"[0.3333333333333333, 0.3333333333333333, 0.3333333333333333]"
9128,216.73330774124744,572977.968395882,"[0.3333333333333333, 0.3333333333333333, 0.3333333333333333]"
9129,660.5576278475542,829632.23667496,"[0.3333333333333333, 0.3333333333333333, 0.3333333333333333]"
9130,236.11451685787614,220324.5340236486,"[0.3333333333333333, 0.3333333333333333, 0.3333333333333333]"
9131,416.1508269722978,246392.95598116523,"[0.3333333333333333, 0.3333333333333333, 0.3333333333333333]"
9132,621.6531786949718,238929.89129169294,"[0.3333333333333333, 0.3333333333333333, 0.3333333333333333]"
9133,668.0342686094883,131538.42847527564,"[0.3333333333333333, 0.3333333333333333, 0.3333333333333333]"
9134,920.0652391887455,904930.4111460389,"[0.3333333333333333, 0.3333333333333333, 0.3333333333333333]"
9135,574.8529769174879,128271.13463821214,"[0.3333333333333333, 0.3333333333333333, 0.3333333333333333]"
9136,687.7634685539398,770621.0126506157,"[0.3333333333333333, 0.3333333333333333, 0.3333333333333333]"
9137,978.1901255553964,942834.8371856516,"[0.3333333333333333, 0.3333333333333333, 0.3333333333333333]"
9138,729.348837466357,518915.3864267363,"[0.3333333333333333, 0.3333333333333333, 0.3333333333333333]"
9139,292.35859873397374,188335.79014390416,"[0.3333333333333333, 0.3333333333333333, 0.3333333333333333]"
9140,431.90515763773374,758472.8580858754,"[0.3333333333333333, 0.3333333333333333, 0.3333333333333333]"
9141,294.2715860521118,367495.0914693845,"[0.3333333333333333, 0.3333333333333333, 0.3333333333333333]"
9142,787.4567502747609,711440.419215621,"[0.3333333333333333, 0.3333333333333333, 0.3333333333333333]"
9143,514.2918779541126,603361.097680882,"[0.3333333333333333, 0.3333333333333333, 0.3333333333333333]"
9144,933.2783886178779,486385.70871938666,"[0.3333333333333333, 0.3333333333333333, 0.3333333333333333]"
9145,668.4882238866101,743120.0478062914,"[0.3333333333333333, 0.3333333333333333, 0.3333333333333333]"
9146,144.99138787520496,509783.6045306281,"[0.3333333333333333, 0.3333333333333333, 0.3333333333333333]"
9147,684.9235785036898,614974.4960136578,"[0.3333333333333333, 0.3333333333333333, 0.3333333333333333]"
9148,377.1259226329768,286002.01966780773,"[0.3333333333333333, 0.3333333333333333, 0.3333333333333333]"
9149,689.142134119279,729730.9693875139,"[0.3333333333333333, 0.3333333333333333, 0.3333333333333333]"
9150,294.33383985360393,618859.903123859,"[0.3333333333333333, 0.3333333333333333, 0.3333333333333333]"
9151,41.68273538091739,229484.20054300607,"[0.3333333333333333, 0.3333333333333333, 0.3333333333333333]"
9152,586.5689766921669,237006.81775892104,"[0.3333333333333333, 0.3333333333333333, 0.3333333333333333]"
9153,773.1104813626081,947738.5886722823,"[0.3333333333333333, 0.3333333333333333, 0.3333333333333333]"
9154,867.3957662046954,462012.0118939311,"[0.3333333333333333, 0.3333333333333333, 0.3333333333333333]"
9155,640.5226205700062,743187.7105608985,"[0.3333333333333333, 0.3333333333333333, 0.3333333333333333]"
9156,982.0274592018601,127295.65624689778,"[0.3333333333333333, 0.3333333333333333, 0.3333333333333333]"
9157,269.1659506917522,357387.66561639035,"[0.3333333333333333, 0.3333333333333333, 0.3333333333333333]"
9158,902.6768171260568,300039.0190891373,"[0.3333333333333333, 0.3333333333333333, 0.3333333333333333]"
9159,859.8916585135416,963514.5927652532,"[0.3333333333333333, 0.3333333333333333, 0.3333333333333333]"
9160,86.553130918044,140230.82964417821,"[0.3333333333333333, 0.3333333333333333, 0.3333333333333333]"
9161,21.79332930891185,863103.4309492251,"[0.3333333333333333, 0.3333333333333333, 0.3333333333333333]"
9162,384.62913458991096,391611.2216152002,"[0.3333333333333333, 0.3333333333333333, 0.3333333333333333]"
9163,433.6960386132633,936097.016589978,"[0.3333333333333333, 0.3333333333333333, 0.3333333333333333]"
9164,811.4620521060964,346665.97838954494,"[0.3333333333333333, 0.3333333333333333, 0.3333333333333333]"
9165,373.44771244401693,117724.7873131321,"[0.3333333333333333, 0.3333333333333333, 0.3333333333333333]"
9166,630.8366351400807,698212.4185933045,"[0.3333333333333333, 0.3333333333333333, 0.3333333333333333]"
9167,901.5075419508648,434707.3817634039,"[0.3333333333333333, 0.3333333333333333, 0.3333333333333333]"
9168,292.1268264829012,468582.3328510348,"[0.3333333333333333, 0.3333333333333333, 0.3333333333333333]"
9169,606.6277937112702,861879.7527354537,"[0.3333333333333333, 0.3333333333333333, 0.3333333333333333]"
9170,524.3356564384336,829230.8747482942,"[0.3333333333333333, 0.3333333333333333, 0.3333333333333333]"
9171,746.1972402664574,878808.5968048745,"[0.3333333333333333, 0.3333333333333333, 0.3333333333333333]"
9172,733.18929045929,182301.83653058152,"[0.3333333333333333, 0.3333333333333333, 0.3333333333333333]"
9173,622.1986611215593,444673.7007453928,"[0.3333333333333333, 0.3333333333333333, 0.3333333333333333]"
9174,297.6032800605573,813339.5827244298,"[0.3333333333333333, 0.3333333333333333, 0.3333333333333333]"
9175,595.0254558705175,325532.9338450182,"[0.3333333333333333, 0.3333333333333333, 0.3333333333333333]"
9176,451.8699686044103,338112.39599654905,"[0.3333333333333333, 0.3333333333333333, 0.3333333333333333]"
9177,880.7587089422587,957996.4286986786,"[0.3333333333333333, 0.3333333333333333, 0.3333333333333333]"
9178,238.94019994828142,550537.7463509497,"[0.3333333333333333, 0.3333333333333333, 0.3333333333333333]"
9179,319.9707336812266,325111.3529008925,"[0.3333333333333333, 0.3333333333333333, 0.3333333333333333]"
9180,427.2786121482392,489134.74111057795,"[0.3333333333333333, 0.3333333333333333, 0.3333333333333333]"
9181,92.07059563317978,474194.262003008,"[0.3333333333333333, 0.3333333333333333, 0.3333333333333333]"
9182,39.74796130397239,388274.00616551645,"[0.3333333333333333, 0.3333333333333333, 0.3333333333333333]"
9183,39.325685410864054,884674.7725616203,"[0.3333333333333333, 0.3333333333333333, 0.3333333333333333]"
9184,111.61990056522315,439567.5806187743,"[0.3333333333333333, 0.3333333333333333, 0.3333333333333333]"
9185,71.68324085012775,539729.8725734556,"[0.3333333333333333, 0.3333333333333333, 0.3333333333333333]"
9186,143.68673921230578,519116.31106010446,"[0.3333333333333333, 0.3333333333333333, 0.3333333333333333]"
9187,74.02148237883604,894104.6626368571,"[0.3333333333333333, 0.3333333333333333, 0.3333333333333333]"
9188,647.5833054395661,675545.4135164696,"[0.3333333333333333, 0.3333333333333333, 0.3333333333333333]"
9189,778.8348082458491,480773.0615154062,"[0.3333333333333333, 0.3333333333333333, 0.3333333333333333]"
9190,260.5682699130866,743479.5843226727,"[0.3333333333333333, 0.3333333333333333, 0.3333333333333333]"
9191,974.7224654558598,778232.9156001075,"[0.3333333333333333, 0.3333333333333333, 0.3333333333333333]"
9192,360.6812343121418,320150.45735714666,"[0.3333333333333333, 0.3333333333333333, 0.3333333333333333]"
9193,321.7866167424207,669311.6154293967,"[0.3333333333333333, 0.3333333333333333, 0.3333333333333333]"
9194,271.96829641201936,633977.3526532016,"[0.3333333333333333, 0.3333333333333333, 0.3333333333333333]"
9195,730.7086764102502,541303.6711503485,"[0.3333333333333333, 0.3333333333333333, 0.3333333333333333]"
9196,846.0771143065035,500240.7787375586,"[0.3333333333333333, 0.3333333333333333, 0.3333333333333333]"
9197,288.8173874666942,401790.8909007268,"[0.3333333333333333, 0.3333333333333333, 0.3333333333333333]"
9198,706.2804623655807,420959.925031416,"[0.3333333333333333, 0.3333333333333333, 0.3333333333333333]"
9199,65.77421609796501,439235.544239853,"[0.3333333333333333, 0.3333333333333333, 0.3333333333333333]"
9200,45.70001212757702,336068.36942210706,"[0.3333333333333333, 0.3333333333333333, 0.3333333333333333]"
9201,976.0174777666924,676432.226213319,"[0.3333333333333333, 0.3333333333333333, 0.3333333333333333]"
9202,974.2881524782633,618335.6204414365,"[0.3333333333333333, 0.3333333333333333, 0.3333333333333333]"
9203,112.53200562681732,817266.4585504442,"[0.3333333333333333, 0.3333333333333333, 0.3333333333333333]"
9204,508.02666603983755,283239.4715891505,"[0.3333333333333333, 0.3333333333333333, 0.3333333333333333]"
9205,946.946968157384,493925.50179408933,"[0.3333333333333333, 0.3333333333333333, 0.3333333333333333]"
9206,558.5771351278627,170776.40267666907,"[0.3333333333333333, 0.3333333333333333, 0.3333333333333333]"
9207,420.32640217481077,475995.0698708422,"[0.3333333333333333, 0.3333333333333333, 0.3333333333333333]"
9208,788.0668315440597,720289.5965495872,"[0.3333333333333333, 0.3333333333333333, 0.3333333333333333]"
9209,774.982239725832,762366.8266620497,"[0.3333333333333333, 0.3333333333333333, 0.3333333333333333]"
9210,943.6161653339717,440142.4117421314,"[0.3333333333333333, 0.3333333333333333, 0.3333333333333333]"
9211,191.43275297937421,982853.0584448309,"[0.3333333333333333, 0.3333333333333333, 0.3333333333333333]"
9212,784.5776099173675,985899.0504895559,"[0.3333333333333333, 0.3333333333333333, 0.3333333333333333]"
9213,483.4452856708903,668418.9848859179,"[0.3333333333333333, 0.3333333333333333, 0.3333333333333333]"
9214,904.4989282796523,145079.2621924295,"[0.3333333333333333, 0.3333333333333333, 0.3333333333333333]"
9215,57.60221573215579,878021.7037271927,"[0.3333333333333333, 0.3333333333333333, 0.3333333333333333]"
9216,107.65909429644049,844047.8937975593,"[0.3333333333333333, 0.3333333333333333, 0.3333333333333333]"
9217,452.73718398751816,601197.0234152032,"[0.3333333333333333, 0.3333333333333333, 0.3333333333333333]"
9218,457.27691419259446,473808.43041620543,"[0.3333333333333333, 0.3333333333333333, 0.3333333333333333]"
9219,344.5114959594029,409873.842291624,"[0.3333333333333333, 0.3333333333333333, 0.3333333333333333]"
9220,768.3662266161111,576848.6313121819,"[0.3333333333333333, 0.3333333333333333, 0.3333333333333333]"
9221,103.18685291874708,526025.8572205433,"[0.3333333333333333, 0.3333333333333333, 0.3333333333333333]"
9222,392.05631043794983,556255.7431158272,"[0.3333333333333333, 0.3333333333333333, 0.3333333333333333]"
9223,878.9793715100549,787633.8048069397,"[0.3333333333333333, 0.3333333333333333, 0.3333333333333333]"
9224,166.59592692131247,784700.126813842,"[0.3333333333333333, 0.3333333333333333, 0.3333333333333333]"
9225,413.8537649657366,413337.6275013452,"[0.3333333333333333, 0.3333333333333333, 0.3333333333333333]"
9226,256.3161105929937,100148.36966503874,"[0.3333333333333333, 0.3333333333333333, 0.3333333333333333]"
9227,982.0733187119125,151611.3521863096,"[0.3333333333333333, 0.3333333333333333, 0.3333333333333333]"
9228,305.4532179740519,703494.026614493,"[0.3333333333333333, 0.3333333333333333, 0.3333333333333333]"
9229,881.4435845498289,598027.5714729809,"[0.3333333333333333, 0.3333333333333333, 0.3333333333333333]"
9230,279.1734126863566,642557.761504438,"[0.3333333333333333, 0.3333333333333333, 0.3333333333333333]"
9231,580.6442149381203,588211.6122954153,"[0.3333333333333333, 0.3333333333333333, 0.3333333333333333]"
9232,393.72503213069933,151080.81831135708,"[0.3333333333333333, 0.3333333333333333, 0.3333333333333333]"
9233,535.5284386306537,127210.60599530285,"[0.3333333333333333, 0.3333333333333333, 0.3333333333333333]"
9234,750.1959038132694,101051.922100318,"[0.3333333333333333, 0.3333333333333333, 0.3333333333333333]"
9235,88.30607842146442,508497.05711256934,"[0.3333333333333333, 0.3333333333333333, 0.3333333333333333]"
9236,922.9339638092408,103775.54286547213,"[0.3333333333333333, 0.3333333333333333, 0.3333333333333333]"
9237,854.2552967163084,174807.91266293539,"[0.3333333333333333, 0.3333333333333333, 0.3333333333333333]"
9238,503.7919245224666,202592.01003744773,"[0.3333333333333333, 0.3333333333333333, 0.3333333333333333]"
9239,970.8503781269247,585456.1153968757,"[0.3333333333333333, 0.3333333333333333, 0.3333333333333333]"
9240,531.1716256768539,849519.0879148652,"[0.3333333333333333, 0.3333333333333333, 0.3333333333333333]"
9241,876.067461843291,502130.029745675,"[0.3333333333333333, 0.3333333333333333, 0.3333333333333333]"
9242,88.03267888201802,946631.5643844703,"[0.3333333333333333, 0.3333333333333333, 0.3333333333333333]"
9243,109.40872214854073,729403.0223020053,"[0.3333333333333333, 0.3333333333333333, 0.3333333333333333]"
9244,584.5900569489003,144998.65824759545,"[0.3333333333333333, 0.3333333333333333, 0.3333333333333333]"
9245,137.85281370026644,912536.6386840967,"[0.3333333333333333, 0.3333333333333333, 0.3333333333333333]"
9246,441.96346306180186,324974.30353224406,"[0.3333333333333333, 0.3333333333333333, 0.3333333333333333]"
9247,390.82420960409814,770458.1085763028,"[0.3333333333333333, 0.3333333333333333, 0.3333333333333333]"
9248,106.21357988520504,575524.9688789445,"[0.3333333333333333, 0.3333333333333333, 0.3333333333333333]"
9249,501.60889897878815,214783.20736708166,"[0.3333333333333333, 0.3333333333333333, 0.3333333333333333]"
9250,865.583980512585,597188.275694492,"[0.3333333333333333, 0.3333333333333333, 0.3333333333333333]"
9251,361.7548620214451,857601.0587127559,"[0.3333333333333333, 0.3333333333333333, 0.3333333333333333]"
9252,539.3494235344019,279838.29893223866,"[0.3333333333333333, 0.3333333333333333, 0.3333333333333333]"
9253,279.7261621400161,606791.36002606,"[0.3333333333333333, 0.3333333333333333, 0.3333333333333333]"
9254,905.6762757343781,759156.8707614901,"[0.3333333333333333, 0.3333333333333333, 0.3333333333333333]"
9255,181.62874551589456,838541.9044962184,"[0.3333333333333333, 0.3333333333333333, 0.3333333333333333]"
9256,649.6559697829819,967391.5918074448,"[0.3333333333333333, 0.3333333333333333, 0.3333333333333333]"
9257,699.6491650650723,371742.5869141843,"[0.3333333333333333, 0.3333333333333333, 0.3333333333333333]"
9258,97.47744319388049,762842.6915665474,"[0.3333333333333333, 0.3333333333333333, 0.3333333333333333]"
9259,273.4619619028356,522932.99602195545,"[0.3333333333333333, 0.3333333333333333, 0.3333333333333333]"
9260,337.1685425693282,611170.9609444474,"[0.3333333333333333, 0.3333333333333333, 0.3333333333333333]"
9261,317.57609228686727,130939.61459564512,"[0.3333333333333333, 0.3333333333333333, 0.3333333333333333]"
9262,609.835047893669,623912.8436040336,"[0.3333333333333333, 0.3333333333333333, 0.3333333333333333]"
9263,464.31842471796455,991674.6727397284,"[0.3333333333333333, 0.3333333333333333, 0.3333333333333333]"
9264,182.43202576986496,949985.6227538617,"[0.3333333333333333, 0.3333333333333333, 0.3333333333333333]"
9265,476.31430886831225,976757.3593505253,"[0.3333333333333333, 0.3333333333333333, 0.3333333333333333]"
9266,195.98130674267114,199388.55775154298,"[0.3333333333333333, 0.3333333333333333, 0.3333333333333333]"
9267,179.41773026158828,852351.643370223,"[0.3333333333333333, 0.3333333333333333, 0.3333333333333333]"
9268,690.4991513081338,435925.21759213955,"[0.3333333333333333, 0.3333333333333333, 0.3333333333333333]"
9269,525.4374852765291,476035.97037932515,"[0.3333333333333333, 0.3333333333333333, 0.3333333333333333]"
9270,317.5512052946189,554879.4772474018,"[0.3333333333333333, 0.3333333333333333, 0.3333333333333333]"
9271,764.8250873494211,571336.1506306998,"[0.3333333333333333, 0.3333333333333333, 0.3333333333333333]"
9272,740.9916701906816,672238.9982593891,"[0.3333333333333333, 0.3333333333333333, 0.3333333333333333]"
9273,869.5338642980249,124511.94278763716,"[0.3333333333333333, 0.3333333333333333, 0.3333333333333333]"
9274,758.5947683216843,427978.09797052987,"[0.3333333333333333, 0.3333333333333333, 0.3333333333333333]"
9275,564.3495402942418,345632.0975216726,"[0.3333333333333333, 0.3333333333333333, 0.3333333333333333]"
9276,163.02758702236974,827660.8664864269,"[0.3333333333333333, 0.3333333333333333, 0.3333333333333333]"
9277,205.2743137882959,525189.1434852735,"[0.3333333333333333, 0.3333333333333333, 0.3333333333333333]"
9278,445.1796434921635,229857.3747311356,"[0.3333333333333333, 0.3333333333333333, 0.3333333333333333]"
9279,550.9730415795657,473328.22354333464,"[0.3333333333333333, 0.3333333333333333, 0.3333333333333333]"
9280,928.1886555117833,674286.9384571756,"[0.3333333333333333, 0.3333333333333333, 0.3333333333333333]"
9281,658.9802641027255,448192.71264336683,"[0.3333333333333333, 0.3333333333333333, 0.3333333333333333]"
9282,665.0596288839668,130623.02702086772,"[0.3333333333333333, 0.3333333333333333, 0.3333333333333333]"
9283,430.04328812241346,461806.83473976766,"[0.3333333333333333, 0.3333333333333333, 0.3333333333333333]"
9284,361.14211388664836,740439.247078742,"[0.3333333333333333, 0.3333333333333333, 0.3333333333333333]"
9285,111.92123079017708,502228.452363434,"[0.3333333333333333, 0.3333333333333333, 0.3333333333333333]"
9286,829.0501569352672,850042.4976116684,"[0.3333333333333333, 0.3333333333333333, 0.3333333333333333]"
9287,411.62143734765584,775775.6401845015,"[0.3333333333333333, 0.3333333333333333, 0.3333333333333333]"
9288,56.835156649700714,704953.3060602978,"[0.3333333333333333, 0.3333333333333333, 0.3333333333333333]"
9289,65.68607301678924,712189.6044590786,"[0.3333333333333333, 0.3333333333333333, 0.3333333333333333]"
9290,850.1016658241658,453943.6791692002,"[0.3333333333333333, 0.3333333333333333, 0.3333333333333333]"
9291,758.8248534669419,785398.4222956754,"[0.3333333333333333, 0.3333333333333333, 0.3333333333333333]"
9292,962.4855734768717,283990.83622060966,"[0.3333333333333333, 0.3333333333333333, 0.3333333333333333]"
9293,255.9215710883003,778234.5788083692,"[0.3333333333333333, 0.3333333333333333, 0.3333333333333333]"
9294,477.3241129058095,909277.0171006,"[0.3333333333333333, 0.3333333333333333, 0.3333333333333333]"
9295,621.4881278579547,209334.2084266282,"[0.3333333333333333, 0.3333333333333333, 0.3333333333333333]"
9296,393.3995889219569,399801.0783179122,"[0.3333333333333333, 0.3333333333333333, 0.3333333333333333]"
9297,994.0243019044501,317587.2666211433,"[0.3333333333333333, 0.3333333333333333, 0.3333333333333333]"
9298,724.7651275007717,527261.2070571007,"[0.3333333333333333, 0.3333333333333333, 0.3333333333333333]"
9299,390.42862840656943,262056.4870566857,"[0.3333333333333333, 0.3333333333333333, 0.3333333333333333]"
9300,232.99250442304768,757377.1256369865,"[0.3333333333333333, 0.3333333333333333, 0.3333333333333333]"
9301,653.6984964038506,538846.4295303584,"[0.3333333333333333, 0.3333333333333333, 0.3333333333333333]"
9302,768.3876593044143,199624.6497684817,"[0.3333333333333333, 0.3333333333333333, 0.3333333333333333]"
9303,911.3690034780095,147196.71732563674,"[0.3333333333333333, 0.3333333333333333, 0.3333333333333333]"
9304,48.70356638854399,721479.6768778908,"[0.3333333333333333, 0.3333333333333333, 0.3333333333333333]"
9305,620.8630479742751,708178.9600182346,"[0.3333333333333333, 0.3333333333333333, 0.3333333333333333]"
9306,387.7823145573869,419445.3261842617,"[0.3333333333333333, 0.3333333333333333, 0.3333333333333333]"
9307,122.63146533038724,905088.4787264613,"[0.3333333333333333, 0.3333333333333333, 0.3333333333333333]"
9308,969.187061156107,123851.48190521801,"[0.3333333333333333, 0.3333333333333333, 0.3333333333333333]"
9309,980.0473704099998,157699.95899848721,"[0.3333333333333333, 0.3333333333333333, 0.3333333333333333]"
9310,923.568154348861,533839.0188218723,"[0.3333333333333333, 0.3333333333333333, 0.3333333333333333]"
9311,187.2254050653179,565855.8030608045,"[0.3333333333333333, 0.3333333333333333, 0.3333333333333333]"
9312,180.55216764369558,378771.83135767345,"[0.3333333333333333, 0.3333333333333333, 0.3333333333333333]"
9313,360.20979439265335,822983.6654788795,"[0.3333333333333333, 0.3333333333333333, 0.3333333333333333]"
9314,100.9701317311228,882330.0507497754,"[0.3333333333333333, 0.3333333333333333, 0.3333333333333333]"
9315,776.7856114021965,357629.5414018476,"[0.3333333333333333, 0.3333333333333333, 0.3333333333333333]"
9316,547.1277707355638,772515.3960466676,"[0.3333333333333333, 0.3333333333333333, 0.3333333333333333]"
9317,935.4791338664908,234205.16729512057,"[0.3333333333333333, 0.3333333333333333, 0.3333333333333333]"
9318,281.76251146101913,428545.9401826922,"[0.3333333333333333, 0.3333333333333333, 0.3333333333333333]"
9319,70.28688741712025,824922.8192522619,"[0.3333333333333333, 0.3333333333333333, 0.3333333333333333]"
9320,655.8729073611498,341623.5838694213,"[0.3333333333333333, 0.3333333333333333, 0.3333333333333333]"
9321,389.052255999413,987708.0259725917,"[0.3333333333333333, 0.3333333333333333, 0.3333333333333333]"
9322,419.8932330852886,861718.3757261868,"[0.3333333333333333, 0.3333333333333333, 0.3333333333333333]"
9323,852.2118212686476,660120.1035748023,"[0.3333333333333333, 0.3333333333333333, 0.3333333333333333]"
9324,170.5540341398703,479765.0184886915,"[0.3333333333333333, 0.3333333333333333, 0.3333333333333333]"
9325,276.61885791190934,574012.269115932,"[0.3333333333333333, 0.3333333333333333, 0.3333333333333333]"
9326,910.077588658012,604971.3065970554,"[0.3333333333333333, 0.3333333333333333, 0.3333333333333333]"
9327,926.692052909198,738112.6907406385,"[0.3333333333333333, 0.3333333333333333, 0.3333333333333333]"
9328,447.7218357304481,231498.11914751012,"[0.3333333333333333, 0.3333333333333333, 0.3333333333333333]"
9329,173.41103256792044,283209.91523406096,"[0.3333333333333333, 0.3333333333333333, 0.3333333333333333]"
9330,618.0522577168706,192063.50424500045,"[0.3333333333333333, 0.3333333333333333, 0.3333333333333333]"
9331,762.474655481084,238984.16492680516,"[0.3333333333333333, 0.3333333333333333, 0.3333333333333333]"
9332,407.065060554838,265883.8249612839,"[0.3333333333333333, 0.3333333333333333, 0.3333333333333333]"
9333,919.8248283773454,754084.2613672502,"[0.3333333333333333, 0.3333333333333333, 0.3333333333333333]"
9334,802.6545793284237,348194.9385113693,"[0.3333333333333333, 0.3333333333333333, 0.3333333333333333]"
9335,837.0512552408535,407107.85883073264,"[0.3333333333333333, 0.3333333333333333, 0.3333333333333333]"
9336,225.50220432859777,218192.0297973369,"[0.3333333333333333, 0.3333333333333333, 0.3333333333333333]"
9337,191.32746972865792,435840.0493045672,"[0.3333333333333333, 0.3333333333333333, 0.3333333333333333]"
9338,380.92910182805423,474203.50931261474,"[0.3333333333333333, 0.3333333333333333, 0.3333333333333333]"
9339,145.77524903491968,396600.72445845685,"[0.3333333333333333, 0.3333333333333333, 0.3333333333333333]"
9340,682.953487187034,935774.7213045281,"[0.3333333333333333, 0.3333333333333333, 0.3333333333333333]"
9341,290.3685385675012,689181.3472179368,"[0.3333333333333333, 0.3333333333333333, 0.3333333333333333]"
9342,343.5635280733589,255155.61655974513,"[0.3333333333333333, 0.3333333333333333, 0.3333333333333333]"
9343,568.5745649459285,619814.4702202445,"[0.3333333333333333, 0.3333333333333333, 0.3333333333333333]"
9344,339.34490625853545,853860.8630563804,"[0.3333333333333333, 0.3333333333333333, 0.3333333333333333]"
9345,609.0400567022302,322883.42723433883,"[0.3333333333333333, 0.3333333333333333, 0.3333333333333333]"
9346,832.6501984914006,205046.11478483846,"[0.3333333333333333, 0.3333333333333333, 0.3333333333333333]"
9347,662.9654677717892,113610.11217237503,"[0.3333333333333333, 0.3333333333333333, 0.3333333333333333]"
9348,132.82341531762677,853101.1447995642,"[0.3333333333333333, 0.3333333333333333, 0.3333333333333333]"
9349,408.31715273620233,912317.6277844814,"[0.3333333333333333, 0.3333333333333333, 0.3333333333333333]"
9350,992.2336244889718,331479.2209700843,"[0.3333333333333333, 0.3333333333333333, 0.3333333333333333]"
9351,756.9378614654977,562318.2362590067,"[0.3333333333333333, 0.3333333333333333, 0.3333333333333333]"
9352,898.3984821879857,793105.9046185341,"[0.3333333333333333, 0.3333333333333333, 0.3333333333333333]"
9353,432.4290083239346,509836.3950816615,"[0.3333333333333333, 0.3333333333333333, 0.3333333333333333]"
9354,470.4061551865898,673986.8804787936,"[0.3333333333333333, 0.3333333333333333, 0.3333333333333333]"
9355,602.0205438849931,401283.7089291401,"[0.3333333333333333, 0.3333333333333333, 0.3333333333333333]"
9356,204.67892220071894,526930.263643437,"[0.3333333333333333, 0.3333333333333333, 0.3333333333333333]"
9357,359.89509938758766,505607.72095148155,"[0.3333333333333333, 0.3333333333333333, 0.3333333333333333]"
9358,198.83154990384065,241259.2459530112,"[0.3333333333333333, 0.3333333333333333, 0.3333333333333333]"
9359,651.1565035352721,995370.3728446945,"[0.3333333333333333, 0.3333333333333333, 0.3333333333333333]"
9360,717.579854837014,345426.74002769624,"[0.3333333333333333, 0.3333333333333333, 0.3333333333333333]"
9361,265.262803621389,312003.43090751884,"[0.3333333333333333, 0.3333333333333333, 0.3333333333333333]"
9362,104.66004648271581,830111.9309086059,"[0.3333333333333333, 0.3333333333333333, 0.3333333333333333]"
9363,771.8244320625654,741381.4613319237,"[0.3333333333333333, 0.3333333333333333, 0.3333333333333333]"
9364,524.6853884097201,180664.16543443032,"[0.3333333333333333, 0.3333333333333333, 0.3333333333333333]"
9365,720.7287055649537,232534.1588353649,"[0.3333333333333333, 0.3333333333333333, 0.3333333333333333]"
9366,919.7630891752106,254392.27715680437,"[0.3333333333333333, 0.3333333333333333, 0.3333333333333333]"
9367,432.2749116056019,323672.23866459436,"[0.3333333333333333, 0.3333333333333333, 0.3333333333333333]"
9368,385.94285399114614,465181.36641808046,"[0.3333333333333333, 0.3333333333333333, 0.3333333333333333]"
9369,682.7050430877906,247803.2707924771,"[0.3333333333333333, 0.3333333333333333, 0.3333333333333333]"
9370,367.49381296361605,555314.6342321378,"[0.3333333333333333, 0.3333333333333333, 0.3333333333333333]"
9371,827.7961685545247,868115.0947240203,"[0.3333333333333333, 0.3333333333333333, 0.3333333333333333]"
9372,515.7845907579999,248970.13482114018,"[0.3333333333333333, 0.3333333333333333, 0.3333333333333333]"
9373,236.02686545719516,863025.9318866195,"[0.3333333333333333, 0.3333333333333333, 0.3333333333333333]"
9374,346.3963452667323,800975.6978726643,"[0.3333333333333333, 0.3333333333333333, 0.3333333333333333]"
9375,270.2437419008772,533473.908159541,"[0.3333333333333333, 0.3333333333333333, 0.3333333333333333]"
9376,625.8642703055681,123666.93510549431,"[0.3333333333333333, 0.3333333333333333, 0.3333333333333333]"
9377,799.1075701392381,861105.9054310594,"[0.3333333333333333, 0.3333333333333333, 0.3333333333333333]"
9378,688.7757179443029,504566.4082285171,"[0.3333333333333333, 0.3333333333333333, 0.3333333333333333]"
9379,971.1195731217847,857201.001153594,"[0.3333333333333333, 0.3333333333333333, 0.3333333333333333]"
9380,419.4911057662908,904760.5024827651,"[0.3333333333333333, 0.3333333333333333, 0.3333333333333333]"
9381,644.8245958311686,420947.0875223687,"[0.3333333333333333, 0.3333333333333333, 0.3333333333333333]"
9382,216.70131616164633,342167.96380979556,"[0.3333333333333333, 0.3333333333333333, 0.3333333333333333]"
9383,823.2184304018928,287885.32145477226,"[0.3333333333333333, 0.3333333333333333, 0.3333333333333333]"
9384,359.076299560209,771482.1212630024,"[0.3333333333333333, 0.3333333333333333, 0.3333333333333333]"
9385,328.9969795769393,629982.1023007251,"[0.3333333333333333, 0.3333333333333333, 0.3333333333333333]"
9386,363.9098326363544,810656.3985081436,"[0.3333333333333333, 0.3333333333333333, 0.3333333333333333]"
9387,699.1348437606789,928139.70637908,"[0.3333333333333333, 0.3333333333333333, 0.3333333333333333]"
9388,870.952930386006,780392.8389972642,"[0.3333333333333333, 0.3333333333333333, 0.3333333333333333]"
9389,488.50880981306994,900493.3773649585,"[0.3333333333333333, 0.3333333333333333, 0.3333333333333333]"
9390,409.45331784878425,428606.81265455595,"[0.3333333333333333, 0.3333333333333333, 0.3333333333333333]"
9391,854.6733858340406,285758.6227745586,"[0.3333333333333333, 0.3333333333333333, 0.3333333333333333]"
9392,520.2153700885815,460844.12148450833,"[0.3333333333333333, 0.3333333333333333, 0.3333333333333333]"
9393,206.12607563389756,884537.90479199,"[0.3333333333333333, 0.3333333333333333, 0.3333333333333333]"
9394,748.2310343029419,401293.6300808863,"[0.3333333333333333, 0.3333333333333333, 0.3333333333333333]"
9395,180.19749465717695,386530.7682297124,"[0.3333333333333333, 0.3333333333333333, 0.3333333333333333]"
9396,263.2856444569346,856301.3801784014,"[0.3333333333333333, 0.3333333333333333, 0.3333333333333333]"
9397,911.8052915694458,420596.82026521274,"[0.3333333333333333, 0.3333333333333333, 0.3333333333333333]"
9398,742.0549348627543,669384.8999738821,"[0.3333333333333333, 0.3333333333333333, 0.3333333333333333]"
9399,265.18034415480724,835051.8251006538,"[0.3333333333333333, 0.3333333333333333, 0.3333333333333333]"
9400,624.014109610564,573738.1178978914,"[0.3333333333333333, 0.3333333333333333, 0.3333333333333333]"
9401,361.82356211983983,108364.55801985606,"[0.3333333333333333, 0.3333333333333333, 0.3333333333333333]"
9402,792.9503559073919,242472.27913849472,"[0.3333333333333333, 0.3333333333333333, 0.3333333333333333]"
9403,217.51090621038892,733836.7482489694,"[0.3333333333333333, 0.3333333333333333, 0.3333333333333333]"
9404,686.8622450142091,981235.8093999701,"[0.3333333333333333, 0.3333333333333333, 0.3333333333333333]"
9405,711.3167445250418,138777.51351524526,"[0.3333333333333333, 0.3333333333333333, 0.3333333333333333]"
9406,744.0062854961442,351529.56125055166,"[0.3333333333333333, 0.3333333333333333, 0.3333333333333333]"
9407,793.3294489091692,217694.76725657942,"[0.3333333333333333, 0.3333333333333333, 0.3333333333333333]"
9408,527.8307763478309,305642.6804677544,"[0.3333333333333333, 0.3333333333333333, 0.3333333333333333]"
9409,363.7891007057685,799451.5155654612,"[0.3333333333333333, 0.3333333333333333, 0.3333333333333333]"
9410,403.600848323285,753311.1337541303,"[0.3333333333333333, 0.3333333333333333, 0.3333333333333333]"
9411,226.08796948202425,349589.2341429949,"[0.3333333333333333, 0.3333333333333333, 0.3333333333333333]"
9412,610.4073957687141,364643.1381757881,"[0.3333333333333333, 0.3333333333333333, 0.3333333333333333]"
9413,522.704418763258,801968.5732349218,"[0.3333333333333333, 0.3333333333333333, 0.3333333333333333]"
9414,808.9924332876724,435026.8263947667,"[0.3333333333333333, 0.3333333333333333, 0.3333333333333333]"
9415,701.2566468028924,930313.1057635517,"[0.3333333333333333, 0.3333333333333333, 0.3333333333333333]"
9416,646.1986666506532,936652.6496870548,"[0.3333333333333333, 0.3333333333333333, 0.3333333333333333]"
9417,983.8079985450643,149080.95229365793,"[0.3333333333333333, 0.3333333333333333, 0.3333333333333333]"
9418,35.790652770509595,405992.0715589495,"[0.3333333333333333, 0.3333333333333333, 0.3333333333333333]"
9419,734.4499687841541,684003.5112340634,"[0.3333333333333333, 0.3333333333333333, 0.3333333333333333]"
9420,634.4011373202829,916128.4660964214,"[0.3333333333333333, 0.3333333333333333, 0.3333333333333333]"
9421,722.3360065436918,658720.0377973851,"[0.3333333333333333, 0.3333333333333333, 0.3333333333333333]"
9422,396.1655539728295,845575.1718562988,"[0.3333333333333333, 0.3333333333333333, 0.3333333333333333]"
9423,276.4177956714709,770078.8653987558,"[0.3333333333333333, 0.3333333333333333, 0.3333333333333333]"
9424,955.2166504989784,769867.5540165495,"[0.3333333333333333, 0.3333333333333333, 0.3333333333333333]"
9425,67.59766607371265,141986.5474109913,"[0.3333333333333333, 0.3333333333333333, 0.3333333333333333]"
9426,530.0971638259422,453110.3919727592,"[0.3333333333333333, 0.3333333333333333, 0.3333333333333333]"
9427,346.1850348309509,904445.2463205847,"[0.3333333333333333, 0.3333333333333333, 0.3333333333333333]"
9428,311.7177998664242,187570.87855344353,"[0.3333333333333333, 0.3333333333333333, 0.3333333333333333]"
9429,978.7330166683535,321837.76490433473,"[0.3333333333333333, 0.3333333333333333, 0.3333333333333333]"
9430,531.9795641777044,903280.2602139363,"[0.3333333333333333, 0.3333333333333333, 0.3333333333333333]"
9431,949.5450487096405,649347.0274412524,"[0.3333333333333333, 0.3333333333333333, 0.3333333333333333]"
9432,670.542633098753,102477.39521315464,"[0.3333333333333333, 0.3333333333333333, 0.3333333333333333]"
9433,345.36925026348524,132869.33260010547,"[0.3333333333333333, 0.3333333333333333, 0.3333333333333333]"
9434,397.64356141825857,268310.2395626417,"[0.3333333333333333, 0.3333333333333333, 0.3333333333333333]"
9435,230.54734980121904,479143.840725854,"[0.3333333333333333, 0.3333333333333333, 0.3333333333333333]"
9436,120.39067373828541,941671.5865022326,"[0.3333333333333333, 0.3333333333333333, 0.3333333333333333]"
9437,835.4953599651718,162704.77082686266,"[0.3333333333333333, 0.3333333333333333, 0.3333333333333333]"
9438,567.2982480698377,712044.0193859725,"[0.3333333333333333, 0.3333333333333333, 0.3333333333333333]"
9439,639.0634302871734,671147.2988883768,"[0.3333333333333333, 0.3333333333333333, 0.3333333333333333]"
9440,645.1648580775468,709476.4089360865,"[0.3333333333333333, 0.3333333333333333, 0.3333333333333333]"
9441,454.55673199813464,102113.28392682021,"[0.3333333333333333, 0.3333333333333333, 0.3333333333333333]"
9442,843.7419348383853,532186.0625715309,"[0.3333333333333333, 0.3333333333333333, 0.3333333333333333]"
9443,218.85807515096758,756410.0900289045,"[0.3333333333333333, 0.3333333333333333, 0.3333333333333333]"
9444,454.8227663616607,514593.28419565904,"[0.3333333333333333, 0.3333333333333333, 0.3333333333333333]"
9445,311.5062253004475,214221.69925850077,"[0.3333333333333333, 0.3333333333333333, 0.3333333333333333]"
9446,977.4876384448455,111738.2506791515,"[0.3333333333333333, 0.3333333333333333, 0.3333333333333333]"
9447,722.6334636096329,185585.40426584674,"[0.3333333333333333, 0.3333333333333333, 0.3333333333333333]"
9448,71.57405044852642,485095.0220989589,"[0.3333333333333333, 0.3333333333333333, 0.3333333333333333]"
9449,575.302369673953,351131.60805342323,"[0.3333333333333333, 0.3333333333333333, 0.3333333333333333]"
9450,681.1500728193163,539966.0401334371,"[0.3333333333333333, 0.3333333333333333, 0.3333333333333333]"
9451,523.3326430022694,236848.68119320748,"[0.3333333333333333, 0.3333333333333333, 0.3333333333333333]"
9452,610.5015954085985,180003.99497935403,"[0.3333333333333333, 0.3333333333333333, 0.3333333333333333]"
9453,909.0925410717441,208754.11508403835,"[0.3333333333333333, 0.3333333333333333, 0.3333333333333333]"
9454,272.4832441362371,428663.25838649506,"[0.3333333333333333, 0.3333333333333333, 0.3333333333333333]"
9455,721.9282206536177,370595.5025073045,"[0.3333333333333333, 0.3333333333333333, 0.3333333333333333]"
9456,96.5502520230131,954260.4327907455,"[0.3333333333333333, 0.3333333333333333, 0.3333333333333333]"
9457,90.78766884325395,593429.2049994261,"[0.3333333333333333, 0.3333333333333333, 0.3333333333333333]"
9458,588.2815568086505,477126.16618223867,"[0.3333333333333333, 0.3333333333333333, 0.3333333333333333]"
9459,905.9902348091949,301958.8417866053,"[0.3333333333333333, 0.3333333333333333, 0.3333333333333333]"
9460,362.1128510271176,975974.6185977338,"[0.3333333333333333, 0.3333333333333333, 0.3333333333333333]"
9461,920.016537618784,327639.58357927133,"[0.3333333333333333, 0.3333333333333333, 0.3333333333333333]"
9462,716.1058184347003,564948.1408128961,"[0.3333333333333333, 0.3333333333333333, 0.3333333333333333]"
9463,868.102202937881,931962.7414845143,"[0.3333333333333333, 0.3333333333333333, 0.3333333333333333]"
9464,987.7131950443284,430052.4032441954,"[0.3333333333333333, 0.3333333333333333, 0.3333333333333333]"
9465,201.6808386316359,327624.07208453165,"[0.3333333333333333, 0.3333333333333333, 0.3333333333333333]"
9466,813.6912762162714,302058.83813203656,"[0.3333333333333333, 0.3333333333333333, 0.3333333333333333]"
9467,607.1132607110078,458922.8290719962,"[0.3333333333333333, 0.3333333333333333, 0.3333333333333333]"
9468,631.384909132401,438134.519656499,"[0.3333333333333333, 0.3333333333333333, 0.3333333333333333]"
9469,776.6005099439925,994594.1422057525,"[0.3333333333333333, 0.3333333333333333, 0.3333333333333333]"
9470,283.00847668786656,282778.2523819945,"[0.3333333333333333, 0.3333333333333333, 0.3333333333333333]"
9471,738.6451361864566,429833.9118336411,"[0.3333333333333333, 0.3333333333333333, 0.3333333333333333]"
9472,444.2541288626251,977203.982891955,"[0.3333333333333333, 0.3333333333333333, 0.3333333333333333]"
9473,273.1986312998577,733163.5670686486,"[0.3333333333333333, 0.3333333333333333, 0.3333333333333333]"
9474,129.69343765588292,188969.84688033647,"[0.3333333333333333, 0.3333333333333333, 0.3333333333333333]"
9475,96.20847457459209,930762.8649482878,"[0.3333333333333333, 0.3333333333333333, 0.3333333333333333]"
9476,189.167544385318,650982.3676935643,"[0.3333333333333333, 0.3333333333333333, 0.3333333333333333]"
9477,395.2640596491581,354430.9904555802,"[0.3333333333333333, 0.3333333333333333, 0.3333333333333333]"
9478,724.6853942912252,945189.9429715327,"[0.3333333333333333, 0.3333333333333333, 0.3333333333333333]"
9479,332.7501575791801,391510.4847855024,"[0.3333333333333333, 0.3333333333333333, 0.3333333333333333]"
9480,377.9693010700378,452714.3958496379,"[0.3333333333333333, 0.3333333333333333, 0.3333333333333333]"
9481,492.8985450709779,799023.7996794101,"[0.3333333333333333, 0.3333333333333333, 0.3333333333333333]"
9482,685.3693075313495,467784.01479703264,"[0.3333333333333333, 0.3333333333333333, 0.3333333333333333]"
9483,483.3762767824554,371025.88688492903,"[0.3333333333333333, 0.3333333333333333, 0.3333333333333333]"
9484,699.437251496751,754633.0618877267,"[0.3333333333333333, 0.3333333333333333, 0.3333333333333333]"
9485,883.7615608277538,596972.7715044087,"[0.3333333333333333, 0.3333333333333333, 0.3333333333333333]"
9486,799.8555585731706,499124.8813005068,"[0.3333333333333333, 0.3333333333333333, 0.3333333333333333]"
9487,343.00504114700794,604463.7232310148,"[0.3333333333333333, 0.3333333333333333, 0.3333333333333333]"
9488,809.2833724079603,161357.83907342562,"[0.3333333333333333, 0.3333333333333333, 0.3333333333333333]"
9489,316.66982099090455,596983.1726684264,"[0.3333333333333333, 0.3333333333333333, 0.3333333333333333]"
9490,511.49183616981867,698507.4521296379,"[0.3333333333333333, 0.3333333333333333, 0.3333333333333333]"
9491,703.6418745338291,959989.287402692,"[0.3333333333333333, 0.3333333333333333, 0.3333333333333333]"
9492,952.0492715947553,455021.2853330042,"[0.3333333333333333, 0.3333333333333333, 0.3333333333333333]"
9493,165.1851656015461,577808.1605866853,"[0.3333333333333333, 0.3333333333333333, 0.3333333333333333]"
9494,541.0728117595339,428851.3860463334,"[0.3333333333333333, 0.3333333333333333, 0.3333333333333333]"
9495,499.18226325708594,747045.2321439005,"[0.3333333333333333, 0.3333333333333333, 0.3333333333333333]"
9496,46.3551912255415,988680.6074070157,"[0.3333333333333333, 0.3333333333333333, 0.3333333333333333]"
9497,539.8254734202899,205548.5155996637,"[0.3333333333333333, 0.3333333333333333, 0.3333333333333333]"
9498,17.64434411123867,345085.49954383867,"[0.3333333333333333, 0.3333333333333333, 0.3333333333333333]"
9499,435.4281136355651,603198.1412999681,"[0.3333333333333333, 0.3333333333333333, 0.3333333333333333]"
9500,498.1558122827416,575463.8010709212,"[0.3333333333333333, 0.3333333333333333, 0.3333333333333333]"
9501,352.7196724464052,975600.3843685986,"[0.3333333333333333, 0.3333333333333333, 0.3333333333333333]"
9502,119.30283670199256,694823.5461520456,"[0.3333333333333333, 0.3333333333333333, 0.3333333333333333]"
9503,980.213110836339,588350.8705655739,"[0.3333333333333333, 0.3333333333333333, 0.3333333333333333]"
9504,319.6094983533023,305896.28150589945,"[0.3333333333333333, 0.3333333333333333, 0.3333333333333333]"
9505,259.55965879671123,739920.4306835571,"[0.3333333333333333, 0.3333333333333333, 0.3333333333333333]"
9506,537.4019881186831,361326.1733107623,"[0.3333333333333333, 0.3333333333333333, 0.3333333333333333]"
9507,698.8733922360207,628618.0232386385,"[0.3333333333333333, 0.3333333333333333, 0.3333333333333333]"
9508,528.4159235167014,777281.4167857029,"[0.3333333333333333, 0.3333333333333333, 0.3333333333333333]"
9509,415.8049070664044,343768.23289648973,"[0.3333333333333333, 0.3333333333333333, 0.3333333333333333]"
9510,41.34500937013134,885698.4033118311,"[0.3333333333333333, 0.3333333333333333, 0.3333333333333333]"
9511,887.2840024770234,498237.1721614474,"[0.3333333333333333, 0.3333333333333333, 0.3333333333333333]"
9512,941.9569763823334,255703.11352684427,"[0.3333333333333333, 0.3333333333333333, 0.3333333333333333]"
9513,705.4777877182692,239058.89648989536,"[0.3333333333333333, 0.3333333333333333, 0.3333333333333333]"
9514,233.40565810301237,691951.1136872148,"[0.3333333333333333, 0.3333333333333333, 0.3333333333333333]"
9515,885.1801204509018,535802.5692421831,"[0.3333333333333333, 0.3333333333333333, 0.3333333333333333]"
9516,400.66461311713226,403323.1771369963,"[0.3333333333333333, 0.3333333333333333, 0.3333333333333333]"
9517,929.8656593783193,951904.4126640756,"[0.3333333333333333, 0.3333333333333333, 0.3333333333333333]"
9518,447.7557768006946,232258.3848762596,"[0.3333333333333333, 0.3333333333333333, 0.3333333333333333]"
9519,374.97811641401876,389268.6474009531,"[0.3333333333333333, 0.3333333333333333, 0.3333333333333333]"
9520,554.7163944970521,684089.0016981295,"[0.3333333333333333, 0.3333333333333333, 0.3333333333333333]"
9521,731.3400642496065,569754.5556460419,"[0.3333333333333333, 0.3333333333333333, 0.3333333333333333]"
9522,882.55511433422,546145.5699416611,"[0.3333333333333333, 0.3333333333333333, 0.3333333333333333]"
9523,56.32262971199708,690861.4379721216,"[0.3333333333333333, 0.3333333333333333, 0.3333333333333333]"
9524,289.7516167162942,313459.6527920046,"[0.3333333333333333, 0.3333333333333333, 0.3333333333333333]"
9525,625.9249773749547,971906.1038109876,"[0.3333333333333333, 0.3333333333333333, 0.3333333333333333]"
9526,294.36584532501445,473772.44081443426,"[0.3333333333333333, 0.3333333333333333, 0.3333333333333333]"
9527,291.8467193419567,981980.6082305138,"[0.3333333333333333, 0.3333333333333333, 0.3333333333333333]"
9528,315.018717829091,101527.6169401202,"[0.3333333333333333, 0.3333333333333333, 0.3333333333333333]"
9529,870.3081480770479,462630.8369089295,"[0.3333333333333333, 0.3333333333333333, 0.3333333333333333]"
9530,151.5693604769615,652444.8856343521,"[0.3333333333333333, 0.3333333333333333, 0.3333333333333333]"
9531,993.2068577442676,690517.0012832981,"[0.3333333333333333, 0.3333333333333333, 0.3333333333333333]"
9532,74.76464618843973,186137.2293855641,"[0.3333333333333333, 0.3333333333333333, 0.3333333333333333]"
9533,351.79940253032225,410990.2117561382,"[0.3333333333333333, 0.3333333333333333, 0.3333333333333333]"
9534,557.746143338464,828252.7461585806,"[0.3333333333333333, 0.3333333333333333, 0.3333333333333333]"
9535,443.8193500660996,734479.0430304,"[0.3333333333333333, 0.3333333333333333, 0.3333333333333333]"
9536,522.8283363764625,767647.4841259707,"[0.3333333333333333, 0.3333333333333333, 0.3333333333333333]"
9537,735.9017986007491,860934.4247750667,"[0.3333333333333333, 0.3333333333333333, 0.3333333333333333]"
9538,283.0680524364126,869690.0915952087,"[0.3333333333333333, 0.3333333333333333, 0.3333333333333333]"
9539,556.49872329882,625936.415259798,"[0.3333333333333333, 0.3333333333333333, 0.3333333333333333]"
9540,138.66330854181496,209659.92912759614,"[0.3333333333333333, 0.3333333333333333, 0.3333333333333333]"
9541,320.8901336080453,391602.6105247839,"[0.3333333333333333, 0.3333333333333333, 0.3333333333333333]"
9542,431.2790158285039,403674.5190585006,"[0.3333333333333333, 0.3333333333333333, 0.3333333333333333]"
9543,697.1415121329171,342460.19795633,"[0.3333333333333333, 0.3333333333333333, 0.3333333333333333]"
9544,195.84637550362422,449180.8032084643,"[0.3333333333333333, 0.3333333333333333, 0.3333333333333333]"
9545,893.3353522622978,638761.7924521744,"[0.3333333333333333, 0.3333333333333333, 0.3333333333333333]"
9546,536.0908429639436,971666.8083510027,"[0.3333333333333333, 0.3333333333333333, 0.3333333333333333]"
9547,17.472418684128797,708306.8243305316,"[0.3333333333333333, 0.3333333333333333, 0.3333333333333333]"
9548,979.321030111124,529081.8827875366,"[0.3333333333333333, 0.3333333333333333, 0.3333333333333333]"
9549,293.54781644272765,749092.3102532678,"[0.3333333333333333, 0.3333333333333333, 0.3333333333333333]"
9550,328.77143606161746,289280.69989211846,"[0.3333333333333333, 0.3333333333333333, 0.3333333333333333]"
9551,386.4538412038026,313625.29158353154,"[0.3333333333333333, 0.3333333333333333, 0.3333333333333333]"
9552,175.92090201288107,676266.9436815225,"[0.3333333333333333, 0.3333333333333333, 0.3333333333333333]"
9553,256.3543378097481,231771.40225127144,"[0.3333333333333333, 0.3333333333333333, 0.3333333333333333]"
9554,426.77435638055414,246834.38593816455,"[0.3333333333333333, 0.3333333333333333, 0.3333333333333333]"
9555,987.4608658184317,467152.7425469229,"[0.3333333333333333, 0.3333333333333333, 0.3333333333333333]"
9556,939.0296209094975,975467.0550968886,"[0.3333333333333333, 0.3333333333333333, 0.3333333333333333]"
9557,417.29346925913075,340221.0707725744,"[0.3333333333333333, 0.3333333333333333, 0.3333333333333333]"
9558,583.8408692510403,736476.5756531426,"[0.3333333333333333, 0.3333333333333333, 0.3333333333333333]"
9559,657.4742232826565,993268.7880086086,"[0.3333333333333333, 0.3333333333333333, 0.3333333333333333]"
9560,834.3284681022476,581890.6479498087,"[0.3333333333333333, 0.3333333333333333, 0.3333333333333333]"
9561,53.91856968979027,592843.6983604261,"[0.3333333333333333, 0.3333333333333333, 0.3333333333333333]"
9562,178.25618134148428,356203.6143574889,"[0.3333333333333333, 0.3333333333333333, 0.3333333333333333]"
9563,25.156770901290585,203965.03594417567,"[0.3333333333333333, 0.3333333333333333, 0.3333333333333333]"
9564,846.0008137992451,662963.6066535533,"[0.3333333333333333, 0.3333333333333333, 0.3333333333333333]"
9565,498.8761132703467,955909.3829977756,"[0.3333333333333333, 0.3333333333333333, 0.3333333333333333]"
9566,295.73217879181936,626916.6668836522,"[0.3333333333333333, 0.3333333333333333, 0.3333333333333333]"
9567,452.1747994736255,130712.99225305668,"[0.3333333333333333, 0.3333333333333333, 0.3333333333333333]"
9568,219.02331957014795,340429.09853046876,"[0.3333333333333333, 0.3333333333333333, 0.3333333333333333]"
9569,275.1163220523347,710092.2863157608,"[0.3333333333333333, 0.3333333333333333, 0.3333333333333333]"
9570,70.50908769688499,901412.16081022,"[0.3333333333333333, 0.3333333333333333, 0.3333333333333333]"
9571,509.33843165667486,177841.9231585156,"[0.3333333333333333, 0.3333333333333333, 0.3333333333333333]"
9572,204.35403248302384,171177.80534304772,"[0.3333333333333333, 0.3333333333333333, 0.3333333333333333]"
9573,262.7137796926577,268663.53990661475,"[0.3333333333333333, 0.3333333333333333, 0.3333333333333333]"
9574,203.0787267146765,941537.4100134363,"[0.3333333333333333, 0.3333333333333333, 0.3333333333333333]"
9575,576.6878970207008,816635.0496471351,"[0.3333333333333333, 0.3333333333333333, 0.3333333333333333]"
9576,417.2414025012863,737557.9485255067,"[0.3333333333333333, 0.3333333333333333, 0.3333333333333333]"
9577,774.7419251597769,353646.22339733964,"[0.3333333333333333, 0.3333333333333333, 0.3333333333333333]"
9578,835.5863707088798,586110.4077614727,"[0.3333333333333333, 0.3333333333333333, 0.3333333333333333]"
9579,223.3016742468917,638719.5072889356,"[0.3333333333333333, 0.3333333333333333, 0.3333333333333333]"
9580,850.373804029859,440222.3141706227,"[0.3333333333333333, 0.3333333333333333, 0.3333333333333333]"
9581,537.5723452773975,525721.1097220187,"[0.3333333333333333, 0.3333333333333333, 0.3333333333333333]"
9582,475.9816041962732,648394.6681993232,"[0.3333333333333333, 0.3333333333333333, 0.3333333333333333]"
9583,476.394913230878,365698.3941985722,"[0.3333333333333333, 0.3333333333333333, 0.3333333333333333]"
9584,472.4449786898841,899891.1361236455,"[0.3333333333333333, 0.3333333333333333, 0.3333333333333333]"
9585,868.7319335636469,441656.7474021621,"[0.3333333333333333, 0.3333333333333333, 0.3333333333333333]"
9586,11.652825456284017,839650.5880532906,"[0.3333333333333333, 0.3333333333333333, 0.3333333333333333]"
9587,86.063640250911,239503.964855946,"[0.3333333333333333, 0.3333333333333333, 0.3333333333333333]"
9588,521.7089516367046,253525.3562168474,"[0.3333333333333333, 0.3333333333333333, 0.3333333333333333]"
9589,812.8776462118722,992903.8018477713,"[0.3333333333333333, 0.3333333333333333, 0.3333333333333333]"
9590,784.2436323755561,260149.2125019835,"[0.3333333333333333, 0.3333333333333333, 0.3333333333333333]"
9591,386.16015566641175,482672.53160830453,"[0.3333333333333333, 0.3333333333333333, 0.3333333333333333]"
9592,495.8997247480072,660125.6519085594,"[0.3333333333333333, 0.3333333333333333, 0.3333333333333333]"
9593,441.20959149912034,660849.3056482078,"[0.3333333333333333, 0.3333333333333333, 0.3333333333333333]"
9594,487.0013130694442,885824.2158971597,"[0.3333333333333333, 0.3333333333333333, 0.3333333333333333]"
9595,233.56659000199403,752106.2554107577,"[0.3333333333333333, 0.3333333333333333, 0.3333333333333333]"
9596,667.8428229857442,981226.3741561348,"[0.3333333333333333, 0.3333333333333333, 0.3333333333333333]"
9597,459.66551012178417,131788.03033293298,"[0.3333333333333333, 0.3333333333333333, 0.3333333333333333]"
9598,578.9680343258996,419941.3521803383,"[0.3333333333333333, 0.3333333333333333, 0.3333333333333333]"
9599,410.36345558383925,363936.0795652484,"[0.3333333333333333, 0.3333333333333333, 0.3333333333333333]"
9600,138.96045071970988,183989.90200909728,"[0.3333333333333333, 0.3333333333333333, 0.3333333333333333]"
9601,77.57025522287292,806270.1902115571,"[0.3333333333333333, 0.3333333333333333, 0.3333333333333333]"
9602,818.9795293642171,416304.5127222515,"[0.3333333333333333, 0.3333333333333333, 0.3333333333333333]"
9603,786.6995187183908,456171.3893427978,"[0.3333333333333333, 0.3333333333333333, 0.3333333333333333]"
9604,63.694730258060076,553855.3640669289,"[0.3333333333333333, 0.3333333333333333, 0.3333333333333333]"
9605,523.5226506577785,970954.1185077489,"[0.3333333333333333, 0.3333333333333333, 0.3333333333333333]"
9606,194.98973613960945,621041.5313675662,"[0.3333333333333333, 0.3333333333333333, 0.3333333333333333]"
9607,870.9705767278111,683472.5429359945,"[0.3333333333333333, 0.3333333333333333, 0.3333333333333333]"
9608,845.4688476412557,652233.1707319843,"[0.3333333333333333, 0.3333333333333333, 0.3333333333333333]"
9609,549.7926990698018,964537.5883202258,"[0.3333333333333333, 0.3333333333333333, 0.3333333333333333]"
9610,271.3743991378563,234369.68549941323,"[0.3333333333333333, 0.3333333333333333, 0.3333333333333333]"
9611,827.3295790463785,247898.00610477687,"[0.3333333333333333, 0.3333333333333333, 0.3333333333333333]"
9612,819.866993160439,335409.33001366694,"[0.3333333333333333, 0.3333333333333333, 0.3333333333333333]"
9613,388.4848127307798,730346.6528507724,"[0.3333333333333333, 0.3333333333333333, 0.3333333333333333]"
9614,575.6372364092144,965250.4692485662,"[0.3333333333333333, 0.3333333333333333, 0.3333333333333333]"
9615,188.49450973818315,296171.8738050425,"[0.3333333333333333, 0.3333333333333333, 0.3333333333333333]"
9616,519.3087531151295,319602.2177264285,"[0.3333333333333333, 0.3333333333333333, 0.3333333333333333]"
9617,678.1374769958121,262341.1924316349,"[0.3333333333333333, 0.3333333333333333, 0.3333333333333333]"
9618,106.29717403624471,262566.74828217365,"[0.3333333333333333, 0.3333333333333333, 0.3333333333333333]"
9619,145.72130508970224,284339.9658036066,"[0.3333333333333333, 0.3333333333333333, 0.3333333333333333]"
9620,847.706171134694,769418.6295553091,"[0.3333333333333333, 0.3333333333333333, 0.3333333333333333]"
9621,568.7382122866807,271154.9232363773,"[0.3333333333333333, 0.3333333333333333, 0.3333333333333333]"
9622,172.05409149113544,270540.44616560906,"[0.3333333333333333, 0.3333333333333333, 0.3333333333333333]"
9623,205.46302892840237,765499.2042189265,"[0.3333333333333333, 0.3333333333333333, 0.3333333333333333]"
9624,352.76529524614796,181726.91901270158,"[0.3333333333333333, 0.3333333333333333, 0.3333333333333333]"
9625,816.9628905476983,491616.06262052146,"[0.3333333333333333, 0.3333333333333333, 0.3333333333333333]"
9626,41.78685186156504,607482.0139004567,"[0.3333333333333333, 0.3333333333333333, 0.3333333333333333]"
9627,828.7981890784838,306074.2065926832,"[0.3333333333333333, 0.3333333333333333, 0.3333333333333333]"
9628,102.60478776452373,391545.0216460235,"[0.3333333333333333, 0.3333333333333333, 0.3333333333333333]"
9629,87.73502078729724,551365.2622472893,"[0.3333333333333333, 0.3333333333333333, 0.3333333333333333]"
9630,605.1472329412666,142130.9722293038,"[0.3333333333333333, 0.3333333333333333, 0.3333333333333333]"
9631,409.2989045793407,107741.23772141681,"[0.3333333333333333, 0.3333333333333333, 0.3333333333333333]"
9632,690.7841419158449,953548.1197050087,"[0.3333333333333333, 0.3333333333333333, 0.3333333333333333]"
9633,491.1112538236435,894925.7778579434,"[0.3333333333333333, 0.3333333333333333, 0.3333333333333333]"
9634,432.90708620240406,636831.649888834,"[0.3333333333333333, 0.3333333333333333, 0.3333333333333333]"
9635,884.8509120618537,165818.9968668621,"[0.3333333333333333, 0.3333333333333333, 0.3333333333333333]"
9636,37.15671974093931,615599.7418391454,"[0.3333333333333333, 0.3333333333333333, 0.3333333333333333]"
9637,896.7317944625185,105232.94161385919,"[0.3333333333333333, 0.3333333333333333, 0.3333333333333333]"
9638,261.1319101267231,455723.81048033445,"[0.3333333333333333, 0.3333333333333333, 0.3333333333333333]"
9639,46.93530363253797,392603.2489280385,"[0.3333333333333333, 0.3333333333333333, 0.3333333333333333]"
9640,56.83534482851686,113292.3647354404,"[0.3333333333333333, 0.3333333333333333, 0.3333333333333333]"
9641,60.18404633955427,307359.2220880271,"[0.3333333333333333, 0.3333333333333333, 0.3333333333333333]"
9642,816.7205341199563,535918.76583685,"[0.3333333333333333, 0.3333333333333333, 0.3333333333333333]"
9643,907.4956025144916,781652.3792774047,"[0.3333333333333333, 0.3333333333333333, 0.3333333333333333]"
9644,339.65472119804,882196.8789752644,"[0.3333333333333333, 0.3333333333333333, 0.3333333333333333]"
9645,145.98775287501334,347511.54387536395,"[0.3333333333333333, 0.3333333333333333, 0.3333333333333333]"
9646,348.6331549280533,333211.01126425795,"[0.3333333333333333, 0.3333333333333333, 0.3333333333333333]"
9647,782.4167123719601,698146.4568042398,"[0.3333333333333333, 0.3333333333333333, 0.3333333333333333]"
9648,199.77683765027624,405794.7691731542,"[0.3333333333333333, 0.3333333333333333, 0.3333333333333333]"
9649,22.39749923999778,112258.66469024621,"[0.3333333333333333, 0.3333333333333333, 0.3333333333333333]"
9650,860.191879487684,689403.7114393621,"[0.3333333333333333, 0.3333333333333333, 0.3333333333333333]"
9651,539.640263494286,270041.80205614795,"[0.3333333333333333, 0.3333333333333333, 0.3333333333333333]"
9652,257.9880899225194,559506.6540940229,"[0.3333333333333333, 0.3333333333333333, 0.3333333333333333]"
9653,62.736773979059635,305897.56227624696,"[0.3333333333333333, 0.3333333333333333, 0.3333333333333333]"
9654,808.2892736447006,366604.46963586315,"[0.3333333333333333, 0.3333333333333333, 0.3333333333333333]"
9655,329.9533483179801,449933.04278401105,"[0.3333333333333333, 0.3333333333333333, 0.3333333333333333]"
9656,588.281444366193,331942.52767410764,"[0.3333333333333333, 0.3333333333333333, 0.3333333333333333]"
9657,822.5499807276233,483500.98505899287,"[0.3333333333333333, 0.3333333333333333, 0.3333333333333333]"
9658,99.52932721803543,999183.1791681777,"[0.3333333333333333, 0.3333333333333333, 0.3333333333333333]"
9659,767.8699468601344,793212.4795416694,"[0.3333333333333333, 0.3333333333333333, 0.3333333333333333]"
9660,727.2098745863437,583146.2240643825,"[0.3333333333333333, 0.3333333333333333, 0.3333333333333333]"
9661,930.651205868443,313406.5648726735,"[0.3333333333333333, 0.3333333333333333, 0.3333333333333333]"
9662,815.0579577998528,784299.4078553512,"[0.3333333333333333, 0.3333333333333333, 0.3333333333333333]"
9663,715.1723865470966,332900.2153768096,"[0.3333333333333333, 0.3333333333333333, 0.3333333333333333]"
9664,142.99250341067727,459006.5359288712,"[0.3333333333333333, 0.3333333333333333, 0.3333333333333333]"
9665,269.3465902933397,119596.78135564316,"[0.3333333333333333, 0.3333333333333333, 0.3333333333333333]"
9666,504.3691802630201,266545.08099492127,"[0.3333333333333333, 0.3333333333333333, 0.3333333333333333]"
9667,820.2179221970353,121948.25491054787,"[0.3333333333333333, 0.3333333333333333, 0.3333333333333333]"
9668,957.9535312304184,488438.8745666398,"[0.3333333333333333, 0.3333333333333333, 0.3333333333333333]"
9669,117.5768906742478,841520.799631689,"[0.3333333333333333, 0.3333333333333333, 0.3333333333333333]"
9670,76.02821036032907,736319.0005300918,"[0.3333333333333333, 0.3333333333333333, 0.3333333333333333]"
9671,929.3901618582211,398745.0723620576,"[0.3333333333333333, 0.3333333333333333, 0.3333333333333333]"
9672,902.9115794479325,899001.9247779989,"[0.3333333333333333, 0.3333333333333333, 0.3333333333333333]"
9673,924.6915454507732,798357.9428508277,"[0.3333333333333333, 0.3333333333333333, 0.3333333333333333]"
9674,483.4977625447927,795593.9631510301,"[0.3333333333333333, 0.3333333333333333, 0.3333333333333333]"
9675,256.5309793087028,762435.5660124843,"[0.3333333333333333, 0.3333333333333333, 0.3333333333333333]"
9676,127.38687205101057,727200.4340054373,"[0.3333333333333333, 0.3333333333333333, 0.3333333333333333]"
9677,726.7353555310564,519879.10119294573,"[0.3333333333333333, 0.3333333333333333, 0.3333333333333333]"
9678,381.18951476643224,636306.1615081488,"[0.3333333333333333, 0.3333333333333333, 0.3333333333333333]"
9679,28.8468586808985,840491.8771339362,"[0.3333333333333333, 0.3333333333333333, 0.3333333333333333]"
9680,910.7174443251857,328806.1137448534,"[0.3333333333333333, 0.3333333333333333, 0.3333333333333333]"
9681,181.30680747240228,374813.83572294377,"[0.3333333333333333, 0.3333333333333333, 0.3333333333333333]"
9682,361.6601309055538,926114.9829671305,"[0.3333333333333333, 0.3333333333333333, 0.3333333333333333]"
9683,173.5088128573631,349742.57006734016,"[0.3333333333333333, 0.3333333333333333, 0.3333333333333333]"
9684,992.1880595465167,732018.4841741262,"[0.3333333333333333, 0.3333333333333333, 0.3333333333333333]"
9685,590.0186335968594,738397.9914063024,"[0.3333333333333333, 0.3333333333333333, 0.3333333333333333]"
9686,10.778708931339064,395603.7256926827,"[0.3333333333333333, 0.3333333333333333, 0.3333333333333333]"
9687,475.88603624347746,404507.64748503815,"[0.3333333333333333, 0.3333333333333333, 0.3333333333333333]"
9688,111.67300188470574,119609.11630542476,"[0.3333333333333333, 0.3333333333333333, 0.3333333333333333]"
9689,70.3165872757767,983572.5322246253,"[0.3333333333333333, 0.3333333333333333, 0.3333333333333333]"
9690,488.57467721867107,379137.3782198381,"[0.3333333333333333, 0.3333333333333333, 0.3333333333333333]"
9691,520.7749087194636,276996.65484578675,"[0.3333333333333333, 0.3333333333333333, 0.3333333333333333]"
9692,15.360794096641975,825221.3690375488,"[0.3333333333333333, 0.3333333333333333, 0.3333333333333333]"
9693,425.97406057299327,962279.0427070757,"[0.3333333333333333, 0.3333333333333333, 0.3333333333333333]"
9694,629.6373064572166,243286.16158309806,"[0.3333333333333333, 0.3333333333333333, 0.3333333333333333]"
9695,764.8348554191257,225121.0961126343,"[0.3333333333333333, 0.3333333333333333, 0.3333333333333333]"
9696,316.4030280642414,796613.9122888106,"[0.3333333333333333, 0.3333333333333333, 0.3333333333333333]"
9697,379.48456282003013,190293.2129510282,"[0.3333333333333333, 0.3333333333333333, 0.3333333333333333]"
9698,39.167102473901764,138463.96984143613,"[0.3333333333333333, 0.3333333333333333, 0.3333333333333333]"
9699,627.023749363533,282728.7116777628,"[0.3333333333333333, 0.3333333333333333, 0.3333333333333333]"
9700,696.448482570753,462224.83583420457,"[0.3333333333333333, 0.3333333333333333, 0.3333333333333333]"
9701,129.85991348273024,493426.7765775538,"[0.3333333333333333, 0.3333333333333333, 0.3333333333333333]"
9702,62.16276349608775,455531.85595166875,"[0.3333333333333333, 0.3333333333333333, 0.3333333333333333]"
9703,579.855878574776,496897.81362572435,"[0.3333333333333333, 0.3333333333333333, 0.3333333333333333]"
9704,646.4093753614312,187100.6723676478,"[0.3333333333333333, 0.3333333333333333, 0.3333333333333333]"
9705,394.88765840818115,853056.0753868022,"[0.3333333333333333, 0.3333333333333333, 0.3333333333333333]"
9706,999.0402515353322,177555.22257331677,"[0.3333333333333333, 0.3333333333333333, 0.3333333333333333]"
9707,242.94425344096146,438935.65298667614,"[0.3333333333333333, 0.3333333333333333, 0.3333333333333333]"
9708,780.6882410489582,494786.37397921487,"[0.3333333333333333, 0.3333333333333333, 0.3333333333333333]"
9709,646.6411947783298,842180.7048443067,"[0.3333333333333333, 0.3333333333333333, 0.3333333333333333]"
9710,843.5595730851885,503668.56805665983,"[0.3333333333333333, 0.3333333333333333, 0.3333333333333333]"
9711,447.7488004746652,474826.5734914944,"[0.3333333333333333, 0.3333333333333333, 0.3333333333333333]"
9712,338.511756547844,110881.16609629805,"[0.3333333333333333, 0.3333333333333333, 0.3333333333333333]"
9713,660.2017657201593,949385.0009538335,"[0.3333333333333333, 0.3333333333333333, 0.3333333333333333]"
9714,279.3190184888668,826534.7611539118,"[0.3333333333333333, 0.3333333333333333, 0.3333333333333333]"
9715,922.5640400675097,597241.8902316839,"[0.3333333333333333, 0.3333333333333333, 0.3333333333333333]"
9716,655.911250155169,580398.3969689441,"[0.3333333333333333, 0.3333333333333333, 0.3333333333333333]"
9717,305.43427682848835,222913.68701493862,"[0.3333333333333333, 0.3333333333333333, 0.3333333333333333]"
9718,847.7949846273302,511005.70543911087,"[0.3333333333333333, 0.3333333333333333, 0.3333333333333333]"
9719,304.9070119450583,900310.6455093303,"[0.3333333333333333, 0.3333333333333333, 0.3333333333333333]"
9720,700.1225776997172,145249.45256972578,"[0.3333333333333333, 0.3333333333333333, 0.3333333333333333]"
9721,46.174257794008774,440037.3052575992,"[0.3333333333333333, 0.3333333333333333, 0.3333333333333333]"
9722,773.8203386201842,363050.3013787981,"[0.3333333333333333, 0.3333333333333333, 0.3333333333333333]"
9723,47.20879121602464,528540.911264243,"[0.3333333333333333, 0.3333333333333333, 0.3333333333333333]"
9724,877.3460056348907,915454.8601113004,"[0.3333333333333333, 0.3333333333333333, 0.3333333333333333]"
9725,38.89199910080646,453088.8101711263,"[0.3333333333333333, 0.3333333333333333, 0.3333333333333333]"
9726,45.353174198103254,356026.6033825434,"[0.3333333333333333, 0.3333333333333333, 0.3333333333333333]"
9727,586.3108620939755,293487.2688427806,"[0.3333333333333333, 0.3333333333333333, 0.3333333333333333]"
9728,362.77118177418095,790920.4715282385,"[0.3333333333333333, 0.3333333333333333, 0.3333333333333333]"
9729,473.3349357318408,742512.3258436412,"[0.3333333333333333, 0.3333333333333333, 0.3333333333333333]"
9730,122.94048049489386,790406.5634682636,"[0.3333333333333333, 0.3333333333333333, 0.3333333333333333]"
9731,951.2584848527229,748651.0434936981,"[0.3333333333333333, 0.3333333333333333, 0.3333333333333333]"
9732,487.0085301906162,374755.1070303342,"[0.3333333333333333, 0.3333333333333333, 0.3333333333333333]"
9733,630.6057908254601,130533.51923506663,"[0.3333333333333333, 0.3333333333333333, 0.3333333333333333]"
9734,859.5343584152953,151583.04977006186,"[0.3333333333333333, 0.3333333333333333, 0.3333333333333333]"
9735,549.817584276635,435828.7916671142,"[0.3333333333333333, 0.3333333333333333, 0.3333333333333333]"
9736,842.703342067031,835631.4406958248,"[0.3333333333333333, 0.3333333333333333, 0.3333333333333333]"
9737,17.25981352793585,480212.8967553869,"[0.3333333333333333, 0.3333333333333333, 0.3333333333333333]"
9738,866.3835415062995,607183.1597354461,"[0.3333333333333333, 0.3333333333333333, 0.3333333333333333]"
9739,582.3944923229426,857204.7577142697,"[0.3333333333333333, 0.3333333333333333, 0.3333333333333333]"
9740,978.8645864869692,306912.04641410965,"[0.3333333333333333, 0.3333333333333333, 0.3333333333333333]"
9741,806.8141272220578,960421.8559942322,"[0.3333333333333333, 0.3333333333333333, 0.3333333333333333]"
9742,236.05491957039982,203936.36184300052,"[0.3333333333333333, 0.3333333333333333, 0.3333333333333333]"
9743,622.933625512577,810078.9620151836,"[0.3333333333333333, 0.3333333333333333, 0.3333333333333333]"
9744,710.5532402050864,962351.4460270513,"[0.3333333333333333, 0.3333333333333333, 0.3333333333333333]"
9745,811.1690510088728,785156.4311336948,"[0.3333333333333333, 0.3333333333333333, 0.3333333333333333]"
9746,943.0004586364598,254336.29507051953,"[0.3333333333333333, 0.3333333333333333, 0.3333333333333333]"
9747,786.9080835004463,541425.8921902452,"[0.3333333333333333, 0.3333333333333333, 0.3333333333333333]"
9748,125.68918777496825,882218.9570681575,"[0.3333333333333333, 0.3333333333333333, 0.3333333333333333]"
9749,684.3917813616458,995517.1094226354,"[0.3333333333333333, 0.3333333333333333, 0.3333333333333333]"
9750,233.02636353102088,193106.80852320313,"[0.3333333333333333, 0.3333333333333333, 0.3333333333333333]"
9751,730.7776045130955,600528.6576814288,"[0.3333333333333333, 0.3333333333333333, 0.3333333333333333]"
9752,945.8616163458476,799588.7990076514,"[0.3333333333333333, 0.3333333333333333, 0.3333333333333333]"
9753,76.74615496489079,526687.9603571731,"[0.3333333333333333, 0.3333333333333333, 0.3333333333333333]"
9754,903.1598405592393,301711.19238938025,"[0.3333333333333333, 0.3333333333333333, 0.3333333333333333]"
9755,774.1103880201267,929547.521363317,"[0.3333333333333333, 0.3333333333333333, 0.3333333333333333]"
9756,173.5182096739088,917800.6964498247,"[0.3333333333333333, 0.3333333333333333, 0.3333333333333333]"
9757,462.37010609327956,156802.99577505235,"[0.3333333333333333, 0.3333333333333333, 0.3333333333333333]"
9758,893.1664044130108,918767.896319089,"[0.3333333333333333, 0.3333333333333333, 0.3333333333333333]"
9759,413.983143311988,693175.0950907986,"[0.3333333333333333, 0.3333333333333333, 0.3333333333333333]"
9760,120.51832803510432,579420.5726799023,"[0.3333333333333333, 0.3333333333333333, 0.3333333333333333]"
9761,575.7616367307771,467989.1249519062,"[0.3333333333333333, 0.3333333333333333, 0.3333333333333333]"
9762,565.5250971947354,216028.03643439483,"[0.3333333333333333, 0.3333333333333333, 0.3333333333333333]"
9763,254.88206827941426,598728.6209312882,"[0.3333333333333333, 0.3333333333333333, 0.3333333333333333]"
9764,302.57474234425837,988054.4757609194,"[0.3333333333333333, 0.3333333333333333, 0.3333333333333333]"
9765,507.4597748882813,303234.6992647692,"[0.3333333333333333, 0.3333333333333333, 0.3333333333333333]"
9766,581.8549204286387,787552.94882711,"[0.3333333333333333, 0.3333333333333333, 0.3333333333333333]"
9767,52.905264100751104,984517.0901443814,"[0.3333333333333333, 0.3333333333333333, 0.3333333333333333]"
9768,727.2893796802148,622176.0386733644,"[0.3333333333333333, 0.3333333333333333, 0.3333333333333333]"
9769,152.7568750735729,286917.0215904856,"[0.3333333333333333, 0.3333333333333333, 0.3333333333333333]"
9770,127.4958329920418,436565.68192264833,"[0.3333333333333333, 0.3333333333333333, 0.3333333333333333]"
9771,995.7627003647018,142213.07939762523,"[0.3333333333333333, 0.3333333333333333, 0.3333333333333333]"
9772,851.2436059033081,891411.6146732055,"[0.3333333333333333, 0.3333333333333333, 0.3333333333333333]"
9773,778.0329220762544,647990.5645293674,"[0.3333333333333333, 0.3333333333333333, 0.3333333333333333]"
9774,597.7577901278787,750695.1733305396,"[0.3333333333333333, 0.3333333333333333, 0.3333333333333333]"
9775,827.7737124839832,534946.2576082707,"[0.3333333333333333, 0.3333333333333333, 0.3333333333333333]"
9776,778.2437112880731,527514.8341143857,"[0.3333333333333333, 0.3333333333333333, 0.3333333333333333]"
9777,795.3451109983929,928718.5633325664,"[0.3333333333333333, 0.3333333333333333, 0.3333333333333333]"
9778,815.6134141104657,367909.2706844101,"[0.3333333333333333, 0.3333333333333333, 0.3333333333333333]"
9779,997.6725199256847,447583.11907859927,"[0.3333333333333333, 0.3333333333333333, 0.3333333333333333]"
9780,520.0456926143379,714881.3727700611,"[0.3333333333333333, 0.3333333333333333, 0.3333333333333333]"
9781,62.066497252136166,620992.1253781652,"[0.3333333333333333, 0.3333333333333333, 0.3333333333333333]"
9782,259.966868376491,542868.42512392,"[0.3333333333333333, 0.3333333333333333, 0.3333333333333333]"
9783,139.52027562204393,723842.19978744,"[0.3333333333333333, 0.3333333333333333, 0.3333333333333333]"
9784,974.3460259463263,717936.8098797079,"[0.3333333333333333, 0.3333333333333333, 0.3333333333333333]"
9785,865.0203708334124,359128.2845591631,"[0.3333333333333333, 0.3333333333333333, 0.3333333333333333]"
9786,33.49822683208191,478249.37175183557,"[0.3333333333333333, 0.3333333333333333, 0.3333333333333333]"
9787,940.7811093558967,843600.528062925,"[0.3333333333333333, 0.3333333333333333, 0.3333333333333333]"
9788,836.3340585010343,355954.5492564653,"[0.3333333333333333, 0.3333333333333333, 0.3333333333333333]"
9789,449.50830398387546,234417.45603250366,"[0.3333333333333333, 0.3333333333333333, 0.3333333333333333]"
9790,64.6962458297748,420549.99113900575,"[0.3333333333333333, 0.3333333333333333, 0.3333333333333333]"
9791,459.5125792887083,921269.4832257957,"[0.3333333333333333, 0.3333333333333333, 0.3333333333333333]"
9792,48.64887737861809,252790.87628463111,"[0.3333333333333333, 0.3333333333333333, 0.3333333333333333]"
9793,787.7672315301489,578219.0434994654,"[0.3333333333333333, 0.3333333333333333, 0.3333333333333333]"
9794,824.0659935286781,282029.4961713989,"[0.3333333333333333, 0.3333333333333333, 0.3333333333333333]"
9795,314.1580341553037,438658.4947031734,"[0.3333333333333333, 0.3333333333333333, 0.3333333333333333]"
9796,426.7878739357552,208362.3589193998,"[0.3333333333333333, 0.3333333333333333, 0.3333333333333333]"
9797,763.0946356491537,353900.7693554002,"[0.3333333333333333, 0.3333333333333333, 0.3333333333333333]"
9798,541.2564705731315,164550.79613439084,"[0.3333333333333333, 0.3333333333333333, 0.3333333333333333]"
9799,739.1300961737011,389337.1994889264,"[0.3333333333333333, 0.3333333333333333, 0.3333333333333333]"
9800,432.2187947939401,314293.8430139768,"[0.3333333333333333, 0.3333333333333333, 0.3333333333333333]"
9801,724.061994114241,583823.8667742121,"[0.3333333333333333, 0.3333333333333333, 0.3333333333333333]"
9802,358.9626493342889,500386.5151269624,"[0.3333333333333333, 0.3333333333333333, 0.3333333333333333]"
9803,283.64247749324886,568791.3903154087,"[0.3333333333333333, 0.3333333333333333, 0.3333333333333333]"
9804,56.242042859548555,647565.0229783168,"[0.3333333333333333, 0.3333333333333333, 0.3333333333333333]"
9805,381.11466935729845,399353.11349414906,"[0.3333333333333333, 0.3333333333333333, 0.3333333333333333]"
9806,280.4473180495037,275190.7590206448,"[0.3333333333333333, 0.3333333333333333, 0.3333333333333333]"
9807,273.88947575440795,467292.835448494,"[0.3333333333333333, 0.3333333333333333, 0.3333333333333333]"
9808,129.757187165224,471305.9495999718,"[0.3333333333333333, 0.3333333333333333, 0.3333333333333333]"
9809,960.0776248762099,220087.91803403036,"[0.3333333333333333, 0.3333333333333333, 0.3333333333333333]"
9810,619.1403550493962,375045.419427398,"[0.3333333333333333, 0.3333333333333333, 0.3333333333333333]"
9811,333.41221806322307,986260.5104422736,"[0.3333333333333333, 0.3333333333333333, 0.3333333333333333]"
9812,985.9646001541785,804654.2209593881,"[0.3333333333333333, 0.3333333333333333, 0.3333333333333333]"
9813,904.0747126078438,521873.3048127704,"[0.3333333333333333, 0.3333333333333333, 0.3333333333333333]"
9814,80.44993349191886,691672.805483797,"[0.3333333333333333, 0.3333333333333333, 0.3333333333333333]"
9815,838.0354537121399,137875.47393711528,"[0.3333333333333333, 0.3333333333333333, 0.3333333333333333]"
9816,244.1537979250169,929457.4167920048,"[0.3333333333333333, 0.3333333333333333, 0.3333333333333333]"
9817,362.1628118306648,325690.53987973824,"[0.3333333333333333, 0.3333333333333333, 0.3333333333333333]"
9818,97.62181062643268,327152.935850355,"[0.3333333333333333, 0.3333333333333333, 0.3333333333333333]"
9819,509.1200039651345,749077.8594056414,"[0.3333333333333333, 0.3333333333333333, 0.3333333333333333]"
9820,302.5666738299276,412012.5671484313,"[0.3333333333333333, 0.3333333333333333, 0.3333333333333333]"
9821,512.9228024557466,447785.8686902182,"[0.3333333333333333, 0.3333333333333333, 0.3333333333333333]"
9822,504.7870574566478,844751.7434371586,"[0.3333333333333333, 0.3333333333333333, 0.3333333333333333]"
9823,596.2124370360323,717880.5304224932,"[0.3333333333333333, 0.3333333333333333, 0.3333333333333333]"
9824,425.82055658000394,548056.1153651095,"[0.3333333333333333, 0.3333333333333333, 0.3333333333333333]"
9825,484.5390867853408,343389.82201050484,"[0.3333333333333333, 0.3333333333333333, 0.3333333333333333]"
9826,703.8703665864554,832612.6684434608,"[0.3333333333333333, 0.3333333333333333, 0.3333333333333333]"
9827,508.352479752841,892329.512294271,"[0.3333333333333333, 0.3333333333333333, 0.3333333333333333]"
9828,535.8125545568982,319388.1237406478,"[0.3333333333333333, 0.3333333333333333, 0.3333333333333333]"
9829,267.76359768152105,689722.4733253702,"[0.3333333333333333, 0.3333333333333333, 0.3333333333333333]"
9830,168.62019772600604,895173.5930614488,"[0.3333333333333333, 0.3333333333333333, 0.3333333333333333]"
9831,352.0246742649718,981519.4197347149,"[0.3333333333333333, 0.3333333333333333, 0.3333333333333333]"
9832,363.97050659817796,888916.717860972,"[0.3333333333333333, 0.3333333333333333, 0.3333333333333333]"
9833,441.01805554392547,556196.3404116927,"[0.3333333333333333, 0.3333333333333333, 0.3333333333333333]"
9834,301.1141210525241,256975.11048725006,"[0.3333333333333333, 0.3333333333333333, 0.3333333333333333]"
9835,405.5583978013961,226123.72343579828,"[0.3333333333333333, 0.3333333333333333, 0.3333333333333333]"
9836,447.03617383389644,523243.5964385491,"[0.3333333333333333, 0.3333333333333333, 0.3333333333333333]"
9837,602.2547512044404,851715.736701452,"[0.3333333333333333, 0.3333333333333333, 0.3333333333333333]"
9838,465.8315739146179,694202.2323781947,"[0.3333333333333333, 0.3333333333333333, 0.3333333333333333]"
9839,426.2011743511572,453516.67655835307,"[0.3333333333333333, 0.3333333333333333, 0.3333333333333333]"
9840,484.1571602903085,224070.97652973174,"[0.3333333333333333, 0.3333333333333333, 0.3333333333333333]"
9841,208.48955173750252,980246.9384653486,"[0.3333333333333333, 0.3333333333333333, 0.3333333333333333]"
9842,738.9809471359845,726266.5220188022,"[0.3333333333333333, 0.3333333333333333, 0.3333333333333333]"
9843,254.61853801606222,154169.95330679626,"[0.3333333333333333, 0.3333333333333333, 0.3333333333333333]"
9844,658.1847406134887,205811.02899270438,"[0.3333333333333333, 0.3333333333333333, 0.3333333333333333]"
9845,651.016580873145,997912.4205173383,"[0.3333333333333333, 0.3333333333333333, 0.3333333333333333]"
9846,190.4931888992397,856916.2791209631,"[0.3333333333333333, 0.3333333333333333, 0.3333333333333333]"
9847,865.5746717093815,996566.3902519596,"[0.3333333333333333, 0.3333333333333333, 0.3333333333333333]"
9848,777.194445758036,651313.8384646382,"[0.3333333333333333, 0.3333333333333333, 0.3333333333333333]"
9849,54.09148532489779,536815.1086769063,"[0.3333333333333333, 0.3333333333333333, 0.3333333333333333]"
9850,374.4352415624118,186583.54614578717,"[0.3333333333333333, 0.3333333333333333, 0.3333333333333333]"
9851,180.23681379100708,950758.0796337951,"[0.3333333333333333, 0.3333333333333333, 0.3333333333333333]"
9852,799.284619796095,943579.1285110059,"[0.3333333333333333, 0.3333333333333333, 0.3333333333333333]"
9853,280.78356385740926,294716.7264088815,"[0.3333333333333333, 0.3333333333333333, 0.3333333333333333]"
9854,665.3598213579538,216135.06813277374,"[0.3333333333333333, 0.3333333333333333, 0.3333333333333333]"
9855,848.1573531895023,633599.8566190582,"[0.3333333333333333, 0.3333333333333333, 0.3333333333333333]"
9856,893.2135597404081,628956.3772367765,"[0.3333333333333333, 0.3333333333333333, 0.3333333333333333]"
9857,675.6770706068822,750216.092955051,"[0.3333333333333333, 0.3333333333333333, 0.3333333333333333]"
9858,982.0016264352528,670687.4551338191,"[0.3333333333333333, 0.3333333333333333, 0.3333333333333333]"
9859,684.8486168157899,518347.1478369999,"[0.3333333333333333, 0.3333333333333333, 0.3333333333333333]"
9860,508.21593076875524,310541.4192646343,"[0.3333333333333333, 0.3333333333333333, 0.3333333333333333]"
9861,332.84579032511635,505123.4208330377,"[0.3333333333333333, 0.3333333333333333, 0.3333333333333333]"
9862,761.8588852817114,651881.828352491,"[0.3333333333333333, 0.3333333333333333, 0.3333333333333333]"
9863,672.4920378936694,424146.61923481454,"[0.3333333333333333, 0.3333333333333333, 0.3333333333333333]"
9864,368.2920454114517,681705.4808863978,"[0.3333333333333333, 0.3333333333333333, 0.3333333333333333]"
9865,237.73700557869302,233960.4326478891,"[0.3333333333333333, 0.3333333333333333, 0.3333333333333333]"
9866,710.0669227834563,542305.4233053736,"[0.3333333333333333, 0.3333333333333333, 0.3333333333333333]"
9867,70.08519018679783,315763.6420449846,"[0.3333333333333333, 0.3333333333333333, 0.3333333333333333]"
9868,712.325321153735,236247.66748351065,"[0.3333333333333333, 0.3333333333333333, 0.3333333333333333]"
9869,383.3128767159852,118337.04531125497,"[0.3333333333333333, 0.3333333333333333, 0.3333333333333333]"
9870,326.2372360556546,136643.68923293377,"[0.3333333333333333, 0.3333333333333333, 0.3333333333333333]"
9871,59.5039019216836,872389.9644840568,"[0.3333333333333333, 0.3333333333333333, 0.3333333333333333]"
9872,961.996165893515,567336.639918837,"[0.3333333333333333, 0.3333333333333333, 0.3333333333333333]"
9873,619.0526504973852,435350.6910895462,"[0.3333333333333333, 0.3333333333333333, 0.3333333333333333]"
9874,867.4488212903535,896406.2167057574,"[0.3333333333333333, 0.3333333333333333, 0.3333333333333333]"
9875,559.2852836590832,286407.38805926277,"[0.3333333333333333, 0.3333333333333333, 0.3333333333333333]"
9876,411.4661583568629,991264.5601167091,"[0.3333333333333333, 0.3333333333333333, 0.3333333333333333]"
9877,202.88768594519522,367915.02413657634,"[0.3333333333333333, 0.3333333333333333, 0.3333333333333333]"
9878,196.52549638830817,307573.2759728896,"[0.3333333333333333, 0.3333333333333333, 0.3333333333333333]"
9879,485.4857752120906,956636.4001558563,"[0.3333333333333333, 0.3333333333333333, 0.3333333333333333]"
9880,785.2975063593688,925233.5266273965,"[0.3333333333333333, 0.3333333333333333, 0.3333333333333333]"
9881,992.3926893286374,382773.2517308737,"[0.3333333333333333, 0.3333333333333333, 0.3333333333333333]"
9882,606.0856272070134,127455.06158741907,"[0.3333333333333333, 0.3333333333333333, 0.3333333333333333]"
9883,813.866964261375,384163.3947066961,"[0.3333333333333333, 0.3333333333333333, 0.3333333333333333]"
9884,956.6506620972218,157727.09116597436,"[0.3333333333333333, 0.3333333333333333, 0.3333333333333333]"
9885,623.0593327398628,394138.01319240086,"[0.3333333333333333, 0.3333333333333333, 0.3333333333333333]"
9886,595.7241959125272,615649.3921565905,"[0.3333333333333333, 0.3333333333333333, 0.3333333333333333]"
9887,50.72524332028095,868395.3638783675,"[0.3333333333333333, 0.3333333333333333, 0.3333333333333333]"
9888,383.81857833642164,143220.58161445975,"[0.3333333333333333, 0.3333333333333333, 0.3333333333333333]"
9889,136.4252520989034,237876.86987609792,"[0.3333333333333333, 0.3333333333333333, 0.3333333333333333]"
9890,53.49041787622742,421355.3456198256,"[0.3333333333333333, 0.3333333333333333, 0.3333333333333333]"
9891,736.9090063258178,350513.51378017105,"[0.3333333333333333, 0.3333333333333333, 0.3333333333333333]"
9892,91.35642047184253,551192.5362240565,"[0.3333333333333333, 0.3333333333333333, 0.3333333333333333]"
9893,355.7327092131172,711662.830364273,"[0.3333333333333333, 0.3333333333333333, 0.3333333333333333]"
9894,290.9003650026936,579365.2346527345,"[0.3333333333333333, 0.3333333333333333, 0.3333333333333333]"
9895,685.8089894310713,245847.9770808063,"[0.3333333333333333, 0.3333333333333333, 0.3333333333333333]"
9896,721.6990781310207,469200.71268229984,"[0.3333333333333333, 0.3333333333333333, 0.3333333333333333]"
9897,921.8517121117097,671187.2978422346,"[0.3333333333333333, 0.3333333333333333, 0.3333333333333333]"
9898,578.6785070890386,109004.85465623182,"[0.3333333333333333, 0.3333333333333333, 0.3333333333333333]"
9899,630.8019019814508,808626.0383531702,"[0.3333333333333333, 0.3333333333333333, 0.3333333333333333]"
9900,194.994126962253,158811.09513104393,"[0.3333333333333333, 0.3333333333333333, 0.3333333333333333]"
9901,899.0256192785484,151326.47919014838,"[0.3333333333333333, 0.3333333333333333, 0.3333333333333333]"
9902,186.9427038752598,166258.1003940588,"[0.3333333333333333, 0.3333333333333333, 0.3333333333333333]"
9903,577.3203853668282,750177.2321023695,"[0.3333333333333333, 0.3333333333333333, 0.3333333333333333]"
9904,883.7207568475189,895753.2625406197,"[0.3333333333333333, 0.3333333333333333, 0.3333333333333333]"
9905,104.61655071558526,211817.1046547563,"[0.3333333333333333, 0.3333333333333333, 0.3333333333333333]"
9906,72.00929904457996,898272.0275354086,"[0.3333333333333333, 0.3333333333333333, 0.3333333333333333]"
9907,515.346386536504,512646.0045793651,"[0.3333333333333333, 0.3333333333333333, 0.3333333333333333]"
9908,668.4814237131219,246960.10654776325,"[0.3333333333333333, 0.3333333333333333, 0.3333333333333333]"
9909,946.2599099379321,457576.44240041834,"[0.3333333333333333, 0.3333333333333333, 0.3333333333333333]"
9910,221.32614290427992,577081.2803063097,"[0.3333333333333333, 0.3333333333333333, 0.3333333333333333]"
9911,233.2758051721635,315738.5552746888,"[0.3333333333333333, 0.3333333333333333, 0.3333333333333333]"
9912,569.279493652581,189679.97138235343,"[0.3333333333333333, 0.3333333333333333, 0.3333333333333333]"
9913,490.39338078078816,876781.367511969,"[0.3333333333333333, 0.3333333333333333, 0.3333333333333333]"
9914,493.8623573186185,222479.5878494102,"[0.3333333333333333, 0.3333333333333333, 0.3333333333333333]"
9915,990.1656507021062,214366.77114191564,"[0.3333333333333333, 0.3333333333333333, 0.3333333333333333]"
9916,790.0257020413246,848835.4428317931,"[0.3333333333333333, 0.3333333333333333, 0.3333333333333333]"
9917,394.1378387521393,899731.7892507889,"[0.3333333333333333, 0.3333333333333333, 0.3333333333333333]"
9918,593.4797523485586,450373.18625933694,"[0.3333333333333333, 0.3333333333333333, 0.3333333333333333]"
9919,779.7244468695758,624715.0892746706,"[0.3333333333333333, 0.3333333333333333, 0.3333333333333333]"
9920,784.8361231522737,544497.173146459,"[0.3333333333333333, 0.3333333333333333, 0.3333333333333333]"
9921,489.70335080939054,970436.5203035763,"[0.3333333333333333, 0.3333333333333333, 0.3333333333333333]"
9922,226.64823298294115,583869.1243797775,"[0.3333333333333333, 0.3333333333333333, 0.3333333333333333]"
9923,893.3794057247801,782064.4793155849,"[0.3333333333333333, 0.3333333333333333, 0.3333333333333333]"
9924,723.3343881122959,261375.64722264753,"[0.3333333333333333, 0.3333333333333333, 0.3333333333333333]"
9925,254.62168965386948,148194.4710368486,"[0.3333333333333333, 0.3333333333333333, 0.3333333333333333]"
9926,423.96306681270295,601817.9666621307,"[0.3333333333333333, 0.3333333333333333, 0.3333333333333333]"
9927,464.67546790516485,450205.6866130126,"[0.3333333333333333, 0.3333333333333333, 0.3333333333333333]"
9928,397.78834898379586,319491.8058621762,"[0.3333333333333333, 0.3333333333333333, 0.3333333333333333]"
9929,973.279290682926,986192.6327899237,"[0.3333333333333333, 0.3333333333333333, 0.3333333333333333]"
9930,343.24083933077446,937411.2227519072,"[0.3333333333333333, 0.3333333333333333, 0.3333333333333333]"
9931,213.29435164234508,289558.29254254536,"[0.3333333333333333, 0.3333333333333333, 0.3333333333333333]"
9932,597.8913926592156,251768.04889827338,"[0.3333333333333333, 0.3333333333333333, 0.3333333333333333]"
9933,32.44076703425952,656665.6120818378,"[0.3333333333333333, 0.3333333333333333, 0.3333333333333333]"
9934,327.4286784627774,126258.8520705267,"[0.3333333333333333, 0.3333333333333333, 0.3333333333333333]"
9935,596.3273918621154,804090.17438046,"[0.3333333333333333, 0.3333333333333333, 0.3333333333333333]"
9936,878.8754907167039,503495.60986121313,"[0.3333333333333333, 0.3333333333333333, 0.3333333333333333]"
9937,433.3671132783842,309424.1964577926,"[0.3333333333333333, 0.3333333333333333, 0.3333333333333333]"
9938,320.7575905485387,926357.2414153856,"[0.3333333333333333, 0.3333333333333333, 0.3333333333333333]"
9939,128.1470299595686,253264.2416492448,"[0.3333333333333333, 0.3333333333333333, 0.3333333333333333]"
9940,685.1752981409137,217032.18026640362,"[0.3333333333333333, 0.3333333333333333, 0.3333333333333333]"
9941,144.5379469552627,783477.9903281074,"[0.3333333333333333, 0.3333333333333333, 0.3333333333333333]"
9942,552.7121912228589,138933.71914368696,"[0.3333333333333333, 0.3333333333333333, 0.3333333333333333]"
9943,248.75261348123806,167472.55939289418,"[0.3333333333333333, 0.3333333333333333, 0.3333333333333333]"
9944,975.8403081463842,449263.3646673536,"[0.3333333333333333, 0.3333333333333333, 0.3333333333333333]"
9945,709.8010173100209,389678.9648144441,"[0.3333333333333333, 0.3333333333333333, 0.3333333333333333]"
9946,843.2937512718881,159834.6033141911,"[0.3333333333333333, 0.3333333333333333, 0.3333333333333333]"
9947,941.9262272875709,826872.1156374365,"[0.3333333333333333, 0.3333333333333333, 0.3333333333333333]"
9948,766.1819390360059,347247.9965358722,"[0.3333333333333333, 0.3333333333333333, 0.3333333333333333]"
9949,742.3689400263012,401851.64388903097,"[0.3333333333333333, 0.3333333333333333, 0.3333333333333333]"
9950,759.3154609762979,944671.7352691402,"[0.3333333333333333, 0.3333333333333333, 0.3333333333333333]"
9951,407.1293295648872,888543.1787604488,"[0.3333333333333333, 0.3333333333333333, 0.3333333333333333]"
9952,741.6147699969598,392737.8551032528,"[0.3333333333333333, 0.3333333333333333, 0.3333333333333333]"
9953,512.2560485221218,354129.00307631516,"[0.3333333333333333, 0.3333333333333333, 0.3333333333333333]"
9954,832.5734819947266,223099.04056311515,"[0.3333333333333333, 0.3333333333333333, 0.3333333333333333]"
9955,99.06900355802009,426665.1415416711,"[0.3333333333333333, 0.3333333333333333, 0.3333333333333333]"
9956,157.46389985309875,451808.84401458444,"[0.3333333333333333, 0.3333333333333333, 0.3333333333333333]"
9957,71.86126149600139,132372.06865959286,"[0.3333333333333333, 0.3333333333333333, 0.3333333333333333]"
9958,36.15849234137053,146252.6891569842,"[0.3333333333333333, 0.3333333333333333, 0.3333333333333333]"
9959,822.7634153914463,937736.8658397462,"[0.3333333333333333, 0.3333333333333333, 0.3333333333333333]"
9960,535.7029564843275,810871.2487286068,"[0.3333333333333333, 0.3333333333333333, 0.3333333333333333]"
9961,515.8928494809165,701788.5539748179,"[0.3333333333333333, 0.3333333333333333, 0.3333333333333333]"
9962,412.076561073622,775432.0823402259,"[0.3333333333333333, 0.3333333333333333, 0.3333333333333333]"
9963,148.18334497579673,679939.4776397083,"[0.3333333333333333, 0.3333333333333333, 0.3333333333333333]"
9964,210.51957968794574,909584.5474351293,"[0.3333333333333333, 0.3333333333333333, 0.3333333333333333]"
9965,674.4815056617624,291217.96921435464,"[0.3333333333333333, 0.3333333333333333, 0.3333333333333333]"
9966,959.8799643135326,985971.9891687296,"[0.3333333333333333, 0.3333333333333333, 0.3333333333333333]"
9967,472.97899938519333,715687.2892457561,"[0.3333333333333333, 0.3333333333333333, 0.3333333333333333]"
9968,680.131804255202,115889.68137991776,"[0.3333333333333333, 0.3333333333333333, 0.3333333333333333]"
9969,119.81857391408587,660331.5263643652,"[0.3333333333333333, 0.3333333333333333, 0.3333333333333333]"
9970,786.4758951320581,494207.90498724615,"[0.3333333333333333, 0.3333333333333333, 0.3333333333333333]"
9971,59.538495999150484,360758.4380454217,"[0.3333333333333333, 0.3333333333333333, 0.3333333333333333]"
9972,648.499324714049,503100.3750796949,"[0.3333333333333333, 0.3333333333333333, 0.3333333333333333]"
9973,27.051277398501384,481720.6133615886,"[0.3333333333333333, 0.3333333333333333, 0.3333333333333333]"
9974,75.9592977015181,266920.3485802816,"[0.3333333333333333, 0.3333333333333333, 0.3333333333333333]"
9975,727.9666431213956,828293.2473982723,"[0.3333333333333333, 0.3333333333333333, 0.3333333333333333]"
9976,773.5966532403012,169738.86812999673,"[0.3333333333333333, 0.3333333333333333, 0.3333333333333333]"
9977,520.4224148291105,471816.48802836414,"[0.3333333333333333, 0.3333333333333333, 0.3333333333333333]"
9978,429.31854345123884,435769.8290383191,"[0.3333333333333333, 0.3333333333333333, 0.3333333333333333]"
9979,729.740722226246,818358.5605678278,"[0.3333333333333333, 0.3333333333333333, 0.3333333333333333]"
9980,905.7650644246515,160917.41861502614,"[0.3333333333333333, 0.3333333333333333, 0.3333333333333333]"
9981,984.4589220070146,265645.4267637348,"[0.3333333333333333, 0.3333333333333333, 0.3333333333333333]"
9982,446.4335298747701,936391.9054770014,"[0.3333333333333333, 0.3333333333333333, 0.3333333333333333]"
9983,877.899556184507,918617.8631653835,"[0.3333333333333333, 0.3333333333333333, 0.3333333333333333]"
9984,909.9344107285538,882662.1807541202,"[0.3333333333333333, 0.3333333333333333, 0.3333333333333333]"
9985,508.30846502341404,760410.5243296388,"[0.3333333333333333, 0.3333333333333333, 0.3333333333333333]"
9986,322.81431609324306,730115.9163992052,"[0.3333333333333333, 0.3333333333333333, 0.3333333333333333]"
9987,684.4871776015236,803184.8048914758,"[0.3333333333333333, 0.3333333333333333, 0.3333333333333333]"
9988,519.6881573438925,957255.8154236146,"[0.3333333333333333, 0.3333333333333333, 0.3333333333333333]"
9989,195.72059166431552,676352.8322968427,"[0.3333333333333333, 0.3333333333333333, 0.3333333333333333]"
9990,279.93843617484384,504124.57948018867,"[0.3333333333333333, 0.3333333333333333, 0.3333333333333333]"
9991,810.9574342909784,475610.7864736354,"[0.3333333333333333, 0.3333333333333333, 0.3333333333333333]"
9992,198.74397604478034,753958.0938214182,"[0.3333333333333333, 0.3333333333333333, 0.3333333333333333]"
9993,637.659440598339,116705.03788501915,"[0.3333333333333333, 0.3333333333333333, 0.3333333333333333]"
9994,201.43318457875307,712456.2638954897,"[0.3333333333333333, 0.3333333333333333, 0.3333333333333333]"
9995,270.23499213590685,618917.6339002813,"[0.3333333333333333, 0.3333333333333333, 0.3333333333333333]"
9996,536.9779590894519,458858.2272609053,"[0.3333333333333333, 0.3333333333333333, 0.3333333333333333]"
9997,246.01266091322418,634387.9679522412,"[0.3333333333333333, 0.3333333333333333, 0.3333333333333333]"
9998,635.8622784841846,583532.6579451126,"[0.3333333333333333, 0.3333333333333333, 0.3333333333333333]"
9999,133.53103809392636,488193.5473655131,"[0.3333333333333333, 0.3333333333333333, 0.3333333333333333]"
10000,920.5858754481308,586222.9735642168,"[0.3333333333333333, 0.3333333333333333, 0.3333333333333333]"
10001,177.5524422117632,180443.36936535552,"[0.3333333333333333, 0.3333333333333333, 0.3333333333333333]"
10002,201.60189294563028,855195.6172700273,"[0.3333333333333333, 0.3333333333333333, 0.3333333333333333]"
10003,347.2615257574462,681551.6864640259,"[0.3333333333333333, 0.3333333333333333, 0.3333333333333333]"
10004,436.9031938165534,961183.7428949587,"[0.3333333333333333, 0.3333333333333333, 0.3333333333333333]"
10005,532.9979550773503,861476.3779693756,"[0.3333333333333333, 0.3333333333333333, 0.3333333333333333]"
10006,285.00015110005586,837820.7494231546,"[0.3333333333333333, 0.3333333333333333, 0.3333333333333333]"
10007,639.8338336194277,773555.8042481528,"[0.3333333333333333, 0.3333333333333333, 0.3333333333333333]"
10008,736.9527967111384,324081.9560016184,"[0.3333333333333333, 0.3333333333333333, 0.3333333333333333]"
10009,682.1620433559378,640381.5139094981,"[0.3333333333333333, 0.3333333333333333, 0.3333333333333333]"
10010,121.39969367420252,142899.43480678834,"[0.3333333333333333, 0.3333333333333333, 0.3333333333333333]"
10011,519.6551603780786,300646.27335982537,"[0.3333333333333333, 0.3333333333333333, 0.3333333333333333]"
10012,376.83925932784047,948935.3453797697,"[0.3333333333333333, 0.3333333333333333, 0.3333333333333333]"
10013,24.21919475330328,514842.4008562604,"[0.3333333333333333, 0.3333333333333333, 0.3333333333333333]"
10014,878.728559760997,840094.3484024777,"[0.3333333333333333, 0.3333333333333333, 0.3333333333333333]"
10015,362.80879417981544,813513.9698930556,"[0.3333333333333333, 0.3333333333333333, 0.3333333333333333]"
10016,886.9429026564135,529886.6663367525,"[0.3333333333333333, 0.3333333333333333, 0.3333333333333333]"
10017,476.7339406573212,976197.2980198892,"[0.3333333333333333, 0.3333333333333333, 0.3333333333333333]"
10018,373.45571291784546,436187.61921016325,"[0.3333333333333333, 0.3333333333333333, 0.3333333333333333]"
10019,332.34774320994234,688791.0679862946,"[0.3333333333333333, 0.3333333333333333, 0.3333333333333333]"
10020,573.3422436476573,106800.62048288765,"[0.3333333333333333, 0.3333333333333333, 0.3333333333333333]"
10021,468.9260040964042,853825.3327650251,"[0.3333333333333333, 0.3333333333333333, 0.3333333333333333]"
10022,407.68467818038033,809772.3718680438,"[0.3333333333333333, 0.3333333333333333, 0.3333333333333333]"
10023,947.0955889758608,380629.99102706776,"[0.3333333333333333, 0.3333333333333333, 0.3333333333333333]"
10024,633.3484244942206,670879.6956688128,"[0.3333333333333333, 0.3333333333333333, 0.3333333333333333]"
10025,62.81902244865937,387386.2219891841,"[0.3333333333333333, 0.3333333333333333, 0.3333333333333333]"
10026,44.4219390869716,264078.63281199976,"[0.3333333333333333, 0.3333333333333333, 0.3333333333333333]"
10027,774.9087324001533,152253.80890488336,"[0.3333333333333333, 0.3333333333333333, 0.3333333333333333]"
10028,591.3862029881772,934775.7362728321,"[0.3333333333333333, 0.3333333333333333, 0.3333333333333333]"
10029,722.308986734997,999341.9444241937,"[0.3333333333333333, 0.3333333333333333, 0.3333333333333333]"
10030,551.3548665873759,827408.4134817075,"[0.3333333333333333, 0.3333333333333333, 0.3333333333333333]"
10031,179.39437793582758,375660.7072217876,"[0.3333333333333333, 0.3333333333333333, 0.3333333333333333]"
10032,744.3157912001224,455995.22230467835,"[0.3333333333333333, 0.3333333333333333, 0.3333333333333333]"
10033,290.6647699610014,252652.0214172856,"[0.3333333333333333, 0.3333333333333333, 0.3333333333333333]"
10034,195.2856282879034,512018.7660399313,"[0.3333333333333333, 0.3333333333333333, 0.3333333333333333]"
10035,533.5420981086038,865671.1098734182,"[0.3333333333333333, 0.3333333333333333, 0.3333333333333333]"
10036,386.9450428720567,616565.2133726524,"[0.3333333333333333, 0.3333333333333333, 0.3333333333333333]"
10037,235.00366062473958,623373.7512853333,"[0.3333333333333333, 0.3333333333333333, 0.3333333333333333]"
10038,332.32548265579055,632788.156006294,"[0.3333333333333333, 0.3333333333333333, 0.3333333333333333]"
10039,734.1075942683435,417394.2476374094,"[0.3333333333333333, 0.3333333333333333, 0.3333333333333333]"
10040,572.4314987236504,589982.6329005063,"[0.3333333333333333, 0.3333333333333333, 0.3333333333333333]"
10041,459.1803908048838,914957.145167791,"[0.3333333333333333, 0.3333333333333333, 0.3333333333333333]"
10042,31.4711317523898,132447.91684817662,"[0.3333333333333333, 0.3333333333333333, 0.3333333333333333]"
10043,268.8593467844743,668777.3827919775,"[0.3333333333333333, 0.3333333333333333, 0.3333333333333333]"
10044,346.9517290967874,435612.1585378389,"[0.3333333333333333, 0.3333333333333333, 0.3333333333333333]"
10045,863.9705616982271,116987.19156339293,"[0.3333333333333333, 0.3333333333333333, 0.3333333333333333]"
10046,341.32987993323434,787599.6642406974,"[0.3333333333333333, 0.3333333333333333, 0.3333333333333333]"
10047,739.5947089932829,528150.1122324256,"[0.3333333333333333, 0.3333333333333333, 0.3333333333333333]"
10048,296.3722662885786,696952.4138132421,"[0.3333333333333333, 0.3333333333333333, 0.3333333333333333]"
10049,182.20562421235203,948719.6464625481,"[0.3333333333333333, 0.3333333333333333, 0.3333333333333333]"
10050,208.76338450590202,628513.7555680639,"[0.3333333333333333, 0.3333333333333333, 0.3333333333333333]"
10051,136.78432154621376,344249.7464722916,"[0.3333333333333333, 0.3333333333333333, 0.3333333333333333]"
10052,682.040110422645,219946.77487230685,"[0.3333333333333333, 0.3333333333333333, 0.3333333333333333]"
10053,78.20754877017399,107139.6609557921,"[0.3333333333333333, 0.3333333333333333, 0.3333333333333333]"
10054,336.2067542866512,663031.8550147369,"[0.3333333333333333, 0.3333333333333333, 0.3333333333333333]"
10055,790.1654905385708,308791.7096256573,"[0.3333333333333333, 0.3333333333333333, 0.3333333333333333]"
10056,294.9651313114674,659589.0760364515,"[0.3333333333333333, 0.3333333333333333, 0.3333333333333333]"
10057,328.1971774336091,493786.6854957712,"[0.3333333333333333, 0.3333333333333333, 0.3333333333333333]"
10058,628.983532029684,378081.5078645935,"[0.3333333333333333, 0.3333333333333333, 0.3333333333333333]"
10059,934.6218402098968,774021.9887532023,"[0.3333333333333333, 0.3333333333333333, 0.3333333333333333]"
10060,377.62839857082423,682863.0007641274,"[0.3333333333333333, 0.3333333333333333, 0.3333333333333333]"
10061,770.1168116734116,353820.1859512125,"[0.3333333333333333, 0.3333333333333333, 0.3333333333333333]"
10062,821.7694908407054,785389.5098351184,"[0.3333333333333333, 0.3333333333333333, 0.3333333333333333]"
10063,747.8769915046862,813021.9854639337,"[0.3333333333333333, 0.3333333333333333, 0.3333333333333333]"
10064,719.7208850410016,927920.20928382,"[0.3333333333333333, 0.3333333333333333, 0.3333333333333333]"
10065,616.0133544661471,382709.36680198426,"[0.3333333333333333, 0.3333333333333333, 0.3333333333333333]"
10066,281.8743145175139,168980.61366577086,"[0.3333333333333333, 0.3333333333333333, 0.3333333333333333]"
10067,997.4753085533588,144485.50565302122,"[0.3333333333333333, 0.3333333333333333, 0.3333333333333333]"
10068,157.35150426871218,783725.7626562592,"[0.3333333333333333, 0.3333333333333333, 0.3333333333333333]"
10069,917.6364825146749,812482.4605346638,"[0.3333333333333333, 0.3333333333333333, 0.3333333333333333]"
10070,658.9218795553672,831195.8012065928,"[0.3333333333333333, 0.3333333333333333, 0.3333333333333333]"
10071,448.02517809664306,610415.9683439749,"[0.3333333333333333, 0.3333333333333333, 0.3333333333333333]"
10072,543.3740413953768,716917.8805353185,"[0.3333333333333333, 0.3333333333333333, 0.3333333333333333]"
10073,423.90732754932253,369208.22038005176,"[0.3333333333333333, 0.3333333333333333, 0.3333333333333333]"
10074,818.8453544281039,919912.9079875104,"[0.3333333333333333, 0.3333333333333333, 0.3333333333333333]"
10075,437.0876165170235,384669.7187157468,"[0.3333333333333333, 0.3333333333333333, 0.3333333333333333]"
10076,112.05611621284115,624113.7891775991,"[0.3333333333333333, 0.3333333333333333, 0.3333333333333333]"
10077,325.5292002495394,300447.61564880895,"[0.3333333333333333, 0.3333333333333333, 0.3333333333333333]"
10078,739.2562047284347,921165.2231211062,"[0.3333333333333333, 0.3333333333333333, 0.3333333333333333]"
10079,939.6873609384506,635076.1120656601,"[0.3333333333333333, 0.3333333333333333, 0.3333333333333333]"
10080,266.95845442467675,736232.1675293492,"[0.3333333333333333, 0.3333333333333333, 0.3333333333333333]"
10081,630.4896332399567,485786.3821238541,"[0.3333333333333333, 0.3333333333333333, 0.3333333333333333]"
10082,157.613721550934,698141.4337021747,"[0.3333333333333333, 0.3333333333333333, 0.3333333333333333]"
10083,925.7654156347589,627952.8109369181,"[0.3333333333333333, 0.3333333333333333, 0.3333333333333333]"
10084,823.5401434062179,887500.2914652621,"[0.3333333333333333, 0.3333333333333333, 0.3333333333333333]"
10085,675.3861656635675,566343.1356102815,"[0.3333333333333333, 0.3333333333333333, 0.3333333333333333]"
10086,608.56291351808,962555.7916853122,"[0.3333333333333333, 0.3333333333333333, 0.3333333333333333]"
10087,461.6942715393485,150359.46849927574,"[0.3333333333333333, 0.3333333333333333, 0.3333333333333333]"
10088,15.57504600792655,124004.16860561965,"[0.3333333333333333, 0.3333333333333333, 0.3333333333333333]"
10089,587.9337422066424,255191.54230375012,"[0.3333333333333333, 0.3333333333333333, 0.3333333333333333]"
10090,181.06495304028525,502901.85916999675,"[0.3333333333333333, 0.3333333333333333, 0.3333333333333333]"
10091,372.46122623280746,504166.4144627958,"[0.3333333333333333, 0.3333333333333333, 0.3333333333333333]"
10092,448.4100642544629,142706.2081476918,"[0.3333333333333333, 0.3333333333333333, 0.3333333333333333]"
10093,884.2002445186633,604790.6246173622,"[0.3333333333333333, 0.3333333333333333, 0.3333333333333333]"
10094,303.3668424846413,522568.31337294204,"[0.3333333333333333, 0.3333333333333333, 0.3333333333333333]"
10095,626.0686503540818,584222.0018249361,"[0.3333333333333333, 0.3333333333333333, 0.3333333333333333]"
10096,812.590344154787,694891.0926396807,"[0.3333333333333333, 0.3333333333333333, 0.3333333333333333]"
10097,438.7769530277693,688132.8999046186,"[0.3333333333333333, 0.3333333333333333, 0.3333333333333333]"
10098,190.47419094503724,151729.4167600935,"[0.3333333333333333, 0.3333333333333333, 0.3333333333333333]"
10099,707.8494046862104,170352.95851074543,"[0.3333333333333333, 0.3333333333333333, 0.3333333333333333]"
10100,983.9063564101393,273699.23582116753,"[0.3333333333333333, 0.3333333333333333, 0.3333333333333333]"
10101,319.32668802720195,925819.8379885929,"[0.3333333333333333, 0.3333333333333333, 0.3333333333333333]"
10102,103.20518249348376,159224.3836695706,"[0.3333333333333333, 0.3333333333333333, 0.3333333333333333]"
10103,980.28170209983,163063.26467380644,"[0.3333333333333333, 0.3333333333333333, 0.3333333333333333]"
10104,347.13957972517494,560670.8190692372,"[0.3333333333333333, 0.3333333333333333, 0.3333333333333333]"
10105,581.5817045082027,796178.6070269112,"[0.3333333333333333, 0.3333333333333333, 0.3333333333333333]"
10106,971.9235121167513,453801.8576638749,"[0.3333333333333333, 0.3333333333333333, 0.3333333333333333]"
10107,948.6269679124313,422821.64926237584,"[0.3333333333333333, 0.3333333333333333, 0.3333333333333333]"
10108,752.2307615171554,947625.44096959,"[0.3333333333333333, 0.3333333333333333, 0.3333333333333333]"
10109,827.1792371471824,339547.89977279864,"[0.3333333333333333, 0.3333333333333333, 0.3333333333333333]"
10110,884.4325003890903,780156.1077323254,"[0.3333333333333333, 0.3333333333333333, 0.3333333333333333]"
10111,723.493391384901,296624.83991467947,"[0.3333333333333333, 0.3333333333333333, 0.3333333333333333]"
10112,476.9855656062219,548074.9926464194,"[0.3333333333333333, 0.3333333333333333, 0.3333333333333333]"
10113,183.83197545078232,125021.17940961871,"[0.3333333333333333, 0.3333333333333333, 0.3333333333333333]"
10114,787.0389454192865,123563.85670373474,"[0.3333333333333333, 0.3333333333333333, 0.3333333333333333]"
10115,90.20258465912512,610085.0017720916,"[0.3333333333333333, 0.3333333333333333, 0.3333333333333333]"
10116,106.1868894275825,617572.58483808,"[0.3333333333333333, 0.3333333333333333, 0.3333333333333333]"
10117,883.2024658147466,564691.1527771348,"[0.3333333333333333, 0.3333333333333333, 0.3333333333333333]"
10118,54.47747896274804,681715.9910159498,"[0.3333333333333333, 0.3333333333333333, 0.3333333333333333]"
10119,692.5428321401574,246184.2525044218,"[0.3333333333333333, 0.3333333333333333, 0.3333333333333333]"
10120,504.85485539559454,643606.5218709385,"[0.3333333333333333, 0.3333333333333333, 0.3333333333333333]"
10121,828.0820639506366,337872.43039407686,"[0.3333333333333333, 0.3333333333333333, 0.3333333333333333]"
10122,846.8874904796538,345370.8855068408,"[0.3333333333333333, 0.3333333333333333, 0.3333333333333333]"
10123,331.4810593929965,961885.210251947,"[0.3333333333333333, 0.3333333333333333, 0.3333333333333333]"
10124,323.9474859831535,882600.6968064588,"[0.3333333333333333, 0.3333333333333333, 0.3333333333333333]"
10125,173.3997225048233,810434.1412915254,"[0.3333333333333333, 0.3333333333333333, 0.3333333333333333]"
10126,496.3014724469734,299522.16157175065,"[0.3333333333333333, 0.3333333333333333, 0.3333333333333333]"
10127,943.764789119746,219787.22095774586,"[0.3333333333333333, 0.3333333333333333, 0.3333333333333333]"
10128,281.8816707229243,402070.6384043193,"[0.3333333333333333, 0.3333333333333333, 0.3333333333333333]"
10129,420.091844610522,829825.0010263594,"[0.3333333333333333, 0.3333333333333333, 0.3333333333333333]"
10130,933.4502579110973,983444.9796543776,"[0.3333333333333333, 0.3333333333333333, 0.3333333333333333]"
10131,653.4926547559587,421445.8133239555,"[0.3333333333333333, 0.3333333333333333, 0.3333333333333333]"
10132,240.15668839250054,805008.885627831,"[0.3333333333333333, 0.3333333333333333, 0.3333333333333333]"
10133,954.7065995309616,472351.86753325904,"[0.3333333333333333, 0.3333333333333333, 0.3333333333333333]"
10134,220.7762012766333,604288.426792536,"[0.3333333333333333, 0.3333333333333333, 0.3333333333333333]"
10135,240.73392585081695,932794.2307588945,"[0.3333333333333333, 0.3333333333333333, 0.3333333333333333]"
10136,942.5945243036114,207686.05353804264,"[0.3333333333333333, 0.3333333333333333, 0.3333333333333333]"
10137,176.03213423364244,670122.3739999487,"[0.3333333333333333, 0.3333333333333333, 0.3333333333333333]"
10138,466.8129042792504,620146.2377445763,"[0.3333333333333333, 0.3333333333333333, 0.3333333333333333]"
10139,320.2797511918548,761042.9224832164,"[0.3333333333333333, 0.3333333333333333, 0.3333333333333333]"
10140,596.7549847543122,957688.1397932846,"[0.3333333333333333, 0.3333333333333333, 0.3333333333333333]"
10141,635.2402107239421,292372.0718840817,"[0.3333333333333333, 0.3333333333333333, 0.3333333333333333]"
10142,823.52158051165,312436.9320202856,"[0.3333333333333333, 0.3333333333333333, 0.3333333333333333]"
10143,854.0058396281693,718827.3921325364,"[0.3333333333333333, 0.3333333333333333, 0.3333333333333333]"
10144,459.2504969125703,877504.2893296578,"[0.3333333333333333, 0.3333333333333333, 0.3333333333333333]"
10145,36.79203491689981,783491.8752146899,"[0.3333333333333333, 0.3333333333333333, 0.3333333333333333]"
10146,561.7925323329619,483106.4174772027,"[0.3333333333333333, 0.3333333333333333, 0.3333333333333333]"
10147,672.7129806155294,190687.4790880828,"[0.3333333333333333, 0.3333333333333333, 0.3333333333333333]"
10148,800.3312030710096,970489.7611610759,"[0.3333333333333333, 0.3333333333333333, 0.3333333333333333]"
10149,723.9988167803217,356871.8527019232,"[0.3333333333333333, 0.3333333333333333, 0.3333333333333333]"
10150,946.236270054596,699028.6187642447,"[0.3333333333333333, 0.3333333333333333, 0.3333333333333333]"
10151,294.2661564406892,556543.0185487298,"[0.3333333333333333, 0.3333333333333333, 0.3333333333333333]"
10152,845.9824632123804,904774.0171339343,"[0.3333333333333333, 0.3333333333333333, 0.3333333333333333]"
10153,370.4003842005548,746418.162868935,"[0.3333333333333333, 0.3333333333333333, 0.3333333333333333]"
10154,745.6349675134381,126083.6057255894,"[0.3333333333333333, 0.3333333333333333, 0.3333333333333333]"
10155,810.6522911027637,817941.1614010312,"[0.3333333333333333, 0.3333333333333333, 0.3333333333333333]"
10156,323.7733141111118,667998.1158610734,"[0.3333333333333333, 0.3333333333333333, 0.3333333333333333]"
10157,780.7066464449811,305406.56193167804,"[0.3333333333333333, 0.3333333333333333, 0.3333333333333333]"
10158,340.8403425872137,236764.50313803024,"[0.3333333333333333, 0.3333333333333333, 0.3333333333333333]"
10159,627.392270316238,853819.0346394449,"[0.3333333333333333, 0.3333333333333333, 0.3333333333333333]"
10160,798.104243710811,155547.7237335196,"[0.3333333333333333, 0.3333333333333333, 0.3333333333333333]"
10161,544.7605309528254,201903.09369968073,"[0.3333333333333333, 0.3333333333333333, 0.3333333333333333]"
10162,522.3669712467458,363875.463473185,"[0.3333333333333333, 0.3333333333333333, 0.3333333333333333]"
10163,994.8864829887378,279224.70728428883,"[0.3333333333333333, 0.3333333333333333, 0.3333333333333333]"
10164,516.9057213556154,289461.3608003071,"[0.3333333333333333, 0.3333333333333333, 0.3333333333333333]"
10165,72.69211101571007,535482.2218348784,"[0.3333333333333333, 0.3333333333333333, 0.3333333333333333]"
10166,96.04560942190021,980628.4249667568,"[0.3333333333333333, 0.3333333333333333, 0.3333333333333333]"
10167,450.26865749675204,601386.1709302117,"[0.3333333333333333, 0.3333333333333333, 0.3333333333333333]"
10168,89.41806385816191,114873.52272453548,"[0.3333333333333333, 0.3333333333333333, 0.3333333333333333]"
10169,522.3335322245201,990907.7763021985,"[0.3333333333333333, 0.3333333333333333, 0.3333333333333333]"
10170,473.6822416133769,853123.7122873823,"[0.3333333333333333, 0.3333333333333333, 0.3333333333333333]"
10171,861.9670229324987,347506.1193356452,"[0.3333333333333333, 0.3333333333333333, 0.3333333333333333]"
10172,994.2297610533396,852199.4030284212,"[0.3333333333333333, 0.3333333333333333, 0.3333333333333333]"
10173,56.77144974123682,504141.3665328976,"[0.3333333333333333, 0.3333333333333333, 0.3333333333333333]"
10174,376.94997992526226,832558.5405390688,"[0.3333333333333333, 0.3333333333333333, 0.3333333333333333]"
10175,895.8357261678423,913806.2425491128,"[0.3333333333333333, 0.3333333333333333, 0.3333333333333333]"
10176,12.499914037101512,873586.6274989935,"[0.3333333333333333, 0.3333333333333333, 0.3333333333333333]"
10177,863.8336554657044,968731.7869168625,"[0.3333333333333333, 0.3333333333333333, 0.3333333333333333]"
10178,691.5884747589714,816942.1836359332,"[0.3333333333333333, 0.3333333333333333, 0.3333333333333333]"
10179,738.5591396679496,217441.2038698482,"[0.3333333333333333, 0.3333333333333333, 0.3333333333333333]"
10180,976.8754271307279,182680.6512507422,"[0.3333333333333333, 0.3333333333333333, 0.3333333333333333]"
10181,219.1325573888567,165695.55621000857,"[0.3333333333333333, 0.3333333333333333, 0.3333333333333333]"
10182,634.2678216611733,135810.49817471835,"[0.3333333333333333, 0.3333333333333333, 0.3333333333333333]"
10183,286.3030264637021,462190.93341239187,"[0.3333333333333333, 0.3333333333333333, 0.3333333333333333]"
10184,888.1757930859667,468632.7365208403,"[0.3333333333333333, 0.3333333333333333, 0.3333333333333333]"
10185,882.7284684748525,127614.71252239063,"[0.3333333333333333, 0.3333333333333333, 0.3333333333333333]"
10186,101.64975790728899,336034.13665022445,"[0.3333333333333333, 0.3333333333333333, 0.3333333333333333]"
10187,885.3381915781109,126548.0359009114,"[0.3333333333333333, 0.3333333333333333, 0.3333333333333333]"
10188,716.7956898423082,915399.6808590094,"[0.3333333333333333, 0.3333333333333333, 0.3333333333333333]"
10189,592.9172744202428,426044.7293911958,"[0.3333333333333333, 0.3333333333333333, 0.3333333333333333]"
10190,947.8697744587924,391131.5624065905,"[0.3333333333333333, 0.3333333333333333, 0.3333333333333333]"
10191,259.0672599474684,554130.0576580928,"[0.3333333333333333, 0.3333333333333333, 0.3333333333333333]"
10192,600.9252846601452,368169.35784174246,"[0.3333333333333333, 0.3333333333333333, 0.3333333333333333]"
10193,487.7873840528152,838049.7567789231,"[0.3333333333333333, 0.3333333333333333, 0.3333333333333333]"
10194,487.6348694313455,936791.9824425171,"[0.3333333333333333, 0.3333333333333333, 0.3333333333333333]"
10195,949.976846744573,254798.06320862615,"[0.3333333333333333, 0.3333333333333333, 0.3333333333333333]"
10196,902.2827330858569,324326.79358795437,"[0.3333333333333333, 0.3333333333333333, 0.3333333333333333]"
10197,805.6962130625947,237762.21914950307,"[0.3333333333333333, 0.3333333333333333, 0.3333333333333333]"
10198,242.89203202769667,659784.4412904265,"[0.3333333333333333, 0.3333333333333333, 0.3333333333333333]"
10199,299.2647286197672,550874.9867807901,"[0.3333333333333333, 0.3333333333333333, 0.3333333333333333]"
10200,490.48802422312974,538959.1519630854,"[0.3333333333333333, 0.3333333333333333, 0.3333333333333333]"
10201,849.5420228247581,993573.2927354635,"[0.3333333333333333, 0.3333333333333333, 0.3333333333333333]"
10202,764.2718689850166,737568.0342595447,"[0.3333333333333333, 0.3333333333333333, 0.3333333333333333]"
10203,605.6747081699202,270794.20773828065,"[0.3333333333333333, 0.3333333333333333, 0.3333333333333333]"
10204,942.0089055536591,754314.2332086938,"[0.3333333333333333, 0.3333333333333333, 0.3333333333333333]"
10205,153.57233012975394,729014.6637049607,"[0.3333333333333333, 0.3333333333333333, 0.3333333333333333]"
10206,140.0433602759036,676938.040365941,"[0.3333333333333333, 0.3333333333333333, 0.3333333333333333]"
10207,85.9002355080159,370983.24173730816,"[0.3333333333333333, 0.3333333333333333, 0.3333333333333333]"
10208,301.6766096717628,663362.952801197,"[0.3333333333333333, 0.3333333333333333, 0.3333333333333333]"
10209,319.86716241003296,651801.7565214696,"[0.3333333333333333, 0.3333333333333333, 0.3333333333333333]"
10210,184.38724693944738,122853.56692615135,"[0.3333333333333333, 0.3333333333333333, 0.3333333333333333]"
10211,694.3515810691857,492542.2468471318,"[0.3333333333333333, 0.3333333333333333, 0.3333333333333333]"
10212,337.6647123616773,964065.2061955248,"[0.3333333333333333, 0.3333333333333333, 0.3333333333333333]"
10213,627.0412624866508,147545.65982464346,"[0.3333333333333333, 0.3333333333333333, 0.3333333333333333]"
10214,227.18205446338496,451023.3132134844,"[0.3333333333333333, 0.3333333333333333, 0.3333333333333333]"
10215,22.03355825984987,717097.4840217791,"[0.3333333333333333, 0.3333333333333333, 0.3333333333333333]"
10216,856.4156472376309,833596.6165921764,"[0.3333333333333333, 0.3333333333333333, 0.3333333333333333]"
10217,132.92202631095813,632586.4428776847,"[0.3333333333333333, 0.3333333333333333, 0.3333333333333333]"
10218,822.7747552354627,910563.4302785856,"[0.3333333333333333, 0.3333333333333333, 0.3333333333333333]"
10219,969.1296850681674,487887.8866635842,"[0.3333333333333333, 0.3333333333333333, 0.3333333333333333]"
10220,60.69878156017584,318750.6835409517,"[0.3333333333333333, 0.3333333333333333, 0.3333333333333333]"
10221,358.3957221522179,804463.7647087266,"[0.3333333333333333, 0.3333333333333333, 0.3333333333333333]"
10222,468.25848930873775,541507.2121550492,"[0.3333333333333333, 0.3333333333333333, 0.3333333333333333]"
10223,179.15129934037054,486688.739565614,"[0.3333333333333333, 0.3333333333333333, 0.3333333333333333]"
10224,501.7514886324015,676996.1843521866,"[0.3333333333333333, 0.3333333333333333, 0.3333333333333333]"
10225,623.470858028232,453637.62562479335,"[0.3333333333333333, 0.3333333333333333, 0.3333333333333333]"
10226,775.9758913076016,716181.6937322022,"[0.3333333333333333, 0.3333333333333333, 0.3333333333333333]"
10227,871.4722005110264,463769.30842813855,"[0.3333333333333333, 0.3333333333333333, 0.3333333333333333]"
10228,289.3160118334423,767903.1296387361,"[0.3333333333333333, 0.3333333333333333, 0.3333333333333333]"
10229,749.2746706819015,183118.23042749104,"[0.3333333333333333, 0.3333333333333333, 0.3333333333333333]"
10230,638.3968085209136,824583.6777342424,"[0.3333333333333333, 0.3333333333333333, 0.3333333333333333]"
10231,236.19222488123424,800385.0529686059,"[0.3333333333333333, 0.3333333333333333, 0.3333333333333333]"
10232,122.28902470454278,194142.93681654707,"[0.3333333333333333, 0.3333333333333333, 0.3333333333333333]"
10233,641.6797749166558,677550.7175647973,"[0.3333333333333333, 0.3333333333333333, 0.3333333333333333]"
10234,414.21177618347355,911880.6137119696,"[0.3333333333333333, 0.3333333333333333, 0.3333333333333333]"
10235,928.8956394229435,823886.9005803855,"[0.3333333333333333, 0.3333333333333333, 0.3333333333333333]"
10236,82.94011905188754,706280.125102169,"[0.3333333333333333, 0.3333333333333333, 0.3333333333333333]"
10237,158.34463837317284,717945.4641978013,"[0.3333333333333333, 0.3333333333333333, 0.3333333333333333]"
10238,446.1689270616035,341129.63082354824,"[0.3333333333333333, 0.3333333333333333, 0.3333333333333333]"
10239,947.865657722772,444971.0071367448,"[0.3333333333333333, 0.3333333333333333, 0.3333333333333333]"
10240,940.3738295743067,688556.2768591656,"[0.3333333333333333, 0.3333333333333333, 0.3333333333333333]"
10241,884.6898459580174,598397.410329335,"[0.3333333333333333, 0.3333333333333333, 0.3333333333333333]"
10242,213.9105672198362,630725.8091701476,"[0.3333333333333333, 0.3333333333333333, 0.3333333333333333]"
10243,841.411661566495,949157.8913239723,"[0.3333333333333333, 0.3333333333333333, 0.3333333333333333]"
10244,377.5371811237848,248529.85868787084,"[0.3333333333333333, 0.3333333333333333, 0.3333333333333333]"
10245,794.2461755040716,879276.3843090374,"[0.3333333333333333, 0.3333333333333333, 0.3333333333333333]"
10246,648.2270655728463,943926.7855743162,"[0.3333333333333333, 0.3333333333333333, 0.3333333333333333]"
10247,229.03051132941812,462396.1925551024,"[0.3333333333333333, 0.3333333333333333, 0.3333333333333333]"
10248,273.4653250959415,686846.7163660526,"[0.3333333333333333, 0.3333333333333333, 0.3333333333333333]"
10249,536.9081931571042,324645.0220255371,"[0.3333333333333333, 0.3333333333333333, 0.3333333333333333]"
10250,29.20280308623139,704609.256562539,"[0.3333333333333333, 0.3333333333333333, 0.3333333333333333]"
10251,827.3501030294652,216685.78385957878,"[0.3333333333333333, 0.3333333333333333, 0.3333333333333333]"
10252,549.3917983786893,359565.44525890995,"[0.3333333333333333, 0.3333333333333333, 0.3333333333333333]"
10253,92.26327618837423,965612.1732461306,"[0.3333333333333333, 0.3333333333333333, 0.3333333333333333]"
10254,879.9611278303428,317834.6794260993,"[0.3333333333333333, 0.3333333333333333, 0.3333333333333333]"
10255,644.6274677984937,316395.67670559685,"[0.3333333333333333, 0.3333333333333333, 0.3333333333333333]"
10256,738.4676599597466,809379.7445799207,"[0.3333333333333333, 0.3333333333333333, 0.3333333333333333]"
10257,425.96439212246315,476154.9316262773,"[0.3333333333333333, 0.3333333333333333, 0.3333333333333333]"
10258,110.94088513111002,593383.8828763344,"[0.3333333333333333, 0.3333333333333333, 0.3333333333333333]"
10259,644.0919394449161,477875.93497259996,"[0.3333333333333333, 0.3333333333333333, 0.3333333333333333]"
10260,987.0190159811816,404581.6893119255,"[0.3333333333333333, 0.3333333333333333, 0.3333333333333333]"
10261,607.3769793412938,649088.5073890348,"[0.3333333333333333, 0.3333333333333333, 0.3333333333333333]"
10262,759.4662433915202,716578.2143303726,"[0.3333333333333333, 0.3333333333333333, 0.3333333333333333]"
10263,743.9991230537956,400858.85064517433,"[0.3333333333333333, 0.3333333333333333, 0.3333333333333333]"
10264,644.2423493260478,914874.775367825,"[0.3333333333333333, 0.3333333333333333, 0.3333333333333333]"
10265,679.6875981677482,810382.3164321254,"[0.3333333333333333, 0.3333333333333333, 0.3333333333333333]"
10266,675.7598071112722,804795.9527522807,"[0.3333333333333333, 0.3333333333333333, 0.3333333333333333]"
10267,192.54160666271844,257013.04224188533,"[0.3333333333333333, 0.3333333333333333, 0.3333333333333333]"
10268,192.31031642413737,195179.83680334414,"[0.3333333333333333, 0.3333333333333333, 0.3333333333333333]"
10269,158.4976581312786,329200.6041603426,"[0.3333333333333333, 0.3333333333333333, 0.3333333333333333]"
10270,882.5330243562516,709490.4376655773,"[0.3333333333333333, 0.3333333333333333, 0.3333333333333333]"
10271,645.2492739563728,673855.3872825663,"[0.3333333333333333, 0.3333333333333333, 0.3333333333333333]"
10272,240.55865179042806,267251.3787652902,"[0.3333333333333333, 0.3333333333333333, 0.3333333333333333]"
10273,735.8155320948548,350011.90013196354,"[0.3333333333333333, 0.3333333333333333, 0.3333333333333333]"
10274,138.76438364953893,902144.6338338555,"[0.3333333333333333, 0.3333333333333333, 0.3333333333333333]"
10275,699.3390108444815,308915.27833717247,"[0.3333333333333333, 0.3333333333333333, 0.3333333333333333]"
10276,439.4262753182908,343295.59233233304,"[0.3333333333333333, 0.3333333333333333, 0.3333333333333333]"
10277,900.0588525339987,714356.1419697226,"[0.3333333333333333, 0.3333333333333333, 0.3333333333333333]"
10278,713.2416803204302,976038.1618734878,"[0.3333333333333333, 0.3333333333333333, 0.3333333333333333]"
10279,469.6860307680489,582426.1155708786,"[0.3333333333333333, 0.3333333333333333, 0.3333333333333333]"
10280,413.6628839965007,584985.6015281067,"[0.3333333333333333, 0.3333333333333333, 0.3333333333333333]"
10281,16.25786388952268,944695.8964306333,"[0.3333333333333333, 0.3333333333333333, 0.3333333333333333]"
10282,505.0500498000251,364416.11843121226,"[0.3333333333333333, 0.3333333333333333, 0.3333333333333333]"
10283,540.2859976416937,467368.01512702863,"[0.3333333333333333, 0.3333333333333333, 0.3333333333333333]"
10284,113.16388568760313,134621.44441108953,"[0.3333333333333333, 0.3333333333333333, 0.3333333333333333]"
10285,773.9475448588611,126970.02731715236,"[0.3333333333333333, 0.3333333333333333, 0.3333333333333333]"
10286,35.205779031574394,290932.3029455574,"[0.3333333333333333, 0.3333333333333333, 0.3333333333333333]"
10287,600.3574588746625,851954.6606844759,"[0.3333333333333333, 0.3333333333333333, 0.3333333333333333]"
10288,605.7111442482064,514060.09637224866,"[0.3333333333333333, 0.3333333333333333, 0.3333333333333333]"
10289,822.2823077462415,933900.6152032772,"[0.3333333333333333, 0.3333333333333333, 0.3333333333333333]"
10290,969.7601238529595,916386.2783463952,"[0.3333333333333333, 0.3333333333333333, 0.3333333333333333]"
10291,956.4086664992697,351178.06304474577,"[0.3333333333333333, 0.3333333333333333, 0.3333333333333333]"
10292,223.3498423870193,549926.8323656837,"[0.3333333333333333, 0.3333333333333333, 0.3333333333333333]"
10293,295.24466085942464,271494.36420294084,"[0.3333333333333333, 0.3333333333333333, 0.3333333333333333]"
10294,884.3205144097204,671647.7007267945,"[0.3333333333333333, 0.3333333333333333, 0.3333333333333333]"
10295,933.0303701702015,911603.6572646206,"[0.3333333333333333, 0.3333333333333333, 0.3333333333333333]"
10296,341.06561533401856,994004.6382839635,"[0.3333333333333333, 0.3333333333333333, 0.3333333333333333]"
10297,860.9800632618699,450105.89154615963,"[0.3333333333333333, 0.3333333333333333, 0.3333333333333333]"
10298,388.8077978861368,935176.3232442661,"[0.3333333333333333, 0.3333333333333333, 0.3333333333333333]"
10299,493.4258016922031,867690.7169168508,"[0.3333333333333333, 0.3333333333333333, 0.3333333333333333]"
10300,35.3106490367373,708684.0303720942,"[0.3333333333333333, 0.3333333333333333, 0.3333333333333333]"
10301,795.144324352183,830921.9931583302,"[0.3333333333333333, 0.3333333333333333, 0.3333333333333333]"
10302,928.425910799851,716244.6645492549,"[0.3333333333333333, 0.3333333333333333, 0.3333333333333333]"
10303,778.6140203696765,405298.65391968825,"[0.3333333333333333, 0.3333333333333333, 0.3333333333333333]"
10304,263.2823544001586,832466.0698988363,"[0.3333333333333333, 0.3333333333333333, 0.3333333333333333]"
10305,603.0127293876304,113772.51978574804,"[0.3333333333333333, 0.3333333333333333, 0.3333333333333333]"
10306,589.2215641741428,836291.4786892494,"[0.3333333333333333, 0.3333333333333333, 0.3333333333333333]"
10307,149.60422748587598,348989.2490053569,"[0.3333333333333333, 0.3333333333333333, 0.3333333333333333]"
10308,637.5113832055616,331248.50112450344,"[0.3333333333333333, 0.3333333333333333, 0.3333333333333333]"
10309,118.40022079714164,230213.28490836272,"[0.3333333333333333, 0.3333333333333333, 0.3333333333333333]"
10310,329.62177476721104,436393.5889986802,"[0.3333333333333333, 0.3333333333333333, 0.3333333333333333]"
10311,273.65877809064324,797300.3313712925,"[0.3333333333333333, 0.3333333333333333, 0.3333333333333333]"
10312,60.90833860764291,411856.0402931211,"[0.3333333333333333, 0.3333333333333333, 0.3333333333333333]"
10313,755.7248372503363,445757.0875284604,"[0.3333333333333333, 0.3333333333333333, 0.3333333333333333]"
10314,771.0960640211331,861145.0180534607,"[0.3333333333333333, 0.3333333333333333, 0.3333333333333333]"
10315,847.3388574946842,747608.3937479478,"[0.3333333333333333, 0.3333333333333333, 0.3333333333333333]"
10316,632.6246950086214,873516.088114472,"[0.3333333333333333, 0.3333333333333333, 0.3333333333333333]"
10317,248.9109472943035,714506.187568799,"[0.3333333333333333, 0.3333333333333333, 0.3333333333333333]"
10318,108.42836048062608,967844.2355946925,"[0.3333333333333333, 0.3333333333333333, 0.3333333333333333]"
10319,681.722077576352,899836.2574836327,"[0.3333333333333333, 0.3333333333333333, 0.3333333333333333]"
10320,763.4945315703437,785992.4600180137,"[0.3333333333333333, 0.3333333333333333, 0.3333333333333333]"
10321,390.43468965547595,930852.774323647,"[0.3333333333333333, 0.3333333333333333, 0.3333333333333333]"
10322,94.80140832530215,829313.6297991513,"[0.3333333333333333, 0.3333333333333333, 0.3333333333333333]"
10323,732.1805770507827,354824.3186427672,"[0.3333333333333333, 0.3333333333333333, 0.3333333333333333]"
10324,850.0077757930952,592634.3383898276,"[0.3333333333333333, 0.3333333333333333, 0.3333333333333333]"
10325,860.7752184520222,220333.75708244828,"[0.3333333333333333, 0.3333333333333333, 0.3333333333333333]"
10326,386.94854867124394,464848.40866776626,"[0.3333333333333333, 0.3333333333333333, 0.3333333333333333]"
10327,528.9831915778425,877761.2815600791,"[0.3333333333333333, 0.3333333333333333, 0.3333333333333333]"
10328,693.4952619063168,820782.9798228194,"[0.3333333333333333, 0.3333333333333333, 0.3333333333333333]"
10329,953.3290501388456,354495.5761733901,"[0.3333333333333333, 0.3333333333333333, 0.3333333333333333]"
10330,925.3890678112454,673361.3701969244,"[0.3333333333333333, 0.3333333333333333, 0.3333333333333333]"
10331,229.6060849124405,545434.7275120993,"[0.3333333333333333, 0.3333333333333333, 0.3333333333333333]"
10332,912.1878072501153,956989.9257476958,"[0.3333333333333333, 0.3333333333333333, 0.3333333333333333]"
10333,371.44213308699716,148501.3237681172,"[0.3333333333333333, 0.3333333333333333, 0.3333333333333333]"
10334,254.6539506943374,612512.8622737019,"[0.3333333333333333, 0.3333333333333333, 0.3333333333333333]"
10335,646.4602615807862,268522.87092497654,"[0.3333333333333333, 0.3333333333333333, 0.3333333333333333]"
10336,888.3490348155698,631303.6235424697,"[0.3333333333333333, 0.3333333333333333, 0.3333333333333333]"
10337,136.70594253788943,264339.4186865273,"[0.3333333333333333, 0.3333333333333333, 0.3333333333333333]"
10338,708.9468233883937,120773.07461043533,"[0.3333333333333333, 0.3333333333333333, 0.3333333333333333]"
10339,299.5434071564962,992213.1281672792,"[0.3333333333333333, 0.3333333333333333, 0.3333333333333333]"
10340,394.3217388686693,400335.55994986603,"[0.3333333333333333, 0.3333333333333333, 0.3333333333333333]"
10341,745.4939523623627,900774.3376116466,"[0.3333333333333333, 0.3333333333333333, 0.3333333333333333]"
10342,37.90296416556192,978797.5545676803,"[0.3333333333333333, 0.3333333333333333, 0.3333333333333333]"
10343,130.31505948834132,563413.572704519,"[0.3333333333333333, 0.3333333333333333, 0.3333333333333333]"
10344,511.2811515415184,776586.3752797558,"[0.3333333333333333, 0.3333333333333333, 0.3333333333333333]"
10345,788.2876717258945,491437.47109052644,"[0.3333333333333333, 0.3333333333333333, 0.3333333333333333]"
10346,262.8931036464506,857722.4746861076,"[0.3333333333333333, 0.3333333333333333, 0.3333333333333333]"
10347,973.3471223746996,761067.2764887428,"[0.3333333333333333, 0.3333333333333333, 0.3333333333333333]"
10348,868.4498359278564,469332.00927842164,"[0.3333333333333333, 0.3333333333333333, 0.3333333333333333]"
10349,768.6431874531924,375649.8429461941,"[0.3333333333333333, 0.3333333333333333, 0.3333333333333333]"
10350,475.1415448895755,964331.7640560137,"[0.3333333333333333, 0.3333333333333333, 0.3333333333333333]"
10351,79.87569096234306,190848.6783336311,"[0.3333333333333333, 0.3333333333333333, 0.3333333333333333]"
10352,543.4010847230144,146650.41810265605,"[0.3333333333333333, 0.3333333333333333, 0.3333333333333333]"
10353,812.4149000196787,522288.58970472426,"[0.3333333333333333, 0.3333333333333333, 0.3333333333333333]"
10354,315.2805906789071,409052.1704196921,"[0.3333333333333333, 0.3333333333333333, 0.3333333333333333]"
10355,847.4562728270721,726799.2836897052,"[0.3333333333333333, 0.3333333333333333, 0.3333333333333333]"
10356,961.0584518340186,740665.4783301019,"[0.3333333333333333, 0.3333333333333333, 0.3333333333333333]"
10357,305.48364436901414,394720.9438918701,"[0.3333333333333333, 0.3333333333333333, 0.3333333333333333]"
10358,252.2416820627203,108541.01656731562,"[0.3333333333333333, 0.3333333333333333, 0.3333333333333333]"
10359,385.35046413445593,448164.27733726276,"[0.3333333333333333, 0.3333333333333333, 0.3333333333333333]"
10360,193.02489546078482,699539.7452218175,"[0.3333333333333333, 0.3333333333333333, 0.3333333333333333]"
10361,172.0678982501575,172218.20345301775,"[0.3333333333333333, 0.3333333333333333, 0.3333333333333333]"
10362,585.2698188479836,949800.9098525876,"[0.3333333333333333, 0.3333333333333333, 0.3333333333333333]"
10363,282.7104082362858,153049.5971545602,"[0.3333333333333333, 0.3333333333333333, 0.3333333333333333]"
10364,743.7762113689325,269608.87810133887,"[0.3333333333333333, 0.3333333333333333, 0.3333333333333333]"
10365,174.90762451594858,749113.6637229554,"[0.3333333333333333, 0.3333333333333333, 0.3333333333333333]"
10366,92.93329357237893,111579.59583184928,"[0.3333333333333333, 0.3333333333333333, 0.3333333333333333]"
10367,785.6561858282384,407871.5485676034,"[0.3333333333333333, 0.3333333333333333, 0.3333333333333333]"
10368,270.8831956135692,377208.12558733963,"[0.3333333333333333, 0.3333333333333333, 0.3333333333333333]"
10369,521.7504751994198,581806.0774733751,"[0.3333333333333333, 0.3333333333333333, 0.3333333333333333]"
10370,366.0582550160542,101168.56566854316,"[0.3333333333333333, 0.3333333333333333, 0.3333333333333333]"
10371,413.8683537561522,804918.7993411098,"[0.3333333333333333, 0.3333333333333333, 0.3333333333333333]"
10372,20.74696964912377,338309.8898359666,"[0.3333333333333333, 0.3333333333333333, 0.3333333333333333]"
10373,867.7388282121333,407496.0338663633,"[0.3333333333333333, 0.3333333333333333, 0.3333333333333333]"
10374,406.1007677742425,513273.42268114636,"[0.3333333333333333, 0.3333333333333333, 0.3333333333333333]"
10375,852.6519880373572,627401.208520755,"[0.3333333333333333, 0.3333333333333333, 0.3333333333333333]"
10376,813.8380586238517,792771.3099228496,"[0.3333333333333333, 0.3333333333333333, 0.3333333333333333]"
10377,508.9881702324017,462278.699796294,"[0.3333333333333333, 0.3333333333333333, 0.3333333333333333]"
10378,408.5853891878503,502375.95354994264,"[0.3333333333333333, 0.3333333333333333, 0.3333333333333333]"
10379,994.7490561428249,588820.0270242706,"[0.3333333333333333, 0.3333333333333333, 0.3333333333333333]"
10380,412.05570068658756,683228.6475919308,"[0.3333333333333333, 0.3333333333333333, 0.3333333333333333]"
10381,389.0422910491422,606750.2537256418,"[0.3333333333333333, 0.3333333333333333, 0.3333333333333333]"
10382,205.68214395463409,103921.0418079514,"[0.3333333333333333, 0.3333333333333333, 0.3333333333333333]"
10383,833.1488532504815,941048.6946000849,"[0.3333333333333333, 0.3333333333333333, 0.3333333333333333]"
10384,196.1135251311627,663259.6493533269,"[0.3333333333333333, 0.3333333333333333, 0.3333333333333333]"
10385,516.6702887177653,108742.00749868929,"[0.3333333333333333, 0.3333333333333333, 0.3333333333333333]"
10386,51.616134808314136,776553.3261649895,"[0.3333333333333333, 0.3333333333333333, 0.3333333333333333]"
10387,112.72404150359499,866698.6307220347,"[0.3333333333333333, 0.3333333333333333, 0.3333333333333333]"
10388,298.33249217567453,979903.7355400883,"[0.3333333333333333, 0.3333333333333333, 0.3333333333333333]"
10389,480.71984935380647,652810.3065130098,"[0.3333333333333333, 0.3333333333333333, 0.3333333333333333]"
10390,899.5499899920885,569626.708674433,"[0.3333333333333333, 0.3333333333333333, 0.3333333333333333]"
10391,375.845033918247,173421.631438056,"[0.3333333333333333, 0.3333333333333333, 0.3333333333333333]"
10392,735.0363630579492,615756.2102555387,"[0.3333333333333333, 0.3333333333333333, 0.3333333333333333]"
10393,612.514136251454,642087.3656034766,"[0.3333333333333333, 0.3333333333333333, 0.3333333333333333]"
10394,104.17612359141876,736033.0983800907,"[0.3333333333333333, 0.3333333333333333, 0.3333333333333333]"
10395,663.7973204000031,615243.2494589051,"[0.3333333333333333, 0.3333333333333333, 0.3333333333333333]"
10396,890.0263992623807,311589.7658023578,"[0.3333333333333333, 0.3333333333333333, 0.3333333333333333]"
10397,180.56137454292323,335743.9942425585,"[0.3333333333333333, 0.3333333333333333, 0.3333333333333333]"
10398,515.3065962549307,234690.70114264183,"[0.3333333333333333, 0.3333333333333333, 0.3333333333333333]"
10399,464.76557536320973,462671.16071599786,"[0.3333333333333333, 0.3333333333333333, 0.3333333333333333]"
10400,743.418202921014,137623.36948157562,"[0.3333333333333333, 0.3333333333333333, 0.3333333333333333]"
10401,880.537504105565,666926.8469266134,"[0.3333333333333333, 0.3333333333333333, 0.3333333333333333]"
10402,532.735787719478,286172.0940455482,"[0.3333333333333333, 0.3333333333333333, 0.3333333333333333]"
10403,59.871112282694256,358361.9339863971,"[0.3333333333333333, 0.3333333333333333, 0.3333333333333333]"
10404,489.7674604280625,838350.8559789583,"[0.3333333333333333, 0.3333333333333333, 0.3333333333333333]"
10405,72.41673798429576,614939.6269627467,"[0.3333333333333333, 0.3333333333333333, 0.3333333333333333]"
10406,945.331974017686,455624.36962471146,"[0.3333333333333333, 0.3333333333333333, 0.3333333333333333]"
10407,284.74460518094986,531578.493820561,"[0.3333333333333333, 0.3333333333333333, 0.3333333333333333]"
10408,470.1334894691878,213538.74203939555,"[0.3333333333333333, 0.3333333333333333, 0.3333333333333333]"
10409,591.9081619897394,179092.3449286716,"[0.3333333333333333, 0.3333333333333333, 0.3333333333333333]"
10410,209.36032210348336,583660.2514927764,"[0.3333333333333333, 0.3333333333333333, 0.3333333333333333]"
10411,22.829025662618672,848948.2306127052,"[0.3333333333333333, 0.3333333333333333, 0.3333333333333333]"
10412,737.4796247208449,445780.7137458919,"[0.3333333333333333, 0.3333333333333333, 0.3333333333333333]"
10413,913.857039747832,256469.42297316238,"[0.3333333333333333, 0.3333333333333333, 0.3333333333333333]"
10414,296.9154371207152,967049.9752795323,"[0.3333333333333333, 0.3333333333333333, 0.3333333333333333]"
10415,249.8943501605022,668981.4663282501,"[0.3333333333333333, 0.3333333333333333, 0.3333333333333333]"
10416,983.1182380375494,750231.263709569,"[0.3333333333333333, 0.3333333333333333, 0.3333333333333333]"
10417,720.0429255553306,393139.28439081943,"[0.3333333333333333, 0.3333333333333333, 0.3333333333333333]"
10418,457.50638269655815,554217.2837200868,"[0.3333333333333333, 0.3333333333333333, 0.3333333333333333]"
10419,967.9856826671468,213395.3507416305,"[0.3333333333333333, 0.3333333333333333, 0.3333333333333333]"
10420,338.97277485454185,428477.7863518197,"[0.3333333333333333, 0.3333333333333333, 0.3333333333333333]"
10421,747.1995393451905,627453.8227355764,"[0.3333333333333333, 0.3333333333333333, 0.3333333333333333]"
10422,599.1040255717105,711213.1968561133,"[0.3333333333333333, 0.3333333333333333, 0.3333333333333333]"
10423,502.5514335440915,477396.95407090225,"[0.3333333333333333, 0.3333333333333333, 0.3333333333333333]"
10424,305.67742136369,766966.3987661765,"[0.3333333333333333, 0.3333333333333333, 0.3333333333333333]"
10425,217.46101597447952,455189.88927083655,"[0.3333333333333333, 0.3333333333333333, 0.3333333333333333]"
10426,196.18810033562303,355692.4935541503,"[0.3333333333333333, 0.3333333333333333, 0.3333333333333333]"
10427,986.9993156583066,720622.6622431427,"[0.3333333333333333, 0.3333333333333333, 0.3333333333333333]"
10428,538.0160648185474,384877.83917047246,"[0.3333333333333333, 0.3333333333333333, 0.3333333333333333]"
10429,533.3631864400022,180739.97534919588,"[0.3333333333333333, 0.3333333333333333, 0.3333333333333333]"
10430,731.1403935376089,655986.3272413943,"[0.3333333333333333, 0.3333333333333333, 0.3333333333333333]"
10431,137.06333528351828,348242.16668967844,"[0.3333333333333333, 0.3333333333333333, 0.3333333333333333]"
10432,362.3877545656193,234103.87456600255,"[0.3333333333333333, 0.3333333333333333, 0.3333333333333333]"
10433,73.23239264606369,126928.73087152405,"[0.3333333333333333, 0.3333333333333333, 0.3333333333333333]"
10434,963.520497775702,161377.66821102554,"[0.3333333333333333, 0.3333333333333333, 0.3333333333333333]"
10435,379.2484939396588,295980.6250982488,"[0.3333333333333333, 0.3333333333333333, 0.3333333333333333]"
10436,294.84608744281167,882783.6152110037,"[0.3333333333333333, 0.3333333333333333, 0.3333333333333333]"
10437,985.9075003010814,930620.888791642,"[0.3333333333333333, 0.3333333333333333, 0.3333333333333333]"
10438,898.7935644968389,716118.05676657,"[0.3333333333333333, 0.3333333333333333, 0.3333333333333333]"
10439,94.02430055644594,532797.6457726805,"[0.3333333333333333, 0.3333333333333333, 0.3333333333333333]"
10440,52.34056481137386,899112.0258378697,"[0.3333333333333333, 0.3333333333333333, 0.3333333333333333]"
10441,666.9433980152229,251116.45528257402,"[0.3333333333333333, 0.3333333333333333, 0.3333333333333333]"
10442,114.8185495754291,472206.53297777957,"[0.3333333333333333, 0.3333333333333333, 0.3333333333333333]"
10443,609.2202733105923,946173.1903746834,"[0.3333333333333333, 0.3333333333333333, 0.3333333333333333]"
10444,814.0371851360125,244590.49224619102,"[0.3333333333333333, 0.3333333333333333, 0.3333333333333333]"
10445,572.7926248537185,574365.6321513978,"[0.3333333333333333, 0.3333333333333333, 0.3333333333333333]"
10446,566.7079878613628,479984.2546430584,"[0.3333333333333333, 0.3333333333333333, 0.3333333333333333]"
10447,995.6988891960929,478214.42108733737,"[0.3333333333333333, 0.3333333333333333, 0.3333333333333333]"
10448,326.61306866874145,323264.17821341904,"[0.3333333333333333, 0.3333333333333333, 0.3333333333333333]"
10449,629.6279967366722,404575.41552822763,"[0.3333333333333333, 0.3333333333333333, 0.3333333333333333]"
10450,833.378567612168,312552.5640936922,"[0.3333333333333333, 0.3333333333333333, 0.3333333333333333]"
10451,822.7839871565484,555861.9951675101,"[0.3333333333333333, 0.3333333333333333, 0.3333333333333333]"
10452,560.0189549123442,373949.1212815599,"[0.3333333333333333, 0.3333333333333333, 0.3333333333333333]"
10453,610.4019253698826,794217.1206587133,"[0.3333333333333333, 0.3333333333333333, 0.3333333333333333]"
10454,895.3590774401839,741261.3093703485,"[0.3333333333333333, 0.3333333333333333, 0.3333333333333333]"
10455,445.39692876735444,656509.6654279416,"[0.3333333333333333, 0.3333333333333333, 0.3333333333333333]"
10456,589.4771280993299,489696.2805189636,"[0.3333333333333333, 0.3333333333333333, 0.3333333333333333]"
10457,31.189617964718682,653790.2112847046,"[0.3333333333333333, 0.3333333333333333, 0.3333333333333333]"
10458,69.65141492386634,172235.75260624263,"[0.3333333333333333, 0.3333333333333333, 0.3333333333333333]"
10459,680.5754399908762,913622.0471640265,"[0.3333333333333333, 0.3333333333333333, 0.3333333333333333]"
10460,764.6359086950879,147883.9412612406,"[0.3333333333333333, 0.3333333333333333, 0.3333333333333333]"
10461,898.6538838664495,650504.7685290221,"[0.3333333333333333, 0.3333333333333333, 0.3333333333333333]"
10462,184.1571308340303,823399.3346640129,"[0.3333333333333333, 0.3333333333333333, 0.3333333333333333]"
10463,167.98146300603895,693500.9106961415,"[0.3333333333333333, 0.3333333333333333, 0.3333333333333333]"
10464,457.6816212101247,726943.7756891972,"[0.3333333333333333, 0.3333333333333333, 0.3333333333333333]"
10465,626.8436516102315,857373.8406983318,"[0.3333333333333333, 0.3333333333333333, 0.3333333333333333]"
10466,875.335877629114,738892.6580880871,"[0.3333333333333333, 0.3333333333333333, 0.3333333333333333]"
10467,823.1162779129004,418130.3896008659,"[0.3333333333333333, 0.3333333333333333, 0.3333333333333333]"
10468,62.30103601740104,621974.1787489757,"[0.3333333333333333, 0.3333333333333333, 0.3333333333333333]"
10469,938.4887872399245,206478.2000343795,"[0.3333333333333333, 0.3333333333333333, 0.3333333333333333]"
10470,546.2463747605093,358602.6790070609,"[0.3333333333333333, 0.3333333333333333, 0.3333333333333333]"
10471,197.44900570569646,938117.4619210927,"[0.3333333333333333, 0.3333333333333333, 0.3333333333333333]"
10472,218.0181527129889,780347.4889479496,"[0.3333333333333333, 0.3333333333333333, 0.3333333333333333]"
10473,404.6191140784489,639180.0862096383,"[0.3333333333333333, 0.3333333333333333, 0.3333333333333333]"
10474,924.6230397299213,136613.28455460764,"[0.3333333333333333, 0.3333333333333333, 0.3333333333333333]"
10475,370.34573737940457,460229.6315987858,"[0.3333333333333333, 0.3333333333333333, 0.3333333333333333]"
10476,813.5915237084132,713660.2826495281,"[0.3333333333333333, 0.3333333333333333, 0.3333333333333333]"
10477,803.7551506305427,295810.30338013894,"[0.3333333333333333, 0.3333333333333333, 0.3333333333333333]"
10478,604.8257579250833,276170.39578742895,"[0.3333333333333333, 0.3333333333333333, 0.3333333333333333]"
10479,715.7894755922722,114788.53381197408,"[0.3333333333333333, 0.3333333333333333, 0.3333333333333333]"
10480,901.4601593636343,163382.25111599336,"[0.3333333333333333, 0.3333333333333333, 0.3333333333333333]"
10481,524.8210073172527,686963.6625541684,"[0.3333333333333333, 0.3333333333333333, 0.3333333333333333]"
10482,996.5131166567063,289978.97005972604,"[0.3333333333333333, 0.3333333333333333, 0.3333333333333333]"
10483,605.7973457994837,142039.3653042228,"[0.3333333333333333, 0.3333333333333333, 0.3333333333333333]"
10484,377.8422043133627,906338.7901561215,"[0.3333333333333333, 0.3333333333333333, 0.3333333333333333]"
10485,907.4313941373866,589625.5013573112,"[0.3333333333333333, 0.3333333333333333, 0.3333333333333333]"
10486,709.2326735219807,162890.2734369754,"[0.3333333333333333, 0.3333333333333333, 0.3333333333333333]"
10487,526.255011581407,296693.9531753129,"[0.3333333333333333, 0.3333333333333333, 0.3333333333333333]"
10488,965.5526012732112,432694.258224225,"[0.3333333333333333, 0.3333333333333333, 0.3333333333333333]"
10489,951.1102824367591,426481.4553669156,"[0.3333333333333333, 0.3333333333333333, 0.3333333333333333]"
10490,72.82804965389339,117814.8401989502,"[0.3333333333333333, 0.3333333333333333, 0.3333333333333333]"
10491,582.8812615688936,323413.63780958904,"[0.3333333333333333, 0.3333333333333333, 0.3333333333333333]"
10492,885.9579623391058,811423.8022661532,"[0.3333333333333333, 0.3333333333333333, 0.3333333333333333]"
10493,883.7040225027445,983593.7777453689,"[0.3333333333333333, 0.3333333333333333, 0.3333333333333333]"
10494,852.7933462086754,757949.0730158096,"[0.3333333333333333, 0.3333333333333333, 0.3333333333333333]"
10495,631.5539220232448,583264.2521915203,"[0.3333333333333333, 0.3333333333333333, 0.3333333333333333]"
10496,370.22164195411466,384470.49935422797,"[0.3333333333333333, 0.3333333333333333, 0.3333333333333333]"
10497,342.34175615833607,513156.49078429025,"[0.3333333333333333, 0.3333333333333333, 0.3333333333333333]"
10498,579.69795117055,473340.83732206107,"[0.3333333333333333, 0.3333333333333333, 0.3333333333333333]"
10499,740.7261646522832,212771.21953885845,"[0.3333333333333333, 0.3333333333333333, 0.3333333333333333]"
10500,219.41858981019246,631268.4488158106,"[0.3333333333333333, 0.3333333333333333, 0.3333333333333333]"
10501,519.9547050193908,470896.684902477,"[0.3333333333333333, 0.3333333333333333, 0.3333333333333333]"
10502,36.04648783326617,710809.7209345731,"[0.3333333333333333, 0.3333333333333333, 0.3333333333333333]"
10503,41.325295936109214,214762.03265636635,"[0.3333333333333333, 0.3333333333333333, 0.3333333333333333]"
10504,614.1096951184328,339846.58003650105,"[0.3333333333333333, 0.3333333333333333, 0.3333333333333333]"
10505,523.5268337420254,559232.8009689739,"[0.3333333333333333, 0.3333333333333333, 0.3333333333333333]"
10506,205.43734836425392,938431.87249452,"[0.3333333333333333, 0.3333333333333333, 0.3333333333333333]"
10507,377.5903714182186,906994.3185751876,"[0.3333333333333333, 0.3333333333333333, 0.3333333333333333]"
10508,319.4508922465192,745175.2223079489,"[0.3333333333333333, 0.3333333333333333, 0.3333333333333333]"
10509,411.68497250269803,111029.99278305877,"[0.3333333333333333, 0.3333333333333333, 0.3333333333333333]"
10510,834.2136091544362,547688.8944755684,"[0.3333333333333333, 0.3333333333333333, 0.3333333333333333]"
10511,12.649389390810024,542077.8246999094,"[0.3333333333333333, 0.3333333333333333, 0.3333333333333333]"
10512,207.59384533525647,900741.6288378217,"[0.3333333333333333, 0.3333333333333333, 0.3333333333333333]"
10513,487.3070995225271,622380.2705762892,"[0.3333333333333333, 0.3333333333333333, 0.3333333333333333]"
10514,301.24628474548484,155689.6863612057,"[0.3333333333333333, 0.3333333333333333, 0.3333333333333333]"
10515,782.7072954921825,528770.4563358354,"[0.3333333333333333, 0.3333333333333333, 0.3333333333333333]"
10516,982.8831518684378,984282.0843307395,"[0.3333333333333333, 0.3333333333333333, 0.3333333333333333]"
10517,442.79652701606557,108384.6237246492,"[0.3333333333333333, 0.3333333333333333, 0.3333333333333333]"
10518,480.9820805525993,422129.85584733845,"[0.3333333333333333, 0.3333333333333333, 0.3333333333333333]"
10519,609.5608679475462,766943.5824698834,"[0.3333333333333333, 0.3333333333333333, 0.3333333333333333]"
10520,364.41292819697435,618117.8761354061,"[0.3333333333333333, 0.3333333333333333, 0.3333333333333333]"
10521,980.2243902218273,450330.6683900769,"[0.3333333333333333, 0.3333333333333333, 0.3333333333333333]"
10522,764.8696838613627,528842.0339080256,"[0.3333333333333333, 0.3333333333333333, 0.3333333333333333]"
10523,156.69703666019845,875712.9317106555,"[0.3333333333333333, 0.3333333333333333, 0.3333333333333333]"
10524,932.671851721496,990051.1891746883,"[0.3333333333333333, 0.3333333333333333, 0.3333333333333333]"
10525,442.2405187521636,700234.5017356273,"[0.3333333333333333, 0.3333333333333333, 0.3333333333333333]"
10526,275.99367175503846,451193.1536128753,"[0.3333333333333333, 0.3333333333333333, 0.3333333333333333]"
10527,775.2059796933388,555325.6567322409,"[0.3333333333333333, 0.3333333333333333, 0.3333333333333333]"
10528,775.0360115485059,235692.62962309763,"[0.3333333333333333, 0.3333333333333333, 0.3333333333333333]"
10529,748.475507611851,492550.10403351026,"[0.3333333333333333, 0.3333333333333333, 0.3333333333333333]"
10530,437.8099784347021,487165.6569760656,"[0.3333333333333333, 0.3333333333333333, 0.3333333333333333]"
10531,240.863772709495,431919.19486725394,"[0.3333333333333333, 0.3333333333333333, 0.3333333333333333]"
10532,463.9448222017837,799785.7747084748,"[0.3333333333333333, 0.3333333333333333, 0.3333333333333333]"
10533,654.0238630234928,742095.936895875,"[0.3333333333333333, 0.3333333333333333, 0.3333333333333333]"
10534,473.585011896163,390791.80594794464,"[0.3333333333333333, 0.3333333333333333, 0.3333333333333333]"
10535,330.3947291394823,855882.0557065303,"[0.3333333333333333, 0.3333333333333333, 0.3333333333333333]"
10536,352.5427757088737,969938.7644547838,"[0.3333333333333333, 0.3333333333333333, 0.3333333333333333]"
10537,10.423863872199778,491417.6958455416,"[0.3333333333333333, 0.3333333333333333, 0.3333333333333333]"
10538,723.7356496089092,522725.82260469603,"[0.3333333333333333, 0.3333333333333333, 0.3333333333333333]"
10539,705.2307971046195,400294.54985429056,"[0.3333333333333333, 0.3333333333333333, 0.3333333333333333]"
10540,423.98124310538833,878507.4488019618,"[0.3333333333333333, 0.3333333333333333, 0.3333333333333333]"
10541,588.7283660216555,726162.2760127515,"[0.3333333333333333, 0.3333333333333333, 0.3333333333333333]"
10542,45.80368656765808,242825.5263757453,"[0.3333333333333333, 0.3333333333333333, 0.3333333333333333]"
10543,37.42644550784549,545113.2350800567,"[0.3333333333333333, 0.3333333333333333, 0.3333333333333333]"
10544,84.84160730814286,517947.52939693356,"[0.3333333333333333, 0.3333333333333333, 0.3333333333333333]"
10545,477.18962086216453,857440.0458735294,"[0.3333333333333333, 0.3333333333333333, 0.3333333333333333]"
10546,682.6131753119726,588194.8333755194,"[0.3333333333333333, 0.3333333333333333, 0.3333333333333333]"
10547,877.3139096322875,608669.5670544782,"[0.3333333333333333, 0.3333333333333333, 0.3333333333333333]"
10548,325.8129136242732,146338.09151482844,"[0.3333333333333333, 0.3333333333333333, 0.3333333333333333]"
10549,403.46355662736846,535029.9803744938,"[0.3333333333333333, 0.3333333333333333, 0.3333333333333333]"
10550,389.30709180280826,165684.17319677758,"[0.3333333333333333, 0.3333333333333333, 0.3333333333333333]"
10551,411.6926297063613,893975.5834289318,"[0.3333333333333333, 0.3333333333333333, 0.3333333333333333]"
10552,401.9257531323832,237582.3793625509,"[0.3333333333333333, 0.3333333333333333, 0.3333333333333333]"
10553,701.1374442691833,918014.226602333,"[0.3333333333333333, 0.3333333333333333, 0.3333333333333333]"
10554,650.1810436638733,792190.4896524061,"[0.3333333333333333, 0.3333333333333333, 0.3333333333333333]"
10555,178.9169977275819,340434.9075948228,"[0.3333333333333333, 0.3333333333333333, 0.3333333333333333]"
10556,741.2622638249821,292173.01409882715,"[0.3333333333333333, 0.3333333333333333, 0.3333333333333333]"
10557,215.39235028287888,261238.4142727976,"[0.3333333333333333, 0.3333333333333333, 0.3333333333333333]"
10558,72.18521621582087,811221.686825474,"[0.3333333333333333, 0.3333333333333333, 0.3333333333333333]"
10559,10.61390823914467,639705.8165288939,"[0.3333333333333333, 0.3333333333333333, 0.3333333333333333]"
10560,969.3564526392495,294936.6307377647,"[0.3333333333333333, 0.3333333333333333, 0.3333333333333333]"
10561,114.34632603177691,708405.0692897836,"[0.3333333333333333, 0.3333333333333333, 0.3333333333333333]"
10562,339.7841397844961,390721.1844758761,"[0.3333333333333333, 0.3333333333333333, 0.3333333333333333]"
10563,793.2028782040151,707376.8191117825,"[0.3333333333333333, 0.3333333333333333, 0.3333333333333333]"
10564,767.4211097540359,977552.6333090296,"[0.3333333333333333, 0.3333333333333333, 0.3333333333333333]"
10565,492.1860361778834,733135.7192299303,"[0.3333333333333333, 0.3333333333333333, 0.3333333333333333]"
10566,801.6267736479552,609435.8837672155,"[0.3333333333333333, 0.3333333333333333, 0.3333333333333333]"
10567,428.9532511385801,217149.5279538827,"[0.3333333333333333, 0.3333333333333333, 0.3333333333333333]"
10568,81.17517872247402,396676.39078053256,"[0.3333333333333333, 0.3333333333333333, 0.3333333333333333]"
10569,801.9182309115871,884555.862433647,"[0.3333333333333333, 0.3333333333333333, 0.3333333333333333]"
10570,357.19311460657076,846635.5240875026,"[0.3333333333333333, 0.3333333333333333, 0.3333333333333333]"
10571,34.2780424805855,848818.1060255906,"[0.3333333333333333, 0.3333333333333333, 0.3333333333333333]"
10572,427.53844957741626,315955.96048074524,"[0.3333333333333333, 0.3333333333333333, 0.3333333333333333]"
10573,253.19039753575316,324458.9761974613,"[0.3333333333333333, 0.3333333333333333, 0.3333333333333333]"
10574,212.88866327687398,265130.4399180165,"[0.3333333333333333, 0.3333333333333333, 0.3333333333333333]"
10575,970.4099783174778,994095.7088639329,"[0.3333333333333333, 0.3333333333333333, 0.3333333333333333]"
10576,333.448006295683,919344.7130250493,"[0.3333333333333333, 0.3333333333333333, 0.3333333333333333]"
10577,283.0295824171013,145361.9834764316,"[0.3333333333333333, 0.3333333333333333, 0.3333333333333333]"
10578,286.16848395535254,617050.7078144539,"[0.3333333333333333, 0.3333333333333333, 0.3333333333333333]"
10579,169.0137374407569,353353.6301651106,"[0.3333333333333333, 0.3333333333333333, 0.3333333333333333]"
10580,561.787387659159,659494.595191511,"[0.3333333333333333, 0.3333333333333333, 0.3333333333333333]"
10581,364.8940299678632,226897.51990300603,"[0.3333333333333333, 0.3333333333333333, 0.3333333333333333]"
10582,40.56143179830528,429451.0881837801,"[0.3333333333333333, 0.3333333333333333, 0.3333333333333333]"
10583,951.5755359927977,874813.35943027,"[0.3333333333333333, 0.3333333333333333, 0.3333333333333333]"
10584,921.2074446592243,317477.7303359326,"[0.3333333333333333, 0.3333333333333333, 0.3333333333333333]"
10585,638.5159373715132,427866.35511584964,"[0.3333333333333333, 0.3333333333333333, 0.3333333333333333]"
10586,506.253943041051,310496.14549217664,"[0.3333333333333333, 0.3333333333333333, 0.3333333333333333]"
10587,331.0489567552389,255668.19060969166,"[0.3333333333333333, 0.3333333333333333, 0.3333333333333333]"
10588,239.63178299473083,969980.339166174,"[0.3333333333333333, 0.3333333333333333, 0.3333333333333333]"
10589,74.4421219435893,836590.6483848338,"[0.3333333333333333, 0.3333333333333333, 0.3333333333333333]"
10590,694.7103362800618,737591.6066914423,"[0.3333333333333333, 0.3333333333333333, 0.3333333333333333]"
10591,462.813429653949,182133.09243459709,"[0.3333333333333333, 0.3333333333333333, 0.3333333333333333]"
10592,490.3177898836557,997888.334180972,"[0.3333333333333333, 0.3333333333333333, 0.3333333333333333]"
10593,895.2562465445353,856838.9297238917,"[0.3333333333333333, 0.3333333333333333, 0.3333333333333333]"
10594,765.824658036128,129570.44673018782,"[0.3333333333333333, 0.3333333333333333, 0.3333333333333333]"
10595,28.123113223289806,742529.6762618467,"[0.3333333333333333, 0.3333333333333333, 0.3333333333333333]"
10596,477.88931499272644,885825.829560544,"[0.3333333333333333, 0.3333333333333333, 0.3333333333333333]"
10597,841.3582190511527,621264.0479775614,"[0.3333333333333333, 0.3333333333333333, 0.3333333333333333]"
10598,55.705431707289506,655715.5435173783,"[0.3333333333333333, 0.3333333333333333, 0.3333333333333333]"
10599,682.262825857257,936170.1473673175,"[0.3333333333333333, 0.3333333333333333, 0.3333333333333333]"
10600,234.3823185001899,325413.46332526766,"[0.3333333333333333, 0.3333333333333333, 0.3333333333333333]"
10601,33.29203947406987,668872.856275647,"[0.3333333333333333, 0.3333333333333333, 0.3333333333333333]"
10602,675.3714238494478,898165.4929014711,"[0.3333333333333333, 0.3333333333333333, 0.3333333333333333]"
10603,719.5304643036993,270596.81635667617,"[0.3333333333333333, 0.3333333333333333, 0.3333333333333333]"
10604,183.39257757811848,225929.46038685628,"[0.3333333333333333, 0.3333333333333333, 0.3333333333333333]"
10605,65.82334521020164,687869.5148157484,"[0.3333333333333333, 0.3333333333333333, 0.3333333333333333]"
10606,72.47732280201583,516402.0718054807,"[0.3333333333333333, 0.3333333333333333, 0.3333333333333333]"
10607,315.88604947335665,125639.94910045274,"[0.3333333333333333, 0.3333333333333333, 0.3333333333333333]"
10608,922.3368657634321,668943.6669807334,"[0.3333333333333333, 0.3333333333333333, 0.3333333333333333]"
10609,813.7233697155466,991208.0856525758,"[0.3333333333333333, 0.3333333333333333, 0.3333333333333333]"
10610,578.3175916617244,419966.84722244216,"[0.3333333333333333, 0.3333333333333333, 0.3333333333333333]"
10611,465.7685093259707,838636.6065423737,"[0.3333333333333333, 0.3333333333333333, 0.3333333333333333]"
10612,148.66672702036325,894844.9309765174,"[0.3333333333333333, 0.3333333333333333, 0.3333333333333333]"
10613,862.640963871653,987997.0037790275,"[0.3333333333333333, 0.3333333333333333, 0.3333333333333333]"
10614,56.755144565263215,218527.57969207608,"[0.3333333333333333, 0.3333333333333333, 0.3333333333333333]"
10615,97.2241234360114,532018.641123805,"[0.3333333333333333, 0.3333333333333333, 0.3333333333333333]"
10616,992.693317174941,211596.06883217645,"[0.3333333333333333, 0.3333333333333333, 0.3333333333333333]"
10617,567.9122573298325,438562.4785211255,"[0.3333333333333333, 0.3333333333333333, 0.3333333333333333]"
10618,860.1918716730448,232934.58597043125,"[0.3333333333333333, 0.3333333333333333, 0.3333333333333333]"
10619,347.7844167562697,736955.4878111848,"[0.3333333333333333, 0.3333333333333333, 0.3333333333333333]"
10620,835.1355694579267,640415.3747139772,"[0.3333333333333333, 0.3333333333333333, 0.3333333333333333]"
10621,786.0095742445103,955323.8953121242,"[0.3333333333333333, 0.3333333333333333, 0.3333333333333333]"
10622,824.4832731526576,528121.2377016648,"[0.3333333333333333, 0.3333333333333333, 0.3333333333333333]"
10623,710.8219012507948,767006.8642690381,"[0.3333333333333333, 0.3333333333333333, 0.3333333333333333]"
10624,613.1559592113451,578768.9328320035,"[0.3333333333333333, 0.3333333333333333, 0.3333333333333333]"
10625,609.6284509723539,102732.97293999918,"[0.3333333333333333, 0.3333333333333333, 0.3333333333333333]"
10626,811.6297445276164,887514.4250001799,"[0.3333333333333333, 0.3333333333333333, 0.3333333333333333]"
10627,696.3006959967175,242610.2202929272,"[0.3333333333333333, 0.3333333333333333, 0.3333333333333333]"
10628,967.8698359443999,326411.98117526807,"[0.3333333333333333, 0.3333333333333333, 0.3333333333333333]"
10629,393.41686383808076,925555.8438059886,"[0.3333333333333333, 0.3333333333333333, 0.3333333333333333]"
10630,218.55374552759173,619661.404953604,"[0.3333333333333333, 0.3333333333333333, 0.3333333333333333]"
10631,359.24170621186215,911229.7121045078,"[0.3333333333333333, 0.3333333333333333, 0.3333333333333333]"
10632,711.8062945266448,134348.00918967242,"[0.3333333333333333, 0.3333333333333333, 0.3333333333333333]"
10633,614.1371819855423,548867.1350089712,"[0.3333333333333333, 0.3333333333333333, 0.3333333333333333]"
10634,300.3762575988398,198829.66434018954,"[0.3333333333333333, 0.3333333333333333, 0.3333333333333333]"
10635,495.84428617425664,802818.7027892635,"[0.3333333333333333, 0.3333333333333333, 0.3333333333333333]"
10636,626.078564755814,422281.3564717994,"[0.3333333333333333, 0.3333333333333333, 0.3333333333333333]"
10637,758.0892826867456,862144.9993291874,"[0.3333333333333333, 0.3333333333333333, 0.3333333333333333]"
10638,955.3500644685004,909131.6866853398,"[0.3333333333333333, 0.3333333333333333, 0.3333333333333333]"
10639,555.4090911308124,773647.9909825001,"[0.3333333333333333, 0.3333333333333333, 0.3333333333333333]"
10640,266.48637304918594,116258.63166204057,"[0.3333333333333333, 0.3333333333333333, 0.3333333333333333]"
10641,10.28702768157864,898842.0154560781,"[0.3333333333333333, 0.3333333333333333, 0.3333333333333333]"
10642,181.93522080552765,134362.4365049297,"[0.3333333333333333, 0.3333333333333333, 0.3333333333333333]"
10643,490.6062463478274,727611.2864064657,"[0.3333333333333333, 0.3333333333333333, 0.3333333333333333]"
10644,909.0705156979303,215415.13026351458,"[0.3333333333333333, 0.3333333333333333, 0.3333333333333333]"
10645,505.1768473145586,988882.4709071292,"[0.3333333333333333, 0.3333333333333333, 0.3333333333333333]"
10646,790.3355389060058,316084.5816215211,"[0.3333333333333333, 0.3333333333333333, 0.3333333333333333]"
10647,540.0662341281735,466565.0234648551,"[0.3333333333333333, 0.3333333333333333, 0.3333333333333333]"
10648,35.87561289560769,825889.4711596789,"[0.3333333333333333, 0.3333333333333333, 0.3333333333333333]"
10649,95.99091959681763,371068.6782529377,"[0.3333333333333333, 0.3333333333333333, 0.3333333333333333]"
10650,855.6435768382553,584173.579497934,"[0.3333333333333333, 0.3333333333333333, 0.3333333333333333]"
10651,710.7596688279908,716982.0159589053,"[0.3333333333333333, 0.3333333333333333, 0.3333333333333333]"
10652,590.2455088204302,329616.8524141138,"[0.3333333333333333, 0.3333333333333333, 0.3333333333333333]"
10653,652.9605327473693,232472.90893604467,"[0.3333333333333333, 0.3333333333333333, 0.3333333333333333]"
10654,530.8406349373329,234170.9866196196,"[0.3333333333333333, 0.3333333333333333, 0.3333333333333333]"
10655,768.0074844575395,741561.0788931525,"[0.3333333333333333, 0.3333333333333333, 0.3333333333333333]"
10656,707.7685954673553,743050.2792738263,"[0.3333333333333333, 0.3333333333333333, 0.3333333333333333]"
10657,879.1765856366163,921007.040975515,"[0.3333333333333333, 0.3333333333333333, 0.3333333333333333]"
10658,464.7837525103711,555954.901034427,"[0.3333333333333333, 0.3333333333333333, 0.3333333333333333]"
10659,918.8680771410338,581774.1074617396,"[0.3333333333333333, 0.3333333333333333, 0.3333333333333333]"
10660,802.9737840296971,851865.4047707993,"[0.3333333333333333, 0.3333333333333333, 0.3333333333333333]"
10661,663.3089934304559,472657.4038415249,"[0.3333333333333333, 0.3333333333333333, 0.3333333333333333]"
10662,526.9413357442031,512446.6247524295,"[0.3333333333333333, 0.3333333333333333, 0.3333333333333333]"
10663,850.5128763004234,781823.3470789347,"[0.3333333333333333, 0.3333333333333333, 0.3333333333333333]"
10664,961.6443123179238,316002.09257802943,"[0.3333333333333333, 0.3333333333333333, 0.3333333333333333]"
10665,342.916771733383,529120.6464982226,"[0.3333333333333333, 0.3333333333333333, 0.3333333333333333]"
10666,781.7842848374945,981675.7801421838,"[0.3333333333333333, 0.3333333333333333, 0.3333333333333333]"
10667,972.6032221019066,270032.0159338801,"[0.3333333333333333, 0.3333333333333333, 0.3333333333333333]"
10668,551.2338189528887,645406.7788738252,"[0.3333333333333333, 0.3333333333333333, 0.3333333333333333]"
10669,144.20708424858887,456113.47182771034,"[0.3333333333333333, 0.3333333333333333, 0.3333333333333333]"
10670,202.4516138436836,670456.2098568304,"[0.3333333333333333, 0.3333333333333333, 0.3333333333333333]"
10671,295.0840195771568,370216.8282450841,"[0.3333333333333333, 0.3333333333333333, 0.3333333333333333]"
10672,263.7144955151498,543863.0749438728,"[0.3333333333333333, 0.3333333333333333, 0.3333333333333333]"
10673,396.9945009061072,273483.4153946751,"[0.3333333333333333, 0.3333333333333333, 0.3333333333333333]"
10674,106.91144326114097,981099.9651591218,"[0.3333333333333333, 0.3333333333333333, 0.3333333333333333]"
10675,919.3078537019461,504557.2340938752,"[0.3333333333333333, 0.3333333333333333, 0.3333333333333333]"
10676,380.94245473764346,753196.7291765716,"[0.3333333333333333, 0.3333333333333333, 0.3333333333333333]"
10677,213.47763430502724,131000.50577676462,"[0.3333333333333333, 0.3333333333333333, 0.3333333333333333]"
10678,907.7244496897894,187339.82411139837,"[0.3333333333333333, 0.3333333333333333, 0.3333333333333333]"
10679,585.5078902746499,517657.6347482721,"[0.3333333333333333, 0.3333333333333333, 0.3333333333333333]"
10680,106.51364490999374,162095.50920672851,"[0.3333333333333333, 0.3333333333333333, 0.3333333333333333]"
10681,586.772401006769,336893.5402653878,"[0.3333333333333333, 0.3333333333333333, 0.3333333333333333]"
10682,896.7169884282139,290654.98720833997,"[0.3333333333333333, 0.3333333333333333, 0.3333333333333333]"
10683,124.5635684493306,528734.0309512926,"[0.3333333333333333, 0.3333333333333333, 0.3333333333333333]"
10684,452.7504368889763,368984.43928448105,"[0.3333333333333333, 0.3333333333333333, 0.3333333333333333]"
10685,434.96591989879454,450260.383678233,"[0.3333333333333333, 0.3333333333333333, 0.3333333333333333]"
10686,188.7622373890582,865427.4985449043,"[0.3333333333333333, 0.3333333333333333, 0.3333333333333333]"
10687,411.6323840699822,266917.91968087474,"[0.3333333333333333, 0.3333333333333333, 0.3333333333333333]"
10688,526.8098811265417,739319.1718506532,"[0.3333333333333333, 0.3333333333333333, 0.3333333333333333]"
10689,84.90836745737425,305627.80757487693,"[0.3333333333333333, 0.3333333333333333, 0.3333333333333333]"
10690,907.6918620246756,548071.8733953498,"[0.3333333333333333, 0.3333333333333333, 0.3333333333333333]"
10691,619.7628050509893,768909.3175345411,"[0.3333333333333333, 0.3333333333333333, 0.3333333333333333]"
10692,395.4135984621302,118978.01050989659,"[0.3333333333333333, 0.3333333333333333, 0.3333333333333333]"
10693,264.3830554772801,406562.60829609906,"[0.3333333333333333, 0.3333333333333333, 0.3333333333333333]"
10694,423.4255789549494,449381.2284527985,"[0.3333333333333333, 0.3333333333333333, 0.3333333333333333]"
10695,242.90706451788805,294624.6781529613,"[0.3333333333333333, 0.3333333333333333, 0.3333333333333333]"
10696,551.571029979926,207982.7566759449,"[0.3333333333333333, 0.3333333333333333, 0.3333333333333333]"
10697,605.3867393983069,674692.4899413696,"[0.3333333333333333, 0.3333333333333333, 0.3333333333333333]"
10698,522.0619703098881,445968.1459353293,"[0.3333333333333333, 0.3333333333333333, 0.3333333333333333]"
10699,192.7070914262545,308038.25128787104,"[0.3333333333333333, 0.3333333333333333, 0.3333333333333333]"
10700,377.50922180230464,279188.96754964633,"[0.3333333333333333, 0.3333333333333333, 0.3333333333333333]"
10701,886.5171138598498,852208.4577853177,"[0.3333333333333333, 0.3333333333333333, 0.3333333333333333]"
10702,922.1862255067903,340028.50787479145,"[0.3333333333333333, 0.3333333333333333, 0.3333333333333333]"
10703,465.6585234062359,516616.1529767762,"[0.3333333333333333, 0.3333333333333333, 0.3333333333333333]"
10704,753.6063499363181,906337.1094546714,"[0.3333333333333333, 0.3333333333333333, 0.3333333333333333]"
10705,310.4221712717102,904687.5121283191,"[0.3333333333333333, 0.3333333333333333, 0.3333333333333333]"
10706,731.4759948367833,550355.1302736257,"[0.3333333333333333, 0.3333333333333333, 0.3333333333333333]"
10707,863.9535020161962,905725.4433254577,"[0.3333333333333333, 0.3333333333333333, 0.3333333333333333]"
10708,780.4050962166828,316283.36530703644,"[0.3333333333333333, 0.3333333333333333, 0.3333333333333333]"
10709,88.71588626891257,489799.31238201365,"[0.3333333333333333, 0.3333333333333333, 0.3333333333333333]"
10710,459.6112928464536,342209.5055923462,"[0.3333333333333333, 0.3333333333333333, 0.3333333333333333]"
10711,617.0454861888054,255961.47051543088,"[0.3333333333333333, 0.3333333333333333, 0.3333333333333333]"
10712,716.3661312661192,392886.79992137564,"[0.3333333333333333, 0.3333333333333333, 0.3333333333333333]"
10713,229.62548169576243,351878.47340065846,"[0.3333333333333333, 0.3333333333333333, 0.3333333333333333]"
10714,817.6400093234906,740566.1111548633,"[0.3333333333333333, 0.3333333333333333, 0.3333333333333333]"
10715,947.8469788631812,405417.77720736444,"[0.3333333333333333, 0.3333333333333333, 0.3333333333333333]"
10716,671.8726895357512,192158.3290434809,"[0.3333333333333333, 0.3333333333333333, 0.3333333333333333]"
10717,92.24386308261997,420455.10868564283,"[0.3333333333333333, 0.3333333333333333, 0.3333333333333333]"
10718,714.3501903702605,411023.0766738006,"[0.3333333333333333, 0.3333333333333333, 0.3333333333333333]"
10719,977.4177665484196,279955.6874103978,"[0.3333333333333333, 0.3333333333333333, 0.3333333333333333]"
10720,526.0570416620085,532262.2379272031,"[0.3333333333333333, 0.3333333333333333, 0.3333333333333333]"
10721,623.7098764198645,784189.526192522,"[0.3333333333333333, 0.3333333333333333, 0.3333333333333333]"
10722,592.5610550751879,566585.6535068736,"[0.3333333333333333, 0.3333333333333333, 0.3333333333333333]"
10723,148.1587974332705,424230.5956016121,"[0.3333333333333333, 0.3333333333333333, 0.3333333333333333]"
10724,854.8635891323748,259403.9248893721,"[0.3333333333333333, 0.3333333333333333, 0.3333333333333333]"
10725,338.53930330818395,256709.96834059915,"[0.3333333333333333, 0.3333333333333333, 0.3333333333333333]"
10726,266.4756766951504,572457.8697613545,"[0.3333333333333333, 0.3333333333333333, 0.3333333333333333]"
10727,913.5317096834945,626849.783914857,"[0.3333333333333333, 0.3333333333333333, 0.3333333333333333]"
10728,597.084338095773,607275.6676626066,"[0.3333333333333333, 0.3333333333333333, 0.3333333333333333]"
10729,540.715639938012,674541.1877414915,"[0.3333333333333333, 0.3333333333333333, 0.3333333333333333]"
10730,531.2917693848835,869625.5496808259,"[0.3333333333333333, 0.3333333333333333, 0.3333333333333333]"
10731,280.20879887431374,496054.8404311355,"[0.3333333333333333, 0.3333333333333333, 0.3333333333333333]"
10732,207.03109736404826,893755.5364875295,"[0.3333333333333333, 0.3333333333333333, 0.3333333333333333]"
10733,489.3585854824241,956697.9678491266,"[0.3333333333333333, 0.3333333333333333, 0.3333333333333333]"
10734,911.3477396769131,165128.3522405957,"[0.3333333333333333, 0.3333333333333333, 0.3333333333333333]"
10735,754.5939592537276,453524.95781230973,"[0.3333333333333333, 0.3333333333333333, 0.3333333333333333]"
10736,434.09341476223784,791316.096783703,"[0.3333333333333333, 0.3333333333333333, 0.3333333333333333]"
10737,812.6940786752785,182825.2649622344,"[0.3333333333333333, 0.3333333333333333, 0.3333333333333333]"
10738,128.0376579289755,390656.0528614584,"[0.3333333333333333, 0.3333333333333333, 0.3333333333333333]"
10739,493.25328639478613,463662.6599985338,"[0.3333333333333333, 0.3333333333333333, 0.3333333333333333]"
10740,928.4369982548942,183692.15733111705,"[0.3333333333333333, 0.3333333333333333, 0.3333333333333333]"
10741,260.259719490432,160340.3422244471,"[0.3333333333333333, 0.3333333333333333, 0.3333333333333333]"
10742,193.33036954853418,288086.2522561477,"[0.3333333333333333, 0.3333333333333333, 0.3333333333333333]"
10743,513.1266755223223,136493.2348501145,"[0.3333333333333333, 0.3333333333333333, 0.3333333333333333]"
10744,924.7498845096299,554650.6373697111,"[0.3333333333333333, 0.3333333333333333, 0.3333333333333333]"
10745,748.1879404730597,633217.294328675,"[0.3333333333333333, 0.3333333333333333, 0.3333333333333333]"
10746,166.98814101398904,319622.7950696113,"[0.3333333333333333, 0.3333333333333333, 0.3333333333333333]"
10747,926.9142985422153,207467.44183957053,"[0.3333333333333333, 0.3333333333333333, 0.3333333333333333]"
10748,885.8005865974268,730572.3134128662,"[0.3333333333333333, 0.3333333333333333, 0.3333333333333333]"
10749,668.0851803318599,942857.8418276389,"[0.3333333333333333, 0.3333333333333333, 0.3333333333333333]"
10750,656.1201246622865,729653.4128663936,"[0.3333333333333333, 0.3333333333333333, 0.3333333333333333]"
10751,406.7347716583306,414490.7070299658,"[0.3333333333333333, 0.3333333333333333, 0.3333333333333333]"
10752,193.5101291866163,630871.9092808261,"[0.3333333333333333, 0.3333333333333333, 0.3333333333333333]"
10753,514.0844148515339,735184.9288417943,"[0.3333333333333333, 0.3333333333333333, 0.3333333333333333]"
10754,674.4266149666352,636559.4788126874,"[0.3333333333333333, 0.3333333333333333, 0.3333333333333333]"
10755,448.61420931858794,657745.3941925559,"[0.3333333333333333, 0.3333333333333333, 0.3333333333333333]"
10756,835.1269996912978,691514.8306804816,"[0.3333333333333333, 0.3333333333333333, 0.3333333333333333]"
10757,306.93298152010516,754917.6121171727,"[0.3333333333333333, 0.3333333333333333, 0.3333333333333333]"
10758,813.6754614553387,678638.5188880012,"[0.3333333333333333, 0.3333333333333333, 0.3333333333333333]"
10759,938.6465276840695,667262.8198509492,"[0.3333333333333333, 0.3333333333333333, 0.3333333333333333]"
10760,689.3683178544211,295997.2341096819,"[0.3333333333333333, 0.3333333333333333, 0.3333333333333333]"
10761,586.5699830984175,665562.8617980045,"[0.3333333333333333, 0.3333333333333333, 0.3333333333333333]"
10762,299.1991116495052,837795.7728422972,"[0.3333333333333333, 0.3333333333333333, 0.3333333333333333]"
10763,233.4363365510852,574258.4241232774,"[0.3333333333333333, 0.3333333333333333, 0.3333333333333333]"
10764,919.2797534145126,550450.0938680299,"[0.3333333333333333, 0.3333333333333333, 0.3333333333333333]"
10765,507.73809326055147,371755.1989362486,"[0.3333333333333333, 0.3333333333333333, 0.3333333333333333]"
10766,19.696401017452985,990272.6662519265,"[0.3333333333333333, 0.3333333333333333, 0.3333333333333333]"
10767,553.303515461458,348775.72462146624,"[0.3333333333333333, 0.3333333333333333, 0.3333333333333333]"
10768,612.7193279336875,538497.6343748253,"[0.3333333333333333, 0.3333333333333333, 0.3333333333333333]"
10769,98.88265355766818,527497.623952898,"[0.3333333333333333, 0.3333333333333333, 0.3333333333333333]"
10770,545.157315483762,960166.2818562315,"[0.3333333333333333, 0.3333333333333333, 0.3333333333333333]"
10771,387.40022355567737,683962.0511299493,"[0.3333333333333333, 0.3333333333333333, 0.3333333333333333]"
10772,678.0731251031939,319273.13826219825,"[0.3333333333333333, 0.3333333333333333, 0.3333333333333333]"
10773,92.16683120410067,403099.19892003067,"[0.3333333333333333, 0.3333333333333333, 0.3333333333333333]"
10774,952.5548047456506,847438.3575310528,"[0.3333333333333333, 0.3333333333333333, 0.3333333333333333]"
10775,683.3846396272266,667778.209232501,"[0.3333333333333333, 0.3333333333333333, 0.3333333333333333]"
10776,16.16525013114356,111489.68384479042,"[0.3333333333333333, 0.3333333333333333, 0.3333333333333333]"
10777,973.8595323487823,845517.6170925838,"[0.3333333333333333, 0.3333333333333333, 0.3333333333333333]"
10778,53.785205766887366,633669.3891767088,"[0.3333333333333333, 0.3333333333333333, 0.3333333333333333]"
10779,260.1751239967673,149230.80801644654,"[0.3333333333333333, 0.3333333333333333, 0.3333333333333333]"
10780,964.0526192754086,880409.5813084794,"[0.3333333333333333, 0.3333333333333333, 0.3333333333333333]"
10781,585.8477405099125,515567.3196819808,"[0.3333333333333333, 0.3333333333333333, 0.3333333333333333]"
10782,595.3757319041188,336061.3300619669,"[0.3333333333333333, 0.3333333333333333, 0.3333333333333333]"
10783,329.9051948289527,945270.8077135864,"[0.3333333333333333, 0.3333333333333333, 0.3333333333333333]"
10784,958.9126238237773,164138.24471301038,"[0.3333333333333333, 0.3333333333333333, 0.3333333333333333]"
10785,612.778868464651,840560.1570742815,"[0.3333333333333333, 0.3333333333333333, 0.3333333333333333]"
10786,544.2006442674633,242364.61020998724,"[0.3333333333333333, 0.3333333333333333, 0.3333333333333333]"
10787,524.8660242808534,839563.8609043113,"[0.3333333333333333, 0.3333333333333333, 0.3333333333333333]"
10788,298.54147407490717,222267.57764461628,"[0.3333333333333333, 0.3333333333333333, 0.3333333333333333]"
10789,847.8324381906866,798965.0182067165,"[0.3333333333333333, 0.3333333333333333, 0.3333333333333333]"
10790,16.19491777786216,175763.1968833243,"[0.3333333333333333, 0.3333333333333333, 0.3333333333333333]"
10791,483.7028601143088,494503.74953079235,"[0.3333333333333333, 0.3333333333333333, 0.3333333333333333]"
10792,950.0146019577877,490858.3301817289,"[0.3333333333333333, 0.3333333333333333, 0.3333333333333333]"
10793,24.570390596025312,493629.38645677397,"[0.3333333333333333, 0.3333333333333333, 0.3333333333333333]"
10794,365.4926921921058,802896.0854263207,"[0.3333333333333333, 0.3333333333333333, 0.3333333333333333]"
10795,683.1461552490961,591917.7676767616,"[0.3333333333333333, 0.3333333333333333, 0.3333333333333333]"
10796,252.39260760418753,105481.65389778596,"[0.3333333333333333, 0.3333333333333333, 0.3333333333333333]"
10797,671.87692407398,268840.50279800396,"[0.3333333333333333, 0.3333333333333333, 0.3333333333333333]"
10798,516.8640314792087,213147.59418356518,"[0.3333333333333333, 0.3333333333333333, 0.3333333333333333]"
10799,428.1426410745476,801747.9251333646,"[0.3333333333333333, 0.3333333333333333, 0.3333333333333333]"
10800,331.2797325008645,379231.45045326516,"[0.3333333333333333, 0.3333333333333333, 0.3333333333333333]"
10801,729.3099529261069,862043.727536706,"[0.3333333333333333, 0.3333333333333333, 0.3333333333333333]"
10802,431.30190120078606,989327.8325416828,"[0.3333333333333333, 0.3333333333333333, 0.3333333333333333]"
10803,209.40814292159763,745654.2882562397,"[0.3333333333333333, 0.3333333333333333, 0.3333333333333333]"
10804,182.40539273273157,647697.9860642999,"[0.3333333333333333, 0.3333333333333333, 0.3333333333333333]"
10805,655.4096286620554,204086.3515490549,"[0.3333333333333333, 0.3333333333333333, 0.3333333333333333]"
10806,846.2214448101419,333142.08703594445,"[0.3333333333333333, 0.3333333333333333, 0.3333333333333333]"
10807,61.500191993982746,612246.8008558257,"[0.3333333333333333, 0.3333333333333333, 0.3333333333333333]"
10808,361.05719085382225,443109.43153003935,"[0.3333333333333333, 0.3333333333333333, 0.3333333333333333]"
10809,654.3358057592344,652572.8420407441,"[0.3333333333333333, 0.3333333333333333, 0.3333333333333333]"
10810,806.256652280561,294146.3002139003,"[0.3333333333333333, 0.3333333333333333, 0.3333333333333333]"
10811,82.2748387814537,829335.1816105293,"[0.3333333333333333, 0.3333333333333333, 0.3333333333333333]"
10812,374.87430845978776,273188.0012722266,"[0.3333333333333333, 0.3333333333333333, 0.3333333333333333]"
10813,560.8527504965579,253556.59061531673,"[0.3333333333333333, 0.3333333333333333, 0.3333333333333333]"
10814,551.4829064882819,164382.25964909425,"[0.3333333333333333, 0.3333333333333333, 0.3333333333333333]"
10815,716.9760247133437,489424.44007373,"[0.3333333333333333, 0.3333333333333333, 0.3333333333333333]"
10816,855.2237539052737,789056.796869604,"[0.3333333333333333, 0.3333333333333333, 0.3333333333333333]"
10817,130.94548847414137,734708.0035413419,"[0.3333333333333333, 0.3333333333333333, 0.3333333333333333]"
10818,474.8942258030622,977916.5454286592,"[0.3333333333333333, 0.3333333333333333, 0.3333333333333333]"
10819,798.284357534587,779224.0555823804,"[0.3333333333333333, 0.3333333333333333, 0.3333333333333333]"
10820,668.3227285964803,480932.0547722814,"[0.3333333333333333, 0.3333333333333333, 0.3333333333333333]"
10821,66.63009371404684,670090.5567335392,"[0.3333333333333333, 0.3333333333333333, 0.3333333333333333]"
10822,764.0674151437496,153523.0264570471,"[0.3333333333333333, 0.3333333333333333, 0.3333333333333333]"
10823,432.0227127920919,942433.3736170805,"[0.3333333333333333, 0.3333333333333333, 0.3333333333333333]"
10824,810.8471202962069,723722.5622525428,"[0.3333333333333333, 0.3333333333333333, 0.3333333333333333]"
10825,486.9220074522567,320655.7851608449,"[0.3333333333333333, 0.3333333333333333, 0.3333333333333333]"
10826,348.25400322747254,662571.074518572,"[0.3333333333333333, 0.3333333333333333, 0.3333333333333333]"
10827,15.753120169281205,424313.59169023274,"[0.3333333333333333, 0.3333333333333333, 0.3333333333333333]"
10828,911.5706980369189,655990.803931359,"[0.3333333333333333, 0.3333333333333333, 0.3333333333333333]"
10829,209.99820691359295,281592.1365791103,"[0.3333333333333333, 0.3333333333333333, 0.3333333333333333]"
10830,937.655645532754,797814.7240756379,"[0.3333333333333333, 0.3333333333333333, 0.3333333333333333]"
10831,69.3300611728904,975482.9357903101,"[0.3333333333333333, 0.3333333333333333, 0.3333333333333333]"
10832,587.5379374441384,615116.621474473,"[0.3333333333333333, 0.3333333333333333, 0.3333333333333333]"
10833,88.18930791177992,259893.08429694246,"[0.3333333333333333, 0.3333333333333333, 0.3333333333333333]"
10834,854.478613184017,715267.2985973372,"[0.3333333333333333, 0.3333333333333333, 0.3333333333333333]"
10835,579.1074226216873,265225.0321250723,"[0.3333333333333333, 0.3333333333333333, 0.3333333333333333]"
10836,46.40707960764851,704814.4079119466,"[0.3333333333333333, 0.3333333333333333, 0.3333333333333333]"
10837,955.5957071194307,599875.7684326242,"[0.3333333333333333, 0.3333333333333333, 0.3333333333333333]"
10838,731.5137770185904,121782.89256505038,"[0.3333333333333333, 0.3333333333333333, 0.3333333333333333]"
10839,602.1072140605851,314971.1935806342,"[0.3333333333333333, 0.3333333333333333, 0.3333333333333333]"
10840,863.0482494222514,859129.5315523221,"[0.3333333333333333, 0.3333333333333333, 0.3333333333333333]"
10841,874.4977815674698,102884.0960909593,"[0.3333333333333333, 0.3333333333333333, 0.3333333333333333]"
10842,948.4740703865237,733036.3567804984,"[0.3333333333333333, 0.3333333333333333, 0.3333333333333333]"
10843,909.4471147509059,752819.4695026445,"[0.3333333333333333, 0.3333333333333333, 0.3333333333333333]"
10844,628.2663783640792,220722.87778074777,"[0.3333333333333333, 0.3333333333333333, 0.3333333333333333]"
10845,350.69198778352865,627044.9688227859,"[0.3333333333333333, 0.3333333333333333, 0.3333333333333333]"
10846,122.65155340870162,434496.9071061751,"[0.3333333333333333, 0.3333333333333333, 0.3333333333333333]"
10847,723.1413020786201,200184.90663961304,"[0.3333333333333333, 0.3333333333333333, 0.3333333333333333]"
10848,811.1698578118263,397063.80110596376,"[0.3333333333333333, 0.3333333333333333, 0.3333333333333333]"
10849,915.639773370055,511682.8643584263,"[0.3333333333333333, 0.3333333333333333, 0.3333333333333333]"
10850,802.0365013989568,217872.0537516027,"[0.3333333333333333, 0.3333333333333333, 0.3333333333333333]"
10851,117.4107271812904,415099.7875310568,"[0.3333333333333333, 0.3333333333333333, 0.3333333333333333]"
10852,270.66130585068566,595293.4644440021,"[0.3333333333333333, 0.3333333333333333, 0.3333333333333333]"
10853,834.2194135295725,763522.5009823068,"[0.3333333333333333, 0.3333333333333333, 0.3333333333333333]"
10854,900.924478083873,467067.7633791999,"[0.3333333333333333, 0.3333333333333333, 0.3333333333333333]"
10855,382.02093936784235,290044.49125426146,"[0.3333333333333333, 0.3333333333333333, 0.3333333333333333]"
10856,94.69234594955728,573269.3987045789,"[0.3333333333333333, 0.3333333333333333, 0.3333333333333333]"
10857,956.3367552581392,467019.44526593655,"[0.3333333333333333, 0.3333333333333333, 0.3333333333333333]"
10858,663.8279318412976,825119.8718539227,"[0.3333333333333333, 0.3333333333333333, 0.3333333333333333]"
10859,903.1116345954839,416102.7997315493,"[0.3333333333333333, 0.3333333333333333, 0.3333333333333333]"
10860,90.46176931210253,978240.1649889661,"[0.3333333333333333, 0.3333333333333333, 0.3333333333333333]"
10861,182.31317028819743,979926.2899647598,"[0.3333333333333333, 0.3333333333333333, 0.3333333333333333]"
10862,875.8645806105613,430326.1587295423,"[0.3333333333333333, 0.3333333333333333, 0.3333333333333333]"
10863,812.4229481274946,997140.6610814597,"[0.3333333333333333, 0.3333333333333333, 0.3333333333333333]"
10864,986.236092590001,507488.3469799199,"[0.3333333333333333, 0.3333333333333333, 0.3333333333333333]"
10865,187.9486033877979,873617.9614649619,"[0.3333333333333333, 0.3333333333333333, 0.3333333333333333]"
10866,926.701580654753,424067.7969801148,"[0.3333333333333333, 0.3333333333333333, 0.3333333333333333]"
10867,131.68828922515198,828280.2252300349,"[0.3333333333333333, 0.3333333333333333, 0.3333333333333333]"
10868,620.2441575581649,425673.5087537542,"[0.3333333333333333, 0.3333333333333333, 0.3333333333333333]"
10869,677.4808789631959,777763.6812052361,"[0.3333333333333333, 0.3333333333333333, 0.3333333333333333]"
10870,29.242178705590586,842271.6133425152,"[0.3333333333333333, 0.3333333333333333, 0.3333333333333333]"
10871,836.811981529485,123345.36053832356,"[0.3333333333333333, 0.3333333333333333, 0.3333333333333333]"
10872,234.63541317809782,379420.1787010098,"[0.3333333333333333, 0.3333333333333333, 0.3333333333333333]"
10873,91.4710603070131,372625.4389560734,"[0.3333333333333333, 0.3333333333333333, 0.3333333333333333]"
10874,446.3054800873281,826370.9866086364,"[0.3333333333333333, 0.3333333333333333, 0.3333333333333333]"
10875,60.06676611037786,218586.40191088078,"[0.3333333333333333, 0.3333333333333333, 0.3333333333333333]"
10876,554.6272072353502,303257.53509215766,"[0.3333333333333333, 0.3333333333333333, 0.3333333333333333]"
10877,483.7699457794601,326196.56825362216,"[0.3333333333333333, 0.3333333333333333, 0.3333333333333333]"
10878,470.2142099551319,397487.9632885229,"[0.3333333333333333, 0.3333333333333333, 0.3333333333333333]"
10879,779.6636563103134,470115.32648240303,"[0.3333333333333333, 0.3333333333333333, 0.3333333333333333]"
10880,339.1991745323529,186334.96993518042,"[0.3333333333333333, 0.3333333333333333, 0.3333333333333333]"
10881,740.8868678638671,405243.73209014913,"[0.3333333333333333, 0.3333333333333333, 0.3333333333333333]"
10882,899.140850004594,445894.72844221507,"[0.3333333333333333, 0.3333333333333333, 0.3333333333333333]"
10883,46.71083259374849,414599.93765651307,"[0.3333333333333333, 0.3333333333333333, 0.3333333333333333]"
10884,440.32973898052256,692718.1921032988,"[0.3333333333333333, 0.3333333333333333, 0.3333333333333333]"
10885,347.2789993357275,996041.507050639,"[0.3333333333333333, 0.3333333333333333, 0.3333333333333333]"
10886,436.2874483546098,274748.2888301806,"[0.3333333333333333, 0.3333333333333333, 0.3333333333333333]"
10887,856.4014623971431,542234.5760229641,"[0.3333333333333333, 0.3333333333333333, 0.3333333333333333]"
10888,289.9263580199777,833821.4363150911,"[0.3333333333333333, 0.3333333333333333, 0.3333333333333333]"
10889,463.6581549550099,891336.5493729459,"[0.3333333333333333, 0.3333333333333333, 0.3333333333333333]"
10890,871.4940506383372,451458.54207412,"[0.3333333333333333, 0.3333333333333333, 0.3333333333333333]"
10891,313.38731340653834,554534.6010030403,"[0.3333333333333333, 0.3333333333333333, 0.3333333333333333]"
10892,484.90796890218013,513563.98249111994,"[0.3333333333333333, 0.3333333333333333, 0.3333333333333333]"
10893,888.6418269956572,467658.41836814786,"[0.3333333333333333, 0.3333333333333333, 0.3333333333333333]"
10894,289.766060407732,815416.5159725074,"[0.3333333333333333, 0.3333333333333333, 0.3333333333333333]"
10895,13.288560977279497,814705.2554627147,"[0.3333333333333333, 0.3333333333333333, 0.3333333333333333]"
10896,824.0683425562523,469704.1791654721,"[0.3333333333333333, 0.3333333333333333, 0.3333333333333333]"
10897,188.81836237953638,817808.4924890441,"[0.3333333333333333, 0.3333333333333333, 0.3333333333333333]"
10898,468.0783114609475,677233.3316504746,"[0.3333333333333333, 0.3333333333333333, 0.3333333333333333]"
10899,179.9719482645659,688983.0102861122,"[0.3333333333333333, 0.3333333333333333, 0.3333333333333333]"
10900,870.8238050686001,127875.19439434438,"[0.3333333333333333, 0.3333333333333333, 0.3333333333333333]"
10901,726.0282889609343,541062.194412854,"[0.3333333333333333, 0.3333333333333333, 0.3333333333333333]"
10902,668.4940172513511,443405.7243151863,"[0.3333333333333333, 0.3333333333333333, 0.3333333333333333]"
10903,20.142068339875962,623879.453210514,"[0.3333333333333333, 0.3333333333333333, 0.3333333333333333]"
10904,878.4911761530641,989071.2310458083,"[0.3333333333333333, 0.3333333333333333, 0.3333333333333333]"
10905,794.5582038300524,683411.9850482128,"[0.3333333333333333, 0.3333333333333333, 0.3333333333333333]"
10906,462.0818501475412,858579.0793050241,"[0.3333333333333333, 0.3333333333333333, 0.3333333333333333]"
10907,212.3334423903582,548394.0264498307,"[0.3333333333333333, 0.3333333333333333, 0.3333333333333333]"
10908,208.80206730735017,615341.8419082848,"[0.3333333333333333, 0.3333333333333333, 0.3333333333333333]"
10909,147.06121140253686,391297.17153976567,"[0.3333333333333333, 0.3333333333333333, 0.3333333333333333]"
10910,719.5181468855967,533477.9730767857,"[0.3333333333333333, 0.3333333333333333, 0.3333333333333333]"
10911,785.4377314590462,272122.7113432726,"[0.3333333333333333, 0.3333333333333333, 0.3333333333333333]"
10912,648.5941263423559,662814.3655074127,"[0.3333333333333333, 0.3333333333333333, 0.3333333333333333]"
10913,723.4692199297858,779761.4752915767,"[0.3333333333333333, 0.3333333333333333, 0.3333333333333333]"
10914,292.3429294759859,947706.317581178,"[0.3333333333333333, 0.3333333333333333, 0.3333333333333333]"
10915,718.5695562978071,429812.2014377034,"[0.3333333333333333, 0.3333333333333333, 0.3333333333333333]"
10916,735.8135801360346,984448.9338030108,"[0.3333333333333333, 0.3333333333333333, 0.3333333333333333]"
10917,483.74730119808146,434388.14315802965,"[0.3333333333333333, 0.3333333333333333, 0.3333333333333333]"
10918,500.40454385602436,563468.0388511001,"[0.3333333333333333, 0.3333333333333333, 0.3333333333333333]"
10919,265.26163158360146,975100.6675115526,"[0.3333333333333333, 0.3333333333333333, 0.3333333333333333]"
10920,745.5776328391885,114792.91811383794,"[0.3333333333333333, 0.3333333333333333, 0.3333333333333333]"
10921,774.2150938155041,482161.85067664844,"[0.3333333333333333, 0.3333333333333333, 0.3333333333333333]"
10922,420.2286109943889,600371.5047071372,"[0.3333333333333333, 0.3333333333333333, 0.3333333333333333]"
10923,720.7857318853163,445032.8281690204,"[0.3333333333333333, 0.3333333333333333, 0.3333333333333333]"
10924,98.56833162439285,560061.3644504969,"[0.3333333333333333, 0.3333333333333333, 0.3333333333333333]"
10925,858.1106803685082,551823.9274729501,"[0.3333333333333333, 0.3333333333333333, 0.3333333333333333]"
10926,407.9479396983434,481581.84333538916,"[0.3333333333333333, 0.3333333333333333, 0.3333333333333333]"
10927,426.4083397803696,491094.80098182795,"[0.3333333333333333, 0.3333333333333333, 0.3333333333333333]"
10928,584.117572666994,211255.23386514408,"[0.3333333333333333, 0.3333333333333333, 0.3333333333333333]"
10929,791.8102337620005,822247.0304929778,"[0.3333333333333333, 0.3333333333333333, 0.3333333333333333]"
10930,150.92387940124638,441805.4844849873,"[0.3333333333333333, 0.3333333333333333, 0.3333333333333333]"
10931,409.52540047801983,410025.6991848044,"[0.3333333333333333, 0.3333333333333333, 0.3333333333333333]"
10932,188.77267820213856,269975.41325386695,"[0.3333333333333333, 0.3333333333333333, 0.3333333333333333]"
10933,995.6063806712906,956042.427484537,"[0.3333333333333333, 0.3333333333333333, 0.3333333333333333]"
10934,628.3560065564704,705208.459648048,"[0.3333333333333333, 0.3333333333333333, 0.3333333333333333]"
10935,665.9057278473005,883671.6848356809,"[0.3333333333333333, 0.3333333333333333, 0.3333333333333333]"
10936,514.4347910614403,379835.9413223453,"[0.3333333333333333, 0.3333333333333333, 0.3333333333333333]"
10937,457.28926232398345,580895.2999907814,"[0.3333333333333333, 0.3333333333333333, 0.3333333333333333]"
10938,134.10682098063336,356935.5088088571,"[0.3333333333333333, 0.3333333333333333, 0.3333333333333333]"
10939,657.549885179125,769489.8823526521,"[0.3333333333333333, 0.3333333333333333, 0.3333333333333333]"
10940,772.3899620036241,291289.8849762386,"[0.3333333333333333, 0.3333333333333333, 0.3333333333333333]"
10941,791.2623962711776,463591.11328408896,"[0.3333333333333333, 0.3333333333333333, 0.3333333333333333]"
10942,670.241146205979,549473.905268818,"[0.3333333333333333, 0.3333333333333333, 0.3333333333333333]"
10943,672.0963124531645,549158.017118643,"[0.3333333333333333, 0.3333333333333333, 0.3333333333333333]"
10944,434.35969288664063,642874.0494488287,"[0.3333333333333333, 0.3333333333333333, 0.3333333333333333]"
10945,450.75127715145015,652556.9874828788,"[0.3333333333333333, 0.3333333333333333, 0.3333333333333333]"
10946,16.9383958467198,150722.33281086542,"[0.3333333333333333, 0.3333333333333333, 0.3333333333333333]"
10947,911.2275105727146,227035.83725360394,"[0.3333333333333333, 0.3333333333333333, 0.3333333333333333]"
10948,474.4547226636944,342931.6305720783,"[0.3333333333333333, 0.3333333333333333, 0.3333333333333333]"
10949,255.41929749570693,660195.6163582635,"[0.3333333333333333, 0.3333333333333333, 0.3333333333333333]"
10950,100.03671373489111,782298.5837269254,"[0.3333333333333333, 0.3333333333333333, 0.3333333333333333]"
10951,281.54319795298386,787886.4402664995,"[0.3333333333333333, 0.3333333333333333, 0.3333333333333333]"
10952,91.60661098348159,451459.63620078436,"[0.3333333333333333, 0.3333333333333333, 0.3333333333333333]"
10953,865.3583850913209,558489.907334347,"[0.3333333333333333, 0.3333333333333333, 0.3333333333333333]"
10954,39.92324749578745,687062.1255773252,"[0.3333333333333333, 0.3333333333333333, 0.3333333333333333]"
10955,703.8509595355741,148274.90405582372,"[0.3333333333333333, 0.3333333333333333, 0.3333333333333333]"
10956,939.3824052801251,475276.33594780543,"[0.3333333333333333, 0.3333333333333333, 0.3333333333333333]"
10957,882.9652375034864,450277.18928448437,"[0.3333333333333333, 0.3333333333333333, 0.3333333333333333]"
10958,627.7057251646519,712853.2757120306,"[0.3333333333333333, 0.3333333333333333, 0.3333333333333333]"
10959,308.9049869383003,202144.96303699067,"[0.3333333333333333, 0.3333333333333333, 0.3333333333333333]"
10960,58.89739569322117,724620.9544879164,"[0.3333333333333333, 0.3333333333333333, 0.3333333333333333]"
10961,770.7536653871074,818197.3293127313,"[0.3333333333333333, 0.3333333333333333, 0.3333333333333333]"
10962,406.8932097733936,560881.6889210476,"[0.3333333333333333, 0.3333333333333333, 0.3333333333333333]"
10963,257.43525426898236,681615.4510229737,"[0.3333333333333333, 0.3333333333333333, 0.3333333333333333]"
10964,964.2085265011345,229200.64048811173,"[0.3333333333333333, 0.3333333333333333, 0.3333333333333333]"
10965,992.9156484361517,190788.29166816844,"[0.3333333333333333, 0.3333333333333333, 0.3333333333333333]"
10966,789.9999294654838,800410.8285294756,"[0.3333333333333333, 0.3333333333333333, 0.3333333333333333]"
10967,851.2401457880899,829166.2804182974,"[0.3333333333333333, 0.3333333333333333, 0.3333333333333333]"
10968,685.6761049055424,239517.78728909764,"[0.3333333333333333, 0.3333333333333333, 0.3333333333333333]"
10969,931.1419835155153,507790.0381605941,"[0.3333333333333333, 0.3333333333333333, 0.3333333333333333]"
10970,511.0973561965708,958211.3281043469,"[0.3333333333333333, 0.3333333333333333, 0.3333333333333333]"
10971,112.00173671344771,548688.733894263,"[0.3333333333333333, 0.3333333333333333, 0.3333333333333333]"
10972,939.3992146979919,176976.23416577585,"[0.3333333333333333, 0.3333333333333333, 0.3333333333333333]"
10973,312.4537543063566,382127.80085533,"[0.3333333333333333, 0.3333333333333333, 0.3333333333333333]"
10974,674.3710172028012,780310.4321360362,"[0.3333333333333333, 0.3333333333333333, 0.3333333333333333]"
10975,453.4864651507224,280482.4993530447,"[0.3333333333333333, 0.3333333333333333, 0.3333333333333333]"
10976,589.9066752538546,701143.9588825345,"[0.3333333333333333, 0.3333333333333333, 0.3333333333333333]"
10977,637.9203637665,806688.1895557297,"[0.3333333333333333, 0.3333333333333333, 0.3333333333333333]"
10978,23.28432277889047,511985.0576051141,"[0.3333333333333333, 0.3333333333333333, 0.3333333333333333]"
10979,695.2977216400476,409254.8890683943,"[0.3333333333333333, 0.3333333333333333, 0.3333333333333333]"
10980,468.60525568081215,615296.4558143856,"[0.3333333333333333, 0.3333333333333333, 0.3333333333333333]"
10981,335.8123872037183,817222.052559941,"[0.3333333333333333, 0.3333333333333333, 0.3333333333333333]"
10982,670.5189881950736,219439.81019971232,"[0.3333333333333333, 0.3333333333333333, 0.3333333333333333]"
10983,106.63083921199039,951764.8455090709,"[0.3333333333333333, 0.3333333333333333, 0.3333333333333333]"
10984,495.6480799074235,388106.74999261904,"[0.3333333333333333, 0.3333333333333333, 0.3333333333333333]"
10985,103.93641326721372,319681.75922412577,"[0.3333333333333333, 0.3333333333333333, 0.3333333333333333]"
10986,874.7419653517852,278589.0561394014,"[0.3333333333333333, 0.3333333333333333, 0.3333333333333333]"
10987,292.0488859842689,458705.45450038044,"[0.3333333333333333, 0.3333333333333333, 0.3333333333333333]"
10988,117.74273623704168,964723.614459933,"[0.3333333333333333, 0.3333333333333333, 0.3333333333333333]"
10989,46.49135956332971,807510.701137457,"[0.3333333333333333, 0.3333333333333333, 0.3333333333333333]"
10990,650.7637822348885,740482.0846414368,"[0.3333333333333333, 0.3333333333333333, 0.3333333333333333]"
10991,758.3857313560962,972065.207200936,"[0.3333333333333333, 0.3333333333333333, 0.3333333333333333]"
10992,761.5947378306911,969477.289576786,"[0.3333333333333333, 0.3333333333333333, 0.3333333333333333]"
10993,614.50755987401,434808.9350401819,"[0.3333333333333333, 0.3333333333333333, 0.3333333333333333]"
10994,800.2576743832404,282910.2638930114,"[0.3333333333333333, 0.3333333333333333, 0.3333333333333333]"
10995,233.41558060445843,335341.25641050143,"[0.3333333333333333, 0.3333333333333333, 0.3333333333333333]"
10996,45.79166944051815,507418.02256989887,"[0.3333333333333333, 0.3333333333333333, 0.3333333333333333]"
10997,961.3090989481857,281083.277999875,"[0.3333333333333333, 0.3333333333333333, 0.3333333333333333]"
10998,915.6589207854515,657570.2908333048,"[0.3333333333333333, 0.3333333333333333, 0.3333333333333333]"
10999,55.05058058325856,268415.54798232845,"[0.3333333333333333, 0.3333333333333333, 0.3333333333333333]"
11000,504.6969591996982,908888.9983789576,"[0.3333333333333333, 0.3333333333333333, 0.3333333333333333]"
11001,541.4819392253021,488722.1391171959,"[0.3333333333333333, 0.3333333333333333, 0.3333333333333333]"
11002,93.86881399720734,829689.4831588591,"[0.3333333333333333, 0.3333333333333333, 0.3333333333333333]"
11003,292.2180715839013,292091.825220039,"[0.3333333333333333, 0.3333333333333333, 0.3333333333333333]"
11004,464.77382364536004,760903.3550417507,"[0.3333333333333333, 0.3333333333333333, 0.3333333333333333]"
11005,679.4034973615375,804331.9867932296,"[0.3333333333333333, 0.3333333333333333, 0.3333333333333333]"
11006,516.4168568073468,942741.8793158443,"[0.3333333333333333, 0.3333333333333333, 0.3333333333333333]"
11007,23.171738460684494,980274.8490173549,"[0.3333333333333333, 0.3333333333333333, 0.3333333333333333]"
11008,422.23283015915734,179940.5408830025,"[0.3333333333333333, 0.3333333333333333, 0.3333333333333333]"
11009,825.7427732425806,300745.9737919817,"[0.3333333333333333, 0.3333333333333333, 0.3333333333333333]"
11010,724.9219596918472,991067.756966397,"[0.3333333333333333, 0.3333333333333333, 0.3333333333333333]"
11011,98.60670915142461,430703.35868103843,"[0.3333333333333333, 0.3333333333333333, 0.3333333333333333]"
11012,122.65119629424163,856863.3113039514,"[0.3333333333333333, 0.3333333333333333, 0.3333333333333333]"
11013,656.3261735784693,348373.89039994613,"[0.3333333333333333, 0.3333333333333333, 0.3333333333333333]"
11014,212.1867881807161,419139.5058318533,"[0.3333333333333333, 0.3333333333333333, 0.3333333333333333]"
11015,404.90039272545675,859605.1674396549,"[0.3333333333333333, 0.3333333333333333, 0.3333333333333333]"
11016,671.8212788788434,405364.67007555306,"[0.3333333333333333, 0.3333333333333333, 0.3333333333333333]"
11017,339.0476265952185,603516.5348037704,"[0.3333333333333333, 0.3333333333333333, 0.3333333333333333]"
11018,256.1446325925057,465693.1676048691,"[0.3333333333333333, 0.3333333333333333, 0.3333333333333333]"
11019,164.24345760339162,467585.6132857966,"[0.3333333333333333, 0.3333333333333333, 0.3333333333333333]"
11020,696.3214635749829,581247.0578368851,"[0.3333333333333333, 0.3333333333333333, 0.3333333333333333]"
11021,250.50663086398578,449641.0716894302,"[0.3333333333333333, 0.3333333333333333, 0.3333333333333333]"
11022,993.2221768987729,221263.88950057785,"[0.3333333333333333, 0.3333333333333333, 0.3333333333333333]"
11023,643.5865666946894,946601.5584144669,"[0.3333333333333333, 0.3333333333333333, 0.3333333333333333]"
11024,441.0598360338035,184378.06265169525,"[0.3333333333333333, 0.3333333333333333, 0.3333333333333333]"
11025,525.5803148661956,631149.0204965526,"[0.3333333333333333, 0.3333333333333333, 0.3333333333333333]"
11026,358.0372514682719,478234.84414028254,"[0.3333333333333333, 0.3333333333333333, 0.3333333333333333]"
11027,944.0782579976647,191736.81638030082,"[0.3333333333333333, 0.3333333333333333, 0.3333333333333333]"
11028,69.42765071806389,251479.12736260323,"[0.3333333333333333, 0.3333333333333333, 0.3333333333333333]"
11029,602.8648420842977,107225.65482125728,"[0.3333333333333333, 0.3333333333333333, 0.3333333333333333]"
11030,719.2364511190978,907033.4971480665,"[0.3333333333333333, 0.3333333333333333, 0.3333333333333333]"
11031,893.6861102510904,793872.0185381224,"[0.3333333333333333, 0.3333333333333333, 0.3333333333333333]"
11032,129.5942660661242,166175.14971368213,"[0.3333333333333333, 0.3333333333333333, 0.3333333333333333]"
11033,848.8483631036223,780973.6534442378,"[0.3333333333333333, 0.3333333333333333, 0.3333333333333333]"
11034,117.51430863107517,176069.1988379929,"[0.3333333333333333, 0.3333333333333333, 0.3333333333333333]"
11035,704.756438583404,511078.48649142444,"[0.3333333333333333, 0.3333333333333333, 0.3333333333333333]"
11036,167.47448099324663,478413.14078560844,"[0.3333333333333333, 0.3333333333333333, 0.3333333333333333]"
11037,969.830899361374,789069.2600468715,"[0.3333333333333333, 0.3333333333333333, 0.3333333333333333]"
11038,980.7962377041123,764514.3414424757,"[0.3333333333333333, 0.3333333333333333, 0.3333333333333333]"
11039,771.840139562424,684388.7234664231,"[0.3333333333333333, 0.3333333333333333, 0.3333333333333333]"
11040,236.6639256461676,878222.9313245029,"[0.3333333333333333, 0.3333333333333333, 0.3333333333333333]"
11041,956.1361618636948,549623.7900700617,"[0.3333333333333333, 0.3333333333333333, 0.3333333333333333]"
11042,687.5026063227746,307575.4910270887,"[0.3333333333333333, 0.3333333333333333, 0.3333333333333333]"
11043,944.880469185387,431203.4030390077,"[0.3333333333333333, 0.3333333333333333, 0.3333333333333333]"
11044,703.1091232767999,937313.3503942386,"[0.3333333333333333, 0.3333333333333333, 0.3333333333333333]"
11045,937.1823440523422,747764.6163210153,"[0.3333333333333333, 0.3333333333333333, 0.3333333333333333]"
11046,327.3025625967147,859841.5090781633,"[0.3333333333333333, 0.3333333333333333, 0.3333333333333333]"
11047,643.8996614816778,557272.4873932169,"[0.3333333333333333, 0.3333333333333333, 0.3333333333333333]"
11048,729.7144962946742,758343.7370765128,"[0.3333333333333333, 0.3333333333333333, 0.3333333333333333]"
11049,511.62499666400214,444614.16840540175,"[0.3333333333333333, 0.3333333333333333, 0.3333333333333333]"
11050,181.56864328059856,638484.9487324901,"[0.3333333333333333, 0.3333333333333333, 0.3333333333333333]"
11051,172.18169967828342,107413.73637649139,"[0.3333333333333333, 0.3333333333333333, 0.3333333333333333]"
11052,717.2660056319912,391797.36150654056,"[0.3333333333333333, 0.3333333333333333, 0.3333333333333333]"
11053,811.8372383008067,364213.7973790132,"[0.3333333333333333, 0.3333333333333333, 0.3333333333333333]"
11054,887.8376402544686,598648.1384702249,"[0.3333333333333333, 0.3333333333333333, 0.3333333333333333]"
11055,302.58361899241436,416832.1724227137,"[0.3333333333333333, 0.3333333333333333, 0.3333333333333333]"
11056,469.07753813843374,586118.7521413869,"[0.3333333333333333, 0.3333333333333333, 0.3333333333333333]"
11057,121.85829819317676,188196.58638890498,"[0.3333333333333333, 0.3333333333333333, 0.3333333333333333]"
11058,142.3262942383398,732957.14062746,"[0.3333333333333333, 0.3333333333333333, 0.3333333333333333]"
11059,920.1185468764456,308848.67663590563,"[0.3333333333333333, 0.3333333333333333, 0.3333333333333333]"
11060,11.570256460501739,184784.69137349632,"[0.3333333333333333, 0.3333333333333333, 0.3333333333333333]"
11061,415.0239614772294,735138.7433676681,"[0.3333333333333333, 0.3333333333333333, 0.3333333333333333]"
11062,221.23732972673847,299894.06616102136,"[0.3333333333333333, 0.3333333333333333, 0.3333333333333333]"
11063,540.4029370497651,203532.15338649153,"[0.3333333333333333, 0.3333333333333333, 0.3333333333333333]"
11064,454.2782593644611,667959.8189069855,"[0.3333333333333333, 0.3333333333333333, 0.3333333333333333]"
11065,766.4621752359467,665283.806024034,"[0.3333333333333333, 0.3333333333333333, 0.3333333333333333]"
11066,576.1595518838087,945774.0478218448,"[0.3333333333333333, 0.3333333333333333, 0.3333333333333333]"
11067,776.9678925239645,494798.54281656974,"[0.3333333333333333, 0.3333333333333333, 0.3333333333333333]"
11068,337.33432515446526,813926.7066297646,"[0.3333333333333333, 0.3333333333333333, 0.3333333333333333]"
11069,887.9594478770064,412010.1798738303,"[0.3333333333333333, 0.3333333333333333, 0.3333333333333333]"
11070,853.2261054257386,484317.84827205393,"[0.3333333333333333, 0.3333333333333333, 0.3333333333333333]"
11071,453.20398751700765,688421.1977102611,"[0.3333333333333333, 0.3333333333333333, 0.3333333333333333]"
11072,383.29502886854465,600968.0375877128,"[0.3333333333333333, 0.3333333333333333, 0.3333333333333333]"
11073,844.7155937659388,449805.64755004947,"[0.3333333333333333, 0.3333333333333333, 0.3333333333333333]"
11074,649.4541556820344,729072.3083165233,"[0.3333333333333333, 0.3333333333333333, 0.3333333333333333]"
11075,316.97750758351805,377223.981143798,"[0.3333333333333333, 0.3333333333333333, 0.3333333333333333]"
11076,266.91578870313737,186614.2440505937,"[0.3333333333333333, 0.3333333333333333, 0.3333333333333333]"
11077,931.0785320801062,817264.0872529675,"[0.3333333333333333, 0.3333333333333333, 0.3333333333333333]"
11078,590.1936643878571,227377.0415904526,"[0.3333333333333333, 0.3333333333333333, 0.3333333333333333]"
11079,897.1038772382404,441141.86227182584,"[0.3333333333333333, 0.3333333333333333, 0.3333333333333333]"
11080,796.0365636545431,697401.4165624364,"[0.3333333333333333, 0.3333333333333333, 0.3333333333333333]"
11081,361.66791054334504,302490.1740999335,"[0.3333333333333333, 0.3333333333333333, 0.3333333333333333]"
11082,382.8161604900185,370177.2342243291,"[0.3333333333333333, 0.3333333333333333, 0.3333333333333333]"
11083,424.3520614358151,531663.2918160465,"[0.3333333333333333, 0.3333333333333333, 0.3333333333333333]"
11084,846.6900500889332,477363.1498312211,"[0.3333333333333333, 0.3333333333333333, 0.3333333333333333]"
11085,700.3126510222049,716557.8556401462,"[0.3333333333333333, 0.3333333333333333, 0.3333333333333333]"
11086,974.0155169686934,733808.0275773902,"[0.3333333333333333, 0.3333333333333333, 0.3333333333333333]"
11087,560.9575310622022,114382.7181894626,"[0.3333333333333333, 0.3333333333333333, 0.3333333333333333]"
11088,190.5648361214821,522371.18415206193,"[0.3333333333333333, 0.3333333333333333, 0.3333333333333333]"
11089,129.11117827014482,310770.05594595394,"[0.3333333333333333, 0.3333333333333333, 0.3333333333333333]"
11090,323.46808257401443,434476.63587407616,"[0.3333333333333333, 0.3333333333333333, 0.3333333333333333]"
11091,416.80206668782733,742591.9657446226,"[0.3333333333333333, 0.3333333333333333, 0.3333333333333333]"
11092,519.0695505015058,132825.67090030882,"[0.3333333333333333, 0.3333333333333333, 0.3333333333333333]"
11093,739.8084771316101,410217.6603603538,"[0.3333333333333333, 0.3333333333333333, 0.3333333333333333]"
11094,341.11602097503055,233494.79969053133,"[0.3333333333333333, 0.3333333333333333, 0.3333333333333333]"
11095,987.6986716515311,444064.83957916475,"[0.3333333333333333, 0.3333333333333333, 0.3333333333333333]"
11096,244.11048708444804,361372.75095196476,"[0.3333333333333333, 0.3333333333333333, 0.3333333333333333]"
11097,12.708404174224833,208831.41297810205,"[0.3333333333333333, 0.3333333333333333, 0.3333333333333333]"
11098,303.0194324897431,413009.4843635265,"[0.3333333333333333, 0.3333333333333333, 0.3333333333333333]"
11099,998.6615714235427,442818.0278741295,"[0.3333333333333333, 0.3333333333333333, 0.3333333333333333]"
11100,512.2061420864136,963632.51231264,"[0.3333333333333333, 0.3333333333333333, 0.3333333333333333]"
11101,905.8818552620266,436170.33758921444,"[0.3333333333333333, 0.3333333333333333, 0.3333333333333333]"
11102,399.14119048931985,339454.0546883913,"[0.3333333333333333, 0.3333333333333333, 0.3333333333333333]"
11103,17.83171201721549,216067.66668450268,"[0.3333333333333333, 0.3333333333333333, 0.3333333333333333]"
11104,48.32384607703533,739991.4495745674,"[0.3333333333333333, 0.3333333333333333, 0.3333333333333333]"
11105,194.57373204194624,755371.1824924013,"[0.3333333333333333, 0.3333333333333333, 0.3333333333333333]"
11106,314.97746945394437,439876.9458240948,"[0.3333333333333333, 0.3333333333333333, 0.3333333333333333]"
11107,463.3713792817223,393216.2622959585,"[0.3333333333333333, 0.3333333333333333, 0.3333333333333333]"
11108,379.1615525849458,362483.04224409815,"[0.3333333333333333, 0.3333333333333333, 0.3333333333333333]"
11109,373.9747837579077,530257.962121272,"[0.3333333333333333, 0.3333333333333333, 0.3333333333333333]"
11110,802.4404887824306,198033.3036936139,"[0.3333333333333333, 0.3333333333333333, 0.3333333333333333]"
11111,960.7361961275305,786869.7125058445,"[0.3333333333333333, 0.3333333333333333, 0.3333333333333333]"
11112,951.5216972962162,115334.51907456446,"[0.3333333333333333, 0.3333333333333333, 0.3333333333333333]"
11113,36.215927656720055,402307.4338510213,"[0.3333333333333333, 0.3333333333333333, 0.3333333333333333]"
11114,929.3438247503698,469489.0560628195,"[0.3333333333333333, 0.3333333333333333, 0.3333333333333333]"
11115,875.431610663116,864759.7553406056,"[0.3333333333333333, 0.3333333333333333, 0.3333333333333333]"
11116,528.1668401269767,744249.2945609736,"[0.3333333333333333, 0.3333333333333333, 0.3333333333333333]"
11117,630.7669838658579,700185.1278747511,"[0.3333333333333333, 0.3333333333333333, 0.3333333333333333]"
11118,721.392052798601,862289.3712278665,"[0.3333333333333333, 0.3333333333333333, 0.3333333333333333]"
11119,603.6006722959081,439802.4681997082,"[0.3333333333333333, 0.3333333333333333, 0.3333333333333333]"
11120,434.99743548730135,967442.9891354771,"[0.3333333333333333, 0.3333333333333333, 0.3333333333333333]"
11121,753.306793496925,631040.3118612508,"[0.3333333333333333, 0.3333333333333333, 0.3333333333333333]"
11122,640.0693430913766,873572.5150763559,"[0.3333333333333333, 0.3333333333333333, 0.3333333333333333]"
11123,596.5797549648058,618481.1259631453,"[0.3333333333333333, 0.3333333333333333, 0.3333333333333333]"
11124,196.50189836803537,216598.37042875183,"[0.3333333333333333, 0.3333333333333333, 0.3333333333333333]"
11125,956.7399939258872,100068.16823519093,"[0.3333333333333333, 0.3333333333333333, 0.3333333333333333]"
11126,930.9061353031321,655976.0493009019,"[0.3333333333333333, 0.3333333333333333, 0.3333333333333333]"
11127,730.936463048125,865919.3033077074,"[0.3333333333333333, 0.3333333333333333, 0.3333333333333333]"
11128,990.8303107208778,488823.05831471697,"[0.3333333333333333, 0.3333333333333333, 0.3333333333333333]"
11129,333.99361569329136,574036.6748101901,"[0.3333333333333333, 0.3333333333333333, 0.3333333333333333]"
11130,212.51104589069288,334045.29274145095,"[0.3333333333333333, 0.3333333333333333, 0.3333333333333333]"
11131,666.8537128686689,446335.9682955984,"[0.3333333333333333, 0.3333333333333333, 0.3333333333333333]"
11132,492.2944983824423,482920.4903047582,"[0.3333333333333333, 0.3333333333333333, 0.3333333333333333]"
11133,547.9588101571161,705274.541173607,"[0.3333333333333333, 0.3333333333333333, 0.3333333333333333]"
11134,948.8470486872353,222044.63456130266,"[0.3333333333333333, 0.3333333333333333, 0.3333333333333333]"
11135,859.951305935963,516952.5254157353,"[0.3333333333333333, 0.3333333333333333, 0.3333333333333333]"
11136,135.930818182831,390728.89561109425,"[0.3333333333333333, 0.3333333333333333, 0.3333333333333333]"
11137,860.2858386615185,589135.4552640873,"[0.3333333333333333, 0.3333333333333333, 0.3333333333333333]"
11138,431.6994908212106,272705.6794448632,"[0.3333333333333333, 0.3333333333333333, 0.3333333333333333]"
11139,756.6216294403945,507110.97040009,"[0.3333333333333333, 0.3333333333333333, 0.3333333333333333]"
11140,335.2739696549265,383241.0887492671,"[0.3333333333333333, 0.3333333333333333, 0.3333333333333333]"
11141,661.8834808708289,234279.24024729384,"[0.3333333333333333, 0.3333333333333333, 0.3333333333333333]"
11142,21.991474377316987,141827.5314021735,"[0.3333333333333333, 0.3333333333333333, 0.3333333333333333]"
11143,414.1276331951247,596856.4274465732,"[0.3333333333333333, 0.3333333333333333, 0.3333333333333333]"
11144,131.18927340240236,780434.9606964265,"[0.3333333333333333, 0.3333333333333333, 0.3333333333333333]"
11145,513.9634330953863,866219.8181767493,"[0.3333333333333333, 0.3333333333333333, 0.3333333333333333]"
11146,590.4936765155906,569208.908351971,"[0.3333333333333333, 0.3333333333333333, 0.3333333333333333]"
11147,884.1509701148624,914643.900562861,"[0.3333333333333333, 0.3333333333333333, 0.3333333333333333]"
11148,970.6425534293313,906752.6593671434,"[0.3333333333333333, 0.3333333333333333, 0.3333333333333333]"
11149,443.1342497263231,448361.48503390315,"[0.3333333333333333, 0.3333333333333333, 0.3333333333333333]"
11150,196.15760473021083,737161.6537048923,"[0.3333333333333333, 0.3333333333333333, 0.3333333333333333]"
11151,598.0059044411088,850066.3436424754,"[0.3333333333333333, 0.3333333333333333, 0.3333333333333333]"
11152,103.30070927170536,161759.71294374566,"[0.3333333333333333, 0.3333333333333333, 0.3333333333333333]"
11153,811.6004543848995,280634.15178930113,"[0.3333333333333333, 0.3333333333333333, 0.3333333333333333]"
11154,269.83841651454065,783530.0327039317,"[0.3333333333333333, 0.3333333333333333, 0.3333333333333333]"
11155,225.2883246328158,139850.55403550656,"[0.3333333333333333, 0.3333333333333333, 0.3333333333333333]"
11156,858.5949984761188,799483.8000902713,"[0.3333333333333333, 0.3333333333333333, 0.3333333333333333]"
11157,910.6673972875867,743264.6408720969,"[0.3333333333333333, 0.3333333333333333, 0.3333333333333333]"
11158,601.9397725359496,771251.5534956257,"[0.3333333333333333, 0.3333333333333333, 0.3333333333333333]"
11159,379.9229475112481,622199.9890599216,"[0.3333333333333333, 0.3333333333333333, 0.3333333333333333]"
11160,468.1395820419777,275703.8837718838,"[0.3333333333333333, 0.3333333333333333, 0.3333333333333333]"
11161,205.24598595844358,568895.0649962255,"[0.3333333333333333, 0.3333333333333333, 0.3333333333333333]"
11162,239.0033625154276,691828.3451199076,"[0.3333333333333333, 0.3333333333333333, 0.3333333333333333]"
11163,105.4901714773542,910318.7421879413,"[0.3333333333333333, 0.3333333333333333, 0.3333333333333333]"
11164,239.63970283653865,847082.2388289764,"[0.3333333333333333, 0.3333333333333333, 0.3333333333333333]"
11165,266.02637019802745,638326.2917339093,"[0.3333333333333333, 0.3333333333333333, 0.3333333333333333]"
11166,682.4310224817269,772793.4181095846,"[0.3333333333333333, 0.3333333333333333, 0.3333333333333333]"
11167,469.77854863921885,276711.8552576547,"[0.3333333333333333, 0.3333333333333333, 0.3333333333333333]"
11168,210.17743050526448,668173.5381747079,"[0.3333333333333333, 0.3333333333333333, 0.3333333333333333]"
11169,755.182071787666,181138.81463997427,"[0.3333333333333333, 0.3333333333333333, 0.3333333333333333]"
11170,39.00102147673616,873232.5114127825,"[0.3333333333333333, 0.3333333333333333, 0.3333333333333333]"
11171,158.08086424995068,457197.50883514417,"[0.3333333333333333, 0.3333333333333333, 0.3333333333333333]"
11172,401.6967792952054,292221.2638153422,"[0.3333333333333333, 0.3333333333333333, 0.3333333333333333]"
11173,656.9905366220157,319448.2772153993,"[0.3333333333333333, 0.3333333333333333, 0.3333333333333333]"
11174,321.46809004273473,991166.0508183154,"[0.3333333333333333, 0.3333333333333333, 0.3333333333333333]"
11175,943.8347397724867,757133.8123449987,"[0.3333333333333333, 0.3333333333333333, 0.3333333333333333]"
11176,591.8310526863726,482643.4313503675,"[0.3333333333333333, 0.3333333333333333, 0.3333333333333333]"
11177,693.969757291453,289939.33503588336,"[0.3333333333333333, 0.3333333333333333, 0.3333333333333333]"
11178,506.02236040257486,795804.6006072457,"[0.3333333333333333, 0.3333333333333333, 0.3333333333333333]"
11179,344.0770580593501,336180.1274639794,"[0.3333333333333333, 0.3333333333333333, 0.3333333333333333]"
11180,662.2234024258307,546293.509588171,"[0.3333333333333333, 0.3333333333333333, 0.3333333333333333]"
11181,690.6901922801145,961747.1834510298,"[0.3333333333333333, 0.3333333333333333, 0.3333333333333333]"
11182,917.0783428443515,145941.17658437282,"[0.3333333333333333, 0.3333333333333333, 0.3333333333333333]"
11183,101.27270900839679,116075.42268603596,"[0.3333333333333333, 0.3333333333333333, 0.3333333333333333]"
11184,454.49100608461976,383381.9455323734,"[0.3333333333333333, 0.3333333333333333, 0.3333333333333333]"
11185,341.35100177326564,180394.57871473092,"[0.3333333333333333, 0.3333333333333333, 0.3333333333333333]"
11186,241.61888781466848,964550.8816543655,"[0.3333333333333333, 0.3333333333333333, 0.3333333333333333]"
11187,277.89897682433775,886108.6858470892,"[0.3333333333333333, 0.3333333333333333, 0.3333333333333333]"
11188,470.61240363272316,370180.4324691865,"[0.3333333333333333, 0.3333333333333333, 0.3333333333333333]"
11189,311.8926739693317,810954.8752166842,"[0.3333333333333333, 0.3333333333333333, 0.3333333333333333]"
11190,581.0859660889106,864441.7117668695,"[0.3333333333333333, 0.3333333333333333, 0.3333333333333333]"
11191,779.8901327192234,506170.8391000257,"[0.3333333333333333, 0.3333333333333333, 0.3333333333333333]"
11192,377.4206671658981,121194.93578595779,"[0.3333333333333333, 0.3333333333333333, 0.3333333333333333]"
11193,615.4688410705726,145899.59256506443,"[0.3333333333333333, 0.3333333333333333, 0.3333333333333333]"
11194,959.9075626275727,210216.43534262775,"[0.3333333333333333, 0.3333333333333333, 0.3333333333333333]"
11195,45.98822558805624,527596.2871248887,"[0.3333333333333333, 0.3333333333333333, 0.3333333333333333]"
11196,931.5945412463053,794176.5397996544,"[0.3333333333333333, 0.3333333333333333, 0.3333333333333333]"
11197,236.2496107143484,489315.20523723675,"[0.3333333333333333, 0.3333333333333333, 0.3333333333333333]"
11198,569.4570038721739,579908.8616705232,"[0.3333333333333333, 0.3333333333333333, 0.3333333333333333]"
11199,585.390934144785,213583.87521917804,"[0.3333333333333333, 0.3333333333333333, 0.3333333333333333]"
11200,496.2993140433926,330585.0853717026,"[0.3333333333333333, 0.3333333333333333, 0.3333333333333333]"
11201,17.384638294665827,566198.776437233,"[0.3333333333333333, 0.3333333333333333, 0.3333333333333333]"
11202,215.55028831382668,340637.8690921224,"[0.3333333333333333, 0.3333333333333333, 0.3333333333333333]"
11203,912.4215928173239,299007.12380571215,"[0.3333333333333333, 0.3333333333333333, 0.3333333333333333]"
11204,963.5364540048768,647546.9121162755,"[0.3333333333333333, 0.3333333333333333, 0.3333333333333333]"
11205,147.6640764014657,573966.7616633726,"[0.3333333333333333, 0.3333333333333333, 0.3333333333333333]"
11206,894.3043519364433,505154.8248097077,"[0.3333333333333333, 0.3333333333333333, 0.3333333333333333]"
11207,244.3579085534598,103293.08618661814,"[0.3333333333333333, 0.3333333333333333, 0.3333333333333333]"
11208,224.33734281513514,507903.0343379412,"[0.3333333333333333, 0.3333333333333333, 0.3333333333333333]"
11209,917.4448955338124,440096.1332201699,"[0.3333333333333333, 0.3333333333333333, 0.3333333333333333]"
11210,219.29403881283827,548902.5975347077,"[0.3333333333333333, 0.3333333333333333, 0.3333333333333333]"
11211,485.33153569040854,366576.2814041418,"[0.3333333333333333, 0.3333333333333333, 0.3333333333333333]"
11212,386.2112369477145,241198.2874035582,"[0.3333333333333333, 0.3333333333333333, 0.3333333333333333]"
11213,159.3910339325893,494927.6886142124,"[0.3333333333333333, 0.3333333333333333, 0.3333333333333333]"
11214,80.76023911406779,933347.5557121957,"[0.3333333333333333, 0.3333333333333333, 0.3333333333333333]"
11215,867.5545170529894,358445.3780750657,"[0.3333333333333333, 0.3333333333333333, 0.3333333333333333]"
11216,561.508941739899,610752.8686080042,"[0.3333333333333333, 0.3333333333333333, 0.3333333333333333]"
11217,750.4326918564336,319929.3315296243,"[0.3333333333333333, 0.3333333333333333, 0.3333333333333333]"
11218,309.04429760998585,126832.4490667565,"[0.3333333333333333, 0.3333333333333333, 0.3333333333333333]"
11219,179.71986751193202,830898.1520866755,"[0.3333333333333333, 0.3333333333333333, 0.3333333333333333]"
11220,242.64394593801944,945668.1499219001,"[0.3333333333333333, 0.3333333333333333, 0.3333333333333333]"
11221,93.45674208716108,247933.64551599039,"[0.3333333333333333, 0.3333333333333333, 0.3333333333333333]"
11222,832.6224132942093,596456.5306146346,"[0.3333333333333333, 0.3333333333333333, 0.3333333333333333]"
11223,809.2714774768509,251448.66973361262,"[0.3333333333333333, 0.3333333333333333, 0.3333333333333333]"
11224,160.20227590203987,896040.929619951,"[0.3333333333333333, 0.3333333333333333, 0.3333333333333333]"
11225,79.07134865257694,350916.10447352525,"[0.3333333333333333, 0.3333333333333333, 0.3333333333333333]"
11226,935.8695297212879,481430.41510646883,"[0.3333333333333333, 0.3333333333333333, 0.3333333333333333]"
11227,954.4846894716037,790012.7807934992,"[0.3333333333333333, 0.3333333333333333, 0.3333333333333333]"
11228,53.2668662736815,610172.8468360674,"[0.3333333333333333, 0.3333333333333333, 0.3333333333333333]"
11229,73.79093668578284,587341.0188221852,"[0.3333333333333333, 0.3333333333333333, 0.3333333333333333]"
11230,436.7852579402668,291329.99699543935,"[0.3333333333333333, 0.3333333333333333, 0.3333333333333333]"
11231,607.2354473337745,695432.708613322,"[0.3333333333333333, 0.3333333333333333, 0.3333333333333333]"
11232,874.7681125886609,175118.03410162943,"[0.3333333333333333, 0.3333333333333333, 0.3333333333333333]"
11233,827.6727025953542,132668.64138110122,"[0.3333333333333333, 0.3333333333333333, 0.3333333333333333]"
11234,645.5118188831087,703363.2166667948,"[0.3333333333333333, 0.3333333333333333, 0.3333333333333333]"
11235,552.655225393342,568664.2189369933,"[0.3333333333333333, 0.3333333333333333, 0.3333333333333333]"
11236,483.46995272575487,294282.8722061204,"[0.3333333333333333, 0.3333333333333333, 0.3333333333333333]"
11237,623.2227689407467,292989.9219176963,"[0.3333333333333333, 0.3333333333333333, 0.3333333333333333]"
11238,723.6949111643784,929071.9520428235,"[0.3333333333333333, 0.3333333333333333, 0.3333333333333333]"
11239,104.59143853828468,403574.88708872604,"[0.3333333333333333, 0.3333333333333333, 0.3333333333333333]"
11240,775.9821741897717,298470.696140769,"[0.3333333333333333, 0.3333333333333333, 0.3333333333333333]"
11241,425.0880157930544,416896.7824403191,"[0.3333333333333333, 0.3333333333333333, 0.3333333333333333]"
11242,241.84341503727916,741218.1109774235,"[0.3333333333333333, 0.3333333333333333, 0.3333333333333333]"
11243,357.35733013444377,133510.8889127829,"[0.3333333333333333, 0.3333333333333333, 0.3333333333333333]"
11244,630.5559289298944,506409.3986550858,"[0.3333333333333333, 0.3333333333333333, 0.3333333333333333]"
11245,210.99081989790113,731020.925892752,"[0.3333333333333333, 0.3333333333333333, 0.3333333333333333]"
11246,633.2514959595179,459108.93208316754,"[0.3333333333333333, 0.3333333333333333, 0.3333333333333333]"
11247,230.8747769549046,251893.48537929542,"[0.3333333333333333, 0.3333333333333333, 0.3333333333333333]"
11248,277.01621518717843,826471.6083421012,"[0.3333333333333333, 0.3333333333333333, 0.3333333333333333]"
11249,246.82203799670128,477105.8605777931,"[0.3333333333333333, 0.3333333333333333, 0.3333333333333333]"
11250,367.4842326011763,215295.76566329808,"[0.3333333333333333, 0.3333333333333333, 0.3333333333333333]"
11251,525.7598206689047,451833.2357715976,"[0.3333333333333333, 0.3333333333333333, 0.3333333333333333]"
11252,836.2035743878896,310551.57229162415,"[0.3333333333333333, 0.3333333333333333, 0.3333333333333333]"
11253,283.2220090733658,299375.8372068553,"[0.3333333333333333, 0.3333333333333333, 0.3333333333333333]"
11254,20.12309331768448,276363.0145886715,"[0.3333333333333333, 0.3333333333333333, 0.3333333333333333]"
11255,377.19969187583865,338201.1903180361,"[0.3333333333333333, 0.3333333333333333, 0.3333333333333333]"
11256,644.0535104386735,702585.6107453877,"[0.3333333333333333, 0.3333333333333333, 0.3333333333333333]"
11257,563.6715483108649,490533.6225417022,"[0.3333333333333333, 0.3333333333333333, 0.3333333333333333]"
11258,302.2193458516155,794109.9744018494,"[0.3333333333333333, 0.3333333333333333, 0.3333333333333333]"
11259,668.8285812884692,411723.9920140966,"[0.3333333333333333, 0.3333333333333333, 0.3333333333333333]"
11260,790.8176742098354,796131.1120640193,"[0.3333333333333333, 0.3333333333333333, 0.3333333333333333]"
11261,779.6315603072245,781343.7228499118,"[0.3333333333333333, 0.3333333333333333, 0.3333333333333333]"
11262,668.0800918229388,414461.15932849917,"[0.3333333333333333, 0.3333333333333333, 0.3333333333333333]"
11263,512.1870897454219,785251.6602554171,"[0.3333333333333333, 0.3333333333333333, 0.3333333333333333]"
11264,939.1885532265017,951073.4067392319,"[0.3333333333333333, 0.3333333333333333, 0.3333333333333333]"
11265,422.3237765840675,703238.2799093762,"[0.3333333333333333, 0.3333333333333333, 0.3333333333333333]"
11266,38.609987120175184,323445.7943240359,"[0.3333333333333333, 0.3333333333333333, 0.3333333333333333]"
11267,734.150030189275,903797.1830375994,"[0.3333333333333333, 0.3333333333333333, 0.3333333333333333]"
11268,172.05365692534437,940428.4636253848,"[0.3333333333333333, 0.3333333333333333, 0.3333333333333333]"
11269,560.2513312427316,850730.6367038083,"[0.3333333333333333, 0.3333333333333333, 0.3333333333333333]"
11270,727.8281402083421,314991.37201458775,"[0.3333333333333333, 0.3333333333333333, 0.3333333333333333]"
11271,407.6445719296304,105470.72948913976,"[0.3333333333333333, 0.3333333333333333, 0.3333333333333333]"
11272,422.71437881882997,293778.76472031366,"[0.3333333333333333, 0.3333333333333333, 0.3333333333333333]"
11273,893.2708392706512,114870.20921312681,"[0.3333333333333333, 0.3333333333333333, 0.3333333333333333]"
11274,786.3974676922687,494023.07564387156,"[0.3333333333333333, 0.3333333333333333, 0.3333333333333333]"
11275,506.8191220602463,492543.0973012069,"[0.3333333333333333, 0.3333333333333333, 0.3333333333333333]"
11276,968.0678970352592,728524.4648600766,"[0.3333333333333333, 0.3333333333333333, 0.3333333333333333]"
11277,253.09941639354713,746254.5384417005,"[0.3333333333333333, 0.3333333333333333, 0.3333333333333333]"
11278,617.4707168143021,163959.62547875172,"[0.3333333333333333, 0.3333333333333333, 0.3333333333333333]"
11279,822.7692761089568,181154.01191066462,"[0.3333333333333333, 0.3333333333333333, 0.3333333333333333]"
11280,951.7192505714572,482602.5875772398,"[0.3333333333333333, 0.3333333333333333, 0.3333333333333333]"
11281,252.6157604382226,502990.3506429273,"[0.3333333333333333, 0.3333333333333333, 0.3333333333333333]"
11282,667.891000933354,689716.2615562467,"[0.3333333333333333, 0.3333333333333333, 0.3333333333333333]"
11283,601.1751846047027,133594.86945579253,"[0.3333333333333333, 0.3333333333333333, 0.3333333333333333]"
11284,421.4116975543285,206219.01444444654,"[0.3333333333333333, 0.3333333333333333, 0.3333333333333333]"
11285,141.05901143123472,821718.6491353672,"[0.3333333333333333, 0.3333333333333333, 0.3333333333333333]"
11286,962.0116074037758,348844.1171505061,"[0.3333333333333333, 0.3333333333333333, 0.3333333333333333]"
11287,855.1154515937243,803990.4564735126,"[0.3333333333333333, 0.3333333333333333, 0.3333333333333333]"
11288,593.023114648135,231590.97114068872,"[0.3333333333333333, 0.3333333333333333, 0.3333333333333333]"
11289,661.6074354551896,873044.5285190678,"[0.3333333333333333, 0.3333333333333333, 0.3333333333333333]"
11290,292.68389667596097,170704.73077712307,"[0.3333333333333333, 0.3333333333333333, 0.3333333333333333]"
11291,641.471339793579,527477.5008151084,"[0.3333333333333333, 0.3333333333333333, 0.3333333333333333]"
11292,375.3891081850661,982094.1326215641,"[0.3333333333333333, 0.3333333333333333, 0.3333333333333333]"
11293,526.1045901184804,910993.1837513665,"[0.3333333333333333, 0.3333333333333333, 0.3333333333333333]"
11294,906.8673897513853,822396.6763273447,"[0.3333333333333333, 0.3333333333333333, 0.3333333333333333]"
11295,394.05367207284297,642075.429266417,"[0.3333333333333333, 0.3333333333333333, 0.3333333333333333]"
11296,681.692157427888,901353.2066400042,"[0.3333333333333333, 0.3333333333333333, 0.3333333333333333]"
11297,168.03118868739813,355945.1203830312,"[0.3333333333333333, 0.3333333333333333, 0.3333333333333333]"
11298,674.1181209653989,565774.8905587312,"[0.3333333333333333, 0.3333333333333333, 0.3333333333333333]"
11299,859.9937211574876,452891.2668230099,"[0.3333333333333333, 0.3333333333333333, 0.3333333333333333]"
11300,498.1203301522937,845704.3731883393,"[0.3333333333333333, 0.3333333333333333, 0.3333333333333333]"
11301,356.4909451241936,310568.4937665742,"[0.3333333333333333, 0.3333333333333333, 0.3333333333333333]"
11302,588.9580066122776,232887.6349339393,"[0.3333333333333333, 0.3333333333333333, 0.3333333333333333]"
11303,631.6127855681708,982050.3500821994,"[0.3333333333333333, 0.3333333333333333, 0.3333333333333333]"
11304,248.96428863057906,444237.1224942492,"[0.3333333333333333, 0.3333333333333333, 0.3333333333333333]"
11305,61.033298495671765,371143.7179967204,"[0.3333333333333333, 0.3333333333333333, 0.3333333333333333]"
11306,877.2518932615116,261469.6600938834,"[0.3333333333333333, 0.3333333333333333, 0.3333333333333333]"
11307,86.88460596791992,866264.956506331,"[0.3333333333333333, 0.3333333333333333, 0.3333333333333333]"
11308,340.9143473971012,144459.6534926358,"[0.3333333333333333, 0.3333333333333333, 0.3333333333333333]"
11309,118.32828666133088,223476.7745997474,"[0.3333333333333333, 0.3333333333333333, 0.3333333333333333]"
11310,636.7151567277557,568468.9164555315,"[0.3333333333333333, 0.3333333333333333, 0.3333333333333333]"
11311,157.06835856733036,436470.9851493119,"[0.3333333333333333, 0.3333333333333333, 0.3333333333333333]"
11312,587.4161569215512,448505.5911092126,"[0.3333333333333333, 0.3333333333333333, 0.3333333333333333]"
11313,873.0659864708533,356972.2867569878,"[0.3333333333333333, 0.3333333333333333, 0.3333333333333333]"
11314,408.78878160882147,456524.7034172071,"[0.3333333333333333, 0.3333333333333333, 0.3333333333333333]"
11315,135.2658624638367,398028.51118714694,"[0.3333333333333333, 0.3333333333333333, 0.3333333333333333]"
11316,917.4216099110864,123172.22815593297,"[0.3333333333333333, 0.3333333333333333, 0.3333333333333333]"
11317,174.58259385538932,102215.59620301069,"[0.3333333333333333, 0.3333333333333333, 0.3333333333333333]"
11318,22.73677512458417,505895.6819783788,"[0.3333333333333333, 0.3333333333333333, 0.3333333333333333]"
11319,640.7200442133184,196373.45422648697,"[0.3333333333333333, 0.3333333333333333, 0.3333333333333333]"
11320,153.14331743924637,856691.2322110815,"[0.3333333333333333, 0.3333333333333333, 0.3333333333333333]"
11321,895.1338972950862,940977.1743389075,"[0.3333333333333333, 0.3333333333333333, 0.3333333333333333]"
11322,298.91408843198536,846008.2372969891,"[0.3333333333333333, 0.3333333333333333, 0.3333333333333333]"
11323,194.6113508308403,855154.2181110037,"[0.3333333333333333, 0.3333333333333333, 0.3333333333333333]"
11324,79.11878636359752,375293.22771108133,"[0.3333333333333333, 0.3333333333333333, 0.3333333333333333]"
11325,722.3986166866532,389392.80251875665,"[0.3333333333333333, 0.3333333333333333, 0.3333333333333333]"
11326,576.1148744129063,377454.99117015745,"[0.3333333333333333, 0.3333333333333333, 0.3333333333333333]"
11327,956.8832988081238,848941.507831547,"[0.3333333333333333, 0.3333333333333333, 0.3333333333333333]"
11328,941.8446667429164,992589.9784549655,"[0.3333333333333333, 0.3333333333333333, 0.3333333333333333]"
11329,103.86384729544413,250009.6663981276,"[0.3333333333333333, 0.3333333333333333, 0.3333333333333333]"
11330,790.7962324252013,528267.173473221,"[0.3333333333333333, 0.3333333333333333, 0.3333333333333333]"
11331,788.1142702240226,959356.4040091007,"[0.3333333333333333, 0.3333333333333333, 0.3333333333333333]"
11332,998.663657582029,588057.2185081142,"[0.3333333333333333, 0.3333333333333333, 0.3333333333333333]"
11333,753.7665197199829,294706.0264057657,"[0.3333333333333333, 0.3333333333333333, 0.3333333333333333]"
11334,288.4937509688152,410324.8489681441,"[0.3333333333333333, 0.3333333333333333, 0.3333333333333333]"
11335,422.18167714663394,113687.56428120131,"[0.3333333333333333, 0.3333333333333333, 0.3333333333333333]"
11336,795.2456158688577,391774.4041389448,"[0.3333333333333333, 0.3333333333333333, 0.3333333333333333]"
11337,553.3200562142852,959419.19742318,"[0.3333333333333333, 0.3333333333333333, 0.3333333333333333]"
11338,342.1467680613963,263453.6797534125,"[0.3333333333333333, 0.3333333333333333, 0.3333333333333333]"
11339,261.93527611784714,893826.365672301,"[0.3333333333333333, 0.3333333333333333, 0.3333333333333333]"
11340,566.4089857886404,428263.2320166701,"[0.3333333333333333, 0.3333333333333333, 0.3333333333333333]"
11341,449.9634594615414,354723.95292234863,"[0.3333333333333333, 0.3333333333333333, 0.3333333333333333]"
11342,410.30077893413056,597810.4667591923,"[0.3333333333333333, 0.3333333333333333, 0.3333333333333333]"
11343,516.1350908712825,665223.5296393917,"[0.3333333333333333, 0.3333333333333333, 0.3333333333333333]"
11344,901.1583423774456,536075.8092507867,"[0.3333333333333333, 0.3333333333333333, 0.3333333333333333]"
11345,817.385038790632,141057.66718421466,"[0.3333333333333333, 0.3333333333333333, 0.3333333333333333]"
11346,11.829183415947501,886290.3070462578,"[0.3333333333333333, 0.3333333333333333, 0.3333333333333333]"
11347,484.894334102206,541788.9442949144,"[0.3333333333333333, 0.3333333333333333, 0.3333333333333333]"
11348,536.7646482541368,580787.1004656404,"[0.3333333333333333, 0.3333333333333333, 0.3333333333333333]"
11349,654.4858957061559,166158.33977663,"[0.3333333333333333, 0.3333333333333333, 0.3333333333333333]"
11350,402.27602139957435,466253.5949073662,"[0.3333333333333333, 0.3333333333333333, 0.3333333333333333]"
11351,470.311873851928,681987.7334342441,"[0.3333333333333333, 0.3333333333333333, 0.3333333333333333]"
11352,168.47397982190378,298468.6055123841,"[0.3333333333333333, 0.3333333333333333, 0.3333333333333333]"
11353,570.8530241906453,925792.0486500396,"[0.3333333333333333, 0.3333333333333333, 0.3333333333333333]"
11354,597.5045429497131,223667.20684505312,"[0.3333333333333333, 0.3333333333333333, 0.3333333333333333]"
11355,396.6202065946961,309883.40904016246,"[0.3333333333333333, 0.3333333333333333, 0.3333333333333333]"
11356,925.9625256114404,396454.9156492567,"[0.3333333333333333, 0.3333333333333333, 0.3333333333333333]"
11357,143.00762909483575,101852.95609776641,"[0.3333333333333333, 0.3333333333333333, 0.3333333333333333]"
11358,278.9981135484205,329548.0986863555,"[0.3333333333333333, 0.3333333333333333, 0.3333333333333333]"
11359,65.11328153324891,977043.5418857961,"[0.3333333333333333, 0.3333333333333333, 0.3333333333333333]"
11360,149.04089006286796,546668.8785479488,"[0.3333333333333333, 0.3333333333333333, 0.3333333333333333]"
11361,639.3242246374256,511043.9239835097,"[0.3333333333333333, 0.3333333333333333, 0.3333333333333333]"
11362,498.1338057566336,399771.66211227,"[0.3333333333333333, 0.3333333333333333, 0.3333333333333333]"
11363,468.8844073519844,777179.1183585111,"[0.3333333333333333, 0.3333333333333333, 0.3333333333333333]"
11364,564.9360411492795,975942.6749993102,"[0.3333333333333333, 0.3333333333333333, 0.3333333333333333]"
11365,935.3265900575434,181831.59034840748,"[0.3333333333333333, 0.3333333333333333, 0.3333333333333333]"
11366,863.7144253951222,636193.2729128534,"[0.3333333333333333, 0.3333333333333333, 0.3333333333333333]"
11367,116.8591816204094,891262.266449641,"[0.3333333333333333, 0.3333333333333333, 0.3333333333333333]"
11368,962.7201434906643,403273.9438589585,"[0.3333333333333333, 0.3333333333333333, 0.3333333333333333]"
11369,188.96803606739476,404220.57500110794,"[0.3333333333333333, 0.3333333333333333, 0.3333333333333333]"
11370,844.8161993851389,203417.42383930838,"[0.3333333333333333, 0.3333333333333333, 0.3333333333333333]"
11371,697.5169520337539,582777.4750670348,"[0.3333333333333333, 0.3333333333333333, 0.3333333333333333]"
11372,512.7789243165071,851758.4621308853,"[0.3333333333333333, 0.3333333333333333, 0.3333333333333333]"
11373,194.6715815370125,510117.5830457306,"[0.3333333333333333, 0.3333333333333333, 0.3333333333333333]"
11374,369.7380848799584,492201.3741210279,"[0.3333333333333333, 0.3333333333333333, 0.3333333333333333]"
11375,497.5628435833869,697571.3995006972,"[0.3333333333333333, 0.3333333333333333, 0.3333333333333333]"
11376,928.182989771322,697092.4072414236,"[0.3333333333333333, 0.3333333333333333, 0.3333333333333333]"
11377,403.05392026597326,884296.534197449,"[0.3333333333333333, 0.3333333333333333, 0.3333333333333333]"
11378,152.87251551515675,365952.4264212521,"[0.3333333333333333, 0.3333333333333333, 0.3333333333333333]"
11379,160.05143982721665,105907.76442945766,"[0.3333333333333333, 0.3333333333333333, 0.3333333333333333]"
11380,473.96739764382914,669494.6976253996,"[0.3333333333333333, 0.3333333333333333, 0.3333333333333333]"
11381,235.7501364461482,923897.1931221817,"[0.3333333333333333, 0.3333333333333333, 0.3333333333333333]"
11382,682.3166761666014,851804.7893136989,"[0.3333333333333333, 0.3333333333333333, 0.3333333333333333]"
11383,21.614489757145645,279198.1058758442,"[0.3333333333333333, 0.3333333333333333, 0.3333333333333333]"
11384,756.8157668599735,771698.8368731915,"[0.3333333333333333, 0.3333333333333333, 0.3333333333333333]"
11385,117.95625991134577,309358.8180427676,"[0.3333333333333333, 0.3333333333333333, 0.3333333333333333]"
11386,332.76876991637454,185349.74308617436,"[0.3333333333333333, 0.3333333333333333, 0.3333333333333333]"
11387,33.82257021503951,145122.94595577626,"[0.3333333333333333, 0.3333333333333333, 0.3333333333333333]"
11388,160.3158829858922,644056.391763553,"[0.3333333333333333, 0.3333333333333333, 0.3333333333333333]"
11389,603.0319481875806,236471.5709196803,"[0.3333333333333333, 0.3333333333333333, 0.3333333333333333]"
11390,184.72846428222425,554182.8424965064,"[0.3333333333333333, 0.3333333333333333, 0.3333333333333333]"
11391,198.51395744455115,541349.7281404742,"[0.3333333333333333, 0.3333333333333333, 0.3333333333333333]"
11392,495.4644729228624,522912.3072803944,"[0.3333333333333333, 0.3333333333333333, 0.3333333333333333]"
11393,106.72052145562219,721298.5468110795,"[0.3333333333333333, 0.3333333333333333, 0.3333333333333333]"
11394,915.6034147197388,337962.2668697112,"[0.3333333333333333, 0.3333333333333333, 0.3333333333333333]"
11395,266.1723791517106,367474.3446579545,"[0.3333333333333333, 0.3333333333333333, 0.3333333333333333]"
11396,381.9808099513573,121619.67938526519,"[0.3333333333333333, 0.3333333333333333, 0.3333333333333333]"
11397,705.635424199262,508243.66975243913,"[0.3333333333333333, 0.3333333333333333, 0.3333333333333333]"
11398,82.23577021837575,540925.4117505327,"[0.3333333333333333, 0.3333333333333333, 0.3333333333333333]"
11399,393.2330029252807,606204.4057154964,"[0.3333333333333333, 0.3333333333333333, 0.3333333333333333]"
11400,956.7325268334032,821163.6885135609,"[0.3333333333333333, 0.3333333333333333, 0.3333333333333333]"
11401,620.1279770435934,669417.0087415628,"[0.3333333333333333, 0.3333333333333333, 0.3333333333333333]"
11402,618.4147392591934,900886.9851608673,"[0.3333333333333333, 0.3333333333333333, 0.3333333333333333]"
11403,60.14222109442386,500170.4231945566,"[0.3333333333333333, 0.3333333333333333, 0.3333333333333333]"
11404,768.7894623619445,190659.84877322213,"[0.3333333333333333, 0.3333333333333333, 0.3333333333333333]"
11405,364.1231830805199,109075.27307094836,"[0.3333333333333333, 0.3333333333333333, 0.3333333333333333]"
11406,957.4789951654268,473972.02657669655,"[0.3333333333333333, 0.3333333333333333, 0.3333333333333333]"
11407,519.5360099435645,332412.2333580187,"[0.3333333333333333, 0.3333333333333333, 0.3333333333333333]"
11408,734.7299129394021,718225.1735072721,"[0.3333333333333333, 0.3333333333333333, 0.3333333333333333]"
11409,261.6202968227069,973944.283623554,"[0.3333333333333333, 0.3333333333333333, 0.3333333333333333]"
11410,248.61473580109072,778877.7474059727,"[0.3333333333333333, 0.3333333333333333, 0.3333333333333333]"
11411,180.46968158195733,371352.85983767465,"[0.3333333333333333, 0.3333333333333333, 0.3333333333333333]"
11412,965.5873452620183,133955.89155098546,"[0.3333333333333333, 0.3333333333333333, 0.3333333333333333]"
11413,825.7989714138367,949324.8522729437,"[0.3333333333333333, 0.3333333333333333, 0.3333333333333333]"
11414,544.0374613345884,786293.9576454924,"[0.3333333333333333, 0.3333333333333333, 0.3333333333333333]"
11415,378.0199864181788,987314.0035083487,"[0.3333333333333333, 0.3333333333333333, 0.3333333333333333]"
11416,679.2834617984836,926696.8994719428,"[0.3333333333333333, 0.3333333333333333, 0.3333333333333333]"
11417,252.49709040182978,610974.0651653442,"[0.3333333333333333, 0.3333333333333333, 0.3333333333333333]"
11418,76.99551967137914,735459.8664316819,"[0.3333333333333333, 0.3333333333333333, 0.3333333333333333]"
11419,34.29412365907781,194085.8765575727,"[0.3333333333333333, 0.3333333333333333, 0.3333333333333333]"
11420,93.28720535134838,718157.646351604,"[0.3333333333333333, 0.3333333333333333, 0.3333333333333333]"
11421,463.40930180652816,463136.74539457954,"[0.3333333333333333, 0.3333333333333333, 0.3333333333333333]"
11422,533.9254223981403,922867.8150890071,"[0.3333333333333333, 0.3333333333333333, 0.3333333333333333]"
11423,876.8674538308572,836765.740621849,"[0.3333333333333333, 0.3333333333333333, 0.3333333333333333]"
11424,423.4813345824484,838970.8889518707,"[0.3333333333333333, 0.3333333333333333, 0.3333333333333333]"
11425,922.1452413509418,315239.1795300179,"[0.3333333333333333, 0.3333333333333333, 0.3333333333333333]"
11426,866.4507132985436,592728.6680107851,"[0.3333333333333333, 0.3333333333333333, 0.3333333333333333]"
11427,489.8077876521919,530415.3113892323,"[0.3333333333333333, 0.3333333333333333, 0.3333333333333333]"
11428,684.860434915166,422078.98727661633,"[0.3333333333333333, 0.3333333333333333, 0.3333333333333333]"
11429,201.14405928513298,498445.71911519126,"[0.3333333333333333, 0.3333333333333333, 0.3333333333333333]"
11430,893.0990021198062,923221.3248316173,"[0.3333333333333333, 0.3333333333333333, 0.3333333333333333]"
11431,329.06730841480027,106596.2574563252,"[0.3333333333333333, 0.3333333333333333, 0.3333333333333333]"
11432,379.13478146874587,604053.2862631166,"[0.3333333333333333, 0.3333333333333333, 0.3333333333333333]"
11433,671.5722931159783,959409.4043562454,"[0.3333333333333333, 0.3333333333333333, 0.3333333333333333]"
11434,976.0861909627348,141329.9877609486,"[0.3333333333333333, 0.3333333333333333, 0.3333333333333333]"
11435,104.63832209921834,748082.9379307036,"[0.3333333333333333, 0.3333333333333333, 0.3333333333333333]"
11436,179.79809922991578,998916.9396269944,"[0.3333333333333333, 0.3333333333333333, 0.3333333333333333]"
11437,237.5610306619723,501289.71689054015,"[0.3333333333333333, 0.3333333333333333, 0.3333333333333333]"
11438,160.0552246377938,805701.529638032,"[0.3333333333333333, 0.3333333333333333, 0.3333333333333333]"
11439,713.2686172778573,317991.0731404976,"[0.3333333333333333, 0.3333333333333333, 0.3333333333333333]"
11440,570.2450726074459,743112.139549571,"[0.3333333333333333, 0.3333333333333333, 0.3333333333333333]"
11441,669.267979205027,816613.6789162068,"[0.3333333333333333, 0.3333333333333333, 0.3333333333333333]"
11442,429.38228450532125,965884.6931172702,"[0.3333333333333333, 0.3333333333333333, 0.3333333333333333]"
11443,752.4539944070614,470533.23126023926,"[0.3333333333333333, 0.3333333333333333, 0.3333333333333333]"
11444,356.09601174724986,432623.8050303521,"[0.3333333333333333, 0.3333333333333333, 0.3333333333333333]"
11445,522.1915222401291,764018.8875302316,"[0.3333333333333333, 0.3333333333333333, 0.3333333333333333]"
11446,222.34003894216664,860625.2678561663,"[0.3333333333333333, 0.3333333333333333, 0.3333333333333333]"
11447,391.5944180625453,441367.78044407663,"[0.3333333333333333, 0.3333333333333333, 0.3333333333333333]"
11448,136.70178062500673,609277.2584363658,"[0.3333333333333333, 0.3333333333333333, 0.3333333333333333]"
11449,982.8372930170988,177977.0966267088,"[0.3333333333333333, 0.3333333333333333, 0.3333333333333333]"
11450,37.605701239681736,206873.49139080875,"[0.3333333333333333, 0.3333333333333333, 0.3333333333333333]"
11451,250.30690588319663,759370.1044206478,"[0.3333333333333333, 0.3333333333333333, 0.3333333333333333]"
11452,181.84646215970838,527584.282985371,"[0.3333333333333333, 0.3333333333333333, 0.3333333333333333]"
11453,160.18021947976231,704300.3445807319,"[0.3333333333333333, 0.3333333333333333, 0.3333333333333333]"
11454,837.6115027905473,294801.22681966884,"[0.3333333333333333, 0.3333333333333333, 0.3333333333333333]"
11455,222.03409382205484,948104.3171759616,"[0.3333333333333333, 0.3333333333333333, 0.3333333333333333]"
11456,697.8821704744557,641710.7635803459,"[0.3333333333333333, 0.3333333333333333, 0.3333333333333333]"
11457,126.32134689214408,955755.5313036757,"[0.3333333333333333, 0.3333333333333333, 0.3333333333333333]"
11458,963.7374813323414,972304.2657815724,"[0.3333333333333333, 0.3333333333333333, 0.3333333333333333]"
11459,595.052288673924,119205.66892957734,"[0.3333333333333333, 0.3333333333333333, 0.3333333333333333]"
11460,700.0731609714534,531863.8286897552,"[0.3333333333333333, 0.3333333333333333, 0.3333333333333333]"
11461,254.63296796225106,691509.8830626617,"[0.3333333333333333, 0.3333333333333333, 0.3333333333333333]"
11462,349.1164162923037,367028.6850023332,"[0.3333333333333333, 0.3333333333333333, 0.3333333333333333]"
11463,308.6028360125847,368162.5964371596,"[0.3333333333333333, 0.3333333333333333, 0.3333333333333333]"
11464,52.64075668337168,214165.10334614507,"[0.3333333333333333, 0.3333333333333333, 0.3333333333333333]"
11465,570.5402081062299,458980.7386318764,"[0.3333333333333333, 0.3333333333333333, 0.3333333333333333]"
11466,828.3801638687141,824386.4051096118,"[0.3333333333333333, 0.3333333333333333, 0.3333333333333333]"
11467,978.3282443445382,379774.71282150707,"[0.3333333333333333, 0.3333333333333333, 0.3333333333333333]"
11468,791.6318007454918,593638.729545203,"[0.3333333333333333, 0.3333333333333333, 0.3333333333333333]"
11469,190.21811121968273,905930.8298370583,"[0.3333333333333333, 0.3333333333333333, 0.3333333333333333]"
11470,382.1648706344331,119642.3904292616,"[0.3333333333333333, 0.3333333333333333, 0.3333333333333333]"
11471,940.6545855751782,460413.26937549864,"[0.3333333333333333, 0.3333333333333333, 0.3333333333333333]"
11472,772.9692689421677,666984.2894746412,"[0.3333333333333333, 0.3333333333333333, 0.3333333333333333]"
11473,930.313413698014,485359.7823806654,"[0.3333333333333333, 0.3333333333333333, 0.3333333333333333]"
11474,303.84068292500706,992908.7478793255,"[0.3333333333333333, 0.3333333333333333, 0.3333333333333333]"
11475,394.1376114056509,932190.4956233324,"[0.3333333333333333, 0.3333333333333333, 0.3333333333333333]"
11476,441.7625301134033,120583.82042805075,"[0.3333333333333333, 0.3333333333333333, 0.3333333333333333]"
11477,410.918901181962,739604.090887441,"[0.3333333333333333, 0.3333333333333333, 0.3333333333333333]"
11478,995.6621930602994,692118.5626238545,"[0.3333333333333333, 0.3333333333333333, 0.3333333333333333]"
11479,535.8668484338689,602212.6435713833,"[0.3333333333333333, 0.3333333333333333, 0.3333333333333333]"
11480,635.1847204651398,358900.93940806936,"[0.3333333333333333, 0.3333333333333333, 0.3333333333333333]"
11481,507.2025698332249,147847.03413511725,"[0.3333333333333333, 0.3333333333333333, 0.3333333333333333]"
11482,17.684961812953752,138074.16760607774,"[0.3333333333333333, 0.3333333333333333, 0.3333333333333333]"
11483,671.490925494445,438116.47965475055,"[0.3333333333333333, 0.3333333333333333, 0.3333333333333333]"
11484,652.269621306868,603579.7704014773,"[0.3333333333333333, 0.3333333333333333, 0.3333333333333333]"
11485,303.4994951949623,482707.82552362623,"[0.3333333333333333, 0.3333333333333333, 0.3333333333333333]"
11486,234.95379074928056,278040.3586941549,"[0.3333333333333333, 0.3333333333333333, 0.3333333333333333]"
11487,794.1867974231737,438926.35827209585,"[0.3333333333333333, 0.3333333333333333, 0.3333333333333333]"
11488,475.20524081231287,757828.0630762405,"[0.3333333333333333, 0.3333333333333333, 0.3333333333333333]"
11489,259.7397120919129,955951.8097641374,"[0.3333333333333333, 0.3333333333333333, 0.3333333333333333]"
11490,840.8645302117109,136240.28051009565,"[0.3333333333333333, 0.3333333333333333, 0.3333333333333333]"
11491,278.6719468640791,139867.69058990065,"[0.3333333333333333, 0.3333333333333333, 0.3333333333333333]"
11492,92.819698629558,867429.4111248051,"[0.3333333333333333, 0.3333333333333333, 0.3333333333333333]"
11493,33.2489807056646,575573.4593058056,"[0.3333333333333333, 0.3333333333333333, 0.3333333333333333]"
11494,218.12442365311665,430736.03903325426,"[0.3333333333333333, 0.3333333333333333, 0.3333333333333333]"
11495,796.2306526178043,299709.6984665332,"[0.3333333333333333, 0.3333333333333333, 0.3333333333333333]"
11496,414.1271874178309,842648.9952624239,"[0.3333333333333333, 0.3333333333333333, 0.3333333333333333]"
11497,45.74541239366592,224340.45932854313,"[0.3333333333333333, 0.3333333333333333, 0.3333333333333333]"
11498,143.98739437912525,457880.3805661298,"[0.3333333333333333, 0.3333333333333333, 0.3333333333333333]"
11499,676.3561928245514,567873.6048673105,"[0.3333333333333333, 0.3333333333333333, 0.3333333333333333]"
11500,953.9762797160221,123588.19352975808,"[0.3333333333333333, 0.3333333333333333, 0.3333333333333333]"
11501,584.9006908049585,784349.5238698503,"[0.3333333333333333, 0.3333333333333333, 0.3333333333333333]"
11502,368.5804590389194,226826.97756960668,"[0.3333333333333333, 0.3333333333333333, 0.3333333333333333]"
11503,490.028181267577,141177.81817923515,"[0.3333333333333333, 0.3333333333333333, 0.3333333333333333]"
11504,500.99842808609736,707904.9806251283,"[0.3333333333333333, 0.3333333333333333, 0.3333333333333333]"
11505,95.81968109484664,756382.9087916159,"[0.3333333333333333, 0.3333333333333333, 0.3333333333333333]"
11506,156.1198074066615,826631.6757072727,"[0.3333333333333333, 0.3333333333333333, 0.3333333333333333]"
11507,802.5107805942092,257387.85982366698,"[0.3333333333333333, 0.3333333333333333, 0.3333333333333333]"
11508,247.97239413050886,620355.6527528309,"[0.3333333333333333, 0.3333333333333333, 0.3333333333333333]"
11509,693.1188389818946,709381.2980779993,"[0.3333333333333333, 0.3333333333333333, 0.3333333333333333]"
11510,463.3154831212886,179356.67602428945,"[0.3333333333333333, 0.3333333333333333, 0.3333333333333333]"
11511,851.1716365508172,610195.1800793181,"[0.3333333333333333, 0.3333333333333333, 0.3333333333333333]"
11512,333.0490256693429,798929.555412852,"[0.3333333333333333, 0.3333333333333333, 0.3333333333333333]"
11513,851.9334101145423,377370.2026158394,"[0.3333333333333333, 0.3333333333333333, 0.3333333333333333]"
11514,621.7187408837102,379415.6035060547,"[0.3333333333333333, 0.3333333333333333, 0.3333333333333333]"
11515,756.9451401406867,131319.99179622208,"[0.3333333333333333, 0.3333333333333333, 0.3333333333333333]"
11516,814.0905800763471,167979.3646918829,"[0.3333333333333333, 0.3333333333333333, 0.3333333333333333]"
11517,304.8579024424213,139785.88562718444,"[0.3333333333333333, 0.3333333333333333, 0.3333333333333333]"
11518,212.83377478680498,510200.6823059177,"[0.3333333333333333, 0.3333333333333333, 0.3333333333333333]"
11519,91.21025989140333,825707.3172461089,"[0.3333333333333333, 0.3333333333333333, 0.3333333333333333]"
11520,16.9145821890531,919180.974432451,"[0.3333333333333333, 0.3333333333333333, 0.3333333333333333]"
11521,597.0370060454666,609903.0115153865,"[0.3333333333333333, 0.3333333333333333, 0.3333333333333333]"
11522,24.00479688918028,330683.7531345697,"[0.3333333333333333, 0.3333333333333333, 0.3333333333333333]"
11523,496.71896934184906,909059.8249394092,"[0.3333333333333333, 0.3333333333333333, 0.3333333333333333]"
11524,607.0489581730618,857688.8851992647,"[0.3333333333333333, 0.3333333333333333, 0.3333333333333333]"
11525,597.957735478653,407287.9695915236,"[0.3333333333333333, 0.3333333333333333, 0.3333333333333333]"
11526,410.7281676031988,603611.063919007,"[0.3333333333333333, 0.3333333333333333, 0.3333333333333333]"
11527,651.215652111146,648744.774441653,"[0.3333333333333333, 0.3333333333333333, 0.3333333333333333]"
11528,260.8854605375127,836265.9701149848,"[0.3333333333333333, 0.3333333333333333, 0.3333333333333333]"
11529,636.8427411206479,207429.7003138318,"[0.3333333333333333, 0.3333333333333333, 0.3333333333333333]"
11530,980.2618930403434,817688.2325238074,"[0.3333333333333333, 0.3333333333333333, 0.3333333333333333]"
11531,989.778796456118,688929.5660158499,"[0.3333333333333333, 0.3333333333333333, 0.3333333333333333]"
11532,195.51221491778,938527.6965841695,"[0.3333333333333333, 0.3333333333333333, 0.3333333333333333]"
11533,116.87576983504212,247348.1003270106,"[0.3333333333333333, 0.3333333333333333, 0.3333333333333333]"
11534,404.9864775042744,232767.42200156618,"[0.3333333333333333, 0.3333333333333333, 0.3333333333333333]"
11535,721.7686785078353,497117.7534600701,"[0.3333333333333333, 0.3333333333333333, 0.3333333333333333]"
11536,790.8734152571851,527116.3610250445,"[0.3333333333333333, 0.3333333333333333, 0.3333333333333333]"
11537,82.83823319844714,999460.0247586652,"[0.3333333333333333, 0.3333333333333333, 0.3333333333333333]"
11538,703.7365255068873,269837.5620315964,"[0.3333333333333333, 0.3333333333333333, 0.3333333333333333]"
11539,994.8898719473332,250858.68559864853,"[0.3333333333333333, 0.3333333333333333, 0.3333333333333333]"
11540,485.85647289248396,657392.6710615181,"[0.3333333333333333, 0.3333333333333333, 0.3333333333333333]"
11541,831.8057200616138,422262.069907939,"[0.3333333333333333, 0.3333333333333333, 0.3333333333333333]"
11542,740.4877539425604,701673.7095882515,"[0.3333333333333333, 0.3333333333333333, 0.3333333333333333]"
11543,276.0931407697965,879422.4490380583,"[0.3333333333333333, 0.3333333333333333, 0.3333333333333333]"
11544,193.14107678249883,256622.92193846955,"[0.3333333333333333, 0.3333333333333333, 0.3333333333333333]"
11545,208.1681898815629,863816.8826494316,"[0.3333333333333333, 0.3333333333333333, 0.3333333333333333]"
11546,869.6738794624293,115559.91169333384,"[0.3333333333333333, 0.3333333333333333, 0.3333333333333333]"
11547,198.192839292667,589869.654469324,"[0.3333333333333333, 0.3333333333333333, 0.3333333333333333]"
11548,455.3202075426788,738064.4818966762,"[0.3333333333333333, 0.3333333333333333, 0.3333333333333333]"
11549,716.0906400236212,299582.74589692755,"[0.3333333333333333, 0.3333333333333333, 0.3333333333333333]"
11550,761.7646930224373,293764.08365540195,"[0.3333333333333333, 0.3333333333333333, 0.3333333333333333]"
11551,916.3021845916077,538540.6387091167,"[0.3333333333333333, 0.3333333333333333, 0.3333333333333333]"
11552,424.30133277034867,477996.47446152236,"[0.3333333333333333, 0.3333333333333333, 0.3333333333333333]"
11553,707.7959535077714,407533.16263038816,"[0.3333333333333333, 0.3333333333333333, 0.3333333333333333]"
11554,322.16066084437625,125591.00903008637,"[0.3333333333333333, 0.3333333333333333, 0.3333333333333333]"
11555,127.81792141292583,582977.4346865648,"[0.3333333333333333, 0.3333333333333333, 0.3333333333333333]"
11556,571.2267738886701,751448.2822000254,"[0.3333333333333333, 0.3333333333333333, 0.3333333333333333]"
11557,725.9588925454321,290275.78906448267,"[0.3333333333333333, 0.3333333333333333, 0.3333333333333333]"
11558,344.6723416961494,354892.2204811068,"[0.3333333333333333, 0.3333333333333333, 0.3333333333333333]"
11559,834.7402823659603,548090.6285529828,"[0.3333333333333333, 0.3333333333333333, 0.3333333333333333]"
11560,318.302327034096,191962.9459850049,"[0.3333333333333333, 0.3333333333333333, 0.3333333333333333]"
11561,508.9430853901234,684220.6163241453,"[0.3333333333333333, 0.3333333333333333, 0.3333333333333333]"
11562,929.0079372844118,409185.3960294614,"[0.3333333333333333, 0.3333333333333333, 0.3333333333333333]"
11563,678.6156546101371,446609.462677584,"[0.3333333333333333, 0.3333333333333333, 0.3333333333333333]"
11564,967.1647244644558,598637.0721406231,"[0.3333333333333333, 0.3333333333333333, 0.3333333333333333]"
11565,836.6809183199554,125850.16610995578,"[0.3333333333333333, 0.3333333333333333, 0.3333333333333333]"
11566,766.0821927808878,446533.25625261734,"[0.3333333333333333, 0.3333333333333333, 0.3333333333333333]"
11567,532.73452520564,450450.29697743745,"[0.3333333333333333, 0.3333333333333333, 0.3333333333333333]"
11568,209.80832609300268,975310.7798061118,"[0.3333333333333333, 0.3333333333333333, 0.3333333333333333]"
11569,890.3111786419748,210517.72974668076,"[0.3333333333333333, 0.3333333333333333, 0.3333333333333333]"
11570,296.66087921424213,242830.80835017885,"[0.3333333333333333, 0.3333333333333333, 0.3333333333333333]"
11571,453.0005947029823,136295.86475227666,"[0.3333333333333333, 0.3333333333333333, 0.3333333333333333]"
11572,883.5612774491283,459149.5165609199,"[0.3333333333333333, 0.3333333333333333, 0.3333333333333333]"
11573,177.11978209639736,567606.1142658278,"[0.3333333333333333, 0.3333333333333333, 0.3333333333333333]"
11574,61.94289171442541,700790.727822318,"[0.3333333333333333, 0.3333333333333333, 0.3333333333333333]"
11575,398.9163711853724,131773.5649946373,"[0.3333333333333333, 0.3333333333333333, 0.3333333333333333]"
11576,827.1312687246573,935163.7055016342,"[0.3333333333333333, 0.3333333333333333, 0.3333333333333333]"
11577,455.58859909966725,761729.4555822911,"[0.3333333333333333, 0.3333333333333333, 0.3333333333333333]"
11578,316.23426228084026,529791.5015836853,"[0.3333333333333333, 0.3333333333333333, 0.3333333333333333]"
11579,425.533621157913,382208.9142594339,"[0.3333333333333333, 0.3333333333333333, 0.3333333333333333]"
11580,733.4715168279454,480500.21808418864,"[0.3333333333333333, 0.3333333333333333, 0.3333333333333333]"
11581,424.92948839255376,110079.1327693501,"[0.3333333333333333, 0.3333333333333333, 0.3333333333333333]"
11582,315.35238419723464,124610.87832393983,"[0.3333333333333333, 0.3333333333333333, 0.3333333333333333]"
11583,31.888804406718652,359881.2829021015,"[0.3333333333333333, 0.3333333333333333, 0.3333333333333333]"
11584,343.76512799453366,436473.70337031165,"[0.3333333333333333, 0.3333333333333333, 0.3333333333333333]"
11585,675.2918844004643,433994.3368748654,"[0.3333333333333333, 0.3333333333333333, 0.3333333333333333]"
11586,725.0058761029699,470937.8263185595,"[0.3333333333333333, 0.3333333333333333, 0.3333333333333333]"
11587,624.6366992133621,310450.11206326773,"[0.3333333333333333, 0.3333333333333333, 0.3333333333333333]"
11588,938.7902496273042,781394.7816517792,"[0.3333333333333333, 0.3333333333333333, 0.3333333333333333]"
11589,454.58966019462554,586539.7429979283,"[0.3333333333333333, 0.3333333333333333, 0.3333333333333333]"
11590,898.1623692583638,950169.171063968,"[0.3333333333333333, 0.3333333333333333, 0.3333333333333333]"
11591,861.1810095657278,353003.30805479945,"[0.3333333333333333, 0.3333333333333333, 0.3333333333333333]"
11592,516.7704518972188,672601.5133337203,"[0.3333333333333333, 0.3333333333333333, 0.3333333333333333]"
11593,338.54889683065187,209813.58363825333,"[0.3333333333333333, 0.3333333333333333, 0.3333333333333333]"
11594,503.9895155764679,941657.8667140867,"[0.3333333333333333, 0.3333333333333333, 0.3333333333333333]"
11595,182.20540426774127,686741.7259519033,"[0.3333333333333333, 0.3333333333333333, 0.3333333333333333]"
11596,972.1016139871693,927965.983433312,"[0.3333333333333333, 0.3333333333333333, 0.3333333333333333]"
11597,615.1753014692604,598961.7896080413,"[0.3333333333333333, 0.3333333333333333, 0.3333333333333333]"
11598,557.3556753696602,588403.5743927779,"[0.3333333333333333, 0.3333333333333333, 0.3333333333333333]"
11599,429.99579554916204,847784.6981069921,"[0.3333333333333333, 0.3333333333333333, 0.3333333333333333]"
11600,664.2729706168498,280832.0638607296,"[0.3333333333333333, 0.3333333333333333, 0.3333333333333333]"
11601,696.5140430103171,507624.0331603811,"[0.3333333333333333, 0.3333333333333333, 0.3333333333333333]"
11602,207.27039948212635,811095.1003797387,"[0.3333333333333333, 0.3333333333333333, 0.3333333333333333]"
11603,144.79899676281332,467292.89127609157,"[0.3333333333333333, 0.3333333333333333, 0.3333333333333333]"
11604,525.022955403717,952329.0150499248,"[0.3333333333333333, 0.3333333333333333, 0.3333333333333333]"
11605,251.38729408509482,995703.5737353906,"[0.3333333333333333, 0.3333333333333333, 0.3333333333333333]"
11606,867.8237761790194,803328.0586051679,"[0.3333333333333333, 0.3333333333333333, 0.3333333333333333]"
11607,135.31013274911075,134893.09113979738,"[0.3333333333333333, 0.3333333333333333, 0.3333333333333333]"
11608,603.1844923401883,678973.9903786563,"[0.3333333333333333, 0.3333333333333333, 0.3333333333333333]"
11609,427.6239269414775,939785.383395495,"[0.3333333333333333, 0.3333333333333333, 0.3333333333333333]"
11610,876.1861947327379,762306.4687322167,"[0.3333333333333333, 0.3333333333333333, 0.3333333333333333]"
11611,420.1177187081899,113313.2630270932,"[0.3333333333333333, 0.3333333333333333, 0.3333333333333333]"
11612,176.4512457802458,679644.1773437209,"[0.3333333333333333, 0.3333333333333333, 0.3333333333333333]"
11613,955.1287844896335,563908.5181126769,"[0.3333333333333333, 0.3333333333333333, 0.3333333333333333]"
11614,129.76278783243094,387194.41530244413,"[0.3333333333333333, 0.3333333333333333, 0.3333333333333333]"
11615,111.6212126815117,592157.4795880583,"[0.3333333333333333, 0.3333333333333333, 0.3333333333333333]"
11616,754.7464715982552,230097.0103408959,"[0.3333333333333333, 0.3333333333333333, 0.3333333333333333]"
11617,563.2159554968325,615421.7113454456,"[0.3333333333333333, 0.3333333333333333, 0.3333333333333333]"
11618,600.5113208840185,112532.44234998152,"[0.3333333333333333, 0.3333333333333333, 0.3333333333333333]"
11619,440.43794778353714,982903.6425664831,"[0.3333333333333333, 0.3333333333333333, 0.3333333333333333]"
11620,588.2397873718146,142738.67384810981,"[0.3333333333333333, 0.3333333333333333, 0.3333333333333333]"
11621,16.92232969415366,749396.7259571584,"[0.3333333333333333, 0.3333333333333333, 0.3333333333333333]"
11622,626.1899337906189,818303.995413658,"[0.3333333333333333, 0.3333333333333333, 0.3333333333333333]"
11623,427.7425665835159,704950.0727265507,"[0.3333333333333333, 0.3333333333333333, 0.3333333333333333]"
11624,375.2410833369149,470519.12603097234,"[0.3333333333333333, 0.3333333333333333, 0.3333333333333333]"
11625,974.5109435605245,322912.4948098804,"[0.3333333333333333, 0.3333333333333333, 0.3333333333333333]"
11626,428.6242569089142,111355.85888924038,"[0.3333333333333333, 0.3333333333333333, 0.3333333333333333]"
11627,216.7693463781858,589662.3251484254,"[0.3333333333333333, 0.3333333333333333, 0.3333333333333333]"
11628,77.17830551905932,581061.269001114,"[0.3333333333333333, 0.3333333333333333, 0.3333333333333333]"
11629,745.3296902252721,214490.66600017875,"[0.3333333333333333, 0.3333333333333333, 0.3333333333333333]"
11630,487.1161682556543,573706.5663122975,"[0.3333333333333333, 0.3333333333333333, 0.3333333333333333]"
11631,146.05804648448114,413057.3208712719,"[0.3333333333333333, 0.3333333333333333, 0.3333333333333333]"
11632,642.8467747881213,631155.5810116685,"[0.3333333333333333, 0.3333333333333333, 0.3333333333333333]"
11633,332.8400036786731,214157.97457807232,"[0.3333333333333333, 0.3333333333333333, 0.3333333333333333]"
11634,474.7257011571616,590942.4034516648,"[0.3333333333333333, 0.3333333333333333, 0.3333333333333333]"
11635,601.2516553013909,282102.1701595294,"[0.3333333333333333, 0.3333333333333333, 0.3333333333333333]"
11636,598.3155958945839,919980.4696530437,"[0.3333333333333333, 0.3333333333333333, 0.3333333333333333]"
11637,730.5236942333227,525775.0977726073,"[0.3333333333333333, 0.3333333333333333, 0.3333333333333333]"
11638,397.1160902120969,572220.9216122536,"[0.3333333333333333, 0.3333333333333333, 0.3333333333333333]"
11639,456.5722165331237,213920.72835421914,"[0.3333333333333333, 0.3333333333333333, 0.3333333333333333]"
11640,856.8882277868817,816352.4601743277,"[0.3333333333333333, 0.3333333333333333, 0.3333333333333333]"
11641,712.6813126861142,463087.42770931043,"[0.3333333333333333, 0.3333333333333333, 0.3333333333333333]"
11642,251.43515994363784,911078.3891596713,"[0.3333333333333333, 0.3333333333333333, 0.3333333333333333]"
11643,628.848337105786,798547.0723739243,"[0.3333333333333333, 0.3333333333333333, 0.3333333333333333]"
11644,998.484106678659,255059.64022902792,"[0.3333333333333333, 0.3333333333333333, 0.3333333333333333]"
11645,821.8091896684298,875893.4027189016,"[0.3333333333333333, 0.3333333333333333, 0.3333333333333333]"
11646,271.2216347471491,666209.2106318256,"[0.3333333333333333, 0.3333333333333333, 0.3333333333333333]"
11647,23.812482672938525,774185.619455988,"[0.3333333333333333, 0.3333333333333333, 0.3333333333333333]"
11648,797.7203709781384,389891.0867127702,"[0.3333333333333333, 0.3333333333333333, 0.3333333333333333]"
11649,380.1505434107169,305065.83955811965,"[0.3333333333333333, 0.3333333333333333, 0.3333333333333333]"
11650,561.1709727473489,768207.014720952,"[0.3333333333333333, 0.3333333333333333, 0.3333333333333333]"
11651,447.9286432052853,456261.1201825787,"[0.3333333333333333, 0.3333333333333333, 0.3333333333333333]"
11652,587.7141587728343,453327.490511273,"[0.3333333333333333, 0.3333333333333333, 0.3333333333333333]"
11653,842.5215952637202,673553.6783389911,"[0.3333333333333333, 0.3333333333333333, 0.3333333333333333]"
11654,255.5285625464077,691581.64753054,"[0.3333333333333333, 0.3333333333333333, 0.3333333333333333]"
11655,927.2867643413856,330131.22605295153,"[0.3333333333333333, 0.3333333333333333, 0.3333333333333333]"
11656,468.2368791202913,839743.0309727526,"[0.3333333333333333, 0.3333333333333333, 0.3333333333333333]"
11657,929.7200830775602,828491.7333699304,"[0.3333333333333333, 0.3333333333333333, 0.3333333333333333]"
11658,284.25469263390227,752036.5013058727,"[0.3333333333333333, 0.3333333333333333, 0.3333333333333333]"
11659,866.477997045839,610990.4888949257,"[0.3333333333333333, 0.3333333333333333, 0.3333333333333333]"
11660,74.4383299557104,992841.4839767483,"[0.3333333333333333, 0.3333333333333333, 0.3333333333333333]"
11661,682.6937664403902,833156.9328031107,"[0.3333333333333333, 0.3333333333333333, 0.3333333333333333]"
11662,199.24227597648547,720171.4583756832,"[0.3333333333333333, 0.3333333333333333, 0.3333333333333333]"
11663,477.1645888316817,208323.56170674812,"[0.3333333333333333, 0.3333333333333333, 0.3333333333333333]"
11664,728.701941260452,444938.0655563666,"[0.3333333333333333, 0.3333333333333333, 0.3333333333333333]"
11665,333.81853040380764,806182.8337672069,"[0.3333333333333333, 0.3333333333333333, 0.3333333333333333]"
11666,802.4836514195267,386156.33529335837,"[0.3333333333333333, 0.3333333333333333, 0.3333333333333333]"
11667,768.7628658720876,866192.8662869032,"[0.3333333333333333, 0.3333333333333333, 0.3333333333333333]"
11668,600.8422715649073,754074.7449549371,"[0.3333333333333333, 0.3333333333333333, 0.3333333333333333]"
11669,647.1177691436121,973045.6488542049,"[0.3333333333333333, 0.3333333333333333, 0.3333333333333333]"
11670,385.31801480891295,845156.6592436493,"[0.3333333333333333, 0.3333333333333333, 0.3333333333333333]"
11671,116.2720187220313,301729.58460833697,"[0.3333333333333333, 0.3333333333333333, 0.3333333333333333]"
11672,342.2652726622426,745832.656296498,"[0.3333333333333333, 0.3333333333333333, 0.3333333333333333]"
11673,216.26130325749293,157575.46754307853,"[0.3333333333333333, 0.3333333333333333, 0.3333333333333333]"
11674,843.5886201307965,931003.6521822193,"[0.3333333333333333, 0.3333333333333333, 0.3333333333333333]"
11675,767.5588271118544,410317.46066099283,"[0.3333333333333333, 0.3333333333333333, 0.3333333333333333]"
11676,285.04315884629693,282758.00213715853,"[0.3333333333333333, 0.3333333333333333, 0.3333333333333333]"
11677,806.1065464136656,321258.7190185085,"[0.3333333333333333, 0.3333333333333333, 0.3333333333333333]"
11678,141.35041021877777,807372.4104861656,"[0.3333333333333333, 0.3333333333333333, 0.3333333333333333]"
11679,505.4227113735675,955914.3393121646,"[0.3333333333333333, 0.3333333333333333, 0.3333333333333333]"
11680,768.4590552800634,861811.2043377088,"[0.3333333333333333, 0.3333333333333333, 0.3333333333333333]"
11681,536.7864458097715,758815.8691820217,"[0.3333333333333333, 0.3333333333333333, 0.3333333333333333]"
11682,556.9407690472993,437685.2451347582,"[0.3333333333333333, 0.3333333333333333, 0.3333333333333333]"
11683,655.0929749467365,155694.06733620397,"[0.3333333333333333, 0.3333333333333333, 0.3333333333333333]"
11684,676.0716366476431,541831.9513116872,"[0.3333333333333333, 0.3333333333333333, 0.3333333333333333]"
11685,925.8788693008055,504460.51231835835,"[0.3333333333333333, 0.3333333333333333, 0.3333333333333333]"
11686,783.4121574445297,604766.6239154963,"[0.3333333333333333, 0.3333333333333333, 0.3333333333333333]"
11687,472.4620805052075,214461.7054684565,"[0.3333333333333333, 0.3333333333333333, 0.3333333333333333]"
11688,668.3687345188315,166559.72915178633,"[0.3333333333333333, 0.3333333333333333, 0.3333333333333333]"
11689,996.3577047659489,848986.9957054651,"[0.3333333333333333, 0.3333333333333333, 0.3333333333333333]"
11690,242.5131633379255,883101.3512950095,"[0.3333333333333333, 0.3333333333333333, 0.3333333333333333]"
11691,885.1708116298333,770067.9201314196,"[0.3333333333333333, 0.3333333333333333, 0.3333333333333333]"
11692,333.16456464186393,751507.0221743041,"[0.3333333333333333, 0.3333333333333333, 0.3333333333333333]"
11693,703.2372699715864,865347.1080593124,"[0.3333333333333333, 0.3333333333333333, 0.3333333333333333]"
11694,528.2213373223665,247177.43317361464,"[0.3333333333333333, 0.3333333333333333, 0.3333333333333333]"
11695,576.7026217737281,283604.5326965161,"[0.3333333333333333, 0.3333333333333333, 0.3333333333333333]"
11696,794.2484175045953,875501.0182046879,"[0.3333333333333333, 0.3333333333333333, 0.3333333333333333]"
11697,70.77493575313699,654024.8054789804,"[0.3333333333333333, 0.3333333333333333, 0.3333333333333333]"
11698,592.3637228788317,884970.8338447503,"[0.3333333333333333, 0.3333333333333333, 0.3333333333333333]"
11699,352.30792466899004,768858.2511819623,"[0.3333333333333333, 0.3333333333333333, 0.3333333333333333]"
11700,835.4111217538572,154802.1926690585,"[0.3333333333333333, 0.3333333333333333, 0.3333333333333333]"
11701,55.90187089515078,401257.2568719503,"[0.3333333333333333, 0.3333333333333333, 0.3333333333333333]"
11702,206.92702761904832,279903.82940207404,"[0.3333333333333333, 0.3333333333333333, 0.3333333333333333]"
11703,735.9540116881735,325085.21586913895,"[0.3333333333333333, 0.3333333333333333, 0.3333333333333333]"
11704,909.1725600720904,936943.0596889805,"[0.3333333333333333, 0.3333333333333333, 0.3333333333333333]"
11705,104.04543726603265,561654.4411357425,"[0.3333333333333333, 0.3333333333333333, 0.3333333333333333]"
11706,27.616855370605816,498327.6094322413,"[0.3333333333333333, 0.3333333333333333, 0.3333333333333333]"
11707,407.7307936026599,233105.71298374532,"[0.3333333333333333, 0.3333333333333333, 0.3333333333333333]"
11708,507.08997551790037,750358.5780649021,"[0.3333333333333333, 0.3333333333333333, 0.3333333333333333]"
11709,824.5490745698911,445536.9675126592,"[0.3333333333333333, 0.3333333333333333, 0.3333333333333333]"
11710,152.18146843360097,459587.23247859837,"[0.3333333333333333, 0.3333333333333333, 0.3333333333333333]"
11711,811.6943960664092,280849.7578789557,"[0.3333333333333333, 0.3333333333333333, 0.3333333333333333]"
11712,807.9862252148356,372021.45050583134,"[0.3333333333333333, 0.3333333333333333, 0.3333333333333333]"
11713,186.27027583141077,237429.26324395288,"[0.3333333333333333, 0.3333333333333333, 0.3333333333333333]"
11714,284.34347809612046,952938.9213503642,"[0.3333333333333333, 0.3333333333333333, 0.3333333333333333]"
11715,447.8631179938542,764782.3366744639,"[0.3333333333333333, 0.3333333333333333, 0.3333333333333333]"
11716,261.08175147163104,257346.13091222188,"[0.3333333333333333, 0.3333333333333333, 0.3333333333333333]"
11717,370.7808246722859,392919.3914699054,"[0.3333333333333333, 0.3333333333333333, 0.3333333333333333]"
11718,433.76253698035197,847965.2413252746,"[0.3333333333333333, 0.3333333333333333, 0.3333333333333333]"
11719,384.831186216598,242819.94904568553,"[0.3333333333333333, 0.3333333333333333, 0.3333333333333333]"
11720,998.5107790075832,402863.6534593757,"[0.3333333333333333, 0.3333333333333333, 0.3333333333333333]"
11721,879.2371454060441,981705.8429641766,"[0.3333333333333333, 0.3333333333333333, 0.3333333333333333]"
11722,329.6633006675636,513823.72641314793,"[0.3333333333333333, 0.3333333333333333, 0.3333333333333333]"
11723,442.38870097146946,483441.4254973055,"[0.3333333333333333, 0.3333333333333333, 0.3333333333333333]"
11724,963.8486693269123,247126.78672430932,"[0.3333333333333333, 0.3333333333333333, 0.3333333333333333]"
11725,511.5269293277322,805821.4871441879,"[0.3333333333333333, 0.3333333333333333, 0.3333333333333333]"
11726,983.9752286082903,743881.7820841157,"[0.3333333333333333, 0.3333333333333333, 0.3333333333333333]"
11727,368.48161756204945,103659.55707211103,"[0.3333333333333333, 0.3333333333333333, 0.3333333333333333]"
11728,832.3859457050922,653116.9354962705,"[0.3333333333333333, 0.3333333333333333, 0.3333333333333333]"
11729,527.2638980348806,649456.7987114334,"[0.3333333333333333, 0.3333333333333333, 0.3333333333333333]"
11730,664.4332074446021,654460.246909311,"[0.3333333333333333, 0.3333333333333333, 0.3333333333333333]"
11731,436.96530489206646,964180.474569263,"[0.3333333333333333, 0.3333333333333333, 0.3333333333333333]"
11732,512.0412015147924,457969.5981855831,"[0.3333333333333333, 0.3333333333333333, 0.3333333333333333]"
11733,382.53674423410894,347302.4536457786,"[0.3333333333333333, 0.3333333333333333, 0.3333333333333333]"
11734,166.75149358277324,186651.5182529451,"[0.3333333333333333, 0.3333333333333333, 0.3333333333333333]"
11735,93.90740627372956,911443.6737499024,"[0.3333333333333333, 0.3333333333333333, 0.3333333333333333]"
11736,806.9583939193561,634012.2255883018,"[0.3333333333333333, 0.3333333333333333, 0.3333333333333333]"
11737,787.2324891303798,759477.3994183021,"[0.3333333333333333, 0.3333333333333333, 0.3333333333333333]"
11738,35.88466568157985,566507.6152623354,"[0.3333333333333333, 0.3333333333333333, 0.3333333333333333]"
11739,688.984448154044,796735.8657829327,"[0.3333333333333333, 0.3333333333333333, 0.3333333333333333]"
11740,389.269750575656,294400.8573115042,"[0.3333333333333333, 0.3333333333333333, 0.3333333333333333]"
11741,61.7648168257025,695342.7741152017,"[0.3333333333333333, 0.3333333333333333, 0.3333333333333333]"
11742,441.3354211084734,575446.9354214646,"[0.3333333333333333, 0.3333333333333333, 0.3333333333333333]"
11743,633.5290745175394,302841.1734733513,"[0.3333333333333333, 0.3333333333333333, 0.3333333333333333]"
11744,271.8701222795522,949888.3976984618,"[0.3333333333333333, 0.3333333333333333, 0.3333333333333333]"
11745,331.4831656410987,114219.61926385062,"[0.3333333333333333, 0.3333333333333333, 0.3333333333333333]"
11746,231.00611493098984,690446.5053270655,"[0.3333333333333333, 0.3333333333333333, 0.3333333333333333]"
11747,224.46786464858565,582748.1248736033,"[0.3333333333333333, 0.3333333333333333, 0.3333333333333333]"
11748,400.79461868945936,459213.96397801366,"[0.3333333333333333, 0.3333333333333333, 0.3333333333333333]"
11749,153.00428293742334,364263.97666769783,"[0.3333333333333333, 0.3333333333333333, 0.3333333333333333]"
11750,254.43503511623183,606383.0724100053,"[0.3333333333333333, 0.3333333333333333, 0.3333333333333333]"
11751,834.5256145563484,867560.8854407913,"[0.3333333333333333, 0.3333333333333333, 0.3333333333333333]"
11752,84.70856977816307,112827.61740355848,"[0.3333333333333333, 0.3333333333333333, 0.3333333333333333]"
11753,281.15850501313105,108237.11137870167,"[0.3333333333333333, 0.3333333333333333, 0.3333333333333333]"
11754,377.9004744910497,262680.46743586543,"[0.3333333333333333, 0.3333333333333333, 0.3333333333333333]"
11755,492.26117145955646,327551.7047476014,"[0.3333333333333333, 0.3333333333333333, 0.3333333333333333]"
11756,806.4509843567643,393566.45685077924,"[0.3333333333333333, 0.3333333333333333, 0.3333333333333333]"
11757,44.87823337203656,455505.3471272462,"[0.3333333333333333, 0.3333333333333333, 0.3333333333333333]"
11758,448.9956108588834,612099.9291292487,"[0.3333333333333333, 0.3333333333333333, 0.3333333333333333]"
11759,643.5984151355019,173803.07383522752,"[0.3333333333333333, 0.3333333333333333, 0.3333333333333333]"
11760,806.9634126714369,222051.7744829612,"[0.3333333333333333, 0.3333333333333333, 0.3333333333333333]"
11761,310.34547469868477,864125.7520026206,"[0.3333333333333333, 0.3333333333333333, 0.3333333333333333]"
11762,506.08596247184954,922530.1052876541,"[0.3333333333333333, 0.3333333333333333, 0.3333333333333333]"
11763,314.99367687276987,645823.2921460912,"[0.3333333333333333, 0.3333333333333333, 0.3333333333333333]"
11764,51.36217410871075,883402.3862317657,"[0.3333333333333333, 0.3333333333333333, 0.3333333333333333]"
11765,306.1491427230658,267694.4410201545,"[0.3333333333333333, 0.3333333333333333, 0.3333333333333333]"
11766,363.2160476273105,672752.3671772768,"[0.3333333333333333, 0.3333333333333333, 0.3333333333333333]"
11767,562.449860030474,516754.14506423054,"[0.3333333333333333, 0.3333333333333333, 0.3333333333333333]"
11768,298.6354429913796,996784.0335132267,"[0.3333333333333333, 0.3333333333333333, 0.3333333333333333]"
11769,372.2468687090198,609220.2398232074,"[0.3333333333333333, 0.3333333333333333, 0.3333333333333333]"
11770,930.4374697299943,809991.1495874415,"[0.3333333333333333, 0.3333333333333333, 0.3333333333333333]"
11771,577.4493187254958,967638.378743323,"[0.3333333333333333, 0.3333333333333333, 0.3333333333333333]"
11772,350.09215562272595,344228.4669494799,"[0.3333333333333333, 0.3333333333333333, 0.3333333333333333]"
11773,659.7380540072523,938110.3474258974,"[0.3333333333333333, 0.3333333333333333, 0.3333333333333333]"
11774,500.6581815010221,596450.9411043349,"[0.3333333333333333, 0.3333333333333333, 0.3333333333333333]"
11775,652.0321059452917,746433.4027662,"[0.3333333333333333, 0.3333333333333333, 0.3333333333333333]"
11776,435.81188707378425,175625.4641351638,"[0.3333333333333333, 0.3333333333333333, 0.3333333333333333]"
11777,465.9191733348454,770450.165253521,"[0.3333333333333333, 0.3333333333333333, 0.3333333333333333]"
11778,596.3164154341399,951497.121286509,"[0.3333333333333333, 0.3333333333333333, 0.3333333333333333]"
11779,510.5811464385097,402612.4658820401,"[0.3333333333333333, 0.3333333333333333, 0.3333333333333333]"
11780,52.76684229687416,844095.342754441,"[0.3333333333333333, 0.3333333333333333, 0.3333333333333333]"
11781,950.7019528534267,740967.0572984844,"[0.3333333333333333, 0.3333333333333333, 0.3333333333333333]"
11782,697.1206920762379,706373.5138239085,"[0.3333333333333333, 0.3333333333333333, 0.3333333333333333]"
11783,450.41352435119785,108356.04605061791,"[0.3333333333333333, 0.3333333333333333, 0.3333333333333333]"
11784,514.7033046488664,594888.4021436081,"[0.3333333333333333, 0.3333333333333333, 0.3333333333333333]"
11785,970.6132550968734,150191.28400202037,"[0.3333333333333333, 0.3333333333333333, 0.3333333333333333]"
11786,426.500727911432,385669.973882367,"[0.3333333333333333, 0.3333333333333333, 0.3333333333333333]"
11787,84.04485786831235,743587.3441947539,"[0.3333333333333333, 0.3333333333333333, 0.3333333333333333]"
11788,345.56831283572507,171104.1950114473,"[0.3333333333333333, 0.3333333333333333, 0.3333333333333333]"
11789,201.75254420464955,191324.51967083733,"[0.3333333333333333, 0.3333333333333333, 0.3333333333333333]"
11790,421.8503579884831,300610.82331723307,"[0.3333333333333333, 0.3333333333333333, 0.3333333333333333]"
11791,901.5605238455348,252220.98578592602,"[0.3333333333333333, 0.3333333333333333, 0.3333333333333333]"
11792,125.07745260531217,112553.5121550106,"[0.3333333333333333, 0.3333333333333333, 0.3333333333333333]"
11793,256.73685366464645,630114.704654125,"[0.3333333333333333, 0.3333333333333333, 0.3333333333333333]"
11794,882.7464492257714,710948.3948843338,"[0.3333333333333333, 0.3333333333333333, 0.3333333333333333]"
11795,221.96755883422873,186867.370835437,"[0.3333333333333333, 0.3333333333333333, 0.3333333333333333]"
11796,958.9183383563333,176577.07063019148,"[0.3333333333333333, 0.3333333333333333, 0.3333333333333333]"
11797,519.2072051282885,203869.08541215048,"[0.3333333333333333, 0.3333333333333333, 0.3333333333333333]"
11798,75.23743325177558,727300.5534055998,"[0.3333333333333333, 0.3333333333333333, 0.3333333333333333]"
11799,948.5734629394489,316701.4081264442,"[0.3333333333333333, 0.3333333333333333, 0.3333333333333333]"
11800,720.78120708457,807765.5332988275,"[0.3333333333333333, 0.3333333333333333, 0.3333333333333333]"
11801,651.3143170067985,353599.23085653747,"[0.3333333333333333, 0.3333333333333333, 0.3333333333333333]"
11802,773.2704094830997,375205.19076937815,"[0.3333333333333333, 0.3333333333333333, 0.3333333333333333]"
11803,935.8820531812479,317618.36445256043,"[0.3333333333333333, 0.3333333333333333, 0.3333333333333333]"
11804,188.5964710997604,829716.9597220925,"[0.3333333333333333, 0.3333333333333333, 0.3333333333333333]"
11805,41.07659896454276,287874.5207884415,"[0.3333333333333333, 0.3333333333333333, 0.3333333333333333]"
11806,867.7230158410238,741520.8129679636,"[0.3333333333333333, 0.3333333333333333, 0.3333333333333333]"
11807,405.8721605664216,591629.5626377545,"[0.3333333333333333, 0.3333333333333333, 0.3333333333333333]"
11808,959.8665147922958,812383.6082636205,"[0.3333333333333333, 0.3333333333333333, 0.3333333333333333]"
11809,960.7457678023873,597480.448409277,"[0.3333333333333333, 0.3333333333333333, 0.3333333333333333]"
11810,827.9806496841885,489445.58372833225,"[0.3333333333333333, 0.3333333333333333, 0.3333333333333333]"
11811,637.4258421482059,637104.4725146844,"[0.3333333333333333, 0.3333333333333333, 0.3333333333333333]"
11812,879.1975641796118,122262.82183627419,"[0.3333333333333333, 0.3333333333333333, 0.3333333333333333]"
11813,386.00282460896693,935104.5205281355,"[0.3333333333333333, 0.3333333333333333, 0.3333333333333333]"
11814,898.7112755212617,271770.6468177928,"[0.3333333333333333, 0.3333333333333333, 0.3333333333333333]"
11815,384.240285973595,338367.26532132534,"[0.3333333333333333, 0.3333333333333333, 0.3333333333333333]"
11816,451.1598641078345,451237.8577280914,"[0.3333333333333333, 0.3333333333333333, 0.3333333333333333]"
11817,604.1269376594552,669405.9236326738,"[0.3333333333333333, 0.3333333333333333, 0.3333333333333333]"
11818,722.7431089148887,510993.57737717434,"[0.3333333333333333, 0.3333333333333333, 0.3333333333333333]"
11819,168.4510615526309,350510.8896433915,"[0.3333333333333333, 0.3333333333333333, 0.3333333333333333]"
11820,117.89424548327706,888823.2785121485,"[0.3333333333333333, 0.3333333333333333, 0.3333333333333333]"
11821,122.40535855500535,617459.3299148845,"[0.3333333333333333, 0.3333333333333333, 0.3333333333333333]"
11822,782.4612399816332,997158.1500253389,"[0.3333333333333333, 0.3333333333333333, 0.3333333333333333]"
11823,237.6602656461559,112566.99455744549,"[0.3333333333333333, 0.3333333333333333, 0.3333333333333333]"
11824,744.7710965162765,916762.9687753475,"[0.3333333333333333, 0.3333333333333333, 0.3333333333333333]"
11825,617.5946950776298,734550.5519909894,"[0.3333333333333333, 0.3333333333333333, 0.3333333333333333]"
11826,689.5800944833245,682726.6808224057,"[0.3333333333333333, 0.3333333333333333, 0.3333333333333333]"
11827,489.801851511801,923468.1542698249,"[0.3333333333333333, 0.3333333333333333, 0.3333333333333333]"
11828,334.3107820447817,975716.5314473041,"[0.3333333333333333, 0.3333333333333333, 0.3333333333333333]"
11829,489.33674223789404,971815.7377209552,"[0.3333333333333333, 0.3333333333333333, 0.3333333333333333]"
11830,282.3239339829654,552667.8207597998,"[0.3333333333333333, 0.3333333333333333, 0.3333333333333333]"
11831,122.04226572764519,774265.1595486922,"[0.3333333333333333, 0.3333333333333333, 0.3333333333333333]"
11832,266.27995712081935,620913.0571929611,"[0.3333333333333333, 0.3333333333333333, 0.3333333333333333]"
11833,752.9496825143984,928849.3952914065,"[0.3333333333333333, 0.3333333333333333, 0.3333333333333333]"
11834,576.8285523670031,241009.86121505068,"[0.3333333333333333, 0.3333333333333333, 0.3333333333333333]"
11835,759.8635151030148,526597.6434109309,"[0.3333333333333333, 0.3333333333333333, 0.3333333333333333]"
11836,118.76618149910536,411942.2826790819,"[0.3333333333333333, 0.3333333333333333, 0.3333333333333333]"
11837,70.0744026514455,828087.397440211,"[0.3333333333333333, 0.3333333333333333, 0.3333333333333333]"
11838,848.3681319661525,345997.11122631584,"[0.3333333333333333, 0.3333333333333333, 0.3333333333333333]"
11839,866.2114046782834,804850.2800835691,"[0.3333333333333333, 0.3333333333333333, 0.3333333333333333]"
11840,563.1802058905799,682138.0042688436,"[0.3333333333333333, 0.3333333333333333, 0.3333333333333333]"
11841,482.7409296132463,983716.8753567188,"[0.3333333333333333, 0.3333333333333333, 0.3333333333333333]"
11842,375.78085654996215,340668.65656470857,"[0.3333333333333333, 0.3333333333333333, 0.3333333333333333]"
11843,116.10249829528412,807670.8203025918,"[0.3333333333333333, 0.3333333333333333, 0.3333333333333333]"
11844,204.53403227614754,133534.6600372368,"[0.3333333333333333, 0.3333333333333333, 0.3333333333333333]"
11845,415.4407102388879,696489.9677176921,"[0.3333333333333333, 0.3333333333333333, 0.3333333333333333]"
11846,856.9927386347407,772530.9528638619,"[0.3333333333333333, 0.3333333333333333, 0.3333333333333333]"
11847,90.57931572619839,355324.95416061406,"[0.3333333333333333, 0.3333333333333333, 0.3333333333333333]"
11848,315.25283526491984,153196.22710517782,"[0.3333333333333333, 0.3333333333333333, 0.3333333333333333]"
11849,263.9419666691353,920700.0135663887,"[0.3333333333333333, 0.3333333333333333, 0.3333333333333333]"
11850,192.3961912927377,508249.8178057743,"[0.3333333333333333, 0.3333333333333333, 0.3333333333333333]"
11851,446.4769391495218,659084.3560793607,"[0.3333333333333333, 0.3333333333333333, 0.3333333333333333]"
11852,565.4132312180927,232648.58538917982,"[0.3333333333333333, 0.3333333333333333, 0.3333333333333333]"
11853,540.1458241917591,849532.2280973882,"[0.3333333333333333, 0.3333333333333333, 0.3333333333333333]"
11854,365.8818116971192,758879.584770668,"[0.3333333333333333, 0.3333333333333333, 0.3333333333333333]"
11855,754.5737256206646,213593.79179565242,"[0.3333333333333333, 0.3333333333333333, 0.3333333333333333]"
11856,40.531524047672804,184650.47963046705,"[0.3333333333333333, 0.3333333333333333, 0.3333333333333333]"
11857,593.8084256341285,311468.5597303051,"[0.3333333333333333, 0.3333333333333333, 0.3333333333333333]"
11858,436.2191039176175,484769.5634989672,"[0.3333333333333333, 0.3333333333333333, 0.3333333333333333]"
11859,372.9781736947973,749423.080238243,"[0.3333333333333333, 0.3333333333333333, 0.3333333333333333]"
11860,232.7329234306024,422983.23040667636,"[0.3333333333333333, 0.3333333333333333, 0.3333333333333333]"
11861,517.930759783322,440195.73467304994,"[0.3333333333333333, 0.3333333333333333, 0.3333333333333333]"
11862,300.09039720311614,640558.0303744595,"[0.3333333333333333, 0.3333333333333333, 0.3333333333333333]"
11863,607.5787818694995,973694.6012951669,"[0.3333333333333333, 0.3333333333333333, 0.3333333333333333]"
11864,293.75036796165205,492772.26280114555,"[0.3333333333333333, 0.3333333333333333, 0.3333333333333333]"
11865,295.9994586224571,424708.8245296146,"[0.3333333333333333, 0.3333333333333333, 0.3333333333333333]"
11866,965.1616501972372,993645.2650458802,"[0.3333333333333333, 0.3333333333333333, 0.3333333333333333]"
11867,680.1087929197614,764879.5445159364,"[0.3333333333333333, 0.3333333333333333, 0.3333333333333333]"
11868,567.3404437268954,883384.6084776447,"[0.3333333333333333, 0.3333333333333333, 0.3333333333333333]"
11869,556.465868097341,368415.696012661,"[0.3333333333333333, 0.3333333333333333, 0.3333333333333333]"
11870,645.8583886357447,240525.91410540522,"[0.3333333333333333, 0.3333333333333333, 0.3333333333333333]"
11871,458.2591111670926,364785.3933307802,"[0.3333333333333333, 0.3333333333333333, 0.3333333333333333]"
11872,235.58068744332203,730209.3486085859,"[0.3333333333333333, 0.3333333333333333, 0.3333333333333333]"
11873,909.8545562556061,917385.4676129778,"[0.3333333333333333, 0.3333333333333333, 0.3333333333333333]"
11874,623.8603714312361,990612.1297275694,"[0.3333333333333333, 0.3333333333333333, 0.3333333333333333]"
11875,392.85194644257183,378262.57979701314,"[0.3333333333333333, 0.3333333333333333, 0.3333333333333333]"
11876,532.3375914893551,589891.9332445918,"[0.3333333333333333, 0.3333333333333333, 0.3333333333333333]"
11877,47.44997645676119,210169.311759696,"[0.3333333333333333, 0.3333333333333333, 0.3333333333333333]"
11878,131.70980967372535,835855.8048405786,"[0.3333333333333333, 0.3333333333333333, 0.3333333333333333]"
11879,606.9166137921751,272513.23641466093,"[0.3333333333333333, 0.3333333333333333, 0.3333333333333333]"
11880,190.93858750578372,432883.83471700014,"[0.3333333333333333, 0.3333333333333333, 0.3333333333333333]"
11881,797.8295591649232,188421.22722059357,"[0.3333333333333333, 0.3333333333333333, 0.3333333333333333]"
11882,327.96291105458266,997185.5800792457,"[0.3333333333333333, 0.3333333333333333, 0.3333333333333333]"
11883,708.3169880273798,907337.1852728174,"[0.3333333333333333, 0.3333333333333333, 0.3333333333333333]"
11884,990.3355103149495,104596.6374666513,"[0.3333333333333333, 0.3333333333333333, 0.3333333333333333]"
11885,166.41157117131849,182154.3683164247,"[0.3333333333333333, 0.3333333333333333, 0.3333333333333333]"
11886,312.6996927895539,438665.7390140604,"[0.3333333333333333, 0.3333333333333333, 0.3333333333333333]"
11887,975.8939822790746,682586.6383096414,"[0.3333333333333333, 0.3333333333333333, 0.3333333333333333]"
11888,822.0882507394457,289710.0840871604,"[0.3333333333333333, 0.3333333333333333, 0.3333333333333333]"
11889,818.9643016152654,590644.4726247829,"[0.3333333333333333, 0.3333333333333333, 0.3333333333333333]"
11890,482.2880132274559,376931.5021293042,"[0.3333333333333333, 0.3333333333333333, 0.3333333333333333]"
11891,260.21806750636824,173500.19286080374,"[0.3333333333333333, 0.3333333333333333, 0.3333333333333333]"
11892,264.54843427700064,454142.5982395506,"[0.3333333333333333, 0.3333333333333333, 0.3333333333333333]"
11893,606.7966699642321,905531.4694772692,"[0.3333333333333333, 0.3333333333333333, 0.3333333333333333]"
11894,681.5151310980984,465444.33085094823,"[0.3333333333333333, 0.3333333333333333, 0.3333333333333333]"
11895,622.4580512567597,696036.5607477176,"[0.3333333333333333, 0.3333333333333333, 0.3333333333333333]"
11896,570.5908022856386,261221.7548191899,"[0.3333333333333333, 0.3333333333333333, 0.3333333333333333]"
11897,742.6024587783671,399277.99805964035,"[0.3333333333333333, 0.3333333333333333, 0.3333333333333333]"
11898,340.8261630905544,243098.7584566485,"[0.3333333333333333, 0.3333333333333333, 0.3333333333333333]"
11899,43.076474790337855,530220.6344126542,"[0.3333333333333333, 0.3333333333333333, 0.3333333333333333]"
11900,388.47692025869634,252031.25616671293,"[0.3333333333333333, 0.3333333333333333, 0.3333333333333333]"
11901,32.96662962578021,611399.969362526,"[0.3333333333333333, 0.3333333333333333, 0.3333333333333333]"
11902,373.13327154466657,597794.5429329094,"[0.3333333333333333, 0.3333333333333333, 0.3333333333333333]"
11903,796.1321344141269,696897.3214223409,"[0.3333333333333333, 0.3333333333333333, 0.3333333333333333]"
11904,177.7437084888244,678223.3605759932,"[0.3333333333333333, 0.3333333333333333, 0.3333333333333333]"
11905,386.24480605778166,762175.155888302,"[0.3333333333333333, 0.3333333333333333, 0.3333333333333333]"
11906,511.985243385642,447935.95618640166,"[0.3333333333333333, 0.3333333333333333, 0.3333333333333333]"
11907,112.41545223650525,723794.8453984803,"[0.3333333333333333, 0.3333333333333333, 0.3333333333333333]"
11908,576.7313183945353,954080.04263357,"[0.3333333333333333, 0.3333333333333333, 0.3333333333333333]"
11909,536.6383490430638,853997.6074266441,"[0.3333333333333333, 0.3333333333333333, 0.3333333333333333]"
11910,275.2149282710639,914927.925698891,"[0.3333333333333333, 0.3333333333333333, 0.3333333333333333]"
11911,588.3704884980358,290743.2170854966,"[0.3333333333333333, 0.3333333333333333, 0.3333333333333333]"
11912,727.9098499769912,381549.0634993389,"[0.3333333333333333, 0.3333333333333333, 0.3333333333333333]"
11913,241.04136855632157,947791.0967962237,"[0.3333333333333333, 0.3333333333333333, 0.3333333333333333]"
11914,847.6711746233954,271997.77253814705,"[0.3333333333333333, 0.3333333333333333, 0.3333333333333333]"
11915,25.503861531496668,444003.08506411366,"[0.3333333333333333, 0.3333333333333333, 0.3333333333333333]"
11916,373.01269784392923,370477.882225545,"[0.3333333333333333, 0.3333333333333333, 0.3333333333333333]"
11917,622.4526320425241,136134.75952276977,"[0.3333333333333333, 0.3333333333333333, 0.3333333333333333]"
11918,151.605365244493,511277.45639385004,"[0.3333333333333333, 0.3333333333333333, 0.3333333333333333]"
11919,301.47371312220395,125869.00549903054,"[0.3333333333333333, 0.3333333333333333, 0.3333333333333333]"
11920,552.084942423975,478160.3656680362,"[0.3333333333333333, 0.3333333333333333, 0.3333333333333333]"
11921,362.9330933328385,277457.31590955297,"[0.3333333333333333, 0.3333333333333333, 0.3333333333333333]"
11922,718.5132361232498,870148.20471107,"[0.3333333333333333, 0.3333333333333333, 0.3333333333333333]"
11923,379.1022932785699,510399.56160413736,"[0.3333333333333333, 0.3333333333333333, 0.3333333333333333]"
11924,366.0772060036734,800651.4567892418,"[0.3333333333333333, 0.3333333333333333, 0.3333333333333333]"
11925,611.1074058353726,812827.2701636758,"[0.3333333333333333, 0.3333333333333333, 0.3333333333333333]"
11926,38.35712231876203,580229.9926336833,"[0.3333333333333333, 0.3333333333333333, 0.3333333333333333]"
11927,433.55994228252496,498689.7962454489,"[0.3333333333333333, 0.3333333333333333, 0.3333333333333333]"
11928,858.2967647546695,913301.7682190367,"[0.3333333333333333, 0.3333333333333333, 0.3333333333333333]"
11929,106.92670753970565,822616.8779170068,"[0.3333333333333333, 0.3333333333333333, 0.3333333333333333]"
11930,43.43771704830718,875159.6453847325,"[0.3333333333333333, 0.3333333333333333, 0.3333333333333333]"
11931,484.0544921945975,869622.5129796417,"[0.3333333333333333, 0.3333333333333333, 0.3333333333333333]"
11932,921.0969921782457,387877.71433555416,"[0.3333333333333333, 0.3333333333333333, 0.3333333333333333]"
11933,182.89722847143753,570986.9003721854,"[0.3333333333333333, 0.3333333333333333, 0.3333333333333333]"
11934,553.8465694128878,206183.84843010156,"[0.3333333333333333, 0.3333333333333333, 0.3333333333333333]"
11935,654.5957685199791,689433.0019057131,"[0.3333333333333333, 0.3333333333333333, 0.3333333333333333]"
11936,747.11089836256,175272.6319394221,"[0.3333333333333333, 0.3333333333333333, 0.3333333333333333]"
11937,766.1140328516335,659506.0735069737,"[0.3333333333333333, 0.3333333333333333, 0.3333333333333333]"
11938,54.59548847809355,271190.8701772887,"[0.3333333333333333, 0.3333333333333333, 0.3333333333333333]"
11939,609.369653725203,127662.26999264311,"[0.3333333333333333, 0.3333333333333333, 0.3333333333333333]"
11940,707.9668995498357,760373.9650992359,"[0.3333333333333333, 0.3333333333333333, 0.3333333333333333]"
11941,428.86912152510763,499295.9885143641,"[0.3333333333333333, 0.3333333333333333, 0.3333333333333333]"
11942,329.05519473077146,491171.8623282243,"[0.3333333333333333, 0.3333333333333333, 0.3333333333333333]"
11943,355.0139047049776,532523.4991538071,"[0.3333333333333333, 0.3333333333333333, 0.3333333333333333]"
11944,492.5327292711822,135633.35520586633,"[0.3333333333333333, 0.3333333333333333, 0.3333333333333333]"
11945,316.86284755265245,543451.4979169747,"[0.3333333333333333, 0.3333333333333333, 0.3333333333333333]"
11946,973.9315831688424,141400.5089324904,"[0.3333333333333333, 0.3333333333333333, 0.3333333333333333]"
11947,867.336853824275,870637.1011922406,"[0.3333333333333333, 0.3333333333333333, 0.3333333333333333]"
11948,47.31900367636794,812989.2129981435,"[0.3333333333333333, 0.3333333333333333, 0.3333333333333333]"
11949,796.0381965045082,174322.65963716578,"[0.3333333333333333, 0.3333333333333333, 0.3333333333333333]"
11950,474.36600444201355,306439.8791051081,"[0.3333333333333333, 0.3333333333333333, 0.3333333333333333]"
11951,198.0445519085853,477855.1137486528,"[0.3333333333333333, 0.3333333333333333, 0.3333333333333333]"
11952,360.69937457914654,965759.0610873732,"[0.3333333333333333, 0.3333333333333333, 0.3333333333333333]"
11953,668.7668044489787,732013.933330678,"[0.3333333333333333, 0.3333333333333333, 0.3333333333333333]"
11954,744.0291336112203,665629.7323256775,"[0.3333333333333333, 0.3333333333333333, 0.3333333333333333]"
11955,954.4931200097316,585957.7316258118,"[0.3333333333333333, 0.3333333333333333, 0.3333333333333333]"
11956,851.9232524604695,476821.34611589223,"[0.3333333333333333, 0.3333333333333333, 0.3333333333333333]"
11957,844.3151645798625,885182.9860844178,"[0.3333333333333333, 0.3333333333333333, 0.3333333333333333]"
11958,148.7177707771952,632716.6043917222,"[0.3333333333333333, 0.3333333333333333, 0.3333333333333333]"
11959,774.431005081264,520277.9400315186,"[0.3333333333333333, 0.3333333333333333, 0.3333333333333333]"
11960,459.7000662100495,230643.83458263357,"[0.3333333333333333, 0.3333333333333333, 0.3333333333333333]"
11961,626.1312743566994,799144.3652979106,"[0.3333333333333333, 0.3333333333333333, 0.3333333333333333]"
11962,992.2771330058735,635001.7409800768,"[0.3333333333333333, 0.3333333333333333, 0.3333333333333333]"
11963,481.2339239666106,541225.340648433,"[0.3333333333333333, 0.3333333333333333, 0.3333333333333333]"
11964,70.42220636455511,607641.8571127274,"[0.3333333333333333, 0.3333333333333333, 0.3333333333333333]"
11965,402.2142435534251,773673.4206241532,"[0.3333333333333333, 0.3333333333333333, 0.3333333333333333]"
11966,627.1554392798214,890113.8348390628,"[0.3333333333333333, 0.3333333333333333, 0.3333333333333333]"
11967,610.8687068011413,876661.15564253,"[0.3333333333333333, 0.3333333333333333, 0.3333333333333333]"
11968,11.475009507265225,926403.3939229727,"[0.3333333333333333, 0.3333333333333333, 0.3333333333333333]"
11969,763.1342286111345,830119.5245574075,"[0.3333333333333333, 0.3333333333333333, 0.3333333333333333]"
11970,513.8644883424853,275338.05549992854,"[0.3333333333333333, 0.3333333333333333, 0.3333333333333333]"
11971,605.3390918408643,554114.9789034585,"[0.3333333333333333, 0.3333333333333333, 0.3333333333333333]"
11972,844.7620469795306,109916.07514048065,"[0.3333333333333333, 0.3333333333333333, 0.3333333333333333]"
11973,938.3375435086657,416296.2778795769,"[0.3333333333333333, 0.3333333333333333, 0.3333333333333333]"
11974,251.29468734492963,250227.5544728063,"[0.3333333333333333, 0.3333333333333333, 0.3333333333333333]"
11975,520.4224142880348,905945.3083616197,"[0.3333333333333333, 0.3333333333333333, 0.3333333333333333]"
11976,881.4206426060227,958971.6348959074,"[0.3333333333333333, 0.3333333333333333, 0.3333333333333333]"
11977,168.8568779742644,192604.55286651442,"[0.3333333333333333, 0.3333333333333333, 0.3333333333333333]"
11978,965.6906465795431,128692.64617100373,"[0.3333333333333333, 0.3333333333333333, 0.3333333333333333]"
11979,759.1273661744235,526384.2652286275,"[0.3333333333333333, 0.3333333333333333, 0.3333333333333333]"
11980,82.68132718140295,302534.2924118084,"[0.3333333333333333, 0.3333333333333333, 0.3333333333333333]"
11981,714.1167071081959,600964.3501809131,"[0.3333333333333333, 0.3333333333333333, 0.3333333333333333]"
11982,73.81062628553387,489723.2435325993,"[0.3333333333333333, 0.3333333333333333, 0.3333333333333333]"
11983,73.82290409382469,830344.9147772003,"[0.3333333333333333, 0.3333333333333333, 0.3333333333333333]"
11984,477.925888829509,154678.3441621158,"[0.3333333333333333, 0.3333333333333333, 0.3333333333333333]"
11985,753.193603564273,253941.03913898187,"[0.3333333333333333, 0.3333333333333333, 0.3333333333333333]"
11986,379.76524006349575,698767.248970445,"[0.3333333333333333, 0.3333333333333333, 0.3333333333333333]"
11987,333.24935755362895,384940.0485960658,"[0.3333333333333333, 0.3333333333333333, 0.3333333333333333]"
11988,814.967074195488,859154.3504344183,"[0.3333333333333333, 0.3333333333333333, 0.3333333333333333]"
11989,746.4076897388817,698656.9621652915,"[0.3333333333333333, 0.3333333333333333, 0.3333333333333333]"
11990,316.33590168095026,738731.7714454352,"[0.3333333333333333, 0.3333333333333333, 0.3333333333333333]"
11991,232.4230577379019,138514.1706010532,"[0.3333333333333333, 0.3333333333333333, 0.3333333333333333]"
11992,684.2047983196315,982678.6930545288,"[0.3333333333333333, 0.3333333333333333, 0.3333333333333333]"
11993,888.7229746937529,795121.0957795011,"[0.3333333333333333, 0.3333333333333333, 0.3333333333333333]"
11994,855.4498116640559,367827.07903987396,"[0.3333333333333333, 0.3333333333333333, 0.3333333333333333]"
11995,748.7310330186563,811437.9035895298,"[0.3333333333333333, 0.3333333333333333, 0.3333333333333333]"
11996,283.86225344024626,882521.4564343676,"[0.3333333333333333, 0.3333333333333333, 0.3333333333333333]"
11997,625.9238877054171,103904.26224485323,"[0.3333333333333333, 0.3333333333333333, 0.3333333333333333]"
11998,609.1740010911453,243348.33170008135,"[0.3333333333333333, 0.3333333333333333, 0.3333333333333333]"
11999,966.6590788246391,137698.4668067572,"[0.3333333333333333, 0.3333333333333333, 0.3333333333333333]"
12000,701.2018281070058,418367.82071037614,"[0.3333333333333333, 0.3333333333333333, 0.3333333333333333]"
12001,497.38380980035805,830976.5030314116,"[0.3333333333333333, 0.3333333333333333, 0.3333333333333333]"
12002,463.32996039031184,273810.576083965,"[0.3333333333333333, 0.3333333333333333, 0.3333333333333333]"
12003,325.5636483164418,703515.3223113627,"[0.3333333333333333, 0.3333333333333333, 0.3333333333333333]"
12004,766.4183148159033,256609.15402053372,"[0.3333333333333333, 0.3333333333333333, 0.3333333333333333]"
12005,75.25028232046522,713913.0677469491,"[0.3333333333333333, 0.3333333333333333, 0.3333333333333333]"
12006,361.2512433763531,306551.1391235453,"[0.3333333333333333, 0.3333333333333333, 0.3333333333333333]"
12007,531.7438143329665,973019.8825276396,"[0.3333333333333333, 0.3333333333333333, 0.3333333333333333]"
12008,421.1924730246092,239836.1674288844,"[0.3333333333333333, 0.3333333333333333, 0.3333333333333333]"
12009,412.10524519251584,975697.8526772973,"[0.3333333333333333, 0.3333333333333333, 0.3333333333333333]"
12010,139.66046158003658,513032.2025120006,"[0.3333333333333333, 0.3333333333333333, 0.3333333333333333]"
12011,264.89884416815426,358586.6982407703,"[0.3333333333333333, 0.3333333333333333, 0.3333333333333333]"
12012,209.53018574956116,632875.5730812672,"[0.3333333333333333, 0.3333333333333333, 0.3333333333333333]"
12013,265.5496965348856,172501.06887940894,"[0.3333333333333333, 0.3333333333333333, 0.3333333333333333]"
12014,249.73632436411202,618437.9978075589,"[0.3333333333333333, 0.3333333333333333, 0.3333333333333333]"
12015,891.7987428689896,275946.3819506997,"[0.3333333333333333, 0.3333333333333333, 0.3333333333333333]"
12016,983.5519203329254,891341.3547846574,"[0.3333333333333333, 0.3333333333333333, 0.3333333333333333]"
12017,80.0182233096681,789315.1020583193,"[0.3333333333333333, 0.3333333333333333, 0.3333333333333333]"
12018,99.60049802483164,274933.3673849462,"[0.3333333333333333, 0.3333333333333333, 0.3333333333333333]"
12019,335.724146593827,957440.0905892526,"[0.3333333333333333, 0.3333333333333333, 0.3333333333333333]"
12020,454.541926214744,391321.8789402588,"[0.3333333333333333, 0.3333333333333333, 0.3333333333333333]"
12021,301.8672840544806,951376.210322411,"[0.3333333333333333, 0.3333333333333333, 0.3333333333333333]"
12022,373.9240861986589,417021.9984164011,"[0.3333333333333333, 0.3333333333333333, 0.3333333333333333]"
12023,760.4185342580656,961314.305839384,"[0.3333333333333333, 0.3333333333333333, 0.3333333333333333]"
12024,974.3570522984359,143045.61630376024,"[0.3333333333333333, 0.3333333333333333, 0.3333333333333333]"
12025,776.3693705604977,251671.81838463648,"[0.3333333333333333, 0.3333333333333333, 0.3333333333333333]"
12026,754.2129136061194,212839.53986572035,"[0.3333333333333333, 0.3333333333333333, 0.3333333333333333]"
12027,144.64081352668362,581596.5918024976,"[0.3333333333333333, 0.3333333333333333, 0.3333333333333333]"
12028,116.8137329524115,820019.2001835827,"[0.3333333333333333, 0.3333333333333333, 0.3333333333333333]"
12029,618.2590623468823,990790.3349160661,"[0.3333333333333333, 0.3333333333333333, 0.3333333333333333]"
12030,714.7676206112715,920389.5176859949,"[0.3333333333333333, 0.3333333333333333, 0.3333333333333333]"
12031,974.888410050572,252846.48234502354,"[0.3333333333333333, 0.3333333333333333, 0.3333333333333333]"
12032,949.8569283002835,922973.4203844646,"[0.3333333333333333, 0.3333333333333333, 0.3333333333333333]"
12033,874.114908949627,473904.93416572653,"[0.3333333333333333, 0.3333333333333333, 0.3333333333333333]"
12034,695.4778692521805,390465.0917526336,"[0.3333333333333333, 0.3333333333333333, 0.3333333333333333]"
12035,986.3813980998133,883175.8734053182,"[0.3333333333333333, 0.3333333333333333, 0.3333333333333333]"
12036,822.555248219486,982755.5156933275,"[0.3333333333333333, 0.3333333333333333, 0.3333333333333333]"
12037,748.8461324086941,570153.4307811442,"[0.3333333333333333, 0.3333333333333333, 0.3333333333333333]"
12038,147.21887872922855,329235.5293478344,"[0.3333333333333333, 0.3333333333333333, 0.3333333333333333]"
12039,645.1896618310441,589354.7923518904,"[0.3333333333333333, 0.3333333333333333, 0.3333333333333333]"
12040,541.90252897297,525168.8395924597,"[0.3333333333333333, 0.3333333333333333, 0.3333333333333333]"
12041,406.6400532203845,601040.2867460236,"[0.3333333333333333, 0.3333333333333333, 0.3333333333333333]"
12042,393.2528770355732,742008.0736026178,"[0.3333333333333333, 0.3333333333333333, 0.3333333333333333]"
12043,639.9121630070747,701589.6469324924,"[0.3333333333333333, 0.3333333333333333, 0.3333333333333333]"
12044,803.2455062500381,194997.97563599894,"[0.3333333333333333, 0.3333333333333333, 0.3333333333333333]"
12045,69.2341414435061,493757.16369806876,"[0.3333333333333333, 0.3333333333333333, 0.3333333333333333]"
12046,556.8004155155173,752866.7041746473,"[0.3333333333333333, 0.3333333333333333, 0.3333333333333333]"
12047,653.3252480682139,296056.16222163534,"[0.3333333333333333, 0.3333333333333333, 0.3333333333333333]"
12048,904.933559344682,303774.4385737446,"[0.3333333333333333, 0.3333333333333333, 0.3333333333333333]"
12049,660.0786793045992,488682.3307212885,"[0.3333333333333333, 0.3333333333333333, 0.3333333333333333]"
12050,444.4591638134654,429773.8465895792,"[0.3333333333333333, 0.3333333333333333, 0.3333333333333333]"
12051,983.3630919173127,732067.8846626172,"[0.3333333333333333, 0.3333333333333333, 0.3333333333333333]"
12052,678.0411927110727,519233.79070862796,"[0.3333333333333333, 0.3333333333333333, 0.3333333333333333]"
12053,424.1698925784288,719133.5413657653,"[0.3333333333333333, 0.3333333333333333, 0.3333333333333333]"
12054,715.4978988937414,820445.2561495786,"[0.3333333333333333, 0.3333333333333333, 0.3333333333333333]"
12055,673.4696168512936,547707.1748956111,"[0.3333333333333333, 0.3333333333333333, 0.3333333333333333]"
12056,536.2135913331808,170255.5713330421,"[0.3333333333333333, 0.3333333333333333, 0.3333333333333333]"
12057,496.5433499957596,322520.20814614417,"[0.3333333333333333, 0.3333333333333333, 0.3333333333333333]"
12058,725.7716523523429,106042.86731480338,"[0.3333333333333333, 0.3333333333333333, 0.3333333333333333]"
12059,835.9536768583665,897699.1549929078,"[0.3333333333333333, 0.3333333333333333, 0.3333333333333333]"
12060,58.64476120607281,673572.7739447143,"[0.3333333333333333, 0.3333333333333333, 0.3333333333333333]"
12061,360.22289715774053,693626.7606299312,"[0.3333333333333333, 0.3333333333333333, 0.3333333333333333]"
12062,269.52031095263607,542369.479431093,"[0.3333333333333333, 0.3333333333333333, 0.3333333333333333]"
12063,161.79729121606627,412656.6355243634,"[0.3333333333333333, 0.3333333333333333, 0.3333333333333333]"
12064,143.87539021283877,685833.6444103726,"[0.3333333333333333, 0.3333333333333333, 0.3333333333333333]"
12065,581.6029003501683,272048.33274627087,"[0.3333333333333333, 0.3333333333333333, 0.3333333333333333]"
12066,720.8352481259635,236310.61297360537,"[0.3333333333333333, 0.3333333333333333, 0.3333333333333333]"
12067,432.73302712634313,303755.2906618075,"[0.3333333333333333, 0.3333333333333333, 0.3333333333333333]"
12068,460.57428156522644,180025.98596510175,"[0.3333333333333333, 0.3333333333333333, 0.3333333333333333]"
12069,134.82585296485416,164577.03750065377,"[0.3333333333333333, 0.3333333333333333, 0.3333333333333333]"
12070,624.398860483405,971454.7442767423,"[0.3333333333333333, 0.3333333333333333, 0.3333333333333333]"
12071,353.3433595921309,839722.9061105916,"[0.3333333333333333, 0.3333333333333333, 0.3333333333333333]"
12072,279.32039873683095,808247.9377421517,"[0.3333333333333333, 0.3333333333333333, 0.3333333333333333]"
12073,414.0271957322755,982742.5497146273,"[0.3333333333333333, 0.3333333333333333, 0.3333333333333333]"
12074,395.40346551235166,251979.0146777014,"[0.3333333333333333, 0.3333333333333333, 0.3333333333333333]"
12075,524.5239681564339,613745.662871609,"[0.3333333333333333, 0.3333333333333333, 0.3333333333333333]"
12076,539.4646405932908,402436.17377596354,"[0.3333333333333333, 0.3333333333333333, 0.3333333333333333]"
12077,558.9220674902654,988317.2762375951,"[0.3333333333333333, 0.3333333333333333, 0.3333333333333333]"
12078,619.6850606703003,613445.5476763204,"[0.3333333333333333, 0.3333333333333333, 0.3333333333333333]"
12079,664.0536268619865,732076.1151281088,"[0.3333333333333333, 0.3333333333333333, 0.3333333333333333]"
12080,269.57240027533373,336472.02062359214,"[0.3333333333333333, 0.3333333333333333, 0.3333333333333333]"
12081,133.63956353584865,779716.1463273469,"[0.3333333333333333, 0.3333333333333333, 0.3333333333333333]"
12082,153.13454007575987,735096.7628958961,"[0.3333333333333333, 0.3333333333333333, 0.3333333333333333]"
12083,610.0387862815022,151487.2352976985,"[0.3333333333333333, 0.3333333333333333, 0.3333333333333333]"
12084,197.06071026032333,677609.2403958121,"[0.3333333333333333, 0.3333333333333333, 0.3333333333333333]"
12085,254.14990745403307,212607.28819817543,"[0.3333333333333333, 0.3333333333333333, 0.3333333333333333]"
12086,785.1440571372802,569296.4337460316,"[0.3333333333333333, 0.3333333333333333, 0.3333333333333333]"
12087,26.735777295128862,700732.1481676,"[0.3333333333333333, 0.3333333333333333, 0.3333333333333333]"
12088,38.60952490306764,560718.634142804,"[0.3333333333333333, 0.3333333333333333, 0.3333333333333333]"
12089,97.31032918582683,928772.7496046763,"[0.3333333333333333, 0.3333333333333333, 0.3333333333333333]"
12090,933.815846938055,739819.2677467392,"[0.3333333333333333, 0.3333333333333333, 0.3333333333333333]"
12091,626.3745185876837,291511.2977779296,"[0.3333333333333333, 0.3333333333333333, 0.3333333333333333]"
12092,843.7829672605118,207197.9146675997,"[0.3333333333333333, 0.3333333333333333, 0.3333333333333333]"
12093,483.5724451594894,480580.6690519539,"[0.3333333333333333, 0.3333333333333333, 0.3333333333333333]"
12094,915.4199847491843,298384.56055906566,"[0.3333333333333333, 0.3333333333333333, 0.3333333333333333]"
12095,595.1992137069172,692510.7954048269,"[0.3333333333333333, 0.3333333333333333, 0.3333333333333333]"
12096,767.6195632775829,421401.8474930502,"[0.3333333333333333, 0.3333333333333333, 0.3333333333333333]"
12097,751.2929010818617,200145.42165605616,"[0.3333333333333333, 0.3333333333333333, 0.3333333333333333]"
12098,540.5421544660157,646564.4473445772,"[0.3333333333333333, 0.3333333333333333, 0.3333333333333333]"
12099,822.5157244204638,116027.51016588672,"[0.3333333333333333, 0.3333333333333333, 0.3333333333333333]"
12100,851.0240077698809,859050.7742119225,"[0.3333333333333333, 0.3333333333333333, 0.3333333333333333]"
12101,605.5163357710694,554075.085765041,"[0.3333333333333333, 0.3333333333333333, 0.3333333333333333]"
12102,639.6111409877751,638687.94983005,"[0.3333333333333333, 0.3333333333333333, 0.3333333333333333]"
12103,297.99830948482,872086.2744340873,"[0.3333333333333333, 0.3333333333333333, 0.3333333333333333]"
12104,599.3811869775116,484879.5526801404,"[0.3333333333333333, 0.3333333333333333, 0.3333333333333333]"
12105,658.5003709568139,884032.8240694676,"[0.3333333333333333, 0.3333333333333333, 0.3333333333333333]"
12106,946.7697375856144,138217.7760085592,"[0.3333333333333333, 0.3333333333333333, 0.3333333333333333]"
12107,679.3732602815546,586880.8922563759,"[0.3333333333333333, 0.3333333333333333, 0.3333333333333333]"
12108,232.14509244852138,589614.2169909826,"[0.3333333333333333, 0.3333333333333333, 0.3333333333333333]"
12109,238.1343343442515,981448.3166584135,"[0.3333333333333333, 0.3333333333333333, 0.3333333333333333]"
12110,14.74960402040429,382162.11380636593,"[0.3333333333333333, 0.3333333333333333, 0.3333333333333333]"
12111,445.6345139016115,845996.3706041152,"[0.3333333333333333, 0.3333333333333333, 0.3333333333333333]"
12112,249.88971922761965,248188.51606795617,"[0.3333333333333333, 0.3333333333333333, 0.3333333333333333]"
12113,242.15351430939532,566147.7789693635,"[0.3333333333333333, 0.3333333333333333, 0.3333333333333333]"
12114,484.5639242578889,579090.9759166462,"[0.3333333333333333, 0.3333333333333333, 0.3333333333333333]"
12115,261.56881215403445,663508.9128902145,"[0.3333333333333333, 0.3333333333333333, 0.3333333333333333]"
12116,772.781053008141,307925.39649051346,"[0.3333333333333333, 0.3333333333333333, 0.3333333333333333]"
12117,648.179343629976,951795.3887826349,"[0.3333333333333333, 0.3333333333333333, 0.3333333333333333]"
12118,222.03287884181665,512907.64447091374,"[0.3333333333333333, 0.3333333333333333, 0.3333333333333333]"
12119,491.6593411620616,478481.28225360287,"[0.3333333333333333, 0.3333333333333333, 0.3333333333333333]"
12120,975.7806071373368,990546.550193594,"[0.3333333333333333, 0.3333333333333333, 0.3333333333333333]"
12121,160.32157934149706,792555.8876716553,"[0.3333333333333333, 0.3333333333333333, 0.3333333333333333]"
12122,359.4900298626943,299217.6903999313,"[0.3333333333333333, 0.3333333333333333, 0.3333333333333333]"
12123,722.8360525504733,890812.059124551,"[0.3333333333333333, 0.3333333333333333, 0.3333333333333333]"
12124,541.1344713606549,623159.6622479747,"[0.3333333333333333, 0.3333333333333333, 0.3333333333333333]"
12125,451.5910501669157,450381.5662026813,"[0.3333333333333333, 0.3333333333333333, 0.3333333333333333]"
12126,723.4395618030661,784584.5224619069,"[0.3333333333333333, 0.3333333333333333, 0.3333333333333333]"
12127,263.6837795734454,797353.9406540521,"[0.3333333333333333, 0.3333333333333333, 0.3333333333333333]"
12128,172.97030808552032,618081.051186221,"[0.3333333333333333, 0.3333333333333333, 0.3333333333333333]"
12129,816.7403206456038,819801.9875890849,"[0.3333333333333333, 0.3333333333333333, 0.3333333333333333]"
12130,422.61893866032534,421482.0429682572,"[0.3333333333333333, 0.3333333333333333, 0.3333333333333333]"
12131,789.9979533629518,873478.9735890387,"[0.3333333333333333, 0.3333333333333333, 0.3333333333333333]"
12132,107.8464764462643,812558.5995573674,"[0.3333333333333333, 0.3333333333333333, 0.3333333333333333]"
12133,432.349109732009,118890.8218856362,"[0.3333333333333333, 0.3333333333333333, 0.3333333333333333]"
12134,267.56417222762485,260316.634611814,"[0.3333333333333333, 0.3333333333333333, 0.3333333333333333]"
12135,626.4470883990791,848663.0905990591,"[0.3333333333333333, 0.3333333333333333, 0.3333333333333333]"
12136,341.2983176760047,862648.6712476022,"[0.3333333333333333, 0.3333333333333333, 0.3333333333333333]"
12137,777.0165522546547,909789.8598546404,"[0.3333333333333333, 0.3333333333333333, 0.3333333333333333]"
12138,61.27139679884957,624448.8418126123,"[0.3333333333333333, 0.3333333333333333, 0.3333333333333333]"
12139,852.0209061607175,312335.2841176311,"[0.3333333333333333, 0.3333333333333333, 0.3333333333333333]"
12140,846.6520605573801,442757.6453562509,"[0.3333333333333333, 0.3333333333333333, 0.3333333333333333]"
12141,12.506614553353147,173615.73569173718,"[0.3333333333333333, 0.3333333333333333, 0.3333333333333333]"
12142,981.933811806915,821997.4689240175,"[0.3333333333333333, 0.3333333333333333, 0.3333333333333333]"
12143,536.4662448772372,339423.79118428996,"[0.3333333333333333, 0.3333333333333333, 0.3333333333333333]"
12144,547.4723641221085,800075.775773893,"[0.3333333333333333, 0.3333333333333333, 0.3333333333333333]"
12145,423.24111921049496,365240.2786593785,"[0.3333333333333333, 0.3333333333333333, 0.3333333333333333]"
12146,313.53473714744064,686936.9041616156,"[0.3333333333333333, 0.3333333333333333, 0.3333333333333333]"
12147,512.0921785697036,875615.0757124153,"[0.3333333333333333, 0.3333333333333333, 0.3333333333333333]"
12148,601.7551577207731,586598.2737518253,"[0.3333333333333333, 0.3333333333333333, 0.3333333333333333]"
12149,549.6537663787412,220084.56126983662,"[0.3333333333333333, 0.3333333333333333, 0.3333333333333333]"
12150,12.381212919999474,167103.62717470154,"[0.3333333333333333, 0.3333333333333333, 0.3333333333333333]"
12151,755.0120353508355,852929.564607328,"[0.3333333333333333, 0.3333333333333333, 0.3333333333333333]"
12152,856.9203092260755,855643.9619150955,"[0.3333333333333333, 0.3333333333333333, 0.3333333333333333]"
12153,866.0909793409902,417090.8271833221,"[0.3333333333333333, 0.3333333333333333, 0.3333333333333333]"
12154,330.8374363426932,360923.00301526807,"[0.3333333333333333, 0.3333333333333333, 0.3333333333333333]"
12155,841.63301599805,424267.99928305263,"[0.3333333333333333, 0.3333333333333333, 0.3333333333333333]"
12156,207.97397594575284,912673.4213784069,"[0.3333333333333333, 0.3333333333333333, 0.3333333333333333]"
12157,316.458132700334,261243.70027799808,"[0.3333333333333333, 0.3333333333333333, 0.3333333333333333]"
12158,576.1212536599613,915530.7623116203,"[0.3333333333333333, 0.3333333333333333, 0.3333333333333333]"
12159,568.0433773161785,509206.20364847564,"[0.3333333333333333, 0.3333333333333333, 0.3333333333333333]"
12160,372.3443179320148,820052.200305538,"[0.3333333333333333, 0.3333333333333333, 0.3333333333333333]"
12161,475.4803203768021,192901.9119933747,"[0.3333333333333333, 0.3333333333333333, 0.3333333333333333]"
12162,266.30592506730466,894078.7561523708,"[0.3333333333333333, 0.3333333333333333, 0.3333333333333333]"
12163,683.9968599241512,723972.180659427,"[0.3333333333333333, 0.3333333333333333, 0.3333333333333333]"
12164,307.15689872916346,864946.1186201533,"[0.3333333333333333, 0.3333333333333333, 0.3333333333333333]"
12165,324.02051604234373,552901.4819624582,"[0.3333333333333333, 0.3333333333333333, 0.3333333333333333]"
12166,900.9781036047304,188164.75664743086,"[0.3333333333333333, 0.3333333333333333, 0.3333333333333333]"
12167,387.3515881818703,847943.3662592144,"[0.3333333333333333, 0.3333333333333333, 0.3333333333333333]"
12168,291.96216970753915,890753.2091696217,"[0.3333333333333333, 0.3333333333333333, 0.3333333333333333]"
12169,924.4491446554902,564437.1972537413,"[0.3333333333333333, 0.3333333333333333, 0.3333333333333333]"
12170,80.42321164845119,263086.01634456543,"[0.3333333333333333, 0.3333333333333333, 0.3333333333333333]"
12171,330.9901768408141,969890.6664664112,"[0.3333333333333333, 0.3333333333333333, 0.3333333333333333]"
12172,393.2318832877365,898119.597626113,"[0.3333333333333333, 0.3333333333333333, 0.3333333333333333]"
12173,705.0095544808089,577525.1482866379,"[0.3333333333333333, 0.3333333333333333, 0.3333333333333333]"
12174,539.3080191691915,808754.1601927611,"[0.3333333333333333, 0.3333333333333333, 0.3333333333333333]"
12175,964.6907016743182,730836.0964254967,"[0.3333333333333333, 0.3333333333333333, 0.3333333333333333]"
12176,194.50939347765703,637848.031967667,"[0.3333333333333333, 0.3333333333333333, 0.3333333333333333]"
12177,889.0642303018047,376336.06158061157,"[0.3333333333333333, 0.3333333333333333, 0.3333333333333333]"
12178,554.6784412336234,941607.0547376788,"[0.3333333333333333, 0.3333333333333333, 0.3333333333333333]"
12179,632.338516272462,376057.5422481096,"[0.3333333333333333, 0.3333333333333333, 0.3333333333333333]"
12180,760.0271148301898,807418.249669857,"[0.3333333333333333, 0.3333333333333333, 0.3333333333333333]"
12181,86.99508850811296,121621.04542582355,"[0.3333333333333333, 0.3333333333333333, 0.3333333333333333]"
12182,450.4921360219471,832259.7612487765,"[0.3333333333333333, 0.3333333333333333, 0.3333333333333333]"
12183,797.8308134313236,916878.6110625512,"[0.3333333333333333, 0.3333333333333333, 0.3333333333333333]"
12184,843.1327224883876,455236.71868510434,"[0.3333333333333333, 0.3333333333333333, 0.3333333333333333]"
12185,395.26307074377166,170704.80955470545,"[0.3333333333333333, 0.3333333333333333, 0.3333333333333333]"
12186,496.12225143754966,537750.8496746097,"[0.3333333333333333, 0.3333333333333333, 0.3333333333333333]"
12187,86.99783960662289,522257.08243170875,"[0.3333333333333333, 0.3333333333333333, 0.3333333333333333]"
12188,957.0107135552626,484238.8307464062,"[0.3333333333333333, 0.3333333333333333, 0.3333333333333333]"
12189,703.2924027590443,417702.63668584434,"[0.3333333333333333, 0.3333333333333333, 0.3333333333333333]"
12190,924.4978060542993,684389.7761530539,"[0.3333333333333333, 0.3333333333333333, 0.3333333333333333]"
12191,527.6856073818172,351962.1064609091,"[0.3333333333333333, 0.3333333333333333, 0.3333333333333333]"
12192,570.272805263799,113574.71123972081,"[0.3333333333333333, 0.3333333333333333, 0.3333333333333333]"
12193,885.8378693147185,735989.1842975006,"[0.3333333333333333, 0.3333333333333333, 0.3333333333333333]"
12194,357.4664934846192,263572.0479501488,"[0.3333333333333333, 0.3333333333333333, 0.3333333333333333]"
12195,964.3247880874262,506403.8017096372,"[0.3333333333333333, 0.3333333333333333, 0.3333333333333333]"
12196,52.52066208064467,732695.6413808698,"[0.3333333333333333, 0.3333333333333333, 0.3333333333333333]"
12197,374.05007819710704,759460.6637604794,"[0.3333333333333333, 0.3333333333333333, 0.3333333333333333]"
12198,896.995999800276,879376.4775119034,"[0.3333333333333333, 0.3333333333333333, 0.3333333333333333]"
12199,240.16410586201877,457840.59503170993,"[0.3333333333333333, 0.3333333333333333, 0.3333333333333333]"
12200,820.1826461724331,997570.894346215,"[0.3333333333333333, 0.3333333333333333, 0.3333333333333333]"
12201,637.4170772985352,358797.05194385594,"[0.3333333333333333, 0.3333333333333333, 0.3333333333333333]"
12202,394.5558883696231,823607.8199574687,"[0.3333333333333333, 0.3333333333333333, 0.3333333333333333]"
12203,918.5602551596133,129472.51099396827,"[0.3333333333333333, 0.3333333333333333, 0.3333333333333333]"
12204,146.00809064047482,658010.0093511373,"[0.3333333333333333, 0.3333333333333333, 0.3333333333333333]"
12205,404.9966311989249,678963.8784202953,"[0.3333333333333333, 0.3333333333333333, 0.3333333333333333]"
12206,429.4177225072794,846117.4006964822,"[0.3333333333333333, 0.3333333333333333, 0.3333333333333333]"
12207,839.7154352697632,593909.3308659117,"[0.3333333333333333, 0.3333333333333333, 0.3333333333333333]"
12208,578.0936239544859,532533.4092736577,"[0.3333333333333333, 0.3333333333333333, 0.3333333333333333]"
12209,230.20795180462127,210426.818415926,"[0.3333333333333333, 0.3333333333333333, 0.3333333333333333]"
12210,978.5353289550911,676221.1832599343,"[0.3333333333333333, 0.3333333333333333, 0.3333333333333333]"
12211,754.0771080583768,357830.8550134163,"[0.3333333333333333, 0.3333333333333333, 0.3333333333333333]"
12212,585.8201250384855,336990.7142365193,"[0.3333333333333333, 0.3333333333333333, 0.3333333333333333]"
12213,708.6398707144203,453060.9493725256,"[0.3333333333333333, 0.3333333333333333, 0.3333333333333333]"
12214,552.9146406710962,199256.9250900502,"[0.3333333333333333, 0.3333333333333333, 0.3333333333333333]"
12215,791.2832085568621,526229.0613986924,"[0.3333333333333333, 0.3333333333333333, 0.3333333333333333]"
12216,928.4983417918213,292136.15183401864,"[0.3333333333333333, 0.3333333333333333, 0.3333333333333333]"
12217,777.200971027275,108609.7709293555,"[0.3333333333333333, 0.3333333333333333, 0.3333333333333333]"
12218,51.877054876121335,612504.6650778241,"[0.3333333333333333, 0.3333333333333333, 0.3333333333333333]"
12219,583.9477956063228,623714.8317431504,"[0.3333333333333333, 0.3333333333333333, 0.3333333333333333]"
12220,554.4931341301226,659702.5310760529,"[0.3333333333333333, 0.3333333333333333, 0.3333333333333333]"
12221,798.3536279176707,159013.1358384493,"[0.3333333333333333, 0.3333333333333333, 0.3333333333333333]"
12222,706.0163823952435,477973.23720305896,"[0.3333333333333333, 0.3333333333333333, 0.3333333333333333]"
12223,138.16309396660156,306062.8048231344,"[0.3333333333333333, 0.3333333333333333, 0.3333333333333333]"
12224,125.7675755578745,866939.4332145479,"[0.3333333333333333, 0.3333333333333333, 0.3333333333333333]"
12225,875.9848983138132,597142.2137743679,"[0.3333333333333333, 0.3333333333333333, 0.3333333333333333]"
12226,518.0646411206383,223532.18931099563,"[0.3333333333333333, 0.3333333333333333, 0.3333333333333333]"
12227,847.3817515228617,151729.93936938295,"[0.3333333333333333, 0.3333333333333333, 0.3333333333333333]"
12228,981.5999332764087,455405.5265297248,"[0.3333333333333333, 0.3333333333333333, 0.3333333333333333]"
12229,148.44017429721765,142318.26862193854,"[0.3333333333333333, 0.3333333333333333, 0.3333333333333333]"
12230,932.9465107984031,860996.3655460641,"[0.3333333333333333, 0.3333333333333333, 0.3333333333333333]"
12231,447.765410735727,871429.6668053688,"[0.3333333333333333, 0.3333333333333333, 0.3333333333333333]"
12232,178.65590644063664,803649.8418226597,"[0.3333333333333333, 0.3333333333333333, 0.3333333333333333]"
12233,170.2764108937298,896165.3814451812,"[0.3333333333333333, 0.3333333333333333, 0.3333333333333333]"
12234,529.3582949074353,358705.83600546303,"[0.3333333333333333, 0.3333333333333333, 0.3333333333333333]"
12235,999.8512060697202,178972.29433537315,"[0.3333333333333333, 0.3333333333333333, 0.3333333333333333]"
12236,49.214390677653945,282829.17057170684,"[0.3333333333333333, 0.3333333333333333, 0.3333333333333333]"
12237,250.67155988731204,739720.7085727907,"[0.3333333333333333, 0.3333333333333333, 0.3333333333333333]"
12238,439.9486479875834,714000.957956387,"[0.3333333333333333, 0.3333333333333333, 0.3333333333333333]"
12239,979.991842710166,839422.8902603772,"[0.3333333333333333, 0.3333333333333333, 0.3333333333333333]"
12240,426.5518493951034,613452.9618111512,"[0.3333333333333333, 0.3333333333333333, 0.3333333333333333]"
12241,298.5020951592489,115263.14076293817,"[0.3333333333333333, 0.3333333333333333, 0.3333333333333333]"
12242,593.1915091070039,474128.1204535307,"[0.3333333333333333, 0.3333333333333333, 0.3333333333333333]"
12243,431.91019007762816,317037.2493839128,"[0.3333333333333333, 0.3333333333333333, 0.3333333333333333]"
12244,260.7599947624777,294411.54662363674,"[0.3333333333333333, 0.3333333333333333, 0.3333333333333333]"
12245,317.66053457519524,673180.7797401601,"[0.3333333333333333, 0.3333333333333333, 0.3333333333333333]"
12246,298.4698281929663,983722.751004966,"[0.3333333333333333, 0.3333333333333333, 0.3333333333333333]"
12247,163.41196125615303,580751.9295641303,"[0.3333333333333333, 0.3333333333333333, 0.3333333333333333]"
12248,431.2457891468487,275380.0879069057,"[0.3333333333333333, 0.3333333333333333, 0.3333333333333333]"
12249,354.5520510119559,732760.588172848,"[0.3333333333333333, 0.3333333333333333, 0.3333333333333333]"
12250,789.0666743778276,308940.7611433839,"[0.3333333333333333, 0.3333333333333333, 0.3333333333333333]"
12251,326.09025746214644,478876.1614253297,"[0.3333333333333333, 0.3333333333333333, 0.3333333333333333]"
12252,819.7716164126524,754480.3622645725,"[0.3333333333333333, 0.3333333333333333, 0.3333333333333333]"
12253,31.717758010059537,455452.2504786828,"[0.3333333333333333, 0.3333333333333333, 0.3333333333333333]"
12254,251.84939985034302,984430.9693174425,"[0.3333333333333333, 0.3333333333333333, 0.3333333333333333]"
12255,408.6556819218788,512524.73092374514,"[0.3333333333333333, 0.3333333333333333, 0.3333333333333333]"
12256,337.49926603852066,302026.29090751987,"[0.3333333333333333, 0.3333333333333333, 0.3333333333333333]"
12257,854.0160729334497,701008.9098251393,"[0.3333333333333333, 0.3333333333333333, 0.3333333333333333]"
12258,71.3934669071944,358232.89846521604,"[0.3333333333333333, 0.3333333333333333, 0.3333333333333333]"
12259,391.12960544210836,306324.1620687259,"[0.3333333333333333, 0.3333333333333333, 0.3333333333333333]"
12260,360.865779838878,610165.007126295,"[0.3333333333333333, 0.3333333333333333, 0.3333333333333333]"
12261,793.6958889590015,363697.6617465203,"[0.3333333333333333, 0.3333333333333333, 0.3333333333333333]"
12262,422.3492715040208,746373.1436417786,"[0.3333333333333333, 0.3333333333333333, 0.3333333333333333]"
12263,704.9831623632156,798207.3892241848,"[0.3333333333333333, 0.3333333333333333, 0.3333333333333333]"
12264,71.93761815996626,692045.5486183027,"[0.3333333333333333, 0.3333333333333333, 0.3333333333333333]"
12265,469.19875589637746,458330.8864083158,"[0.3333333333333333, 0.3333333333333333, 0.3333333333333333]"
12266,72.55915673853582,923699.3210062584,"[0.3333333333333333, 0.3333333333333333, 0.3333333333333333]"
12267,587.5336644244886,261088.80116091497,"[0.3333333333333333, 0.3333333333333333, 0.3333333333333333]"
12268,37.26061522361202,644734.981687294,"[0.3333333333333333, 0.3333333333333333, 0.3333333333333333]"
12269,810.4823192983368,974753.1440688971,"[0.3333333333333333, 0.3333333333333333, 0.3333333333333333]"
12270,806.4250911507634,599711.2377760995,"[0.3333333333333333, 0.3333333333333333, 0.3333333333333333]"
12271,346.7625188522822,967100.3269249854,"[0.3333333333333333, 0.3333333333333333, 0.3333333333333333]"
12272,977.4128926731253,127402.33910301063,"[0.3333333333333333, 0.3333333333333333, 0.3333333333333333]"
12273,103.87140128369454,320706.6113739749,"[0.3333333333333333, 0.3333333333333333, 0.3333333333333333]"
12274,573.8080711375316,488229.0970156479,"[0.3333333333333333, 0.3333333333333333, 0.3333333333333333]"
12275,378.5566819958502,723275.2708883429,"[0.3333333333333333, 0.3333333333333333, 0.3333333333333333]"
12276,285.92049625703646,949288.2040985875,"[0.3333333333333333, 0.3333333333333333, 0.3333333333333333]"
12277,335.87340060381007,739233.3928193083,"[0.3333333333333333, 0.3333333333333333, 0.3333333333333333]"
12278,487.152429482924,158963.9153788651,"[0.3333333333333333, 0.3333333333333333, 0.3333333333333333]"
12279,642.2097955028834,187424.51509090024,"[0.3333333333333333, 0.3333333333333333, 0.3333333333333333]"
12280,655.0840040338471,131946.08821715173,"[0.3333333333333333, 0.3333333333333333, 0.3333333333333333]"
12281,117.1106608532858,583211.8016989965,"[0.3333333333333333, 0.3333333333333333, 0.3333333333333333]"
12282,958.877909089596,559614.2342795846,"[0.3333333333333333, 0.3333333333333333, 0.3333333333333333]"
12283,238.79378445511315,569798.3777578423,"[0.3333333333333333, 0.3333333333333333, 0.3333333333333333]"
12284,984.3089258163327,855216.7675251678,"[0.3333333333333333, 0.3333333333333333, 0.3333333333333333]"
12285,629.1766627402615,771049.6153282127,"[0.3333333333333333, 0.3333333333333333, 0.3333333333333333]"
12286,816.6887915312286,527332.2053085044,"[0.3333333333333333, 0.3333333333333333, 0.3333333333333333]"
12287,276.2441556379006,478414.8413118795,"[0.3333333333333333, 0.3333333333333333, 0.3333333333333333]"
12288,114.84531780831328,119735.72695369214,"[0.3333333333333333, 0.3333333333333333, 0.3333333333333333]"
12289,787.8473785526462,185223.3857617182,"[0.3333333333333333, 0.3333333333333333, 0.3333333333333333]"
12290,76.83631994777163,320602.24481864925,"[0.3333333333333333, 0.3333333333333333, 0.3333333333333333]"
12291,192.00151245647703,200241.9055943663,"[0.3333333333333333, 0.3333333333333333, 0.3333333333333333]"
12292,663.7749722340634,484882.1849361312,"[0.3333333333333333, 0.3333333333333333, 0.3333333333333333]"
12293,564.9429751075805,293381.8428879002,"[0.3333333333333333, 0.3333333333333333, 0.3333333333333333]"
12294,602.5129000404694,658196.6282398363,"[0.3333333333333333, 0.3333333333333333, 0.3333333333333333]"
12295,616.2029881566365,989263.1636190648,"[0.3333333333333333, 0.3333333333333333, 0.3333333333333333]"
12296,968.3218217416422,235578.22716942657,"[0.3333333333333333, 0.3333333333333333, 0.3333333333333333]"
12297,285.9981871801762,185435.09569225577,"[0.3333333333333333, 0.3333333333333333, 0.3333333333333333]"
12298,160.08815476308297,338079.60267840733,"[0.3333333333333333, 0.3333333333333333, 0.3333333333333333]"
12299,30.855811356420965,491166.6942815867,"[0.3333333333333333, 0.3333333333333333, 0.3333333333333333]"
12300,146.4414967539193,867063.1127248583,"[0.3333333333333333, 0.3333333333333333, 0.3333333333333333]"
12301,665.8908658809797,583200.1208914332,"[0.3333333333333333, 0.3333333333333333, 0.3333333333333333]"
12302,398.9119290983956,205691.49683816568,"[0.3333333333333333, 0.3333333333333333, 0.3333333333333333]"
12303,269.6317003737607,854077.7999361762,"[0.3333333333333333, 0.3333333333333333, 0.3333333333333333]"
12304,139.423945069502,882898.2947694163,"[0.3333333333333333, 0.3333333333333333, 0.3333333333333333]"
12305,727.063353252234,660596.8975883635,"[0.3333333333333333, 0.3333333333333333, 0.3333333333333333]"
12306,666.1511591409925,196880.94523024478,"[0.3333333333333333, 0.3333333333333333, 0.3333333333333333]"
12307,108.9443323774969,594395.5580620926,"[0.3333333333333333, 0.3333333333333333, 0.3333333333333333]"
12308,840.3461532868292,784557.0539864945,"[0.3333333333333333, 0.3333333333333333, 0.3333333333333333]"
12309,488.57219685584164,336272.9194781992,"[0.3333333333333333, 0.3333333333333333, 0.3333333333333333]"
12310,922.6091878837269,617462.7960046944,"[0.3333333333333333, 0.3333333333333333, 0.3333333333333333]"
12311,728.0563427157362,356627.35788294894,"[0.3333333333333333, 0.3333333333333333, 0.3333333333333333]"
12312,665.3841119906508,341925.40291015233,"[0.3333333333333333, 0.3333333333333333, 0.3333333333333333]"
12313,662.3333407157859,770578.6030940592,"[0.3333333333333333, 0.3333333333333333, 0.3333333333333333]"
12314,954.3172547188262,358978.36408963415,"[0.3333333333333333, 0.3333333333333333, 0.3333333333333333]"
12315,380.9875219840436,344960.53076390154,"[0.3333333333333333, 0.3333333333333333, 0.3333333333333333]"
12316,669.0757868629078,115153.92606562882,"[0.3333333333333333, 0.3333333333333333, 0.3333333333333333]"
12317,625.1560520619378,313134.77225147723,"[0.3333333333333333, 0.3333333333333333, 0.3333333333333333]"
12318,628.1472524960564,852961.9362622949,"[0.3333333333333333, 0.3333333333333333, 0.3333333333333333]"
12319,31.60674354349713,463716.52738325606,"[0.3333333333333333, 0.3333333333333333, 0.3333333333333333]"
12320,106.41733999960637,134196.7946260135,"[0.3333333333333333, 0.3333333333333333, 0.3333333333333333]"
12321,872.772360365345,269242.9627134314,"[0.3333333333333333, 0.3333333333333333, 0.3333333333333333]"
12322,866.9165678377155,592287.7717646528,"[0.3333333333333333, 0.3333333333333333, 0.3333333333333333]"
12323,200.59051985819144,773042.0210658218,"[0.3333333333333333, 0.3333333333333333, 0.3333333333333333]"
12324,180.54594838800435,699033.9495077474,"[0.3333333333333333, 0.3333333333333333, 0.3333333333333333]"
12325,581.5144047994679,850882.0075538527,"[0.3333333333333333, 0.3333333333333333, 0.3333333333333333]"
12326,338.9550655248537,979576.3119486426,"[0.3333333333333333, 0.3333333333333333, 0.3333333333333333]"
12327,654.2699043879884,522161.0458914244,"[0.3333333333333333, 0.3333333333333333, 0.3333333333333333]"
12328,165.3651196633847,365526.94308476127,"[0.3333333333333333, 0.3333333333333333, 0.3333333333333333]"
12329,884.8935705077834,251849.99516027418,"[0.3333333333333333, 0.3333333333333333, 0.3333333333333333]"
12330,470.6705115993964,304000.62744110916,"[0.3333333333333333, 0.3333333333333333, 0.3333333333333333]"
12331,745.8607502487516,365844.5349521267,"[0.3333333333333333, 0.3333333333333333, 0.3333333333333333]"
12332,886.6739203534036,442087.841158171,"[0.3333333333333333, 0.3333333333333333, 0.3333333333333333]"
12333,713.7797742979719,379986.71467796195,"[0.3333333333333333, 0.3333333333333333, 0.3333333333333333]"
12334,975.434983311782,368662.35845907946,"[0.3333333333333333, 0.3333333333333333, 0.3333333333333333]"
12335,880.0371661614474,705826.3771391064,"[0.3333333333333333, 0.3333333333333333, 0.3333333333333333]"
12336,651.7659609627899,761245.9506125267,"[0.3333333333333333, 0.3333333333333333, 0.3333333333333333]"
12337,666.1951372838295,963400.392993769,"[0.3333333333333333, 0.3333333333333333, 0.3333333333333333]"
12338,848.0466361008663,435033.21307037806,"[0.3333333333333333, 0.3333333333333333, 0.3333333333333333]"
12339,465.14549657547764,629149.416941666,"[0.3333333333333333, 0.3333333333333333, 0.3333333333333333]"
12340,425.90261837729986,113657.41415207408,"[0.3333333333333333, 0.3333333333333333, 0.3333333333333333]"
12341,672.1319109840184,798644.2298121359,"[0.3333333333333333, 0.3333333333333333, 0.3333333333333333]"
12342,790.0931608272516,139955.66243461694,"[0.3333333333333333, 0.3333333333333333, 0.3333333333333333]"
12343,820.3108608276902,386628.90130963316,"[0.3333333333333333, 0.3333333333333333, 0.3333333333333333]"
12344,103.90978683608449,308009.6223955074,"[0.3333333333333333, 0.3333333333333333, 0.3333333333333333]"
12345,599.2885729114764,257259.2771052556,"[0.3333333333333333, 0.3333333333333333, 0.3333333333333333]"
12346,459.80099165390914,458178.93820075865,"[0.3333333333333333, 0.3333333333333333, 0.3333333333333333]"
12347,460.9475694815977,103326.19073809772,"[0.3333333333333333, 0.3333333333333333, 0.3333333333333333]"
12348,826.3039478293437,523337.53282017616,"[0.3333333333333333, 0.3333333333333333, 0.3333333333333333]"
12349,584.6533835512463,328359.1892674642,"[0.3333333333333333, 0.3333333333333333, 0.3333333333333333]"
12350,613.1503740451104,319606.38100734435,"[0.3333333333333333, 0.3333333333333333, 0.3333333333333333]"
12351,344.75884591916866,625972.4565814498,"[0.3333333333333333, 0.3333333333333333, 0.3333333333333333]"
12352,271.7203747250194,902543.8886044684,"[0.3333333333333333, 0.3333333333333333, 0.3333333333333333]"
12353,111.20899180711308,901716.7623182865,"[0.3333333333333333, 0.3333333333333333, 0.3333333333333333]"
12354,571.0190589489647,418201.62929287954,"[0.3333333333333333, 0.3333333333333333, 0.3333333333333333]"
12355,964.5492268085695,484659.81291321205,"[0.3333333333333333, 0.3333333333333333, 0.3333333333333333]"
12356,518.2097356304678,106247.54683301752,"[0.3333333333333333, 0.3333333333333333, 0.3333333333333333]"
12357,638.024760405515,426523.50770026445,"[0.3333333333333333, 0.3333333333333333, 0.3333333333333333]"
12358,14.912699414348902,241664.16633890307,"[0.3333333333333333, 0.3333333333333333, 0.3333333333333333]"
12359,448.3535247988486,714115.9665787629,"[0.3333333333333333, 0.3333333333333333, 0.3333333333333333]"
12360,257.21938104752405,445736.8252712463,"[0.3333333333333333, 0.3333333333333333, 0.3333333333333333]"
12361,787.8243494162526,975134.0647220387,"[0.3333333333333333, 0.3333333333333333, 0.3333333333333333]"
12362,553.0363166346133,946194.4127671064,"[0.3333333333333333, 0.3333333333333333, 0.3333333333333333]"
12363,410.7632091638806,428485.8508014674,"[0.3333333333333333, 0.3333333333333333, 0.3333333333333333]"
12364,586.8972690407426,227329.02699929144,"[0.3333333333333333, 0.3333333333333333, 0.3333333333333333]"
12365,753.8390737501469,440391.0151737317,"[0.3333333333333333, 0.3333333333333333, 0.3333333333333333]"
12366,424.73471220924375,245033.08779699018,"[0.3333333333333333, 0.3333333333333333, 0.3333333333333333]"
12367,356.682938928863,358035.84400121577,"[0.3333333333333333, 0.3333333333333333, 0.3333333333333333]"
12368,848.6114779709201,354955.9945743786,"[0.3333333333333333, 0.3333333333333333, 0.3333333333333333]"
12369,274.0616924259073,774928.0084961443,"[0.3333333333333333, 0.3333333333333333, 0.3333333333333333]"
12370,937.8778190359747,526942.4763845347,"[0.3333333333333333, 0.3333333333333333, 0.3333333333333333]"
12371,894.8213469361178,562169.5287938423,"[0.3333333333333333, 0.3333333333333333, 0.3333333333333333]"
12372,100.11804600920136,671519.9401217831,"[0.3333333333333333, 0.3333333333333333, 0.3333333333333333]"
12373,805.4354769814033,942311.415224391,"[0.3333333333333333, 0.3333333333333333, 0.3333333333333333]"
12374,582.1090513383066,671274.4275959303,"[0.3333333333333333, 0.3333333333333333, 0.3333333333333333]"
12375,522.0045416189372,814192.477228458,"[0.3333333333333333, 0.3333333333333333, 0.3333333333333333]"
12376,97.79180795591854,200196.54443971976,"[0.3333333333333333, 0.3333333333333333, 0.3333333333333333]"
12377,45.13649864943814,858059.968468239,"[0.3333333333333333, 0.3333333333333333, 0.3333333333333333]"
12378,594.1717454746502,581808.419733291,"[0.3333333333333333, 0.3333333333333333, 0.3333333333333333]"
12379,817.76661704471,907617.9056440772,"[0.3333333333333333, 0.3333333333333333, 0.3333333333333333]"
12380,40.58320917799633,815134.792409461,"[0.3333333333333333, 0.3333333333333333, 0.3333333333333333]"
12381,430.9695424339791,873044.3171197124,"[0.3333333333333333, 0.3333333333333333, 0.3333333333333333]"
12382,199.32715154597344,530854.5613978577,"[0.3333333333333333, 0.3333333333333333, 0.3333333333333333]"
12383,408.7243237427974,731129.9775836441,"[0.3333333333333333, 0.3333333333333333, 0.3333333333333333]"
12384,367.97519457069046,391792.8066843511,"[0.3333333333333333, 0.3333333333333333, 0.3333333333333333]"
12385,774.6538681306961,174711.74647426195,"[0.3333333333333333, 0.3333333333333333, 0.3333333333333333]"
12386,712.1455227528528,304343.13044313714,"[0.3333333333333333, 0.3333333333333333, 0.3333333333333333]"
12387,250.5766141225641,438164.4277067338,"[0.3333333333333333, 0.3333333333333333, 0.3333333333333333]"
12388,714.5462938858202,174132.03445820694,"[0.3333333333333333, 0.3333333333333333, 0.3333333333333333]"
12389,895.311744003382,869358.8550150548,"[0.3333333333333333, 0.3333333333333333, 0.3333333333333333]"
12390,463.3234406017568,664497.7847090882,"[0.3333333333333333, 0.3333333333333333, 0.3333333333333333]"
12391,237.19934360642245,734719.6730015933,"[0.3333333333333333, 0.3333333333333333, 0.3333333333333333]"
12392,303.5863727449404,147456.39944069786,"[0.3333333333333333, 0.3333333333333333, 0.3333333333333333]"
12393,278.618533418703,929959.8176212676,"[0.3333333333333333, 0.3333333333333333, 0.3333333333333333]"
12394,225.07627755237618,636602.8448324547,"[0.3333333333333333, 0.3333333333333333, 0.3333333333333333]"
12395,640.505185854872,781940.6524424957,"[0.3333333333333333, 0.3333333333333333, 0.3333333333333333]"
12396,362.9343413468438,631726.9071595138,"[0.3333333333333333, 0.3333333333333333, 0.3333333333333333]"
12397,909.9051869273912,449706.3919989945,"[0.3333333333333333, 0.3333333333333333, 0.3333333333333333]"
12398,720.9658697484531,539036.1677481522,"[0.3333333333333333, 0.3333333333333333, 0.3333333333333333]"
12399,479.1076005644462,597083.4208532638,"[0.3333333333333333, 0.3333333333333333, 0.3333333333333333]"
12400,649.833141893817,285117.21002701286,"[0.3333333333333333, 0.3333333333333333, 0.3333333333333333]"
12401,280.9857047236833,253275.74982683317,"[0.3333333333333333, 0.3333333333333333, 0.3333333333333333]"
12402,217.64166107251205,798703.1123328645,"[0.3333333333333333, 0.3333333333333333, 0.3333333333333333]"
12403,379.0215499520797,215485.79943797417,"[0.3333333333333333, 0.3333333333333333, 0.3333333333333333]"
12404,888.455504420874,657974.3795581601,"[0.3333333333333333, 0.3333333333333333, 0.3333333333333333]"
12405,834.1765515727612,716695.1650512337,"[0.3333333333333333, 0.3333333333333333, 0.3333333333333333]"
12406,622.7663906224366,196563.33165327134,"[0.3333333333333333, 0.3333333333333333, 0.3333333333333333]"
12407,660.0659802088852,708977.9758281682,"[0.3333333333333333, 0.3333333333333333, 0.3333333333333333]"
12408,436.93116436889466,405784.51535223995,"[0.3333333333333333, 0.3333333333333333, 0.3333333333333333]"
12409,180.070126141393,510158.8778493136,"[0.3333333333333333, 0.3333333333333333, 0.3333333333333333]"
12410,567.2759450205551,170238.71964843204,"[0.3333333333333333, 0.3333333333333333, 0.3333333333333333]"
12411,416.7407506111819,108970.37134239095,"[0.3333333333333333, 0.3333333333333333, 0.3333333333333333]"
12412,884.6149151504756,197356.34923078062,"[0.3333333333333333, 0.3333333333333333, 0.3333333333333333]"
12413,870.3283628143566,164094.6517740053,"[0.3333333333333333, 0.3333333333333333, 0.3333333333333333]"
12414,765.0906852223607,577614.9892295239,"[0.3333333333333333, 0.3333333333333333, 0.3333333333333333]"
12415,863.0046332903846,815468.4020971935,"[0.3333333333333333, 0.3333333333333333, 0.3333333333333333]"
12416,266.1720458677396,127481.74496438555,"[0.3333333333333333, 0.3333333333333333, 0.3333333333333333]"
12417,349.28750843421,945985.2503797973,"[0.3333333333333333, 0.3333333333333333, 0.3333333333333333]"
12418,827.9191847268912,961638.9643984187,"[0.3333333333333333, 0.3333333333333333, 0.3333333333333333]"
12419,709.3119120127407,925788.9192738638,"[0.3333333333333333, 0.3333333333333333, 0.3333333333333333]"
12420,995.8634779752972,331893.1754768724,"[0.3333333333333333, 0.3333333333333333, 0.3333333333333333]"
12421,784.3509594648372,543477.1159591478,"[0.3333333333333333, 0.3333333333333333, 0.3333333333333333]"
12422,424.3795036812271,363606.8625114089,"[0.3333333333333333, 0.3333333333333333, 0.3333333333333333]"
12423,855.5061396731398,178051.01762108124,"[0.3333333333333333, 0.3333333333333333, 0.3333333333333333]"
12424,783.1050114204664,604276.1990149947,"[0.3333333333333333, 0.3333333333333333, 0.3333333333333333]"
12425,292.7537792992508,677948.860458427,"[0.3333333333333333, 0.3333333333333333, 0.3333333333333333]"
12426,55.68155808215908,700573.0467529637,"[0.3333333333333333, 0.3333333333333333, 0.3333333333333333]"
12427,753.6094501384376,649634.12547532,"[0.3333333333333333, 0.3333333333333333, 0.3333333333333333]"
12428,790.7454157072697,457863.3686479408,"[0.3333333333333333, 0.3333333333333333, 0.3333333333333333]"
12429,614.3611755940079,475273.5979365117,"[0.3333333333333333, 0.3333333333333333, 0.3333333333333333]"
12430,990.2471688281229,634915.089652041,"[0.3333333333333333, 0.3333333333333333, 0.3333333333333333]"
12431,456.45336066570223,124286.26291769375,"[0.3333333333333333, 0.3333333333333333, 0.3333333333333333]"
12432,328.95549314454354,198396.01929134654,"[0.3333333333333333, 0.3333333333333333, 0.3333333333333333]"
12433,542.1591627916894,259622.1716199404,"[0.3333333333333333, 0.3333333333333333, 0.3333333333333333]"
12434,94.82323084489326,186794.38961207666,"[0.3333333333333333, 0.3333333333333333, 0.3333333333333333]"
12435,419.62335351152905,706143.4637960367,"[0.3333333333333333, 0.3333333333333333, 0.3333333333333333]"
12436,398.48628912349216,372071.84540922527,"[0.3333333333333333, 0.3333333333333333, 0.3333333333333333]"
12437,722.0161988942441,205490.50160897878,"[0.3333333333333333, 0.3333333333333333, 0.3333333333333333]"
12438,700.0716616049457,980290.6615316232,"[0.3333333333333333, 0.3333333333333333, 0.3333333333333333]"
12439,718.642493283825,617532.6721216692,"[0.3333333333333333, 0.3333333333333333, 0.3333333333333333]"
12440,938.0373416473035,448051.38259511575,"[0.3333333333333333, 0.3333333333333333, 0.3333333333333333]"
12441,826.7737093576453,975695.0184710454,"[0.3333333333333333, 0.3333333333333333, 0.3333333333333333]"
12442,658.1656068166493,375442.6742630226,"[0.3333333333333333, 0.3333333333333333, 0.3333333333333333]"
12443,897.098274711809,931572.2269668572,"[0.3333333333333333, 0.3333333333333333, 0.3333333333333333]"
12444,239.53348335029565,431995.87614434276,"[0.3333333333333333, 0.3333333333333333, 0.3333333333333333]"
12445,611.6422808765111,174202.474999565,"[0.3333333333333333, 0.3333333333333333, 0.3333333333333333]"
12446,962.4111996889734,145070.77320622903,"[0.3333333333333333, 0.3333333333333333, 0.3333333333333333]"
12447,49.610824127819775,905048.1945368173,"[0.3333333333333333, 0.3333333333333333, 0.3333333333333333]"
12448,438.84908799116965,138579.29976836836,"[0.3333333333333333, 0.3333333333333333, 0.3333333333333333]"
12449,651.5596617758059,105268.67845089131,"[0.3333333333333333, 0.3333333333333333, 0.3333333333333333]"
12450,21.354470439862546,997040.1663544469,"[0.3333333333333333, 0.3333333333333333, 0.3333333333333333]"
12451,451.24025653562995,999287.2213856435,"[0.3333333333333333, 0.3333333333333333, 0.3333333333333333]"
12452,381.02699670480905,967718.8864791471,"[0.3333333333333333, 0.3333333333333333, 0.3333333333333333]"
12453,799.9415986769185,655622.679336307,"[0.3333333333333333, 0.3333333333333333, 0.3333333333333333]"
12454,893.0940997776489,234019.69652577865,"[0.3333333333333333, 0.3333333333333333, 0.3333333333333333]"
12455,193.96335140283057,582473.4005218146,"[0.3333333333333333, 0.3333333333333333, 0.3333333333333333]"
12456,216.47846420680605,153962.79099405505,"[0.3333333333333333, 0.3333333333333333, 0.3333333333333333]"
12457,87.98456308703334,820187.92546025,"[0.3333333333333333, 0.3333333333333333, 0.3333333333333333]"
12458,911.1302906924461,623038.3563041773,"[0.3333333333333333, 0.3333333333333333, 0.3333333333333333]"
12459,14.433794853295208,141361.3011629034,"[0.3333333333333333, 0.3333333333333333, 0.3333333333333333]"
12460,749.6419264100435,442132.78956383036,"[0.3333333333333333, 0.3333333333333333, 0.3333333333333333]"
12461,367.59296597664314,481493.55989214656,"[0.3333333333333333, 0.3333333333333333, 0.3333333333333333]"
12462,739.0714442521697,398907.3292096119,"[0.3333333333333333, 0.3333333333333333, 0.3333333333333333]"
12463,275.8624308608503,714293.7480702957,"[0.3333333333333333, 0.3333333333333333, 0.3333333333333333]"
12464,715.0693490672431,168621.67708667094,"[0.3333333333333333, 0.3333333333333333, 0.3333333333333333]"
12465,644.7211951934515,154711.58949623923,"[0.3333333333333333, 0.3333333333333333, 0.3333333333333333]"
12466,317.37470898635365,498724.10717293853,"[0.3333333333333333, 0.3333333333333333, 0.3333333333333333]"
12467,626.1129121760335,736981.4204649471,"[0.3333333333333333, 0.3333333333333333, 0.3333333333333333]"
12468,193.94913291042818,291413.8956734494,"[0.3333333333333333, 0.3333333333333333, 0.3333333333333333]"
12469,271.6014088276678,876531.3943621397,"[0.3333333333333333, 0.3333333333333333, 0.3333333333333333]"
12470,348.286974667818,694627.1011686564,"[0.3333333333333333, 0.3333333333333333, 0.3333333333333333]"
12471,917.001475855331,261795.06513244053,"[0.3333333333333333, 0.3333333333333333, 0.3333333333333333]"
12472,350.8190280090099,657630.8069160163,"[0.3333333333333333, 0.3333333333333333, 0.3333333333333333]"
12473,358.39831175249753,451170.28559553943,"[0.3333333333333333, 0.3333333333333333, 0.3333333333333333]"
12474,549.0947790821654,255846.17325497605,"[0.3333333333333333, 0.3333333333333333, 0.3333333333333333]"
12475,891.1189745600021,997820.6154308622,"[0.3333333333333333, 0.3333333333333333, 0.3333333333333333]"
12476,88.48398197288827,264731.71033166884,"[0.3333333333333333, 0.3333333333333333, 0.3333333333333333]"
12477,469.5211338344875,872225.1522773132,"[0.3333333333333333, 0.3333333333333333, 0.3333333333333333]"
12478,932.6196597045133,996368.5391676245,"[0.3333333333333333, 0.3333333333333333, 0.3333333333333333]"
12479,920.2918135356042,779459.5385103499,"[0.3333333333333333, 0.3333333333333333, 0.3333333333333333]"
12480,179.5396620097526,279989.27278225886,"[0.3333333333333333, 0.3333333333333333, 0.3333333333333333]"
12481,391.89974783579294,117117.81473221633,"[0.3333333333333333, 0.3333333333333333, 0.3333333333333333]"
12482,432.9033626662706,185749.87815834343,"[0.3333333333333333, 0.3333333333333333, 0.3333333333333333]"
12483,453.64828234620387,204006.49012130656,"[0.3333333333333333, 0.3333333333333333, 0.3333333333333333]"
12484,272.92980697063916,333005.8029016546,"[0.3333333333333333, 0.3333333333333333, 0.3333333333333333]"
12485,587.5108997570665,980522.2434713442,"[0.3333333333333333, 0.3333333333333333, 0.3333333333333333]"
12486,483.582576272978,787190.0141093358,"[0.3333333333333333, 0.3333333333333333, 0.3333333333333333]"
12487,762.6755244390785,815180.3698897308,"[0.3333333333333333, 0.3333333333333333, 0.3333333333333333]"
12488,539.7180020633828,617210.3089674916,"[0.3333333333333333, 0.3333333333333333, 0.3333333333333333]"
12489,203.3878619713979,348259.1640077152,"[0.3333333333333333, 0.3333333333333333, 0.3333333333333333]"
12490,548.2978358862197,482865.02294998796,"[0.3333333333333333, 0.3333333333333333, 0.3333333333333333]"
12491,622.6304883755998,730969.5320970871,"[0.3333333333333333, 0.3333333333333333, 0.3333333333333333]"
12492,787.1749747813963,279337.0685397745,"[0.3333333333333333, 0.3333333333333333, 0.3333333333333333]"
12493,74.32334876253731,180083.0935122639,"[0.3333333333333333, 0.3333333333333333, 0.3333333333333333]"
12494,578.0980940002377,124786.50758774835,"[0.3333333333333333, 0.3333333333333333, 0.3333333333333333]"
12495,229.82678565395867,334612.9255972184,"[0.3333333333333333, 0.3333333333333333, 0.3333333333333333]"
12496,698.2275047433577,996880.4957986039,"[0.3333333333333333, 0.3333333333333333, 0.3333333333333333]"
12497,651.079497208862,592780.1339439542,"[0.3333333333333333, 0.3333333333333333, 0.3333333333333333]"
12498,983.892389684512,730045.3633552773,"[0.3333333333333333, 0.3333333333333333, 0.3333333333333333]"
12499,595.6285478545414,489871.188940199,"[0.3333333333333333, 0.3333333333333333, 0.3333333333333333]"
12500,757.3853858741293,237264.93939148606,"[0.3333333333333333, 0.3333333333333333, 0.3333333333333333]"
12501,386.8394849918078,177816.3675856801,"[0.3333333333333333, 0.3333333333333333, 0.3333333333333333]"
12502,512.5546417134618,193890.6376604606,"[0.3333333333333333, 0.3333333333333333, 0.3333333333333333]"
12503,408.65861994910387,411265.47496769915,"[0.3333333333333333, 0.3333333333333333, 0.3333333333333333]"
12504,631.9192259657526,889540.5681602107,"[0.3333333333333333, 0.3333333333333333, 0.3333333333333333]"
12505,612.816240252508,151533.02843558305,"[0.3333333333333333, 0.3333333333333333, 0.3333333333333333]"
12506,573.1768191666788,321878.0942879375,"[0.3333333333333333, 0.3333333333333333, 0.3333333333333333]"
12507,707.9341742889724,235154.79111903333,"[0.3333333333333333, 0.3333333333333333, 0.3333333333333333]"
12508,310.80133911233145,339453.0708657359,"[0.3333333333333333, 0.3333333333333333, 0.3333333333333333]"
12509,26.786497080484992,779870.1202004012,"[0.3333333333333333, 0.3333333333333333, 0.3333333333333333]"
12510,875.5212857583012,840314.5989907179,"[0.3333333333333333, 0.3333333333333333, 0.3333333333333333]"
12511,473.4836340847146,886376.0832817836,"[0.3333333333333333, 0.3333333333333333, 0.3333333333333333]"
12512,737.2855719675787,570031.6376350108,"[0.3333333333333333, 0.3333333333333333, 0.3333333333333333]"
12513,37.14408884041303,153577.73896038815,"[0.3333333333333333, 0.3333333333333333, 0.3333333333333333]"
12514,138.76310116945075,376878.3217238439,"[0.3333333333333333, 0.3333333333333333, 0.3333333333333333]"
12515,654.3476539842147,797353.7304043183,"[0.3333333333333333, 0.3333333333333333, 0.3333333333333333]"
12516,410.5690871048122,272391.65644310496,"[0.3333333333333333, 0.3333333333333333, 0.3333333333333333]"
12517,786.0149415439615,496518.0793845301,"[0.3333333333333333, 0.3333333333333333, 0.3333333333333333]"
12518,483.51348203723353,708276.9430337576,"[0.3333333333333333, 0.3333333333333333, 0.3333333333333333]"
12519,355.0817418383801,449684.3170257727,"[0.3333333333333333, 0.3333333333333333, 0.3333333333333333]"
12520,557.2007362686937,680617.9727214418,"[0.3333333333333333, 0.3333333333333333, 0.3333333333333333]"
12521,714.259015911468,825724.1516339898,"[0.3333333333333333, 0.3333333333333333, 0.3333333333333333]"
12522,37.19521670305343,991627.6998734716,"[0.3333333333333333, 0.3333333333333333, 0.3333333333333333]"
12523,559.2372263937108,136260.88405277662,"[0.3333333333333333, 0.3333333333333333, 0.3333333333333333]"
12524,987.0869637610502,179457.47061634687,"[0.3333333333333333, 0.3333333333333333, 0.3333333333333333]"
12525,473.0609921023547,586123.6602531571,"[0.3333333333333333, 0.3333333333333333, 0.3333333333333333]"
12526,404.7675403380569,157664.49651809892,"[0.3333333333333333, 0.3333333333333333, 0.3333333333333333]"
12527,45.23840161992302,885368.1870306286,"[0.3333333333333333, 0.3333333333333333, 0.3333333333333333]"
12528,491.75623934477113,356572.23413996655,"[0.3333333333333333, 0.3333333333333333, 0.3333333333333333]"
12529,306.154854282937,143890.64976284298,"[0.3333333333333333, 0.3333333333333333, 0.3333333333333333]"
12530,994.8281798865788,187119.3655577252,"[0.3333333333333333, 0.3333333333333333, 0.3333333333333333]"
12531,241.00266512805948,481952.46382690995,"[0.3333333333333333, 0.3333333333333333, 0.3333333333333333]"
12532,267.0215847117019,612615.7781277793,"[0.3333333333333333, 0.3333333333333333, 0.3333333333333333]"
12533,825.4791153533928,840756.7522881487,"[0.3333333333333333, 0.3333333333333333, 0.3333333333333333]"
12534,115.47211152145505,735544.680813932,"[0.3333333333333333, 0.3333333333333333, 0.3333333333333333]"
12535,834.7835010037401,644896.090461425,"[0.3333333333333333, 0.3333333333333333, 0.3333333333333333]"
12536,194.83832440125576,451606.4891887558,"[0.3333333333333333, 0.3333333333333333, 0.3333333333333333]"
12537,784.1237605611866,854749.9488635492,"[0.3333333333333333, 0.3333333333333333, 0.3333333333333333]"
12538,123.70491047943737,142761.85694374284,"[0.3333333333333333, 0.3333333333333333, 0.3333333333333333]"
12539,209.25549305233835,969654.1471341146,"[0.3333333333333333, 0.3333333333333333, 0.3333333333333333]"
12540,500.33991638472713,246649.66511135388,"[0.3333333333333333, 0.3333333333333333, 0.3333333333333333]"
12541,73.34029991614959,724582.3440946433,"[0.3333333333333333, 0.3333333333333333, 0.3333333333333333]"
12542,643.0228838981295,485527.23555856233,"[0.3333333333333333, 0.3333333333333333, 0.3333333333333333]"
12543,608.9597375604322,164112.00020040045,"[0.3333333333333333, 0.3333333333333333, 0.3333333333333333]"
12544,675.7150955347878,406653.02876645216,"[0.3333333333333333, 0.3333333333333333, 0.3333333333333333]"
12545,321.56948863839943,216540.75346881713,"[0.3333333333333333, 0.3333333333333333, 0.3333333333333333]"
12546,712.0262175875113,690150.4892576156,"[0.3333333333333333, 0.3333333333333333, 0.3333333333333333]"
12547,574.6780721110689,565733.1333705513,"[0.3333333333333333, 0.3333333333333333, 0.3333333333333333]"
12548,99.33644038493978,820738.8072863679,"[0.3333333333333333, 0.3333333333333333, 0.3333333333333333]"
12549,968.9529308092137,379716.14707068657,"[0.3333333333333333, 0.3333333333333333, 0.3333333333333333]"
12550,921.6787533194889,961536.2530624435,"[0.3333333333333333, 0.3333333333333333, 0.3333333333333333]"
12551,589.9865216096485,931840.7159720317,"[0.3333333333333333, 0.3333333333333333, 0.3333333333333333]"
12552,904.0945205854362,572529.1603435692,"[0.3333333333333333, 0.3333333333333333, 0.3333333333333333]"
12553,737.3478060579662,157703.37712251494,"[0.3333333333333333, 0.3333333333333333, 0.3333333333333333]"
12554,177.52906109665238,676796.2638792791,"[0.3333333333333333, 0.3333333333333333, 0.3333333333333333]"
12555,872.0207509686695,255312.71263370223,"[0.3333333333333333, 0.3333333333333333, 0.3333333333333333]"
12556,117.79066758665942,582657.1894041002,"[0.3333333333333333, 0.3333333333333333, 0.3333333333333333]"
12557,922.5439717754491,891666.2059918554,"[0.3333333333333333, 0.3333333333333333, 0.3333333333333333]"
12558,970.8895809649867,608265.0476651795,"[0.3333333333333333, 0.3333333333333333, 0.3333333333333333]"
12559,664.8519426890574,160207.60901288647,"[0.3333333333333333, 0.3333333333333333, 0.3333333333333333]"
12560,940.0607340059512,488871.9946608053,"[0.3333333333333333, 0.3333333333333333, 0.3333333333333333]"
12561,785.871200928309,651538.5052728103,"[0.3333333333333333, 0.3333333333333333, 0.3333333333333333]"
12562,391.7709211310006,344631.202000917,"[0.3333333333333333, 0.3333333333333333, 0.3333333333333333]"
12563,640.6476442111866,535316.5758707265,"[0.3333333333333333, 0.3333333333333333, 0.3333333333333333]"
12564,393.317971130857,745698.9162329133,"[0.3333333333333333, 0.3333333333333333, 0.3333333333333333]"
12565,348.1902641897935,350404.3043907102,"[0.3333333333333333, 0.3333333333333333, 0.3333333333333333]"
12566,902.477693390835,163884.4410589608,"[0.3333333333333333, 0.3333333333333333, 0.3333333333333333]"
12567,505.48752166173574,273458.84610308893,"[0.3333333333333333, 0.3333333333333333, 0.3333333333333333]"
12568,227.19340164449335,528402.792886522,"[0.3333333333333333, 0.3333333333333333, 0.3333333333333333]"
12569,310.7970219856322,867978.0555029599,"[0.3333333333333333, 0.3333333333333333, 0.3333333333333333]"
12570,851.4553080745958,534031.3446137602,"[0.3333333333333333, 0.3333333333333333, 0.3333333333333333]"
12571,805.7399729041724,424826.68207995174,"[0.3333333333333333, 0.3333333333333333, 0.3333333333333333]"
12572,42.56689122445905,722990.1405797206,"[0.3333333333333333, 0.3333333333333333, 0.3333333333333333]"
12573,837.1234356500848,227933.43923608487,"[0.3333333333333333, 0.3333333333333333, 0.3333333333333333]"
12574,852.1464386306099,387099.3289236504,"[0.3333333333333333, 0.3333333333333333, 0.3333333333333333]"
12575,817.6796753737219,568845.3429775487,"[0.3333333333333333, 0.3333333333333333, 0.3333333333333333]"
12576,737.6859514935418,420968.40655153384,"[0.3333333333333333, 0.3333333333333333, 0.3333333333333333]"
12577,781.6386716277178,369714.21576723276,"[0.3333333333333333, 0.3333333333333333, 0.3333333333333333]"
12578,205.1586641842569,987674.3727341363,"[0.3333333333333333, 0.3333333333333333, 0.3333333333333333]"
12579,455.5095968733875,144458.59401464945,"[0.3333333333333333, 0.3333333333333333, 0.3333333333333333]"
12580,138.04840911494153,439995.50090561237,"[0.3333333333333333, 0.3333333333333333, 0.3333333333333333]"
12581,462.54314999547034,888047.9154581082,"[0.3333333333333333, 0.3333333333333333, 0.3333333333333333]"
12582,250.20486034043796,129356.11081336816,"[0.3333333333333333, 0.3333333333333333, 0.3333333333333333]"
12583,945.5833434395781,270752.25396112935,"[0.3333333333333333, 0.3333333333333333, 0.3333333333333333]"
12584,648.8826377187771,493598.1362743342,"[0.3333333333333333, 0.3333333333333333, 0.3333333333333333]"
12585,230.39847040270368,143302.58646795002,"[0.3333333333333333, 0.3333333333333333, 0.3333333333333333]"
12586,774.2877192713265,768505.7986664698,"[0.3333333333333333, 0.3333333333333333, 0.3333333333333333]"
12587,267.12497484267715,288231.76630651124,"[0.3333333333333333, 0.3333333333333333, 0.3333333333333333]"
12588,773.1473792593544,725742.9503151953,"[0.3333333333333333, 0.3333333333333333, 0.3333333333333333]"
12589,359.6540982942346,344831.2446670728,"[0.3333333333333333, 0.3333333333333333, 0.3333333333333333]"
12590,83.4425073989364,838950.4771230296,"[0.3333333333333333, 0.3333333333333333, 0.3333333333333333]"
12591,422.70856471512366,900945.2619496962,"[0.3333333333333333, 0.3333333333333333, 0.3333333333333333]"
12592,752.8116503081843,670780.3944947993,"[0.3333333333333333, 0.3333333333333333, 0.3333333333333333]"
12593,874.1636368551283,865744.5326737008,"[0.3333333333333333, 0.3333333333333333, 0.3333333333333333]"
12594,141.17033948774082,447517.9904029588,"[0.3333333333333333, 0.3333333333333333, 0.3333333333333333]"
12595,769.4823207677309,779299.0484177017,"[0.3333333333333333, 0.3333333333333333, 0.3333333333333333]"
12596,110.89626119246219,816381.6879915271,"[0.3333333333333333, 0.3333333333333333, 0.3333333333333333]"
12597,351.085179773079,560160.9234897245,"[0.3333333333333333, 0.3333333333333333, 0.3333333333333333]"
12598,408.5135348890202,516490.0016207034,"[0.3333333333333333, 0.3333333333333333, 0.3333333333333333]"
12599,442.3899520701622,265373.6491989923,"[0.3333333333333333, 0.3333333333333333, 0.3333333333333333]"
12600,697.4243873539822,688207.7192283581,"[0.3333333333333333, 0.3333333333333333, 0.3333333333333333]"
12601,521.6889158026619,510156.3701169332,"[0.3333333333333333, 0.3333333333333333, 0.3333333333333333]"
12602,877.5450942457638,449973.69179397466,"[0.3333333333333333, 0.3333333333333333, 0.3333333333333333]"
12603,458.9527892327981,923991.515966679,"[0.3333333333333333, 0.3333333333333333, 0.3333333333333333]"
12604,726.0363781841102,446799.64244712226,"[0.3333333333333333, 0.3333333333333333, 0.3333333333333333]"
12605,448.49284320895663,319347.27950177155,"[0.3333333333333333, 0.3333333333333333, 0.3333333333333333]"
12606,543.5751839229689,116396.19885829173,"[0.3333333333333333, 0.3333333333333333, 0.3333333333333333]"
12607,320.8103640689758,407456.69996741804,"[0.3333333333333333, 0.3333333333333333, 0.3333333333333333]"
12608,651.224055093999,101013.80091301765,"[0.3333333333333333, 0.3333333333333333, 0.3333333333333333]"
12609,65.64969717743814,126147.8192514512,"[0.3333333333333333, 0.3333333333333333, 0.3333333333333333]"
12610,923.3254420408246,936539.5691834298,"[0.3333333333333333, 0.3333333333333333, 0.3333333333333333]"
12611,97.5732481177326,843122.1264792145,"[0.3333333333333333, 0.3333333333333333, 0.3333333333333333]"
12612,81.85759071459142,774457.8520780866,"[0.3333333333333333, 0.3333333333333333, 0.3333333333333333]"
12613,119.91177403856946,360870.3372293218,"[0.3333333333333333, 0.3333333333333333, 0.3333333333333333]"
12614,785.2662752043385,692599.6585087926,"[0.3333333333333333, 0.3333333333333333, 0.3333333333333333]"
12615,765.8723884461466,356834.66823813075,"[0.3333333333333333, 0.3333333333333333, 0.3333333333333333]"
12616,524.7786913272798,762819.6198183886,"[0.3333333333333333, 0.3333333333333333, 0.3333333333333333]"
12617,957.145619544042,996944.0319789306,"[0.3333333333333333, 0.3333333333333333, 0.3333333333333333]"
12618,980.3169268638193,185373.85698600882,"[0.3333333333333333, 0.3333333333333333, 0.3333333333333333]"
12619,373.2658573585856,321664.5029047503,"[0.3333333333333333, 0.3333333333333333, 0.3333333333333333]"
12620,113.56658434108678,250581.65234836392,"[0.3333333333333333, 0.3333333333333333, 0.3333333333333333]"
12621,437.4309041871767,833972.4118603886,"[0.3333333333333333, 0.3333333333333333, 0.3333333333333333]"
12622,608.0864472232901,446643.41468133614,"[0.3333333333333333, 0.3333333333333333, 0.3333333333333333]"
12623,559.1875223670775,972650.8719729886,"[0.3333333333333333, 0.3333333333333333, 0.3333333333333333]"
12624,711.1092370576309,946946.8912626964,"[0.3333333333333333, 0.3333333333333333, 0.3333333333333333]"
12625,234.6925299052534,503636.9313197058,"[0.3333333333333333, 0.3333333333333333, 0.3333333333333333]"
12626,217.72199262809374,124072.15290512808,"[0.3333333333333333, 0.3333333333333333, 0.3333333333333333]"
12627,422.3252251105896,862570.6268056843,"[0.3333333333333333, 0.3333333333333333, 0.3333333333333333]"
12628,113.57579336700172,553390.8698121321,"[0.3333333333333333, 0.3333333333333333, 0.3333333333333333]"
12629,671.3593019234435,124839.31896892912,"[0.3333333333333333, 0.3333333333333333, 0.3333333333333333]"
12630,913.5100203908435,644384.7709701521,"[0.3333333333333333, 0.3333333333333333, 0.3333333333333333]"
12631,765.0408020798437,933189.9124134607,"[0.3333333333333333, 0.3333333333333333, 0.3333333333333333]"
12632,538.3703506229002,952836.903974787,"[0.3333333333333333, 0.3333333333333333, 0.3333333333333333]"
12633,44.80967106067406,245724.18218907816,"[0.3333333333333333, 0.3333333333333333, 0.3333333333333333]"
12634,793.3630213962156,942753.7395805805,"[0.3333333333333333, 0.3333333333333333, 0.3333333333333333]"
12635,663.2777437288596,752701.3022461723,"[0.3333333333333333, 0.3333333333333333, 0.3333333333333333]"
12636,134.63875598656202,347667.83337980404,"[0.3333333333333333, 0.3333333333333333, 0.3333333333333333]"
12637,729.0428150463725,676090.200781567,"[0.3333333333333333, 0.3333333333333333, 0.3333333333333333]"
12638,494.0238368916764,701487.9502652565,"[0.3333333333333333, 0.3333333333333333, 0.3333333333333333]"
12639,374.0059449756408,372936.34850885737,"[0.3333333333333333, 0.3333333333333333, 0.3333333333333333]"
12640,19.517736338594077,996130.784341723,"[0.3333333333333333, 0.3333333333333333, 0.3333333333333333]"
12641,945.1924201778282,324104.75826581195,"[0.3333333333333333, 0.3333333333333333, 0.3333333333333333]"
12642,672.7529297441473,387887.67289975885,"[0.3333333333333333, 0.3333333333333333, 0.3333333333333333]"
12643,199.37810721938712,219551.58761241366,"[0.3333333333333333, 0.3333333333333333, 0.3333333333333333]"
12644,504.76949255852486,213490.44046077903,"[0.3333333333333333, 0.3333333333333333, 0.3333333333333333]"
12645,216.00436554829506,967508.807546695,"[0.3333333333333333, 0.3333333333333333, 0.3333333333333333]"
12646,91.83670149956203,652096.3296724993,"[0.3333333333333333, 0.3333333333333333, 0.3333333333333333]"
12647,622.0238857426432,287571.5240369622,"[0.3333333333333333, 0.3333333333333333, 0.3333333333333333]"
12648,620.1549888437017,237019.67352838622,"[0.3333333333333333, 0.3333333333333333, 0.3333333333333333]"
12649,619.6811385748084,123533.25494042356,"[0.3333333333333333, 0.3333333333333333, 0.3333333333333333]"
12650,663.2765490445018,748262.5979132139,"[0.3333333333333333, 0.3333333333333333, 0.3333333333333333]"
12651,608.4646273001894,559244.4667827595,"[0.3333333333333333, 0.3333333333333333, 0.3333333333333333]"
12652,127.32978486335945,252437.78520627186,"[0.3333333333333333, 0.3333333333333333, 0.3333333333333333]"
12653,681.8503604722715,921303.447745565,"[0.3333333333333333, 0.3333333333333333, 0.3333333333333333]"
12654,202.62488554440264,740656.527446868,"[0.3333333333333333, 0.3333333333333333, 0.3333333333333333]"
12655,68.34130218413549,159210.30781167635,"[0.3333333333333333, 0.3333333333333333, 0.3333333333333333]"
12656,875.7758843573163,749162.578466578,"[0.3333333333333333, 0.3333333333333333, 0.3333333333333333]"
12657,743.8745059946596,444530.8771571835,"[0.3333333333333333, 0.3333333333333333, 0.3333333333333333]"
12658,279.8919876698969,491522.0290047197,"[0.3333333333333333, 0.3333333333333333, 0.3333333333333333]"
12659,706.5254108698224,711270.2656978016,"[0.3333333333333333, 0.3333333333333333, 0.3333333333333333]"
12660,302.26012439808875,169197.9808334828,"[0.3333333333333333, 0.3333333333333333, 0.3333333333333333]"
12661,836.5331054221272,202464.66981475416,"[0.3333333333333333, 0.3333333333333333, 0.3333333333333333]"
12662,766.954372694649,179577.15101160185,"[0.3333333333333333, 0.3333333333333333, 0.3333333333333333]"
12663,245.94417149744325,764784.8994088726,"[0.3333333333333333, 0.3333333333333333, 0.3333333333333333]"
12664,515.093289302124,570943.1616941501,"[0.3333333333333333, 0.3333333333333333, 0.3333333333333333]"
12665,106.05866703126681,725994.9074874114,"[0.3333333333333333, 0.3333333333333333, 0.3333333333333333]"
12666,356.92721559338764,150416.2877294828,"[0.3333333333333333, 0.3333333333333333, 0.3333333333333333]"
12667,309.4495865220705,285524.6253509043,"[0.3333333333333333, 0.3333333333333333, 0.3333333333333333]"
12668,701.6193108160345,959531.3896729966,"[0.3333333333333333, 0.3333333333333333, 0.3333333333333333]"
12669,391.3780943942731,307795.8098322155,"[0.3333333333333333, 0.3333333333333333, 0.3333333333333333]"
12670,625.3763953293794,125858.76853046351,"[0.3333333333333333, 0.3333333333333333, 0.3333333333333333]"
12671,159.06824280557004,791055.968468213,"[0.3333333333333333, 0.3333333333333333, 0.3333333333333333]"
12672,318.77123215869625,114905.87739565835,"[0.3333333333333333, 0.3333333333333333, 0.3333333333333333]"
12673,43.40150714562234,910364.8014595078,"[0.3333333333333333, 0.3333333333333333, 0.3333333333333333]"
12674,282.2141447152103,543308.6668525687,"[0.3333333333333333, 0.3333333333333333, 0.3333333333333333]"
12675,724.464299011599,771491.8296255777,"[0.3333333333333333, 0.3333333333333333, 0.3333333333333333]"
12676,919.6023235540116,191443.97609414364,"[0.3333333333333333, 0.3333333333333333, 0.3333333333333333]"
12677,487.9378470273644,243230.2440829898,"[0.3333333333333333, 0.3333333333333333, 0.3333333333333333]"
12678,105.50465583209706,281594.9012888099,"[0.3333333333333333, 0.3333333333333333, 0.3333333333333333]"
12679,601.4388765000019,659596.8400505973,"[0.3333333333333333, 0.3333333333333333, 0.3333333333333333]"
12680,474.3421054883506,870635.327183581,"[0.3333333333333333, 0.3333333333333333, 0.3333333333333333]"
12681,449.77543038137696,996234.0823014037,"[0.3333333333333333, 0.3333333333333333, 0.3333333333333333]"
12682,927.58666691398,660674.7578515436,"[0.3333333333333333, 0.3333333333333333, 0.3333333333333333]"
12683,514.3103684572403,980454.2496192008,"[0.3333333333333333, 0.3333333333333333, 0.3333333333333333]"
12684,955.1702842579773,168980.5147265821,"[0.3333333333333333, 0.3333333333333333, 0.3333333333333333]"
12685,207.51521979173998,676445.6741451196,"[0.3333333333333333, 0.3333333333333333, 0.3333333333333333]"
12686,49.85703448009998,729203.6626853966,"[0.3333333333333333, 0.3333333333333333, 0.3333333333333333]"
12687,833.8836801144486,107741.95090279476,"[0.3333333333333333, 0.3333333333333333, 0.3333333333333333]"
12688,56.349501735755865,551347.3792687419,"[0.3333333333333333, 0.3333333333333333, 0.3333333333333333]"
12689,374.08530692010936,950251.0219438297,"[0.3333333333333333, 0.3333333333333333, 0.3333333333333333]"
12690,284.39964136061883,142346.72027500818,"[0.3333333333333333, 0.3333333333333333, 0.3333333333333333]"
12691,390.94387257209235,546333.4759944245,"[0.3333333333333333, 0.3333333333333333, 0.3333333333333333]"
12692,399.72299484120566,139889.50649870682,"[0.3333333333333333, 0.3333333333333333, 0.3333333333333333]"
12693,57.31650947466506,387420.4847190891,"[0.3333333333333333, 0.3333333333333333, 0.3333333333333333]"
12694,782.8863357738632,416722.8654632938,"[0.3333333333333333, 0.3333333333333333, 0.3333333333333333]"
12695,258.93928533222464,595483.3461556894,"[0.3333333333333333, 0.3333333333333333, 0.3333333333333333]"
12696,266.7484952786122,189849.77958394878,"[0.3333333333333333, 0.3333333333333333, 0.3333333333333333]"
12697,747.5763831210533,296301.4733468203,"[0.3333333333333333, 0.3333333333333333, 0.3333333333333333]"
12698,933.1293415544187,825714.7495244342,"[0.3333333333333333, 0.3333333333333333, 0.3333333333333333]"
12699,164.7104069697544,299865.7683337486,"[0.3333333333333333, 0.3333333333333333, 0.3333333333333333]"
12700,422.5139870622134,207886.7665232449,"[0.3333333333333333, 0.3333333333333333, 0.3333333333333333]"
12701,818.3458920913982,962005.1060747987,"[0.3333333333333333, 0.3333333333333333, 0.3333333333333333]"
12702,554.801648091074,587779.7928837405,"[0.3333333333333333, 0.3333333333333333, 0.3333333333333333]"
12703,673.6613140793495,458132.8950812211,"[0.3333333333333333, 0.3333333333333333, 0.3333333333333333]"
12704,759.5716905018697,308011.8307827803,"[0.3333333333333333, 0.3333333333333333, 0.3333333333333333]"
12705,896.1637506067765,917445.9914082136,"[0.3333333333333333, 0.3333333333333333, 0.3333333333333333]"
12706,369.4406538166997,559557.3413103637,"[0.3333333333333333, 0.3333333333333333, 0.3333333333333333]"
12707,81.38338416109845,443330.7238651229,"[0.3333333333333333, 0.3333333333333333, 0.3333333333333333]"
12708,239.0351985115156,958682.476124751,"[0.3333333333333333, 0.3333333333333333, 0.3333333333333333]"
12709,930.7569456557449,132753.48639935555,"[0.3333333333333333, 0.3333333333333333, 0.3333333333333333]"
12710,643.0325269724493,703803.8763726831,"[0.3333333333333333, 0.3333333333333333, 0.3333333333333333]"
12711,962.8469364759605,555353.8680986883,"[0.3333333333333333, 0.3333333333333333, 0.3333333333333333]"
12712,876.3797668657897,621236.42660844,"[0.3333333333333333, 0.3333333333333333, 0.3333333333333333]"
12713,79.32941474777617,158363.1712601757,"[0.3333333333333333, 0.3333333333333333, 0.3333333333333333]"
12714,881.5301037397422,887443.337763115,"[0.3333333333333333, 0.3333333333333333, 0.3333333333333333]"
12715,830.9243982084337,547712.8625644296,"[0.3333333333333333, 0.3333333333333333, 0.3333333333333333]"
12716,835.2544055482738,655521.6533982096,"[0.3333333333333333, 0.3333333333333333, 0.3333333333333333]"
12717,943.3661040903467,577972.8978972731,"[0.3333333333333333, 0.3333333333333333, 0.3333333333333333]"
12718,817.8534596254395,213179.1917747837,"[0.3333333333333333, 0.3333333333333333, 0.3333333333333333]"
12719,201.72153554048523,423509.9734795973,"[0.3333333333333333, 0.3333333333333333, 0.3333333333333333]"
12720,276.86066646397006,115755.138799237,"[0.3333333333333333, 0.3333333333333333, 0.3333333333333333]"
12721,267.31889236836133,605243.3273827774,"[0.3333333333333333, 0.3333333333333333, 0.3333333333333333]"
12722,117.69216592213127,319012.6694646046,"[0.3333333333333333, 0.3333333333333333, 0.3333333333333333]"
12723,531.3443456246614,716063.0643646289,"[0.3333333333333333, 0.3333333333333333, 0.3333333333333333]"
12724,17.027546935445447,974663.1190048374,"[0.3333333333333333, 0.3333333333333333, 0.3333333333333333]"
12725,193.4262766355718,698347.9952948432,"[0.3333333333333333, 0.3333333333333333, 0.3333333333333333]"
12726,494.55480915288723,320933.1665836433,"[0.3333333333333333, 0.3333333333333333, 0.3333333333333333]"
12727,926.7892321534778,608526.6622941515,"[0.3333333333333333, 0.3333333333333333, 0.3333333333333333]"
12728,521.183649535747,555044.717566396,"[0.3333333333333333, 0.3333333333333333, 0.3333333333333333]"
12729,785.6456174501075,374362.6862244365,"[0.3333333333333333, 0.3333333333333333, 0.3333333333333333]"
12730,994.2994086121133,451457.1202213712,"[0.3333333333333333, 0.3333333333333333, 0.3333333333333333]"
12731,364.5400492981105,515109.2698706001,"[0.3333333333333333, 0.3333333333333333, 0.3333333333333333]"
12732,263.25399279581063,947469.7844825244,"[0.3333333333333333, 0.3333333333333333, 0.3333333333333333]"
12733,182.56015209230043,957574.7886090385,"[0.3333333333333333, 0.3333333333333333, 0.3333333333333333]"
12734,517.4327715493098,784796.768704594,"[0.3333333333333333, 0.3333333333333333, 0.3333333333333333]"
12735,241.6827276730976,497098.4627959978,"[0.3333333333333333, 0.3333333333333333, 0.3333333333333333]"
12736,707.3771166713253,220117.86004209318,"[0.3333333333333333, 0.3333333333333333, 0.3333333333333333]"
12737,354.76479325252933,449909.6321358988,"[0.3333333333333333, 0.3333333333333333, 0.3333333333333333]"
12738,154.4078580180274,175113.53306560594,"[0.3333333333333333, 0.3333333333333333, 0.3333333333333333]"
12739,745.7879712687081,956036.0089823633,"[0.3333333333333333, 0.3333333333333333, 0.3333333333333333]"
12740,523.7855464811462,246150.7469685903,"[0.3333333333333333, 0.3333333333333333, 0.3333333333333333]"
12741,608.5044066365584,310014.27675264823,"[0.3333333333333333, 0.3333333333333333, 0.3333333333333333]"
12742,531.3437724938337,897317.3284520864,"[0.3333333333333333, 0.3333333333333333, 0.3333333333333333]"
12743,156.01987924283145,579382.7566101467,"[0.3333333333333333, 0.3333333333333333, 0.3333333333333333]"
12744,18.121658514864194,844609.2702129519,"[0.3333333333333333, 0.3333333333333333, 0.3333333333333333]"
12745,709.7820555721197,329039.65566065244,"[0.3333333333333333, 0.3333333333333333, 0.3333333333333333]"
12746,454.33242761094147,658317.4355264597,"[0.3333333333333333, 0.3333333333333333, 0.3333333333333333]"
12747,564.5577840521271,181101.84683259996,"[0.3333333333333333, 0.3333333333333333, 0.3333333333333333]"
12748,35.00951277636358,914181.8687320077,"[0.3333333333333333, 0.3333333333333333, 0.3333333333333333]"
12749,458.8697006714551,633006.8101160522,"[0.3333333333333333, 0.3333333333333333, 0.3333333333333333]"
12750,396.64875720830344,503612.01845191384,"[0.3333333333333333, 0.3333333333333333, 0.3333333333333333]"
12751,218.33911150448557,108808.67234945735,"[0.3333333333333333, 0.3333333333333333, 0.3333333333333333]"
12752,894.7006211807933,135249.80643002485,"[0.3333333333333333, 0.3333333333333333, 0.3333333333333333]"
12753,349.1492233527197,369187.9031376126,"[0.3333333333333333, 0.3333333333333333, 0.3333333333333333]"
12754,149.05558090190658,979056.6296656564,"[0.3333333333333333, 0.3333333333333333, 0.3333333333333333]"
12755,981.2176619884743,880429.1086044437,"[0.3333333333333333, 0.3333333333333333, 0.3333333333333333]"
12756,385.186500220712,803504.8331071046,"[0.3333333333333333, 0.3333333333333333, 0.3333333333333333]"
12757,18.03788269160826,747320.1716260397,"[0.3333333333333333, 0.3333333333333333, 0.3333333333333333]"
12758,183.84353571332537,168916.11202246865,"[0.3333333333333333, 0.3333333333333333, 0.3333333333333333]"
12759,945.6459909901878,212391.13235696187,"[0.3333333333333333, 0.3333333333333333, 0.3333333333333333]"
12760,128.40345679928745,637300.7840914195,"[0.3333333333333333, 0.3333333333333333, 0.3333333333333333]"
12761,690.0381177775195,582160.5972969541,"[0.3333333333333333, 0.3333333333333333, 0.3333333333333333]"
12762,801.6000025207995,934350.109918328,"[0.3333333333333333, 0.3333333333333333, 0.3333333333333333]"
12763,48.02351878666123,364364.7859539354,"[0.3333333333333333, 0.3333333333333333, 0.3333333333333333]"
12764,614.5881739812304,540817.2704490547,"[0.3333333333333333, 0.3333333333333333, 0.3333333333333333]"
12765,50.21791697015213,205426.2575431804,"[0.3333333333333333, 0.3333333333333333, 0.3333333333333333]"
12766,264.73628445982837,494181.5899926441,"[0.3333333333333333, 0.3333333333333333, 0.3333333333333333]"
12767,647.8966015417676,429569.66961611866,"[0.3333333333333333, 0.3333333333333333, 0.3333333333333333]"
12768,57.58965681609051,406665.76465785125,"[0.3333333333333333, 0.3333333333333333, 0.3333333333333333]"
12769,782.677299703936,127551.26015415206,"[0.3333333333333333, 0.3333333333333333, 0.3333333333333333]"
12770,377.0417921739411,297734.06436812785,"[0.3333333333333333, 0.3333333333333333, 0.3333333333333333]"
12771,970.9528188417219,743701.1662130939,"[0.3333333333333333, 0.3333333333333333, 0.3333333333333333]"
12772,986.91650506074,722715.6378091521,"[0.3333333333333333, 0.3333333333333333, 0.3333333333333333]"
12773,105.03482598149907,792857.438350193,"[0.3333333333333333, 0.3333333333333333, 0.3333333333333333]"
12774,80.52852480081066,481947.50606135133,"[0.3333333333333333, 0.3333333333333333, 0.3333333333333333]"
12775,452.34973356687277,456901.7639029467,"[0.3333333333333333, 0.3333333333333333, 0.3333333333333333]"
12776,483.39447450065484,698868.7475932282,"[0.3333333333333333, 0.3333333333333333, 0.3333333333333333]"
12777,920.5080947812673,692220.1310379104,"[0.3333333333333333, 0.3333333333333333, 0.3333333333333333]"
12778,229.96775411653172,988293.6485050994,"[0.3333333333333333, 0.3333333333333333, 0.3333333333333333]"
12779,972.2605611299058,230712.37414266256,"[0.3333333333333333, 0.3333333333333333, 0.3333333333333333]"
12780,211.69388751342308,421237.5724863553,"[0.3333333333333333, 0.3333333333333333, 0.3333333333333333]"
12781,742.1861134217224,606433.8743553527,"[0.3333333333333333, 0.3333333333333333, 0.3333333333333333]"
12782,78.31668354724856,176485.11198815503,"[0.3333333333333333, 0.3333333333333333, 0.3333333333333333]"
12783,130.13719101526124,131775.56151670398,"[0.3333333333333333, 0.3333333333333333, 0.3333333333333333]"
12784,57.00959126954877,385525.00413723686,"[0.3333333333333333, 0.3333333333333333, 0.3333333333333333]"
12785,650.5983402294345,415117.02715690015,"[0.3333333333333333, 0.3333333333333333, 0.3333333333333333]"
12786,792.4126438971033,882899.2212832994,"[0.3333333333333333, 0.3333333333333333, 0.3333333333333333]"
12787,189.09368950375813,109966.53575047273,"[0.3333333333333333, 0.3333333333333333, 0.3333333333333333]"
12788,688.5403316049819,708100.2438007722,"[0.3333333333333333, 0.3333333333333333, 0.3333333333333333]"
12789,133.65480683308226,268024.19937665237,"[0.3333333333333333, 0.3333333333333333, 0.3333333333333333]"
12790,122.44553272491633,387911.95269824914,"[0.3333333333333333, 0.3333333333333333, 0.3333333333333333]"
12791,75.34413838211901,866559.4039403362,"[0.3333333333333333, 0.3333333333333333, 0.3333333333333333]"
12792,373.00259929855787,930575.7908737843,"[0.3333333333333333, 0.3333333333333333, 0.3333333333333333]"
12793,815.6145997414707,366943.1660310211,"[0.3333333333333333, 0.3333333333333333, 0.3333333333333333]"
12794,799.5870034068288,354945.84700698045,"[0.3333333333333333, 0.3333333333333333, 0.3333333333333333]"
12795,36.08334549096948,439119.52169393626,"[0.3333333333333333, 0.3333333333333333, 0.3333333333333333]"
12796,656.1892049974069,126531.23805592512,"[0.3333333333333333, 0.3333333333333333, 0.3333333333333333]"
12797,92.43606613910883,749631.986512905,"[0.3333333333333333, 0.3333333333333333, 0.3333333333333333]"
12798,262.6973920602372,406380.71674433514,"[0.3333333333333333, 0.3333333333333333, 0.3333333333333333]"
12799,730.4807482100515,165900.88327942247,"[0.3333333333333333, 0.3333333333333333, 0.3333333333333333]"
12800,806.6009650531337,267181.0427488226,"[0.3333333333333333, 0.3333333333333333, 0.3333333333333333]"
12801,115.63493004094103,478246.21431778546,"[0.3333333333333333, 0.3333333333333333, 0.3333333333333333]"
12802,923.3622472277801,413142.2396258842,"[0.3333333333333333, 0.3333333333333333, 0.3333333333333333]"
12803,157.0797307394947,817227.0466849126,"[0.3333333333333333, 0.3333333333333333, 0.3333333333333333]"
12804,909.306463408503,640737.1276000857,"[0.3333333333333333, 0.3333333333333333, 0.3333333333333333]"
12805,425.5974161129767,638964.9901654702,"[0.3333333333333333, 0.3333333333333333, 0.3333333333333333]"
12806,100.24029070592512,974554.9956595281,"[0.3333333333333333, 0.3333333333333333, 0.3333333333333333]"
12807,444.54508915875783,523229.9154860409,"[0.3333333333333333, 0.3333333333333333, 0.3333333333333333]"
12808,78.4607206988495,657894.4841557692,"[0.3333333333333333, 0.3333333333333333, 0.3333333333333333]"
12809,231.28525129832292,691178.6030872796,"[0.3333333333333333, 0.3333333333333333, 0.3333333333333333]"
12810,406.5540147785123,383898.77785506065,"[0.3333333333333333, 0.3333333333333333, 0.3333333333333333]"
12811,11.84320810199484,749854.7037851968,"[0.3333333333333333, 0.3333333333333333, 0.3333333333333333]"
12812,353.15233732944256,225066.8977269181,"[0.3333333333333333, 0.3333333333333333, 0.3333333333333333]"
12813,734.0004934769432,231927.20919307144,"[0.3333333333333333, 0.3333333333333333, 0.3333333333333333]"
12814,899.0494043114078,283275.8503627013,"[0.3333333333333333, 0.3333333333333333, 0.3333333333333333]"
12815,600.2156509510475,386513.43468285253,"[0.3333333333333333, 0.3333333333333333, 0.3333333333333333]"
12816,16.028743617928647,334623.9520984653,"[0.3333333333333333, 0.3333333333333333, 0.3333333333333333]"
12817,208.92431405177464,506858.67657303234,"[0.3333333333333333, 0.3333333333333333, 0.3333333333333333]"
12818,271.07894579235176,934140.3831021208,"[0.3333333333333333, 0.3333333333333333, 0.3333333333333333]"
12819,160.86677024031775,915534.8751769551,"[0.3333333333333333, 0.3333333333333333, 0.3333333333333333]"
12820,651.7584788106791,565173.2343276585,"[0.3333333333333333, 0.3333333333333333, 0.3333333333333333]"
12821,722.7933179217914,182668.60782186684,"[0.3333333333333333, 0.3333333333333333, 0.3333333333333333]"
12822,419.7049593885988,481804.97092238715,"[0.3333333333333333, 0.3333333333333333, 0.3333333333333333]"
12823,577.0726303107272,895640.4784311686,"[0.3333333333333333, 0.3333333333333333, 0.3333333333333333]"
12824,812.69706670246,610148.8576594387,"[0.3333333333333333, 0.3333333333333333, 0.3333333333333333]"
12825,647.0204004203626,517384.8388817425,"[0.3333333333333333, 0.3333333333333333, 0.3333333333333333]"
12826,974.6265726332969,553159.5025828397,"[0.3333333333333333, 0.3333333333333333, 0.3333333333333333]"
12827,698.0933926679115,164419.94271722424,"[0.3333333333333333, 0.3333333333333333, 0.3333333333333333]"
12828,388.402318912226,116562.4306719373,"[0.3333333333333333, 0.3333333333333333, 0.3333333333333333]"
12829,523.0406271797642,510424.1381273541,"[0.3333333333333333, 0.3333333333333333, 0.3333333333333333]"
12830,679.4718684888429,963141.4910538796,"[0.3333333333333333, 0.3333333333333333, 0.3333333333333333]"
12831,164.9293615749719,511340.12630802876,"[0.3333333333333333, 0.3333333333333333, 0.3333333333333333]"
12832,957.1576351451506,497321.0785243795,"[0.3333333333333333, 0.3333333333333333, 0.3333333333333333]"
12833,810.7716170441772,717786.8285660839,"[0.3333333333333333, 0.3333333333333333, 0.3333333333333333]"
12834,595.8517782816739,122217.74262428943,"[0.3333333333333333, 0.3333333333333333, 0.3333333333333333]"
12835,259.5777913901859,674783.197505232,"[0.3333333333333333, 0.3333333333333333, 0.3333333333333333]"
12836,10.249946198906878,924265.8936912281,"[0.3333333333333333, 0.3333333333333333, 0.3333333333333333]"
12837,57.152156254176575,537517.9876853598,"[0.3333333333333333, 0.3333333333333333, 0.3333333333333333]"
12838,585.7640852326898,962065.2014376181,"[0.3333333333333333, 0.3333333333333333, 0.3333333333333333]"
12839,564.9388992092883,881742.735145976,"[0.3333333333333333, 0.3333333333333333, 0.3333333333333333]"
12840,840.7716480258598,601132.2160870847,"[0.3333333333333333, 0.3333333333333333, 0.3333333333333333]"
12841,57.709753383125864,994480.532647876,"[0.3333333333333333, 0.3333333333333333, 0.3333333333333333]"
12842,787.1691571794466,936507.4761147237,"[0.3333333333333333, 0.3333333333333333, 0.3333333333333333]"
12843,478.09702558840195,333495.7445857087,"[0.3333333333333333, 0.3333333333333333, 0.3333333333333333]"
12844,561.4962301083317,753317.4100545065,"[0.3333333333333333, 0.3333333333333333, 0.3333333333333333]"
12845,724.9854919409387,359235.4314877249,"[0.3333333333333333, 0.3333333333333333, 0.3333333333333333]"
12846,67.60734733979572,961979.7636991877,"[0.3333333333333333, 0.3333333333333333, 0.3333333333333333]"
12847,743.083899330259,592851.6977570376,"[0.3333333333333333, 0.3333333333333333, 0.3333333333333333]"
12848,840.4486531250875,819936.726561946,"[0.3333333333333333, 0.3333333333333333, 0.3333333333333333]"
12849,588.3024829299966,867287.1526128554,"[0.3333333333333333, 0.3333333333333333, 0.3333333333333333]"
12850,294.1109680232276,194979.01618004212,"[0.3333333333333333, 0.3333333333333333, 0.3333333333333333]"
12851,350.5056294271722,838449.7617115926,"[0.3333333333333333, 0.3333333333333333, 0.3333333333333333]"
12852,956.3528846375698,276243.88587993255,"[0.3333333333333333, 0.3333333333333333, 0.3333333333333333]"
12853,772.6260639665151,212867.4376439227,"[0.3333333333333333, 0.3333333333333333, 0.3333333333333333]"
12854,954.8926726547655,796728.7189135809,"[0.3333333333333333, 0.3333333333333333, 0.3333333333333333]"
12855,839.890656295376,106464.76138024783,"[0.3333333333333333, 0.3333333333333333, 0.3333333333333333]"
12856,390.59303387151726,536231.4657143515,"[0.3333333333333333, 0.3333333333333333, 0.3333333333333333]"
12857,658.4698176998628,807951.7294259305,"[0.3333333333333333, 0.3333333333333333, 0.3333333333333333]"
12858,940.0558978145823,410709.8521997981,"[0.3333333333333333, 0.3333333333333333, 0.3333333333333333]"
12859,261.72144955696183,993924.5215693712,"[0.3333333333333333, 0.3333333333333333, 0.3333333333333333]"
12860,328.23413732639386,812815.3148154811,"[0.3333333333333333, 0.3333333333333333, 0.3333333333333333]"
12861,811.03355291791,639153.3246349777,"[0.3333333333333333, 0.3333333333333333, 0.3333333333333333]"
12862,613.8765774978367,549452.2890566194,"[0.3333333333333333, 0.3333333333333333, 0.3333333333333333]"
12863,827.1276802327953,312030.2345568544,"[0.3333333333333333, 0.3333333333333333, 0.3333333333333333]"
12864,526.758279080907,253544.82490321575,"[0.3333333333333333, 0.3333333333333333, 0.3333333333333333]"
12865,96.25550133252356,142736.1537809021,"[0.3333333333333333, 0.3333333333333333, 0.3333333333333333]"
12866,922.6026916005394,936863.1653027968,"[0.3333333333333333, 0.3333333333333333, 0.3333333333333333]"
12867,521.4023115011616,414610.27413099655,"[0.3333333333333333, 0.3333333333333333, 0.3333333333333333]"
12868,802.0934065187625,490241.3101375557,"[0.3333333333333333, 0.3333333333333333, 0.3333333333333333]"
12869,46.20200735253881,491928.7757849767,"[0.3333333333333333, 0.3333333333333333, 0.3333333333333333]"
12870,758.6049080251875,630784.6157675537,"[0.3333333333333333, 0.3333333333333333, 0.3333333333333333]"
12871,341.82756278798695,376698.82920310326,"[0.3333333333333333, 0.3333333333333333, 0.3333333333333333]"
12872,104.21000744750485,861273.0321213453,"[0.3333333333333333, 0.3333333333333333, 0.3333333333333333]"
12873,225.24571762781108,242274.38620101108,"[0.3333333333333333, 0.3333333333333333, 0.3333333333333333]"
12874,985.7532201709663,270687.65437450516,"[0.3333333333333333, 0.3333333333333333, 0.3333333333333333]"
12875,974.7009788711024,666354.7701351921,"[0.3333333333333333, 0.3333333333333333, 0.3333333333333333]"
12876,801.5129800483616,703001.2840225658,"[0.3333333333333333, 0.3333333333333333, 0.3333333333333333]"
12877,832.8289625920477,846592.5527151459,"[0.3333333333333333, 0.3333333333333333, 0.3333333333333333]"
12878,705.7353650838778,578031.7967327199,"[0.3333333333333333, 0.3333333333333333, 0.3333333333333333]"
12879,463.4454069927831,878316.7247553695,"[0.3333333333333333, 0.3333333333333333, 0.3333333333333333]"
12880,662.990472785527,748503.6157475263,"[0.3333333333333333, 0.3333333333333333, 0.3333333333333333]"
12881,975.8678428673757,816362.2387185055,"[0.3333333333333333, 0.3333333333333333, 0.3333333333333333]"
12882,10.384581229850378,690905.1662983081,"[0.3333333333333333, 0.3333333333333333, 0.3333333333333333]"
12883,137.28778079111584,855430.9090766427,"[0.3333333333333333, 0.3333333333333333, 0.3333333333333333]"
12884,892.3821900820818,195199.76175750972,"[0.3333333333333333, 0.3333333333333333, 0.3333333333333333]"
12885,250.56591864479603,466593.3138341751,"[0.3333333333333333, 0.3333333333333333, 0.3333333333333333]"
12886,434.6512536340513,603455.3638232478,"[0.3333333333333333, 0.3333333333333333, 0.3333333333333333]"
12887,824.1957716461972,847177.848432618,"[0.3333333333333333, 0.3333333333333333, 0.3333333333333333]"
12888,980.7680410121795,233137.2795495506,"[0.3333333333333333, 0.3333333333333333, 0.3333333333333333]"
12889,18.522715115134723,314194.23625380686,"[0.3333333333333333, 0.3333333333333333, 0.3333333333333333]"
12890,174.88690824959255,348057.24238722457,"[0.3333333333333333, 0.3333333333333333, 0.3333333333333333]"
12891,619.4610009088445,664081.2226887355,"[0.3333333333333333, 0.3333333333333333, 0.3333333333333333]"
12892,466.3648929031427,620161.7125065057,"[0.3333333333333333, 0.3333333333333333, 0.3333333333333333]"
12893,429.34405520484995,970292.6518453177,"[0.3333333333333333, 0.3333333333333333, 0.3333333333333333]"
12894,747.7753848983044,219135.078633253,"[0.3333333333333333, 0.3333333333333333, 0.3333333333333333]"
12895,398.9813607695805,866325.6203883257,"[0.3333333333333333, 0.3333333333333333, 0.3333333333333333]"
12896,277.30673065691536,358731.3124047878,"[0.3333333333333333, 0.3333333333333333, 0.3333333333333333]"
12897,285.19559959104186,843869.5849627412,"[0.3333333333333333, 0.3333333333333333, 0.3333333333333333]"
12898,756.5706889056678,211344.15037755703,"[0.3333333333333333, 0.3333333333333333, 0.3333333333333333]"
12899,326.7906846343647,463783.96954369446,"[0.3333333333333333, 0.3333333333333333, 0.3333333333333333]"
12900,777.8109210386827,969907.8793632516,"[0.3333333333333333, 0.3333333333333333, 0.3333333333333333]"
12901,132.84615881317194,415405.23164626124,"[0.3333333333333333, 0.3333333333333333, 0.3333333333333333]"
12902,690.1706931777563,263022.6006236831,"[0.3333333333333333, 0.3333333333333333, 0.3333333333333333]"
12903,802.1207415912719,984473.766032002,"[0.3333333333333333, 0.3333333333333333, 0.3333333333333333]"
12904,800.1830581954881,726091.3425994408,"[0.3333333333333333, 0.3333333333333333, 0.3333333333333333]"
12905,869.7277025148747,364622.5380663136,"[0.3333333333333333, 0.3333333333333333, 0.3333333333333333]"
12906,840.7647704175358,807904.0726664732,"[0.3333333333333333, 0.3333333333333333, 0.3333333333333333]"
12907,790.5451575454994,989163.9076885625,"[0.3333333333333333, 0.3333333333333333, 0.3333333333333333]"
12908,909.0669620897868,427758.13739349233,"[0.3333333333333333, 0.3333333333333333, 0.3333333333333333]"
12909,890.3724165643074,161429.13342887769,"[0.3333333333333333, 0.3333333333333333, 0.3333333333333333]"
12910,619.067003120823,489594.2271801181,"[0.3333333333333333, 0.3333333333333333, 0.3333333333333333]"
12911,816.7767390960755,160291.0988849956,"[0.3333333333333333, 0.3333333333333333, 0.3333333333333333]"
12912,715.7292190118515,791825.7860635837,"[0.3333333333333333, 0.3333333333333333, 0.3333333333333333]"
12913,65.96189786403622,634283.7617259803,"[0.3333333333333333, 0.3333333333333333, 0.3333333333333333]"
12914,814.2695310502728,152495.4378585613,"[0.3333333333333333, 0.3333333333333333, 0.3333333333333333]"
12915,748.1516914744986,878598.307557344,"[0.3333333333333333, 0.3333333333333333, 0.3333333333333333]"
12916,132.91255139655848,512148.16817883897,"[0.3333333333333333, 0.3333333333333333, 0.3333333333333333]"
12917,229.59402045849086,477103.9676086836,"[0.3333333333333333, 0.3333333333333333, 0.3333333333333333]"
12918,477.85988806251316,807462.5613599466,"[0.3333333333333333, 0.3333333333333333, 0.3333333333333333]"
12919,129.47629875640004,276875.3808510897,"[0.3333333333333333, 0.3333333333333333, 0.3333333333333333]"
12920,948.8977408952609,191364.28197812848,"[0.3333333333333333, 0.3333333333333333, 0.3333333333333333]"
12921,383.1564114263006,170481.02484362974,"[0.3333333333333333, 0.3333333333333333, 0.3333333333333333]"
12922,759.8584116805674,104053.47368655645,"[0.3333333333333333, 0.3333333333333333, 0.3333333333333333]"
12923,561.4758686623279,171754.99267189542,"[0.3333333333333333, 0.3333333333333333, 0.3333333333333333]"
12924,425.28755539373975,255391.9356021275,"[0.3333333333333333, 0.3333333333333333, 0.3333333333333333]"
12925,906.5320759834505,854600.90269181,"[0.3333333333333333, 0.3333333333333333, 0.3333333333333333]"
12926,871.7563954361623,464532.30016104423,"[0.3333333333333333, 0.3333333333333333, 0.3333333333333333]"
12927,682.5705420470603,626217.8313799525,"[0.3333333333333333, 0.3333333333333333, 0.3333333333333333]"
12928,485.26471906877,742955.908422943,"[0.3333333333333333, 0.3333333333333333, 0.3333333333333333]"
12929,877.0081197680151,206565.02155624508,"[0.3333333333333333, 0.3333333333333333, 0.3333333333333333]"
12930,328.1374000378302,745712.2185381904,"[0.3333333333333333, 0.3333333333333333, 0.3333333333333333]"
12931,548.7149636489171,835884.0618436473,"[0.3333333333333333, 0.3333333333333333, 0.3333333333333333]"
12932,232.9682100605055,426686.3292936134,"[0.3333333333333333, 0.3333333333333333, 0.3333333333333333]"
12933,434.11567679018646,720533.8860974193,"[0.3333333333333333, 0.3333333333333333, 0.3333333333333333]"
12934,968.215379991924,350014.655098501,"[0.3333333333333333, 0.3333333333333333, 0.3333333333333333]"
12935,942.2711316359869,700905.665531093,"[0.3333333333333333, 0.3333333333333333, 0.3333333333333333]"
12936,241.9864868565298,410972.98426604195,"[0.3333333333333333, 0.3333333333333333, 0.3333333333333333]"
12937,789.9862753150458,211642.377087751,"[0.3333333333333333, 0.3333333333333333, 0.3333333333333333]"
12938,88.8927256222415,977292.6888515301,"[0.3333333333333333, 0.3333333333333333, 0.3333333333333333]"
12939,168.23324405224815,404467.43058966356,"[0.3333333333333333, 0.3333333333333333, 0.3333333333333333]"
12940,416.38125425602567,986042.2031715595,"[0.3333333333333333, 0.3333333333333333, 0.3333333333333333]"
12941,731.9102677441948,898675.7713187726,"[0.3333333333333333, 0.3333333333333333, 0.3333333333333333]"
12942,506.2363777689149,715056.7575224361,"[0.3333333333333333, 0.3333333333333333, 0.3333333333333333]"
12943,596.4416637181172,548745.5102651529,"[0.3333333333333333, 0.3333333333333333, 0.3333333333333333]"
12944,20.924267182212155,447556.746992899,"[0.3333333333333333, 0.3333333333333333, 0.3333333333333333]"
12945,595.9896146241769,772598.402724141,"[0.3333333333333333, 0.3333333333333333, 0.3333333333333333]"
12946,611.0678874599992,772450.15478818,"[0.3333333333333333, 0.3333333333333333, 0.3333333333333333]"
12947,786.5587963940803,284249.3042451857,"[0.3333333333333333, 0.3333333333333333, 0.3333333333333333]"
12948,66.98108772176737,618668.9493053132,"[0.3333333333333333, 0.3333333333333333, 0.3333333333333333]"
12949,428.70779261924514,983903.9659692917,"[0.3333333333333333, 0.3333333333333333, 0.3333333333333333]"
12950,123.87605392403725,521305.09248331934,"[0.3333333333333333, 0.3333333333333333, 0.3333333333333333]"
12951,16.5825198214004,941691.148869191,"[0.3333333333333333, 0.3333333333333333, 0.3333333333333333]"
12952,767.6178707625556,413366.23092126875,"[0.3333333333333333, 0.3333333333333333, 0.3333333333333333]"
12953,518.2524693974289,791691.1927733714,"[0.3333333333333333, 0.3333333333333333, 0.3333333333333333]"
12954,106.36010396656613,490832.94310564274,"[0.3333333333333333, 0.3333333333333333, 0.3333333333333333]"
12955,361.7338773115063,452354.8781432189,"[0.3333333333333333, 0.3333333333333333, 0.3333333333333333]"
12956,47.4514177885199,957032.5290709406,"[0.3333333333333333, 0.3333333333333333, 0.3333333333333333]"
12957,426.5533715892796,186449.49641541525,"[0.3333333333333333, 0.3333333333333333, 0.3333333333333333]"
12958,222.6586143472965,976522.890725891,"[0.3333333333333333, 0.3333333333333333, 0.3333333333333333]"
12959,642.7396027664854,469525.0735026027,"[0.3333333333333333, 0.3333333333333333, 0.3333333333333333]"
12960,373.0027612797608,804935.0459412046,"[0.3333333333333333, 0.3333333333333333, 0.3333333333333333]"
12961,43.17167425768022,824360.6806562984,"[0.3333333333333333, 0.3333333333333333, 0.3333333333333333]"
12962,894.7360297547381,591226.7996618251,"[0.3333333333333333, 0.3333333333333333, 0.3333333333333333]"
12963,662.1638984638649,294306.164754862,"[0.3333333333333333, 0.3333333333333333, 0.3333333333333333]"
12964,987.9180132190479,848442.7184812172,"[0.3333333333333333, 0.3333333333333333, 0.3333333333333333]"
12965,40.61034369746517,864576.8785124797,"[0.3333333333333333, 0.3333333333333333, 0.3333333333333333]"
12966,121.31177207170919,230238.5932127629,"[0.3333333333333333, 0.3333333333333333, 0.3333333333333333]"
12967,505.2014964652373,236714.4934686261,"[0.3333333333333333, 0.3333333333333333, 0.3333333333333333]"
12968,722.0897360995513,267774.1154492974,"[0.3333333333333333, 0.3333333333333333, 0.3333333333333333]"
12969,474.02890127255034,375936.7985961696,"[0.3333333333333333, 0.3333333333333333, 0.3333333333333333]"
12970,582.857310020503,191328.56349335518,"[0.3333333333333333, 0.3333333333333333, 0.3333333333333333]"
12971,696.9943405440218,216006.89065132587,"[0.3333333333333333, 0.3333333333333333, 0.3333333333333333]"
12972,707.6650039577546,335004.1353611551,"[0.3333333333333333, 0.3333333333333333, 0.3333333333333333]"
12973,458.8145459911977,505316.81126267725,"[0.3333333333333333, 0.3333333333333333, 0.3333333333333333]"
12974,457.70710945652485,245318.23419736547,"[0.3333333333333333, 0.3333333333333333, 0.3333333333333333]"
12975,632.3999440089665,618415.6729722226,"[0.3333333333333333, 0.3333333333333333, 0.3333333333333333]"
12976,885.7662763328352,783639.263845309,"[0.3333333333333333, 0.3333333333333333, 0.3333333333333333]"
12977,687.3361125188279,587026.3903327235,"[0.3333333333333333, 0.3333333333333333, 0.3333333333333333]"
12978,273.6979493592875,117225.726890396,"[0.3333333333333333, 0.3333333333333333, 0.3333333333333333]"
12979,894.0056589600373,574910.6197021359,"[0.3333333333333333, 0.3333333333333333, 0.3333333333333333]"
12980,224.04320422539573,303803.02587064035,"[0.3333333333333333, 0.3333333333333333, 0.3333333333333333]"
12981,100.66177697206469,966263.9378720274,"[0.3333333333333333, 0.3333333333333333, 0.3333333333333333]"
12982,927.3544598369414,153334.4079015627,"[0.3333333333333333, 0.3333333333333333, 0.3333333333333333]"
12983,847.9198922795198,110485.00261003264,"[0.3333333333333333, 0.3333333333333333, 0.3333333333333333]"
12984,808.6657050597025,221597.07974872476,"[0.3333333333333333, 0.3333333333333333, 0.3333333333333333]"
12985,460.34877147011184,121890.55349388884,"[0.3333333333333333, 0.3333333333333333, 0.3333333333333333]"
12986,715.0455185425853,355423.8482537519,"[0.3333333333333333, 0.3333333333333333, 0.3333333333333333]"
12987,270.4225565858481,923426.8458122223,"[0.3333333333333333, 0.3333333333333333, 0.3333333333333333]"
12988,869.1229946705993,477867.05365296814,"[0.3333333333333333, 0.3333333333333333, 0.3333333333333333]"
12989,175.6848776356517,451773.0905738059,"[0.3333333333333333, 0.3333333333333333, 0.3333333333333333]"
12990,59.92624337021942,998965.5746194536,"[0.3333333333333333, 0.3333333333333333, 0.3333333333333333]"
12991,422.7857512390106,270354.74865259574,"[0.3333333333333333, 0.3333333333333333, 0.3333333333333333]"
12992,646.382936867142,258957.37507873576,"[0.3333333333333333, 0.3333333333333333, 0.3333333333333333]"
12993,279.4328495852788,686518.4186249038,"[0.3333333333333333, 0.3333333333333333, 0.3333333333333333]"
12994,574.8493655196846,113437.64221698619,"[0.3333333333333333, 0.3333333333333333, 0.3333333333333333]"
12995,940.2309996175441,284593.52165543963,"[0.3333333333333333, 0.3333333333333333, 0.3333333333333333]"
12996,22.1541214982985,920066.8778220078,"[0.3333333333333333, 0.3333333333333333, 0.3333333333333333]"
12997,285.5895953393366,796155.7800496203,"[0.3333333333333333, 0.3333333333333333, 0.3333333333333333]"
12998,387.99186486718645,252962.5238828399,"[0.3333333333333333, 0.3333333333333333, 0.3333333333333333]"
12999,793.9108500703529,213743.08328326314,"[0.3333333333333333, 0.3333333333333333, 0.3333333333333333]"
13000,749.6451752865114,651100.9766336463,"[0.3333333333333333, 0.3333333333333333, 0.3333333333333333]"
13001,281.10089881100066,330960.0379780382,"[0.3333333333333333, 0.3333333333333333, 0.3333333333333333]"
13002,636.9966312395002,872365.9133220941,"[0.3333333333333333, 0.3333333333333333, 0.3333333333333333]"
13003,709.2209479806161,690427.7617435997,"[0.3333333333333333, 0.3333333333333333, 0.3333333333333333]"
13004,474.95687299976066,166597.95952069174,"[0.3333333333333333, 0.3333333333333333, 0.3333333333333333]"
13005,621.0971086534907,270243.8815439721,"[0.3333333333333333, 0.3333333333333333, 0.3333333333333333]"
13006,236.4145054260601,194999.58455017384,"[0.3333333333333333, 0.3333333333333333, 0.3333333333333333]"
13007,474.1317367360434,727289.1754953184,"[0.3333333333333333, 0.3333333333333333, 0.3333333333333333]"
13008,965.2801525007656,982732.8235071652,"[0.3333333333333333, 0.3333333333333333, 0.3333333333333333]"
13009,562.449842809652,617121.6558882634,"[0.3333333333333333, 0.3333333333333333, 0.3333333333333333]"
13010,218.4622354960759,337216.1822017344,"[0.3333333333333333, 0.3333333333333333, 0.3333333333333333]"
13011,153.68014689461424,148226.6472659795,"[0.3333333333333333, 0.3333333333333333, 0.3333333333333333]"
13012,429.7751626978207,921337.3451649941,"[0.3333333333333333, 0.3333333333333333, 0.3333333333333333]"
13013,385.4096469854317,303074.99198814575,"[0.3333333333333333, 0.3333333333333333, 0.3333333333333333]"
13014,916.5559027485431,649697.7331618012,"[0.3333333333333333, 0.3333333333333333, 0.3333333333333333]"
13015,129.51044228190676,846079.9933925305,"[0.3333333333333333, 0.3333333333333333, 0.3333333333333333]"
13016,751.46126160938,810087.1911545875,"[0.3333333333333333, 0.3333333333333333, 0.3333333333333333]"
13017,987.5335747442418,562816.6106293969,"[0.3333333333333333, 0.3333333333333333, 0.3333333333333333]"
13018,437.7198334294746,392703.12669180706,"[0.3333333333333333, 0.3333333333333333, 0.3333333333333333]"
13019,91.04015679871677,366209.3985400036,"[0.3333333333333333, 0.3333333333333333, 0.3333333333333333]"
13020,495.7657648745895,525389.0297246194,"[0.3333333333333333, 0.3333333333333333, 0.3333333333333333]"
13021,500.5480910369153,809310.1127756706,"[0.3333333333333333, 0.3333333333333333, 0.3333333333333333]"
13022,966.9277836174604,225021.3634525893,"[0.3333333333333333, 0.3333333333333333, 0.3333333333333333]"
13023,528.5709519692921,502032.39686275244,"[0.3333333333333333, 0.3333333333333333, 0.3333333333333333]"
13024,884.824995945285,850595.9556811529,"[0.3333333333333333, 0.3333333333333333, 0.3333333333333333]"
13025,633.277160622059,135468.7351235125,"[0.3333333333333333, 0.3333333333333333, 0.3333333333333333]"
13026,135.13526354671475,243138.49999627005,"[0.3333333333333333, 0.3333333333333333, 0.3333333333333333]"
13027,538.341895180143,889708.7960077533,"[0.3333333333333333, 0.3333333333333333, 0.3333333333333333]"
13028,787.4782511756904,810081.7569409735,"[0.3333333333333333, 0.3333333333333333, 0.3333333333333333]"
13029,272.1601098567992,561975.2460232977,"[0.3333333333333333, 0.3333333333333333, 0.3333333333333333]"
13030,921.9255106733021,881819.6903433632,"[0.3333333333333333, 0.3333333333333333, 0.3333333333333333]"
13031,60.85633882552421,442110.9304469892,"[0.3333333333333333, 0.3333333333333333, 0.3333333333333333]"
13032,35.040219795716666,941041.6265788003,"[0.3333333333333333, 0.3333333333333333, 0.3333333333333333]"
13033,736.3973776667294,789193.2630708507,"[0.3333333333333333, 0.3333333333333333, 0.3333333333333333]"
13034,159.7368960765959,614963.059629261,"[0.3333333333333333, 0.3333333333333333, 0.3333333333333333]"
13035,992.829015072996,884766.1411203981,"[0.3333333333333333, 0.3333333333333333, 0.3333333333333333]"
13036,147.10772417223887,444949.1751283627,"[0.3333333333333333, 0.3333333333333333, 0.3333333333333333]"
13037,126.50395878265847,678188.3496201108,"[0.3333333333333333, 0.3333333333333333, 0.3333333333333333]"
13038,274.4925352240882,902508.9670228745,"[0.3333333333333333, 0.3333333333333333, 0.3333333333333333]"
13039,887.0846529670903,968248.8468091183,"[0.3333333333333333, 0.3333333333333333, 0.3333333333333333]"
13040,313.1658521473681,663037.3478679049,"[0.3333333333333333, 0.3333333333333333, 0.3333333333333333]"
13041,809.8047594475283,922386.4013663324,"[0.3333333333333333, 0.3333333333333333, 0.3333333333333333]"
13042,628.9562957814655,544105.4172363447,"[0.3333333333333333, 0.3333333333333333, 0.3333333333333333]"
13043,958.6233522037546,368616.3695481255,"[0.3333333333333333, 0.3333333333333333, 0.3333333333333333]"
13044,176.34239552024363,302454.0403112828,"[0.3333333333333333, 0.3333333333333333, 0.3333333333333333]"
13045,24.655433625858596,188001.20795181906,"[0.3333333333333333, 0.3333333333333333, 0.3333333333333333]"
13046,314.50786040791354,966873.2569305084,"[0.3333333333333333, 0.3333333333333333, 0.3333333333333333]"
13047,338.8952655692161,313080.7440482093,"[0.3333333333333333, 0.3333333333333333, 0.3333333333333333]"
13048,473.85648765940954,198545.61453375878,"[0.3333333333333333, 0.3333333333333333, 0.3333333333333333]"
13049,940.0832086193034,479059.80164104345,"[0.3333333333333333, 0.3333333333333333, 0.3333333333333333]"
13050,706.4624873951656,821892.213084554,"[0.3333333333333333, 0.3333333333333333, 0.3333333333333333]"
13051,897.7652873499957,320562.55015448306,"[0.3333333333333333, 0.3333333333333333, 0.3333333333333333]"
13052,738.0333403555198,921680.8460237242,"[0.3333333333333333, 0.3333333333333333, 0.3333333333333333]"
13053,408.4462653730026,910944.8916742668,"[0.3333333333333333, 0.3333333333333333, 0.3333333333333333]"
13054,14.500656376241233,634297.8006425259,"[0.3333333333333333, 0.3333333333333333, 0.3333333333333333]"
13055,540.2695453439895,485652.899529028,"[0.3333333333333333, 0.3333333333333333, 0.3333333333333333]"
13056,964.4485047313194,878686.9726053133,"[0.3333333333333333, 0.3333333333333333, 0.3333333333333333]"
13057,385.37248885458547,873916.9662474297,"[0.3333333333333333, 0.3333333333333333, 0.3333333333333333]"
13058,446.0076139088455,438295.66456845246,"[0.3333333333333333, 0.3333333333333333, 0.3333333333333333]"
13059,824.1790904624527,403094.3303623475,"[0.3333333333333333, 0.3333333333333333, 0.3333333333333333]"
13060,478.5394635465689,690327.0576432808,"[0.3333333333333333, 0.3333333333333333, 0.3333333333333333]"
13061,408.9628155691595,341089.5479816686,"[0.3333333333333333, 0.3333333333333333, 0.3333333333333333]"
13062,629.0118212986058,336825.3441551313,"[0.3333333333333333, 0.3333333333333333, 0.3333333333333333]"
13063,142.27080854408987,132242.95271429024,"[0.3333333333333333, 0.3333333333333333, 0.3333333333333333]"
13064,658.2149263301436,749583.7630266628,"[0.3333333333333333, 0.3333333333333333, 0.3333333333333333]"
13065,842.3475497733805,332979.2314773967,"[0.3333333333333333, 0.3333333333333333, 0.3333333333333333]"
13066,450.2271395030945,892196.4375801848,"[0.3333333333333333, 0.3333333333333333, 0.3333333333333333]"
13067,731.0017733772805,699153.0645541359,"[0.3333333333333333, 0.3333333333333333, 0.3333333333333333]"
13068,491.29355034911293,469672.0651777828,"[0.3333333333333333, 0.3333333333333333, 0.3333333333333333]"
13069,534.1520415213707,247461.86595824923,"[0.3333333333333333, 0.3333333333333333, 0.3333333333333333]"
13070,823.9663925936019,369872.10749559145,"[0.3333333333333333, 0.3333333333333333, 0.3333333333333333]"
13071,198.42616562325534,856726.454789554,"[0.3333333333333333, 0.3333333333333333, 0.3333333333333333]"
13072,953.7519424877993,475131.5622025056,"[0.3333333333333333, 0.3333333333333333, 0.3333333333333333]"
13073,758.1569630107296,648846.9060978332,"[0.3333333333333333, 0.3333333333333333, 0.3333333333333333]"
13074,263.8063272672755,883347.8269770427,"[0.3333333333333333, 0.3333333333333333, 0.3333333333333333]"
13075,893.2243842296828,879405.4494094617,"[0.3333333333333333, 0.3333333333333333, 0.3333333333333333]"
13076,568.044546982834,730655.5336838602,"[0.3333333333333333, 0.3333333333333333, 0.3333333333333333]"
13077,391.114011892982,297639.96918413276,"[0.3333333333333333, 0.3333333333333333, 0.3333333333333333]"
13078,984.9454890363885,796341.165487533,"[0.3333333333333333, 0.3333333333333333, 0.3333333333333333]"
13079,489.06073794232003,157286.65385609737,"[0.3333333333333333, 0.3333333333333333, 0.3333333333333333]"
13080,286.5111518222434,898431.3341344185,"[0.3333333333333333, 0.3333333333333333, 0.3333333333333333]"
13081,282.5942586714624,539961.5739454853,"[0.3333333333333333, 0.3333333333333333, 0.3333333333333333]"
13082,476.94633297410076,654868.6591641525,"[0.3333333333333333, 0.3333333333333333, 0.3333333333333333]"
13083,85.50637017084408,263850.7380217933,"[0.3333333333333333, 0.3333333333333333, 0.3333333333333333]"
13084,969.9980793661877,638964.3879343137,"[0.3333333333333333, 0.3333333333333333, 0.3333333333333333]"
13085,357.31198866929793,497136.4020791522,"[0.3333333333333333, 0.3333333333333333, 0.3333333333333333]"
13086,188.36970244921164,435719.9962716171,"[0.3333333333333333, 0.3333333333333333, 0.3333333333333333]"
13087,472.38996659030835,833374.415689727,"[0.3333333333333333, 0.3333333333333333, 0.3333333333333333]"
13088,983.1201190370277,957872.4465829757,"[0.3333333333333333, 0.3333333333333333, 0.3333333333333333]"
13089,328.27653097059914,257130.54320133393,"[0.3333333333333333, 0.3333333333333333, 0.3333333333333333]"
13090,877.261834990566,708341.2076727645,"[0.3333333333333333, 0.3333333333333333, 0.3333333333333333]"
13091,910.0274581979295,390805.29426510073,"[0.3333333333333333, 0.3333333333333333, 0.3333333333333333]"
13092,897.625675515565,302681.52984412364,"[0.3333333333333333, 0.3333333333333333, 0.3333333333333333]"
13093,721.0659552712665,275719.25832346524,"[0.3333333333333333, 0.3333333333333333, 0.3333333333333333]"
13094,905.277646294606,637761.1693050541,"[0.3333333333333333, 0.3333333333333333, 0.3333333333333333]"
13095,894.9421120527857,272284.1378664285,"[0.3333333333333333, 0.3333333333333333, 0.3333333333333333]"
13096,862.3510869736278,453132.20669972774,"[0.3333333333333333, 0.3333333333333333, 0.3333333333333333]"
13097,316.83432057050464,636036.9827228971,"[0.3333333333333333, 0.3333333333333333, 0.3333333333333333]"
13098,401.83572095556616,574692.7827644709,"[0.3333333333333333, 0.3333333333333333, 0.3333333333333333]"
13099,964.5424878357331,652675.496943092,"[0.3333333333333333, 0.3333333333333333, 0.3333333333333333]"
13100,69.61966111687136,638395.5700045656,"[0.3333333333333333, 0.3333333333333333, 0.3333333333333333]"
13101,868.7479539202723,942641.6445803228,"[0.3333333333333333, 0.3333333333333333, 0.3333333333333333]"
13102,500.8110729017534,251681.30671387838,"[0.3333333333333333, 0.3333333333333333, 0.3333333333333333]"
13103,383.1190740094852,491315.45072961797,"[0.3333333333333333, 0.3333333333333333, 0.3333333333333333]"
13104,253.88830113356153,671221.6071140881,"[0.3333333333333333, 0.3333333333333333, 0.3333333333333333]"
13105,246.5269677548403,381738.3858408573,"[0.3333333333333333, 0.3333333333333333, 0.3333333333333333]"
13106,408.98599776541573,803958.3916092236,"[0.3333333333333333, 0.3333333333333333, 0.3333333333333333]"
13107,774.9421492385188,925358.0290596945,"[0.3333333333333333, 0.3333333333333333, 0.3333333333333333]"
13108,795.7972100515782,560277.7852796451,"[0.3333333333333333, 0.3333333333333333, 0.3333333333333333]"
13109,428.71772610064374,364728.44867861073,"[0.3333333333333333, 0.3333333333333333, 0.3333333333333333]"
13110,806.1266012382908,636556.8902555464,"[0.3333333333333333, 0.3333333333333333, 0.3333333333333333]"
13111,116.1953478954829,328940.9740138281,"[0.3333333333333333, 0.3333333333333333, 0.3333333333333333]"
13112,46.980188697332544,830376.9231607831,"[0.3333333333333333, 0.3333333333333333, 0.3333333333333333]"
13113,789.6412931959255,765936.3753228291,"[0.3333333333333333, 0.3333333333333333, 0.3333333333333333]"
13114,243.97490506546416,409169.77471784,"[0.3333333333333333, 0.3333333333333333, 0.3333333333333333]"
13115,464.6512096025266,398058.1064973977,"[0.3333333333333333, 0.3333333333333333, 0.3333333333333333]"
13116,567.7831705011254,293776.8385274705,"[0.3333333333333333, 0.3333333333333333, 0.3333333333333333]"
13117,259.4553716599494,551159.6140966977,"[0.3333333333333333, 0.3333333333333333, 0.3333333333333333]"
13118,460.4962162325187,228724.83896402412,"[0.3333333333333333, 0.3333333333333333, 0.3333333333333333]"
13119,128.99545315397665,986189.5795334897,"[0.3333333333333333, 0.3333333333333333, 0.3333333333333333]"
13120,961.28002350375,957217.6100586734,"[0.3333333333333333, 0.3333333333333333, 0.3333333333333333]"
13121,602.9741256026745,457926.7106561512,"[0.3333333333333333, 0.3333333333333333, 0.3333333333333333]"
13122,13.253910329697742,261027.69897523994,"[0.3333333333333333, 0.3333333333333333, 0.3333333333333333]"
13123,543.9516567343039,249619.09270790772,"[0.3333333333333333, 0.3333333333333333, 0.3333333333333333]"
13124,751.9018318143209,993301.6516040117,"[0.3333333333333333, 0.3333333333333333, 0.3333333333333333]"
13125,638.7603860790888,606406.3193799192,"[0.3333333333333333, 0.3333333333333333, 0.3333333333333333]"
13126,11.58867160855834,484971.4563995662,"[0.3333333333333333, 0.3333333333333333, 0.3333333333333333]"
13127,404.5144856573667,625952.8074232601,"[0.3333333333333333, 0.3333333333333333, 0.3333333333333333]"
13128,507.7580281521018,971722.7347439243,"[0.3333333333333333, 0.3333333333333333, 0.3333333333333333]"
13129,107.04712084325375,633927.6708592109,"[0.3333333333333333, 0.3333333333333333, 0.3333333333333333]"
13130,713.3272087147591,845229.0998287178,"[0.3333333333333333, 0.3333333333333333, 0.3333333333333333]"
13131,26.484393207899256,787562.3756875556,"[0.3333333333333333, 0.3333333333333333, 0.3333333333333333]"
13132,329.3034344825575,244472.45037783845,"[0.3333333333333333, 0.3333333333333333, 0.3333333333333333]"
13133,453.72587670689165,943769.3713050698,"[0.3333333333333333, 0.3333333333333333, 0.3333333333333333]"
13134,700.0749512550204,832187.2573702482,"[0.3333333333333333, 0.3333333333333333, 0.3333333333333333]"
13135,798.8107180085146,938229.8509804106,"[0.3333333333333333, 0.3333333333333333, 0.3333333333333333]"
13136,948.6786260471637,192943.17169708002,"[0.3333333333333333, 0.3333333333333333, 0.3333333333333333]"
13137,791.0697673077779,494214.9670990556,"[0.3333333333333333, 0.3333333333333333, 0.3333333333333333]"
13138,584.7589657628203,190145.07616312974,"[0.3333333333333333, 0.3333333333333333, 0.3333333333333333]"
13139,87.34625056496826,770925.3307265901,"[0.3333333333333333, 0.3333333333333333, 0.3333333333333333]"
13140,948.1100638583264,831539.1141244613,"[0.3333333333333333, 0.3333333333333333, 0.3333333333333333]"
13141,833.4380824373133,841910.1800041168,"[0.3333333333333333, 0.3333333333333333, 0.3333333333333333]"
13142,339.26927286298144,545634.8518806356,"[0.3333333333333333, 0.3333333333333333, 0.3333333333333333]"
13143,760.0647394675151,977903.8325351259,"[0.3333333333333333, 0.3333333333333333, 0.3333333333333333]"
13144,290.8581680270027,460724.68982089945,"[0.3333333333333333, 0.3333333333333333, 0.3333333333333333]"
13145,306.37163741159657,267489.7267001285,"[0.3333333333333333, 0.3333333333333333, 0.3333333333333333]"
13146,612.5161010803117,514224.1035918726,"[0.3333333333333333, 0.3333333333333333, 0.3333333333333333]"
13147,262.16762576049564,286400.15066716186,"[0.3333333333333333, 0.3333333333333333, 0.3333333333333333]"
13148,883.7563437086533,214092.7913311925,"[0.3333333333333333, 0.3333333333333333, 0.3333333333333333]"
13149,961.1312855996995,105095.80134089294,"[0.3333333333333333, 0.3333333333333333, 0.3333333333333333]"
13150,812.8951393155596,309835.722274665,"[0.3333333333333333, 0.3333333333333333, 0.3333333333333333]"
13151,644.7615377312989,105111.37194471015,"[0.3333333333333333, 0.3333333333333333, 0.3333333333333333]"
13152,46.03822731129555,993784.8635450614,"[0.3333333333333333, 0.3333333333333333, 0.3333333333333333]"
13153,712.0843030840458,481884.32501296484,"[0.3333333333333333, 0.3333333333333333, 0.3333333333333333]"
13154,423.01768446066757,255901.20873221307,"[0.3333333333333333, 0.3333333333333333, 0.3333333333333333]"
13155,766.51819002552,459189.9812519742,"[0.3333333333333333, 0.3333333333333333, 0.3333333333333333]"
13156,547.8232133863902,698978.4353996982,"[0.3333333333333333, 0.3333333333333333, 0.3333333333333333]"
13157,161.4470833868496,640070.0053798694,"[0.3333333333333333, 0.3333333333333333, 0.3333333333333333]"
13158,482.5357951096571,716258.7769427771,"[0.3333333333333333, 0.3333333333333333, 0.3333333333333333]"
13159,19.800129888605984,230602.78467381472,"[0.3333333333333333, 0.3333333333333333, 0.3333333333333333]"
13160,871.1534357145215,113618.52493386537,"[0.3333333333333333, 0.3333333333333333, 0.3333333333333333]"
13161,920.346456505565,559506.4708026238,"[0.3333333333333333, 0.3333333333333333, 0.3333333333333333]"
13162,122.42915781833103,106587.67826181371,"[0.3333333333333333, 0.3333333333333333, 0.3333333333333333]"
13163,695.7710436284164,421170.3109785162,"[0.3333333333333333, 0.3333333333333333, 0.3333333333333333]"
13164,652.9663205496186,434613.7038179714,"[0.3333333333333333, 0.3333333333333333, 0.3333333333333333]"
13165,872.2757432434731,302206.54692408885,"[0.3333333333333333, 0.3333333333333333, 0.3333333333333333]"
13166,795.6686267031707,946898.7041166691,"[0.3333333333333333, 0.3333333333333333, 0.3333333333333333]"
13167,650.3734645936526,555612.0914250247,"[0.3333333333333333, 0.3333333333333333, 0.3333333333333333]"
13168,126.30463785773728,879585.9169789618,"[0.3333333333333333, 0.3333333333333333, 0.3333333333333333]"
13169,764.7217343229015,119105.61516803627,"[0.3333333333333333, 0.3333333333333333, 0.3333333333333333]"
13170,958.7254038764681,687788.6591385273,"[0.3333333333333333, 0.3333333333333333, 0.3333333333333333]"
13171,613.1307358818958,775384.8060661083,"[0.3333333333333333, 0.3333333333333333, 0.3333333333333333]"
13172,259.6020274347445,115560.28178215273,"[0.3333333333333333, 0.3333333333333333, 0.3333333333333333]"
13173,352.0900448515784,936035.756917484,"[0.3333333333333333, 0.3333333333333333, 0.3333333333333333]"
13174,463.91951234805066,793750.9187149425,"[0.3333333333333333, 0.3333333333333333, 0.3333333333333333]"
13175,64.00244058400679,921821.9790195526,"[0.3333333333333333, 0.3333333333333333, 0.3333333333333333]"
13176,484.23245173930167,984639.1357925368,"[0.3333333333333333, 0.3333333333333333, 0.3333333333333333]"
13177,236.663743749063,906076.1591742104,"[0.3333333333333333, 0.3333333333333333, 0.3333333333333333]"
13178,143.8931667687105,754197.9433664937,"[0.3333333333333333, 0.3333333333333333, 0.3333333333333333]"
13179,312.7257225764438,949206.6372174553,"[0.3333333333333333, 0.3333333333333333, 0.3333333333333333]"
13180,281.8324979058749,426246.7718604149,"[0.3333333333333333, 0.3333333333333333, 0.3333333333333333]"
13181,364.8335712266071,926455.4170722944,"[0.3333333333333333, 0.3333333333333333, 0.3333333333333333]"
13182,291.84765060794103,554916.3709838116,"[0.3333333333333333, 0.3333333333333333, 0.3333333333333333]"
13183,266.2324300262391,331250.85201988,"[0.3333333333333333, 0.3333333333333333, 0.3333333333333333]"
13184,658.8607170720553,214732.19394528487,"[0.3333333333333333, 0.3333333333333333, 0.3333333333333333]"
13185,353.34399745996717,353304.4730611452,"[0.3333333333333333, 0.3333333333333333, 0.3333333333333333]"
13186,267.2885592822887,419187.8560678153,"[0.3333333333333333, 0.3333333333333333, 0.3333333333333333]"
13187,838.6923412217192,803792.5386982866,"[0.3333333333333333, 0.3333333333333333, 0.3333333333333333]"
13188,817.101494194152,407489.77206503047,"[0.3333333333333333, 0.3333333333333333, 0.3333333333333333]"
13189,30.554586116987455,357926.8681791004,"[0.3333333333333333, 0.3333333333333333, 0.3333333333333333]"
13190,421.2679772844313,113026.31695745348,"[0.3333333333333333, 0.3333333333333333, 0.3333333333333333]"
13191,562.963004996965,161442.24467854196,"[0.3333333333333333, 0.3333333333333333, 0.3333333333333333]"
13192,552.673136725868,802981.960610513,"[0.3333333333333333, 0.3333333333333333, 0.3333333333333333]"
13193,767.964642005509,873149.3909946744,"[0.3333333333333333, 0.3333333333333333, 0.3333333333333333]"
13194,834.6542233733137,895056.9994061047,"[0.3333333333333333, 0.3333333333333333, 0.3333333333333333]"
13195,485.42031534735924,858847.6330299892,"[0.3333333333333333, 0.3333333333333333, 0.3333333333333333]"
13196,750.9843207275794,315361.09928187414,"[0.3333333333333333, 0.3333333333333333, 0.3333333333333333]"
13197,188.5194376417632,233666.04333775077,"[0.3333333333333333, 0.3333333333333333, 0.3333333333333333]"
13198,847.148686252524,113102.41599464274,"[0.3333333333333333, 0.3333333333333333, 0.3333333333333333]"
13199,726.7973909867071,667761.572437907,"[0.3333333333333333, 0.3333333333333333, 0.3333333333333333]"
13200,51.19442079427759,734790.4124926643,"[0.3333333333333333, 0.3333333333333333, 0.3333333333333333]"
13201,837.1459707849915,771490.992794986,"[0.3333333333333333, 0.3333333333333333, 0.3333333333333333]"
13202,916.5488837923614,327534.3994672627,"[0.3333333333333333, 0.3333333333333333, 0.3333333333333333]"
13203,509.3776111047845,628723.1375692412,"[0.3333333333333333, 0.3333333333333333, 0.3333333333333333]"
13204,739.8936776236268,845222.9908569695,"[0.3333333333333333, 0.3333333333333333, 0.3333333333333333]"
13205,273.15262411142913,451740.8326751288,"[0.3333333333333333, 0.3333333333333333, 0.3333333333333333]"
13206,188.43372308950097,721051.4606026461,"[0.3333333333333333, 0.3333333333333333, 0.3333333333333333]"
13207,393.86842721553677,854629.6090869792,"[0.3333333333333333, 0.3333333333333333, 0.3333333333333333]"
13208,483.0895731469504,546409.509097098,"[0.3333333333333333, 0.3333333333333333, 0.3333333333333333]"
13209,835.7334215532853,453812.43892393477,"[0.3333333333333333, 0.3333333333333333, 0.3333333333333333]"
13210,322.9635339374204,121414.88603064745,"[0.3333333333333333, 0.3333333333333333, 0.3333333333333333]"
13211,650.6657641565978,336798.24328740936,"[0.3333333333333333, 0.3333333333333333, 0.3333333333333333]"
13212,76.39781391331123,424640.6544733459,"[0.3333333333333333, 0.3333333333333333, 0.3333333333333333]"
13213,62.534671082313956,690858.6075384945,"[0.3333333333333333, 0.3333333333333333, 0.3333333333333333]"
13214,785.9443229764062,618810.5850705712,"[0.3333333333333333, 0.3333333333333333, 0.3333333333333333]"
13215,735.3800098534562,768708.7460600386,"[0.3333333333333333, 0.3333333333333333, 0.3333333333333333]"
13216,339.4642343603587,701805.5926321074,"[0.3333333333333333, 0.3333333333333333, 0.3333333333333333]"
13217,411.34788653802025,132208.03458404628,"[0.3333333333333333, 0.3333333333333333, 0.3333333333333333]"
13218,613.028425903064,999901.0907149531,"[0.3333333333333333, 0.3333333333333333, 0.3333333333333333]"
13219,671.2095591114688,199583.47155253333,"[0.3333333333333333, 0.3333333333333333, 0.3333333333333333]"
13220,799.4830014934087,749730.0262484937,"[0.3333333333333333, 0.3333333333333333, 0.3333333333333333]"
13221,882.6005779011113,275333.53305831004,"[0.3333333333333333, 0.3333333333333333, 0.3333333333333333]"
13222,274.3325496591139,503179.1974760947,"[0.3333333333333333, 0.3333333333333333, 0.3333333333333333]"
13223,610.1320707669809,222354.27217042033,"[0.3333333333333333, 0.3333333333333333, 0.3333333333333333]"
13224,916.2443784937218,995954.5468088817,"[0.3333333333333333, 0.3333333333333333, 0.3333333333333333]"
13225,219.88049972890866,875523.1689005408,"[0.3333333333333333, 0.3333333333333333, 0.3333333333333333]"
13226,135.26187628888874,463558.9769679295,"[0.3333333333333333, 0.3333333333333333, 0.3333333333333333]"
13227,296.82943987137895,758201.2635332441,"[0.3333333333333333, 0.3333333333333333, 0.3333333333333333]"
13228,222.9429589922848,991501.9146867691,"[0.3333333333333333, 0.3333333333333333, 0.3333333333333333]"
13229,792.6813764273447,492799.99372501124,"[0.3333333333333333, 0.3333333333333333, 0.3333333333333333]"
13230,316.2777826103659,205960.93666154443,"[0.3333333333333333, 0.3333333333333333, 0.3333333333333333]"
13231,144.24017871110536,924092.1190481151,"[0.3333333333333333, 0.3333333333333333, 0.3333333333333333]"
13232,247.47434780840894,194734.82004476612,"[0.3333333333333333, 0.3333333333333333, 0.3333333333333333]"
13233,692.9240790861603,940024.1992532932,"[0.3333333333333333, 0.3333333333333333, 0.3333333333333333]"
13234,314.18260356495153,311562.60343877814,"[0.3333333333333333, 0.3333333333333333, 0.3333333333333333]"
13235,810.6080630830319,485098.37319553655,"[0.3333333333333333, 0.3333333333333333, 0.3333333333333333]"
13236,278.9313479802643,275576.87509117817,"[0.3333333333333333, 0.3333333333333333, 0.3333333333333333]"
13237,891.8376914972391,776677.1539401888,"[0.3333333333333333, 0.3333333333333333, 0.3333333333333333]"
13238,917.7645796709991,892479.4369234414,"[0.3333333333333333, 0.3333333333333333, 0.3333333333333333]"
13239,902.4783755344157,750975.2775328349,"[0.3333333333333333, 0.3333333333333333, 0.3333333333333333]"
13240,855.7093364784737,214619.50974098602,"[0.3333333333333333, 0.3333333333333333, 0.3333333333333333]"
13241,764.8650944869872,636568.3203303771,"[0.3333333333333333, 0.3333333333333333, 0.3333333333333333]"
13242,556.0130341236751,223132.14145085565,"[0.3333333333333333, 0.3333333333333333, 0.3333333333333333]"
13243,152.3078677495182,111445.39405945071,"[0.3333333333333333, 0.3333333333333333, 0.3333333333333333]"
13244,60.57732597352798,359301.120138277,"[0.3333333333333333, 0.3333333333333333, 0.3333333333333333]"
13245,761.0847300298583,685965.9939855417,"[0.3333333333333333, 0.3333333333333333, 0.3333333333333333]"
13246,850.7396943057012,101841.22235051917,"[0.3333333333333333, 0.3333333333333333, 0.3333333333333333]"
13247,827.0058281129644,706239.5422721825,"[0.3333333333333333, 0.3333333333333333, 0.3333333333333333]"
13248,695.654399422035,199405.63966010214,"[0.3333333333333333, 0.3333333333333333, 0.3333333333333333]"
13249,942.5239388440739,498198.7223325199,"[0.3333333333333333, 0.3333333333333333, 0.3333333333333333]"
13250,961.7674299956274,671629.8791298926,"[0.3333333333333333, 0.3333333333333333, 0.3333333333333333]"
13251,926.816196914652,616570.9963500983,"[0.3333333333333333, 0.3333333333333333, 0.3333333333333333]"
13252,549.9580385500778,743058.1322834712,"[0.3333333333333333, 0.3333333333333333, 0.3333333333333333]"
13253,346.24672051943224,303922.42879427073,"[0.3333333333333333, 0.3333333333333333, 0.3333333333333333]"
13254,235.79661038201183,479799.58185121225,"[0.3333333333333333, 0.3333333333333333, 0.3333333333333333]"
13255,823.4769426307165,203890.06332102825,"[0.3333333333333333, 0.3333333333333333, 0.3333333333333333]"
13256,973.5031648576346,850255.7305603562,"[0.3333333333333333, 0.3333333333333333, 0.3333333333333333]"
13257,559.2985066843547,267893.71789957467,"[0.3333333333333333, 0.3333333333333333, 0.3333333333333333]"
13258,632.5410774650143,428933.156453378,"[0.3333333333333333, 0.3333333333333333, 0.3333333333333333]"
13259,459.5186543859504,864959.8587612505,"[0.3333333333333333, 0.3333333333333333, 0.3333333333333333]"
13260,380.85616102941503,932504.7080849606,"[0.3333333333333333, 0.3333333333333333, 0.3333333333333333]"
13261,305.23177416897744,225195.59849890665,"[0.3333333333333333, 0.3333333333333333, 0.3333333333333333]"
13262,475.919888296271,505784.11054063856,"[0.3333333333333333, 0.3333333333333333, 0.3333333333333333]"
13263,70.94195689860987,379015.8193824879,"[0.3333333333333333, 0.3333333333333333, 0.3333333333333333]"
13264,290.30328355771314,693200.2895999805,"[0.3333333333333333, 0.3333333333333333, 0.3333333333333333]"
13265,372.6576665164027,129501.42024628849,"[0.3333333333333333, 0.3333333333333333, 0.3333333333333333]"
13266,953.0313536780617,126669.74837319346,"[0.3333333333333333, 0.3333333333333333, 0.3333333333333333]"
13267,630.0253235360232,285840.5973714694,"[0.3333333333333333, 0.3333333333333333, 0.3333333333333333]"
13268,88.62198249952876,663599.4274665072,"[0.3333333333333333, 0.3333333333333333, 0.3333333333333333]"
13269,366.97190778846993,340561.54999840923,"[0.3333333333333333, 0.3333333333333333, 0.3333333333333333]"
13270,979.8625245039768,764783.609923316,"[0.3333333333333333, 0.3333333333333333, 0.3333333333333333]"
13271,828.886466418504,887738.7975295311,"[0.3333333333333333, 0.3333333333333333, 0.3333333333333333]"
13272,510.24391723111347,374645.26747260883,"[0.3333333333333333, 0.3333333333333333, 0.3333333333333333]"
13273,537.5328929179891,136411.16932882537,"[0.3333333333333333, 0.3333333333333333, 0.3333333333333333]"
13274,321.793327499523,756195.0985114655,"[0.3333333333333333, 0.3333333333333333, 0.3333333333333333]"
13275,182.97712430051064,859456.0096330264,"[0.3333333333333333, 0.3333333333333333, 0.3333333333333333]"
13276,342.88740793163254,734503.8489579177,"[0.3333333333333333, 0.3333333333333333, 0.3333333333333333]"
13277,913.2946391161364,729992.4065357189,"[0.3333333333333333, 0.3333333333333333, 0.3333333333333333]"
13278,418.41869790293174,754735.1081271234,"[0.3333333333333333, 0.3333333333333333, 0.3333333333333333]"
13279,494.47482088857083,190003.81979427685,"[0.3333333333333333, 0.3333333333333333, 0.3333333333333333]"
13280,292.7329918978629,851672.4538034152,"[0.3333333333333333, 0.3333333333333333, 0.3333333333333333]"
13281,776.0875903320525,132408.12049900985,"[0.3333333333333333, 0.3333333333333333, 0.3333333333333333]"
13282,277.3164637339426,581716.7816074543,"[0.3333333333333333, 0.3333333333333333, 0.3333333333333333]"
13283,530.8118434552086,646044.4767924142,"[0.3333333333333333, 0.3333333333333333, 0.3333333333333333]"
13284,263.1591763321003,905260.1718889157,"[0.3333333333333333, 0.3333333333333333, 0.3333333333333333]"
13285,734.977439273659,453427.9159703467,"[0.3333333333333333, 0.3333333333333333, 0.3333333333333333]"
13286,313.3712806039993,976589.6710822087,"[0.3333333333333333, 0.3333333333333333, 0.3333333333333333]"
13287,576.3200934913528,230676.9272764464,"[0.3333333333333333, 0.3333333333333333, 0.3333333333333333]"
13288,113.6310570932016,940075.9476177973,"[0.3333333333333333, 0.3333333333333333, 0.3333333333333333]"
13289,674.6201071830875,336408.0822716109,"[0.3333333333333333, 0.3333333333333333, 0.3333333333333333]"
13290,107.73450552613284,691396.1252114781,"[0.3333333333333333, 0.3333333333333333, 0.3333333333333333]"
13291,522.0110581011035,402654.8528924384,"[0.3333333333333333, 0.3333333333333333, 0.3333333333333333]"
13292,419.1381376826835,532594.054592916,"[0.3333333333333333, 0.3333333333333333, 0.3333333333333333]"
13293,452.7880837061417,958992.690236375,"[0.3333333333333333, 0.3333333333333333, 0.3333333333333333]"
13294,737.1496951865984,556202.7237173251,"[0.3333333333333333, 0.3333333333333333, 0.3333333333333333]"
13295,699.3039110848634,157634.42695332156,"[0.3333333333333333, 0.3333333333333333, 0.3333333333333333]"
13296,404.29918856349207,270741.9833833422,"[0.3333333333333333, 0.3333333333333333, 0.3333333333333333]"
13297,76.25132095598953,722995.8825888888,"[0.3333333333333333, 0.3333333333333333, 0.3333333333333333]"
13298,434.89515134216174,791600.73010399,"[0.3333333333333333, 0.3333333333333333, 0.3333333333333333]"
13299,817.563255070632,724773.825112394,"[0.3333333333333333, 0.3333333333333333, 0.3333333333333333]"
13300,195.46462566444706,976598.8716333096,"[0.3333333333333333, 0.3333333333333333, 0.3333333333333333]"
13301,711.6449828592359,754451.6818447255,"[0.3333333333333333, 0.3333333333333333, 0.3333333333333333]"
13302,988.2629817264183,971845.8903260052,"[0.3333333333333333, 0.3333333333333333, 0.3333333333333333]"
13303,748.6367358164374,429169.957649367,"[0.3333333333333333, 0.3333333333333333, 0.3333333333333333]"
13304,818.4191121779755,713387.7264542576,"[0.3333333333333333, 0.3333333333333333, 0.3333333333333333]"
13305,970.3019653316379,308896.04202002264,"[0.3333333333333333, 0.3333333333333333, 0.3333333333333333]"
13306,991.6987599909254,368678.85079175734,"[0.3333333333333333, 0.3333333333333333, 0.3333333333333333]"
13307,437.82324551729744,505470.03887435666,"[0.3333333333333333, 0.3333333333333333, 0.3333333333333333]"
13308,574.7755558214284,505859.13719526766,"[0.3333333333333333, 0.3333333333333333, 0.3333333333333333]"
13309,200.17270499110307,821801.821593187,"[0.3333333333333333, 0.3333333333333333, 0.3333333333333333]"
13310,619.4241753576584,811939.8157599409,"[0.3333333333333333, 0.3333333333333333, 0.3333333333333333]"
13311,899.4850777196067,710832.8059776047,"[0.3333333333333333, 0.3333333333333333, 0.3333333333333333]"
13312,941.5151525333929,100578.86281726073,"[0.3333333333333333, 0.3333333333333333, 0.3333333333333333]"
13313,682.3002766033425,768408.5247261233,"[0.3333333333333333, 0.3333333333333333, 0.3333333333333333]"
13314,838.6683423080775,393705.6008789443,"[0.3333333333333333, 0.3333333333333333, 0.3333333333333333]"
13315,715.937116972277,720251.6431795772,"[0.3333333333333333, 0.3333333333333333, 0.3333333333333333]"
13316,277.09421188259944,738935.4677724161,"[0.3333333333333333, 0.3333333333333333, 0.3333333333333333]"
13317,689.4472913270104,303799.14705670753,"[0.3333333333333333, 0.3333333333333333, 0.3333333333333333]"
13318,591.020835412667,186176.08477147156,"[0.3333333333333333, 0.3333333333333333, 0.3333333333333333]"
13319,96.95546986527033,152757.2352367497,"[0.3333333333333333, 0.3333333333333333, 0.3333333333333333]"
13320,710.2894808589244,790307.0966588175,"[0.3333333333333333, 0.3333333333333333, 0.3333333333333333]"
13321,968.7488440790723,931244.7069717568,"[0.3333333333333333, 0.3333333333333333, 0.3333333333333333]"
13322,643.0496832834493,699732.6081047928,"[0.3333333333333333, 0.3333333333333333, 0.3333333333333333]"
13323,486.9776217293587,921424.9620512218,"[0.3333333333333333, 0.3333333333333333, 0.3333333333333333]"
13324,894.6319308832656,949494.9826784473,"[0.3333333333333333, 0.3333333333333333, 0.3333333333333333]"
13325,800.853709082378,659052.9983475374,"[0.3333333333333333, 0.3333333333333333, 0.3333333333333333]"
13326,518.0257888133036,997723.3278370732,"[0.3333333333333333, 0.3333333333333333, 0.3333333333333333]"
13327,905.8990659349149,729283.0296689235,"[0.3333333333333333, 0.3333333333333333, 0.3333333333333333]"
13328,279.5651762953356,235291.64074539416,"[0.3333333333333333, 0.3333333333333333, 0.3333333333333333]"
13329,47.271314660281824,292788.9422678913,"[0.3333333333333333, 0.3333333333333333, 0.3333333333333333]"
13330,279.4358005583864,964733.3422781291,"[0.3333333333333333, 0.3333333333333333, 0.3333333333333333]"
13331,276.25211284397295,501856.3479341683,"[0.3333333333333333, 0.3333333333333333, 0.3333333333333333]"
13332,133.12365224515978,229913.08816341433,"[0.3333333333333333, 0.3333333333333333, 0.3333333333333333]"
13333,761.5771779891236,664725.0296975337,"[0.3333333333333333, 0.3333333333333333, 0.3333333333333333]"
13334,556.7332919835015,935874.4084958312,"[0.3333333333333333, 0.3333333333333333, 0.3333333333333333]"
13335,420.37167068583597,548068.8585000716,"[0.3333333333333333, 0.3333333333333333, 0.3333333333333333]"
13336,530.4855350841658,653952.5785612098,"[0.3333333333333333, 0.3333333333333333, 0.3333333333333333]"
13337,784.8062791877816,924974.2942822449,"[0.3333333333333333, 0.3333333333333333, 0.3333333333333333]"
13338,519.0129026438251,737000.2671475208,"[0.3333333333333333, 0.3333333333333333, 0.3333333333333333]"
13339,40.536936774453906,918934.1552787578,"[0.3333333333333333, 0.3333333333333333, 0.3333333333333333]"
13340,110.0080151949641,303831.9455439072,"[0.3333333333333333, 0.3333333333333333, 0.3333333333333333]"
13341,925.7084656667198,120077.35243987002,"[0.3333333333333333, 0.3333333333333333, 0.3333333333333333]"
13342,81.39190826136635,379897.3000251625,"[0.3333333333333333, 0.3333333333333333, 0.3333333333333333]"
13343,248.93171965086563,252756.5180355445,"[0.3333333333333333, 0.3333333333333333, 0.3333333333333333]"
13344,220.21193831758245,705379.4258412115,"[0.3333333333333333, 0.3333333333333333, 0.3333333333333333]"
13345,896.9807200281175,434142.50359979743,"[0.3333333333333333, 0.3333333333333333, 0.3333333333333333]"
13346,610.7333367208249,534326.8028621802,"[0.3333333333333333, 0.3333333333333333, 0.3333333333333333]"
13347,716.7733022362535,393676.3320714241,"[0.3333333333333333, 0.3333333333333333, 0.3333333333333333]"
13348,889.8796751140254,239572.96109004784,"[0.3333333333333333, 0.3333333333333333, 0.3333333333333333]"
13349,98.58879555103871,224614.91022559244,"[0.3333333333333333, 0.3333333333333333, 0.3333333333333333]"
13350,141.38152760911217,988242.7835140327,"[0.3333333333333333, 0.3333333333333333, 0.3333333333333333]"
13351,548.2238454160638,584162.3715913495,"[0.3333333333333333, 0.3333333333333333, 0.3333333333333333]"
13352,302.21766074550993,322433.03779652435,"[0.3333333333333333, 0.3333333333333333, 0.3333333333333333]"
13353,664.8189230793598,642074.6240937246,"[0.3333333333333333, 0.3333333333333333, 0.3333333333333333]"
13354,748.7109514108577,448630.53603165416,"[0.3333333333333333, 0.3333333333333333, 0.3333333333333333]"
13355,425.24259419886107,158699.7768679771,"[0.3333333333333333, 0.3333333333333333, 0.3333333333333333]"
13356,524.567156774769,352887.51896393404,"[0.3333333333333333, 0.3333333333333333, 0.3333333333333333]"
13357,498.85122837424314,177240.16830985557,"[0.3333333333333333, 0.3333333333333333, 0.3333333333333333]"
13358,106.9757289646095,102131.39173979618,"[0.3333333333333333, 0.3333333333333333, 0.3333333333333333]"
13359,163.47830283355236,889646.3747664551,"[0.3333333333333333, 0.3333333333333333, 0.3333333333333333]"
13360,336.53124932440124,842067.6888488533,"[0.3333333333333333, 0.3333333333333333, 0.3333333333333333]"
13361,502.78885099810776,686152.8605666608,"[0.3333333333333333, 0.3333333333333333, 0.3333333333333333]"
13362,257.79964231446877,669169.6222315882,"[0.3333333333333333, 0.3333333333333333, 0.3333333333333333]"
13363,729.2923017464209,953987.3803309352,"[0.3333333333333333, 0.3333333333333333, 0.3333333333333333]"
13364,853.2508854353599,534905.2022086519,"[0.3333333333333333, 0.3333333333333333, 0.3333333333333333]"
13365,605.3787032355439,288369.39194181113,"[0.3333333333333333, 0.3333333333333333, 0.3333333333333333]"
13366,426.33995233254245,821464.7135774898,"[0.3333333333333333, 0.3333333333333333, 0.3333333333333333]"
13367,810.0035943025098,893678.7745918203,"[0.3333333333333333, 0.3333333333333333, 0.3333333333333333]"
13368,357.63342609945596,772514.8307111327,"[0.3333333333333333, 0.3333333333333333, 0.3333333333333333]"
13369,459.1398015107643,811244.3985294397,"[0.3333333333333333, 0.3333333333333333, 0.3333333333333333]"
13370,608.200470387525,809861.4063040039,"[0.3333333333333333, 0.3333333333333333, 0.3333333333333333]"
13371,604.7442547991867,303455.43459809746,"[0.3333333333333333, 0.3333333333333333, 0.3333333333333333]"
13372,501.1302554269869,861517.3163447923,"[0.3333333333333333, 0.3333333333333333, 0.3333333333333333]"
13373,504.98678199893766,806925.6888942404,"[0.3333333333333333, 0.3333333333333333, 0.3333333333333333]"
13374,258.3344669573118,985564.0126002061,"[0.3333333333333333, 0.3333333333333333, 0.3333333333333333]"
13375,258.796906253383,436856.14142444165,"[0.3333333333333333, 0.3333333333333333, 0.3333333333333333]"
13376,455.59901643839305,738809.8013526737,"[0.3333333333333333, 0.3333333333333333, 0.3333333333333333]"
13377,705.3277394062562,123886.64940738908,"[0.3333333333333333, 0.3333333333333333, 0.3333333333333333]"
13378,295.5754599720882,482425.3551966086,"[0.3333333333333333, 0.3333333333333333, 0.3333333333333333]"
13379,843.7413840212348,878624.3841732588,"[0.3333333333333333, 0.3333333333333333, 0.3333333333333333]"
13380,802.0976935063219,416983.2471306244,"[0.3333333333333333, 0.3333333333333333, 0.3333333333333333]"
13381,51.099666072467755,770098.3860763056,"[0.3333333333333333, 0.3333333333333333, 0.3333333333333333]"
13382,243.68966070560603,903274.1718208086,"[0.3333333333333333, 0.3333333333333333, 0.3333333333333333]"
13383,774.5055808640093,402033.027981235,"[0.3333333333333333, 0.3333333333333333, 0.3333333333333333]"
13384,582.859600278152,821916.0126645032,"[0.3333333333333333, 0.3333333333333333, 0.3333333333333333]"
13385,641.1451988882324,279763.44502711896,"[0.3333333333333333, 0.3333333333333333, 0.3333333333333333]"
13386,721.7393346574162,827490.2502077813,"[0.3333333333333333, 0.3333333333333333, 0.3333333333333333]"
13387,593.7433689155683,804606.3984990865,"[0.3333333333333333, 0.3333333333333333, 0.3333333333333333]"
13388,92.06354144603361,986400.7489390647,"[0.3333333333333333, 0.3333333333333333, 0.3333333333333333]"
13389,39.50320043663662,214980.91975563823,"[0.3333333333333333, 0.3333333333333333, 0.3333333333333333]"
13390,522.8384836487356,714441.2725314567,"[0.3333333333333333, 0.3333333333333333, 0.3333333333333333]"
13391,945.0744041858202,215435.08293953678,"[0.3333333333333333, 0.3333333333333333, 0.3333333333333333]"
13392,585.5096307260177,414881.5613737553,"[0.3333333333333333, 0.3333333333333333, 0.3333333333333333]"
13393,318.22539233763666,283364.05204031366,"[0.3333333333333333, 0.3333333333333333, 0.3333333333333333]"
13394,481.7907304270613,832662.7101417399,"[0.3333333333333333, 0.3333333333333333, 0.3333333333333333]"
13395,593.9905709466607,687488.7395450422,"[0.3333333333333333, 0.3333333333333333, 0.3333333333333333]"
13396,809.1865384765701,817575.3077593786,"[0.3333333333333333, 0.3333333333333333, 0.3333333333333333]"
13397,699.0520664021947,398978.11077643745,"[0.3333333333333333, 0.3333333333333333, 0.3333333333333333]"
13398,648.9995356944522,663186.5771062042,"[0.3333333333333333, 0.3333333333333333, 0.3333333333333333]"
13399,443.3558923811156,286562.685389229,"[0.3333333333333333, 0.3333333333333333, 0.3333333333333333]"
13400,660.8178892896732,945383.0797012546,"[0.3333333333333333, 0.3333333333333333, 0.3333333333333333]"
13401,249.17902892522224,191188.48880300572,"[0.3333333333333333, 0.3333333333333333, 0.3333333333333333]"
13402,275.64095511750287,427097.9278242796,"[0.3333333333333333, 0.3333333333333333, 0.3333333333333333]"
13403,785.9007092822677,467093.8860660067,"[0.3333333333333333, 0.3333333333333333, 0.3333333333333333]"
13404,80.8098534144681,431978.44324767165,"[0.3333333333333333, 0.3333333333333333, 0.3333333333333333]"
13405,769.1184455706391,596727.1869944924,"[0.3333333333333333, 0.3333333333333333, 0.3333333333333333]"
13406,134.00755904659755,157723.54503479085,"[0.3333333333333333, 0.3333333333333333, 0.3333333333333333]"
13407,666.5701858800295,222245.33312519643,"[0.3333333333333333, 0.3333333333333333, 0.3333333333333333]"
13408,844.152674218918,157210.93988669646,"[0.3333333333333333, 0.3333333333333333, 0.3333333333333333]"
13409,411.6353483480214,794742.5243489215,"[0.3333333333333333, 0.3333333333333333, 0.3333333333333333]"
13410,420.9926466127129,281633.28464073886,"[0.3333333333333333, 0.3333333333333333, 0.3333333333333333]"
13411,619.0237022364951,619133.9998313172,"[0.3333333333333333, 0.3333333333333333, 0.3333333333333333]"
13412,678.066096037911,384327.4608784845,"[0.3333333333333333, 0.3333333333333333, 0.3333333333333333]"
13413,990.6025159232989,869555.5665605171,"[0.3333333333333333, 0.3333333333333333, 0.3333333333333333]"
13414,11.752396498189597,975044.0050927841,"[0.3333333333333333, 0.3333333333333333, 0.3333333333333333]"
13415,611.870855269433,746978.7009971974,"[0.3333333333333333, 0.3333333333333333, 0.3333333333333333]"
13416,835.8071413984836,257017.2008441349,"[0.3333333333333333, 0.3333333333333333, 0.3333333333333333]"
13417,525.132966313296,289947.03477860685,"[0.3333333333333333, 0.3333333333333333, 0.3333333333333333]"
13418,398.13609320398075,367658.1875636185,"[0.3333333333333333, 0.3333333333333333, 0.3333333333333333]"
13419,612.290193986213,740160.030368742,"[0.3333333333333333, 0.3333333333333333, 0.3333333333333333]"
13420,170.1571671761756,784592.9335175672,"[0.3333333333333333, 0.3333333333333333, 0.3333333333333333]"
13421,488.93007168434383,444750.4815975009,"[0.3333333333333333, 0.3333333333333333, 0.3333333333333333]"
13422,355.24373300807207,628406.2561484699,"[0.3333333333333333, 0.3333333333333333, 0.3333333333333333]"
13423,973.1403054774039,829433.8848666649,"[0.3333333333333333, 0.3333333333333333, 0.3333333333333333]"
13424,810.9444879361271,844616.4484260019,"[0.3333333333333333, 0.3333333333333333, 0.3333333333333333]"
13425,282.46525615865465,508459.9169567469,"[0.3333333333333333, 0.3333333333333333, 0.3333333333333333]"
13426,397.0128537643371,429692.2933741392,"[0.3333333333333333, 0.3333333333333333, 0.3333333333333333]"
13427,195.25884415467684,744365.8898720486,"[0.3333333333333333, 0.3333333333333333, 0.3333333333333333]"
13428,452.53573849957485,113206.1426236211,"[0.3333333333333333, 0.3333333333333333, 0.3333333333333333]"
13429,591.2952795088706,342311.49932975153,"[0.3333333333333333, 0.3333333333333333, 0.3333333333333333]"
13430,57.44313505161548,720969.3635188789,"[0.3333333333333333, 0.3333333333333333, 0.3333333333333333]"
13431,32.238497743448804,578323.3301862841,"[0.3333333333333333, 0.3333333333333333, 0.3333333333333333]"
13432,26.587099161894738,213510.04499509826,"[0.3333333333333333, 0.3333333333333333, 0.3333333333333333]"
13433,909.4186447313074,667166.6707661983,"[0.3333333333333333, 0.3333333333333333, 0.3333333333333333]"
13434,994.1091841772597,390647.57645363314,"[0.3333333333333333, 0.3333333333333333, 0.3333333333333333]"
13435,234.41675890507753,213798.3499236176,"[0.3333333333333333, 0.3333333333333333, 0.3333333333333333]"
13436,208.65831469771936,520001.8093428541,"[0.3333333333333333, 0.3333333333333333, 0.3333333333333333]"
13437,52.18426697272019,423891.0220600156,"[0.3333333333333333, 0.3333333333333333, 0.3333333333333333]"
13438,980.664722817209,811562.1261324484,"[0.3333333333333333, 0.3333333333333333, 0.3333333333333333]"
13439,663.8384270773155,523288.6550931358,"[0.3333333333333333, 0.3333333333333333, 0.3333333333333333]"
13440,900.0462992872278,492521.3728324932,"[0.3333333333333333, 0.3333333333333333, 0.3333333333333333]"
13441,939.0851581331076,800329.6624926793,"[0.3333333333333333, 0.3333333333333333, 0.3333333333333333]"
13442,587.7567122892915,440187.2654505036,"[0.3333333333333333, 0.3333333333333333, 0.3333333333333333]"
13443,854.2948939843626,169141.30409670272,"[0.3333333333333333, 0.3333333333333333, 0.3333333333333333]"
13444,196.92209394387191,572059.9271959176,"[0.3333333333333333, 0.3333333333333333, 0.3333333333333333]"
13445,796.1032820327025,616640.7457597523,"[0.3333333333333333, 0.3333333333333333, 0.3333333333333333]"
13446,539.4966127135496,800595.8960436712,"[0.3333333333333333, 0.3333333333333333, 0.3333333333333333]"
13447,693.8014569043913,440183.57369654765,"[0.3333333333333333, 0.3333333333333333, 0.3333333333333333]"
13448,23.392463842510566,630646.4285130871,"[0.3333333333333333, 0.3333333333333333, 0.3333333333333333]"
13449,32.0558708019219,406496.26688500994,"[0.3333333333333333, 0.3333333333333333, 0.3333333333333333]"
13450,591.3110923245669,375293.06912342994,"[0.3333333333333333, 0.3333333333333333, 0.3333333333333333]"
13451,948.296782760155,264024.0753043415,"[0.3333333333333333, 0.3333333333333333, 0.3333333333333333]"
13452,297.9128147278032,512987.9992959405,"[0.3333333333333333, 0.3333333333333333, 0.3333333333333333]"
13453,820.3326781387136,873491.9084299321,"[0.3333333333333333, 0.3333333333333333, 0.3333333333333333]"
13454,39.29478397065219,870645.5874489922,"[0.3333333333333333, 0.3333333333333333, 0.3333333333333333]"
13455,717.6166829563754,778438.0496564629,"[0.3333333333333333, 0.3333333333333333, 0.3333333333333333]"
13456,639.5403630204228,609419.5499334107,"[0.3333333333333333, 0.3333333333333333, 0.3333333333333333]"
13457,452.6506631684864,852690.6670865194,"[0.3333333333333333, 0.3333333333333333, 0.3333333333333333]"
13458,158.64549950491215,598239.7369801642,"[0.3333333333333333, 0.3333333333333333, 0.3333333333333333]"
13459,134.68199502708597,662665.3601371704,"[0.3333333333333333, 0.3333333333333333, 0.3333333333333333]"
13460,724.568092787411,965628.0271546466,"[0.3333333333333333, 0.3333333333333333, 0.3333333333333333]"
13461,231.70480417997612,642478.6609452759,"[0.3333333333333333, 0.3333333333333333, 0.3333333333333333]"
13462,155.04544908263998,343592.7733078669,"[0.3333333333333333, 0.3333333333333333, 0.3333333333333333]"
13463,795.2840591516796,572641.4159060675,"[0.3333333333333333, 0.3333333333333333, 0.3333333333333333]"
13464,525.5013787856035,941715.5674681016,"[0.3333333333333333, 0.3333333333333333, 0.3333333333333333]"
13465,785.449592823727,184461.80698440265,"[0.3333333333333333, 0.3333333333333333, 0.3333333333333333]"
13466,328.42642478986386,280862.2394450552,"[0.3333333333333333, 0.3333333333333333, 0.3333333333333333]"
13467,322.824477514832,267691.7364439567,"[0.3333333333333333, 0.3333333333333333, 0.3333333333333333]"
13468,690.0303410143806,976346.6196887332,"[0.3333333333333333, 0.3333333333333333, 0.3333333333333333]"
13469,332.4170036730508,637811.796299756,"[0.3333333333333333, 0.3333333333333333, 0.3333333333333333]"
13470,390.8185955518697,528737.9701482584,"[0.3333333333333333, 0.3333333333333333, 0.3333333333333333]"
13471,241.30298707687973,751627.6603163027,"[0.3333333333333333, 0.3333333333333333, 0.3333333333333333]"
13472,657.2541951960806,199605.79647896625,"[0.3333333333333333, 0.3333333333333333, 0.3333333333333333]"
13473,723.9161435914555,650588.1381078621,"[0.3333333333333333, 0.3333333333333333, 0.3333333333333333]"
13474,859.3669472833408,731214.2041941115,"[0.3333333333333333, 0.3333333333333333, 0.3333333333333333]"
13475,706.2772483706029,417749.28647347185,"[0.3333333333333333, 0.3333333333333333, 0.3333333333333333]"
13476,116.90645105489656,139238.34013312054,"[0.3333333333333333, 0.3333333333333333, 0.3333333333333333]"
13477,540.500696595747,416731.2621624495,"[0.3333333333333333, 0.3333333333333333, 0.3333333333333333]"
13478,893.1666744824862,245758.97287533386,"[0.3333333333333333, 0.3333333333333333, 0.3333333333333333]"
13479,76.71516254989496,507785.7802986726,"[0.3333333333333333, 0.3333333333333333, 0.3333333333333333]"
13480,449.7311338308442,293858.2969568932,"[0.3333333333333333, 0.3333333333333333, 0.3333333333333333]"
13481,904.9170661881147,778613.4457387672,"[0.3333333333333333, 0.3333333333333333, 0.3333333333333333]"
13482,387.8923724998549,201842.09186697233,"[0.3333333333333333, 0.3333333333333333, 0.3333333333333333]"
13483,771.6726575726941,350141.88701557845,"[0.3333333333333333, 0.3333333333333333, 0.3333333333333333]"
13484,651.2694581570066,881825.7169127015,"[0.3333333333333333, 0.3333333333333333, 0.3333333333333333]"
13485,692.0828229039615,384449.465580687,"[0.3333333333333333, 0.3333333333333333, 0.3333333333333333]"
13486,819.7233965283252,539999.003198109,"[0.3333333333333333, 0.3333333333333333, 0.3333333333333333]"
13487,218.53360882814982,977752.7232361098,"[0.3333333333333333, 0.3333333333333333, 0.3333333333333333]"
13488,322.5846825574165,674837.1134783301,"[0.3333333333333333, 0.3333333333333333, 0.3333333333333333]"
13489,223.62774711730685,838109.209301604,"[0.3333333333333333, 0.3333333333333333, 0.3333333333333333]"
13490,973.5915124484898,114434.52316896508,"[0.3333333333333333, 0.3333333333333333, 0.3333333333333333]"
13491,178.90326565604343,481413.9623762224,"[0.3333333333333333, 0.3333333333333333, 0.3333333333333333]"
13492,718.819699987972,623333.8855770628,"[0.3333333333333333, 0.3333333333333333, 0.3333333333333333]"
13493,794.7589452435677,531378.2949667014,"[0.3333333333333333, 0.3333333333333333, 0.3333333333333333]"
13494,107.3427893660645,513545.4571027006,"[0.3333333333333333, 0.3333333333333333, 0.3333333333333333]"
13495,214.6207783018374,478259.6598703459,"[0.3333333333333333, 0.3333333333333333, 0.3333333333333333]"
13496,778.6737109219692,770321.8565903972,"[0.3333333333333333, 0.3333333333333333, 0.3333333333333333]"
13497,731.9664519595598,713488.22169117,"[0.3333333333333333, 0.3333333333333333, 0.3333333333333333]"
13498,293.40935925814847,910393.6613067923,"[0.3333333333333333, 0.3333333333333333, 0.3333333333333333]"
13499,972.1383846964503,220377.4023335762,"[0.3333333333333333, 0.3333333333333333, 0.3333333333333333]"
13500,543.3844101772743,244613.53785843984,"[0.3333333333333333, 0.3333333333333333, 0.3333333333333333]"
13501,64.35382766882684,741651.3463521108,"[0.3333333333333333, 0.3333333333333333, 0.3333333333333333]"
13502,971.5994614592598,687341.9338383237,"[0.3333333333333333, 0.3333333333333333, 0.3333333333333333]"
13503,140.65988476656767,944570.6557834933,"[0.3333333333333333, 0.3333333333333333, 0.3333333333333333]"
13504,974.6359423901707,481622.90877914324,"[0.3333333333333333, 0.3333333333333333, 0.3333333333333333]"
13505,267.82729598949834,638514.0345185265,"[0.3333333333333333, 0.3333333333333333, 0.3333333333333333]"
13506,823.065945322547,641315.9414454531,"[0.3333333333333333, 0.3333333333333333, 0.3333333333333333]"
13507,855.4352043952848,342398.26655564003,"[0.3333333333333333, 0.3333333333333333, 0.3333333333333333]"
13508,313.2580642509399,333711.00145479024,"[0.3333333333333333, 0.3333333333333333, 0.3333333333333333]"
13509,180.6584486791078,303632.991805637,"[0.3333333333333333, 0.3333333333333333, 0.3333333333333333]"
13510,334.9220108810211,505946.2091137389,"[0.3333333333333333, 0.3333333333333333, 0.3333333333333333]"
13511,355.21756234297004,105981.1798043787,"[0.3333333333333333, 0.3333333333333333, 0.3333333333333333]"
13512,636.4583472289071,198984.70406486688,"[0.3333333333333333, 0.3333333333333333, 0.3333333333333333]"
13513,105.27361472222739,131884.5689524518,"[0.3333333333333333, 0.3333333333333333, 0.3333333333333333]"
13514,38.6789959293708,992872.5621266357,"[0.3333333333333333, 0.3333333333333333, 0.3333333333333333]"
13515,110.28621092043466,859149.885316526,"[0.3333333333333333, 0.3333333333333333, 0.3333333333333333]"
13516,199.52519688477255,818744.9044408229,"[0.3333333333333333, 0.3333333333333333, 0.3333333333333333]"
13517,538.1167377176206,864870.6807559883,"[0.3333333333333333, 0.3333333333333333, 0.3333333333333333]"
13518,587.6657004762891,399421.80932054593,"[0.3333333333333333, 0.3333333333333333, 0.3333333333333333]"
13519,290.70068118947364,454954.0535061486,"[0.3333333333333333, 0.3333333333333333, 0.3333333333333333]"
13520,859.553741464754,775832.0649129198,"[0.3333333333333333, 0.3333333333333333, 0.3333333333333333]"
13521,339.70848377644853,558960.9971202113,"[0.3333333333333333, 0.3333333333333333, 0.3333333333333333]"
13522,682.7290810557291,905151.0307566908,"[0.3333333333333333, 0.3333333333333333, 0.3333333333333333]"
13523,64.65250968880399,835454.7593415352,"[0.3333333333333333, 0.3333333333333333, 0.3333333333333333]"
13524,796.8133892991984,221526.83135473213,"[0.3333333333333333, 0.3333333333333333, 0.3333333333333333]"
13525,743.7459715848908,638120.7932334997,"[0.3333333333333333, 0.3333333333333333, 0.3333333333333333]"
13526,846.5400552127684,610738.2225654639,"[0.3333333333333333, 0.3333333333333333, 0.3333333333333333]"
13527,747.369981267087,592761.0261240756,"[0.3333333333333333, 0.3333333333333333, 0.3333333333333333]"
13528,401.88076386253925,244076.49624556536,"[0.3333333333333333, 0.3333333333333333, 0.3333333333333333]"
13529,672.4494103993759,366164.50274946477,"[0.3333333333333333, 0.3333333333333333, 0.3333333333333333]"
13530,311.8830071503492,979422.608168058,"[0.3333333333333333, 0.3333333333333333, 0.3333333333333333]"
13531,395.91427074307535,813179.259934746,"[0.3333333333333333, 0.3333333333333333, 0.3333333333333333]"
13532,645.1568833023344,785972.9224970666,"[0.3333333333333333, 0.3333333333333333, 0.3333333333333333]"
13533,226.79179522094122,990341.7218785562,"[0.3333333333333333, 0.3333333333333333, 0.3333333333333333]"
13534,747.8838068190888,604229.5434432768,"[0.3333333333333333, 0.3333333333333333, 0.3333333333333333]"
13535,453.6427699650613,711154.933772881,"[0.3333333333333333, 0.3333333333333333, 0.3333333333333333]"
13536,863.2852364063992,868023.1228701109,"[0.3333333333333333, 0.3333333333333333, 0.3333333333333333]"
13537,282.4566078926846,840157.4089315676,"[0.3333333333333333, 0.3333333333333333, 0.3333333333333333]"
13538,108.44221182446857,583648.5937140918,"[0.3333333333333333, 0.3333333333333333, 0.3333333333333333]"
13539,557.8463779398243,601932.2126520479,"[0.3333333333333333, 0.3333333333333333, 0.3333333333333333]"
13540,969.7120860362207,681105.3237126591,"[0.3333333333333333, 0.3333333333333333, 0.3333333333333333]"
13541,437.3865686141143,114240.45133387393,"[0.3333333333333333, 0.3333333333333333, 0.3333333333333333]"
13542,542.8310634010883,746982.4145538955,"[0.3333333333333333, 0.3333333333333333, 0.3333333333333333]"
13543,442.9412769413811,978064.6452376271,"[0.3333333333333333, 0.3333333333333333, 0.3333333333333333]"
13544,865.7746596159188,536142.0105877923,"[0.3333333333333333, 0.3333333333333333, 0.3333333333333333]"
13545,678.9732573144587,145017.35769307832,"[0.3333333333333333, 0.3333333333333333, 0.3333333333333333]"
13546,597.4330308561534,304534.25080577284,"[0.3333333333333333, 0.3333333333333333, 0.3333333333333333]"
13547,780.260253820773,953474.0939687544,"[0.3333333333333333, 0.3333333333333333, 0.3333333333333333]"
13548,704.3143639317567,999811.9785806439,"[0.3333333333333333, 0.3333333333333333, 0.3333333333333333]"
13549,280.6148463439884,505683.56861606747,"[0.3333333333333333, 0.3333333333333333, 0.3333333333333333]"
13550,911.6497599092604,534039.1402802274,"[0.3333333333333333, 0.3333333333333333, 0.3333333333333333]"
13551,861.8346849288273,940478.40815373,"[0.3333333333333333, 0.3333333333333333, 0.3333333333333333]"
13552,537.0238434028735,778093.4662323421,"[0.3333333333333333, 0.3333333333333333, 0.3333333333333333]"
13553,124.5220513466425,538885.9801798585,"[0.3333333333333333, 0.3333333333333333, 0.3333333333333333]"
13554,917.5051797670498,768476.6168984262,"[0.3333333333333333, 0.3333333333333333, 0.3333333333333333]"
13555,953.2353061273146,758423.3890001567,"[0.3333333333333333, 0.3333333333333333, 0.3333333333333333]"
13556,732.4389683849195,840271.5074100472,"[0.3333333333333333, 0.3333333333333333, 0.3333333333333333]"
13557,693.3930669829278,448159.56306969456,"[0.3333333333333333, 0.3333333333333333, 0.3333333333333333]"
13558,91.4642458674032,588814.9168016263,"[0.3333333333333333, 0.3333333333333333, 0.3333333333333333]"
13559,580.7452493924876,442116.5329651115,"[0.3333333333333333, 0.3333333333333333, 0.3333333333333333]"
13560,197.374574984036,176400.89857430337,"[0.3333333333333333, 0.3333333333333333, 0.3333333333333333]"
13561,359.54814631632064,159115.0476127658,"[0.3333333333333333, 0.3333333333333333, 0.3333333333333333]"
13562,745.3066754660339,283641.20434487966,"[0.3333333333333333, 0.3333333333333333, 0.3333333333333333]"
13563,621.3001103083786,778334.1030238603,"[0.3333333333333333, 0.3333333333333333, 0.3333333333333333]"
13564,914.4839095780775,338784.9652806704,"[0.3333333333333333, 0.3333333333333333, 0.3333333333333333]"
13565,926.43122908798,781362.9729029292,"[0.3333333333333333, 0.3333333333333333, 0.3333333333333333]"
13566,373.12370698568037,906172.8178330633,"[0.3333333333333333, 0.3333333333333333, 0.3333333333333333]"
13567,928.9701733069701,124358.83124657268,"[0.3333333333333333, 0.3333333333333333, 0.3333333333333333]"
13568,177.71853138086925,324821.24722582294,"[0.3333333333333333, 0.3333333333333333, 0.3333333333333333]"
13569,997.1597934371015,464646.3632312137,"[0.3333333333333333, 0.3333333333333333, 0.3333333333333333]"
13570,774.0694148992515,543085.3693957808,"[0.3333333333333333, 0.3333333333333333, 0.3333333333333333]"
13571,638.8601787384805,443359.07904614863,"[0.3333333333333333, 0.3333333333333333, 0.3333333333333333]"
13572,726.5461215541693,709338.4965993096,"[0.3333333333333333, 0.3333333333333333, 0.3333333333333333]"
13573,62.97886471356991,713159.8413734902,"[0.3333333333333333, 0.3333333333333333, 0.3333333333333333]"
13574,91.69612757848107,193943.90535518696,"[0.3333333333333333, 0.3333333333333333, 0.3333333333333333]"
13575,346.55378059104913,985723.6170382571,"[0.3333333333333333, 0.3333333333333333, 0.3333333333333333]"
13576,413.404151075577,988563.3266888724,"[0.3333333333333333, 0.3333333333333333, 0.3333333333333333]"
13577,862.1874176872432,422103.0021939496,"[0.3333333333333333, 0.3333333333333333, 0.3333333333333333]"
13578,759.1002887930862,385264.7996343919,"[0.3333333333333333, 0.3333333333333333, 0.3333333333333333]"
13579,893.2781572551442,785786.5898010314,"[0.3333333333333333, 0.3333333333333333, 0.3333333333333333]"
13580,183.9091562022112,254410.48846115012,"[0.3333333333333333, 0.3333333333333333, 0.3333333333333333]"
13581,946.8226333520206,619714.7709309855,"[0.3333333333333333, 0.3333333333333333, 0.3333333333333333]"
13582,470.7311806441081,897549.0408340761,"[0.3333333333333333, 0.3333333333333333, 0.3333333333333333]"
13583,228.410880331779,439303.36374876596,"[0.3333333333333333, 0.3333333333333333, 0.3333333333333333]"
13584,114.57881608503737,712458.177652318,"[0.3333333333333333, 0.3333333333333333, 0.3333333333333333]"
13585,487.19386551894746,253962.83544295206,"[0.3333333333333333, 0.3333333333333333, 0.3333333333333333]"
13586,702.5507796951327,593828.6257769424,"[0.3333333333333333, 0.3333333333333333, 0.3333333333333333]"
13587,51.790517679157354,273521.4601110257,"[0.3333333333333333, 0.3333333333333333, 0.3333333333333333]"
13588,596.9339706147023,592376.2368979598,"[0.3333333333333333, 0.3333333333333333, 0.3333333333333333]"
13589,510.7705000579801,203227.86068229034,"[0.3333333333333333, 0.3333333333333333, 0.3333333333333333]"
13590,496.611657129751,158118.6498840974,"[0.3333333333333333, 0.3333333333333333, 0.3333333333333333]"
13591,664.8854013554005,799480.9422253196,"[0.3333333333333333, 0.3333333333333333, 0.3333333333333333]"
13592,592.8657195562591,687503.6070734136,"[0.3333333333333333, 0.3333333333333333, 0.3333333333333333]"
13593,578.2417691359951,724725.2205816245,"[0.3333333333333333, 0.3333333333333333, 0.3333333333333333]"
13594,528.2542745455726,239611.19337099258,"[0.3333333333333333, 0.3333333333333333, 0.3333333333333333]"
13595,321.1119322051945,251818.23849274733,"[0.3333333333333333, 0.3333333333333333, 0.3333333333333333]"
13596,620.4259943579916,983295.6370126631,"[0.3333333333333333, 0.3333333333333333, 0.3333333333333333]"
13597,393.7690254946479,762875.2077018628,"[0.3333333333333333, 0.3333333333333333, 0.3333333333333333]"
13598,17.676851047555196,246493.65710083852,"[0.3333333333333333, 0.3333333333333333, 0.3333333333333333]"
13599,541.2921151793392,589926.5718841429,"[0.3333333333333333, 0.3333333333333333, 0.3333333333333333]"
13600,902.2503788844294,789294.9096367717,"[0.3333333333333333, 0.3333333333333333, 0.3333333333333333]"
13601,251.65382254776054,763645.1712346403,"[0.3333333333333333, 0.3333333333333333, 0.3333333333333333]"
13602,297.54412470181114,375030.8133771337,"[0.3333333333333333, 0.3333333333333333, 0.3333333333333333]"
13603,436.7554861142087,878589.8283178677,"[0.3333333333333333, 0.3333333333333333, 0.3333333333333333]"
13604,285.2730309369991,149243.28793505116,"[0.3333333333333333, 0.3333333333333333, 0.3333333333333333]"
13605,317.88920521376116,979539.0963770319,"[0.3333333333333333, 0.3333333333333333, 0.3333333333333333]"
13606,645.2477815569665,558218.6299121522,"[0.3333333333333333, 0.3333333333333333, 0.3333333333333333]"
13607,387.63969242688603,564810.1999570285,"[0.3333333333333333, 0.3333333333333333, 0.3333333333333333]"
13608,905.0032124275273,955787.1710618389,"[0.3333333333333333, 0.3333333333333333, 0.3333333333333333]"
13609,855.2204944419688,231747.36415758188,"[0.3333333333333333, 0.3333333333333333, 0.3333333333333333]"
13610,417.35357212670135,872813.0121930367,"[0.3333333333333333, 0.3333333333333333, 0.3333333333333333]"
13611,734.2868071075768,584015.1230915517,"[0.3333333333333333, 0.3333333333333333, 0.3333333333333333]"
13612,281.9957466531674,974860.5362627791,"[0.3333333333333333, 0.3333333333333333, 0.3333333333333333]"
13613,339.94466427380945,372665.31371537456,"[0.3333333333333333, 0.3333333333333333, 0.3333333333333333]"
13614,868.822233151699,623469.3634226448,"[0.3333333333333333, 0.3333333333333333, 0.3333333333333333]"
13615,38.676338444302935,436205.6661908902,"[0.3333333333333333, 0.3333333333333333, 0.3333333333333333]"
13616,440.3902032591809,685275.6324466531,"[0.3333333333333333, 0.3333333333333333, 0.3333333333333333]"
13617,685.4958369628629,399478.88700996636,"[0.3333333333333333, 0.3333333333333333, 0.3333333333333333]"
13618,101.45058983051898,537647.0945540746,"[0.3333333333333333, 0.3333333333333333, 0.3333333333333333]"
13619,567.6891518222235,372056.0143473877,"[0.3333333333333333, 0.3333333333333333, 0.3333333333333333]"
13620,957.2020968896124,876681.8396622563,"[0.3333333333333333, 0.3333333333333333, 0.3333333333333333]"
13621,767.4199684908741,610753.7743396133,"[0.3333333333333333, 0.3333333333333333, 0.3333333333333333]"
13622,644.7518915067346,107611.97295354183,"[0.3333333333333333, 0.3333333333333333, 0.3333333333333333]"
13623,240.14809767419297,740980.3268213214,"[0.3333333333333333, 0.3333333333333333, 0.3333333333333333]"
13624,279.87208222233266,935783.0806953468,"[0.3333333333333333, 0.3333333333333333, 0.3333333333333333]"
13625,387.520625531839,552874.718252006,"[0.3333333333333333, 0.3333333333333333, 0.3333333333333333]"
13626,501.22444375924266,749014.1356072386,"[0.3333333333333333, 0.3333333333333333, 0.3333333333333333]"
13627,614.3532810875954,299244.36489850545,"[0.3333333333333333, 0.3333333333333333, 0.3333333333333333]"
13628,363.46266990911846,172234.25154035236,"[0.3333333333333333, 0.3333333333333333, 0.3333333333333333]"
13629,916.2341318969465,167546.50341461116,"[0.3333333333333333, 0.3333333333333333, 0.3333333333333333]"
13630,223.64304015890187,192388.02922297217,"[0.3333333333333333, 0.3333333333333333, 0.3333333333333333]"
13631,83.54087376878289,814886.5705265818,"[0.3333333333333333, 0.3333333333333333, 0.3333333333333333]"
13632,158.5396011491202,450978.63351692626,"[0.3333333333333333, 0.3333333333333333, 0.3333333333333333]"
13633,831.7836411388756,826999.34900599,"[0.3333333333333333, 0.3333333333333333, 0.3333333333333333]"
13634,984.013917862897,886914.4862216972,"[0.3333333333333333, 0.3333333333333333, 0.3333333333333333]"
13635,664.0299245412305,700424.8654752471,"[0.3333333333333333, 0.3333333333333333, 0.3333333333333333]"
13636,982.9349134132069,275018.80625790195,"[0.3333333333333333, 0.3333333333333333, 0.3333333333333333]"
13637,602.415359692167,709880.1981516116,"[0.3333333333333333, 0.3333333333333333, 0.3333333333333333]"
13638,624.8830889769786,512972.71099683875,"[0.3333333333333333, 0.3333333333333333, 0.3333333333333333]"
13639,410.02057363365327,666277.8596189728,"[0.3333333333333333, 0.3333333333333333, 0.3333333333333333]"
13640,42.0390248451432,545650.1780199048,"[0.3333333333333333, 0.3333333333333333, 0.3333333333333333]"
13641,87.3568845534724,651536.5655995231,"[0.3333333333333333, 0.3333333333333333, 0.3333333333333333]"
13642,860.4302785675362,372729.0873928594,"[0.3333333333333333, 0.3333333333333333, 0.3333333333333333]"
13643,100.4296276109111,436544.7819636105,"[0.3333333333333333, 0.3333333333333333, 0.3333333333333333]"
13644,744.3841314639047,796229.6348566962,"[0.3333333333333333, 0.3333333333333333, 0.3333333333333333]"
13645,695.6229160367328,182329.91999726655,"[0.3333333333333333, 0.3333333333333333, 0.3333333333333333]"
13646,679.487037341736,152609.94513193215,"[0.3333333333333333, 0.3333333333333333, 0.3333333333333333]"
13647,807.5902626045383,919019.9591253325,"[0.3333333333333333, 0.3333333333333333, 0.3333333333333333]"
13648,115.78983239525891,700829.0360689578,"[0.3333333333333333, 0.3333333333333333, 0.3333333333333333]"
13649,35.9074015864148,950730.7466084674,"[0.3333333333333333, 0.3333333333333333, 0.3333333333333333]"
13650,553.0035553798593,969428.4052445965,"[0.3333333333333333, 0.3333333333333333, 0.3333333333333333]"
13651,301.53023523051064,325347.12184217386,"[0.3333333333333333, 0.3333333333333333, 0.3333333333333333]"
13652,108.3005712861784,383240.8096823666,"[0.3333333333333333, 0.3333333333333333, 0.3333333333333333]"
13653,891.6949862371448,632930.7680697547,"[0.3333333333333333, 0.3333333333333333, 0.3333333333333333]"
13654,68.58216643322348,877512.2955053834,"[0.3333333333333333, 0.3333333333333333, 0.3333333333333333]"
13655,727.1989188623726,974707.210253386,"[0.3333333333333333, 0.3333333333333333, 0.3333333333333333]"
13656,930.0071064848964,570879.6687755254,"[0.3333333333333333, 0.3333333333333333, 0.3333333333333333]"
13657,346.40391868029525,436925.4499441196,"[0.3333333333333333, 0.3333333333333333, 0.3333333333333333]"
13658,297.1012057450303,221723.56311505195,"[0.3333333333333333, 0.3333333333333333, 0.3333333333333333]"
13659,555.5069450074144,163596.2014350398,"[0.3333333333333333, 0.3333333333333333, 0.3333333333333333]"
13660,278.7564156032132,651748.219482008,"[0.3333333333333333, 0.3333333333333333, 0.3333333333333333]"
13661,866.2313522621921,539098.6140013534,"[0.3333333333333333, 0.3333333333333333, 0.3333333333333333]"
13662,457.66012935291945,171567.36487332638,"[0.3333333333333333, 0.3333333333333333, 0.3333333333333333]"
13663,977.5353270905629,216354.49277877476,"[0.3333333333333333, 0.3333333333333333, 0.3333333333333333]"
13664,496.47543995138983,877135.2709015989,"[0.3333333333333333, 0.3333333333333333, 0.3333333333333333]"
13665,749.86858995797,643203.1941695245,"[0.3333333333333333, 0.3333333333333333, 0.3333333333333333]"
13666,733.7426205138622,530820.4052314674,"[0.3333333333333333, 0.3333333333333333, 0.3333333333333333]"
13667,364.9539323693879,513148.9909798838,"[0.3333333333333333, 0.3333333333333333, 0.3333333333333333]"
13668,90.80586055115945,387447.48611106194,"[0.3333333333333333, 0.3333333333333333, 0.3333333333333333]"
13669,120.21041467080006,661397.4489430567,"[0.3333333333333333, 0.3333333333333333, 0.3333333333333333]"
13670,288.2474694175862,228170.09058377543,"[0.3333333333333333, 0.3333333333333333, 0.3333333333333333]"
13671,823.5991263872114,584903.7039882964,"[0.3333333333333333, 0.3333333333333333, 0.3333333333333333]"
13672,102.53118282233501,247939.82642331973,"[0.3333333333333333, 0.3333333333333333, 0.3333333333333333]"
13673,95.02555018014756,303905.60686311906,"[0.3333333333333333, 0.3333333333333333, 0.3333333333333333]"
13674,953.6541649365341,406156.4157269917,"[0.3333333333333333, 0.3333333333333333, 0.3333333333333333]"
13675,759.9767226621003,982400.9695766064,"[0.3333333333333333, 0.3333333333333333, 0.3333333333333333]"
13676,912.6185795956803,715357.5647787581,"[0.3333333333333333, 0.3333333333333333, 0.3333333333333333]"
13677,441.6358232592361,934122.8966755542,"[0.3333333333333333, 0.3333333333333333, 0.3333333333333333]"
13678,286.35770899550954,902073.8796542638,"[0.3333333333333333, 0.3333333333333333, 0.3333333333333333]"
13679,590.4007531720232,243117.63595034194,"[0.3333333333333333, 0.3333333333333333, 0.3333333333333333]"
13680,376.30123111241727,966283.7988034844,"[0.3333333333333333, 0.3333333333333333, 0.3333333333333333]"
13681,547.7988925822305,267658.3808727572,"[0.3333333333333333, 0.3333333333333333, 0.3333333333333333]"
13682,12.267274550101906,860473.5387709487,"[0.3333333333333333, 0.3333333333333333, 0.3333333333333333]"
13683,691.9706370389418,635250.1140002424,"[0.3333333333333333, 0.3333333333333333, 0.3333333333333333]"
13684,549.7614335152247,328241.5537527544,"[0.3333333333333333, 0.3333333333333333, 0.3333333333333333]"
13685,173.52507413490042,301382.60884569434,"[0.3333333333333333, 0.3333333333333333, 0.3333333333333333]"
13686,766.0658928028231,507752.3978413256,"[0.3333333333333333, 0.3333333333333333, 0.3333333333333333]"
13687,845.0403358752355,896208.2658118586,"[0.3333333333333333, 0.3333333333333333, 0.3333333333333333]"
13688,707.3637729923607,667735.804270209,"[0.3333333333333333, 0.3333333333333333, 0.3333333333333333]"
13689,571.4084876549351,766129.7520952544,"[0.3333333333333333, 0.3333333333333333, 0.3333333333333333]"
13690,230.83766578347723,200069.83020012744,"[0.3333333333333333, 0.3333333333333333, 0.3333333333333333]"
13691,236.5765635466497,725897.3911892464,"[0.3333333333333333, 0.3333333333333333, 0.3333333333333333]"
13692,88.19375266683595,197550.049506228,"[0.3333333333333333, 0.3333333333333333, 0.3333333333333333]"
13693,905.4581521964744,316986.0907065527,"[0.3333333333333333, 0.3333333333333333, 0.3333333333333333]"
13694,219.19720020059682,718780.1702067909,"[0.3333333333333333, 0.3333333333333333, 0.3333333333333333]"
13695,162.57472058562882,561846.5576772686,"[0.3333333333333333, 0.3333333333333333, 0.3333333333333333]"
13696,574.7352617485371,379994.2602943941,"[0.3333333333333333, 0.3333333333333333, 0.3333333333333333]"
13697,51.65678782340248,504594.2452174975,"[0.3333333333333333, 0.3333333333333333, 0.3333333333333333]"
13698,607.7968811640385,182881.0005730724,"[0.3333333333333333, 0.3333333333333333, 0.3333333333333333]"
13699,875.3207082893456,547710.5608071592,"[0.3333333333333333, 0.3333333333333333, 0.3333333333333333]"
13700,180.2408102200461,219789.15726244595,"[0.3333333333333333, 0.3333333333333333, 0.3333333333333333]"
13701,531.9692061300384,566113.2828303725,"[0.3333333333333333, 0.3333333333333333, 0.3333333333333333]"
13702,681.5026967880084,667501.5444416348,"[0.3333333333333333, 0.3333333333333333, 0.3333333333333333]"
13703,946.3358773623011,463986.41388238245,"[0.3333333333333333, 0.3333333333333333, 0.3333333333333333]"
13704,751.5210085978355,362104.2021393576,"[0.3333333333333333, 0.3333333333333333, 0.3333333333333333]"
13705,654.4391986084539,225703.14237702504,"[0.3333333333333333, 0.3333333333333333, 0.3333333333333333]"
13706,427.1873194505988,106449.64856727947,"[0.3333333333333333, 0.3333333333333333, 0.3333333333333333]"
13707,246.38606838154286,968149.9206769306,"[0.3333333333333333, 0.3333333333333333, 0.3333333333333333]"
13708,53.70273626524369,270806.09452454647,"[0.3333333333333333, 0.3333333333333333, 0.3333333333333333]"
13709,791.7019304850395,669025.4400340013,"[0.3333333333333333, 0.3333333333333333, 0.3333333333333333]"
13710,447.9095191311131,293985.6769551182,"[0.3333333333333333, 0.3333333333333333, 0.3333333333333333]"
13711,832.7791809655554,488804.95007045637,"[0.3333333333333333, 0.3333333333333333, 0.3333333333333333]"
13712,994.5410280972787,837932.1571807355,"[0.3333333333333333, 0.3333333333333333, 0.3333333333333333]"
13713,529.6620741517906,958086.8502661895,"[0.3333333333333333, 0.3333333333333333, 0.3333333333333333]"
13714,294.73439433989,455308.99630191,"[0.3333333333333333, 0.3333333333333333, 0.3333333333333333]"
13715,372.13761169121983,548996.0473259406,"[0.3333333333333333, 0.3333333333333333, 0.3333333333333333]"
13716,371.01779177840666,679299.2559555587,"[0.3333333333333333, 0.3333333333333333, 0.3333333333333333]"
13717,781.8520417210506,756767.56991506,"[0.3333333333333333, 0.3333333333333333, 0.3333333333333333]"
13718,552.7656471714603,714798.9108885665,"[0.3333333333333333, 0.3333333333333333, 0.3333333333333333]"
13719,510.4316712541544,731027.4799139522,"[0.3333333333333333, 0.3333333333333333, 0.3333333333333333]"
13720,613.4433426606556,799066.1917123281,"[0.3333333333333333, 0.3333333333333333, 0.3333333333333333]"
13721,467.3076358909496,420422.22618815873,"[0.3333333333333333, 0.3333333333333333, 0.3333333333333333]"
13722,235.77198352806317,847564.0883538907,"[0.3333333333333333, 0.3333333333333333, 0.3333333333333333]"
13723,915.8242542706956,896501.248277609,"[0.3333333333333333, 0.3333333333333333, 0.3333333333333333]"
13724,113.28668480975003,999209.9258868694,"[0.3333333333333333, 0.3333333333333333, 0.3333333333333333]"
13725,106.88504574738644,836753.9383136405,"[0.3333333333333333, 0.3333333333333333, 0.3333333333333333]"
13726,229.5161245767866,708532.0314359665,"[0.3333333333333333, 0.3333333333333333, 0.3333333333333333]"
13727,19.369794473113892,220883.8085709033,"[0.3333333333333333, 0.3333333333333333, 0.3333333333333333]"
13728,987.9890452012738,835114.1203367861,"[0.3333333333333333, 0.3333333333333333, 0.3333333333333333]"
13729,685.3280854144758,995750.599652255,"[0.3333333333333333, 0.3333333333333333, 0.3333333333333333]"
13730,273.6281190645686,793876.0631921286,"[0.3333333333333333, 0.3333333333333333, 0.3333333333333333]"
13731,550.2905084256909,525793.775094553,"[0.3333333333333333, 0.3333333333333333, 0.3333333333333333]"
13732,131.36123010404094,950263.9012926181,"[0.3333333333333333, 0.3333333333333333, 0.3333333333333333]"
13733,888.5392861572745,699936.5345525717,"[0.3333333333333333, 0.3333333333333333, 0.3333333333333333]"
13734,483.62400391757694,663174.5278115376,"[0.3333333333333333, 0.3333333333333333, 0.3333333333333333]"
13735,583.2270243402517,286427.99490754073,"[0.3333333333333333, 0.3333333333333333, 0.3333333333333333]"
13736,948.316221860479,603320.3187283241,"[0.3333333333333333, 0.3333333333333333, 0.3333333333333333]"
13737,871.4435759973803,536826.5570798882,"[0.3333333333333333, 0.3333333333333333, 0.3333333333333333]"
13738,454.2511436341535,810048.8979005947,"[0.3333333333333333, 0.3333333333333333, 0.3333333333333333]"
13739,620.3708949499728,426212.26277746895,"[0.3333333333333333, 0.3333333333333333, 0.3333333333333333]"
13740,539.0786031893837,416660.0547617378,"[0.3333333333333333, 0.3333333333333333, 0.3333333333333333]"
13741,246.68133742678717,996685.987535283,"[0.3333333333333333, 0.3333333333333333, 0.3333333333333333]"
13742,741.727940788128,675563.7504155484,"[0.3333333333333333, 0.3333333333333333, 0.3333333333333333]"
13743,155.69143358444774,417091.1746112025,"[0.3333333333333333, 0.3333333333333333, 0.3333333333333333]"
13744,760.5805515239919,543101.1305427817,"[0.3333333333333333, 0.3333333333333333, 0.3333333333333333]"
13745,137.95665672682145,255677.55134764462,"[0.3333333333333333, 0.3333333333333333, 0.3333333333333333]"
13746,894.8118549764108,690348.7980964227,"[0.3333333333333333, 0.3333333333333333, 0.3333333333333333]"
13747,98.55569759662556,567381.4356527834,"[0.3333333333333333, 0.3333333333333333, 0.3333333333333333]"
13748,392.0866032828151,160564.32447747356,"[0.3333333333333333, 0.3333333333333333, 0.3333333333333333]"
13749,945.6830512384936,943455.8545071958,"[0.3333333333333333, 0.3333333333333333, 0.3333333333333333]"
13750,779.7822278835102,670248.0917381615,"[0.3333333333333333, 0.3333333333333333, 0.3333333333333333]"
13751,897.1656346280871,205045.45465467832,"[0.3333333333333333, 0.3333333333333333, 0.3333333333333333]"
13752,681.9959977976335,300816.1259257768,"[0.3333333333333333, 0.3333333333333333, 0.3333333333333333]"
13753,215.26493557496653,932982.530072022,"[0.3333333333333333, 0.3333333333333333, 0.3333333333333333]"
13754,261.06865485615253,407533.33044053544,"[0.3333333333333333, 0.3333333333333333, 0.3333333333333333]"
13755,341.5378716141277,783524.6824614198,"[0.3333333333333333, 0.3333333333333333, 0.3333333333333333]"
13756,439.9188697972111,896296.604391279,"[0.3333333333333333, 0.3333333333333333, 0.3333333333333333]"
13757,405.54258649713165,239124.15849816485,"[0.3333333333333333, 0.3333333333333333, 0.3333333333333333]"
13758,440.4298606608717,861221.7829903929,"[0.3333333333333333, 0.3333333333333333, 0.3333333333333333]"
13759,608.14505602375,107895.23551360448,"[0.3333333333333333, 0.3333333333333333, 0.3333333333333333]"
13760,277.5597604129896,639006.5477375804,"[0.3333333333333333, 0.3333333333333333, 0.3333333333333333]"
13761,17.96510016011956,269749.4061587935,"[0.3333333333333333, 0.3333333333333333, 0.3333333333333333]"
13762,576.9637867025085,327595.88122309383,"[0.3333333333333333, 0.3333333333333333, 0.3333333333333333]"
13763,41.12221953042518,356760.85418861837,"[0.3333333333333333, 0.3333333333333333, 0.3333333333333333]"
13764,580.0044401072321,193503.71891879814,"[0.3333333333333333, 0.3333333333333333, 0.3333333333333333]"
13765,63.91543490080009,875946.4298820469,"[0.3333333333333333, 0.3333333333333333, 0.3333333333333333]"
13766,501.4454840569303,316335.4184175114,"[0.3333333333333333, 0.3333333333333333, 0.3333333333333333]"
13767,985.0340261790546,608228.48156285,"[0.3333333333333333, 0.3333333333333333, 0.3333333333333333]"
13768,356.8508526929067,604973.6980089257,"[0.3333333333333333, 0.3333333333333333, 0.3333333333333333]"
13769,438.66607779732055,748588.2815619103,"[0.3333333333333333, 0.3333333333333333, 0.3333333333333333]"
13770,776.1731292018633,912689.3271119674,"[0.3333333333333333, 0.3333333333333333, 0.3333333333333333]"
13771,926.8043132039176,652790.2794866521,"[0.3333333333333333, 0.3333333333333333, 0.3333333333333333]"
13772,778.3535398623859,986436.5167717179,"[0.3333333333333333, 0.3333333333333333, 0.3333333333333333]"
13773,841.9313850512212,615462.3277592612,"[0.3333333333333333, 0.3333333333333333, 0.3333333333333333]"
13774,979.1452241869869,500908.2882187661,"[0.3333333333333333, 0.3333333333333333, 0.3333333333333333]"
13775,736.262149460757,453374.3454626007,"[0.3333333333333333, 0.3333333333333333, 0.3333333333333333]"
13776,859.1979670226266,353004.4194142462,"[0.3333333333333333, 0.3333333333333333, 0.3333333333333333]"
13777,235.4020314237255,217209.63106274843,"[0.3333333333333333, 0.3333333333333333, 0.3333333333333333]"
13778,458.33265997831194,733911.2651588734,"[0.3333333333333333, 0.3333333333333333, 0.3333333333333333]"
13779,587.3135853715876,263469.3869089145,"[0.3333333333333333, 0.3333333333333333, 0.3333333333333333]"
13780,742.2251539238629,628716.2541032732,"[0.3333333333333333, 0.3333333333333333, 0.3333333333333333]"
13781,308.3895195050814,937563.2113596624,"[0.3333333333333333, 0.3333333333333333, 0.3333333333333333]"
13782,772.5491776153242,762033.4351060692,"[0.3333333333333333, 0.3333333333333333, 0.3333333333333333]"
13783,496.40075008331496,129230.06701828717,"[0.3333333333333333, 0.3333333333333333, 0.3333333333333333]"
13784,684.055185021485,805747.1989863426,"[0.3333333333333333, 0.3333333333333333, 0.3333333333333333]"
13785,24.568626748210058,352444.16572576883,"[0.3333333333333333, 0.3333333333333333, 0.3333333333333333]"
13786,241.965386682456,750490.5869356835,"[0.3333333333333333, 0.3333333333333333, 0.3333333333333333]"
13787,844.4477025502352,422635.95077705535,"[0.3333333333333333, 0.3333333333333333, 0.3333333333333333]"
13788,344.7308609984328,280012.92270632845,"[0.3333333333333333, 0.3333333333333333, 0.3333333333333333]"
13789,131.02847327399894,954118.9236685187,"[0.3333333333333333, 0.3333333333333333, 0.3333333333333333]"
13790,599.5257695315141,302104.80734756717,"[0.3333333333333333, 0.3333333333333333, 0.3333333333333333]"
13791,56.42986374384504,911471.2423935978,"[0.3333333333333333, 0.3333333333333333, 0.3333333333333333]"
13792,525.5374263624976,724882.1442240169,"[0.3333333333333333, 0.3333333333333333, 0.3333333333333333]"
13793,599.6787760306674,336580.74875209306,"[0.3333333333333333, 0.3333333333333333, 0.3333333333333333]"
13794,551.4840884349956,956124.3657075362,"[0.3333333333333333, 0.3333333333333333, 0.3333333333333333]"
13795,84.93586631029042,632878.7243923871,"[0.3333333333333333, 0.3333333333333333, 0.3333333333333333]"
13796,386.9042640125337,171803.97429424955,"[0.3333333333333333, 0.3333333333333333, 0.3333333333333333]"
13797,352.66580592771373,952406.2920062545,"[0.3333333333333333, 0.3333333333333333, 0.3333333333333333]"
13798,218.94896555867956,887477.3747622316,"[0.3333333333333333, 0.3333333333333333, 0.3333333333333333]"
13799,939.8250350513837,336713.1076905199,"[0.3333333333333333, 0.3333333333333333, 0.3333333333333333]"
13800,974.7028892404545,327997.3529340902,"[0.3333333333333333, 0.3333333333333333, 0.3333333333333333]"
13801,989.2571838551152,842397.3147157525,"[0.3333333333333333, 0.3333333333333333, 0.3333333333333333]"
13802,84.49620671505238,632618.4868857724,"[0.3333333333333333, 0.3333333333333333, 0.3333333333333333]"
13803,820.0887052925358,406362.33013994124,"[0.3333333333333333, 0.3333333333333333, 0.3333333333333333]"
13804,474.31357151113855,735425.8491397952,"[0.3333333333333333, 0.3333333333333333, 0.3333333333333333]"
13805,393.1938273359464,617369.0096306258,"[0.3333333333333333, 0.3333333333333333, 0.3333333333333333]"
13806,331.41224238420034,921936.0704272636,"[0.3333333333333333, 0.3333333333333333, 0.3333333333333333]"
13807,641.4570472357284,852248.6429979226,"[0.3333333333333333, 0.3333333333333333, 0.3333333333333333]"
13808,164.36678130871186,892285.1311084677,"[0.3333333333333333, 0.3333333333333333, 0.3333333333333333]"
13809,410.55278865332167,648553.3327080399,"[0.3333333333333333, 0.3333333333333333, 0.3333333333333333]"
13810,861.323021430439,137002.47475506997,"[0.3333333333333333, 0.3333333333333333, 0.3333333333333333]"
13811,601.3233863726697,491875.3927090306,"[0.3333333333333333, 0.3333333333333333, 0.3333333333333333]"
13812,686.2174499030026,430458.9836811343,"[0.3333333333333333, 0.3333333333333333, 0.3333333333333333]"
13813,694.8281047374791,595748.9447433522,"[0.3333333333333333, 0.3333333333333333, 0.3333333333333333]"
13814,352.3879280865459,985077.566700595,"[0.3333333333333333, 0.3333333333333333, 0.3333333333333333]"
13815,963.9271167848017,439708.8419616054,"[0.3333333333333333, 0.3333333333333333, 0.3333333333333333]"
13816,163.0235303623808,471327.2784412892,"[0.3333333333333333, 0.3333333333333333, 0.3333333333333333]"
13817,329.66409730090686,509029.45201403846,"[0.3333333333333333, 0.3333333333333333, 0.3333333333333333]"
13818,946.6838685545008,703703.2050373714,"[0.3333333333333333, 0.3333333333333333, 0.3333333333333333]"
13819,262.47133798965393,626518.5333284793,"[0.3333333333333333, 0.3333333333333333, 0.3333333333333333]"
13820,603.1854219160697,426960.0322420853,"[0.3333333333333333, 0.3333333333333333, 0.3333333333333333]"
13821,851.618431704092,395583.22419301793,"[0.3333333333333333, 0.3333333333333333, 0.3333333333333333]"
13822,444.30779510665275,448330.6278946183,"[0.3333333333333333, 0.3333333333333333, 0.3333333333333333]"
13823,441.09292965327444,462343.0284505578,"[0.3333333333333333, 0.3333333333333333, 0.3333333333333333]"
13824,923.5387939401617,372891.121349153,"[0.3333333333333333, 0.3333333333333333, 0.3333333333333333]"
13825,710.1795164212808,625684.458955044,"[0.3333333333333333, 0.3333333333333333, 0.3333333333333333]"
13826,701.786789776076,261089.68858321113,"[0.3333333333333333, 0.3333333333333333, 0.3333333333333333]"
13827,379.96485891160637,730661.1912265936,"[0.3333333333333333, 0.3333333333333333, 0.3333333333333333]"
13828,459.36007917742404,316082.19141831493,"[0.3333333333333333, 0.3333333333333333, 0.3333333333333333]"
13829,319.3698816770784,284473.32377130346,"[0.3333333333333333, 0.3333333333333333, 0.3333333333333333]"
13830,957.9229764086547,593777.613138535,"[0.3333333333333333, 0.3333333333333333, 0.3333333333333333]"
13831,395.7363465028811,628572.6478319631,"[0.3333333333333333, 0.3333333333333333, 0.3333333333333333]"
13832,540.8693644201262,303988.9592342576,"[0.3333333333333333, 0.3333333333333333, 0.3333333333333333]"
13833,196.1176732505827,275537.2256924632,"[0.3333333333333333, 0.3333333333333333, 0.3333333333333333]"
13834,787.470459551214,307470.05039219395,"[0.3333333333333333, 0.3333333333333333, 0.3333333333333333]"
13835,139.08621435500146,391116.06747792603,"[0.3333333333333333, 0.3333333333333333, 0.3333333333333333]"
13836,489.26853557191106,659116.0286342016,"[0.3333333333333333, 0.3333333333333333, 0.3333333333333333]"
13837,399.4390724812564,580457.2973345574,"[0.3333333333333333, 0.3333333333333333, 0.3333333333333333]"
13838,863.184425874238,869611.3566647923,"[0.3333333333333333, 0.3333333333333333, 0.3333333333333333]"
13839,315.1208345033938,944983.2557251564,"[0.3333333333333333, 0.3333333333333333, 0.3333333333333333]"
13840,516.1468088726386,135583.5301826569,"[0.3333333333333333, 0.3333333333333333, 0.3333333333333333]"
13841,455.7923490046057,116103.18540435904,"[0.3333333333333333, 0.3333333333333333, 0.3333333333333333]"
13842,322.4901641910924,827147.2686175305,"[0.3333333333333333, 0.3333333333333333, 0.3333333333333333]"
13843,913.4985304859634,324047.5510386298,"[0.3333333333333333, 0.3333333333333333, 0.3333333333333333]"
13844,229.64049871102767,991534.5220161877,"[0.3333333333333333, 0.3333333333333333, 0.3333333333333333]"
13845,141.0682771539071,538426.1777892988,"[0.3333333333333333, 0.3333333333333333, 0.3333333333333333]"
13846,101.24522971548373,569218.9984656716,"[0.3333333333333333, 0.3333333333333333, 0.3333333333333333]"
13847,74.56897396570004,900065.9532025713,"[0.3333333333333333, 0.3333333333333333, 0.3333333333333333]"
13848,697.8599945802488,408177.8530693729,"[0.3333333333333333, 0.3333333333333333, 0.3333333333333333]"
13849,773.3031341340294,544892.6382503833,"[0.3333333333333333, 0.3333333333333333, 0.3333333333333333]"
13850,146.51845618594282,253194.94097119677,"[0.3333333333333333, 0.3333333333333333, 0.3333333333333333]"
13851,165.6434127311987,708032.5860789457,"[0.3333333333333333, 0.3333333333333333, 0.3333333333333333]"
13852,572.6069129958892,219764.04420905854,"[0.3333333333333333, 0.3333333333333333, 0.3333333333333333]"
13853,98.82201158457418,673285.4396245001,"[0.3333333333333333, 0.3333333333333333, 0.3333333333333333]"
13854,958.3390460475651,849237.2522768306,"[0.3333333333333333, 0.3333333333333333, 0.3333333333333333]"
13855,578.4107654013098,397289.3740386624,"[0.3333333333333333, 0.3333333333333333, 0.3333333333333333]"
13856,427.02526389134766,183975.60269178415,"[0.3333333333333333, 0.3333333333333333, 0.3333333333333333]"
13857,954.4149346643588,433792.81111073645,"[0.3333333333333333, 0.3333333333333333, 0.3333333333333333]"
13858,586.0616502487846,407674.94242901186,"[0.3333333333333333, 0.3333333333333333, 0.3333333333333333]"
13859,575.2241815065674,912190.8660715715,"[0.3333333333333333, 0.3333333333333333, 0.3333333333333333]"
13860,332.84345976328484,608516.3914419338,"[0.3333333333333333, 0.3333333333333333, 0.3333333333333333]"
13861,780.2512765959875,658553.7431324916,"[0.3333333333333333, 0.3333333333333333, 0.3333333333333333]"
13862,926.522107980345,524528.9915288242,"[0.3333333333333333, 0.3333333333333333, 0.3333333333333333]"
13863,505.44799287256956,733201.3924902036,"[0.3333333333333333, 0.3333333333333333, 0.3333333333333333]"
13864,44.675533627249834,134328.5099647521,"[0.3333333333333333, 0.3333333333333333, 0.3333333333333333]"
13865,497.5659632799865,362282.50391053874,"[0.3333333333333333, 0.3333333333333333, 0.3333333333333333]"
13866,105.94095137212835,196363.79545604813,"[0.3333333333333333, 0.3333333333333333, 0.3333333333333333]"
13867,742.4654135093574,874495.601800595,"[0.3333333333333333, 0.3333333333333333, 0.3333333333333333]"
13868,39.324422842871456,766719.8656873327,"[0.3333333333333333, 0.3333333333333333, 0.3333333333333333]"
13869,728.1691361459506,563436.3680172297,"[0.3333333333333333, 0.3333333333333333, 0.3333333333333333]"
13870,816.5592991380903,454156.2461699592,"[0.3333333333333333, 0.3333333333333333, 0.3333333333333333]"
13871,29.998478470570838,611402.2346462612,"[0.3333333333333333, 0.3333333333333333, 0.3333333333333333]"
13872,537.7069906732215,199264.4347690401,"[0.3333333333333333, 0.3333333333333333, 0.3333333333333333]"
13873,753.0751166236462,921490.9901567491,"[0.3333333333333333, 0.3333333333333333, 0.3333333333333333]"
13874,735.2462476748767,597032.5293438581,"[0.3333333333333333, 0.3333333333333333, 0.3333333333333333]"
13875,22.72359765600817,506900.29131412646,"[0.3333333333333333, 0.3333333333333333, 0.3333333333333333]"
13876,245.94560795315348,430647.7842239639,"[0.3333333333333333, 0.3333333333333333, 0.3333333333333333]"
13877,557.4517898224618,470702.26851913234,"[0.3333333333333333, 0.3333333333333333, 0.3333333333333333]"
13878,472.44722209611746,553316.1414721356,"[0.3333333333333333, 0.3333333333333333, 0.3333333333333333]"
13879,940.9143021461414,643090.0247136332,"[0.3333333333333333, 0.3333333333333333, 0.3333333333333333]"
13880,209.02369583812578,183490.04907443293,"[0.3333333333333333, 0.3333333333333333, 0.3333333333333333]"
13881,548.5371297860671,184281.02274504094,"[0.3333333333333333, 0.3333333333333333, 0.3333333333333333]"
13882,490.9260110103364,380073.02826359886,"[0.3333333333333333, 0.3333333333333333, 0.3333333333333333]"
13883,255.53747779977,312597.5827034317,"[0.3333333333333333, 0.3333333333333333, 0.3333333333333333]"
13884,828.4891272192444,997548.2869516726,"[0.3333333333333333, 0.3333333333333333, 0.3333333333333333]"
13885,633.0200379519132,527535.4142168001,"[0.3333333333333333, 0.3333333333333333, 0.3333333333333333]"
13886,850.344871219738,257070.06098880814,"[0.3333333333333333, 0.3333333333333333, 0.3333333333333333]"
13887,829.793207839741,787817.3573815945,"[0.3333333333333333, 0.3333333333333333, 0.3333333333333333]"
13888,14.262520263883598,589635.1973695164,"[0.3333333333333333, 0.3333333333333333, 0.3333333333333333]"
13889,530.6990054969046,299114.41652365285,"[0.3333333333333333, 0.3333333333333333, 0.3333333333333333]"
13890,744.1570839635847,642500.751343975,"[0.3333333333333333, 0.3333333333333333, 0.3333333333333333]"
13891,814.2725603603978,170844.54191847966,"[0.3333333333333333, 0.3333333333333333, 0.3333333333333333]"
13892,49.39163151105375,773134.2998370343,"[0.3333333333333333, 0.3333333333333333, 0.3333333333333333]"
13893,980.5041510627685,930764.5246971257,"[0.3333333333333333, 0.3333333333333333, 0.3333333333333333]"
13894,668.8739917843758,672092.4456195609,"[0.3333333333333333, 0.3333333333333333, 0.3333333333333333]"
13895,999.4099847752808,942645.7802825427,"[0.3333333333333333, 0.3333333333333333, 0.3333333333333333]"
13896,761.0283902224328,743031.6434276636,"[0.3333333333333333, 0.3333333333333333, 0.3333333333333333]"
13897,724.8823722674423,733793.3248308058,"[0.3333333333333333, 0.3333333333333333, 0.3333333333333333]"
13898,689.7130906801342,570730.3916546886,"[0.3333333333333333, 0.3333333333333333, 0.3333333333333333]"
13899,639.0452849060977,539020.3402672298,"[0.3333333333333333, 0.3333333333333333, 0.3333333333333333]"
13900,862.499202104173,679056.1751812687,"[0.3333333333333333, 0.3333333333333333, 0.3333333333333333]"
13901,120.96355411130278,577134.4382141418,"[0.3333333333333333, 0.3333333333333333, 0.3333333333333333]"
13902,968.0188825553886,144640.24645532394,"[0.3333333333333333, 0.3333333333333333, 0.3333333333333333]"
13903,418.93678290206196,370394.48342637357,"[0.3333333333333333, 0.3333333333333333, 0.3333333333333333]"
13904,646.5396351255407,171686.33581262443,"[0.3333333333333333, 0.3333333333333333, 0.3333333333333333]"
13905,517.3202783663392,931914.9788492944,"[0.3333333333333333, 0.3333333333333333, 0.3333333333333333]"
13906,104.24345255824389,952730.2482098142,"[0.3333333333333333, 0.3333333333333333, 0.3333333333333333]"
13907,726.7728050039273,134299.78952713506,"[0.3333333333333333, 0.3333333333333333, 0.3333333333333333]"
13908,675.8864981331715,987669.0099804284,"[0.3333333333333333, 0.3333333333333333, 0.3333333333333333]"
13909,878.3246601672307,689081.9708363146,"[0.3333333333333333, 0.3333333333333333, 0.3333333333333333]"
13910,139.05316126032676,312137.95416529005,"[0.3333333333333333, 0.3333333333333333, 0.3333333333333333]"
13911,441.7325573109664,481166.1117335219,"[0.3333333333333333, 0.3333333333333333, 0.3333333333333333]"
13912,626.8768474580655,108708.14442698556,"[0.3333333333333333, 0.3333333333333333, 0.3333333333333333]"
13913,212.34443650391012,818042.1880029184,"[0.3333333333333333, 0.3333333333333333, 0.3333333333333333]"
13914,296.6344330813442,333073.2927433329,"[0.3333333333333333, 0.3333333333333333, 0.3333333333333333]"
13915,867.7845165348253,642429.6103112801,"[0.3333333333333333, 0.3333333333333333, 0.3333333333333333]"
13916,598.8564776168846,407167.13622867054,"[0.3333333333333333, 0.3333333333333333, 0.3333333333333333]"
13917,402.4780878041117,186167.6895565643,"[0.3333333333333333, 0.3333333333333333, 0.3333333333333333]"
13918,906.5136832608191,890005.8103942843,"[0.3333333333333333, 0.3333333333333333, 0.3333333333333333]"
13919,804.923381029345,817791.9751835208,"[0.3333333333333333, 0.3333333333333333, 0.3333333333333333]"
13920,257.131263247678,410987.1221462568,"[0.3333333333333333, 0.3333333333333333, 0.3333333333333333]"
13921,304.9729952522722,423605.5850914757,"[0.3333333333333333, 0.3333333333333333, 0.3333333333333333]"
13922,130.22959313425022,590315.1735007585,"[0.3333333333333333, 0.3333333333333333, 0.3333333333333333]"
13923,778.3426897348497,332242.2454736758,"[0.3333333333333333, 0.3333333333333333, 0.3333333333333333]"
13924,357.90483717539524,354311.8629147583,"[0.3333333333333333, 0.3333333333333333, 0.3333333333333333]"
13925,612.075221038548,363486.59878758393,"[0.3333333333333333, 0.3333333333333333, 0.3333333333333333]"
13926,586.4916554979075,701259.7861612696,"[0.3333333333333333, 0.3333333333333333, 0.3333333333333333]"
13927,635.7306606792436,521347.6401222981,"[0.3333333333333333, 0.3333333333333333, 0.3333333333333333]"
13928,826.8797865544664,884548.8416053181,"[0.3333333333333333, 0.3333333333333333, 0.3333333333333333]"
13929,194.6407335157141,874279.9819062463,"[0.3333333333333333, 0.3333333333333333, 0.3333333333333333]"
13930,528.2205786733958,138366.48016941908,"[0.3333333333333333, 0.3333333333333333, 0.3333333333333333]"
13931,835.6023035294223,523348.0011910338,"[0.3333333333333333, 0.3333333333333333, 0.3333333333333333]"
13932,587.16675300654,176106.42724891563,"[0.3333333333333333, 0.3333333333333333, 0.3333333333333333]"
13933,637.9542573180368,940806.8366145124,"[0.3333333333333333, 0.3333333333333333, 0.3333333333333333]"
13934,402.90827205351667,972235.1555542791,"[0.3333333333333333, 0.3333333333333333, 0.3333333333333333]"
13935,878.5941622302373,452376.2629790874,"[0.3333333333333333, 0.3333333333333333, 0.3333333333333333]"
13936,112.50524164284604,677903.6498228622,"[0.3333333333333333, 0.3333333333333333, 0.3333333333333333]"
13937,257.9528992068921,202902.6767127168,"[0.3333333333333333, 0.3333333333333333, 0.3333333333333333]"
13938,596.5759522167402,184943.3887282552,"[0.3333333333333333, 0.3333333333333333, 0.3333333333333333]"
13939,763.7287592674994,352116.9263239759,"[0.3333333333333333, 0.3333333333333333, 0.3333333333333333]"
13940,744.036088342725,583977.2927436588,"[0.3333333333333333, 0.3333333333333333, 0.3333333333333333]"
13941,174.07246044503577,295157.47352138325,"[0.3333333333333333, 0.3333333333333333, 0.3333333333333333]"
13942,350.29143211742564,729197.0748026859,"[0.3333333333333333, 0.3333333333333333, 0.3333333333333333]"
13943,88.05763288868937,296312.79010296986,"[0.3333333333333333, 0.3333333333333333, 0.3333333333333333]"
13944,848.9818626833519,817510.3149721643,"[0.3333333333333333, 0.3333333333333333, 0.3333333333333333]"
13945,415.56279519036053,559854.696897204,"[0.3333333333333333, 0.3333333333333333, 0.3333333333333333]"
13946,773.6467913328573,580260.0589131356,"[0.3333333333333333, 0.3333333333333333, 0.3333333333333333]"
13947,959.1445324606974,513017.70003343583,"[0.3333333333333333, 0.3333333333333333, 0.3333333333333333]"
13948,396.58805037447246,644555.3111610874,"[0.3333333333333333, 0.3333333333333333, 0.3333333333333333]"
13949,983.3957237914516,911098.6220530029,"[0.3333333333333333, 0.3333333333333333, 0.3333333333333333]"
13950,439.7207128177381,154287.64272383778,"[0.3333333333333333, 0.3333333333333333, 0.3333333333333333]"
13951,617.9710359894278,777125.4621977938,"[0.3333333333333333, 0.3333333333333333, 0.3333333333333333]"
13952,792.670972459564,848800.5817853985,"[0.3333333333333333, 0.3333333333333333, 0.3333333333333333]"
13953,664.7300715987999,759277.7544255486,"[0.3333333333333333, 0.3333333333333333, 0.3333333333333333]"
13954,938.0240662948304,115074.45368367236,"[0.3333333333333333, 0.3333333333333333, 0.3333333333333333]"
13955,706.3577688352411,939496.1249538669,"[0.3333333333333333, 0.3333333333333333, 0.3333333333333333]"
13956,254.57073087529477,234450.4441668521,"[0.3333333333333333, 0.3333333333333333, 0.3333333333333333]"
13957,510.2830450219372,857531.99368644,"[0.3333333333333333, 0.3333333333333333, 0.3333333333333333]"
13958,326.99448291645695,269602.7154963858,"[0.3333333333333333, 0.3333333333333333, 0.3333333333333333]"
13959,124.58876642437343,713277.1992454061,"[0.3333333333333333, 0.3333333333333333, 0.3333333333333333]"
13960,839.8817728995251,852057.5785964173,"[0.3333333333333333, 0.3333333333333333, 0.3333333333333333]"
13961,278.24422214953506,730733.9580370086,"[0.3333333333333333, 0.3333333333333333, 0.3333333333333333]"
13962,560.5850860075441,836487.6499156507,"[0.3333333333333333, 0.3333333333333333, 0.3333333333333333]"
13963,51.9643075581857,647303.1673784326,"[0.3333333333333333, 0.3333333333333333, 0.3333333333333333]"
13964,829.2771793689188,262580.58469736995,"[0.3333333333333333, 0.3333333333333333, 0.3333333333333333]"
13965,843.7238937936349,703825.8558702907,"[0.3333333333333333, 0.3333333333333333, 0.3333333333333333]"
13966,899.1669794723088,652877.8168545495,"[0.3333333333333333, 0.3333333333333333, 0.3333333333333333]"
13967,153.53933946134754,905790.1859426894,"[0.3333333333333333, 0.3333333333333333, 0.3333333333333333]"
13968,297.8001834404255,179647.74506350778,"[0.3333333333333333, 0.3333333333333333, 0.3333333333333333]"
13969,728.2615520820505,490555.9088355039,"[0.3333333333333333, 0.3333333333333333, 0.3333333333333333]"
13970,305.3996679496274,418858.5341853088,"[0.3333333333333333, 0.3333333333333333, 0.3333333333333333]"
13971,292.64827749906453,492058.59398709843,"[0.3333333333333333, 0.3333333333333333, 0.3333333333333333]"
13972,616.0156310553917,729180.3869044541,"[0.3333333333333333, 0.3333333333333333, 0.3333333333333333]"
13973,920.2599901540597,112304.08013277878,"[0.3333333333333333, 0.3333333333333333, 0.3333333333333333]"
13974,361.3656436798957,594540.9363852014,"[0.3333333333333333, 0.3333333333333333, 0.3333333333333333]"
13975,656.7690313478697,442095.4665793316,"[0.3333333333333333, 0.3333333333333333, 0.3333333333333333]"
13976,99.08141706002002,670685.4024031596,"[0.3333333333333333, 0.3333333333333333, 0.3333333333333333]"
13977,302.90792928973264,599559.2885217317,"[0.3333333333333333, 0.3333333333333333, 0.3333333333333333]"
13978,274.9418131095848,103712.24910097549,"[0.3333333333333333, 0.3333333333333333, 0.3333333333333333]"
13979,469.85198362880914,609530.3642271298,"[0.3333333333333333, 0.3333333333333333, 0.3333333333333333]"
13980,915.1697567186627,164605.8674057704,"[0.3333333333333333, 0.3333333333333333, 0.3333333333333333]"
13981,109.10643388556785,490338.953922734,"[0.3333333333333333, 0.3333333333333333, 0.3333333333333333]"
13982,318.0007511359323,820861.3269141808,"[0.3333333333333333, 0.3333333333333333, 0.3333333333333333]"
13983,737.9879796569653,937982.4983800028,"[0.3333333333333333, 0.3333333333333333, 0.3333333333333333]"
13984,925.6504894109485,142205.63814759417,"[0.3333333333333333, 0.3333333333333333, 0.3333333333333333]"
13985,529.3947838051831,288079.9126852889,"[0.3333333333333333, 0.3333333333333333, 0.3333333333333333]"
13986,777.1487478722804,662913.9531701957,"[0.3333333333333333, 0.3333333333333333, 0.3333333333333333]"
13987,84.01441319903273,694297.662166547,"[0.3333333333333333, 0.3333333333333333, 0.3333333333333333]"
13988,991.6679629351485,264553.9176644952,"[0.3333333333333333, 0.3333333333333333, 0.3333333333333333]"
13989,270.56218917245104,482785.7342616338,"[0.3333333333333333, 0.3333333333333333, 0.3333333333333333]"
13990,730.9095368364738,760653.3902670434,"[0.3333333333333333, 0.3333333333333333, 0.3333333333333333]"
13991,363.92779546261187,393499.2840266008,"[0.3333333333333333, 0.3333333333333333, 0.3333333333333333]"
13992,788.7894449341234,551818.1695775436,"[0.3333333333333333, 0.3333333333333333, 0.3333333333333333]"
13993,764.2142290935335,434230.3528561071,"[0.3333333333333333, 0.3333333333333333, 0.3333333333333333]"
13994,38.10581622019872,416672.4900945754,"[0.3333333333333333, 0.3333333333333333, 0.3333333333333333]"
13995,761.3543354282567,171869.15638928313,"[0.3333333333333333, 0.3333333333333333, 0.3333333333333333]"
13996,807.7844251132403,867599.6136073566,"[0.3333333333333333, 0.3333333333333333, 0.3333333333333333]"
13997,239.41641241706373,907431.9593080542,"[0.3333333333333333, 0.3333333333333333, 0.3333333333333333]"
13998,884.4626735859174,856701.3719963586,"[0.3333333333333333, 0.3333333333333333, 0.3333333333333333]"
13999,553.6577525987767,575080.7739840599,"[0.3333333333333333, 0.3333333333333333, 0.3333333333333333]"
14000,207.38456955910183,582786.0604720679,"[0.3333333333333333, 0.3333333333333333, 0.3333333333333333]"
14001,344.4665288110431,681929.2244910037,"[0.3333333333333333, 0.3333333333333333, 0.3333333333333333]"
14002,938.9088190283757,221153.53555399048,"[0.3333333333333333, 0.3333333333333333, 0.3333333333333333]"
14003,902.3044753262474,967438.0345052205,"[0.3333333333333333, 0.3333333333333333, 0.3333333333333333]"
14004,955.7152789242361,823552.7521418751,"[0.3333333333333333, 0.3333333333333333, 0.3333333333333333]"
14005,956.6703717488737,791212.7797091261,"[0.3333333333333333, 0.3333333333333333, 0.3333333333333333]"
14006,896.0245119263989,643505.1224615062,"[0.3333333333333333, 0.3333333333333333, 0.3333333333333333]"
14007,375.6081575905375,740361.1698674154,"[0.3333333333333333, 0.3333333333333333, 0.3333333333333333]"
14008,341.3911698201627,552141.3460293545,"[0.3333333333333333, 0.3333333333333333, 0.3333333333333333]"
14009,139.28986958969662,148214.7352609951,"[0.3333333333333333, 0.3333333333333333, 0.3333333333333333]"
14010,189.64080609972632,684942.4889743088,"[0.3333333333333333, 0.3333333333333333, 0.3333333333333333]"
14011,406.66237677896595,495216.6163265494,"[0.3333333333333333, 0.3333333333333333, 0.3333333333333333]"
14012,572.8048132774859,279466.5688409265,"[0.3333333333333333, 0.3333333333333333, 0.3333333333333333]"
14013,48.676318673198566,799775.6808290731,"[0.3333333333333333, 0.3333333333333333, 0.3333333333333333]"
14014,711.0644172972857,461833.90590126725,"[0.3333333333333333, 0.3333333333333333, 0.3333333333333333]"
14015,611.2161542791439,698801.9731346107,"[0.3333333333333333, 0.3333333333333333, 0.3333333333333333]"
14016,589.3248628636353,834290.3021194837,"[0.3333333333333333, 0.3333333333333333, 0.3333333333333333]"
14017,476.66325967164664,518901.3586412579,"[0.3333333333333333, 0.3333333333333333, 0.3333333333333333]"
14018,55.974150986208684,254742.19471644334,"[0.3333333333333333, 0.3333333333333333, 0.3333333333333333]"
14019,213.6418099462634,347043.26981053676,"[0.3333333333333333, 0.3333333333333333, 0.3333333333333333]"
14020,237.09755976968466,852649.6425471294,"[0.3333333333333333, 0.3333333333333333, 0.3333333333333333]"
14021,27.34411951942958,473895.1766525023,"[0.3333333333333333, 0.3333333333333333, 0.3333333333333333]"
14022,776.4298541501116,143096.43233997028,"[0.3333333333333333, 0.3333333333333333, 0.3333333333333333]"
14023,890.1745554949055,147111.20368534746,"[0.3333333333333333, 0.3333333333333333, 0.3333333333333333]"
14024,312.27032742823513,361929.5652632426,"[0.3333333333333333, 0.3333333333333333, 0.3333333333333333]"
14025,678.2639482483771,711905.3059165619,"[0.3333333333333333, 0.3333333333333333, 0.3333333333333333]"
14026,510.53397261162206,463647.34221524955,"[0.3333333333333333, 0.3333333333333333, 0.3333333333333333]"
14027,608.1832385392837,142665.8942214789,"[0.3333333333333333, 0.3333333333333333, 0.3333333333333333]"
14028,174.0044362596081,398480.4349539455,"[0.3333333333333333, 0.3333333333333333, 0.3333333333333333]"
14029,687.6272543013345,826918.7874578977,"[0.3333333333333333, 0.3333333333333333, 0.3333333333333333]"
14030,10.084902196114127,273338.66795904806,"[0.3333333333333333, 0.3333333333333333, 0.3333333333333333]"
14031,43.25701226742847,790175.592307106,"[0.3333333333333333, 0.3333333333333333, 0.3333333333333333]"
14032,905.1181525544898,185022.71118193946,"[0.3333333333333333, 0.3333333333333333, 0.3333333333333333]"
14033,674.7771222206659,112648.95751160213,"[0.3333333333333333, 0.3333333333333333, 0.3333333333333333]"
14034,584.2342327650287,650386.1871812273,"[0.3333333333333333, 0.3333333333333333, 0.3333333333333333]"
14035,136.7422164186558,587621.951103132,"[0.3333333333333333, 0.3333333333333333, 0.3333333333333333]"
14036,478.4960969247128,913363.695892898,"[0.3333333333333333, 0.3333333333333333, 0.3333333333333333]"
14037,453.11425379726126,264717.02903552813,"[0.3333333333333333, 0.3333333333333333, 0.3333333333333333]"
14038,970.2961288658988,242780.6344974759,"[0.3333333333333333, 0.3333333333333333, 0.3333333333333333]"
14039,559.6797706353806,408740.5073458424,"[0.3333333333333333, 0.3333333333333333, 0.3333333333333333]"
14040,40.32803368028126,747897.2523494202,"[0.3333333333333333, 0.3333333333333333, 0.3333333333333333]"
14041,831.9306782024071,483371.6308219615,"[0.3333333333333333, 0.3333333333333333, 0.3333333333333333]"
14042,534.9832090968822,984009.0198578015,"[0.3333333333333333, 0.3333333333333333, 0.3333333333333333]"
14043,264.80372624505515,340897.69272229786,"[0.3333333333333333, 0.3333333333333333, 0.3333333333333333]"
14044,101.3056509406186,480699.5534557156,"[0.3333333333333333, 0.3333333333333333, 0.3333333333333333]"
14045,85.96105147395568,102199.29761923068,"[0.3333333333333333, 0.3333333333333333, 0.3333333333333333]"
14046,794.7310587084258,807139.4987132918,"[0.3333333333333333, 0.3333333333333333, 0.3333333333333333]"
14047,310.4835628290102,804200.9116198028,"[0.3333333333333333, 0.3333333333333333, 0.3333333333333333]"
14048,395.55160038812755,351541.72971650114,"[0.3333333333333333, 0.3333333333333333, 0.3333333333333333]"
14049,568.5008343388006,867260.1830809335,"[0.3333333333333333, 0.3333333333333333, 0.3333333333333333]"
14050,471.77309999928946,412115.5597827484,"[0.3333333333333333, 0.3333333333333333, 0.3333333333333333]"
14051,529.6878912548227,978445.0390104118,"[0.3333333333333333, 0.3333333333333333, 0.3333333333333333]"
14052,449.5223340301879,752622.7673333903,"[0.3333333333333333, 0.3333333333333333, 0.3333333333333333]"
14053,187.37293938915275,209898.95932837576,"[0.3333333333333333, 0.3333333333333333, 0.3333333333333333]"
14054,733.4706567038475,511826.34843236295,"[0.3333333333333333, 0.3333333333333333, 0.3333333333333333]"
14055,297.68250186666,632135.9942557798,"[0.3333333333333333, 0.3333333333333333, 0.3333333333333333]"
14056,990.9303530640708,186247.0112542573,"[0.3333333333333333, 0.3333333333333333, 0.3333333333333333]"
14057,554.0924077831968,842241.2050137323,"[0.3333333333333333, 0.3333333333333333, 0.3333333333333333]"
14058,832.7592945596289,634545.2033925632,"[0.3333333333333333, 0.3333333333333333, 0.3333333333333333]"
14059,263.9810544720923,454645.58820550033,"[0.3333333333333333, 0.3333333333333333, 0.3333333333333333]"
14060,714.3041337415387,812640.6415896496,"[0.3333333333333333, 0.3333333333333333, 0.3333333333333333]"
14061,847.0278692585933,899351.3793642038,"[0.3333333333333333, 0.3333333333333333, 0.3333333333333333]"
14062,850.7130397634218,392776.4522366579,"[0.3333333333333333, 0.3333333333333333, 0.3333333333333333]"
14063,200.12198066626772,467534.3994953499,"[0.3333333333333333, 0.3333333333333333, 0.3333333333333333]"
14064,647.0919325383696,802700.0628199842,"[0.3333333333333333, 0.3333333333333333, 0.3333333333333333]"
14065,802.5173910696167,481819.8131871271,"[0.3333333333333333, 0.3333333333333333, 0.3333333333333333]"
14066,118.95985308279829,564533.9571930869,"[0.3333333333333333, 0.3333333333333333, 0.3333333333333333]"
14067,162.37072058372675,748440.1613154716,"[0.3333333333333333, 0.3333333333333333, 0.3333333333333333]"
14068,389.32537048500853,278309.196909709,"[0.3333333333333333, 0.3333333333333333, 0.3333333333333333]"
14069,154.7280348721367,848447.497297294,"[0.3333333333333333, 0.3333333333333333, 0.3333333333333333]"
14070,824.4172354549033,139775.86499811083,"[0.3333333333333333, 0.3333333333333333, 0.3333333333333333]"
14071,675.341478799733,868880.9869090796,"[0.3333333333333333, 0.3333333333333333, 0.3333333333333333]"
14072,578.3104844479916,207537.7625262346,"[0.3333333333333333, 0.3333333333333333, 0.3333333333333333]"
14073,987.7112721341698,701426.5513732088,"[0.3333333333333333, 0.3333333333333333, 0.3333333333333333]"
14074,409.5966918975041,557371.6595142878,"[0.3333333333333333, 0.3333333333333333, 0.3333333333333333]"
14075,935.0933867005998,868724.1236723465,"[0.3333333333333333, 0.3333333333333333, 0.3333333333333333]"
14076,743.0248649084978,313960.99183779524,"[0.3333333333333333, 0.3333333333333333, 0.3333333333333333]"
14077,234.72560718582187,370441.90860545443,"[0.3333333333333333, 0.3333333333333333, 0.3333333333333333]"
14078,814.1157907926033,486087.50690381345,"[0.3333333333333333, 0.3333333333333333, 0.3333333333333333]"
14079,888.2082318150522,380507.5330431464,"[0.3333333333333333, 0.3333333333333333, 0.3333333333333333]"
14080,917.4221169963577,541385.6685893086,"[0.3333333333333333, 0.3333333333333333, 0.3333333333333333]"
14081,685.1549884921226,173470.5428975548,"[0.3333333333333333, 0.3333333333333333, 0.3333333333333333]"
14082,32.7618816090146,648057.4794730241,"[0.3333333333333333, 0.3333333333333333, 0.3333333333333333]"
14083,483.12599707314286,425779.22928457975,"[0.3333333333333333, 0.3333333333333333, 0.3333333333333333]"
14084,728.8909467364797,565889.030500477,"[0.3333333333333333, 0.3333333333333333, 0.3333333333333333]"
14085,840.2141583016493,769733.0390698477,"[0.3333333333333333, 0.3333333333333333, 0.3333333333333333]"
14086,571.4863043245191,491411.7010231448,"[0.3333333333333333, 0.3333333333333333, 0.3333333333333333]"
14087,411.3779209804748,658257.1916628373,"[0.3333333333333333, 0.3333333333333333, 0.3333333333333333]"
14088,134.64812184323145,625499.7794795678,"[0.3333333333333333, 0.3333333333333333, 0.3333333333333333]"
14089,879.3268006629035,159630.20321830074,"[0.3333333333333333, 0.3333333333333333, 0.3333333333333333]"
14090,907.5915359557885,896274.9472387367,"[0.3333333333333333, 0.3333333333333333, 0.3333333333333333]"
14091,969.2102680562754,133065.4338551646,"[0.3333333333333333, 0.3333333333333333, 0.3333333333333333]"
14092,519.5670177644784,541928.4297556202,"[0.3333333333333333, 0.3333333333333333, 0.3333333333333333]"
14093,942.5567639428211,990822.1776721968,"[0.3333333333333333, 0.3333333333333333, 0.3333333333333333]"
14094,99.84099960060546,421910.1850545887,"[0.3333333333333333, 0.3333333333333333, 0.3333333333333333]"
14095,187.32561587548386,301290.7617301537,"[0.3333333333333333, 0.3333333333333333, 0.3333333333333333]"
14096,867.5269123322809,611160.4559352151,"[0.3333333333333333, 0.3333333333333333, 0.3333333333333333]"
14097,588.9113582237258,716462.6961204006,"[0.3333333333333333, 0.3333333333333333, 0.3333333333333333]"
14098,496.2213663844492,193279.6798144592,"[0.3333333333333333, 0.3333333333333333, 0.3333333333333333]"
14099,877.6952181144623,874575.0363999829,"[0.3333333333333333, 0.3333333333333333, 0.3333333333333333]"
14100,903.8767612489472,120299.02945199324,"[0.3333333333333333, 0.3333333333333333, 0.3333333333333333]"
14101,575.3287615844246,602978.6194816666,"[0.3333333333333333, 0.3333333333333333, 0.3333333333333333]"
14102,380.696961808285,891873.3872350955,"[0.3333333333333333, 0.3333333333333333, 0.3333333333333333]"
14103,727.7185973442874,854639.130727063,"[0.3333333333333333, 0.3333333333333333, 0.3333333333333333]"
14104,813.6038393623126,422956.5532625646,"[0.3333333333333333, 0.3333333333333333, 0.3333333333333333]"
14105,54.70937373502683,638575.4818949961,"[0.3333333333333333, 0.3333333333333333, 0.3333333333333333]"
14106,607.9547100690605,876366.1192187916,"[0.3333333333333333, 0.3333333333333333, 0.3333333333333333]"
14107,845.1822150732692,985275.186275738,"[0.3333333333333333, 0.3333333333333333, 0.3333333333333333]"
14108,828.5990079468171,449591.39838630584,"[0.3333333333333333, 0.3333333333333333, 0.3333333333333333]"
14109,224.2168440778846,747647.0271681753,"[0.3333333333333333, 0.3333333333333333, 0.3333333333333333]"
14110,899.2427373357979,107214.25864697863,"[0.3333333333333333, 0.3333333333333333, 0.3333333333333333]"
14111,409.82054801086775,200344.07962300268,"[0.3333333333333333, 0.3333333333333333, 0.3333333333333333]"
14112,883.7922204049414,630465.2375541878,"[0.3333333333333333, 0.3333333333333333, 0.3333333333333333]"
14113,165.23244593881614,138933.51257580385,"[0.3333333333333333, 0.3333333333333333, 0.3333333333333333]"
14114,595.6493793082384,850720.8384100341,"[0.3333333333333333, 0.3333333333333333, 0.3333333333333333]"
14115,528.1909703594562,488144.36730816064,"[0.3333333333333333, 0.3333333333333333, 0.3333333333333333]"
14116,412.63461809571385,855769.7713691499,"[0.3333333333333333, 0.3333333333333333, 0.3333333333333333]"
14117,715.5034745411838,473185.27940455475,"[0.3333333333333333, 0.3333333333333333, 0.3333333333333333]"
14118,978.1361097397083,773966.4931236685,"[0.3333333333333333, 0.3333333333333333, 0.3333333333333333]"
14119,358.40847383124145,929631.6052465301,"[0.3333333333333333, 0.3333333333333333, 0.3333333333333333]"
14120,872.7649580261063,635789.3521370701,"[0.3333333333333333, 0.3333333333333333, 0.3333333333333333]"
14121,53.50844387667621,354326.548289002,"[0.3333333333333333, 0.3333333333333333, 0.3333333333333333]"
14122,30.955566706116084,229119.1738761693,"[0.3333333333333333, 0.3333333333333333, 0.3333333333333333]"
14123,723.5992301838995,751495.5442529406,"[0.3333333333333333, 0.3333333333333333, 0.3333333333333333]"
14124,528.8169134595107,981582.9545218286,"[0.3333333333333333, 0.3333333333333333, 0.3333333333333333]"
14125,776.9840781910375,997034.1295694909,"[0.3333333333333333, 0.3333333333333333, 0.3333333333333333]"
14126,940.1402769878686,678479.0610450807,"[0.3333333333333333, 0.3333333333333333, 0.3333333333333333]"
14127,857.0634649541631,291544.4514715752,"[0.3333333333333333, 0.3333333333333333, 0.3333333333333333]"
14128,634.20866512936,504005.68336244364,"[0.3333333333333333, 0.3333333333333333, 0.3333333333333333]"
14129,405.58522388751965,549962.4536459446,"[0.3333333333333333, 0.3333333333333333, 0.3333333333333333]"
14130,823.6139964474098,536432.2594389506,"[0.3333333333333333, 0.3333333333333333, 0.3333333333333333]"
14131,487.2577027635659,975355.2201748221,"[0.3333333333333333, 0.3333333333333333, 0.3333333333333333]"
14132,211.294892704824,176028.51478682883,"[0.3333333333333333, 0.3333333333333333, 0.3333333333333333]"
14133,244.11138490818743,401743.6575784863,"[0.3333333333333333, 0.3333333333333333, 0.3333333333333333]"
14134,690.0981822590207,300616.13358453545,"[0.3333333333333333, 0.3333333333333333, 0.3333333333333333]"
14135,26.97714983613442,763843.0362672099,"[0.3333333333333333, 0.3333333333333333, 0.3333333333333333]"
14136,864.7211181685591,347688.10170777416,"[0.3333333333333333, 0.3333333333333333, 0.3333333333333333]"
14137,995.7507836604503,198102.5055822477,"[0.3333333333333333, 0.3333333333333333, 0.3333333333333333]"
14138,870.890516784566,391005.70076132845,"[0.3333333333333333, 0.3333333333333333, 0.3333333333333333]"
14139,567.5005454554015,745091.2439913629,"[0.3333333333333333, 0.3333333333333333, 0.3333333333333333]"
14140,107.24322931178416,359127.24289340206,"[0.3333333333333333, 0.3333333333333333, 0.3333333333333333]"
14141,221.15366123066224,649163.3328695742,"[0.3333333333333333, 0.3333333333333333, 0.3333333333333333]"
14142,18.45028282827603,165424.77883088493,"[0.3333333333333333, 0.3333333333333333, 0.3333333333333333]"
14143,650.9531601669946,750047.5455856413,"[0.3333333333333333, 0.3333333333333333, 0.3333333333333333]"
14144,349.6759900103128,156102.3247215249,"[0.3333333333333333, 0.3333333333333333, 0.3333333333333333]"
14145,170.58586214194344,436939.30573148065,"[0.3333333333333333, 0.3333333333333333, 0.3333333333333333]"
14146,475.81311524939605,401595.4757166646,"[0.3333333333333333, 0.3333333333333333, 0.3333333333333333]"
14147,768.8241214397474,495199.79323867126,"[0.3333333333333333, 0.3333333333333333, 0.3333333333333333]"
14148,269.3979266058392,360597.56321862026,"[0.3333333333333333, 0.3333333333333333, 0.3333333333333333]"
14149,704.9274815617326,134635.631944287,"[0.3333333333333333, 0.3333333333333333, 0.3333333333333333]"
14150,185.59524005344832,978845.5620131893,"[0.3333333333333333, 0.3333333333333333, 0.3333333333333333]"
14151,240.99118243030196,232796.6444792762,"[0.3333333333333333, 0.3333333333333333, 0.3333333333333333]"
14152,586.1923446087035,473851.7152975454,"[0.3333333333333333, 0.3333333333333333, 0.3333333333333333]"
14153,136.573931644095,852077.7573555282,"[0.3333333333333333, 0.3333333333333333, 0.3333333333333333]"
14154,241.9445542902418,733528.4147546089,"[0.3333333333333333, 0.3333333333333333, 0.3333333333333333]"
14155,362.8235557230715,606892.2029721811,"[0.3333333333333333, 0.3333333333333333, 0.3333333333333333]"
14156,289.1305586008482,746416.5721976466,"[0.3333333333333333, 0.3333333333333333, 0.3333333333333333]"
14157,735.3991089350409,417338.3324640619,"[0.3333333333333333, 0.3333333333333333, 0.3333333333333333]"
14158,20.28358882686026,933914.2296357424,"[0.3333333333333333, 0.3333333333333333, 0.3333333333333333]"
14159,223.85178695467886,911886.9294683299,"[0.3333333333333333, 0.3333333333333333, 0.3333333333333333]"
14160,348.9566409936025,269057.2679661631,"[0.3333333333333333, 0.3333333333333333, 0.3333333333333333]"
14161,370.12501254158616,604422.8558553153,"[0.3333333333333333, 0.3333333333333333, 0.3333333333333333]"
14162,87.7750726179249,868452.0688937372,"[0.3333333333333333, 0.3333333333333333, 0.3333333333333333]"
14163,805.4690711063346,301194.3353216406,"[0.3333333333333333, 0.3333333333333333, 0.3333333333333333]"
14164,560.9782353820046,280752.69764942,"[0.3333333333333333, 0.3333333333333333, 0.3333333333333333]"
14165,801.3134173972511,477461.71823527844,"[0.3333333333333333, 0.3333333333333333, 0.3333333333333333]"
14166,83.44989473506907,639550.7212218387,"[0.3333333333333333, 0.3333333333333333, 0.3333333333333333]"
14167,124.06900392987403,900612.447219326,"[0.3333333333333333, 0.3333333333333333, 0.3333333333333333]"
14168,271.2940077056461,466760.24322971393,"[0.3333333333333333, 0.3333333333333333, 0.3333333333333333]"
14169,365.0927114665492,545057.4208158036,"[0.3333333333333333, 0.3333333333333333, 0.3333333333333333]"
14170,987.1715127351456,941365.3868589789,"[0.3333333333333333, 0.3333333333333333, 0.3333333333333333]"
14171,269.1947538928055,633574.2893819076,"[0.3333333333333333, 0.3333333333333333, 0.3333333333333333]"
14172,32.11229473121932,173891.31390453223,"[0.3333333333333333, 0.3333333333333333, 0.3333333333333333]"
14173,728.0088376076401,905337.9058605705,"[0.3333333333333333, 0.3333333333333333, 0.3333333333333333]"
14174,958.3519188715564,714879.0014619346,"[0.3333333333333333, 0.3333333333333333, 0.3333333333333333]"
14175,276.89371647649295,654217.895032185,"[0.3333333333333333, 0.3333333333333333, 0.3333333333333333]"
14176,989.2493961299031,470411.19029437535,"[0.3333333333333333, 0.3333333333333333, 0.3333333333333333]"
14177,200.50348847926367,708175.1359349916,"[0.3333333333333333, 0.3333333333333333, 0.3333333333333333]"
14178,391.32599777111596,905074.9226456631,"[0.3333333333333333, 0.3333333333333333, 0.3333333333333333]"
14179,183.37272392031858,804228.3354556365,"[0.3333333333333333, 0.3333333333333333, 0.3333333333333333]"
14180,786.8074940363177,456383.6610366044,"[0.3333333333333333, 0.3333333333333333, 0.3333333333333333]"
14181,820.2754447372866,338298.00179086404,"[0.3333333333333333, 0.3333333333333333, 0.3333333333333333]"
14182,98.75927236964955,203969.96588657348,"[0.3333333333333333, 0.3333333333333333, 0.3333333333333333]"
14183,922.2531911937874,338491.799485482,"[0.3333333333333333, 0.3333333333333333, 0.3333333333333333]"
14184,270.2310780893958,133769.7539472705,"[0.3333333333333333, 0.3333333333333333, 0.3333333333333333]"
14185,753.9107662631408,812182.240938553,"[0.3333333333333333, 0.3333333333333333, 0.3333333333333333]"
14186,269.70177195358684,851633.4591873025,"[0.3333333333333333, 0.3333333333333333, 0.3333333333333333]"
14187,12.921726387508325,879079.1348839144,"[0.3333333333333333, 0.3333333333333333, 0.3333333333333333]"
14188,425.6306908777934,931295.3401334119,"[0.3333333333333333, 0.3333333333333333, 0.3333333333333333]"
14189,870.8326479675334,243928.44716411168,"[0.3333333333333333, 0.3333333333333333, 0.3333333333333333]"
14190,709.2960192221709,381484.927193732,"[0.3333333333333333, 0.3333333333333333, 0.3333333333333333]"
14191,882.566705796876,694543.6879802353,"[0.3333333333333333, 0.3333333333333333, 0.3333333333333333]"
14192,990.2562018518029,675165.2932409544,"[0.3333333333333333, 0.3333333333333333, 0.3333333333333333]"
14193,806.6384385699135,965954.492011285,"[0.3333333333333333, 0.3333333333333333, 0.3333333333333333]"
14194,141.76862034927396,602631.1499510459,"[0.3333333333333333, 0.3333333333333333, 0.3333333333333333]"
14195,352.8139713173813,387247.4848472405,"[0.3333333333333333, 0.3333333333333333, 0.3333333333333333]"
14196,277.3703085101557,287576.6047480221,"[0.3333333333333333, 0.3333333333333333, 0.3333333333333333]"
14197,683.8760662118835,631995.557489266,"[0.3333333333333333, 0.3333333333333333, 0.3333333333333333]"
14198,822.6512984249367,913688.1163050821,"[0.3333333333333333, 0.3333333333333333, 0.3333333333333333]"
14199,483.948305762087,721671.5854708977,"[0.3333333333333333, 0.3333333333333333, 0.3333333333333333]"
14200,283.0848543487971,710613.3288337656,"[0.3333333333333333, 0.3333333333333333, 0.3333333333333333]"
14201,248.9527650943027,103312.04972571206,"[0.3333333333333333, 0.3333333333333333, 0.3333333333333333]"
14202,895.4379785268378,489424.0430293172,"[0.3333333333333333, 0.3333333333333333, 0.3333333333333333]"
14203,522.3700760808847,229398.79021807818,"[0.3333333333333333, 0.3333333333333333, 0.3333333333333333]"
14204,122.05585545214674,473109.31957296986,"[0.3333333333333333, 0.3333333333333333, 0.3333333333333333]"
14205,967.8718482847623,352510.5092265088,"[0.3333333333333333, 0.3333333333333333, 0.3333333333333333]"
14206,860.4845384703261,415234.10297327733,"[0.3333333333333333, 0.3333333333333333, 0.3333333333333333]"
14207,134.0289961786423,368557.5408324482,"[0.3333333333333333, 0.3333333333333333, 0.3333333333333333]"
14208,986.4556025476444,334935.43133020226,"[0.3333333333333333, 0.3333333333333333, 0.3333333333333333]"
14209,205.5578176647678,657236.7150425815,"[0.3333333333333333, 0.3333333333333333, 0.3333333333333333]"
14210,14.242491345913379,860104.3564036945,"[0.3333333333333333, 0.3333333333333333, 0.3333333333333333]"
14211,420.9530037655609,259972.11398563697,"[0.3333333333333333, 0.3333333333333333, 0.3333333333333333]"
14212,332.73086907923187,749665.8713251152,"[0.3333333333333333, 0.3333333333333333, 0.3333333333333333]"
14213,429.21321103113956,391301.0062496845,"[0.3333333333333333, 0.3333333333333333, 0.3333333333333333]"
14214,919.7463313788678,267257.12653755245,"[0.3333333333333333, 0.3333333333333333, 0.3333333333333333]"
14215,828.9343606351581,840138.9582306856,"[0.3333333333333333, 0.3333333333333333, 0.3333333333333333]"
14216,84.53788962520025,319172.1463590753,"[0.3333333333333333, 0.3333333333333333, 0.3333333333333333]"
14217,795.058591091379,460135.6481888308,"[0.3333333333333333, 0.3333333333333333, 0.3333333333333333]"
14218,58.77954784445774,840602.5605403365,"[0.3333333333333333, 0.3333333333333333, 0.3333333333333333]"
14219,948.2802589081435,328924.38810091704,"[0.3333333333333333, 0.3333333333333333, 0.3333333333333333]"
14220,760.0112867355921,235121.55343321725,"[0.3333333333333333, 0.3333333333333333, 0.3333333333333333]"
14221,106.93605251422824,563694.0102960307,"[0.3333333333333333, 0.3333333333333333, 0.3333333333333333]"
14222,527.5905608890424,249090.42991209863,"[0.3333333333333333, 0.3333333333333333, 0.3333333333333333]"
14223,247.7881842098229,616107.7275140625,"[0.3333333333333333, 0.3333333333333333, 0.3333333333333333]"
14224,703.1521173718428,383355.4219963429,"[0.3333333333333333, 0.3333333333333333, 0.3333333333333333]"
14225,647.1230672759532,338240.6488110494,"[0.3333333333333333, 0.3333333333333333, 0.3333333333333333]"
14226,859.0874907464814,545103.3977543649,"[0.3333333333333333, 0.3333333333333333, 0.3333333333333333]"
14227,613.9530575227067,484475.49598985736,"[0.3333333333333333, 0.3333333333333333, 0.3333333333333333]"
14228,222.9309600646245,719809.9519277142,"[0.3333333333333333, 0.3333333333333333, 0.3333333333333333]"
14229,987.7887467085025,499621.34366996476,"[0.3333333333333333, 0.3333333333333333, 0.3333333333333333]"
14230,845.5457132761957,194640.6626606044,"[0.3333333333333333, 0.3333333333333333, 0.3333333333333333]"
14231,941.7134138265154,883354.9379890239,"[0.3333333333333333, 0.3333333333333333, 0.3333333333333333]"
14232,867.6935307808044,876048.3757336959,"[0.3333333333333333, 0.3333333333333333, 0.3333333333333333]"
14233,635.5532969192607,253170.90497162778,"[0.3333333333333333, 0.3333333333333333, 0.3333333333333333]"
14234,288.9452557588559,914840.167262986,"[0.3333333333333333, 0.3333333333333333, 0.3333333333333333]"
14235,527.5948249172282,813662.1097333112,"[0.3333333333333333, 0.3333333333333333, 0.3333333333333333]"
14236,381.4563817303233,841792.9794152869,"[0.3333333333333333, 0.3333333333333333, 0.3333333333333333]"
14237,422.9888459064396,269774.60411911015,"[0.3333333333333333, 0.3333333333333333, 0.3333333333333333]"
14238,807.1771045189322,342469.9429683769,"[0.3333333333333333, 0.3333333333333333, 0.3333333333333333]"
14239,511.1696274224614,617144.2492310425,"[0.3333333333333333, 0.3333333333333333, 0.3333333333333333]"
14240,929.4836432083121,797167.859697285,"[0.3333333333333333, 0.3333333333333333, 0.3333333333333333]"
14241,987.4545680104317,521215.17734710965,"[0.3333333333333333, 0.3333333333333333, 0.3333333333333333]"
14242,255.8252901970542,546951.9874059518,"[0.3333333333333333, 0.3333333333333333, 0.3333333333333333]"
14243,818.1676466897665,898908.5626627353,"[0.3333333333333333, 0.3333333333333333, 0.3333333333333333]"
14244,786.7103923713217,343350.36093451397,"[0.3333333333333333, 0.3333333333333333, 0.3333333333333333]"
14245,679.3515885190689,985328.8465125863,"[0.3333333333333333, 0.3333333333333333, 0.3333333333333333]"
14246,245.4300454668497,704342.8281265483,"[0.3333333333333333, 0.3333333333333333, 0.3333333333333333]"
14247,204.80091326646146,497601.1289715412,"[0.3333333333333333, 0.3333333333333333, 0.3333333333333333]"
14248,105.68260560733697,781985.1459441826,"[0.3333333333333333, 0.3333333333333333, 0.3333333333333333]"
14249,519.1823332956893,742871.2217734557,"[0.3333333333333333, 0.3333333333333333, 0.3333333333333333]"
14250,86.99438314932708,139468.20881223248,"[0.3333333333333333, 0.3333333333333333, 0.3333333333333333]"
14251,58.58549654741737,577334.4016184148,"[0.3333333333333333, 0.3333333333333333, 0.3333333333333333]"
14252,674.4760691011637,104289.571118515,"[0.3333333333333333, 0.3333333333333333, 0.3333333333333333]"
14253,965.3823275783402,428476.79332735995,"[0.3333333333333333, 0.3333333333333333, 0.3333333333333333]"
14254,894.4897847868878,239100.38942313573,"[0.3333333333333333, 0.3333333333333333, 0.3333333333333333]"
14255,548.0224825219677,628015.5340507707,"[0.3333333333333333, 0.3333333333333333, 0.3333333333333333]"
14256,421.1677589701843,528641.8579253859,"[0.3333333333333333, 0.3333333333333333, 0.3333333333333333]"
14257,862.2643581720123,690716.1744971691,"[0.3333333333333333, 0.3333333333333333, 0.3333333333333333]"
14258,180.20070300527095,755688.654547734,"[0.3333333333333333, 0.3333333333333333, 0.3333333333333333]"
14259,59.02463932161732,606268.1187322895,"[0.3333333333333333, 0.3333333333333333, 0.3333333333333333]"
14260,438.97276490520153,500230.76072925545,"[0.3333333333333333, 0.3333333333333333, 0.3333333333333333]"
14261,119.81495182660167,382309.5243958265,"[0.3333333333333333, 0.3333333333333333, 0.3333333333333333]"
14262,189.3528577350307,333183.87402446,"[0.3333333333333333, 0.3333333333333333, 0.3333333333333333]"
14263,364.446665405026,609524.6279095187,"[0.3333333333333333, 0.3333333333333333, 0.3333333333333333]"
14264,343.0839879859896,503302.94932999054,"[0.3333333333333333, 0.3333333333333333, 0.3333333333333333]"
14265,375.924957478111,126320.28757051926,"[0.3333333333333333, 0.3333333333333333, 0.3333333333333333]"
14266,579.0632107844401,947202.9488368534,"[0.3333333333333333, 0.3333333333333333, 0.3333333333333333]"
14267,955.5775096263037,548744.9691531147,"[0.3333333333333333, 0.3333333333333333, 0.3333333333333333]"
14268,303.7600328963119,978566.5675727167,"[0.3333333333333333, 0.3333333333333333, 0.3333333333333333]"
14269,623.890168748861,515404.5092233136,"[0.3333333333333333, 0.3333333333333333, 0.3333333333333333]"
14270,103.03806852676354,539514.8360435779,"[0.3333333333333333, 0.3333333333333333, 0.3333333333333333]"
14271,864.3943288341036,929883.4648046158,"[0.3333333333333333, 0.3333333333333333, 0.3333333333333333]"
14272,568.1149888030403,376806.9503505678,"[0.3333333333333333, 0.3333333333333333, 0.3333333333333333]"
14273,688.5220419892836,248915.72848593452,"[0.3333333333333333, 0.3333333333333333, 0.3333333333333333]"
14274,683.7550081866501,434529.6549627836,"[0.3333333333333333, 0.3333333333333333, 0.3333333333333333]"
14275,703.4612541245879,955115.0021179963,"[0.3333333333333333, 0.3333333333333333, 0.3333333333333333]"
14276,219.63051708040462,643266.933350403,"[0.3333333333333333, 0.3333333333333333, 0.3333333333333333]"
14277,108.294914762559,814676.9525955297,"[0.3333333333333333, 0.3333333333333333, 0.3333333333333333]"
14278,382.3709639395153,999518.9391771144,"[0.3333333333333333, 0.3333333333333333, 0.3333333333333333]"
14279,278.55124934709465,669833.7496240535,"[0.3333333333333333, 0.3333333333333333, 0.3333333333333333]"
14280,613.9300839064915,919948.6026011782,"[0.3333333333333333, 0.3333333333333333, 0.3333333333333333]"
14281,893.2356574141886,177227.40598522467,"[0.3333333333333333, 0.3333333333333333, 0.3333333333333333]"
14282,224.7754587617553,250916.79797915713,"[0.3333333333333333, 0.3333333333333333, 0.3333333333333333]"
14283,505.3510278657075,646875.0757215988,"[0.3333333333333333, 0.3333333333333333, 0.3333333333333333]"
14284,32.456575765640466,620268.2782503695,"[0.3333333333333333, 0.3333333333333333, 0.3333333333333333]"
14285,478.34917182229464,183891.84697376215,"[0.3333333333333333, 0.3333333333333333, 0.3333333333333333]"
14286,77.02704884960049,350205.378168981,"[0.3333333333333333, 0.3333333333333333, 0.3333333333333333]"
14287,975.7555872203753,506538.16171099205,"[0.3333333333333333, 0.3333333333333333, 0.3333333333333333]"
14288,622.0358669304171,172494.18859595654,"[0.3333333333333333, 0.3333333333333333, 0.3333333333333333]"
14289,315.4849033420138,296289.75097008224,"[0.3333333333333333, 0.3333333333333333, 0.3333333333333333]"
14290,37.799435759248084,501318.460674668,"[0.3333333333333333, 0.3333333333333333, 0.3333333333333333]"
14291,762.067101987871,747015.6152042862,"[0.3333333333333333, 0.3333333333333333, 0.3333333333333333]"
14292,16.91126201725954,305689.1514243848,"[0.3333333333333333, 0.3333333333333333, 0.3333333333333333]"
14293,266.0665633413799,101847.9230048027,"[0.3333333333333333, 0.3333333333333333, 0.3333333333333333]"
14294,894.6640336353992,549253.8546452301,"[0.3333333333333333, 0.3333333333333333, 0.3333333333333333]"
14295,303.94457006546946,555450.730517295,"[0.3333333333333333, 0.3333333333333333, 0.3333333333333333]"
14296,643.1203318851727,582635.395940423,"[0.3333333333333333, 0.3333333333333333, 0.3333333333333333]"
14297,157.5214094949219,166854.23903022704,"[0.3333333333333333, 0.3333333333333333, 0.3333333333333333]"
14298,395.1957716228623,672279.8893337107,"[0.3333333333333333, 0.3333333333333333, 0.3333333333333333]"
14299,361.81827963735765,810144.9657011536,"[0.3333333333333333, 0.3333333333333333, 0.3333333333333333]"
14300,607.5739222711167,727928.2676229039,"[0.3333333333333333, 0.3333333333333333, 0.3333333333333333]"
14301,842.2514246355457,767046.7387495858,"[0.3333333333333333, 0.3333333333333333, 0.3333333333333333]"
14302,661.3788188501733,962718.7151008834,"[0.3333333333333333, 0.3333333333333333, 0.3333333333333333]"
14303,456.2485941369173,634118.2559010916,"[0.3333333333333333, 0.3333333333333333, 0.3333333333333333]"
14304,439.3744833105414,538884.9085649059,"[0.3333333333333333, 0.3333333333333333, 0.3333333333333333]"
14305,71.82245149814094,878270.254342781,"[0.3333333333333333, 0.3333333333333333, 0.3333333333333333]"
14306,547.006372925348,934409.8764378028,"[0.3333333333333333, 0.3333333333333333, 0.3333333333333333]"
14307,854.9177421363534,446743.0352891201,"[0.3333333333333333, 0.3333333333333333, 0.3333333333333333]"
14308,117.41964425093968,705522.9983119734,"[0.3333333333333333, 0.3333333333333333, 0.3333333333333333]"
14309,53.39091382069435,941038.2586156591,"[0.3333333333333333, 0.3333333333333333, 0.3333333333333333]"
14310,727.9396594475553,991454.6898601267,"[0.3333333333333333, 0.3333333333333333, 0.3333333333333333]"
14311,746.4886604623277,735252.7386845073,"[0.3333333333333333, 0.3333333333333333, 0.3333333333333333]"
14312,640.4529777096961,599782.346163262,"[0.3333333333333333, 0.3333333333333333, 0.3333333333333333]"
14313,935.0080816421196,257278.0311301101,"[0.3333333333333333, 0.3333333333333333, 0.3333333333333333]"
14314,119.95499188662237,704865.0626543326,"[0.3333333333333333, 0.3333333333333333, 0.3333333333333333]"
14315,651.5969976588723,976414.0178365195,"[0.3333333333333333, 0.3333333333333333, 0.3333333333333333]"
14316,142.54749261763746,141081.15856718022,"[0.3333333333333333, 0.3333333333333333, 0.3333333333333333]"
14317,256.50169733237755,512513.53161709354,"[0.3333333333333333, 0.3333333333333333, 0.3333333333333333]"
14318,101.51235025997035,872509.73525668,"[0.3333333333333333, 0.3333333333333333, 0.3333333333333333]"
14319,615.7929825067627,276387.8812584165,"[0.3333333333333333, 0.3333333333333333, 0.3333333333333333]"
14320,798.3206290728731,905404.6322526557,"[0.3333333333333333, 0.3333333333333333, 0.3333333333333333]"
14321,708.583298773625,635876.4443217417,"[0.3333333333333333, 0.3333333333333333, 0.3333333333333333]"
14322,196.60720756732644,354278.1790782884,"[0.3333333333333333, 0.3333333333333333, 0.3333333333333333]"
14323,251.45500617386926,826754.6242948102,"[0.3333333333333333, 0.3333333333333333, 0.3333333333333333]"
14324,905.7643342550635,383573.9465262434,"[0.3333333333333333, 0.3333333333333333, 0.3333333333333333]"
14325,242.99921428194483,487235.93773437024,"[0.3333333333333333, 0.3333333333333333, 0.3333333333333333]"
14326,404.01949909142485,112281.43743085716,"[0.3333333333333333, 0.3333333333333333, 0.3333333333333333]"
14327,601.077098439283,917418.527586001,"[0.3333333333333333, 0.3333333333333333, 0.3333333333333333]"
14328,878.5126284886042,548723.7602858741,"[0.3333333333333333, 0.3333333333333333, 0.3333333333333333]"
14329,330.7218478605692,201658.4855490125,"[0.3333333333333333, 0.3333333333333333, 0.3333333333333333]"
14330,723.7953020216642,871634.2268637903,"[0.3333333333333333, 0.3333333333333333, 0.3333333333333333]"
14331,268.39100111817635,512921.22823354066,"[0.3333333333333333, 0.3333333333333333, 0.3333333333333333]"
14332,50.27770656827708,140144.03025097924,"[0.3333333333333333, 0.3333333333333333, 0.3333333333333333]"
14333,538.9936213090385,832059.922591587,"[0.3333333333333333, 0.3333333333333333, 0.3333333333333333]"
14334,614.0394704327813,934158.2007784266,"[0.3333333333333333, 0.3333333333333333, 0.3333333333333333]"
14335,148.05766099283102,116447.5544075535,"[0.3333333333333333, 0.3333333333333333, 0.3333333333333333]"
14336,692.6372809452229,150131.4201176088,"[0.3333333333333333, 0.3333333333333333, 0.3333333333333333]"
14337,675.4367267966945,792479.3491827704,"[0.3333333333333333, 0.3333333333333333, 0.3333333333333333]"
14338,284.5318265479456,734766.5925736377,"[0.3333333333333333, 0.3333333333333333, 0.3333333333333333]"
14339,672.9977313697601,985144.4951172478,"[0.3333333333333333, 0.3333333333333333, 0.3333333333333333]"
14340,701.3059409066208,887720.978018574,"[0.3333333333333333, 0.3333333333333333, 0.3333333333333333]"
14341,24.466849334449407,405161.4076060446,"[0.3333333333333333, 0.3333333333333333, 0.3333333333333333]"
14342,702.996529441045,494659.5947888895,"[0.3333333333333333, 0.3333333333333333, 0.3333333333333333]"
14343,706.5078107489835,266535.4022160574,"[0.3333333333333333, 0.3333333333333333, 0.3333333333333333]"
14344,901.1597835850492,328628.9173892901,"[0.3333333333333333, 0.3333333333333333, 0.3333333333333333]"
14345,759.4384569983633,780458.8696552588,"[0.3333333333333333, 0.3333333333333333, 0.3333333333333333]"
14346,124.03792788833266,846812.6928348674,"[0.3333333333333333, 0.3333333333333333, 0.3333333333333333]"
14347,185.4857698186971,869264.3563605838,"[0.3333333333333333, 0.3333333333333333, 0.3333333333333333]"
14348,226.93440792674372,681052.8892179353,"[0.3333333333333333, 0.3333333333333333, 0.3333333333333333]"
14349,916.7088503558459,225041.77148567647,"[0.3333333333333333, 0.3333333333333333, 0.3333333333333333]"
14350,969.6597148209843,598879.6535165125,"[0.3333333333333333, 0.3333333333333333, 0.3333333333333333]"
14351,817.2292631191724,238712.60463739492,"[0.3333333333333333, 0.3333333333333333, 0.3333333333333333]"
14352,550.0969935506438,926505.3994793367,"[0.3333333333333333, 0.3333333333333333, 0.3333333333333333]"
14353,675.600971827136,452608.05324376293,"[0.3333333333333333, 0.3333333333333333, 0.3333333333333333]"
14354,225.1358326411366,137427.42312185615,"[0.3333333333333333, 0.3333333333333333, 0.3333333333333333]"
14355,298.91594046198355,945178.307190432,"[0.3333333333333333, 0.3333333333333333, 0.3333333333333333]"
14356,21.962720124907015,238398.42973197412,"[0.3333333333333333, 0.3333333333333333, 0.3333333333333333]"
14357,641.9603411726761,942958.0543689551,"[0.3333333333333333, 0.3333333333333333, 0.3333333333333333]"
14358,325.14349466939575,155475.15457595646,"[0.3333333333333333, 0.3333333333333333, 0.3333333333333333]"
14359,389.8843140746186,213330.58521921962,"[0.3333333333333333, 0.3333333333333333, 0.3333333333333333]"
14360,270.92722779392057,891962.8958133929,"[0.3333333333333333, 0.3333333333333333, 0.3333333333333333]"
14361,125.42925149652791,598775.300313534,"[0.3333333333333333, 0.3333333333333333, 0.3333333333333333]"
14362,966.3908010604405,825726.9016023703,"[0.3333333333333333, 0.3333333333333333, 0.3333333333333333]"
14363,865.2548544470926,841405.4743258319,"[0.3333333333333333, 0.3333333333333333, 0.3333333333333333]"
14364,233.30719782756333,868764.0977538847,"[0.3333333333333333, 0.3333333333333333, 0.3333333333333333]"
14365,27.792391425896298,928825.9005688993,"[0.3333333333333333, 0.3333333333333333, 0.3333333333333333]"
14366,883.6451601762615,620305.4308824083,"[0.3333333333333333, 0.3333333333333333, 0.3333333333333333]"
14367,380.176953578625,980948.6902621941,"[0.3333333333333333, 0.3333333333333333, 0.3333333333333333]"
14368,713.0447933266672,550443.8029827155,"[0.3333333333333333, 0.3333333333333333, 0.3333333333333333]"
14369,228.61117466848242,866224.7583667185,"[0.3333333333333333, 0.3333333333333333, 0.3333333333333333]"
14370,728.7883390239831,103913.57259847119,"[0.3333333333333333, 0.3333333333333333, 0.3333333333333333]"
14371,956.2010376949594,817720.2852528377,"[0.3333333333333333, 0.3333333333333333, 0.3333333333333333]"
14372,333.27508071887115,769924.5510296737,"[0.3333333333333333, 0.3333333333333333, 0.3333333333333333]"
14373,436.2988562020658,301806.1854768767,"[0.3333333333333333, 0.3333333333333333, 0.3333333333333333]"
14374,667.3018767226142,527444.3055425363,"[0.3333333333333333, 0.3333333333333333, 0.3333333333333333]"
14375,308.4423864759607,489254.7027284735,"[0.3333333333333333, 0.3333333333333333, 0.3333333333333333]"
14376,258.35784657829254,893524.3105984147,"[0.3333333333333333, 0.3333333333333333, 0.3333333333333333]"
14377,316.78215674509835,594746.924521653,"[0.3333333333333333, 0.3333333333333333, 0.3333333333333333]"
14378,869.0756585330597,304504.7178140633,"[0.3333333333333333, 0.3333333333333333, 0.3333333333333333]"
14379,404.43879012514043,913804.0369557092,"[0.3333333333333333, 0.3333333333333333, 0.3333333333333333]"
14380,647.7658075791898,871735.34586356,"[0.3333333333333333, 0.3333333333333333, 0.3333333333333333]"
14381,852.339436657138,374066.6551854695,"[0.3333333333333333, 0.3333333333333333, 0.3333333333333333]"
14382,324.5322918735583,234284.193184054,"[0.3333333333333333, 0.3333333333333333, 0.3333333333333333]"
14383,629.5969003734743,179808.71284292714,"[0.3333333333333333, 0.3333333333333333, 0.3333333333333333]"
14384,838.3012783923339,471333.04292826494,"[0.3333333333333333, 0.3333333333333333, 0.3333333333333333]"
14385,651.6669032023699,686120.7187947562,"[0.3333333333333333, 0.3333333333333333, 0.3333333333333333]"
14386,91.88527294835829,244355.0927971899,"[0.3333333333333333, 0.3333333333333333, 0.3333333333333333]"
14387,332.4754456867953,406729.9398218631,"[0.3333333333333333, 0.3333333333333333, 0.3333333333333333]"
14388,947.622584432893,489736.3847810453,"[0.3333333333333333, 0.3333333333333333, 0.3333333333333333]"
14389,394.44333496767655,452967.2408082577,"[0.3333333333333333, 0.3333333333333333, 0.3333333333333333]"
14390,139.9085677074858,141374.63342908616,"[0.3333333333333333, 0.3333333333333333, 0.3333333333333333]"
14391,666.2286316745347,662611.2124366247,"[0.3333333333333333, 0.3333333333333333, 0.3333333333333333]"
14392,79.9109376757649,865633.4008881627,"[0.3333333333333333, 0.3333333333333333, 0.3333333333333333]"
14393,390.03354246409606,711353.6395957596,"[0.3333333333333333, 0.3333333333333333, 0.3333333333333333]"
14394,765.1059168057361,294277.96264050016,"[0.3333333333333333, 0.3333333333333333, 0.3333333333333333]"
14395,437.3885254129692,430392.97857683717,"[0.3333333333333333, 0.3333333333333333, 0.3333333333333333]"
14396,607.848626543487,742669.3472180667,"[0.3333333333333333, 0.3333333333333333, 0.3333333333333333]"
14397,266.2273554742201,708363.9501705447,"[0.3333333333333333, 0.3333333333333333, 0.3333333333333333]"
14398,435.5225289071816,601290.7405761352,"[0.3333333333333333, 0.3333333333333333, 0.3333333333333333]"
14399,719.5439992059155,618662.4815876414,"[0.3333333333333333, 0.3333333333333333, 0.3333333333333333]"
14400,650.3271092982899,697165.4893658175,"[0.3333333333333333, 0.3333333333333333, 0.3333333333333333]"
14401,656.0895483705792,119208.7101670527,"[0.3333333333333333, 0.3333333333333333, 0.3333333333333333]"
14402,696.150835423002,361033.49889507086,"[0.3333333333333333, 0.3333333333333333, 0.3333333333333333]"
14403,967.4671412831299,378520.99385824363,"[0.3333333333333333, 0.3333333333333333, 0.3333333333333333]"
14404,789.0875167476459,998479.3754143302,"[0.3333333333333333, 0.3333333333333333, 0.3333333333333333]"
14405,780.3508300098738,188477.61601534783,"[0.3333333333333333, 0.3333333333333333, 0.3333333333333333]"
14406,237.45047402602472,939526.449086982,"[0.3333333333333333, 0.3333333333333333, 0.3333333333333333]"
14407,163.28391427498315,370787.5750344946,"[0.3333333333333333, 0.3333333333333333, 0.3333333333333333]"
14408,240.89255771244314,120432.15137540427,"[0.3333333333333333, 0.3333333333333333, 0.3333333333333333]"
14409,258.75070774253743,171572.53137620428,"[0.3333333333333333, 0.3333333333333333, 0.3333333333333333]"
14410,26.423902583485297,816503.8196741602,"[0.3333333333333333, 0.3333333333333333, 0.3333333333333333]"
14411,90.59717838974969,184374.91320558003,"[0.3333333333333333, 0.3333333333333333, 0.3333333333333333]"
14412,769.0465615160107,252927.6518435185,"[0.3333333333333333, 0.3333333333333333, 0.3333333333333333]"
14413,379.917334021386,964208.4102181211,"[0.3333333333333333, 0.3333333333333333, 0.3333333333333333]"
14414,687.2413219994615,559387.2051411353,"[0.3333333333333333, 0.3333333333333333, 0.3333333333333333]"
14415,212.07460078028953,523824.8118876631,"[0.3333333333333333, 0.3333333333333333, 0.3333333333333333]"
14416,481.169316244763,910705.5202114229,"[0.3333333333333333, 0.3333333333333333, 0.3333333333333333]"
14417,249.64167058404698,615011.5669893066,"[0.3333333333333333, 0.3333333333333333, 0.3333333333333333]"
14418,517.6538963815084,224451.56290699187,"[0.3333333333333333, 0.3333333333333333, 0.3333333333333333]"
14419,213.990078967099,265605.08741437935,"[0.3333333333333333, 0.3333333333333333, 0.3333333333333333]"
14420,607.620582016415,357687.38270144054,"[0.3333333333333333, 0.3333333333333333, 0.3333333333333333]"
14421,661.9087104704003,494448.3244176729,"[0.3333333333333333, 0.3333333333333333, 0.3333333333333333]"
14422,835.7078646795403,643791.7644939625,"[0.3333333333333333, 0.3333333333333333, 0.3333333333333333]"
14423,928.3781452224073,878074.7811490401,"[0.3333333333333333, 0.3333333333333333, 0.3333333333333333]"
14424,558.8382661897903,297266.98825879104,"[0.3333333333333333, 0.3333333333333333, 0.3333333333333333]"
14425,766.1610755389206,814320.6529643718,"[0.3333333333333333, 0.3333333333333333, 0.3333333333333333]"
14426,265.9063849690101,934885.1281337253,"[0.3333333333333333, 0.3333333333333333, 0.3333333333333333]"
14427,961.3047644477633,479771.2409339999,"[0.3333333333333333, 0.3333333333333333, 0.3333333333333333]"
14428,407.21565868261297,714324.5838404432,"[0.3333333333333333, 0.3333333333333333, 0.3333333333333333]"
14429,376.4698076271487,718682.2176777896,"[0.3333333333333333, 0.3333333333333333, 0.3333333333333333]"
14430,935.814630405742,226264.20923639755,"[0.3333333333333333, 0.3333333333333333, 0.3333333333333333]"
14431,921.3325839715487,409443.1440575883,"[0.3333333333333333, 0.3333333333333333, 0.3333333333333333]"
14432,944.1766297519043,535047.5053242515,"[0.3333333333333333, 0.3333333333333333, 0.3333333333333333]"
14433,627.5432301508822,181778.24833614903,"[0.3333333333333333, 0.3333333333333333, 0.3333333333333333]"
14434,179.01773170826854,429624.47952552687,"[0.3333333333333333, 0.3333333333333333, 0.3333333333333333]"
14435,344.6241806340778,275517.42105634225,"[0.3333333333333333, 0.3333333333333333, 0.3333333333333333]"
14436,843.2677514242539,470683.42156826775,"[0.3333333333333333, 0.3333333333333333, 0.3333333333333333]"
14437,655.12823287364,991201.0258834993,"[0.3333333333333333, 0.3333333333333333, 0.3333333333333333]"
14438,108.0135474988088,353268.76557472185,"[0.3333333333333333, 0.3333333333333333, 0.3333333333333333]"
14439,370.1470755858272,332191.1723568799,"[0.3333333333333333, 0.3333333333333333, 0.3333333333333333]"
14440,37.79042670442088,598998.4778488639,"[0.3333333333333333, 0.3333333333333333, 0.3333333333333333]"
14441,232.41099024795608,805398.4113001246,"[0.3333333333333333, 0.3333333333333333, 0.3333333333333333]"
14442,308.65910925851796,633812.8025918447,"[0.3333333333333333, 0.3333333333333333, 0.3333333333333333]"
14443,297.3982912638504,527830.062732721,"[0.3333333333333333, 0.3333333333333333, 0.3333333333333333]"
14444,48.95643373084634,437664.4421932466,"[0.3333333333333333, 0.3333333333333333, 0.3333333333333333]"
14445,918.2151942634142,747162.7418753875,"[0.3333333333333333, 0.3333333333333333, 0.3333333333333333]"
14446,437.5424379090667,129768.8135079055,"[0.3333333333333333, 0.3333333333333333, 0.3333333333333333]"
14447,512.4836576603279,393695.0771592288,"[0.3333333333333333, 0.3333333333333333, 0.3333333333333333]"
14448,723.7195397866768,195847.63198491873,"[0.3333333333333333, 0.3333333333333333, 0.3333333333333333]"
14449,174.3071357228073,283769.2425311796,"[0.3333333333333333, 0.3333333333333333, 0.3333333333333333]"
14450,172.20400137275286,819268.780619231,"[0.3333333333333333, 0.3333333333333333, 0.3333333333333333]"
14451,568.6695607320261,975299.4588694135,"[0.3333333333333333, 0.3333333333333333, 0.3333333333333333]"
14452,252.62256287443674,668609.7469319468,"[0.3333333333333333, 0.3333333333333333, 0.3333333333333333]"
14453,344.4839755929738,603847.2162319086,"[0.3333333333333333, 0.3333333333333333, 0.3333333333333333]"
14454,359.978839385952,539303.8028283167,"[0.3333333333333333, 0.3333333333333333, 0.3333333333333333]"
14455,416.4377771978075,966510.4527763663,"[0.3333333333333333, 0.3333333333333333, 0.3333333333333333]"
14456,805.1446276135891,530936.7884451642,"[0.3333333333333333, 0.3333333333333333, 0.3333333333333333]"
14457,593.280686829699,567948.4751048475,"[0.3333333333333333, 0.3333333333333333, 0.3333333333333333]"
14458,931.233513304896,213350.86353314566,"[0.3333333333333333, 0.3333333333333333, 0.3333333333333333]"
14459,181.30373964193194,580293.6743170392,"[0.3333333333333333, 0.3333333333333333, 0.3333333333333333]"
14460,649.7921961743267,462002.26354369964,"[0.3333333333333333, 0.3333333333333333, 0.3333333333333333]"
14461,82.27186287606047,129747.02573999886,"[0.3333333333333333, 0.3333333333333333, 0.3333333333333333]"
14462,827.1575378952795,519425.69305013324,"[0.3333333333333333, 0.3333333333333333, 0.3333333333333333]"
14463,338.35602847149204,580607.2858375009,"[0.3333333333333333, 0.3333333333333333, 0.3333333333333333]"
14464,427.31291534604986,469102.0476245662,"[0.3333333333333333, 0.3333333333333333, 0.3333333333333333]"
14465,984.294571271084,295010.90043708007,"[0.3333333333333333, 0.3333333333333333, 0.3333333333333333]"
14466,451.1316850285131,555694.9103485758,"[0.3333333333333333, 0.3333333333333333, 0.3333333333333333]"
14467,939.5649887244598,731976.5717170761,"[0.3333333333333333, 0.3333333333333333, 0.3333333333333333]"
14468,260.6292733374976,756963.609459495,"[0.3333333333333333, 0.3333333333333333, 0.3333333333333333]"
14469,189.48524109660912,892210.0555290891,"[0.3333333333333333, 0.3333333333333333, 0.3333333333333333]"
14470,366.39354044995844,271203.93462390197,"[0.3333333333333333, 0.3333333333333333, 0.3333333333333333]"
14471,76.11633287200631,636888.1384568383,"[0.3333333333333333, 0.3333333333333333, 0.3333333333333333]"
14472,900.6001783170676,339210.1802063788,"[0.3333333333333333, 0.3333333333333333, 0.3333333333333333]"
14473,96.48634322723538,543130.1643741403,"[0.3333333333333333, 0.3333333333333333, 0.3333333333333333]"
14474,448.93545180750436,509131.8569030422,"[0.3333333333333333, 0.3333333333333333, 0.3333333333333333]"
14475,463.48756573430745,114505.85466866793,"[0.3333333333333333, 0.3333333333333333, 0.3333333333333333]"
14476,140.01101442218848,531196.9604861469,"[0.3333333333333333, 0.3333333333333333, 0.3333333333333333]"
14477,872.9472358849752,720332.152050755,"[0.3333333333333333, 0.3333333333333333, 0.3333333333333333]"
14478,408.34606453952944,773853.8778676772,"[0.3333333333333333, 0.3333333333333333, 0.3333333333333333]"
14479,483.74669734816854,886269.5032703127,"[0.3333333333333333, 0.3333333333333333, 0.3333333333333333]"
14480,57.46592917408373,322856.01650180307,"[0.3333333333333333, 0.3333333333333333, 0.3333333333333333]"
14481,823.4765755285622,886723.6194939585,"[0.3333333333333333, 0.3333333333333333, 0.3333333333333333]"
14482,118.07252314452512,231939.68390392984,"[0.3333333333333333, 0.3333333333333333, 0.3333333333333333]"
14483,134.05387007637705,801289.9471134697,"[0.3333333333333333, 0.3333333333333333, 0.3333333333333333]"
14484,634.218909718514,471115.1050069538,"[0.3333333333333333, 0.3333333333333333, 0.3333333333333333]"
14485,776.4587543512174,675618.1029579432,"[0.3333333333333333, 0.3333333333333333, 0.3333333333333333]"
14486,599.8761327803629,110437.96445830064,"[0.3333333333333333, 0.3333333333333333, 0.3333333333333333]"
14487,912.5654145071921,326191.7906413665,"[0.3333333333333333, 0.3333333333333333, 0.3333333333333333]"
14488,899.8200740102262,140530.82829424963,"[0.3333333333333333, 0.3333333333333333, 0.3333333333333333]"
14489,882.4562469239694,818756.55784404,"[0.3333333333333333, 0.3333333333333333, 0.3333333333333333]"
14490,786.9728867061762,168531.07839191018,"[0.3333333333333333, 0.3333333333333333, 0.3333333333333333]"
14491,749.9128849249942,949379.1210609229,"[0.3333333333333333, 0.3333333333333333, 0.3333333333333333]"
14492,208.16727584918925,837506.38155187,"[0.3333333333333333, 0.3333333333333333, 0.3333333333333333]"
14493,98.22558763124924,358418.2322154183,"[0.3333333333333333, 0.3333333333333333, 0.3333333333333333]"
14494,434.6474572413539,821716.7080786584,"[0.3333333333333333, 0.3333333333333333, 0.3333333333333333]"
14495,446.7818145545795,616917.2799297995,"[0.3333333333333333, 0.3333333333333333, 0.3333333333333333]"
14496,384.4891544533751,553725.9427343421,"[0.3333333333333333, 0.3333333333333333, 0.3333333333333333]"
14497,730.8484971186506,169053.10621660034,"[0.3333333333333333, 0.3333333333333333, 0.3333333333333333]"
14498,306.0758240593106,277623.7983449069,"[0.3333333333333333, 0.3333333333333333, 0.3333333333333333]"
14499,57.95275101895254,935543.3147096832,"[0.3333333333333333, 0.3333333333333333, 0.3333333333333333]"
14500,928.7363102631624,435472.6740674567,"[0.3333333333333333, 0.3333333333333333, 0.3333333333333333]"
14501,726.6838661303128,367254.6917789023,"[0.3333333333333333, 0.3333333333333333, 0.3333333333333333]"
14502,510.1613454624164,448957.818902151,"[0.3333333333333333, 0.3333333333333333, 0.3333333333333333]"
14503,893.335616764648,328787.54767666094,"[0.3333333333333333, 0.3333333333333333, 0.3333333333333333]"
14504,577.3867643256298,290927.9876381331,"[0.3333333333333333, 0.3333333333333333, 0.3333333333333333]"
14505,792.9794194781668,141869.6673234811,"[0.3333333333333333, 0.3333333333333333, 0.3333333333333333]"
14506,99.73856513518886,620675.9562720773,"[0.3333333333333333, 0.3333333333333333, 0.3333333333333333]"
14507,508.95060031500304,491677.5188020379,"[0.3333333333333333, 0.3333333333333333, 0.3333333333333333]"
14508,755.0823876191389,246259.31678311538,"[0.3333333333333333, 0.3333333333333333, 0.3333333333333333]"
14509,155.5909691553193,387133.2141502511,"[0.3333333333333333, 0.3333333333333333, 0.3333333333333333]"
14510,986.4979812422524,958735.7534263276,"[0.3333333333333333, 0.3333333333333333, 0.3333333333333333]"
14511,858.9593581722111,553184.8327293636,"[0.3333333333333333, 0.3333333333333333, 0.3333333333333333]"
14512,667.9464177359599,509559.87814687914,"[0.3333333333333333, 0.3333333333333333, 0.3333333333333333]"
14513,485.1815703743624,562174.872719428,"[0.3333333333333333, 0.3333333333333333, 0.3333333333333333]"
14514,342.81003571517044,404038.7127425751,"[0.3333333333333333, 0.3333333333333333, 0.3333333333333333]"
14515,972.3814549282711,310996.34166918613,"[0.3333333333333333, 0.3333333333333333, 0.3333333333333333]"
14516,102.48432208489105,732623.8515232467,"[0.3333333333333333, 0.3333333333333333, 0.3333333333333333]"
14517,641.4599049295786,570714.9252993868,"[0.3333333333333333, 0.3333333333333333, 0.3333333333333333]"
14518,226.27766686878746,200001.94406691391,"[0.3333333333333333, 0.3333333333333333, 0.3333333333333333]"
14519,17.045525295574606,487080.83168872265,"[0.3333333333333333, 0.3333333333333333, 0.3333333333333333]"
14520,893.1384787659944,565433.5364569193,"[0.3333333333333333, 0.3333333333333333, 0.3333333333333333]"
14521,820.4983913122973,575115.947227693,"[0.3333333333333333, 0.3333333333333333, 0.3333333333333333]"
14522,328.1055570115591,471974.85735946894,"[0.3333333333333333, 0.3333333333333333, 0.3333333333333333]"
14523,570.0582352212263,203864.070364891,"[0.3333333333333333, 0.3333333333333333, 0.3333333333333333]"
14524,88.53116473892089,524652.9026462433,"[0.3333333333333333, 0.3333333333333333, 0.3333333333333333]"
14525,647.5259118545614,535487.6435513829,"[0.3333333333333333, 0.3333333333333333, 0.3333333333333333]"
14526,971.3872435048352,287670.72330846236,"[0.3333333333333333, 0.3333333333333333, 0.3333333333333333]"
14527,574.3933904319349,718448.2943905407,"[0.3333333333333333, 0.3333333333333333, 0.3333333333333333]"
14528,879.3273634337056,221327.51955190918,"[0.3333333333333333, 0.3333333333333333, 0.3333333333333333]"
14529,779.2912296628389,965947.5016171812,"[0.3333333333333333, 0.3333333333333333, 0.3333333333333333]"
14530,298.748127732313,581560.9063705463,"[0.3333333333333333, 0.3333333333333333, 0.3333333333333333]"
14531,354.2755555404018,990976.1641796845,"[0.3333333333333333, 0.3333333333333333, 0.3333333333333333]"
14532,910.2045384505843,685078.8576757252,"[0.3333333333333333, 0.3333333333333333, 0.3333333333333333]"
14533,723.4585751024866,478253.41930398694,"[0.3333333333333333, 0.3333333333333333, 0.3333333333333333]"
14534,277.32565105261773,907571.471308178,"[0.3333333333333333, 0.3333333333333333, 0.3333333333333333]"
14535,994.0872524103003,459430.2056407284,"[0.3333333333333333, 0.3333333333333333, 0.3333333333333333]"
14536,219.49655979415664,789039.8337763235,"[0.3333333333333333, 0.3333333333333333, 0.3333333333333333]"
14537,443.82581407399306,369939.27281624445,"[0.3333333333333333, 0.3333333333333333, 0.3333333333333333]"
14538,521.0130366434264,180462.78436806996,"[0.3333333333333333, 0.3333333333333333, 0.3333333333333333]"
14539,624.4340717525065,748439.8292853539,"[0.3333333333333333, 0.3333333333333333, 0.3333333333333333]"
14540,45.87131933659576,136469.89652626344,"[0.3333333333333333, 0.3333333333333333, 0.3333333333333333]"
14541,157.50676524271563,301571.2068643394,"[0.3333333333333333, 0.3333333333333333, 0.3333333333333333]"
14542,629.8285067941149,576115.875459142,"[0.3333333333333333, 0.3333333333333333, 0.3333333333333333]"
14543,895.4333771778001,922920.2515509372,"[0.3333333333333333, 0.3333333333333333, 0.3333333333333333]"
14544,558.3124065787018,560374.3454840988,"[0.3333333333333333, 0.3333333333333333, 0.3333333333333333]"
14545,43.53698911001436,409916.3704694897,"[0.3333333333333333, 0.3333333333333333, 0.3333333333333333]"
14546,518.8159072789699,871054.7156052056,"[0.3333333333333333, 0.3333333333333333, 0.3333333333333333]"
14547,465.4785825201812,320456.5318630553,"[0.3333333333333333, 0.3333333333333333, 0.3333333333333333]"
14548,731.9750566564298,191837.97020614945,"[0.3333333333333333, 0.3333333333333333, 0.3333333333333333]"
14549,630.6524679320042,255335.8085528484,"[0.3333333333333333, 0.3333333333333333, 0.3333333333333333]"
14550,420.1202555277092,130782.7535991581,"[0.3333333333333333, 0.3333333333333333, 0.3333333333333333]"
14551,461.3433440990691,586688.8076379821,"[0.3333333333333333, 0.3333333333333333, 0.3333333333333333]"
14552,580.6405650713247,699863.2987173725,"[0.3333333333333333, 0.3333333333333333, 0.3333333333333333]"
14553,14.483929888376881,786238.4989357769,"[0.3333333333333333, 0.3333333333333333, 0.3333333333333333]"
14554,704.361132421368,350370.16227904987,"[0.3333333333333333, 0.3333333333333333, 0.3333333333333333]"
14555,399.90365433056775,668400.2067592595,"[0.3333333333333333, 0.3333333333333333, 0.3333333333333333]"
14556,541.7748980526943,806597.6382281407,"[0.3333333333333333, 0.3333333333333333, 0.3333333333333333]"
14557,935.7720368270733,961701.2772816983,"[0.3333333333333333, 0.3333333333333333, 0.3333333333333333]"
14558,683.7825991536516,677032.5475466561,"[0.3333333333333333, 0.3333333333333333, 0.3333333333333333]"
14559,260.27550446231623,984422.9093800954,"[0.3333333333333333, 0.3333333333333333, 0.3333333333333333]"
14560,284.4287625189433,533881.7497551127,"[0.3333333333333333, 0.3333333333333333, 0.3333333333333333]"
14561,531.0244097219016,702419.1503082538,"[0.3333333333333333, 0.3333333333333333, 0.3333333333333333]"
14562,12.774781082869131,614479.508774925,"[0.3333333333333333, 0.3333333333333333, 0.3333333333333333]"
14563,294.40319655811084,637122.5118477689,"[0.3333333333333333, 0.3333333333333333, 0.3333333333333333]"
14564,470.10956007336335,400304.8854639314,"[0.3333333333333333, 0.3333333333333333, 0.3333333333333333]"
14565,303.82993037750026,584290.9819845292,"[0.3333333333333333, 0.3333333333333333, 0.3333333333333333]"
14566,507.0973472205246,841920.7887414736,"[0.3333333333333333, 0.3333333333333333, 0.3333333333333333]"
14567,465.82190047014416,134502.46739819774,"[0.3333333333333333, 0.3333333333333333, 0.3333333333333333]"
14568,399.1755069679133,144232.3293480773,"[0.3333333333333333, 0.3333333333333333, 0.3333333333333333]"
14569,334.38099656318616,172198.19096876346,"[0.3333333333333333, 0.3333333333333333, 0.3333333333333333]"
14570,203.3337414729039,216626.04719027344,"[0.3333333333333333, 0.3333333333333333, 0.3333333333333333]"
14571,454.4643794311697,202676.92099366093,"[0.3333333333333333, 0.3333333333333333, 0.3333333333333333]"
14572,831.8280358258552,438091.1149460083,"[0.3333333333333333, 0.3333333333333333, 0.3333333333333333]"
14573,413.37910538706564,893782.4361613846,"[0.3333333333333333, 0.3333333333333333, 0.3333333333333333]"
14574,160.64828546583774,862315.0382408956,"[0.3333333333333333, 0.3333333333333333, 0.3333333333333333]"
14575,678.173682170016,440636.2673546449,"[0.3333333333333333, 0.3333333333333333, 0.3333333333333333]"
14576,914.1795262575653,620359.7419247229,"[0.3333333333333333, 0.3333333333333333, 0.3333333333333333]"
14577,300.9567246455545,843743.0077099884,"[0.3333333333333333, 0.3333333333333333, 0.3333333333333333]"
14578,585.5838075020578,331102.9467993043,"[0.3333333333333333, 0.3333333333333333, 0.3333333333333333]"
14579,341.4575421904897,694878.1327618938,"[0.3333333333333333, 0.3333333333333333, 0.3333333333333333]"
14580,591.5956253530951,525929.6724327011,"[0.3333333333333333, 0.3333333333333333, 0.3333333333333333]"
14581,669.6380387652349,611683.8737001888,"[0.3333333333333333, 0.3333333333333333, 0.3333333333333333]"
14582,329.87394420974084,701041.7182676475,"[0.3333333333333333, 0.3333333333333333, 0.3333333333333333]"
14583,808.5160037902925,574937.126534198,"[0.3333333333333333, 0.3333333333333333, 0.3333333333333333]"
14584,452.1702120697684,622031.0471426798,"[0.3333333333333333, 0.3333333333333333, 0.3333333333333333]"
14585,632.0774443068984,566195.7932466492,"[0.3333333333333333, 0.3333333333333333, 0.3333333333333333]"
14586,123.88685222757802,949377.4545526846,"[0.3333333333333333, 0.3333333333333333, 0.3333333333333333]"
14587,139.91013482594184,309504.1768092793,"[0.3333333333333333, 0.3333333333333333, 0.3333333333333333]"
14588,156.7324189723138,160879.02717343924,"[0.3333333333333333, 0.3333333333333333, 0.3333333333333333]"
14589,306.9055938796399,891959.3789636237,"[0.3333333333333333, 0.3333333333333333, 0.3333333333333333]"
14590,887.7777375890387,474112.71626579075,"[0.3333333333333333, 0.3333333333333333, 0.3333333333333333]"
14591,984.3664462852578,541143.9208665699,"[0.3333333333333333, 0.3333333333333333, 0.3333333333333333]"
14592,760.3978891666553,530795.6748277964,"[0.3333333333333333, 0.3333333333333333, 0.3333333333333333]"
14593,783.0892321118807,837325.0621069026,"[0.3333333333333333, 0.3333333333333333, 0.3333333333333333]"
14594,208.43403300020444,848404.4380487506,"[0.3333333333333333, 0.3333333333333333, 0.3333333333333333]"
14595,974.8090158612216,284717.06037429476,"[0.3333333333333333, 0.3333333333333333, 0.3333333333333333]"
14596,695.8811004521705,379571.2056134864,"[0.3333333333333333, 0.3333333333333333, 0.3333333333333333]"
14597,140.546895487104,322360.46588271763,"[0.3333333333333333, 0.3333333333333333, 0.3333333333333333]"
14598,501.1978250644707,157615.58634807364,"[0.3333333333333333, 0.3333333333333333, 0.3333333333333333]"
14599,548.2907965393716,828550.2255921034,"[0.3333333333333333, 0.3333333333333333, 0.3333333333333333]"
14600,87.70534213378264,702735.9166169415,"[0.3333333333333333, 0.3333333333333333, 0.3333333333333333]"
14601,275.8095645723562,717142.8145729979,"[0.3333333333333333, 0.3333333333333333, 0.3333333333333333]"
14602,568.4760167842584,761123.7075154758,"[0.3333333333333333, 0.3333333333333333, 0.3333333333333333]"
14603,438.71539245238506,762650.297902933,"[0.3333333333333333, 0.3333333333333333, 0.3333333333333333]"
14604,57.216689448006626,740369.5159439733,"[0.3333333333333333, 0.3333333333333333, 0.3333333333333333]"
14605,990.0061638771626,307215.172357555,"[0.3333333333333333, 0.3333333333333333, 0.3333333333333333]"
14606,754.5311477378367,346636.7293329628,"[0.3333333333333333, 0.3333333333333333, 0.3333333333333333]"
14607,15.925379130360913,524029.9942810602,"[0.3333333333333333, 0.3333333333333333, 0.3333333333333333]"
14608,772.6013237612549,859174.9665660794,"[0.3333333333333333, 0.3333333333333333, 0.3333333333333333]"
14609,683.9337927589353,132173.39530999467,"[0.3333333333333333, 0.3333333333333333, 0.3333333333333333]"
14610,933.1270954318339,998280.4677285892,"[0.3333333333333333, 0.3333333333333333, 0.3333333333333333]"
14611,937.993740183675,381249.49361339846,"[0.3333333333333333, 0.3333333333333333, 0.3333333333333333]"
14612,596.9560684803117,768759.8120180545,"[0.3333333333333333, 0.3333333333333333, 0.3333333333333333]"
14613,655.2699028338465,335064.2835962287,"[0.3333333333333333, 0.3333333333333333, 0.3333333333333333]"
14614,481.17125970463866,297766.07270728087,"[0.3333333333333333, 0.3333333333333333, 0.3333333333333333]"
14615,631.4153304132246,117934.75586963167,"[0.3333333333333333, 0.3333333333333333, 0.3333333333333333]"
14616,224.1459363916883,668908.9284081135,"[0.3333333333333333, 0.3333333333333333, 0.3333333333333333]"
14617,347.7591563553035,458307.19982036,"[0.3333333333333333, 0.3333333333333333, 0.3333333333333333]"
14618,919.9005357698608,451219.85254926205,"[0.3333333333333333, 0.3333333333333333, 0.3333333333333333]"
14619,445.16750128022926,926550.5776801063,"[0.3333333333333333, 0.3333333333333333, 0.3333333333333333]"
14620,735.5564535472678,199685.41266812745,"[0.3333333333333333, 0.3333333333333333, 0.3333333333333333]"
14621,957.856772671677,433513.6567116534,"[0.3333333333333333, 0.3333333333333333, 0.3333333333333333]"
14622,427.84617721847235,932233.6665923166,"[0.3333333333333333, 0.3333333333333333, 0.3333333333333333]"
14623,882.0560137995891,228040.4196636753,"[0.3333333333333333, 0.3333333333333333, 0.3333333333333333]"
14624,320.51040900869293,928408.0872398418,"[0.3333333333333333, 0.3333333333333333, 0.3333333333333333]"
14625,689.5344860341273,731736.9388514007,"[0.3333333333333333, 0.3333333333333333, 0.3333333333333333]"
14626,112.50877262148333,120480.03624528764,"[0.3333333333333333, 0.3333333333333333, 0.3333333333333333]"
14627,43.430339880048976,413470.16666422645,"[0.3333333333333333, 0.3333333333333333, 0.3333333333333333]"
14628,779.4244751819045,937697.2432575934,"[0.3333333333333333, 0.3333333333333333, 0.3333333333333333]"
14629,260.9563949769287,180642.93825568096,"[0.3333333333333333, 0.3333333333333333, 0.3333333333333333]"
14630,649.1666803102048,918346.1653144188,"[0.3333333333333333, 0.3333333333333333, 0.3333333333333333]"
14631,771.0775499066576,564820.84292557,"[0.3333333333333333, 0.3333333333333333, 0.3333333333333333]"
14632,455.5210932260872,125016.53124235942,"[0.3333333333333333, 0.3333333333333333, 0.3333333333333333]"
14633,498.8270437091221,776503.1889024343,"[0.3333333333333333, 0.3333333333333333, 0.3333333333333333]"
14634,418.74495183949847,239007.68525014722,"[0.3333333333333333, 0.3333333333333333, 0.3333333333333333]"
14635,320.10889912570224,786401.6833085536,"[0.3333333333333333, 0.3333333333333333, 0.3333333333333333]"
14636,535.391461992051,302783.9106235532,"[0.3333333333333333, 0.3333333333333333, 0.3333333333333333]"
14637,395.4355507583607,983367.9604698551,"[0.3333333333333333, 0.3333333333333333, 0.3333333333333333]"
14638,523.6264555197499,269942.49751019647,"[0.3333333333333333, 0.3333333333333333, 0.3333333333333333]"
14639,797.1398991768198,455016.23559440783,"[0.3333333333333333, 0.3333333333333333, 0.3333333333333333]"
14640,298.3927901597752,573846.0881956798,"[0.3333333333333333, 0.3333333333333333, 0.3333333333333333]"
14641,193.60315734752697,154729.04801116997,"[0.3333333333333333, 0.3333333333333333, 0.3333333333333333]"
14642,641.2185081028011,720584.555441416,"[0.3333333333333333, 0.3333333333333333, 0.3333333333333333]"
14643,870.7037464905524,132077.0795535033,"[0.3333333333333333, 0.3333333333333333, 0.3333333333333333]"
14644,192.91015651565846,287651.8623566362,"[0.3333333333333333, 0.3333333333333333, 0.3333333333333333]"
14645,281.02591627321397,739727.9928969161,"[0.3333333333333333, 0.3333333333333333, 0.3333333333333333]"
14646,629.9121554285238,492961.7016231643,"[0.3333333333333333, 0.3333333333333333, 0.3333333333333333]"
14647,416.7676459788767,305204.23309821595,"[0.3333333333333333, 0.3333333333333333, 0.3333333333333333]"
14648,716.2135141472359,229502.80039173257,"[0.3333333333333333, 0.3333333333333333, 0.3333333333333333]"
14649,861.1764411359688,495762.6589431256,"[0.3333333333333333, 0.3333333333333333, 0.3333333333333333]"
14650,609.0594711963982,921064.8767090976,"[0.3333333333333333, 0.3333333333333333, 0.3333333333333333]"
14651,342.0046909166818,160632.406910434,"[0.3333333333333333, 0.3333333333333333, 0.3333333333333333]"
14652,561.3579995412838,382160.6275632783,"[0.3333333333333333, 0.3333333333333333, 0.3333333333333333]"
14653,290.3671934391164,188166.25669804396,"[0.3333333333333333, 0.3333333333333333, 0.3333333333333333]"
14654,726.8942698746908,733419.3900572477,"[0.3333333333333333, 0.3333333333333333, 0.3333333333333333]"
14655,149.34184418460254,281116.6748098513,"[0.3333333333333333, 0.3333333333333333, 0.3333333333333333]"
14656,726.585252776626,859754.6387135857,"[0.3333333333333333, 0.3333333333333333, 0.3333333333333333]"
14657,845.2610772212405,895669.767069308,"[0.3333333333333333, 0.3333333333333333, 0.3333333333333333]"
14658,110.77657198200552,343607.3762252141,"[0.3333333333333333, 0.3333333333333333, 0.3333333333333333]"
14659,728.2277500266965,431886.4047801615,"[0.3333333333333333, 0.3333333333333333, 0.3333333333333333]"
14660,405.7911725941477,394036.81923078344,"[0.3333333333333333, 0.3333333333333333, 0.3333333333333333]"
14661,170.21709962319844,391879.68210370163,"[0.3333333333333333, 0.3333333333333333, 0.3333333333333333]"
14662,846.5762172339568,597982.0507407618,"[0.3333333333333333, 0.3333333333333333, 0.3333333333333333]"
14663,115.3508934176719,822961.5989517573,"[0.3333333333333333, 0.3333333333333333, 0.3333333333333333]"
14664,65.11243464279569,364643.54123942787,"[0.3333333333333333, 0.3333333333333333, 0.3333333333333333]"
14665,142.59016151256884,566999.958213886,"[0.3333333333333333, 0.3333333333333333, 0.3333333333333333]"
14666,587.5995229969717,537745.519394483,"[0.3333333333333333, 0.3333333333333333, 0.3333333333333333]"
14667,558.1880433732521,595944.7154555918,"[0.3333333333333333, 0.3333333333333333, 0.3333333333333333]"
14668,677.3650329165415,713579.7771758243,"[0.3333333333333333, 0.3333333333333333, 0.3333333333333333]"
14669,831.0517659083114,949125.9386355648,"[0.3333333333333333, 0.3333333333333333, 0.3333333333333333]"
14670,778.5593315563997,594680.4681548891,"[0.3333333333333333, 0.3333333333333333, 0.3333333333333333]"
14671,717.3616128836877,255915.43866294183,"[0.3333333333333333, 0.3333333333333333, 0.3333333333333333]"
14672,344.31940584034294,132051.49075570962,"[0.3333333333333333, 0.3333333333333333, 0.3333333333333333]"
14673,516.3430117037667,113135.06016310451,"[0.3333333333333333, 0.3333333333333333, 0.3333333333333333]"
14674,963.7996004373557,401685.6414019315,"[0.3333333333333333, 0.3333333333333333, 0.3333333333333333]"
14675,348.856645320708,382717.4002345493,"[0.3333333333333333, 0.3333333333333333, 0.3333333333333333]"
14676,362.1675635557502,978688.3926962764,"[0.3333333333333333, 0.3333333333333333, 0.3333333333333333]"
14677,313.72972054192223,891889.9727553383,"[0.3333333333333333, 0.3333333333333333, 0.3333333333333333]"
14678,151.37983070334204,966666.6264700637,"[0.3333333333333333, 0.3333333333333333, 0.3333333333333333]"
14679,904.4158056303186,845036.9528790144,"[0.3333333333333333, 0.3333333333333333, 0.3333333333333333]"
14680,456.53186983462996,540272.6219599069,"[0.3333333333333333, 0.3333333333333333, 0.3333333333333333]"
14681,15.102680495724641,483616.9246779974,"[0.3333333333333333, 0.3333333333333333, 0.3333333333333333]"
14682,920.73194619471,978527.0214627124,"[0.3333333333333333, 0.3333333333333333, 0.3333333333333333]"
14683,965.9475332560978,612080.3088947777,"[0.3333333333333333, 0.3333333333333333, 0.3333333333333333]"
14684,669.0820770959696,583934.3885010586,"[0.3333333333333333, 0.3333333333333333, 0.3333333333333333]"
14685,985.6137610989495,809439.2256464222,"[0.3333333333333333, 0.3333333333333333, 0.3333333333333333]"
14686,259.6269589084151,454661.9699202822,"[0.3333333333333333, 0.3333333333333333, 0.3333333333333333]"
14687,82.23797841710059,963113.1662425343,"[0.3333333333333333, 0.3333333333333333, 0.3333333333333333]"
14688,308.1758853427087,608105.8320707633,"[0.3333333333333333, 0.3333333333333333, 0.3333333333333333]"
14689,665.972142383921,652085.7046475568,"[0.3333333333333333, 0.3333333333333333, 0.3333333333333333]"
14690,281.14177271276924,866154.6760343058,"[0.3333333333333333, 0.3333333333333333, 0.3333333333333333]"
14691,223.09158040744842,830538.1537166709,"[0.3333333333333333, 0.3333333333333333, 0.3333333333333333]"
14692,186.73313626456044,301325.1261124719,"[0.3333333333333333, 0.3333333333333333, 0.3333333333333333]"
14693,586.345194712046,689708.5284738746,"[0.3333333333333333, 0.3333333333333333, 0.3333333333333333]"
14694,304.4289295082267,969231.765812184,"[0.3333333333333333, 0.3333333333333333, 0.3333333333333333]"
14695,499.4420701202952,801285.919918712,"[0.3333333333333333, 0.3333333333333333, 0.3333333333333333]"
14696,244.31951476982994,285089.54447399033,"[0.3333333333333333, 0.3333333333333333, 0.3333333333333333]"
14697,231.95625602628004,558009.1389567214,"[0.3333333333333333, 0.3333333333333333, 0.3333333333333333]"
14698,907.1933734316551,995715.4903605635,"[0.3333333333333333, 0.3333333333333333, 0.3333333333333333]"
14699,760.8645056752512,991179.3821711321,"[0.3333333333333333, 0.3333333333333333, 0.3333333333333333]"
14700,451.7481696094132,796566.1608337237,"[0.3333333333333333, 0.3333333333333333, 0.3333333333333333]"
14701,739.6495404247518,989545.7849196801,"[0.3333333333333333, 0.3333333333333333, 0.3333333333333333]"
14702,721.5467131778076,211554.3677027797,"[0.3333333333333333, 0.3333333333333333, 0.3333333333333333]"
14703,436.73426472054337,679700.4453219968,"[0.3333333333333333, 0.3333333333333333, 0.3333333333333333]"
14704,128.57597225296303,171557.53748341335,"[0.3333333333333333, 0.3333333333333333, 0.3333333333333333]"
14705,674.1608201397818,973529.0698149503,"[0.3333333333333333, 0.3333333333333333, 0.3333333333333333]"
14706,365.5329006745229,850524.8461575115,"[0.3333333333333333, 0.3333333333333333, 0.3333333333333333]"
14707,117.53898213683016,851096.5770011438,"[0.3333333333333333, 0.3333333333333333, 0.3333333333333333]"
14708,779.3787150441992,756120.0204540147,"[0.3333333333333333, 0.3333333333333333, 0.3333333333333333]"
14709,86.46823642571522,512976.79441822495,"[0.3333333333333333, 0.3333333333333333, 0.3333333333333333]"
14710,299.9717601393779,973159.2754751061,"[0.3333333333333333, 0.3333333333333333, 0.3333333333333333]"
14711,891.0395329969464,310001.2929194051,"[0.3333333333333333, 0.3333333333333333, 0.3333333333333333]"
14712,826.5120843986668,930848.1070904704,"[0.3333333333333333, 0.3333333333333333, 0.3333333333333333]"
14713,680.8657568653418,430781.4174392964,"[0.3333333333333333, 0.3333333333333333, 0.3333333333333333]"
14714,139.09772971843125,957185.9158820854,"[0.3333333333333333, 0.3333333333333333, 0.3333333333333333]"
14715,179.48299323817326,615698.4392066109,"[0.3333333333333333, 0.3333333333333333, 0.3333333333333333]"
14716,673.0516038782584,217570.76387177326,"[0.3333333333333333, 0.3333333333333333, 0.3333333333333333]"
14717,957.5676261803441,542521.2526175288,"[0.3333333333333333, 0.3333333333333333, 0.3333333333333333]"
14718,848.4171670739422,459087.86005607387,"[0.3333333333333333, 0.3333333333333333, 0.3333333333333333]"
14719,288.1413767350866,225082.71567682258,"[0.3333333333333333, 0.3333333333333333, 0.3333333333333333]"
14720,954.5542976372711,675114.1405881294,"[0.3333333333333333, 0.3333333333333333, 0.3333333333333333]"
14721,197.19139987995504,326139.30131100456,"[0.3333333333333333, 0.3333333333333333, 0.3333333333333333]"
14722,232.3404752733045,457736.5394840921,"[0.3333333333333333, 0.3333333333333333, 0.3333333333333333]"
14723,123.81613747002872,632158.2108877021,"[0.3333333333333333, 0.3333333333333333, 0.3333333333333333]"
14724,52.25497578583756,986767.4206886407,"[0.3333333333333333, 0.3333333333333333, 0.3333333333333333]"
14725,580.3386910611802,388279.6212290525,"[0.3333333333333333, 0.3333333333333333, 0.3333333333333333]"
14726,340.43483975654243,724272.9108180554,"[0.3333333333333333, 0.3333333333333333, 0.3333333333333333]"
14727,515.3411672522667,566185.3269348906,"[0.3333333333333333, 0.3333333333333333, 0.3333333333333333]"
14728,137.85992169776597,420369.567893346,"[0.3333333333333333, 0.3333333333333333, 0.3333333333333333]"
14729,121.39687127459578,613625.4874900752,"[0.3333333333333333, 0.3333333333333333, 0.3333333333333333]"
14730,577.5386906266431,187709.2163364828,"[0.3333333333333333, 0.3333333333333333, 0.3333333333333333]"
14731,46.43753272206287,900208.9860876312,"[0.3333333333333333, 0.3333333333333333, 0.3333333333333333]"
14732,463.649109439344,499793.1579039637,"[0.3333333333333333, 0.3333333333333333, 0.3333333333333333]"
14733,136.88037476450484,639482.2770358359,"[0.3333333333333333, 0.3333333333333333, 0.3333333333333333]"
14734,365.68561929409117,640969.4695142343,"[0.3333333333333333, 0.3333333333333333, 0.3333333333333333]"
14735,295.00277949645584,795794.1911680191,"[0.3333333333333333, 0.3333333333333333, 0.3333333333333333]"
14736,23.785346249897103,921876.1076205597,"[0.3333333333333333, 0.3333333333333333, 0.3333333333333333]"
14737,979.4524605845218,636094.7457605946,"[0.3333333333333333, 0.3333333333333333, 0.3333333333333333]"
14738,166.83594687994528,685800.8888559577,"[0.3333333333333333, 0.3333333333333333, 0.3333333333333333]"
14739,696.3847081852406,855548.8168687037,"[0.3333333333333333, 0.3333333333333333, 0.3333333333333333]"
14740,121.00000511283665,242953.70353694787,"[0.3333333333333333, 0.3333333333333333, 0.3333333333333333]"
14741,955.330991939026,464726.3347195173,"[0.3333333333333333, 0.3333333333333333, 0.3333333333333333]"
14742,107.92658177714029,738598.381031619,"[0.3333333333333333, 0.3333333333333333, 0.3333333333333333]"
14743,897.1556851237341,323694.8447667776,"[0.3333333333333333, 0.3333333333333333, 0.3333333333333333]"
14744,270.10271603600455,685413.671244041,"[0.3333333333333333, 0.3333333333333333, 0.3333333333333333]"
14745,975.156652941908,873086.6091040415,"[0.3333333333333333, 0.3333333333333333, 0.3333333333333333]"
14746,512.885634980079,451176.2421012764,"[0.3333333333333333, 0.3333333333333333, 0.3333333333333333]"
14747,889.5137633162902,270495.5288535893,"[0.3333333333333333, 0.3333333333333333, 0.3333333333333333]"
14748,253.35596138205452,697359.8435087345,"[0.3333333333333333, 0.3333333333333333, 0.3333333333333333]"
14749,146.56954996402416,470116.03496727435,"[0.3333333333333333, 0.3333333333333333, 0.3333333333333333]"
14750,731.7009757357762,928859.9125254205,"[0.3333333333333333, 0.3333333333333333, 0.3333333333333333]"
14751,361.38251177612176,828879.3621781264,"[0.3333333333333333, 0.3333333333333333, 0.3333333333333333]"
14752,474.5424246428591,692443.9475079798,"[0.3333333333333333, 0.3333333333333333, 0.3333333333333333]"
14753,725.9108259475798,352678.5151802396,"[0.3333333333333333, 0.3333333333333333, 0.3333333333333333]"
14754,667.8380727954723,536809.4032904643,"[0.3333333333333333, 0.3333333333333333, 0.3333333333333333]"
14755,171.2587630820367,417527.9443291548,"[0.3333333333333333, 0.3333333333333333, 0.3333333333333333]"
14756,835.8960983633107,514970.98263293575,"[0.3333333333333333, 0.3333333333333333, 0.3333333333333333]"
14757,282.53031014552255,526228.4870225869,"[0.3333333333333333, 0.3333333333333333, 0.3333333333333333]"
14758,647.9916592604042,571094.3715301753,"[0.3333333333333333, 0.3333333333333333, 0.3333333333333333]"
14759,892.7376834516751,299676.1069551804,"[0.3333333333333333, 0.3333333333333333, 0.3333333333333333]"
14760,682.2881810680901,430237.211194952,"[0.3333333333333333, 0.3333333333333333, 0.3333333333333333]"
14761,997.0282901376928,134503.6132286458,"[0.3333333333333333, 0.3333333333333333, 0.3333333333333333]"
14762,643.3771452330361,665231.9747169152,"[0.3333333333333333, 0.3333333333333333, 0.3333333333333333]"
14763,701.4991346580696,319818.0468679564,"[0.3333333333333333, 0.3333333333333333, 0.3333333333333333]"
14764,68.58433992409786,769522.8415296272,"[0.3333333333333333, 0.3333333333333333, 0.3333333333333333]"
14765,598.3016701909016,767375.5024723918,"[0.3333333333333333, 0.3333333333333333, 0.3333333333333333]"
14766,617.6855909483922,885731.0519981354,"[0.3333333333333333, 0.3333333333333333, 0.3333333333333333]"
14767,729.2945422763102,261697.9327098651,"[0.3333333333333333, 0.3333333333333333, 0.3333333333333333]"
14768,876.4114464542816,717123.5096403151,"[0.3333333333333333, 0.3333333333333333, 0.3333333333333333]"
14769,663.5012427802382,254222.90700173556,"[0.3333333333333333, 0.3333333333333333, 0.3333333333333333]"
14770,37.69032059179226,813879.240164497,"[0.3333333333333333, 0.3333333333333333, 0.3333333333333333]"
14771,817.4317590616536,479866.2223690574,"[0.3333333333333333, 0.3333333333333333, 0.3333333333333333]"
14772,929.244202598923,114060.95203345256,"[0.3333333333333333, 0.3333333333333333, 0.3333333333333333]"
14773,227.29315767790877,956887.155853699,"[0.3333333333333333, 0.3333333333333333, 0.3333333333333333]"
14774,544.7397597497278,311004.4830820638,"[0.3333333333333333, 0.3333333333333333, 0.3333333333333333]"
14775,868.7362458610506,836894.2285178193,"[0.3333333333333333, 0.3333333333333333, 0.3333333333333333]"
14776,150.2117197057195,274261.84394281683,"[0.3333333333333333, 0.3333333333333333, 0.3333333333333333]"
14777,67.24928921024016,618533.5327473013,"[0.3333333333333333, 0.3333333333333333, 0.3333333333333333]"
14778,780.7263494465303,677727.7375092505,"[0.3333333333333333, 0.3333333333333333, 0.3333333333333333]"
14779,246.8576434208291,186400.7184500896,"[0.3333333333333333, 0.3333333333333333, 0.3333333333333333]"
14780,800.6753458269646,787528.0987591774,"[0.3333333333333333, 0.3333333333333333, 0.3333333333333333]"
14781,703.5550624214515,777046.6384163271,"[0.3333333333333333, 0.3333333333333333, 0.3333333333333333]"
14782,512.0831184310114,860210.6219277831,"[0.3333333333333333, 0.3333333333333333, 0.3333333333333333]"
14783,170.1912021357581,685606.4262111133,"[0.3333333333333333, 0.3333333333333333, 0.3333333333333333]"
14784,106.30451491621709,804030.3390501702,"[0.3333333333333333, 0.3333333333333333, 0.3333333333333333]"
14785,459.29951656861505,258238.98874827175,"[0.3333333333333333, 0.3333333333333333, 0.3333333333333333]"
14786,887.4457260856134,196112.01037685084,"[0.3333333333333333, 0.3333333333333333, 0.3333333333333333]"
14787,68.23674225689692,553440.6625447738,"[0.3333333333333333, 0.3333333333333333, 0.3333333333333333]"
14788,292.89268815514004,335207.6239599715,"[0.3333333333333333, 0.3333333333333333, 0.3333333333333333]"
14789,525.2427915912449,955222.2046358477,"[0.3333333333333333, 0.3333333333333333, 0.3333333333333333]"
14790,337.485168830616,155957.9437088994,"[0.3333333333333333, 0.3333333333333333, 0.3333333333333333]"
14791,117.23583257093105,998930.705632608,"[0.3333333333333333, 0.3333333333333333, 0.3333333333333333]"
14792,891.5950317393111,422721.0931322978,"[0.3333333333333333, 0.3333333333333333, 0.3333333333333333]"
14793,646.3131831724402,519330.8631281025,"[0.3333333333333333, 0.3333333333333333, 0.3333333333333333]"
14794,519.0886505786231,740085.9955921653,"[0.3333333333333333, 0.3333333333333333, 0.3333333333333333]"
14795,102.95437787700496,106761.14581355026,"[0.3333333333333333, 0.3333333333333333, 0.3333333333333333]"
14796,77.14132078238697,468463.2500624168,"[0.3333333333333333, 0.3333333333333333, 0.3333333333333333]"
14797,682.1384116323186,512892.91988867964,"[0.3333333333333333, 0.3333333333333333, 0.3333333333333333]"
14798,622.1323955825475,628475.7735703387,"[0.3333333333333333, 0.3333333333333333, 0.3333333333333333]"
14799,214.80503768799605,312345.1610240584,"[0.3333333333333333, 0.3333333333333333, 0.3333333333333333]"
14800,978.210279183437,121962.44653497908,"[0.3333333333333333, 0.3333333333333333, 0.3333333333333333]"
14801,382.6831920510276,586221.4608066715,"[0.3333333333333333, 0.3333333333333333, 0.3333333333333333]"
14802,894.1078006475451,843238.0959333316,"[0.3333333333333333, 0.3333333333333333, 0.3333333333333333]"
14803,851.9941926581765,302495.4142991529,"[0.3333333333333333, 0.3333333333333333, 0.3333333333333333]"
14804,642.8142522139477,192779.07801340095,"[0.3333333333333333, 0.3333333333333333, 0.3333333333333333]"
14805,205.98322875274576,586741.8285797507,"[0.3333333333333333, 0.3333333333333333, 0.3333333333333333]"
14806,42.840332763077846,398963.95139825944,"[0.3333333333333333, 0.3333333333333333, 0.3333333333333333]"
14807,743.8550751225972,451112.4534418286,"[0.3333333333333333, 0.3333333333333333, 0.3333333333333333]"
14808,197.71019282684264,920051.0032992093,"[0.3333333333333333, 0.3333333333333333, 0.3333333333333333]"
14809,991.4873451114369,178494.98028341218,"[0.3333333333333333, 0.3333333333333333, 0.3333333333333333]"
14810,647.8145449616391,847697.9889448471,"[0.3333333333333333, 0.3333333333333333, 0.3333333333333333]"
14811,884.5138722431773,480309.65180273395,"[0.3333333333333333, 0.3333333333333333, 0.3333333333333333]"
14812,927.2852167192361,233194.11844170632,"[0.3333333333333333, 0.3333333333333333, 0.3333333333333333]"
14813,150.18336035297895,435071.46623019094,"[0.3333333333333333, 0.3333333333333333, 0.3333333333333333]"
14814,575.2519513197269,374033.01741699275,"[0.3333333333333333, 0.3333333333333333, 0.3333333333333333]"
14815,569.2145754358007,775391.9084133621,"[0.3333333333333333, 0.3333333333333333, 0.3333333333333333]"
14816,609.9187078503198,119873.17993810051,"[0.3333333333333333, 0.3333333333333333, 0.3333333333333333]"
14817,257.76287148169956,514626.98810102366,"[0.3333333333333333, 0.3333333333333333, 0.3333333333333333]"
14818,191.38873375851804,776113.2670777178,"[0.3333333333333333, 0.3333333333333333, 0.3333333333333333]"
14819,376.3556584708559,438361.23158564063,"[0.3333333333333333, 0.3333333333333333, 0.3333333333333333]"
14820,304.91651263648373,261729.1735558121,"[0.3333333333333333, 0.3333333333333333, 0.3333333333333333]"
14821,125.14762105471753,644127.7827928436,"[0.3333333333333333, 0.3333333333333333, 0.3333333333333333]"
14822,685.9405400283517,544981.5492766611,"[0.3333333333333333, 0.3333333333333333, 0.3333333333333333]"
14823,845.5950741616929,355848.512035275,"[0.3333333333333333, 0.3333333333333333, 0.3333333333333333]"
14824,36.47976829080528,573182.1281483864,"[0.3333333333333333, 0.3333333333333333, 0.3333333333333333]"
14825,514.0273284795126,855204.0899134714,"[0.3333333333333333, 0.3333333333333333, 0.3333333333333333]"
14826,758.6448765423435,190009.50891444323,"[0.3333333333333333, 0.3333333333333333, 0.3333333333333333]"
14827,776.5778207827944,433813.25974649756,"[0.3333333333333333, 0.3333333333333333, 0.3333333333333333]"
14828,728.0735995543356,679390.4636616894,"[0.3333333333333333, 0.3333333333333333, 0.3333333333333333]"
14829,844.96929438097,824671.1335872378,"[0.3333333333333333, 0.3333333333333333, 0.3333333333333333]"
14830,133.79560146380896,267695.4990633436,"[0.3333333333333333, 0.3333333333333333, 0.3333333333333333]"
14831,742.797296904401,766470.4174196215,"[0.3333333333333333, 0.3333333333333333, 0.3333333333333333]"
14832,740.2749512166964,582606.2091978004,"[0.3333333333333333, 0.3333333333333333, 0.3333333333333333]"
14833,420.67476539071214,674778.4868554742,"[0.3333333333333333, 0.3333333333333333, 0.3333333333333333]"
14834,193.63895735346748,127902.05668488862,"[0.3333333333333333, 0.3333333333333333, 0.3333333333333333]"
14835,563.0054365505321,275081.47529452434,"[0.3333333333333333, 0.3333333333333333, 0.3333333333333333]"
14836,336.92331934236245,690271.4534058617,"[0.3333333333333333, 0.3333333333333333, 0.3333333333333333]"
14837,578.3880319340552,359449.56850821775,"[0.3333333333333333, 0.3333333333333333, 0.3333333333333333]"
14838,873.4024053990821,267646.58729262627,"[0.3333333333333333, 0.3333333333333333, 0.3333333333333333]"
14839,249.3443415453303,681674.4797288665,"[0.3333333333333333, 0.3333333333333333, 0.3333333333333333]"
14840,512.1583817120172,986031.5589955493,"[0.3333333333333333, 0.3333333333333333, 0.3333333333333333]"
14841,735.8418728467998,208642.15887337667,"[0.3333333333333333, 0.3333333333333333, 0.3333333333333333]"
14842,930.2658504241074,434822.8798655214,"[0.3333333333333333, 0.3333333333333333, 0.3333333333333333]"
14843,48.1961502464652,230151.47640478594,"[0.3333333333333333, 0.3333333333333333, 0.3333333333333333]"
14844,57.86824321900719,173944.66255369261,"[0.3333333333333333, 0.3333333333333333, 0.3333333333333333]"
14845,764.7708309212841,450703.55683238624,"[0.3333333333333333, 0.3333333333333333, 0.3333333333333333]"
14846,762.7645714073522,880930.6181746189,"[0.3333333333333333, 0.3333333333333333, 0.3333333333333333]"
14847,314.6679800167814,891830.9819381471,"[0.3333333333333333, 0.3333333333333333, 0.3333333333333333]"
14848,359.7642272366531,414118.0064649903,"[0.3333333333333333, 0.3333333333333333, 0.3333333333333333]"
14849,382.10435367995467,189383.88864925012,"[0.3333333333333333, 0.3333333333333333, 0.3333333333333333]"
14850,238.2547531251528,231946.04793104203,"[0.3333333333333333, 0.3333333333333333, 0.3333333333333333]"
14851,892.2079675913876,895338.3150618364,"[0.3333333333333333, 0.3333333333333333, 0.3333333333333333]"
14852,374.365489691967,232644.37558819103,"[0.3333333333333333, 0.3333333333333333, 0.3333333333333333]"
14853,290.66259683128163,601387.7797512237,"[0.3333333333333333, 0.3333333333333333, 0.3333333333333333]"
14854,13.237657831180382,356715.72493430995,"[0.3333333333333333, 0.3333333333333333, 0.3333333333333333]"
14855,388.1898773374909,516650.3518849026,"[0.3333333333333333, 0.3333333333333333, 0.3333333333333333]"
14856,159.64635803328545,497063.05938870256,"[0.3333333333333333, 0.3333333333333333, 0.3333333333333333]"
14857,735.2836250136633,898271.8167188807,"[0.3333333333333333, 0.3333333333333333, 0.3333333333333333]"
14858,864.5142964350907,833153.6788025848,"[0.3333333333333333, 0.3333333333333333, 0.3333333333333333]"
14859,572.794719469768,498278.0928016869,"[0.3333333333333333, 0.3333333333333333, 0.3333333333333333]"
14860,215.85314563224006,150572.053789425,"[0.3333333333333333, 0.3333333333333333, 0.3333333333333333]"
14861,951.2561956237971,506502.1252433005,"[0.3333333333333333, 0.3333333333333333, 0.3333333333333333]"
14862,275.1552503190333,755916.3042805246,"[0.3333333333333333, 0.3333333333333333, 0.3333333333333333]"
14863,751.2886851978118,359503.159257619,"[0.3333333333333333, 0.3333333333333333, 0.3333333333333333]"
14864,737.7012313290393,588204.0079311554,"[0.3333333333333333, 0.3333333333333333, 0.3333333333333333]"
14865,460.8044610221572,993654.2448021554,"[0.3333333333333333, 0.3333333333333333, 0.3333333333333333]"
14866,475.4757871015187,453549.4949799901,"[0.3333333333333333, 0.3333333333333333, 0.3333333333333333]"
14867,398.1046819773893,545027.4622113686,"[0.3333333333333333, 0.3333333333333333, 0.3333333333333333]"
14868,921.7145230216161,511896.6625448865,"[0.3333333333333333, 0.3333333333333333, 0.3333333333333333]"
14869,279.8890499556823,361950.67988995754,"[0.3333333333333333, 0.3333333333333333, 0.3333333333333333]"
14870,55.74674335199975,803993.1135380287,"[0.3333333333333333, 0.3333333333333333, 0.3333333333333333]"
14871,145.1094191342603,192514.33528473644,"[0.3333333333333333, 0.3333333333333333, 0.3333333333333333]"
14872,742.7071030733368,468593.67631654284,"[0.3333333333333333, 0.3333333333333333, 0.3333333333333333]"
14873,790.3264876249207,390492.18347061577,"[0.3333333333333333, 0.3333333333333333, 0.3333333333333333]"
14874,208.50473768161783,494549.3568100005,"[0.3333333333333333, 0.3333333333333333, 0.3333333333333333]"
14875,295.15578149520485,132784.97981232902,"[0.3333333333333333, 0.3333333333333333, 0.3333333333333333]"
14876,963.1886816835188,397368.1616605183,"[0.3333333333333333, 0.3333333333333333, 0.3333333333333333]"
14877,528.2261454900803,621346.3113853036,"[0.3333333333333333, 0.3333333333333333, 0.3333333333333333]"
14878,722.5124862980186,426631.9858078034,"[0.3333333333333333, 0.3333333333333333, 0.3333333333333333]"
14879,234.00079515819888,718020.6884253687,"[0.3333333333333333, 0.3333333333333333, 0.3333333333333333]"
14880,599.7240489487498,526513.2612211999,"[0.3333333333333333, 0.3333333333333333, 0.3333333333333333]"
14881,896.34952130742,898732.1235011658,"[0.3333333333333333, 0.3333333333333333, 0.3333333333333333]"
14882,18.338535924340473,117382.08162332926,"[0.3333333333333333, 0.3333333333333333, 0.3333333333333333]"
14883,63.85073325150406,821905.2360394014,"[0.3333333333333333, 0.3333333333333333, 0.3333333333333333]"
14884,20.593226518014376,763544.4028731674,"[0.3333333333333333, 0.3333333333333333, 0.3333333333333333]"
14885,772.7083029139163,690909.920365564,"[0.3333333333333333, 0.3333333333333333, 0.3333333333333333]"
14886,567.606002276415,876037.6644594168,"[0.3333333333333333, 0.3333333333333333, 0.3333333333333333]"
14887,154.29822225230882,273997.1303127016,"[0.3333333333333333, 0.3333333333333333, 0.3333333333333333]"
14888,15.077231267357043,603222.9086364643,"[0.3333333333333333, 0.3333333333333333, 0.3333333333333333]"
14889,243.23109710755887,696059.4097075624,"[0.3333333333333333, 0.3333333333333333, 0.3333333333333333]"
14890,610.3080699047606,181958.03248966223,"[0.3333333333333333, 0.3333333333333333, 0.3333333333333333]"
14891,467.80424866731096,824117.1726630708,"[0.3333333333333333, 0.3333333333333333, 0.3333333333333333]"
14892,734.5389284099542,286662.874374912,"[0.3333333333333333, 0.3333333333333333, 0.3333333333333333]"
14893,501.6097781456064,392007.0453080795,"[0.3333333333333333, 0.3333333333333333, 0.3333333333333333]"
14894,723.2586742529872,814913.4584389171,"[0.3333333333333333, 0.3333333333333333, 0.3333333333333333]"
14895,95.35786475423235,547436.2280836396,"[0.3333333333333333, 0.3333333333333333, 0.3333333333333333]"
14896,671.9884490510775,904721.4902287719,"[0.3333333333333333, 0.3333333333333333, 0.3333333333333333]"
14897,129.59016089417185,760183.1066529917,"[0.3333333333333333, 0.3333333333333333, 0.3333333333333333]"
14898,462.5661842059703,804418.335231736,"[0.3333333333333333, 0.3333333333333333, 0.3333333333333333]"
14899,642.2765170949014,944728.7287347419,"[0.3333333333333333, 0.3333333333333333, 0.3333333333333333]"
14900,66.52727674773948,184917.41824455257,"[0.3333333333333333, 0.3333333333333333, 0.3333333333333333]"
14901,957.9989248220862,271497.0635788068,"[0.3333333333333333, 0.3333333333333333, 0.3333333333333333]"
14902,452.4660962508321,332436.6599907357,"[0.3333333333333333, 0.3333333333333333, 0.3333333333333333]"
14903,654.1935395414048,457847.99939160276,"[0.3333333333333333, 0.3333333333333333, 0.3333333333333333]"
14904,147.06662701458754,888556.457928201,"[0.3333333333333333, 0.3333333333333333, 0.3333333333333333]"
14905,205.27727810868984,103953.89817457183,"[0.3333333333333333, 0.3333333333333333, 0.3333333333333333]"
14906,932.1425896539824,690991.2712345404,"[0.3333333333333333, 0.3333333333333333, 0.3333333333333333]"
14907,683.0296883919867,733058.3582391411,"[0.3333333333333333, 0.3333333333333333, 0.3333333333333333]"
14908,175.99395583253983,664009.5881436832,"[0.3333333333333333, 0.3333333333333333, 0.3333333333333333]"
14909,45.29272999262655,662626.4624537836,"[0.3333333333333333, 0.3333333333333333, 0.3333333333333333]"
14910,96.06392130233338,719902.0437890843,"[0.3333333333333333, 0.3333333333333333, 0.3333333333333333]"
14911,412.0696255727597,507255.5449132064,"[0.3333333333333333, 0.3333333333333333, 0.3333333333333333]"
14912,320.22730001922645,200007.60422714512,"[0.3333333333333333, 0.3333333333333333, 0.3333333333333333]"
14913,734.5287740172798,337161.25542168174,"[0.3333333333333333, 0.3333333333333333, 0.3333333333333333]"
14914,692.9934957548492,975715.8118866474,"[0.3333333333333333, 0.3333333333333333, 0.3333333333333333]"
14915,144.5195323924233,374144.1250332079,"[0.3333333333333333, 0.3333333333333333, 0.3333333333333333]"
14916,917.4654571473948,578306.314205107,"[0.3333333333333333, 0.3333333333333333, 0.3333333333333333]"
14917,450.3262069096621,383909.4086958271,"[0.3333333333333333, 0.3333333333333333, 0.3333333333333333]"
14918,628.442151546912,565697.0518253392,"[0.3333333333333333, 0.3333333333333333, 0.3333333333333333]"
14919,445.99525023904926,844375.6105606282,"[0.3333333333333333, 0.3333333333333333, 0.3333333333333333]"
14920,92.0441818853334,317690.84377211664,"[0.3333333333333333, 0.3333333333333333, 0.3333333333333333]"
14921,400.6335731198307,980754.1486688729,"[0.3333333333333333, 0.3333333333333333, 0.3333333333333333]"
14922,850.5485395773455,280439.6395650802,"[0.3333333333333333, 0.3333333333333333, 0.3333333333333333]"
14923,76.75960592163757,370531.73634396185,"[0.3333333333333333, 0.3333333333333333, 0.3333333333333333]"
14924,990.661521050925,869293.6586368983,"[0.3333333333333333, 0.3333333333333333, 0.3333333333333333]"
14925,716.9529485768403,376444.7085560248,"[0.3333333333333333, 0.3333333333333333, 0.3333333333333333]"
14926,335.42490792459813,980486.8925616001,"[0.3333333333333333, 0.3333333333333333, 0.3333333333333333]"
14927,86.32293623393522,958775.5099404462,"[0.3333333333333333, 0.3333333333333333, 0.3333333333333333]"
14928,460.3180855868493,615760.4399399337,"[0.3333333333333333, 0.3333333333333333, 0.3333333333333333]"
14929,270.6452739802311,479525.44997080625,"[0.3333333333333333, 0.3333333333333333, 0.3333333333333333]"
14930,588.9134026952515,810763.0692219468,"[0.3333333333333333, 0.3333333333333333, 0.3333333333333333]"
14931,519.6648713075315,212105.71275994397,"[0.3333333333333333, 0.3333333333333333, 0.3333333333333333]"
14932,551.8203795424324,833338.7640682033,"[0.3333333333333333, 0.3333333333333333, 0.3333333333333333]"
14933,121.49358248351376,472920.5888186153,"[0.3333333333333333, 0.3333333333333333, 0.3333333333333333]"
14934,856.3556563624533,802433.9111877774,"[0.3333333333333333, 0.3333333333333333, 0.3333333333333333]"
14935,801.6630000426136,766342.0705717053,"[0.3333333333333333, 0.3333333333333333, 0.3333333333333333]"
14936,286.40831140022897,675773.1168945612,"[0.3333333333333333, 0.3333333333333333, 0.3333333333333333]"
14937,875.1932066152414,484141.0375279412,"[0.3333333333333333, 0.3333333333333333, 0.3333333333333333]"
14938,596.1281215379356,743445.5642200373,"[0.3333333333333333, 0.3333333333333333, 0.3333333333333333]"
14939,533.4035104462001,684539.7403000602,"[0.3333333333333333, 0.3333333333333333, 0.3333333333333333]"
14940,170.36779099152224,281404.7206761665,"[0.3333333333333333, 0.3333333333333333, 0.3333333333333333]"
14941,197.8207053564354,519029.93943333975,"[0.3333333333333333, 0.3333333333333333, 0.3333333333333333]"
14942,335.40207546403093,473478.8716444502,"[0.3333333333333333, 0.3333333333333333, 0.3333333333333333]"
14943,916.0684280545643,607648.5038788681,"[0.3333333333333333, 0.3333333333333333, 0.3333333333333333]"
14944,398.6692106160866,152107.07455597972,"[0.3333333333333333, 0.3333333333333333, 0.3333333333333333]"
14945,480.9014196707904,649248.4082821278,"[0.3333333333333333, 0.3333333333333333, 0.3333333333333333]"
14946,824.9209284176876,359850.8832508967,"[0.3333333333333333, 0.3333333333333333, 0.3333333333333333]"
14947,528.8126372063235,100709.79616600627,"[0.3333333333333333, 0.3333333333333333, 0.3333333333333333]"
14948,913.7369594757251,162590.30598771555,"[0.3333333333333333, 0.3333333333333333, 0.3333333333333333]"
14949,902.8186617189014,729514.7833528748,"[0.3333333333333333, 0.3333333333333333, 0.3333333333333333]"
14950,489.5304480619799,526588.3451884598,"[0.3333333333333333, 0.3333333333333333, 0.3333333333333333]"
14951,339.6691947911952,284991.9805968646,"[0.3333333333333333, 0.3333333333333333, 0.3333333333333333]"
14952,298.0714731664094,806428.2411758514,"[0.3333333333333333, 0.3333333333333333, 0.3333333333333333]"
14953,809.2199037924931,927032.9538790784,"[0.3333333333333333, 0.3333333333333333, 0.3333333333333333]"
14954,561.4992458305146,952941.1774129852,"[0.3333333333333333, 0.3333333333333333, 0.3333333333333333]"
14955,395.4922682945505,910566.216367586,"[0.3333333333333333, 0.3333333333333333, 0.3333333333333333]"
14956,565.691970862453,316766.2402046198,"[0.3333333333333333, 0.3333333333333333, 0.3333333333333333]"
14957,599.4864997229882,815169.6572355885,"[0.3333333333333333, 0.3333333333333333, 0.3333333333333333]"
14958,763.6985271969268,266911.1576618495,"[0.3333333333333333, 0.3333333333333333, 0.3333333333333333]"
14959,851.6180259209503,452077.45180465886,"[0.3333333333333333, 0.3333333333333333, 0.3333333333333333]"
14960,684.1887190164794,212854.99442454573,"[0.3333333333333333, 0.3333333333333333, 0.3333333333333333]"
14961,40.96457935320359,722049.7271732633,"[0.3333333333333333, 0.3333333333333333, 0.3333333333333333]"
14962,738.2136430024862,628163.4679871374,"[0.3333333333333333, 0.3333333333333333, 0.3333333333333333]"
14963,640.2098292547697,287136.5706051637,"[0.3333333333333333, 0.3333333333333333, 0.3333333333333333]"
14964,669.3972513433988,909374.7367144548,"[0.3333333333333333, 0.3333333333333333, 0.3333333333333333]"
14965,805.444105461342,571869.8192359481,"[0.3333333333333333, 0.3333333333333333, 0.3333333333333333]"
14966,469.5959490623027,840233.1389394361,"[0.3333333333333333, 0.3333333333333333, 0.3333333333333333]"
14967,104.94392962917777,412376.7194016734,"[0.3333333333333333, 0.3333333333333333, 0.3333333333333333]"
14968,100.36154332053673,890733.7056489048,"[0.3333333333333333, 0.3333333333333333, 0.3333333333333333]"
14969,232.15513243356392,840592.7322934178,"[0.3333333333333333, 0.3333333333333333, 0.3333333333333333]"
14970,476.43613830913387,554054.5457735581,"[0.3333333333333333, 0.3333333333333333, 0.3333333333333333]"
14971,97.61475435434922,195418.55710756627,"[0.3333333333333333, 0.3333333333333333, 0.3333333333333333]"
14972,188.14869788796577,486987.66232347675,"[0.3333333333333333, 0.3333333333333333, 0.3333333333333333]"
14973,716.7931854062596,771482.644771451,"[0.3333333333333333, 0.3333333333333333, 0.3333333333333333]"
14974,811.0337289357432,716822.5760864835,"[0.3333333333333333, 0.3333333333333333, 0.3333333333333333]"
14975,938.7757680203067,826134.4480148127,"[0.3333333333333333, 0.3333333333333333, 0.3333333333333333]"
14976,633.4916516044268,199572.0005885816,"[0.3333333333333333, 0.3333333333333333, 0.3333333333333333]"
14977,647.9864722908634,101305.20675795272,"[0.3333333333333333, 0.3333333333333333, 0.3333333333333333]"
14978,30.623618345438796,542325.3691329593,"[0.3333333333333333, 0.3333333333333333, 0.3333333333333333]"
14979,406.1666320513446,315758.10686503665,"[0.3333333333333333, 0.3333333333333333, 0.3333333333333333]"
14980,951.713262900149,378677.837684364,"[0.3333333333333333, 0.3333333333333333, 0.3333333333333333]"
14981,647.9474613098364,425843.25453136105,"[0.3333333333333333, 0.3333333333333333, 0.3333333333333333]"
14982,591.8529300094308,318501.87049867545,"[0.3333333333333333, 0.3333333333333333, 0.3333333333333333]"
14983,183.68122432210762,576768.618251174,"[0.3333333333333333, 0.3333333333333333, 0.3333333333333333]"
14984,223.50315100953378,146968.84782336984,"[0.3333333333333333, 0.3333333333333333, 0.3333333333333333]"
14985,77.38392239293462,538281.7146894713,"[0.3333333333333333, 0.3333333333333333, 0.3333333333333333]"
14986,99.70278493819025,878200.0513112257,"[0.3333333333333333, 0.3333333333333333, 0.3333333333333333]"
14987,204.70878143771932,152236.75403259764,"[0.3333333333333333, 0.3333333333333333, 0.3333333333333333]"
14988,972.4347957985199,697335.4625517272,"[0.3333333333333333, 0.3333333333333333, 0.3333333333333333]"
14989,755.9009686785591,506823.9938416393,"[0.3333333333333333, 0.3333333333333333, 0.3333333333333333]"
14990,547.0687558435078,451247.6085865108,"[0.3333333333333333, 0.3333333333333333, 0.3333333333333333]"
14991,319.332421865398,553644.6746206862,"[0.3333333333333333, 0.3333333333333333, 0.3333333333333333]"
14992,383.20111311240447,901460.998675225,"[0.3333333333333333, 0.3333333333333333, 0.3333333333333333]"
14993,490.54808998241964,781817.1502595879,"[0.3333333333333333, 0.3333333333333333, 0.3333333333333333]"
14994,774.856184130998,291125.90041663195,"[0.3333333333333333, 0.3333333333333333, 0.3333333333333333]"
14995,986.3826291514579,809685.1117510614,"[0.3333333333333333, 0.3333333333333333, 0.3333333333333333]"
14996,236.8421175879163,813449.1010740852,"[0.3333333333333333, 0.3333333333333333, 0.3333333333333333]"
14997,476.565056424497,770048.2624118652,"[0.3333333333333333, 0.3333333333333333, 0.3333333333333333]"
14998,58.70790209274201,119787.1945093053,"[0.3333333333333333, 0.3333333333333333, 0.3333333333333333]"
14999,134.67028523374915,598779.538190906,"[0.3333333333333333, 0.3333333333333333, 0.3333333333333333]"
# ('Propane', 'N-Butane', 'Heptane')\n