,T,P,zs
0,125.68353125850906,582694.3869730264,"[0.2, 0.2, 0.2, 0.2, 0.2]"
1,769.3971991046888,163531.0643924598,"[0.2, 0.2, 0.2, 0.2, 0.2]"
2,829.3201091259464,165521.0567064488,"[0.2, 0.2, 0.2, 0.2, 0.2]"
3,634.9000867691612,500145.14696635643,"[0.2, 0.2, 0.2, 0.2, 0.2]"
4,39.78436122499876,825354.7299524103,"[0.2, 0.2, 0.2, 0.2, 0.2]"
5,105.34110057374187,622966.1618888008,"[0.2, 0.2, 0.2, 0.2, 0.2]"
6,535.1754527834298,591523.7702055358,"[0.2, 0.2, 0.2, 0.2, 0.2]"
7,26.385914054742273,218145.47813853348,"[0.2, 0.2, 0.2, 0.2, 0.2]"
8,78.86690529462513,977696.1278890846,"[0.2, 0.2, 0.2, 0.2, 0.2]"
9,81.58384421094719,711646.3091759039,"[0.2, 0.2, 0.2, 0.2, 0.2]"
10,603.9174461370645,116564.5861478092,"[0.2, 0.2, 0.2, 0.2, 0.2]"
11,161.67139728499518,466581.11994079297,"[0.2, 0.2, 0.2, 0.2, 0.2]"
12,756.8745777805009,676092.7811780433,"[0.2, 0.2, 0.2, 0.2, 0.2]"
13,505.4262208935802,315830.854383886,"[0.2, 0.2, 0.2, 0.2, 0.2]"
14,447.46291969976824,735037.0837578407,"[0.2, 0.2, 0.2, 0.2, 0.2]"
15,563.3844081133245,535651.8780440035,"[0.2, 0.2, 0.2, 0.2, 0.2]"
16,516.1612533756976,491397.02461285854,"[0.2, 0.2, 0.2, 0.2, 0.2]"
17,875.7824854784453,678497.1153786867,"[0.2, 0.2, 0.2, 0.2, 0.2]"
18,255.66281824703876,559984.3655197024,"[0.2, 0.2, 0.2, 0.2, 0.2]"
19,865.4651397720106,689417.3140839508,"[0.2, 0.2, 0.2, 0.2, 0.2]"
20,142.11032743523555,129097.91891101845,"[0.2, 0.2, 0.2, 0.2, 0.2]"
21,180.4900727184063,690733.947237165,"[0.2, 0.2, 0.2, 0.2, 0.2]"
22,548.5648125935967,497956.55681368435,"[0.2, 0.2, 0.2, 0.2, 0.2]"
23,946.6823658978643,410399.17460919573,"[0.2, 0.2, 0.2, 0.2, 0.2]"
24,283.5933436417727,867174.1666444527,"[0.2, 0.2, 0.2, 0.2, 0.2]"
25,507.58278085518316,631124.9552679174,"[0.2, 0.2, 0.2, 0.2, 0.2]"
26,271.3612690415734,676256.4771196708,"[0.2, 0.2, 0.2, 0.2, 0.2]"
27,686.2986957658205,944432.2407589799,"[0.2, 0.2, 0.2, 0.2, 0.2]"
28,355.04949709644154,719370.7425141319,"[0.2, 0.2, 0.2, 0.2, 0.2]"
29,872.9582072164563,238494.9068832966,"[0.2, 0.2, 0.2, 0.2, 0.2]"
30,136.09737088330039,724257.837530426,"[0.2, 0.2, 0.2, 0.2, 0.2]"
31,523.3577059304068,558766.2941894049,"[0.2, 0.2, 0.2, 0.2, 0.2]"
32,772.8865112106112,813411.709788909,"[0.2, 0.2, 0.2, 0.2, 0.2]"
33,78.6468031334953,780218.8379778995,"[0.2, 0.2, 0.2, 0.2, 0.2]"
34,512.5015432761584,424159.47252487054,"[0.2, 0.2, 0.2, 0.2, 0.2]"
35,10.087632599124625,583712.8817264535,"[0.2, 0.2, 0.2, 0.2, 0.2]"
36,924.9118187753677,321045.63800564717,"[0.2, 0.2, 0.2, 0.2, 0.2]"
37,558.8681620869781,333235.3487484675,"[0.2, 0.2, 0.2, 0.2, 0.2]"
38,529.4294053319301,365049.9086205084,"[0.2, 0.2, 0.2, 0.2, 0.2]"
39,953.0133919168434,471234.32879285,"[0.2, 0.2, 0.2, 0.2, 0.2]"
40,107.43046010975982,731944.6435228303,"[0.2, 0.2, 0.2, 0.2, 0.2]"
41,156.52655577779223,909986.2008552871,"[0.2, 0.2, 0.2, 0.2, 0.2]"
42,904.5147181149263,187595.8034660195,"[0.2, 0.2, 0.2, 0.2, 0.2]"
43,507.84013394808926,491853.32759793114,"[0.2, 0.2, 0.2, 0.2, 0.2]"
44,875.1884892205146,627235.3785059054,"[0.2, 0.2, 0.2, 0.2, 0.2]"
45,791.3480506072966,799015.8863141715,"[0.2, 0.2, 0.2, 0.2, 0.2]"
46,804.4447383214181,194001.6879003546,"[0.2, 0.2, 0.2, 0.2, 0.2]"
47,416.5497513931537,968672.263941379,"[0.2, 0.2, 0.2, 0.2, 0.2]"
48,544.0687232693364,946099.7691114747,"[0.2, 0.2, 0.2, 0.2, 0.2]"
49,290.7331537945697,443461.48368912446,"[0.2, 0.2, 0.2, 0.2, 0.2]"
50,679.8144561601971,292901.0684512521,"[0.2, 0.2, 0.2, 0.2, 0.2]"
51,56.64696617795155,197489.98097911413,"[0.2, 0.2, 0.2, 0.2, 0.2]"
52,603.8524523044437,313940.8449851072,"[0.2, 0.2, 0.2, 0.2, 0.2]"
53,918.436420372256,221711.76415685337,"[0.2, 0.2, 0.2, 0.2, 0.2]"
54,299.53481817032804,142585.17116168453,"[0.2, 0.2, 0.2, 0.2, 0.2]"
55,888.3208993627765,812048.4007007856,"[0.2, 0.2, 0.2, 0.2, 0.2]"
56,39.89482079936319,769120.8962836083,"[0.2, 0.2, 0.2, 0.2, 0.2]"
57,29.010803593692366,320754.7857187259,"[0.2, 0.2, 0.2, 0.2, 0.2]"
58,340.1079706585227,424953.7472885106,"[0.2, 0.2, 0.2, 0.2, 0.2]"
59,824.1456625961052,788000.5788642806,"[0.2, 0.2, 0.2, 0.2, 0.2]"
60,857.4003383607085,846601.4742014763,"[0.2, 0.2, 0.2, 0.2, 0.2]"
61,451.7282107706086,812486.097283484,"[0.2, 0.2, 0.2, 0.2, 0.2]"
62,753.9173524759904,496868.39218616346,"[0.2, 0.2, 0.2, 0.2, 0.2]"
63,112.39206062477766,403517.00298297324,"[0.2, 0.2, 0.2, 0.2, 0.2]"
64,504.43509219388557,251547.2556714863,"[0.2, 0.2, 0.2, 0.2, 0.2]"
65,525.6605060655376,925303.0708712596,"[0.2, 0.2, 0.2, 0.2, 0.2]"
66,576.4462511207118,980293.764080218,"[0.2, 0.2, 0.2, 0.2, 0.2]"
67,323.8279427008581,185643.94682808383,"[0.2, 0.2, 0.2, 0.2, 0.2]"
68,272.97262575040236,242688.77851820123,"[0.2, 0.2, 0.2, 0.2, 0.2]"
69,908.5387694920141,762791.9459542027,"[0.2, 0.2, 0.2, 0.2, 0.2]"
70,945.6925922167243,262768.7155056485,"[0.2, 0.2, 0.2, 0.2, 0.2]"
71,77.6373091433657,907145.3069526391,"[0.2, 0.2, 0.2, 0.2, 0.2]"
72,611.0864880467744,566377.3706526775,"[0.2, 0.2, 0.2, 0.2, 0.2]"
73,735.1929544387092,655003.7432591019,"[0.2, 0.2, 0.2, 0.2, 0.2]"
74,916.3623716899867,622676.3807673424,"[0.2, 0.2, 0.2, 0.2, 0.2]"
75,440.2133263637043,681796.4569921647,"[0.2, 0.2, 0.2, 0.2, 0.2]"
76,391.9169306272213,290226.7518081729,"[0.2, 0.2, 0.2, 0.2, 0.2]"
77,137.40725973609239,342192.91044646606,"[0.2, 0.2, 0.2, 0.2, 0.2]"
78,202.43576049772156,171052.29467013583,"[0.2, 0.2, 0.2, 0.2, 0.2]"
79,683.8322215573774,893514.0745158165,"[0.2, 0.2, 0.2, 0.2, 0.2]"
80,80.02466811145194,818351.6838877484,"[0.2, 0.2, 0.2, 0.2, 0.2]"
81,400.4773913780017,402327.9464454071,"[0.2, 0.2, 0.2, 0.2, 0.2]"
82,767.9859777668009,965874.1822555728,"[0.2, 0.2, 0.2, 0.2, 0.2]"
83,134.1711890075999,864686.7220260788,"[0.2, 0.2, 0.2, 0.2, 0.2]"
84,493.80243606736326,423047.9169058223,"[0.2, 0.2, 0.2, 0.2, 0.2]"
85,170.95362638484397,695519.6127930365,"[0.2, 0.2, 0.2, 0.2, 0.2]"
86,943.7546366365578,324844.60803838144,"[0.2, 0.2, 0.2, 0.2, 0.2]"
87,550.8901265616803,184372.92617079793,"[0.2, 0.2, 0.2, 0.2, 0.2]"
88,595.9404892701642,176496.52135121875,"[0.2, 0.2, 0.2, 0.2, 0.2]"
89,656.9338238855736,567526.4769410425,"[0.2, 0.2, 0.2, 0.2, 0.2]"
90,186.3334190061162,252414.5011578833,"[0.2, 0.2, 0.2, 0.2, 0.2]"
91,346.48371835321785,643221.9013317579,"[0.2, 0.2, 0.2, 0.2, 0.2]"
92,112.46784908817257,306746.1721179291,"[0.2, 0.2, 0.2, 0.2, 0.2]"
93,761.6821518915181,989605.5848420602,"[0.2, 0.2, 0.2, 0.2, 0.2]"
94,852.4753889252258,967945.6936160915,"[0.2, 0.2, 0.2, 0.2, 0.2]"
95,849.6131527911647,922718.6803549767,"[0.2, 0.2, 0.2, 0.2, 0.2]"
96,654.200976685995,718637.3445627524,"[0.2, 0.2, 0.2, 0.2, 0.2]"
97,332.63821084672094,952066.0128450755,"[0.2, 0.2, 0.2, 0.2, 0.2]"
98,617.5556282864054,568259.05315055,"[0.2, 0.2, 0.2, 0.2, 0.2]"
99,248.0889402816767,283779.0454793547,"[0.2, 0.2, 0.2, 0.2, 0.2]"
100,653.1102834010675,704887.4614368418,"[0.2, 0.2, 0.2, 0.2, 0.2]"
101,882.4108988531754,668091.2566269065,"[0.2, 0.2, 0.2, 0.2, 0.2]"
102,851.2440424839295,939818.4343739203,"[0.2, 0.2, 0.2, 0.2, 0.2]"
103,549.2148643759331,503007.79826117994,"[0.2, 0.2, 0.2, 0.2, 0.2]"
104,476.3780305925514,720094.9406924794,"[0.2, 0.2, 0.2, 0.2, 0.2]"
105,606.5466033121463,527683.883164525,"[0.2, 0.2, 0.2, 0.2, 0.2]"
106,862.8777329200558,526221.5887053763,"[0.2, 0.2, 0.2, 0.2, 0.2]"
107,818.8534325108801,478130.7762925888,"[0.2, 0.2, 0.2, 0.2, 0.2]"
108,530.7190617698735,769069.3808050707,"[0.2, 0.2, 0.2, 0.2, 0.2]"
109,921.7231024475399,595278.6028683572,"[0.2, 0.2, 0.2, 0.2, 0.2]"
110,569.6338023447374,875109.4222492668,"[0.2, 0.2, 0.2, 0.2, 0.2]"
111,744.4034628257698,757932.5285139597,"[0.2, 0.2, 0.2, 0.2, 0.2]"
112,477.0660001724951,594312.0710274167,"[0.2, 0.2, 0.2, 0.2, 0.2]"
113,142.90284104673347,111688.92064255243,"[0.2, 0.2, 0.2, 0.2, 0.2]"
114,608.9795692103186,730815.8404999535,"[0.2, 0.2, 0.2, 0.2, 0.2]"
115,975.4253844844286,284316.91668840795,"[0.2, 0.2, 0.2, 0.2, 0.2]"
116,954.843805269712,310383.387248314,"[0.2, 0.2, 0.2, 0.2, 0.2]"
117,848.9665017917489,359508.29137804813,"[0.2, 0.2, 0.2, 0.2, 0.2]"
118,856.9656802152559,736814.6367649311,"[0.2, 0.2, 0.2, 0.2, 0.2]"
119,36.67366580415296,168956.40024144098,"[0.2, 0.2, 0.2, 0.2, 0.2]"
120,819.4247883602166,762328.3234547072,"[0.2, 0.2, 0.2, 0.2, 0.2]"
121,635.6603181695662,393745.09979179647,"[0.2, 0.2, 0.2, 0.2, 0.2]"
122,807.9094711166613,385307.3704858433,"[0.2, 0.2, 0.2, 0.2, 0.2]"
123,103.09182799007618,513071.4600258338,"[0.2, 0.2, 0.2, 0.2, 0.2]"
124,635.6491928303169,239083.77385502926,"[0.2, 0.2, 0.2, 0.2, 0.2]"
125,332.38387930005877,454119.974346905,"[0.2, 0.2, 0.2, 0.2, 0.2]"
126,293.6053817759768,785375.6423096646,"[0.2, 0.2, 0.2, 0.2, 0.2]"
127,488.07628861977224,387446.0432027183,"[0.2, 0.2, 0.2, 0.2, 0.2]"
128,352.978868453859,814895.2025433369,"[0.2, 0.2, 0.2, 0.2, 0.2]"
129,524.4856146961824,772509.9684026109,"[0.2, 0.2, 0.2, 0.2, 0.2]"
130,158.77748552268778,516800.4861381138,"[0.2, 0.2, 0.2, 0.2, 0.2]"
131,35.75851215181602,516650.52026249,"[0.2, 0.2, 0.2, 0.2, 0.2]"
132,862.4699710066335,400884.38225243136,"[0.2, 0.2, 0.2, 0.2, 0.2]"
133,890.3809676153318,511336.34063763113,"[0.2, 0.2, 0.2, 0.2, 0.2]"
134,613.7457990731708,860332.0084650328,"[0.2, 0.2, 0.2, 0.2, 0.2]"
135,714.0416197885326,129451.56535528398,"[0.2, 0.2, 0.2, 0.2, 0.2]"
136,680.4826788592765,818667.01665765,"[0.2, 0.2, 0.2, 0.2, 0.2]"
137,254.434227879855,563759.9431511387,"[0.2, 0.2, 0.2, 0.2, 0.2]"
138,425.9322825413842,549137.4835844517,"[0.2, 0.2, 0.2, 0.2, 0.2]"
139,70.13159177572012,189800.6783504163,"[0.2, 0.2, 0.2, 0.2, 0.2]"
140,197.11761684605136,900109.4782402855,"[0.2, 0.2, 0.2, 0.2, 0.2]"
141,932.695412172473,864960.7974744905,"[0.2, 0.2, 0.2, 0.2, 0.2]"
142,655.6228960987107,585958.352849136,"[0.2, 0.2, 0.2, 0.2, 0.2]"
143,156.620436926433,346669.2670618651,"[0.2, 0.2, 0.2, 0.2, 0.2]"
144,288.8583060414703,604695.8278857415,"[0.2, 0.2, 0.2, 0.2, 0.2]"
145,807.2852185559594,555349.1608679367,"[0.2, 0.2, 0.2, 0.2, 0.2]"
146,135.77506712595593,265017.81486684317,"[0.2, 0.2, 0.2, 0.2, 0.2]"
147,18.686148754541794,380399.82925678126,"[0.2, 0.2, 0.2, 0.2, 0.2]"
148,295.3318155361449,407701.4035752974,"[0.2, 0.2, 0.2, 0.2, 0.2]"
149,275.5121554909319,796790.6144269906,"[0.2, 0.2, 0.2, 0.2, 0.2]"
150,700.2510570626598,460681.9312206851,"[0.2, 0.2, 0.2, 0.2, 0.2]"
151,988.3921905913007,670194.5311312596,"[0.2, 0.2, 0.2, 0.2, 0.2]"
152,357.89863442163244,103410.25136375967,"[0.2, 0.2, 0.2, 0.2, 0.2]"
153,462.47500568996367,166549.7581263962,"[0.2, 0.2, 0.2, 0.2, 0.2]"
154,955.538217059,454331.12498579104,"[0.2, 0.2, 0.2, 0.2, 0.2]"
155,489.4536495229292,321965.9583149108,"[0.2, 0.2, 0.2, 0.2, 0.2]"
156,264.81481854815405,690151.7800188032,"[0.2, 0.2, 0.2, 0.2, 0.2]"
157,101.89071475143241,561768.398757256,"[0.2, 0.2, 0.2, 0.2, 0.2]"
158,166.95133826705012,419464.75350566953,"[0.2, 0.2, 0.2, 0.2, 0.2]"
159,542.471367964421,630793.7764782453,"[0.2, 0.2, 0.2, 0.2, 0.2]"
160,414.604864479479,732311.2538951562,"[0.2, 0.2, 0.2, 0.2, 0.2]"
161,622.7740908057756,271425.8407043301,"[0.2, 0.2, 0.2, 0.2, 0.2]"
162,983.4918933989877,642006.1163173702,"[0.2, 0.2, 0.2, 0.2, 0.2]"
163,386.2751403329102,568743.7842811348,"[0.2, 0.2, 0.2, 0.2, 0.2]"
164,885.8128803517235,376689.4411681633,"[0.2, 0.2, 0.2, 0.2, 0.2]"
165,692.2430306661977,636717.5946591814,"[0.2, 0.2, 0.2, 0.2, 0.2]"
166,909.4244096649677,143102.60898699804,"[0.2, 0.2, 0.2, 0.2, 0.2]"
167,604.4789324594645,844863.0332521315,"[0.2, 0.2, 0.2, 0.2, 0.2]"
168,141.51624647324974,532796.8202172702,"[0.2, 0.2, 0.2, 0.2, 0.2]"
169,907.5854932731185,486156.87123384746,"[0.2, 0.2, 0.2, 0.2, 0.2]"
170,62.50704414133868,858445.302161923,"[0.2, 0.2, 0.2, 0.2, 0.2]"
171,557.0094729472837,967839.452014659,"[0.2, 0.2, 0.2, 0.2, 0.2]"
172,238.43389678039773,367388.4806488531,"[0.2, 0.2, 0.2, 0.2, 0.2]"
173,120.66922272714542,508055.1046037026,"[0.2, 0.2, 0.2, 0.2, 0.2]"
174,567.9151543838192,793613.8486307731,"[0.2, 0.2, 0.2, 0.2, 0.2]"
175,300.86459124589874,516232.7272875783,"[0.2, 0.2, 0.2, 0.2, 0.2]"
176,664.014902072104,490197.2083084125,"[0.2, 0.2, 0.2, 0.2, 0.2]"
177,381.4953170843657,289869.534660958,"[0.2, 0.2, 0.2, 0.2, 0.2]"
178,947.3674313138861,668359.93739743,"[0.2, 0.2, 0.2, 0.2, 0.2]"
179,774.540180565005,896124.6541635103,"[0.2, 0.2, 0.2, 0.2, 0.2]"
180,44.36244791775672,453667.6457930607,"[0.2, 0.2, 0.2, 0.2, 0.2]"
181,873.5381529475154,410048.8636029166,"[0.2, 0.2, 0.2, 0.2, 0.2]"
182,441.58183909015935,760830.9959090343,"[0.2, 0.2, 0.2, 0.2, 0.2]"
183,425.36617401899207,771330.0563223709,"[0.2, 0.2, 0.2, 0.2, 0.2]"
184,556.9149825536028,239520.16040258665,"[0.2, 0.2, 0.2, 0.2, 0.2]"
185,365.6572780692478,283621.94632951124,"[0.2, 0.2, 0.2, 0.2, 0.2]"
186,735.9324000191167,842355.5498806491,"[0.2, 0.2, 0.2, 0.2, 0.2]"
187,515.8194712058738,118846.93035079176,"[0.2, 0.2, 0.2, 0.2, 0.2]"
188,503.51501667861953,288034.86379062524,"[0.2, 0.2, 0.2, 0.2, 0.2]"
189,307.46522202281074,698297.7495360385,"[0.2, 0.2, 0.2, 0.2, 0.2]"
190,972.4526065356775,504850.1552010302,"[0.2, 0.2, 0.2, 0.2, 0.2]"
191,30.328152178158103,787964.4108907082,"[0.2, 0.2, 0.2, 0.2, 0.2]"
192,402.2506301988458,264560.83978071855,"[0.2, 0.2, 0.2, 0.2, 0.2]"
193,566.2206671349866,172349.90907137824,"[0.2, 0.2, 0.2, 0.2, 0.2]"
194,165.22558768584872,772304.7161444161,"[0.2, 0.2, 0.2, 0.2, 0.2]"
195,886.617605836698,491250.1016586608,"[0.2, 0.2, 0.2, 0.2, 0.2]"
196,816.1008962640301,394849.8261408152,"[0.2, 0.2, 0.2, 0.2, 0.2]"
197,422.8990823677394,681038.3059298021,"[0.2, 0.2, 0.2, 0.2, 0.2]"
198,108.75784831817813,240990.5671146845,"[0.2, 0.2, 0.2, 0.2, 0.2]"
199,548.3536998741838,232245.81122773126,"[0.2, 0.2, 0.2, 0.2, 0.2]"
200,579.1371185391405,634910.212593587,"[0.2, 0.2, 0.2, 0.2, 0.2]"
201,16.670410530062096,431975.13246967003,"[0.2, 0.2, 0.2, 0.2, 0.2]"
202,639.6272986503,775492.6064826027,"[0.2, 0.2, 0.2, 0.2, 0.2]"
203,945.1926981611218,850339.084079296,"[0.2, 0.2, 0.2, 0.2, 0.2]"
204,553.7173400966059,525838.7231736619,"[0.2, 0.2, 0.2, 0.2, 0.2]"
205,424.59567932947135,244452.44287515583,"[0.2, 0.2, 0.2, 0.2, 0.2]"
206,115.69667635525508,625960.0667445915,"[0.2, 0.2, 0.2, 0.2, 0.2]"
207,875.7146222085324,290055.94593156595,"[0.2, 0.2, 0.2, 0.2, 0.2]"
208,968.3133934259329,557703.2898079765,"[0.2, 0.2, 0.2, 0.2, 0.2]"
209,142.24635881931553,441628.590103275,"[0.2, 0.2, 0.2, 0.2, 0.2]"
210,149.66608117979516,191243.76491234428,"[0.2, 0.2, 0.2, 0.2, 0.2]"
211,832.9851389046127,744489.459206612,"[0.2, 0.2, 0.2, 0.2, 0.2]"
212,351.74940392192383,461735.55621887476,"[0.2, 0.2, 0.2, 0.2, 0.2]"
213,79.61529643266316,658154.3180340019,"[0.2, 0.2, 0.2, 0.2, 0.2]"
214,791.2667374007618,842173.5095714929,"[0.2, 0.2, 0.2, 0.2, 0.2]"
215,528.7928138673476,859737.3775309267,"[0.2, 0.2, 0.2, 0.2, 0.2]"
216,607.237351623021,150473.6622263154,"[0.2, 0.2, 0.2, 0.2, 0.2]"
217,25.883004558996006,427693.7050746661,"[0.2, 0.2, 0.2, 0.2, 0.2]"
218,355.1154651653989,690471.5475304382,"[0.2, 0.2, 0.2, 0.2, 0.2]"
219,546.8307978699178,690211.875904863,"[0.2, 0.2, 0.2, 0.2, 0.2]"
220,591.29240079114,220752.27025628707,"[0.2, 0.2, 0.2, 0.2, 0.2]"
221,719.0634113733967,979695.8295334181,"[0.2, 0.2, 0.2, 0.2, 0.2]"
222,727.142564867824,168092.02335592994,"[0.2, 0.2, 0.2, 0.2, 0.2]"
223,243.99984353841398,219826.87728016984,"[0.2, 0.2, 0.2, 0.2, 0.2]"
224,507.544480453954,170394.71158878933,"[0.2, 0.2, 0.2, 0.2, 0.2]"
225,270.60017138183093,960633.1913566081,"[0.2, 0.2, 0.2, 0.2, 0.2]"
226,962.518686476608,220627.22702059,"[0.2, 0.2, 0.2, 0.2, 0.2]"
227,98.85434290743166,922145.3639845134,"[0.2, 0.2, 0.2, 0.2, 0.2]"
228,111.42429972195639,536447.0115289899,"[0.2, 0.2, 0.2, 0.2, 0.2]"
229,701.9068836942203,275603.44159498485,"[0.2, 0.2, 0.2, 0.2, 0.2]"
230,973.6995679326304,656037.443379448,"[0.2, 0.2, 0.2, 0.2, 0.2]"
231,474.82202347915194,689012.5916298697,"[0.2, 0.2, 0.2, 0.2, 0.2]"
232,554.3297448840566,812149.404222598,"[0.2, 0.2, 0.2, 0.2, 0.2]"
233,414.891928456587,525630.7388595042,"[0.2, 0.2, 0.2, 0.2, 0.2]"
234,960.0989238733838,914196.8828232465,"[0.2, 0.2, 0.2, 0.2, 0.2]"
235,126.2830753112541,325655.42901221575,"[0.2, 0.2, 0.2, 0.2, 0.2]"
236,447.5814784152376,380022.68495554954,"[0.2, 0.2, 0.2, 0.2, 0.2]"
237,509.3990536180331,152207.06164576978,"[0.2, 0.2, 0.2, 0.2, 0.2]"
238,73.92474907826364,447355.317629057,"[0.2, 0.2, 0.2, 0.2, 0.2]"
239,726.631909061836,199123.30364959507,"[0.2, 0.2, 0.2, 0.2, 0.2]"
240,871.1611019744159,829005.141238766,"[0.2, 0.2, 0.2, 0.2, 0.2]"
241,510.2412557949144,609845.5619452831,"[0.2, 0.2, 0.2, 0.2, 0.2]"
242,341.91782113822217,914002.4729896054,"[0.2, 0.2, 0.2, 0.2, 0.2]"
243,92.07486618227753,347869.63309816655,"[0.2, 0.2, 0.2, 0.2, 0.2]"
244,350.6396504679828,277239.22812387417,"[0.2, 0.2, 0.2, 0.2, 0.2]"
245,128.1084352943722,331633.9244743999,"[0.2, 0.2, 0.2, 0.2, 0.2]"
246,123.26032447329776,698264.4353979378,"[0.2, 0.2, 0.2, 0.2, 0.2]"
247,380.0695464678433,477199.87888357,"[0.2, 0.2, 0.2, 0.2, 0.2]"
248,862.0922809908043,960404.1975875015,"[0.2, 0.2, 0.2, 0.2, 0.2]"
249,620.9126492238333,474272.7517500358,"[0.2, 0.2, 0.2, 0.2, 0.2]"
250,932.0295968981213,970575.0466614189,"[0.2, 0.2, 0.2, 0.2, 0.2]"
251,807.3270186903715,781348.1586942024,"[0.2, 0.2, 0.2, 0.2, 0.2]"
252,997.3776144582089,113212.978886465,"[0.2, 0.2, 0.2, 0.2, 0.2]"
253,437.02744206168853,178650.49003936455,"[0.2, 0.2, 0.2, 0.2, 0.2]"
254,321.2394257686033,719547.3018723325,"[0.2, 0.2, 0.2, 0.2, 0.2]"
255,405.22469445776,307737.06895194843,"[0.2, 0.2, 0.2, 0.2, 0.2]"
256,830.6210378020038,969390.0814237273,"[0.2, 0.2, 0.2, 0.2, 0.2]"
257,811.697364083321,260700.95796422637,"[0.2, 0.2, 0.2, 0.2, 0.2]"
258,562.3167091904924,898634.2032788518,"[0.2, 0.2, 0.2, 0.2, 0.2]"
259,825.6471669739999,509276.78602274787,"[0.2, 0.2, 0.2, 0.2, 0.2]"
260,143.23347595678968,535422.0148630193,"[0.2, 0.2, 0.2, 0.2, 0.2]"
261,630.4719964124677,955218.787356993,"[0.2, 0.2, 0.2, 0.2, 0.2]"
262,881.6279089266515,578306.692250474,"[0.2, 0.2, 0.2, 0.2, 0.2]"
263,766.6859575146195,384523.8344906527,"[0.2, 0.2, 0.2, 0.2, 0.2]"
264,856.5556324255443,534196.4197178273,"[0.2, 0.2, 0.2, 0.2, 0.2]"
265,957.0785630325594,954164.1393844957,"[0.2, 0.2, 0.2, 0.2, 0.2]"
266,481.4699814541008,875353.8196187943,"[0.2, 0.2, 0.2, 0.2, 0.2]"
267,957.7837427358584,197145.47464249973,"[0.2, 0.2, 0.2, 0.2, 0.2]"
268,318.3846117860242,146265.9910001262,"[0.2, 0.2, 0.2, 0.2, 0.2]"
269,238.37908386212476,432795.89631599525,"[0.2, 0.2, 0.2, 0.2, 0.2]"
270,568.8884033526444,577265.1369595821,"[0.2, 0.2, 0.2, 0.2, 0.2]"
271,740.7769821836813,791363.9897831645,"[0.2, 0.2, 0.2, 0.2, 0.2]"
272,183.45800294174165,255689.32052060083,"[0.2, 0.2, 0.2, 0.2, 0.2]"
273,608.6283104654663,724513.8920302141,"[0.2, 0.2, 0.2, 0.2, 0.2]"
274,210.11278197096863,501391.07507041766,"[0.2, 0.2, 0.2, 0.2, 0.2]"
275,568.8352212837348,262859.44971080456,"[0.2, 0.2, 0.2, 0.2, 0.2]"
276,388.0997792257794,229551.63328164053,"[0.2, 0.2, 0.2, 0.2, 0.2]"
277,32.76806051532147,858826.5573160126,"[0.2, 0.2, 0.2, 0.2, 0.2]"
278,417.9660887109194,331802.7044306485,"[0.2, 0.2, 0.2, 0.2, 0.2]"
279,596.7852509745777,657605.3737827403,"[0.2, 0.2, 0.2, 0.2, 0.2]"
280,626.1962197203953,203347.70092947775,"[0.2, 0.2, 0.2, 0.2, 0.2]"
281,416.8979367922917,272049.28503192845,"[0.2, 0.2, 0.2, 0.2, 0.2]"
282,997.8576871132844,231756.32783795302,"[0.2, 0.2, 0.2, 0.2, 0.2]"
283,323.5425585608758,238702.93593030065,"[0.2, 0.2, 0.2, 0.2, 0.2]"
284,758.1628846636421,401205.9809660052,"[0.2, 0.2, 0.2, 0.2, 0.2]"
285,962.5549309273116,141687.10214727005,"[0.2, 0.2, 0.2, 0.2, 0.2]"
286,923.4089472183033,813526.385372928,"[0.2, 0.2, 0.2, 0.2, 0.2]"
287,265.7945818597421,122906.22486154377,"[0.2, 0.2, 0.2, 0.2, 0.2]"
288,312.73341527848225,681225.2892898361,"[0.2, 0.2, 0.2, 0.2, 0.2]"
289,83.4355930926353,233344.0920071026,"[0.2, 0.2, 0.2, 0.2, 0.2]"
290,722.4489976528114,604721.0685869697,"[0.2, 0.2, 0.2, 0.2, 0.2]"
291,856.8800916021091,201251.87897089502,"[0.2, 0.2, 0.2, 0.2, 0.2]"
292,159.9375278099605,353030.198605914,"[0.2, 0.2, 0.2, 0.2, 0.2]"
293,109.81555063005418,955310.7535141942,"[0.2, 0.2, 0.2, 0.2, 0.2]"
294,169.36604566617225,435469.7189106547,"[0.2, 0.2, 0.2, 0.2, 0.2]"
295,666.5766916776662,796141.4928398678,"[0.2, 0.2, 0.2, 0.2, 0.2]"
296,297.9972568152533,343930.6768652167,"[0.2, 0.2, 0.2, 0.2, 0.2]"
297,950.4911202423744,837335.0997127766,"[0.2, 0.2, 0.2, 0.2, 0.2]"
298,577.4996810887926,610963.0654806248,"[0.2, 0.2, 0.2, 0.2, 0.2]"
299,662.2669267793694,928460.1627338524,"[0.2, 0.2, 0.2, 0.2, 0.2]"
300,289.85551316382276,739936.3980122913,"[0.2, 0.2, 0.2, 0.2, 0.2]"
301,951.4313221749125,606882.0129839564,"[0.2, 0.2, 0.2, 0.2, 0.2]"
302,565.6728346682507,177665.77285471643,"[0.2, 0.2, 0.2, 0.2, 0.2]"
303,839.1202312128196,823216.7251475351,"[0.2, 0.2, 0.2, 0.2, 0.2]"
304,967.5952256474718,724877.9928912683,"[0.2, 0.2, 0.2, 0.2, 0.2]"
305,306.5082496897666,957900.2691448021,"[0.2, 0.2, 0.2, 0.2, 0.2]"
306,878.0727351139035,492791.25651661784,"[0.2, 0.2, 0.2, 0.2, 0.2]"
307,701.8448497080432,676525.892446483,"[0.2, 0.2, 0.2, 0.2, 0.2]"
308,408.759129146415,208152.35087412893,"[0.2, 0.2, 0.2, 0.2, 0.2]"
309,916.5125820615037,893134.6626845323,"[0.2, 0.2, 0.2, 0.2, 0.2]"
310,354.72259624850767,682579.3717013054,"[0.2, 0.2, 0.2, 0.2, 0.2]"
311,100.26541237122285,275660.52291555435,"[0.2, 0.2, 0.2, 0.2, 0.2]"
312,568.8928991107294,419903.07190134673,"[0.2, 0.2, 0.2, 0.2, 0.2]"
313,671.3148542651929,914567.3681106609,"[0.2, 0.2, 0.2, 0.2, 0.2]"
314,195.54832328636343,291614.30206772743,"[0.2, 0.2, 0.2, 0.2, 0.2]"
315,77.08975508122629,964362.9514352093,"[0.2, 0.2, 0.2, 0.2, 0.2]"
316,319.1159518671022,552081.1799822594,"[0.2, 0.2, 0.2, 0.2, 0.2]"
317,987.8908499585532,677602.2694263427,"[0.2, 0.2, 0.2, 0.2, 0.2]"
318,574.6130546870504,910553.1874112072,"[0.2, 0.2, 0.2, 0.2, 0.2]"
319,352.98571530105716,616759.8005611411,"[0.2, 0.2, 0.2, 0.2, 0.2]"
320,253.3797429020436,730135.2023676971,"[0.2, 0.2, 0.2, 0.2, 0.2]"
321,126.85884185965853,116706.6975801206,"[0.2, 0.2, 0.2, 0.2, 0.2]"
322,751.2354120023172,525668.3129249003,"[0.2, 0.2, 0.2, 0.2, 0.2]"
323,266.10715531948665,441355.31818576733,"[0.2, 0.2, 0.2, 0.2, 0.2]"
324,531.9863871836668,534891.2456265758,"[0.2, 0.2, 0.2, 0.2, 0.2]"
325,682.4361394857247,577575.4487494007,"[0.2, 0.2, 0.2, 0.2, 0.2]"
326,846.9075510554915,698599.7088848787,"[0.2, 0.2, 0.2, 0.2, 0.2]"
327,124.46167570772975,518143.5238309942,"[0.2, 0.2, 0.2, 0.2, 0.2]"
328,622.1686524925253,396506.14249933,"[0.2, 0.2, 0.2, 0.2, 0.2]"
329,391.8447866203477,822330.8553577181,"[0.2, 0.2, 0.2, 0.2, 0.2]"
330,516.4022094899788,157655.95017055844,"[0.2, 0.2, 0.2, 0.2, 0.2]"
331,748.1130318257827,233985.21914845853,"[0.2, 0.2, 0.2, 0.2, 0.2]"
332,738.1771533947463,988897.2743210953,"[0.2, 0.2, 0.2, 0.2, 0.2]"
333,876.5556458321573,947538.2632653621,"[0.2, 0.2, 0.2, 0.2, 0.2]"
334,849.6664988095438,561211.6501304389,"[0.2, 0.2, 0.2, 0.2, 0.2]"
335,412.9400842497018,230180.24563514764,"[0.2, 0.2, 0.2, 0.2, 0.2]"
336,602.8397120021704,605249.2313315349,"[0.2, 0.2, 0.2, 0.2, 0.2]"
337,689.1370664728711,864394.55418964,"[0.2, 0.2, 0.2, 0.2, 0.2]"
338,89.59588703834201,530518.8312266029,"[0.2, 0.2, 0.2, 0.2, 0.2]"
339,755.2149984827173,238798.903984444,"[0.2, 0.2, 0.2, 0.2, 0.2]"
340,973.9098833774972,861329.4736133065,"[0.2, 0.2, 0.2, 0.2, 0.2]"
341,16.56677396992137,671317.3732149778,"[0.2, 0.2, 0.2, 0.2, 0.2]"
342,723.9666013759963,894002.3700918617,"[0.2, 0.2, 0.2, 0.2, 0.2]"
343,111.20884774365011,912516.9405647421,"[0.2, 0.2, 0.2, 0.2, 0.2]"
344,267.9759147332829,882249.5420966848,"[0.2, 0.2, 0.2, 0.2, 0.2]"
345,534.9457430600704,938875.6870795954,"[0.2, 0.2, 0.2, 0.2, 0.2]"
346,546.4881287761398,454379.8804474007,"[0.2, 0.2, 0.2, 0.2, 0.2]"
347,343.8825127208903,885659.4901167831,"[0.2, 0.2, 0.2, 0.2, 0.2]"
348,599.2069022785369,785127.8897870361,"[0.2, 0.2, 0.2, 0.2, 0.2]"
349,233.9085636079375,536039.9084433159,"[0.2, 0.2, 0.2, 0.2, 0.2]"
350,618.6425661590679,122434.59489027332,"[0.2, 0.2, 0.2, 0.2, 0.2]"
351,72.04409193500759,855778.3453664387,"[0.2, 0.2, 0.2, 0.2, 0.2]"
352,117.27811567130176,657834.4052003337,"[0.2, 0.2, 0.2, 0.2, 0.2]"
353,724.9433568697021,667892.7283836307,"[0.2, 0.2, 0.2, 0.2, 0.2]"
354,84.67712065351778,642213.4838521575,"[0.2, 0.2, 0.2, 0.2, 0.2]"
355,84.25277129108196,228101.97885825025,"[0.2, 0.2, 0.2, 0.2, 0.2]"
356,737.7939388242377,711151.2262160057,"[0.2, 0.2, 0.2, 0.2, 0.2]"
357,360.91822481626275,611447.6945636995,"[0.2, 0.2, 0.2, 0.2, 0.2]"
358,171.81294005383322,704448.0750928042,"[0.2, 0.2, 0.2, 0.2, 0.2]"
359,515.4682558924237,718933.8227346757,"[0.2, 0.2, 0.2, 0.2, 0.2]"
360,214.95737948494244,893295.0364539741,"[0.2, 0.2, 0.2, 0.2, 0.2]"
361,314.34502215644676,377543.85816265305,"[0.2, 0.2, 0.2, 0.2, 0.2]"
362,98.65356428438194,107102.34640562865,"[0.2, 0.2, 0.2, 0.2, 0.2]"
363,269.2500079043765,455550.028858933,"[0.2, 0.2, 0.2, 0.2, 0.2]"
364,589.0335848813658,734030.9013675917,"[0.2, 0.2, 0.2, 0.2, 0.2]"
365,724.4009031914098,736870.6981141794,"[0.2, 0.2, 0.2, 0.2, 0.2]"
366,963.7615380773678,399880.5510930297,"[0.2, 0.2, 0.2, 0.2, 0.2]"
367,447.19479692704715,128196.19855592877,"[0.2, 0.2, 0.2, 0.2, 0.2]"
368,623.3251433579933,110979.9048057567,"[0.2, 0.2, 0.2, 0.2, 0.2]"
369,623.1591635414392,324262.40730112686,"[0.2, 0.2, 0.2, 0.2, 0.2]"
370,367.0516038035037,571041.7956800779,"[0.2, 0.2, 0.2, 0.2, 0.2]"
371,60.337690826487254,283564.2089602867,"[0.2, 0.2, 0.2, 0.2, 0.2]"
372,397.91932101626236,256633.15514629177,"[0.2, 0.2, 0.2, 0.2, 0.2]"
373,628.6362105763715,760958.0535342882,"[0.2, 0.2, 0.2, 0.2, 0.2]"
374,311.66565322960327,405188.69963229785,"[0.2, 0.2, 0.2, 0.2, 0.2]"
375,842.3699664421137,405871.6981641246,"[0.2, 0.2, 0.2, 0.2, 0.2]"
376,557.6763507007173,777729.9513259162,"[0.2, 0.2, 0.2, 0.2, 0.2]"
377,392.3850187359446,154734.44438851485,"[0.2, 0.2, 0.2, 0.2, 0.2]"
378,17.563230959449584,228101.29042821325,"[0.2, 0.2, 0.2, 0.2, 0.2]"
379,840.3975654600222,248013.56128283296,"[0.2, 0.2, 0.2, 0.2, 0.2]"
380,37.84265637439046,530534.3889027323,"[0.2, 0.2, 0.2, 0.2, 0.2]"
381,479.25927117663116,965948.8064287406,"[0.2, 0.2, 0.2, 0.2, 0.2]"
382,813.293636476118,122317.1545664008,"[0.2, 0.2, 0.2, 0.2, 0.2]"
383,107.22154156731868,743764.2252882626,"[0.2, 0.2, 0.2, 0.2, 0.2]"
384,102.38871130799086,600797.1217502484,"[0.2, 0.2, 0.2, 0.2, 0.2]"
385,370.988170680136,840904.4475436825,"[0.2, 0.2, 0.2, 0.2, 0.2]"
386,731.7655122508065,711692.231239164,"[0.2, 0.2, 0.2, 0.2, 0.2]"
387,377.4592521840941,681872.2821150639,"[0.2, 0.2, 0.2, 0.2, 0.2]"
388,570.9035134588943,475344.6649092526,"[0.2, 0.2, 0.2, 0.2, 0.2]"
389,300.9354582656358,105073.40365332493,"[0.2, 0.2, 0.2, 0.2, 0.2]"
390,382.6929143214866,609884.9449194619,"[0.2, 0.2, 0.2, 0.2, 0.2]"
391,706.7509406323574,476974.6286385504,"[0.2, 0.2, 0.2, 0.2, 0.2]"
392,36.032743829227755,481198.6113012738,"[0.2, 0.2, 0.2, 0.2, 0.2]"
393,145.72173004049287,896907.0127204537,"[0.2, 0.2, 0.2, 0.2, 0.2]"
394,524.4986398426282,989877.2678664143,"[0.2, 0.2, 0.2, 0.2, 0.2]"
395,968.8222768238223,221274.95668590954,"[0.2, 0.2, 0.2, 0.2, 0.2]"
396,52.84369657526037,907638.5770681427,"[0.2, 0.2, 0.2, 0.2, 0.2]"
397,45.94028885375625,478220.0595373467,"[0.2, 0.2, 0.2, 0.2, 0.2]"
398,198.6160912128833,314521.46464115893,"[0.2, 0.2, 0.2, 0.2, 0.2]"
399,991.3557906814528,352066.7846914696,"[0.2, 0.2, 0.2, 0.2, 0.2]"
400,561.6816021236458,170826.87241771305,"[0.2, 0.2, 0.2, 0.2, 0.2]"
401,807.0925692724092,958662.8106913457,"[0.2, 0.2, 0.2, 0.2, 0.2]"
402,985.2518382333164,198928.21859059972,"[0.2, 0.2, 0.2, 0.2, 0.2]"
403,127.8511229130415,696486.5513983157,"[0.2, 0.2, 0.2, 0.2, 0.2]"
404,693.2568555339595,301106.61503131036,"[0.2, 0.2, 0.2, 0.2, 0.2]"
405,345.04056354539705,826373.5245526817,"[0.2, 0.2, 0.2, 0.2, 0.2]"
406,509.3721106943543,690082.842251673,"[0.2, 0.2, 0.2, 0.2, 0.2]"
407,254.6578319045814,365644.45228961745,"[0.2, 0.2, 0.2, 0.2, 0.2]"
408,119.60591935071311,705477.4549475462,"[0.2, 0.2, 0.2, 0.2, 0.2]"
409,623.548160705634,378355.5620839848,"[0.2, 0.2, 0.2, 0.2, 0.2]"
410,705.024927694788,743746.2573314364,"[0.2, 0.2, 0.2, 0.2, 0.2]"
411,333.3715620318088,328478.5475988885,"[0.2, 0.2, 0.2, 0.2, 0.2]"
412,880.2032424388487,454375.25228673546,"[0.2, 0.2, 0.2, 0.2, 0.2]"
413,42.728761739602405,195072.77715479984,"[0.2, 0.2, 0.2, 0.2, 0.2]"
414,859.8299456985167,396374.69844429195,"[0.2, 0.2, 0.2, 0.2, 0.2]"
415,511.7558677687509,848450.9635026178,"[0.2, 0.2, 0.2, 0.2, 0.2]"
416,684.1339172289994,788984.1145841179,"[0.2, 0.2, 0.2, 0.2, 0.2]"
417,310.02263512180986,958544.9096556167,"[0.2, 0.2, 0.2, 0.2, 0.2]"
418,904.0794732407636,971884.6120702191,"[0.2, 0.2, 0.2, 0.2, 0.2]"
419,780.9971041851571,217159.00969161594,"[0.2, 0.2, 0.2, 0.2, 0.2]"
420,450.5925607123586,957779.1499921882,"[0.2, 0.2, 0.2, 0.2, 0.2]"
421,897.1596233164698,857937.7879308072,"[0.2, 0.2, 0.2, 0.2, 0.2]"
422,746.351455028112,500016.96487551444,"[0.2, 0.2, 0.2, 0.2, 0.2]"
423,676.0460447876926,563159.6092211059,"[0.2, 0.2, 0.2, 0.2, 0.2]"
424,70.48486180308646,763810.1819296909,"[0.2, 0.2, 0.2, 0.2, 0.2]"
425,123.97717733381938,800235.0735028714,"[0.2, 0.2, 0.2, 0.2, 0.2]"
426,322.30306126089573,604862.4538477852,"[0.2, 0.2, 0.2, 0.2, 0.2]"
427,580.8792418970548,811987.1026795566,"[0.2, 0.2, 0.2, 0.2, 0.2]"
428,465.29577757988636,397396.8940458141,"[0.2, 0.2, 0.2, 0.2, 0.2]"
429,929.2081160966925,506878.5363728107,"[0.2, 0.2, 0.2, 0.2, 0.2]"
430,893.9031665287093,140295.04676563904,"[0.2, 0.2, 0.2, 0.2, 0.2]"
431,381.4732149638201,302626.8655716531,"[0.2, 0.2, 0.2, 0.2, 0.2]"
432,746.8801063266301,881982.1589778914,"[0.2, 0.2, 0.2, 0.2, 0.2]"
433,164.89572029824043,673298.941757859,"[0.2, 0.2, 0.2, 0.2, 0.2]"
434,117.48149195631821,805014.7583654288,"[0.2, 0.2, 0.2, 0.2, 0.2]"
435,583.3834705589595,293821.9113834512,"[0.2, 0.2, 0.2, 0.2, 0.2]"
436,882.375701980394,708853.9724376006,"[0.2, 0.2, 0.2, 0.2, 0.2]"
437,958.3922818426026,376900.6531736156,"[0.2, 0.2, 0.2, 0.2, 0.2]"
438,632.1568587084482,530420.896373341,"[0.2, 0.2, 0.2, 0.2, 0.2]"
439,203.2486553242751,384061.3905939682,"[0.2, 0.2, 0.2, 0.2, 0.2]"
440,745.1792750167823,905215.3657211014,"[0.2, 0.2, 0.2, 0.2, 0.2]"
441,528.1678379178784,679126.588082553,"[0.2, 0.2, 0.2, 0.2, 0.2]"
442,576.3607146384861,443035.18120713846,"[0.2, 0.2, 0.2, 0.2, 0.2]"
443,867.0446681875386,325494.27022739407,"[0.2, 0.2, 0.2, 0.2, 0.2]"
444,569.0989373023024,613149.6827115065,"[0.2, 0.2, 0.2, 0.2, 0.2]"
445,628.6671602245888,444159.11948273744,"[0.2, 0.2, 0.2, 0.2, 0.2]"
446,940.1093682296383,861041.9983535379,"[0.2, 0.2, 0.2, 0.2, 0.2]"
447,868.5628382333567,294341.6333472092,"[0.2, 0.2, 0.2, 0.2, 0.2]"
448,332.43980580305225,586463.0988821632,"[0.2, 0.2, 0.2, 0.2, 0.2]"
449,836.1815929427297,786917.0721768547,"[0.2, 0.2, 0.2, 0.2, 0.2]"
450,820.2794778349847,325002.82201803906,"[0.2, 0.2, 0.2, 0.2, 0.2]"
451,682.4119338418674,817367.5154127517,"[0.2, 0.2, 0.2, 0.2, 0.2]"
452,366.9585768548327,336672.2906237331,"[0.2, 0.2, 0.2, 0.2, 0.2]"
453,651.2465655731673,714806.3374364165,"[0.2, 0.2, 0.2, 0.2, 0.2]"
454,289.28248780853755,883772.070614722,"[0.2, 0.2, 0.2, 0.2, 0.2]"
455,29.710178823688384,486468.99877377826,"[0.2, 0.2, 0.2, 0.2, 0.2]"
456,462.28390320235314,385882.34574834624,"[0.2, 0.2, 0.2, 0.2, 0.2]"
457,232.54011974694842,298966.7695726269,"[0.2, 0.2, 0.2, 0.2, 0.2]"
458,398.7053199728371,820543.2110265688,"[0.2, 0.2, 0.2, 0.2, 0.2]"
459,201.6980308522169,396717.60883320303,"[0.2, 0.2, 0.2, 0.2, 0.2]"
460,257.37550569652683,574938.1330295659,"[0.2, 0.2, 0.2, 0.2, 0.2]"
461,563.1945798075316,443077.7615682412,"[0.2, 0.2, 0.2, 0.2, 0.2]"
462,229.54828125684452,320273.27477073856,"[0.2, 0.2, 0.2, 0.2, 0.2]"
463,650.7100818391707,210470.64981409992,"[0.2, 0.2, 0.2, 0.2, 0.2]"
464,417.61066087508885,357268.0892889524,"[0.2, 0.2, 0.2, 0.2, 0.2]"
465,925.8435206207637,340060.20522543776,"[0.2, 0.2, 0.2, 0.2, 0.2]"
466,919.3781477406975,380109.92038747977,"[0.2, 0.2, 0.2, 0.2, 0.2]"
467,615.0196181161251,885300.0419953058,"[0.2, 0.2, 0.2, 0.2, 0.2]"
468,378.6836543961368,330986.64600925305,"[0.2, 0.2, 0.2, 0.2, 0.2]"
469,933.093130412704,612828.9227236081,"[0.2, 0.2, 0.2, 0.2, 0.2]"
470,890.617031337238,115596.97583665563,"[0.2, 0.2, 0.2, 0.2, 0.2]"
471,309.32434122154564,602395.3309585692,"[0.2, 0.2, 0.2, 0.2, 0.2]"
472,960.8320117902691,647443.4056472597,"[0.2, 0.2, 0.2, 0.2, 0.2]"
473,763.6208971055685,250426.48145069627,"[0.2, 0.2, 0.2, 0.2, 0.2]"
474,735.7769055729594,161798.26611186183,"[0.2, 0.2, 0.2, 0.2, 0.2]"
475,279.4641596403569,158242.47366176726,"[0.2, 0.2, 0.2, 0.2, 0.2]"
476,806.6540576012251,519223.607150879,"[0.2, 0.2, 0.2, 0.2, 0.2]"
477,614.034979625997,245303.30609546724,"[0.2, 0.2, 0.2, 0.2, 0.2]"
478,753.2130076016264,244487.0593177684,"[0.2, 0.2, 0.2, 0.2, 0.2]"
479,205.69739962121352,231193.3668864173,"[0.2, 0.2, 0.2, 0.2, 0.2]"
480,886.5142055149413,655538.1808700365,"[0.2, 0.2, 0.2, 0.2, 0.2]"
481,332.678848752354,165058.72188211133,"[0.2, 0.2, 0.2, 0.2, 0.2]"
482,880.2717171663888,109613.52784788334,"[0.2, 0.2, 0.2, 0.2, 0.2]"
483,62.63816034933143,330482.2439550102,"[0.2, 0.2, 0.2, 0.2, 0.2]"
484,449.1111804394172,948757.6881698186,"[0.2, 0.2, 0.2, 0.2, 0.2]"
485,185.16587856364833,743269.2127479442,"[0.2, 0.2, 0.2, 0.2, 0.2]"
486,286.2307412976401,363419.36928843154,"[0.2, 0.2, 0.2, 0.2, 0.2]"
487,269.5122282303855,554029.8310572631,"[0.2, 0.2, 0.2, 0.2, 0.2]"
488,837.8807088503925,699732.826761619,"[0.2, 0.2, 0.2, 0.2, 0.2]"
489,121.45393319429395,668870.2698343985,"[0.2, 0.2, 0.2, 0.2, 0.2]"
490,809.4399498811246,585255.676485185,"[0.2, 0.2, 0.2, 0.2, 0.2]"
491,734.4720270131747,851385.3129361935,"[0.2, 0.2, 0.2, 0.2, 0.2]"
492,910.348559665801,744944.0260893243,"[0.2, 0.2, 0.2, 0.2, 0.2]"
493,915.3072876940624,390366.1058918702,"[0.2, 0.2, 0.2, 0.2, 0.2]"
494,854.2874998218829,700742.7169138188,"[0.2, 0.2, 0.2, 0.2, 0.2]"
495,972.0151354675768,616251.9467169688,"[0.2, 0.2, 0.2, 0.2, 0.2]"
496,562.0411404285444,820598.0675394016,"[0.2, 0.2, 0.2, 0.2, 0.2]"
497,360.4457796205815,480956.9739030224,"[0.2, 0.2, 0.2, 0.2, 0.2]"
498,843.2704054300825,563913.8182529304,"[0.2, 0.2, 0.2, 0.2, 0.2]"
499,953.1367307372009,980911.1760908004,"[0.2, 0.2, 0.2, 0.2, 0.2]"
500,592.0614229348796,758156.4558094934,"[0.2, 0.2, 0.2, 0.2, 0.2]"
501,406.56579431333705,463647.4460905395,"[0.2, 0.2, 0.2, 0.2, 0.2]"
502,215.41609609677928,312534.33541641524,"[0.2, 0.2, 0.2, 0.2, 0.2]"
503,869.6824138657562,707339.2906852434,"[0.2, 0.2, 0.2, 0.2, 0.2]"
504,101.70249501676486,378251.7373137448,"[0.2, 0.2, 0.2, 0.2, 0.2]"
505,983.5790212136923,422134.3766212109,"[0.2, 0.2, 0.2, 0.2, 0.2]"
506,438.15292897633265,252509.62361342492,"[0.2, 0.2, 0.2, 0.2, 0.2]"
507,85.20589248410711,574695.945220902,"[0.2, 0.2, 0.2, 0.2, 0.2]"
508,699.055127877796,573013.47326091,"[0.2, 0.2, 0.2, 0.2, 0.2]"
509,677.8357415573927,436356.31216826086,"[0.2, 0.2, 0.2, 0.2, 0.2]"
510,397.0731067828412,480855.71226315893,"[0.2, 0.2, 0.2, 0.2, 0.2]"
511,67.90149001850045,352350.50095724117,"[0.2, 0.2, 0.2, 0.2, 0.2]"
512,548.900882102138,913381.037163301,"[0.2, 0.2, 0.2, 0.2, 0.2]"
513,405.28876919909663,834712.5138277623,"[0.2, 0.2, 0.2, 0.2, 0.2]"
514,987.3373090625075,692127.391229172,"[0.2, 0.2, 0.2, 0.2, 0.2]"
515,428.94197806307216,931802.2901466816,"[0.2, 0.2, 0.2, 0.2, 0.2]"
516,321.6907046813065,501755.90753224824,"[0.2, 0.2, 0.2, 0.2, 0.2]"
517,653.6917274873649,720853.8528242093,"[0.2, 0.2, 0.2, 0.2, 0.2]"
518,847.5594325447184,657844.6624174794,"[0.2, 0.2, 0.2, 0.2, 0.2]"
519,971.9002460702775,705805.0906250735,"[0.2, 0.2, 0.2, 0.2, 0.2]"
520,611.9056268594193,233504.66244066673,"[0.2, 0.2, 0.2, 0.2, 0.2]"
521,225.44189643233616,382734.852746044,"[0.2, 0.2, 0.2, 0.2, 0.2]"
522,836.1120712239593,768815.0131567561,"[0.2, 0.2, 0.2, 0.2, 0.2]"
523,591.9683289385641,175579.10796793722,"[0.2, 0.2, 0.2, 0.2, 0.2]"
524,620.5251371064218,498374.3518722098,"[0.2, 0.2, 0.2, 0.2, 0.2]"
525,758.3617437235349,834567.3084099848,"[0.2, 0.2, 0.2, 0.2, 0.2]"
526,97.08029718241615,836086.2281562345,"[0.2, 0.2, 0.2, 0.2, 0.2]"
527,399.03649016514976,425660.23781440494,"[0.2, 0.2, 0.2, 0.2, 0.2]"
528,879.0930468099804,422517.96368865645,"[0.2, 0.2, 0.2, 0.2, 0.2]"
529,629.7420590666798,233653.51139949093,"[0.2, 0.2, 0.2, 0.2, 0.2]"
530,579.2871783394945,300764.32544672786,"[0.2, 0.2, 0.2, 0.2, 0.2]"
531,846.118968664562,363045.0744385379,"[0.2, 0.2, 0.2, 0.2, 0.2]"
532,635.5393349920847,153401.9045198826,"[0.2, 0.2, 0.2, 0.2, 0.2]"
533,278.32106922268247,119942.08855051227,"[0.2, 0.2, 0.2, 0.2, 0.2]"
534,957.0947930535624,811145.0652953078,"[0.2, 0.2, 0.2, 0.2, 0.2]"
535,491.6651771902221,340968.98948019976,"[0.2, 0.2, 0.2, 0.2, 0.2]"
536,333.7402678982984,150183.00120850033,"[0.2, 0.2, 0.2, 0.2, 0.2]"
537,251.0949596254855,587672.4282721549,"[0.2, 0.2, 0.2, 0.2, 0.2]"
538,324.25571825516425,482659.0956655298,"[0.2, 0.2, 0.2, 0.2, 0.2]"
539,612.9711104145368,253766.2487194705,"[0.2, 0.2, 0.2, 0.2, 0.2]"
540,215.8322159053742,169440.60000501465,"[0.2, 0.2, 0.2, 0.2, 0.2]"
541,630.4881296205979,476476.4524421033,"[0.2, 0.2, 0.2, 0.2, 0.2]"
542,213.48497315803368,185492.518680609,"[0.2, 0.2, 0.2, 0.2, 0.2]"
543,983.972825383827,947827.0792435271,"[0.2, 0.2, 0.2, 0.2, 0.2]"
544,503.48168996024765,368225.18078440754,"[0.2, 0.2, 0.2, 0.2, 0.2]"
545,484.62268248310784,135720.2181375759,"[0.2, 0.2, 0.2, 0.2, 0.2]"
546,503.81805401271146,682281.7288495322,"[0.2, 0.2, 0.2, 0.2, 0.2]"
547,349.84441547107366,795049.5472355101,"[0.2, 0.2, 0.2, 0.2, 0.2]"
548,909.1918429600383,675433.9639499001,"[0.2, 0.2, 0.2, 0.2, 0.2]"
549,294.1370710431719,916964.1363082309,"[0.2, 0.2, 0.2, 0.2, 0.2]"
550,611.9293036758564,376972.5072514685,"[0.2, 0.2, 0.2, 0.2, 0.2]"
551,816.3522785283766,167265.64628460084,"[0.2, 0.2, 0.2, 0.2, 0.2]"
552,682.7746386884893,895372.9611510062,"[0.2, 0.2, 0.2, 0.2, 0.2]"
553,610.6663583786183,518927.92570381775,"[0.2, 0.2, 0.2, 0.2, 0.2]"
554,264.42925359283424,368002.13985711324,"[0.2, 0.2, 0.2, 0.2, 0.2]"
555,616.3613728448557,169611.57607868206,"[0.2, 0.2, 0.2, 0.2, 0.2]"
556,155.4391409732019,524261.9334651571,"[0.2, 0.2, 0.2, 0.2, 0.2]"
557,761.4190178971987,201727.59836771004,"[0.2, 0.2, 0.2, 0.2, 0.2]"
558,574.0963531755209,292476.9817547889,"[0.2, 0.2, 0.2, 0.2, 0.2]"
559,722.9392628312862,505268.3724764222,"[0.2, 0.2, 0.2, 0.2, 0.2]"
560,580.7383941234604,174641.1650272034,"[0.2, 0.2, 0.2, 0.2, 0.2]"
561,261.91952589102596,406456.32499436167,"[0.2, 0.2, 0.2, 0.2, 0.2]"
562,956.5933709525889,719458.9611512261,"[0.2, 0.2, 0.2, 0.2, 0.2]"
563,172.95608403216187,770082.4346912217,"[0.2, 0.2, 0.2, 0.2, 0.2]"
564,132.79486389923238,742599.232930241,"[0.2, 0.2, 0.2, 0.2, 0.2]"
565,328.79307419917683,810200.6821550612,"[0.2, 0.2, 0.2, 0.2, 0.2]"
566,252.31474085335714,322578.7352185947,"[0.2, 0.2, 0.2, 0.2, 0.2]"
567,120.78984446566777,565196.5747468488,"[0.2, 0.2, 0.2, 0.2, 0.2]"
568,879.2067142678842,755263.1220970884,"[0.2, 0.2, 0.2, 0.2, 0.2]"
569,491.3038530015837,631709.4626757787,"[0.2, 0.2, 0.2, 0.2, 0.2]"
570,470.0610400224421,743840.4131538769,"[0.2, 0.2, 0.2, 0.2, 0.2]"
571,878.9687392098974,708026.1506191685,"[0.2, 0.2, 0.2, 0.2, 0.2]"
572,954.1408411082818,125478.47892986232,"[0.2, 0.2, 0.2, 0.2, 0.2]"
573,115.43361211251592,558828.1781859918,"[0.2, 0.2, 0.2, 0.2, 0.2]"
574,598.2988283706513,275006.7785327334,"[0.2, 0.2, 0.2, 0.2, 0.2]"
575,624.3949281297406,217206.59284316402,"[0.2, 0.2, 0.2, 0.2, 0.2]"
576,969.6864382203341,296379.3179059394,"[0.2, 0.2, 0.2, 0.2, 0.2]"
577,424.9914515052644,175914.7053128952,"[0.2, 0.2, 0.2, 0.2, 0.2]"
578,831.4717804637922,903484.911260666,"[0.2, 0.2, 0.2, 0.2, 0.2]"
579,945.9409559199178,648143.810384559,"[0.2, 0.2, 0.2, 0.2, 0.2]"
580,400.3048683194887,824609.3492062611,"[0.2, 0.2, 0.2, 0.2, 0.2]"
581,142.10143510858933,922250.1949735497,"[0.2, 0.2, 0.2, 0.2, 0.2]"
582,60.429705131196265,144964.76255135128,"[0.2, 0.2, 0.2, 0.2, 0.2]"
583,532.8532973514201,587210.969050189,"[0.2, 0.2, 0.2, 0.2, 0.2]"
584,253.02361470035888,617287.6042997546,"[0.2, 0.2, 0.2, 0.2, 0.2]"
585,709.3372241076383,971914.523401219,"[0.2, 0.2, 0.2, 0.2, 0.2]"
586,188.69023916806043,502105.4764144621,"[0.2, 0.2, 0.2, 0.2, 0.2]"
587,243.91117748946843,181294.69837782305,"[0.2, 0.2, 0.2, 0.2, 0.2]"
588,271.25045464521037,269024.4935039552,"[0.2, 0.2, 0.2, 0.2, 0.2]"
589,892.7445199624435,422320.3043277191,"[0.2, 0.2, 0.2, 0.2, 0.2]"
590,182.95263698587635,172579.86370903987,"[0.2, 0.2, 0.2, 0.2, 0.2]"
591,957.4911043017416,252553.86721566308,"[0.2, 0.2, 0.2, 0.2, 0.2]"
592,489.61305492647324,937870.8154405719,"[0.2, 0.2, 0.2, 0.2, 0.2]"
593,872.7418704487288,277964.6668654239,"[0.2, 0.2, 0.2, 0.2, 0.2]"
594,708.704400540745,654805.525107032,"[0.2, 0.2, 0.2, 0.2, 0.2]"
595,350.90086079789313,641114.2119945984,"[0.2, 0.2, 0.2, 0.2, 0.2]"
596,759.272892409292,552852.9414647385,"[0.2, 0.2, 0.2, 0.2, 0.2]"
597,652.2965958192698,804445.066072089,"[0.2, 0.2, 0.2, 0.2, 0.2]"
598,737.9652094800921,584434.7637961241,"[0.2, 0.2, 0.2, 0.2, 0.2]"
599,149.74182758088307,211934.24256092613,"[0.2, 0.2, 0.2, 0.2, 0.2]"
600,466.05546988868514,910371.0478388835,"[0.2, 0.2, 0.2, 0.2, 0.2]"
601,212.825547565376,282367.545214008,"[0.2, 0.2, 0.2, 0.2, 0.2]"
602,584.8863054697201,633109.5708216119,"[0.2, 0.2, 0.2, 0.2, 0.2]"
603,212.03610142478612,471747.7800824083,"[0.2, 0.2, 0.2, 0.2, 0.2]"
604,359.25633233539634,223138.58629693347,"[0.2, 0.2, 0.2, 0.2, 0.2]"
605,923.4096048339652,137662.60766498765,"[0.2, 0.2, 0.2, 0.2, 0.2]"
606,48.055624059271814,770472.6941187496,"[0.2, 0.2, 0.2, 0.2, 0.2]"
607,697.0671273507766,798359.7946973799,"[0.2, 0.2, 0.2, 0.2, 0.2]"
608,650.2237188306627,571048.5154260669,"[0.2, 0.2, 0.2, 0.2, 0.2]"
609,317.8341675538292,945092.8901860337,"[0.2, 0.2, 0.2, 0.2, 0.2]"
610,728.4150156790389,476652.79272707895,"[0.2, 0.2, 0.2, 0.2, 0.2]"
611,330.52464452572735,264365.1618549968,"[0.2, 0.2, 0.2, 0.2, 0.2]"
612,977.4672640898682,349534.5083013483,"[0.2, 0.2, 0.2, 0.2, 0.2]"
613,32.04903424103144,879558.352294056,"[0.2, 0.2, 0.2, 0.2, 0.2]"
614,768.7540606403724,200452.59200845886,"[0.2, 0.2, 0.2, 0.2, 0.2]"
615,506.072421636873,317909.93616992165,"[0.2, 0.2, 0.2, 0.2, 0.2]"
616,148.17588855221211,889864.5103981107,"[0.2, 0.2, 0.2, 0.2, 0.2]"
617,884.0160803302833,439528.3283553287,"[0.2, 0.2, 0.2, 0.2, 0.2]"
618,751.248466725635,552299.3765971584,"[0.2, 0.2, 0.2, 0.2, 0.2]"
619,267.1511753141083,947120.3344772195,"[0.2, 0.2, 0.2, 0.2, 0.2]"
620,653.4377414167722,307671.75263758824,"[0.2, 0.2, 0.2, 0.2, 0.2]"
621,941.4801262280465,379401.60705065745,"[0.2, 0.2, 0.2, 0.2, 0.2]"
622,71.31238136892225,974145.2660511369,"[0.2, 0.2, 0.2, 0.2, 0.2]"
623,246.21745757661142,776904.0292665481,"[0.2, 0.2, 0.2, 0.2, 0.2]"
624,506.2995058413776,351642.26395097317,"[0.2, 0.2, 0.2, 0.2, 0.2]"
625,317.7626199915113,845893.9801840143,"[0.2, 0.2, 0.2, 0.2, 0.2]"
626,843.935765204197,424679.5418981337,"[0.2, 0.2, 0.2, 0.2, 0.2]"
627,936.912686067628,187907.24371533457,"[0.2, 0.2, 0.2, 0.2, 0.2]"
628,995.0878117038561,179444.83754219918,"[0.2, 0.2, 0.2, 0.2, 0.2]"
629,358.1402774856361,675317.8751858065,"[0.2, 0.2, 0.2, 0.2, 0.2]"
630,113.28373914030782,372428.3091916954,"[0.2, 0.2, 0.2, 0.2, 0.2]"
631,527.9190770292753,657186.6184570267,"[0.2, 0.2, 0.2, 0.2, 0.2]"
632,655.315394797314,279026.6665752081,"[0.2, 0.2, 0.2, 0.2, 0.2]"
633,793.2956802305333,737039.40052877,"[0.2, 0.2, 0.2, 0.2, 0.2]"
634,810.9282383554998,436153.31803953525,"[0.2, 0.2, 0.2, 0.2, 0.2]"
635,640.1966297208625,356250.93758082896,"[0.2, 0.2, 0.2, 0.2, 0.2]"
636,314.12727193064194,251530.9486773329,"[0.2, 0.2, 0.2, 0.2, 0.2]"
637,151.41699763770217,130438.21998154114,"[0.2, 0.2, 0.2, 0.2, 0.2]"
638,150.1039020144891,222638.46141704323,"[0.2, 0.2, 0.2, 0.2, 0.2]"
639,759.9870965559064,329574.51598814724,"[0.2, 0.2, 0.2, 0.2, 0.2]"
640,508.7642827561156,329273.83306934475,"[0.2, 0.2, 0.2, 0.2, 0.2]"
641,274.75441416290846,354293.14546842716,"[0.2, 0.2, 0.2, 0.2, 0.2]"
642,399.0993229090199,132413.29018856448,"[0.2, 0.2, 0.2, 0.2, 0.2]"
643,788.1342196283819,973431.7593358498,"[0.2, 0.2, 0.2, 0.2, 0.2]"
644,927.8037083518859,963869.3854361675,"[0.2, 0.2, 0.2, 0.2, 0.2]"
645,443.4544745002459,752396.5611488008,"[0.2, 0.2, 0.2, 0.2, 0.2]"
646,510.05710087148094,647344.4012149074,"[0.2, 0.2, 0.2, 0.2, 0.2]"
647,649.4525189448213,320980.5677652156,"[0.2, 0.2, 0.2, 0.2, 0.2]"
648,705.2150758190687,988235.6899949587,"[0.2, 0.2, 0.2, 0.2, 0.2]"
649,295.39389263293873,663915.5703899222,"[0.2, 0.2, 0.2, 0.2, 0.2]"
650,555.0761782449051,258145.0848761332,"[0.2, 0.2, 0.2, 0.2, 0.2]"
651,686.8741220021608,759996.6608810142,"[0.2, 0.2, 0.2, 0.2, 0.2]"
652,279.13857526619836,637609.2541295249,"[0.2, 0.2, 0.2, 0.2, 0.2]"
653,611.7469347704746,609192.0747399519,"[0.2, 0.2, 0.2, 0.2, 0.2]"
654,784.1957181961166,948264.9015479223,"[0.2, 0.2, 0.2, 0.2, 0.2]"
655,538.5162720620253,124995.01388338632,"[0.2, 0.2, 0.2, 0.2, 0.2]"
656,299.9437479981507,390599.1687630868,"[0.2, 0.2, 0.2, 0.2, 0.2]"
657,135.12418952050152,771481.9354797398,"[0.2, 0.2, 0.2, 0.2, 0.2]"
658,352.8352154923957,948602.1038015297,"[0.2, 0.2, 0.2, 0.2, 0.2]"
659,376.43354512325715,688148.5095761549,"[0.2, 0.2, 0.2, 0.2, 0.2]"
660,183.61623162405382,116318.1461288633,"[0.2, 0.2, 0.2, 0.2, 0.2]"
661,458.7426627243562,123205.94920295867,"[0.2, 0.2, 0.2, 0.2, 0.2]"
662,802.1220994852924,204883.57842001755,"[0.2, 0.2, 0.2, 0.2, 0.2]"
663,49.65324189622756,449815.2873169139,"[0.2, 0.2, 0.2, 0.2, 0.2]"
664,979.9202613955805,979823.4946307001,"[0.2, 0.2, 0.2, 0.2, 0.2]"
665,640.8503240267236,639830.9505683107,"[0.2, 0.2, 0.2, 0.2, 0.2]"
666,10.126969180873282,115593.11648561839,"[0.2, 0.2, 0.2, 0.2, 0.2]"
667,277.5690122146605,845122.0574128096,"[0.2, 0.2, 0.2, 0.2, 0.2]"
668,850.8104407447963,737615.2322805732,"[0.2, 0.2, 0.2, 0.2, 0.2]"
669,345.1363422419214,184016.0981740847,"[0.2, 0.2, 0.2, 0.2, 0.2]"
670,236.2806898264079,238473.47146143898,"[0.2, 0.2, 0.2, 0.2, 0.2]"
671,837.7709119046754,202235.87613997055,"[0.2, 0.2, 0.2, 0.2, 0.2]"
672,445.89005307054845,890545.6209767489,"[0.2, 0.2, 0.2, 0.2, 0.2]"
673,601.2064154431962,453867.740141595,"[0.2, 0.2, 0.2, 0.2, 0.2]"
674,277.41487000987036,888518.9702747451,"[0.2, 0.2, 0.2, 0.2, 0.2]"
675,288.1887882150637,153019.91493089707,"[0.2, 0.2, 0.2, 0.2, 0.2]"
676,13.889696191526365,511058.62560091633,"[0.2, 0.2, 0.2, 0.2, 0.2]"
677,145.34757716793183,603112.0304819947,"[0.2, 0.2, 0.2, 0.2, 0.2]"
678,648.3108972390808,519181.7684695979,"[0.2, 0.2, 0.2, 0.2, 0.2]"
679,947.8766883902965,590261.8954178733,"[0.2, 0.2, 0.2, 0.2, 0.2]"
680,748.0045308201461,429606.2221489153,"[0.2, 0.2, 0.2, 0.2, 0.2]"
681,838.8082492878738,787642.4855146564,"[0.2, 0.2, 0.2, 0.2, 0.2]"
682,242.35475737775576,591160.3773161885,"[0.2, 0.2, 0.2, 0.2, 0.2]"
683,712.1123781271887,483359.24450272764,"[0.2, 0.2, 0.2, 0.2, 0.2]"
684,848.7599589162385,621013.5094797667,"[0.2, 0.2, 0.2, 0.2, 0.2]"
685,269.79112973375163,962673.0941855252,"[0.2, 0.2, 0.2, 0.2, 0.2]"
686,426.116699717272,364860.8065056798,"[0.2, 0.2, 0.2, 0.2, 0.2]"
687,34.39774231431558,822271.8571686989,"[0.2, 0.2, 0.2, 0.2, 0.2]"
688,783.7178778072174,852581.3495987504,"[0.2, 0.2, 0.2, 0.2, 0.2]"
689,831.5847637193357,791069.1221246675,"[0.2, 0.2, 0.2, 0.2, 0.2]"
690,529.1198880170047,960878.956498737,"[0.2, 0.2, 0.2, 0.2, 0.2]"
691,229.9972640214934,276535.8050736271,"[0.2, 0.2, 0.2, 0.2, 0.2]"
692,807.934068189109,621619.8306816004,"[0.2, 0.2, 0.2, 0.2, 0.2]"
693,407.744433092246,208135.7082134106,"[0.2, 0.2, 0.2, 0.2, 0.2]"
694,349.0023418458062,132089.837373675,"[0.2, 0.2, 0.2, 0.2, 0.2]"
695,929.335809474429,559307.0783406477,"[0.2, 0.2, 0.2, 0.2, 0.2]"
696,462.0806945364084,693147.4481202676,"[0.2, 0.2, 0.2, 0.2, 0.2]"
697,458.37378027366526,841062.711073389,"[0.2, 0.2, 0.2, 0.2, 0.2]"
698,96.5309858919836,156888.99042188728,"[0.2, 0.2, 0.2, 0.2, 0.2]"
699,103.96509615637609,614843.6261703095,"[0.2, 0.2, 0.2, 0.2, 0.2]"
700,40.861404077522124,358068.4016672055,"[0.2, 0.2, 0.2, 0.2, 0.2]"
701,253.86075280410725,985857.2944650268,"[0.2, 0.2, 0.2, 0.2, 0.2]"
702,921.8151063268026,238815.21580931515,"[0.2, 0.2, 0.2, 0.2, 0.2]"
703,689.7103696999534,434144.85945641284,"[0.2, 0.2, 0.2, 0.2, 0.2]"
704,422.05508757257826,998272.0454253679,"[0.2, 0.2, 0.2, 0.2, 0.2]"
705,763.5435472301062,739320.2890937467,"[0.2, 0.2, 0.2, 0.2, 0.2]"
706,126.91413135326262,986249.7292133801,"[0.2, 0.2, 0.2, 0.2, 0.2]"
707,437.5000922340296,937311.9590707369,"[0.2, 0.2, 0.2, 0.2, 0.2]"
708,549.2975985562706,200596.45880158996,"[0.2, 0.2, 0.2, 0.2, 0.2]"
709,383.0784078655407,768795.8754184869,"[0.2, 0.2, 0.2, 0.2, 0.2]"
710,713.5215513892427,230230.27395175264,"[0.2, 0.2, 0.2, 0.2, 0.2]"
711,379.94560263476393,490887.95150334964,"[0.2, 0.2, 0.2, 0.2, 0.2]"
712,603.4338326913629,600936.5901694978,"[0.2, 0.2, 0.2, 0.2, 0.2]"
713,403.9693640293534,748889.1842712141,"[0.2, 0.2, 0.2, 0.2, 0.2]"
714,636.5034729985942,573718.1416797838,"[0.2, 0.2, 0.2, 0.2, 0.2]"
715,584.3661595747176,459409.91743544897,"[0.2, 0.2, 0.2, 0.2, 0.2]"
716,168.68872594259315,984151.4975932023,"[0.2, 0.2, 0.2, 0.2, 0.2]"
717,25.782906057331438,583456.4677693787,"[0.2, 0.2, 0.2, 0.2, 0.2]"
718,854.2431550133399,162049.1948269277,"[0.2, 0.2, 0.2, 0.2, 0.2]"
719,174.4952431004257,244448.71515131654,"[0.2, 0.2, 0.2, 0.2, 0.2]"
720,335.1059574911571,497078.4731398016,"[0.2, 0.2, 0.2, 0.2, 0.2]"
721,656.7332161762506,173855.13227464966,"[0.2, 0.2, 0.2, 0.2, 0.2]"
722,452.037827954249,907681.7103268299,"[0.2, 0.2, 0.2, 0.2, 0.2]"
723,639.2404186494842,879818.3994872915,"[0.2, 0.2, 0.2, 0.2, 0.2]"
724,91.78336128863043,886084.2712975368,"[0.2, 0.2, 0.2, 0.2, 0.2]"
725,791.8738196961859,537293.5468019224,"[0.2, 0.2, 0.2, 0.2, 0.2]"
726,394.8918379443925,962033.6640184816,"[0.2, 0.2, 0.2, 0.2, 0.2]"
727,877.9450243963313,581691.686962229,"[0.2, 0.2, 0.2, 0.2, 0.2]"
728,72.20169281583757,358764.1115899814,"[0.2, 0.2, 0.2, 0.2, 0.2]"
729,92.92694635100986,821434.3274512484,"[0.2, 0.2, 0.2, 0.2, 0.2]"
730,707.2576390925375,838647.0349954232,"[0.2, 0.2, 0.2, 0.2, 0.2]"
731,301.57809850842847,465400.5462115458,"[0.2, 0.2, 0.2, 0.2, 0.2]"
732,182.38862477137386,923827.7005512248,"[0.2, 0.2, 0.2, 0.2, 0.2]"
733,415.5545141013104,454063.92354278226,"[0.2, 0.2, 0.2, 0.2, 0.2]"
734,649.9031103067953,906643.1608370726,"[0.2, 0.2, 0.2, 0.2, 0.2]"
735,851.4630432714063,173472.45345861098,"[0.2, 0.2, 0.2, 0.2, 0.2]"
736,604.9672993531368,354808.98800626665,"[0.2, 0.2, 0.2, 0.2, 0.2]"
737,416.18595843031613,709597.7692781978,"[0.2, 0.2, 0.2, 0.2, 0.2]"
738,70.52194090192569,578994.0109077836,"[0.2, 0.2, 0.2, 0.2, 0.2]"
739,16.75364330663502,125586.90867871912,"[0.2, 0.2, 0.2, 0.2, 0.2]"
740,227.48014385960772,336465.49100915564,"[0.2, 0.2, 0.2, 0.2, 0.2]"
741,13.084654012479993,614324.3266570992,"[0.2, 0.2, 0.2, 0.2, 0.2]"
742,295.48610886115625,471361.74429836887,"[0.2, 0.2, 0.2, 0.2, 0.2]"
743,172.172391546949,880483.5131269977,"[0.2, 0.2, 0.2, 0.2, 0.2]"
744,109.2851774894034,989371.4479891044,"[0.2, 0.2, 0.2, 0.2, 0.2]"
745,145.85997157275483,516926.25946937245,"[0.2, 0.2, 0.2, 0.2, 0.2]"
746,475.7119624390393,140021.36079068613,"[0.2, 0.2, 0.2, 0.2, 0.2]"
747,425.70702121589795,261890.1664247594,"[0.2, 0.2, 0.2, 0.2, 0.2]"
748,977.2666703097283,168448.99590122874,"[0.2, 0.2, 0.2, 0.2, 0.2]"
749,916.9985257888889,162521.51811863872,"[0.2, 0.2, 0.2, 0.2, 0.2]"
750,683.3157105128716,522250.60062196164,"[0.2, 0.2, 0.2, 0.2, 0.2]"
751,156.33765321872633,908382.1335520331,"[0.2, 0.2, 0.2, 0.2, 0.2]"
752,495.9783814717385,228512.16942906126,"[0.2, 0.2, 0.2, 0.2, 0.2]"
753,48.92925343410631,843696.6203401603,"[0.2, 0.2, 0.2, 0.2, 0.2]"
754,232.61142167352298,536998.7440969816,"[0.2, 0.2, 0.2, 0.2, 0.2]"
755,647.0222782914228,705487.4727653909,"[0.2, 0.2, 0.2, 0.2, 0.2]"
756,597.2914235088019,635269.9776337871,"[0.2, 0.2, 0.2, 0.2, 0.2]"
757,59.10120854809136,565209.066669611,"[0.2, 0.2, 0.2, 0.2, 0.2]"
758,812.9419914698767,463554.03393686505,"[0.2, 0.2, 0.2, 0.2, 0.2]"
759,107.62479803835262,401130.87499803246,"[0.2, 0.2, 0.2, 0.2, 0.2]"
760,507.4392432669586,190252.83719485637,"[0.2, 0.2, 0.2, 0.2, 0.2]"
761,388.164452094631,907155.3901974263,"[0.2, 0.2, 0.2, 0.2, 0.2]"
762,296.39896561413656,699252.2711601718,"[0.2, 0.2, 0.2, 0.2, 0.2]"
763,823.40599373168,350447.0106441418,"[0.2, 0.2, 0.2, 0.2, 0.2]"
764,110.09384854577478,583715.3687010894,"[0.2, 0.2, 0.2, 0.2, 0.2]"
765,162.71965870769583,940544.26445021,"[0.2, 0.2, 0.2, 0.2, 0.2]"
766,502.72020804351286,793971.1192973916,"[0.2, 0.2, 0.2, 0.2, 0.2]"
767,496.15514000066423,922760.8313009682,"[0.2, 0.2, 0.2, 0.2, 0.2]"
768,894.5408338422278,330207.92218434194,"[0.2, 0.2, 0.2, 0.2, 0.2]"
769,174.45297391032662,946664.9415197175,"[0.2, 0.2, 0.2, 0.2, 0.2]"
770,749.4876014443014,680366.5875554708,"[0.2, 0.2, 0.2, 0.2, 0.2]"
771,693.9593620280657,264651.6234833317,"[0.2, 0.2, 0.2, 0.2, 0.2]"
772,444.32730532057445,180921.0296892655,"[0.2, 0.2, 0.2, 0.2, 0.2]"
773,954.1084949375905,570004.2100341344,"[0.2, 0.2, 0.2, 0.2, 0.2]"
774,846.4406584975628,455961.58258027735,"[0.2, 0.2, 0.2, 0.2, 0.2]"
775,36.2238650820121,792516.6530563601,"[0.2, 0.2, 0.2, 0.2, 0.2]"
776,657.7916644198274,418231.3010185778,"[0.2, 0.2, 0.2, 0.2, 0.2]"
777,300.73766114208604,699363.6364463714,"[0.2, 0.2, 0.2, 0.2, 0.2]"
778,738.5842049745582,237451.9922783165,"[0.2, 0.2, 0.2, 0.2, 0.2]"
779,397.3586754566113,288164.8355642528,"[0.2, 0.2, 0.2, 0.2, 0.2]"
780,604.4258436160816,879397.4089007317,"[0.2, 0.2, 0.2, 0.2, 0.2]"
781,441.85492067902436,567593.3601819545,"[0.2, 0.2, 0.2, 0.2, 0.2]"
782,805.2927316826439,429379.215173316,"[0.2, 0.2, 0.2, 0.2, 0.2]"
783,460.6819742081821,736138.6950948144,"[0.2, 0.2, 0.2, 0.2, 0.2]"
784,757.2041943533902,619206.5209257131,"[0.2, 0.2, 0.2, 0.2, 0.2]"
785,197.80740652914298,934065.6419699822,"[0.2, 0.2, 0.2, 0.2, 0.2]"
786,701.6416685578811,714989.4504553674,"[0.2, 0.2, 0.2, 0.2, 0.2]"
787,498.0106891399707,815364.5943089242,"[0.2, 0.2, 0.2, 0.2, 0.2]"
788,635.860252173449,195758.8492206689,"[0.2, 0.2, 0.2, 0.2, 0.2]"
789,999.1420562043122,483147.3254591779,"[0.2, 0.2, 0.2, 0.2, 0.2]"
790,682.6676614432738,621168.8217682437,"[0.2, 0.2, 0.2, 0.2, 0.2]"
791,183.05099346008762,278622.63780209527,"[0.2, 0.2, 0.2, 0.2, 0.2]"
792,994.1226641894226,789955.4140811356,"[0.2, 0.2, 0.2, 0.2, 0.2]"
793,575.85677039333,746091.4231808371,"[0.2, 0.2, 0.2, 0.2, 0.2]"
794,763.2359969086663,326226.762779883,"[0.2, 0.2, 0.2, 0.2, 0.2]"
795,515.1663026089569,426932.43571899907,"[0.2, 0.2, 0.2, 0.2, 0.2]"
796,987.2041585557156,494514.2023729218,"[0.2, 0.2, 0.2, 0.2, 0.2]"
797,872.259267697253,888850.7658661272,"[0.2, 0.2, 0.2, 0.2, 0.2]"
798,327.1632403108178,761975.9689089896,"[0.2, 0.2, 0.2, 0.2, 0.2]"
799,727.462662114201,144910.13694194693,"[0.2, 0.2, 0.2, 0.2, 0.2]"
800,343.8523566874598,789399.9175132426,"[0.2, 0.2, 0.2, 0.2, 0.2]"
801,889.759202508623,134874.5988856975,"[0.2, 0.2, 0.2, 0.2, 0.2]"
802,775.4618175061344,257949.46900882106,"[0.2, 0.2, 0.2, 0.2, 0.2]"
803,858.1172095159466,127232.06576208542,"[0.2, 0.2, 0.2, 0.2, 0.2]"
804,79.31206660017233,888664.9535262345,"[0.2, 0.2, 0.2, 0.2, 0.2]"
805,75.57213903851823,397358.323805045,"[0.2, 0.2, 0.2, 0.2, 0.2]"
806,905.8959876932673,374535.9680851511,"[0.2, 0.2, 0.2, 0.2, 0.2]"
807,382.97243099504516,462232.54558297293,"[0.2, 0.2, 0.2, 0.2, 0.2]"
808,371.37085006327675,223793.3826984344,"[0.2, 0.2, 0.2, 0.2, 0.2]"
809,876.4307753017121,625122.8737012998,"[0.2, 0.2, 0.2, 0.2, 0.2]"
810,166.74854633849029,383319.7544891607,"[0.2, 0.2, 0.2, 0.2, 0.2]"
811,507.69974896027077,417373.4672442717,"[0.2, 0.2, 0.2, 0.2, 0.2]"
812,448.5159346141098,285171.264021348,"[0.2, 0.2, 0.2, 0.2, 0.2]"
813,691.781898440367,334483.29599835584,"[0.2, 0.2, 0.2, 0.2, 0.2]"
814,452.1492893925685,699876.19298429,"[0.2, 0.2, 0.2, 0.2, 0.2]"
815,325.8632270961723,236989.79917756427,"[0.2, 0.2, 0.2, 0.2, 0.2]"
816,444.84935000242336,858934.2361144294,"[0.2, 0.2, 0.2, 0.2, 0.2]"
817,702.6808324095995,802523.105641227,"[0.2, 0.2, 0.2, 0.2, 0.2]"
818,265.89550588800535,237278.15063618947,"[0.2, 0.2, 0.2, 0.2, 0.2]"
819,948.4113681663995,770580.6150379672,"[0.2, 0.2, 0.2, 0.2, 0.2]"
820,409.3517614993676,249277.29500599875,"[0.2, 0.2, 0.2, 0.2, 0.2]"
821,801.4871324231882,695121.5468056289,"[0.2, 0.2, 0.2, 0.2, 0.2]"
822,192.40577491932694,284616.11565744615,"[0.2, 0.2, 0.2, 0.2, 0.2]"
823,388.1243939119089,902104.5881446872,"[0.2, 0.2, 0.2, 0.2, 0.2]"
824,676.7268302374167,451456.84171709645,"[0.2, 0.2, 0.2, 0.2, 0.2]"
825,675.4109116249483,321171.263475241,"[0.2, 0.2, 0.2, 0.2, 0.2]"
826,531.7340991077996,832348.3605401341,"[0.2, 0.2, 0.2, 0.2, 0.2]"
827,500.36425502976016,899244.5301083109,"[0.2, 0.2, 0.2, 0.2, 0.2]"
828,143.39767048209242,293367.938872627,"[0.2, 0.2, 0.2, 0.2, 0.2]"
829,288.21534704244283,510833.55751566804,"[0.2, 0.2, 0.2, 0.2, 0.2]"
830,91.70413549987859,496933.3981993966,"[0.2, 0.2, 0.2, 0.2, 0.2]"
831,677.122494003375,486426.8285374557,"[0.2, 0.2, 0.2, 0.2, 0.2]"
832,533.6171195635586,630307.8020524072,"[0.2, 0.2, 0.2, 0.2, 0.2]"
833,948.1602903692378,375541.06000304583,"[0.2, 0.2, 0.2, 0.2, 0.2]"
834,277.50761934020227,362024.0407097335,"[0.2, 0.2, 0.2, 0.2, 0.2]"
835,370.5421950484419,914126.7172104414,"[0.2, 0.2, 0.2, 0.2, 0.2]"
836,635.7133406658895,500110.08407772006,"[0.2, 0.2, 0.2, 0.2, 0.2]"
837,50.78810629299936,324280.3805330907,"[0.2, 0.2, 0.2, 0.2, 0.2]"
838,347.4010601467695,660406.262589531,"[0.2, 0.2, 0.2, 0.2, 0.2]"
839,221.57759951027103,569151.4161124595,"[0.2, 0.2, 0.2, 0.2, 0.2]"
840,642.7678084423467,847459.830649837,"[0.2, 0.2, 0.2, 0.2, 0.2]"
841,246.93849668820644,901302.5174821009,"[0.2, 0.2, 0.2, 0.2, 0.2]"
842,875.4662270843835,991995.1395953805,"[0.2, 0.2, 0.2, 0.2, 0.2]"
843,137.98692320960913,237607.0371014917,"[0.2, 0.2, 0.2, 0.2, 0.2]"
844,234.86318105315266,135923.78597043056,"[0.2, 0.2, 0.2, 0.2, 0.2]"
845,965.6251881189233,557667.7664060793,"[0.2, 0.2, 0.2, 0.2, 0.2]"
846,516.9063690229566,962428.845284215,"[0.2, 0.2, 0.2, 0.2, 0.2]"
847,911.5768346242689,839293.4652541998,"[0.2, 0.2, 0.2, 0.2, 0.2]"
848,936.1155226395447,282708.20979059977,"[0.2, 0.2, 0.2, 0.2, 0.2]"
849,877.4807115201577,958219.5996549595,"[0.2, 0.2, 0.2, 0.2, 0.2]"
850,296.11950384155347,971731.4699565853,"[0.2, 0.2, 0.2, 0.2, 0.2]"
851,654.6386429887173,566847.8483703024,"[0.2, 0.2, 0.2, 0.2, 0.2]"
852,873.4014240704308,769981.5432165072,"[0.2, 0.2, 0.2, 0.2, 0.2]"
853,159.00706995982827,468925.7375304749,"[0.2, 0.2, 0.2, 0.2, 0.2]"
854,759.9870425122647,390009.1979740365,"[0.2, 0.2, 0.2, 0.2, 0.2]"
855,949.1308410354819,595688.9048195399,"[0.2, 0.2, 0.2, 0.2, 0.2]"
856,290.09133110824206,822623.5998760493,"[0.2, 0.2, 0.2, 0.2, 0.2]"
857,392.5138269575049,454344.831466565,"[0.2, 0.2, 0.2, 0.2, 0.2]"
858,748.6393732226906,239006.93944878486,"[0.2, 0.2, 0.2, 0.2, 0.2]"
859,632.941806565192,630043.082210649,"[0.2, 0.2, 0.2, 0.2, 0.2]"
860,518.494216585156,992799.3324534615,"[0.2, 0.2, 0.2, 0.2, 0.2]"
861,461.96558838478524,364671.96836689545,"[0.2, 0.2, 0.2, 0.2, 0.2]"
862,435.4609823179992,474676.11259411776,"[0.2, 0.2, 0.2, 0.2, 0.2]"
863,592.822022508879,881755.2056944623,"[0.2, 0.2, 0.2, 0.2, 0.2]"
864,458.224157241302,814150.9631213759,"[0.2, 0.2, 0.2, 0.2, 0.2]"
865,357.6315923611036,156352.50790236754,"[0.2, 0.2, 0.2, 0.2, 0.2]"
866,354.6162515088349,289689.033374193,"[0.2, 0.2, 0.2, 0.2, 0.2]"
867,710.7018847117507,817881.1828075679,"[0.2, 0.2, 0.2, 0.2, 0.2]"
868,817.6199215700649,913178.5977300928,"[0.2, 0.2, 0.2, 0.2, 0.2]"
869,401.6219021476799,293606.8993322465,"[0.2, 0.2, 0.2, 0.2, 0.2]"
870,247.3608184384337,222283.8213690623,"[0.2, 0.2, 0.2, 0.2, 0.2]"
871,628.3611063164722,648715.5705529124,"[0.2, 0.2, 0.2, 0.2, 0.2]"
872,247.2289702245279,439176.36665277113,"[0.2, 0.2, 0.2, 0.2, 0.2]"
873,478.2295701508705,816964.8213368644,"[0.2, 0.2, 0.2, 0.2, 0.2]"
874,870.3730441159812,432561.06041632214,"[0.2, 0.2, 0.2, 0.2, 0.2]"
875,218.62446488312227,429893.0173673411,"[0.2, 0.2, 0.2, 0.2, 0.2]"
876,98.40323546978222,461132.60498397326,"[0.2, 0.2, 0.2, 0.2, 0.2]"
877,306.16342300373816,855910.5684569734,"[0.2, 0.2, 0.2, 0.2, 0.2]"
878,367.4456815455834,233845.228193785,"[0.2, 0.2, 0.2, 0.2, 0.2]"
879,171.6014476272493,688267.7528339947,"[0.2, 0.2, 0.2, 0.2, 0.2]"
880,600.1639797690223,241144.00415178892,"[0.2, 0.2, 0.2, 0.2, 0.2]"
881,768.9481034277238,849333.3754437538,"[0.2, 0.2, 0.2, 0.2, 0.2]"
882,733.6654662607658,714905.1306055246,"[0.2, 0.2, 0.2, 0.2, 0.2]"
883,777.8269004185495,421081.0097786147,"[0.2, 0.2, 0.2, 0.2, 0.2]"
884,977.790309815505,859576.5397568396,"[0.2, 0.2, 0.2, 0.2, 0.2]"
885,542.8401119312352,363857.1275123188,"[0.2, 0.2, 0.2, 0.2, 0.2]"
886,70.80776340937929,887084.9236559323,"[0.2, 0.2, 0.2, 0.2, 0.2]"
887,426.1107585634606,293473.79534688924,"[0.2, 0.2, 0.2, 0.2, 0.2]"
888,100.70369175559185,153049.33241560636,"[0.2, 0.2, 0.2, 0.2, 0.2]"
889,721.8342511944705,819873.445129715,"[0.2, 0.2, 0.2, 0.2, 0.2]"
890,301.2916378682637,588816.7964006495,"[0.2, 0.2, 0.2, 0.2, 0.2]"
891,369.8867914938338,890178.2856581546,"[0.2, 0.2, 0.2, 0.2, 0.2]"
892,143.31525201845105,922871.6899432053,"[0.2, 0.2, 0.2, 0.2, 0.2]"
893,745.5721122091493,233428.65207567348,"[0.2, 0.2, 0.2, 0.2, 0.2]"
894,662.6707910359934,463332.19443515607,"[0.2, 0.2, 0.2, 0.2, 0.2]"
895,921.2257630084098,780901.7690696457,"[0.2, 0.2, 0.2, 0.2, 0.2]"
896,814.6976044530029,729506.4568840847,"[0.2, 0.2, 0.2, 0.2, 0.2]"
897,133.1056199360179,154964.06708370667,"[0.2, 0.2, 0.2, 0.2, 0.2]"
898,464.9537520639544,162828.63217618183,"[0.2, 0.2, 0.2, 0.2, 0.2]"
899,789.6837041885085,259378.11766072782,"[0.2, 0.2, 0.2, 0.2, 0.2]"
900,699.3231676678608,354604.1814293962,"[0.2, 0.2, 0.2, 0.2, 0.2]"
901,63.80112630368658,244283.96080186495,"[0.2, 0.2, 0.2, 0.2, 0.2]"
902,149.68838909237738,917349.9977025122,"[0.2, 0.2, 0.2, 0.2, 0.2]"
903,196.7837460009227,164755.31163066532,"[0.2, 0.2, 0.2, 0.2, 0.2]"
904,99.18309626155147,428548.96692191885,"[0.2, 0.2, 0.2, 0.2, 0.2]"
905,121.23273353830616,215221.8110662665,"[0.2, 0.2, 0.2, 0.2, 0.2]"
906,683.1712546541631,859673.9736078852,"[0.2, 0.2, 0.2, 0.2, 0.2]"
907,991.6273745017693,676688.3654708117,"[0.2, 0.2, 0.2, 0.2, 0.2]"
908,863.0405380134582,946111.0642500322,"[0.2, 0.2, 0.2, 0.2, 0.2]"
909,441.5635758089295,113652.06595575057,"[0.2, 0.2, 0.2, 0.2, 0.2]"
910,737.1065651726252,663118.2833400029,"[0.2, 0.2, 0.2, 0.2, 0.2]"
911,646.6508948122766,603207.4801871176,"[0.2, 0.2, 0.2, 0.2, 0.2]"
912,685.3272084804278,561754.3381162945,"[0.2, 0.2, 0.2, 0.2, 0.2]"
913,69.71913506975808,318833.72554185876,"[0.2, 0.2, 0.2, 0.2, 0.2]"
914,445.6605233028798,328065.25185524183,"[0.2, 0.2, 0.2, 0.2, 0.2]"
915,680.3112784433077,454511.91171734256,"[0.2, 0.2, 0.2, 0.2, 0.2]"
916,206.99303573314654,682220.9949581142,"[0.2, 0.2, 0.2, 0.2, 0.2]"
917,389.12848709825454,978391.4837360468,"[0.2, 0.2, 0.2, 0.2, 0.2]"
918,408.64458347052647,867143.47427986,"[0.2, 0.2, 0.2, 0.2, 0.2]"
919,837.0815289142952,562427.5159869333,"[0.2, 0.2, 0.2, 0.2, 0.2]"
920,221.37549313930973,587547.5563563607,"[0.2, 0.2, 0.2, 0.2, 0.2]"
921,630.0690923101529,282673.2754434979,"[0.2, 0.2, 0.2, 0.2, 0.2]"
922,750.6360969472545,804148.8181718175,"[0.2, 0.2, 0.2, 0.2, 0.2]"
923,687.7278795684501,635871.5892965988,"[0.2, 0.2, 0.2, 0.2, 0.2]"
924,429.80620512675256,318893.0252244314,"[0.2, 0.2, 0.2, 0.2, 0.2]"
925,465.6193150517371,387812.3853809489,"[0.2, 0.2, 0.2, 0.2, 0.2]"
926,846.6697359456299,536078.870197858,"[0.2, 0.2, 0.2, 0.2, 0.2]"
927,57.47156331936372,444671.94154381566,"[0.2, 0.2, 0.2, 0.2, 0.2]"
928,200.11300808829665,552873.4662408463,"[0.2, 0.2, 0.2, 0.2, 0.2]"
929,887.0406162472605,264087.92367161426,"[0.2, 0.2, 0.2, 0.2, 0.2]"
930,754.1975519596538,707399.0924902192,"[0.2, 0.2, 0.2, 0.2, 0.2]"
931,888.6873181140063,462633.92864416534,"[0.2, 0.2, 0.2, 0.2, 0.2]"
932,876.6018816180535,664907.0783671535,"[0.2, 0.2, 0.2, 0.2, 0.2]"
933,962.21054399371,931135.633114175,"[0.2, 0.2, 0.2, 0.2, 0.2]"
934,696.4075908748633,440256.47094546707,"[0.2, 0.2, 0.2, 0.2, 0.2]"
935,997.6205891981909,113312.38685457695,"[0.2, 0.2, 0.2, 0.2, 0.2]"
936,787.0764111065268,496793.38869899424,"[0.2, 0.2, 0.2, 0.2, 0.2]"
937,197.39740416520783,218234.88502119354,"[0.2, 0.2, 0.2, 0.2, 0.2]"
938,953.6100536893146,760039.8344834998,"[0.2, 0.2, 0.2, 0.2, 0.2]"
939,669.9393478143915,844899.3088292569,"[0.2, 0.2, 0.2, 0.2, 0.2]"
940,201.2256390533173,475576.98518682166,"[0.2, 0.2, 0.2, 0.2, 0.2]"
941,455.0094698979743,701954.0178865932,"[0.2, 0.2, 0.2, 0.2, 0.2]"
942,990.6879271682857,520428.14827093645,"[0.2, 0.2, 0.2, 0.2, 0.2]"
943,143.34161515360816,957690.8395556075,"[0.2, 0.2, 0.2, 0.2, 0.2]"
944,43.879465060982014,873649.4313440822,"[0.2, 0.2, 0.2, 0.2, 0.2]"
945,252.82051900653806,710229.9219270463,"[0.2, 0.2, 0.2, 0.2, 0.2]"
946,798.6671604392549,226718.50234254217,"[0.2, 0.2, 0.2, 0.2, 0.2]"
947,204.8345146903719,982393.1326993302,"[0.2, 0.2, 0.2, 0.2, 0.2]"
948,385.8130726402501,334209.7430300226,"[0.2, 0.2, 0.2, 0.2, 0.2]"
949,375.4894390345276,205360.87429767475,"[0.2, 0.2, 0.2, 0.2, 0.2]"
950,538.1967719254314,168751.6447245505,"[0.2, 0.2, 0.2, 0.2, 0.2]"
951,365.17038229010103,231264.7062842673,"[0.2, 0.2, 0.2, 0.2, 0.2]"
952,578.0742679080612,520006.1002605497,"[0.2, 0.2, 0.2, 0.2, 0.2]"
953,986.2264198599125,357666.54875684594,"[0.2, 0.2, 0.2, 0.2, 0.2]"
954,427.33244801512393,246355.03082695397,"[0.2, 0.2, 0.2, 0.2, 0.2]"
955,406.8815550504684,675571.5867085899,"[0.2, 0.2, 0.2, 0.2, 0.2]"
956,891.2950190881205,250818.50114988603,"[0.2, 0.2, 0.2, 0.2, 0.2]"
957,964.0535375201664,109245.08177562528,"[0.2, 0.2, 0.2, 0.2, 0.2]"
958,508.04360321215887,632940.5135117844,"[0.2, 0.2, 0.2, 0.2, 0.2]"
959,313.54390541827746,618386.0988342096,"[0.2, 0.2, 0.2, 0.2, 0.2]"
960,421.04241210336863,474248.6210100433,"[0.2, 0.2, 0.2, 0.2, 0.2]"
961,368.12828854569113,101180.17353558574,"[0.2, 0.2, 0.2, 0.2, 0.2]"
962,535.3343296809485,488487.45801593456,"[0.2, 0.2, 0.2, 0.2, 0.2]"
963,386.67967602730914,440547.26848305087,"[0.2, 0.2, 0.2, 0.2, 0.2]"
964,645.8367232993415,881106.4146236752,"[0.2, 0.2, 0.2, 0.2, 0.2]"
965,236.48206768393072,343956.1378359168,"[0.2, 0.2, 0.2, 0.2, 0.2]"
966,692.8552648024281,238483.48638437863,"[0.2, 0.2, 0.2, 0.2, 0.2]"
967,978.6280964952732,460595.8370369995,"[0.2, 0.2, 0.2, 0.2, 0.2]"
968,555.7297122046571,994629.1537879794,"[0.2, 0.2, 0.2, 0.2, 0.2]"
969,892.2480112759056,429170.59178383433,"[0.2, 0.2, 0.2, 0.2, 0.2]"
970,296.79604941151115,676720.2989822191,"[0.2, 0.2, 0.2, 0.2, 0.2]"
971,322.1107490737652,257243.14034591534,"[0.2, 0.2, 0.2, 0.2, 0.2]"
972,855.7421571131662,897738.8148443896,"[0.2, 0.2, 0.2, 0.2, 0.2]"
973,959.32306353831,862588.4758954651,"[0.2, 0.2, 0.2, 0.2, 0.2]"
974,422.94900157208735,184219.24776904305,"[0.2, 0.2, 0.2, 0.2, 0.2]"
975,837.7362247033279,881819.0491493997,"[0.2, 0.2, 0.2, 0.2, 0.2]"
976,36.38510103123513,270815.39378007245,"[0.2, 0.2, 0.2, 0.2, 0.2]"
977,387.6256631468921,318500.4090845809,"[0.2, 0.2, 0.2, 0.2, 0.2]"
978,614.2659262573547,853982.5830993736,"[0.2, 0.2, 0.2, 0.2, 0.2]"
979,902.3042255105826,813224.6902179194,"[0.2, 0.2, 0.2, 0.2, 0.2]"
980,339.25544642146593,367044.5079664025,"[0.2, 0.2, 0.2, 0.2, 0.2]"
981,244.81348380830167,323342.56580592005,"[0.2, 0.2, 0.2, 0.2, 0.2]"
982,749.7036092207167,149207.20464543294,"[0.2, 0.2, 0.2, 0.2, 0.2]"
983,934.3065587798504,900829.7925464932,"[0.2, 0.2, 0.2, 0.2, 0.2]"
984,710.8999024764282,932135.9160716196,"[0.2, 0.2, 0.2, 0.2, 0.2]"
985,149.5788003437459,323967.4844131716,"[0.2, 0.2, 0.2, 0.2, 0.2]"
986,405.72007981346553,204539.24571887005,"[0.2, 0.2, 0.2, 0.2, 0.2]"
987,619.4447464525963,184569.46025725716,"[0.2, 0.2, 0.2, 0.2, 0.2]"
988,364.99147718966674,287439.0828895641,"[0.2, 0.2, 0.2, 0.2, 0.2]"
989,110.75805111111552,338381.8265690659,"[0.2, 0.2, 0.2, 0.2, 0.2]"
990,500.88835352669946,837310.9883797367,"[0.2, 0.2, 0.2, 0.2, 0.2]"
991,562.6291057065015,751855.8750542518,"[0.2, 0.2, 0.2, 0.2, 0.2]"
992,333.9577599219797,580968.367565678,"[0.2, 0.2, 0.2, 0.2, 0.2]"
993,115.07289060999473,629318.9250782765,"[0.2, 0.2, 0.2, 0.2, 0.2]"
994,160.55030565916513,992680.7735104497,"[0.2, 0.2, 0.2, 0.2, 0.2]"
995,319.84290948734423,225572.96532773314,"[0.2, 0.2, 0.2, 0.2, 0.2]"
996,308.8167920239676,313734.6358908957,"[0.2, 0.2, 0.2, 0.2, 0.2]"
997,786.2154659994324,935170.6078107328,"[0.2, 0.2, 0.2, 0.2, 0.2]"
998,329.04241723667445,978653.0078373681,"[0.2, 0.2, 0.2, 0.2, 0.2]"
999,589.4005581610257,572826.9619503447,"[0.2, 0.2, 0.2, 0.2, 0.2]"
1000,163.16759033538676,708936.5152492645,"[0.2, 0.2, 0.2, 0.2, 0.2]"
1001,531.2200070696863,204948.18283217688,"[0.2, 0.2, 0.2, 0.2, 0.2]"
1002,63.88415563713514,961904.5253719154,"[0.2, 0.2, 0.2, 0.2, 0.2]"
1003,494.48333444629577,528097.5565862225,"[0.2, 0.2, 0.2, 0.2, 0.2]"
1004,494.9238796083815,174154.22135871154,"[0.2, 0.2, 0.2, 0.2, 0.2]"
1005,986.6993339514555,396062.15806419397,"[0.2, 0.2, 0.2, 0.2, 0.2]"
1006,527.734384097066,881567.1637514968,"[0.2, 0.2, 0.2, 0.2, 0.2]"
1007,741.2338352811428,414165.33145847067,"[0.2, 0.2, 0.2, 0.2, 0.2]"
1008,466.15330801680204,675880.0725371211,"[0.2, 0.2, 0.2, 0.2, 0.2]"
1009,125.86173623471808,914602.8214927437,"[0.2, 0.2, 0.2, 0.2, 0.2]"
1010,70.66712728902169,217842.39471235062,"[0.2, 0.2, 0.2, 0.2, 0.2]"
1011,285.234350090443,812246.3227178504,"[0.2, 0.2, 0.2, 0.2, 0.2]"
1012,555.5898231853295,895839.4234667321,"[0.2, 0.2, 0.2, 0.2, 0.2]"
1013,997.0337864322864,315329.1112016655,"[0.2, 0.2, 0.2, 0.2, 0.2]"
1014,984.2352595548374,329966.125297569,"[0.2, 0.2, 0.2, 0.2, 0.2]"
1015,670.755094731139,844427.0525106032,"[0.2, 0.2, 0.2, 0.2, 0.2]"
1016,104.89043837423418,739231.523181525,"[0.2, 0.2, 0.2, 0.2, 0.2]"
1017,824.8452349163939,782416.6179214629,"[0.2, 0.2, 0.2, 0.2, 0.2]"
1018,552.4535613181979,754900.4446724675,"[0.2, 0.2, 0.2, 0.2, 0.2]"
1019,553.9186495653512,196048.27922074555,"[0.2, 0.2, 0.2, 0.2, 0.2]"
1020,14.791354548188,978240.5965062195,"[0.2, 0.2, 0.2, 0.2, 0.2]"
1021,490.87213991171416,872447.0303172318,"[0.2, 0.2, 0.2, 0.2, 0.2]"
1022,752.3177695933554,948379.2084866452,"[0.2, 0.2, 0.2, 0.2, 0.2]"
1023,310.93109524897477,416971.3397929421,"[0.2, 0.2, 0.2, 0.2, 0.2]"
1024,471.9582576373255,485279.2579899569,"[0.2, 0.2, 0.2, 0.2, 0.2]"
1025,105.90252938047612,813384.2379318724,"[0.2, 0.2, 0.2, 0.2, 0.2]"
1026,751.3908107579638,621449.6387578112,"[0.2, 0.2, 0.2, 0.2, 0.2]"
1027,433.7483597034226,316681.1250562229,"[0.2, 0.2, 0.2, 0.2, 0.2]"
1028,741.6037302041959,696163.2652245337,"[0.2, 0.2, 0.2, 0.2, 0.2]"
1029,28.381042871869198,112962.50311076903,"[0.2, 0.2, 0.2, 0.2, 0.2]"
1030,236.245158992095,883953.3579143399,"[0.2, 0.2, 0.2, 0.2, 0.2]"
1031,806.2888648829672,219084.20341217966,"[0.2, 0.2, 0.2, 0.2, 0.2]"
1032,875.1345523107412,296062.3254828594,"[0.2, 0.2, 0.2, 0.2, 0.2]"
1033,213.9715032767388,575476.298285286,"[0.2, 0.2, 0.2, 0.2, 0.2]"
1034,932.0367943849681,639543.0126778852,"[0.2, 0.2, 0.2, 0.2, 0.2]"
1035,634.9931012805858,401513.5584033528,"[0.2, 0.2, 0.2, 0.2, 0.2]"
1036,600.2354789181027,508061.7974424456,"[0.2, 0.2, 0.2, 0.2, 0.2]"
1037,153.97510092844698,407072.1087047983,"[0.2, 0.2, 0.2, 0.2, 0.2]"
1038,575.7829466726256,716922.8607063218,"[0.2, 0.2, 0.2, 0.2, 0.2]"
1039,112.02499404936783,887204.0595622906,"[0.2, 0.2, 0.2, 0.2, 0.2]"
1040,65.51106591510765,187036.23836818113,"[0.2, 0.2, 0.2, 0.2, 0.2]"
1041,423.4470812618932,590921.3992747748,"[0.2, 0.2, 0.2, 0.2, 0.2]"
1042,118.63723382897422,640136.8995598257,"[0.2, 0.2, 0.2, 0.2, 0.2]"
1043,207.23515092572845,403347.7736076433,"[0.2, 0.2, 0.2, 0.2, 0.2]"
1044,823.0527895022097,307611.4713809406,"[0.2, 0.2, 0.2, 0.2, 0.2]"
1045,385.51372933169176,879489.4027075662,"[0.2, 0.2, 0.2, 0.2, 0.2]"
1046,968.7682643235624,292599.84602098993,"[0.2, 0.2, 0.2, 0.2, 0.2]"
1047,965.2055756702115,752994.7297772086,"[0.2, 0.2, 0.2, 0.2, 0.2]"
1048,586.5692463568397,614002.8558439903,"[0.2, 0.2, 0.2, 0.2, 0.2]"
1049,349.99675740306924,832321.5773116434,"[0.2, 0.2, 0.2, 0.2, 0.2]"
1050,650.6909714275554,830151.244600664,"[0.2, 0.2, 0.2, 0.2, 0.2]"
1051,83.76704049348234,744353.3339548438,"[0.2, 0.2, 0.2, 0.2, 0.2]"
1052,899.5778289014619,567010.5402329143,"[0.2, 0.2, 0.2, 0.2, 0.2]"
1053,188.14990429217053,545139.109241904,"[0.2, 0.2, 0.2, 0.2, 0.2]"
1054,368.35322354843976,839503.4064829175,"[0.2, 0.2, 0.2, 0.2, 0.2]"
1055,141.90119418362033,222055.68331288215,"[0.2, 0.2, 0.2, 0.2, 0.2]"
1056,807.4663152850715,811251.0691660715,"[0.2, 0.2, 0.2, 0.2, 0.2]"
1057,847.5160006301741,241211.37147329136,"[0.2, 0.2, 0.2, 0.2, 0.2]"
1058,583.2339267180812,167543.2432751297,"[0.2, 0.2, 0.2, 0.2, 0.2]"
1059,918.0843708530688,637462.7607534393,"[0.2, 0.2, 0.2, 0.2, 0.2]"
1060,112.50010466950071,213760.72660117238,"[0.2, 0.2, 0.2, 0.2, 0.2]"
1061,633.816584684513,481143.9812409961,"[0.2, 0.2, 0.2, 0.2, 0.2]"
1062,75.10847745772105,786137.781737572,"[0.2, 0.2, 0.2, 0.2, 0.2]"
1063,723.8409894706566,288572.93702757766,"[0.2, 0.2, 0.2, 0.2, 0.2]"
1064,253.38388566466188,545892.5608723983,"[0.2, 0.2, 0.2, 0.2, 0.2]"
1065,370.73215885794485,412359.54007187457,"[0.2, 0.2, 0.2, 0.2, 0.2]"
1066,299.54694827785823,280635.87355711195,"[0.2, 0.2, 0.2, 0.2, 0.2]"
1067,867.9207436681288,976415.1466766768,"[0.2, 0.2, 0.2, 0.2, 0.2]"
1068,177.94964509557414,778172.2340874078,"[0.2, 0.2, 0.2, 0.2, 0.2]"
1069,214.69254028286582,638178.807714612,"[0.2, 0.2, 0.2, 0.2, 0.2]"
1070,830.1536201417516,621984.972433132,"[0.2, 0.2, 0.2, 0.2, 0.2]"
1071,892.0035385855377,498309.23571103887,"[0.2, 0.2, 0.2, 0.2, 0.2]"
1072,266.1746925971574,256851.1724717035,"[0.2, 0.2, 0.2, 0.2, 0.2]"
1073,374.7799948794942,589463.4904465254,"[0.2, 0.2, 0.2, 0.2, 0.2]"
1074,204.27854331455782,956758.5786933304,"[0.2, 0.2, 0.2, 0.2, 0.2]"
1075,338.1980851469757,294226.0591120044,"[0.2, 0.2, 0.2, 0.2, 0.2]"
1076,342.5610023544734,907193.2379793507,"[0.2, 0.2, 0.2, 0.2, 0.2]"
1077,339.42609378414363,587175.9946580036,"[0.2, 0.2, 0.2, 0.2, 0.2]"
1078,473.31403031218605,731644.2281789894,"[0.2, 0.2, 0.2, 0.2, 0.2]"
1079,714.8461688730891,396365.53853756894,"[0.2, 0.2, 0.2, 0.2, 0.2]"
1080,477.64619473720904,533874.6397778136,"[0.2, 0.2, 0.2, 0.2, 0.2]"
1081,855.7307772960611,886479.6706306547,"[0.2, 0.2, 0.2, 0.2, 0.2]"
1082,923.8358277394586,222625.35436452032,"[0.2, 0.2, 0.2, 0.2, 0.2]"
1083,579.2819925314902,468682.0503177776,"[0.2, 0.2, 0.2, 0.2, 0.2]"
1084,111.8147312353515,978918.250263078,"[0.2, 0.2, 0.2, 0.2, 0.2]"
1085,801.1926307555342,874263.0730979885,"[0.2, 0.2, 0.2, 0.2, 0.2]"
1086,981.3283184333739,291620.0210097184,"[0.2, 0.2, 0.2, 0.2, 0.2]"
1087,280.64551426609137,495246.822481282,"[0.2, 0.2, 0.2, 0.2, 0.2]"
1088,24.79742699579247,904406.8786611338,"[0.2, 0.2, 0.2, 0.2, 0.2]"
1089,730.0431800560098,508226.66330510733,"[0.2, 0.2, 0.2, 0.2, 0.2]"
1090,504.812106829905,944515.6192936683,"[0.2, 0.2, 0.2, 0.2, 0.2]"
1091,724.8949525867256,485609.1749920047,"[0.2, 0.2, 0.2, 0.2, 0.2]"
1092,861.2184444494654,821031.1016261027,"[0.2, 0.2, 0.2, 0.2, 0.2]"
1093,774.8577888044454,227727.93506849057,"[0.2, 0.2, 0.2, 0.2, 0.2]"
1094,731.6636836492127,346638.01832581917,"[0.2, 0.2, 0.2, 0.2, 0.2]"
1095,421.39145678074044,759043.4503430263,"[0.2, 0.2, 0.2, 0.2, 0.2]"
1096,962.4402586567925,986423.3224228316,"[0.2, 0.2, 0.2, 0.2, 0.2]"
1097,606.6384216325671,252127.6750188756,"[0.2, 0.2, 0.2, 0.2, 0.2]"
1098,21.713368720495662,756490.885149083,"[0.2, 0.2, 0.2, 0.2, 0.2]"
1099,196.18162777377196,449298.52100131055,"[0.2, 0.2, 0.2, 0.2, 0.2]"
1100,602.3048691108359,595570.456377705,"[0.2, 0.2, 0.2, 0.2, 0.2]"
1101,981.2570040104897,623761.4965174384,"[0.2, 0.2, 0.2, 0.2, 0.2]"
1102,714.4553683532337,373768.2643371202,"[0.2, 0.2, 0.2, 0.2, 0.2]"
1103,418.5636073230662,391675.8747415137,"[0.2, 0.2, 0.2, 0.2, 0.2]"
1104,642.9007686457065,881750.6560982841,"[0.2, 0.2, 0.2, 0.2, 0.2]"
1105,798.0174920131249,230891.44879926112,"[0.2, 0.2, 0.2, 0.2, 0.2]"
1106,415.0748989586541,169490.50154385786,"[0.2, 0.2, 0.2, 0.2, 0.2]"
1107,602.195220097899,767881.3635041915,"[0.2, 0.2, 0.2, 0.2, 0.2]"
1108,651.2732962914217,382577.2609672635,"[0.2, 0.2, 0.2, 0.2, 0.2]"
1109,361.9646613170429,460790.5696840367,"[0.2, 0.2, 0.2, 0.2, 0.2]"
1110,492.8277932490851,294256.50173005334,"[0.2, 0.2, 0.2, 0.2, 0.2]"
1111,352.8355087667459,430814.3574888248,"[0.2, 0.2, 0.2, 0.2, 0.2]"
1112,529.9861513015356,754927.9943230565,"[0.2, 0.2, 0.2, 0.2, 0.2]"
1113,381.93241928138394,294230.82068168453,"[0.2, 0.2, 0.2, 0.2, 0.2]"
1114,19.504727522899785,782860.5126223644,"[0.2, 0.2, 0.2, 0.2, 0.2]"
1115,566.9588532194185,122004.76936286488,"[0.2, 0.2, 0.2, 0.2, 0.2]"
1116,469.5710498353666,886812.3430804175,"[0.2, 0.2, 0.2, 0.2, 0.2]"
1117,609.9720550403426,531166.033290253,"[0.2, 0.2, 0.2, 0.2, 0.2]"
1118,874.7767003756237,977632.5671315619,"[0.2, 0.2, 0.2, 0.2, 0.2]"
1119,607.2395856719972,774991.9109585996,"[0.2, 0.2, 0.2, 0.2, 0.2]"
1120,172.52386889467908,896795.2072334046,"[0.2, 0.2, 0.2, 0.2, 0.2]"
1121,91.0580114690663,151918.83056329633,"[0.2, 0.2, 0.2, 0.2, 0.2]"
1122,276.3652282645636,497702.63581414334,"[0.2, 0.2, 0.2, 0.2, 0.2]"
1123,750.0629943370719,512447.64994458965,"[0.2, 0.2, 0.2, 0.2, 0.2]"
1124,93.37549167975693,515568.92276853835,"[0.2, 0.2, 0.2, 0.2, 0.2]"
1125,745.5090824113278,623371.8108513458,"[0.2, 0.2, 0.2, 0.2, 0.2]"
1126,321.79827280124346,357525.72515762737,"[0.2, 0.2, 0.2, 0.2, 0.2]"
1127,83.52183392748495,278715.9239646755,"[0.2, 0.2, 0.2, 0.2, 0.2]"
1128,852.9363102086891,170260.3923069277,"[0.2, 0.2, 0.2, 0.2, 0.2]"
1129,202.65764211185123,286285.07175907167,"[0.2, 0.2, 0.2, 0.2, 0.2]"
1130,693.7694275477496,626073.9378406187,"[0.2, 0.2, 0.2, 0.2, 0.2]"
1131,635.6741734044915,852833.9961392999,"[0.2, 0.2, 0.2, 0.2, 0.2]"
1132,766.0330215790514,331690.5762065776,"[0.2, 0.2, 0.2, 0.2, 0.2]"
1133,134.02557994600056,333234.52495567605,"[0.2, 0.2, 0.2, 0.2, 0.2]"
1134,50.81276717603304,337476.93911165785,"[0.2, 0.2, 0.2, 0.2, 0.2]"
1135,63.94980706572803,987669.8192264745,"[0.2, 0.2, 0.2, 0.2, 0.2]"
1136,259.2179792212514,902378.8273410216,"[0.2, 0.2, 0.2, 0.2, 0.2]"
1137,797.8342074302877,727939.8726016738,"[0.2, 0.2, 0.2, 0.2, 0.2]"
1138,665.9488389059692,104944.33134307069,"[0.2, 0.2, 0.2, 0.2, 0.2]"
1139,975.8200074233857,694116.3600177476,"[0.2, 0.2, 0.2, 0.2, 0.2]"
1140,810.8520323294026,984668.9956830313,"[0.2, 0.2, 0.2, 0.2, 0.2]"
1141,597.9339183051559,944385.8166366698,"[0.2, 0.2, 0.2, 0.2, 0.2]"
1142,271.233075000218,248044.05391786512,"[0.2, 0.2, 0.2, 0.2, 0.2]"
1143,717.4313132549862,693594.6819881831,"[0.2, 0.2, 0.2, 0.2, 0.2]"
1144,575.6053742463007,522737.4665472893,"[0.2, 0.2, 0.2, 0.2, 0.2]"
1145,93.51414878040865,971923.3221096607,"[0.2, 0.2, 0.2, 0.2, 0.2]"
1146,775.8431664742699,475857.7730763891,"[0.2, 0.2, 0.2, 0.2, 0.2]"
1147,566.5477691040538,462168.8675276956,"[0.2, 0.2, 0.2, 0.2, 0.2]"
1148,789.6504140241182,751228.646346648,"[0.2, 0.2, 0.2, 0.2, 0.2]"
1149,515.3450484467706,103208.5824607179,"[0.2, 0.2, 0.2, 0.2, 0.2]"
1150,717.0804605946818,617453.1516345772,"[0.2, 0.2, 0.2, 0.2, 0.2]"
1151,887.6489923728956,377347.25816603383,"[0.2, 0.2, 0.2, 0.2, 0.2]"
1152,288.2233440911143,205061.25925527347,"[0.2, 0.2, 0.2, 0.2, 0.2]"
1153,138.84732701221162,617323.6366811679,"[0.2, 0.2, 0.2, 0.2, 0.2]"
1154,843.1846891834648,946614.983134848,"[0.2, 0.2, 0.2, 0.2, 0.2]"
1155,825.0683856962028,183020.20287128037,"[0.2, 0.2, 0.2, 0.2, 0.2]"
1156,704.2843513654453,613740.8129353332,"[0.2, 0.2, 0.2, 0.2, 0.2]"
1157,758.4300953072408,868119.7418529972,"[0.2, 0.2, 0.2, 0.2, 0.2]"
1158,596.3785628862236,687800.2325276099,"[0.2, 0.2, 0.2, 0.2, 0.2]"
1159,544.0945887135114,602500.9026852963,"[0.2, 0.2, 0.2, 0.2, 0.2]"
1160,942.6989515582832,650467.155363548,"[0.2, 0.2, 0.2, 0.2, 0.2]"
1161,727.2545710084055,978286.3367067416,"[0.2, 0.2, 0.2, 0.2, 0.2]"
1162,381.9107953923368,122401.68140594783,"[0.2, 0.2, 0.2, 0.2, 0.2]"
1163,562.083211324882,275788.77362280723,"[0.2, 0.2, 0.2, 0.2, 0.2]"
1164,797.3088844377272,260898.24298445656,"[0.2, 0.2, 0.2, 0.2, 0.2]"
1165,224.1023396715626,609697.3588736657,"[0.2, 0.2, 0.2, 0.2, 0.2]"
1166,59.76869406084603,557418.2912974437,"[0.2, 0.2, 0.2, 0.2, 0.2]"
1167,196.43525471397618,143372.9754912767,"[0.2, 0.2, 0.2, 0.2, 0.2]"
1168,870.6618548583115,402854.3095697372,"[0.2, 0.2, 0.2, 0.2, 0.2]"
1169,572.0194068089281,221804.41531294334,"[0.2, 0.2, 0.2, 0.2, 0.2]"
1170,708.1133241032754,686957.4715709151,"[0.2, 0.2, 0.2, 0.2, 0.2]"
1171,721.7311108495505,788602.2177402414,"[0.2, 0.2, 0.2, 0.2, 0.2]"
1172,604.0127384278044,539045.8265379822,"[0.2, 0.2, 0.2, 0.2, 0.2]"
1173,277.09413053870725,971475.0938690739,"[0.2, 0.2, 0.2, 0.2, 0.2]"
1174,922.7698472106404,427513.2762510375,"[0.2, 0.2, 0.2, 0.2, 0.2]"
1175,485.4989756371321,765291.810078509,"[0.2, 0.2, 0.2, 0.2, 0.2]"
1176,592.5787234873795,866606.9179660915,"[0.2, 0.2, 0.2, 0.2, 0.2]"
1177,380.3793311656723,230713.70989981166,"[0.2, 0.2, 0.2, 0.2, 0.2]"
1178,809.9458130374561,907452.8684400666,"[0.2, 0.2, 0.2, 0.2, 0.2]"
1179,774.2395970668314,942342.9711775369,"[0.2, 0.2, 0.2, 0.2, 0.2]"
1180,836.079433965847,530048.4843479586,"[0.2, 0.2, 0.2, 0.2, 0.2]"
1181,499.5530366760596,797689.5834467493,"[0.2, 0.2, 0.2, 0.2, 0.2]"
1182,389.441786153563,802806.1251402913,"[0.2, 0.2, 0.2, 0.2, 0.2]"
1183,698.2078833475462,409815.1873095661,"[0.2, 0.2, 0.2, 0.2, 0.2]"
1184,575.3397315555756,412746.1768891741,"[0.2, 0.2, 0.2, 0.2, 0.2]"
1185,639.9324972607652,288644.9590627995,"[0.2, 0.2, 0.2, 0.2, 0.2]"
1186,15.566452343998233,594950.1280384073,"[0.2, 0.2, 0.2, 0.2, 0.2]"
1187,854.955121425605,834753.032253578,"[0.2, 0.2, 0.2, 0.2, 0.2]"
1188,288.1334438929989,310567.74351579556,"[0.2, 0.2, 0.2, 0.2, 0.2]"
1189,223.58728365359823,408054.24612857215,"[0.2, 0.2, 0.2, 0.2, 0.2]"
1190,241.3605119696559,464772.8978848642,"[0.2, 0.2, 0.2, 0.2, 0.2]"
1191,187.10673203950654,662019.9357856346,"[0.2, 0.2, 0.2, 0.2, 0.2]"
1192,615.3832984184975,175591.85317886996,"[0.2, 0.2, 0.2, 0.2, 0.2]"
1193,185.69811287213162,139005.19288867567,"[0.2, 0.2, 0.2, 0.2, 0.2]"
1194,912.8349131596225,140010.26196626702,"[0.2, 0.2, 0.2, 0.2, 0.2]"
1195,837.7843462603686,691632.1138171812,"[0.2, 0.2, 0.2, 0.2, 0.2]"
1196,221.2224846129278,441973.1006168381,"[0.2, 0.2, 0.2, 0.2, 0.2]"
1197,41.428913959727446,690586.4443172913,"[0.2, 0.2, 0.2, 0.2, 0.2]"
1198,602.5834936202243,868355.8421777087,"[0.2, 0.2, 0.2, 0.2, 0.2]"
1199,330.02941722854865,633239.961698591,"[0.2, 0.2, 0.2, 0.2, 0.2]"
1200,48.50571437559355,977630.2711908632,"[0.2, 0.2, 0.2, 0.2, 0.2]"
1201,757.2472161653294,569235.5316017459,"[0.2, 0.2, 0.2, 0.2, 0.2]"
1202,438.0361791925649,985025.6192973321,"[0.2, 0.2, 0.2, 0.2, 0.2]"
1203,959.0925765418963,137010.71539123412,"[0.2, 0.2, 0.2, 0.2, 0.2]"
1204,175.56874847436058,853473.0782759206,"[0.2, 0.2, 0.2, 0.2, 0.2]"
1205,235.33602042130818,552254.2470052879,"[0.2, 0.2, 0.2, 0.2, 0.2]"
1206,350.69283684931185,224184.96209192593,"[0.2, 0.2, 0.2, 0.2, 0.2]"
1207,671.5315911801657,207788.4564269971,"[0.2, 0.2, 0.2, 0.2, 0.2]"
1208,676.1375255761112,669178.391325,"[0.2, 0.2, 0.2, 0.2, 0.2]"
1209,302.7988663348752,712522.6133666479,"[0.2, 0.2, 0.2, 0.2, 0.2]"
1210,104.82931989630951,943498.595020481,"[0.2, 0.2, 0.2, 0.2, 0.2]"
1211,411.98755095249925,563416.1069120375,"[0.2, 0.2, 0.2, 0.2, 0.2]"
1212,695.5229436130869,872414.7153797651,"[0.2, 0.2, 0.2, 0.2, 0.2]"
1213,363.2020515051219,325327.0038057158,"[0.2, 0.2, 0.2, 0.2, 0.2]"
1214,346.5255045256553,426053.8914545872,"[0.2, 0.2, 0.2, 0.2, 0.2]"
1215,97.56701946399185,545322.2077544231,"[0.2, 0.2, 0.2, 0.2, 0.2]"
1216,25.886212453550556,809436.8879696243,"[0.2, 0.2, 0.2, 0.2, 0.2]"
1217,332.692214351796,367379.23870050075,"[0.2, 0.2, 0.2, 0.2, 0.2]"
1218,46.921702521056176,214481.05599787922,"[0.2, 0.2, 0.2, 0.2, 0.2]"
1219,36.97982502600673,203859.1943717883,"[0.2, 0.2, 0.2, 0.2, 0.2]"
1220,430.1357504625626,877570.0927460189,"[0.2, 0.2, 0.2, 0.2, 0.2]"
1221,245.35859365987096,694472.8778539925,"[0.2, 0.2, 0.2, 0.2, 0.2]"
1222,414.0579942722233,514633.15051064664,"[0.2, 0.2, 0.2, 0.2, 0.2]"
1223,763.4144196570546,498830.3723266128,"[0.2, 0.2, 0.2, 0.2, 0.2]"
1224,301.60367945153604,728305.167703847,"[0.2, 0.2, 0.2, 0.2, 0.2]"
1225,962.2295568553418,468269.8828945607,"[0.2, 0.2, 0.2, 0.2, 0.2]"
1226,717.2725995157916,254351.59384274247,"[0.2, 0.2, 0.2, 0.2, 0.2]"
1227,92.52895198636651,487256.1510485975,"[0.2, 0.2, 0.2, 0.2, 0.2]"
1228,557.0185708329584,597813.8400429948,"[0.2, 0.2, 0.2, 0.2, 0.2]"
1229,662.3757523625369,405231.2466442679,"[0.2, 0.2, 0.2, 0.2, 0.2]"
1230,597.480652017808,288349.38794370857,"[0.2, 0.2, 0.2, 0.2, 0.2]"
1231,937.0725531353236,367631.6506146662,"[0.2, 0.2, 0.2, 0.2, 0.2]"
1232,431.22646994865323,525546.9802929896,"[0.2, 0.2, 0.2, 0.2, 0.2]"
1233,149.11883945226893,899496.4137964952,"[0.2, 0.2, 0.2, 0.2, 0.2]"
1234,674.1314559233514,766017.275152163,"[0.2, 0.2, 0.2, 0.2, 0.2]"
1235,222.56077667244853,510702.6836308195,"[0.2, 0.2, 0.2, 0.2, 0.2]"
1236,80.48727356264014,916200.7019360499,"[0.2, 0.2, 0.2, 0.2, 0.2]"
1237,216.32752655761075,513535.79720008967,"[0.2, 0.2, 0.2, 0.2, 0.2]"
1238,555.4118183201933,866740.3703347807,"[0.2, 0.2, 0.2, 0.2, 0.2]"
1239,272.4557658625948,742540.2933461521,"[0.2, 0.2, 0.2, 0.2, 0.2]"
1240,720.7722381133099,852538.0007394494,"[0.2, 0.2, 0.2, 0.2, 0.2]"
1241,563.146320985332,142958.0489788908,"[0.2, 0.2, 0.2, 0.2, 0.2]"
1242,380.05106071889827,221742.5175478382,"[0.2, 0.2, 0.2, 0.2, 0.2]"
1243,889.523826462024,868220.6769634613,"[0.2, 0.2, 0.2, 0.2, 0.2]"
1244,989.1505725310157,770042.7530930019,"[0.2, 0.2, 0.2, 0.2, 0.2]"
1245,324.444874818987,182323.45541373527,"[0.2, 0.2, 0.2, 0.2, 0.2]"
1246,987.6224073325507,653778.5775330972,"[0.2, 0.2, 0.2, 0.2, 0.2]"
1247,210.22471192034723,697160.8518202638,"[0.2, 0.2, 0.2, 0.2, 0.2]"
1248,29.589154267107393,603415.4158563634,"[0.2, 0.2, 0.2, 0.2, 0.2]"
1249,920.8160738627012,494064.19734968233,"[0.2, 0.2, 0.2, 0.2, 0.2]"
1250,163.8975927510709,589811.9666376789,"[0.2, 0.2, 0.2, 0.2, 0.2]"
1251,957.9092472632084,643933.7541255875,"[0.2, 0.2, 0.2, 0.2, 0.2]"
1252,32.77049713004145,805974.9350890311,"[0.2, 0.2, 0.2, 0.2, 0.2]"
1253,677.4291579455892,578124.7424368481,"[0.2, 0.2, 0.2, 0.2, 0.2]"
1254,404.15984137049355,631205.9195831569,"[0.2, 0.2, 0.2, 0.2, 0.2]"
1255,781.73687636101,655321.5465910955,"[0.2, 0.2, 0.2, 0.2, 0.2]"
1256,108.88402805362367,855794.6836066357,"[0.2, 0.2, 0.2, 0.2, 0.2]"
1257,79.22893414944558,350451.9378474499,"[0.2, 0.2, 0.2, 0.2, 0.2]"
1258,382.3126647846816,852719.1702494266,"[0.2, 0.2, 0.2, 0.2, 0.2]"
1259,981.3848112728481,492579.56022645463,"[0.2, 0.2, 0.2, 0.2, 0.2]"
1260,288.8141011669691,132331.12646062285,"[0.2, 0.2, 0.2, 0.2, 0.2]"
1261,391.9267654765625,778646.2476037163,"[0.2, 0.2, 0.2, 0.2, 0.2]"
1262,621.3259095575218,591412.3435021546,"[0.2, 0.2, 0.2, 0.2, 0.2]"
1263,429.7969485788415,931064.3696075721,"[0.2, 0.2, 0.2, 0.2, 0.2]"
1264,367.0091561959161,296521.3727267998,"[0.2, 0.2, 0.2, 0.2, 0.2]"
1265,732.4313272292267,324251.08234330546,"[0.2, 0.2, 0.2, 0.2, 0.2]"
1266,362.201354973578,500100.504968415,"[0.2, 0.2, 0.2, 0.2, 0.2]"
1267,490.23284453928363,833521.3305093183,"[0.2, 0.2, 0.2, 0.2, 0.2]"
1268,29.65928729984104,400771.9089287733,"[0.2, 0.2, 0.2, 0.2, 0.2]"
1269,98.02316012329943,149823.1221689888,"[0.2, 0.2, 0.2, 0.2, 0.2]"
1270,489.899697199176,962032.2347992754,"[0.2, 0.2, 0.2, 0.2, 0.2]"
1271,739.334437776751,306379.7669532619,"[0.2, 0.2, 0.2, 0.2, 0.2]"
1272,438.8068125077267,621702.4808942566,"[0.2, 0.2, 0.2, 0.2, 0.2]"
1273,492.9157882793939,540188.6156371841,"[0.2, 0.2, 0.2, 0.2, 0.2]"
1274,329.27214243385583,508377.53408878937,"[0.2, 0.2, 0.2, 0.2, 0.2]"
1275,666.3516628988556,508424.984187247,"[0.2, 0.2, 0.2, 0.2, 0.2]"
1276,50.74789906916311,561182.00621791,"[0.2, 0.2, 0.2, 0.2, 0.2]"
1277,845.3513558751341,588579.5102899468,"[0.2, 0.2, 0.2, 0.2, 0.2]"
1278,865.513318143458,680981.7053600766,"[0.2, 0.2, 0.2, 0.2, 0.2]"
1279,370.2254678005302,378436.8798187568,"[0.2, 0.2, 0.2, 0.2, 0.2]"
1280,261.3130471382828,334279.7178557132,"[0.2, 0.2, 0.2, 0.2, 0.2]"
1281,123.92442704495929,229219.50810908154,"[0.2, 0.2, 0.2, 0.2, 0.2]"
1282,535.8474431658403,501152.1651177422,"[0.2, 0.2, 0.2, 0.2, 0.2]"
1283,79.75909544857802,620948.617603732,"[0.2, 0.2, 0.2, 0.2, 0.2]"
1284,627.333115098449,516880.8221988475,"[0.2, 0.2, 0.2, 0.2, 0.2]"
1285,116.69893824842848,951426.5999419254,"[0.2, 0.2, 0.2, 0.2, 0.2]"
1286,19.937003896329962,193125.19705368555,"[0.2, 0.2, 0.2, 0.2, 0.2]"
1287,490.1073014102696,835915.7369435896,"[0.2, 0.2, 0.2, 0.2, 0.2]"
1288,734.8545468008678,616529.4589113942,"[0.2, 0.2, 0.2, 0.2, 0.2]"
1289,659.7885355084811,434394.99622633314,"[0.2, 0.2, 0.2, 0.2, 0.2]"
1290,566.323344381546,247310.75424059952,"[0.2, 0.2, 0.2, 0.2, 0.2]"
1291,241.57896037436905,618470.1483475663,"[0.2, 0.2, 0.2, 0.2, 0.2]"
1292,696.8775456801832,225684.27341711448,"[0.2, 0.2, 0.2, 0.2, 0.2]"
1293,58.007612307166454,674039.1572811465,"[0.2, 0.2, 0.2, 0.2, 0.2]"
1294,708.8898078123299,311718.07637484116,"[0.2, 0.2, 0.2, 0.2, 0.2]"
1295,421.1090901694543,811155.6023378549,"[0.2, 0.2, 0.2, 0.2, 0.2]"
1296,900.1031402412652,715119.8541017042,"[0.2, 0.2, 0.2, 0.2, 0.2]"
1297,975.5029733948194,766731.559674591,"[0.2, 0.2, 0.2, 0.2, 0.2]"
1298,94.82729827761965,250242.3006361841,"[0.2, 0.2, 0.2, 0.2, 0.2]"
1299,543.2602475461333,465079.17212863005,"[0.2, 0.2, 0.2, 0.2, 0.2]"
1300,715.4261611025355,887242.155544294,"[0.2, 0.2, 0.2, 0.2, 0.2]"
1301,990.3254982250925,920123.5672662032,"[0.2, 0.2, 0.2, 0.2, 0.2]"
1302,442.56003478880757,810274.7104552779,"[0.2, 0.2, 0.2, 0.2, 0.2]"
1303,413.9436373958931,815416.1630933651,"[0.2, 0.2, 0.2, 0.2, 0.2]"
1304,295.0734696609201,588787.7100503313,"[0.2, 0.2, 0.2, 0.2, 0.2]"
1305,777.6357526850211,126616.4851705945,"[0.2, 0.2, 0.2, 0.2, 0.2]"
1306,148.00233602074286,462046.02469682234,"[0.2, 0.2, 0.2, 0.2, 0.2]"
1307,793.2648607262723,359446.0444642231,"[0.2, 0.2, 0.2, 0.2, 0.2]"
1308,793.0976489109802,994578.8269186898,"[0.2, 0.2, 0.2, 0.2, 0.2]"
1309,894.2014422476615,293017.47833443724,"[0.2, 0.2, 0.2, 0.2, 0.2]"
1310,936.7726057613011,738976.4274293329,"[0.2, 0.2, 0.2, 0.2, 0.2]"
1311,35.38371317992416,279618.3198770543,"[0.2, 0.2, 0.2, 0.2, 0.2]"
1312,956.6934045133409,380505.3901896267,"[0.2, 0.2, 0.2, 0.2, 0.2]"
1313,568.4211593990924,817432.0379860674,"[0.2, 0.2, 0.2, 0.2, 0.2]"
1314,231.99512675440712,562317.1183582351,"[0.2, 0.2, 0.2, 0.2, 0.2]"
1315,637.771580307735,877043.5751161625,"[0.2, 0.2, 0.2, 0.2, 0.2]"
1316,287.22295801563445,162296.35965696385,"[0.2, 0.2, 0.2, 0.2, 0.2]"
1317,684.7719276744749,290512.2714445464,"[0.2, 0.2, 0.2, 0.2, 0.2]"
1318,76.10189722538146,517616.0545017529,"[0.2, 0.2, 0.2, 0.2, 0.2]"
1319,360.03807565516905,683186.0996633362,"[0.2, 0.2, 0.2, 0.2, 0.2]"
1320,70.11892107289168,263216.5749474716,"[0.2, 0.2, 0.2, 0.2, 0.2]"
1321,672.1925680813803,288328.69018531026,"[0.2, 0.2, 0.2, 0.2, 0.2]"
1322,216.66944113633912,330807.63843246346,"[0.2, 0.2, 0.2, 0.2, 0.2]"
1323,465.82049839912827,711200.7310358565,"[0.2, 0.2, 0.2, 0.2, 0.2]"
1324,530.2635729236332,495269.78939067817,"[0.2, 0.2, 0.2, 0.2, 0.2]"
1325,995.7034925428237,296868.6431575476,"[0.2, 0.2, 0.2, 0.2, 0.2]"
1326,75.07583548938338,658330.2244397516,"[0.2, 0.2, 0.2, 0.2, 0.2]"
1327,579.6555970926009,781550.2216327327,"[0.2, 0.2, 0.2, 0.2, 0.2]"
1328,632.3377056702125,516734.51933693676,"[0.2, 0.2, 0.2, 0.2, 0.2]"
1329,652.0307318892907,423061.28478546184,"[0.2, 0.2, 0.2, 0.2, 0.2]"
1330,441.63929364169945,767326.4583125515,"[0.2, 0.2, 0.2, 0.2, 0.2]"
1331,540.004281844935,513324.8329270079,"[0.2, 0.2, 0.2, 0.2, 0.2]"
1332,123.19746045695757,279167.5468830961,"[0.2, 0.2, 0.2, 0.2, 0.2]"
1333,355.81030292370633,538298.3888625923,"[0.2, 0.2, 0.2, 0.2, 0.2]"
1334,552.2700642475138,795099.0634843883,"[0.2, 0.2, 0.2, 0.2, 0.2]"
1335,426.4593067140347,352845.1836551863,"[0.2, 0.2, 0.2, 0.2, 0.2]"
1336,972.7481592109043,924930.4679365619,"[0.2, 0.2, 0.2, 0.2, 0.2]"
1337,778.6593169083623,602894.0590014278,"[0.2, 0.2, 0.2, 0.2, 0.2]"
1338,220.05220618570254,233885.30398527917,"[0.2, 0.2, 0.2, 0.2, 0.2]"
1339,222.75198382820935,595735.2350993401,"[0.2, 0.2, 0.2, 0.2, 0.2]"
1340,761.2373533297587,157762.0479807211,"[0.2, 0.2, 0.2, 0.2, 0.2]"
1341,603.7154894765332,114294.53563654184,"[0.2, 0.2, 0.2, 0.2, 0.2]"
1342,949.928415890061,682168.1766210629,"[0.2, 0.2, 0.2, 0.2, 0.2]"
1343,819.1858264457063,272948.3312481637,"[0.2, 0.2, 0.2, 0.2, 0.2]"
1344,778.6088726398546,737288.9178477317,"[0.2, 0.2, 0.2, 0.2, 0.2]"
1345,280.9639378961532,595268.403727001,"[0.2, 0.2, 0.2, 0.2, 0.2]"
1346,771.0369098045971,534583.1060211614,"[0.2, 0.2, 0.2, 0.2, 0.2]"
1347,629.1820102008816,489843.6260975463,"[0.2, 0.2, 0.2, 0.2, 0.2]"
1348,824.0059446740054,362060.894581854,"[0.2, 0.2, 0.2, 0.2, 0.2]"
1349,671.5564879829018,940732.0731172751,"[0.2, 0.2, 0.2, 0.2, 0.2]"
1350,536.6952536429538,767295.0490912192,"[0.2, 0.2, 0.2, 0.2, 0.2]"
1351,243.0185770803867,531429.5004783424,"[0.2, 0.2, 0.2, 0.2, 0.2]"
1352,957.652269048674,309108.1506670411,"[0.2, 0.2, 0.2, 0.2, 0.2]"
1353,310.05748357107154,985865.4176092718,"[0.2, 0.2, 0.2, 0.2, 0.2]"
1354,457.2442193369983,984688.8319994276,"[0.2, 0.2, 0.2, 0.2, 0.2]"
1355,895.7865462751677,667376.2197053683,"[0.2, 0.2, 0.2, 0.2, 0.2]"
1356,887.6080437802013,183716.9794683733,"[0.2, 0.2, 0.2, 0.2, 0.2]"
1357,250.83235200271508,140230.86253437347,"[0.2, 0.2, 0.2, 0.2, 0.2]"
1358,587.1846179361395,217581.66830450913,"[0.2, 0.2, 0.2, 0.2, 0.2]"
1359,241.2470284260145,971674.1697949991,"[0.2, 0.2, 0.2, 0.2, 0.2]"
1360,460.1946608966468,274445.5525856896,"[0.2, 0.2, 0.2, 0.2, 0.2]"
1361,780.7873554800921,801604.0202039478,"[0.2, 0.2, 0.2, 0.2, 0.2]"
1362,917.7294883316653,598973.9818924776,"[0.2, 0.2, 0.2, 0.2, 0.2]"
1363,351.23654866967024,489276.0663842195,"[0.2, 0.2, 0.2, 0.2, 0.2]"
1364,639.9741911613227,107982.67678386408,"[0.2, 0.2, 0.2, 0.2, 0.2]"
1365,673.4052313093847,117973.86670798433,"[0.2, 0.2, 0.2, 0.2, 0.2]"
1366,743.4957424511721,850019.7487044397,"[0.2, 0.2, 0.2, 0.2, 0.2]"
1367,71.53679118597191,755170.6164671206,"[0.2, 0.2, 0.2, 0.2, 0.2]"
1368,576.0245117290723,762734.5949454682,"[0.2, 0.2, 0.2, 0.2, 0.2]"
1369,171.02667901210546,939287.172642523,"[0.2, 0.2, 0.2, 0.2, 0.2]"
1370,956.2602623773062,114437.75390846541,"[0.2, 0.2, 0.2, 0.2, 0.2]"
1371,904.0244050157831,334276.40592836245,"[0.2, 0.2, 0.2, 0.2, 0.2]"
1372,377.5891187384338,702182.9021170828,"[0.2, 0.2, 0.2, 0.2, 0.2]"
1373,53.02517671275633,943434.6044616936,"[0.2, 0.2, 0.2, 0.2, 0.2]"
1374,978.3813904013601,732927.6561616627,"[0.2, 0.2, 0.2, 0.2, 0.2]"
1375,348.3690915479139,112205.3778818911,"[0.2, 0.2, 0.2, 0.2, 0.2]"
1376,269.65471093804456,457110.65907928534,"[0.2, 0.2, 0.2, 0.2, 0.2]"
1377,322.6487573902064,653573.4536770617,"[0.2, 0.2, 0.2, 0.2, 0.2]"
1378,714.4943257747784,311088.04262770806,"[0.2, 0.2, 0.2, 0.2, 0.2]"
1379,688.6039081167211,357654.75458756567,"[0.2, 0.2, 0.2, 0.2, 0.2]"
1380,762.7118442663333,920777.2583655709,"[0.2, 0.2, 0.2, 0.2, 0.2]"
1381,644.5241711957914,317960.2016287298,"[0.2, 0.2, 0.2, 0.2, 0.2]"
1382,449.22265426551564,770831.2826483113,"[0.2, 0.2, 0.2, 0.2, 0.2]"
1383,496.87859637297674,891445.4124982937,"[0.2, 0.2, 0.2, 0.2, 0.2]"
1384,621.8297959157992,855190.2970309299,"[0.2, 0.2, 0.2, 0.2, 0.2]"
1385,795.3368697939708,977362.9493122911,"[0.2, 0.2, 0.2, 0.2, 0.2]"
1386,946.3703407423685,562662.4184100253,"[0.2, 0.2, 0.2, 0.2, 0.2]"
1387,154.23389139813256,659359.6006374108,"[0.2, 0.2, 0.2, 0.2, 0.2]"
1388,68.90116092888019,749027.9277552505,"[0.2, 0.2, 0.2, 0.2, 0.2]"
1389,75.29219445947083,355572.8944121296,"[0.2, 0.2, 0.2, 0.2, 0.2]"
1390,665.9796749420408,519644.28505503404,"[0.2, 0.2, 0.2, 0.2, 0.2]"
1391,49.95125015196294,858599.4014936975,"[0.2, 0.2, 0.2, 0.2, 0.2]"
1392,315.70669541495135,108236.3741455998,"[0.2, 0.2, 0.2, 0.2, 0.2]"
1393,642.4274477467386,602700.9069794001,"[0.2, 0.2, 0.2, 0.2, 0.2]"
1394,805.3414127458275,849771.6101730654,"[0.2, 0.2, 0.2, 0.2, 0.2]"
1395,524.7232900514038,256476.3686439367,"[0.2, 0.2, 0.2, 0.2, 0.2]"
1396,880.7156901009043,581379.7150784337,"[0.2, 0.2, 0.2, 0.2, 0.2]"
1397,779.3864591196646,891197.3203420634,"[0.2, 0.2, 0.2, 0.2, 0.2]"
1398,810.5715366336447,700815.596539267,"[0.2, 0.2, 0.2, 0.2, 0.2]"
1399,747.529917290105,135301.24109871854,"[0.2, 0.2, 0.2, 0.2, 0.2]"
1400,307.8630125705991,967096.3371869976,"[0.2, 0.2, 0.2, 0.2, 0.2]"
1401,528.6604617620823,873541.350770804,"[0.2, 0.2, 0.2, 0.2, 0.2]"
1402,397.98569845744834,468157.3288618097,"[0.2, 0.2, 0.2, 0.2, 0.2]"
1403,373.85806045041625,265169.5729005407,"[0.2, 0.2, 0.2, 0.2, 0.2]"
1404,262.48069158416195,453822.4007437497,"[0.2, 0.2, 0.2, 0.2, 0.2]"
1405,884.4648389598127,995690.7017150896,"[0.2, 0.2, 0.2, 0.2, 0.2]"
1406,279.1341102240228,802984.0725178197,"[0.2, 0.2, 0.2, 0.2, 0.2]"
1407,851.9632153123285,824622.680797349,"[0.2, 0.2, 0.2, 0.2, 0.2]"
1408,368.44485965342506,177697.83825400073,"[0.2, 0.2, 0.2, 0.2, 0.2]"
1409,329.3518645947853,776073.7325536604,"[0.2, 0.2, 0.2, 0.2, 0.2]"
1410,911.5964543293835,420449.5807772082,"[0.2, 0.2, 0.2, 0.2, 0.2]"
1411,931.3466793139505,190563.88364196598,"[0.2, 0.2, 0.2, 0.2, 0.2]"
1412,387.85329796421206,300134.182915995,"[0.2, 0.2, 0.2, 0.2, 0.2]"
1413,202.74476384171248,389201.4862710034,"[0.2, 0.2, 0.2, 0.2, 0.2]"
1414,997.2558342790551,920411.5078820145,"[0.2, 0.2, 0.2, 0.2, 0.2]"
1415,628.6335020931526,766476.9483777529,"[0.2, 0.2, 0.2, 0.2, 0.2]"
1416,704.5403608944586,608553.6467633888,"[0.2, 0.2, 0.2, 0.2, 0.2]"
1417,752.3371280082944,665431.6750714686,"[0.2, 0.2, 0.2, 0.2, 0.2]"
1418,753.4734177743021,968682.4976282159,"[0.2, 0.2, 0.2, 0.2, 0.2]"
1419,351.25027188380574,704677.2213622105,"[0.2, 0.2, 0.2, 0.2, 0.2]"
1420,328.74658264322045,714053.8414076259,"[0.2, 0.2, 0.2, 0.2, 0.2]"
1421,312.7956301256658,457330.1036232887,"[0.2, 0.2, 0.2, 0.2, 0.2]"
1422,936.8294617838488,940706.480127602,"[0.2, 0.2, 0.2, 0.2, 0.2]"
1423,701.1175503943053,836411.2954597026,"[0.2, 0.2, 0.2, 0.2, 0.2]"
1424,826.804444006459,586907.1726547168,"[0.2, 0.2, 0.2, 0.2, 0.2]"
1425,770.5524297176872,357796.00957382016,"[0.2, 0.2, 0.2, 0.2, 0.2]"
1426,820.4701869602951,689460.0321264728,"[0.2, 0.2, 0.2, 0.2, 0.2]"
1427,427.7176846837116,120711.97466921184,"[0.2, 0.2, 0.2, 0.2, 0.2]"
1428,30.181830172801508,976608.3284459604,"[0.2, 0.2, 0.2, 0.2, 0.2]"
1429,218.49596943921475,564727.7787349237,"[0.2, 0.2, 0.2, 0.2, 0.2]"
1430,147.69212828466462,553948.3542849596,"[0.2, 0.2, 0.2, 0.2, 0.2]"
1431,367.0244186681148,466947.1369976204,"[0.2, 0.2, 0.2, 0.2, 0.2]"
1432,719.5119504135167,799017.9825459428,"[0.2, 0.2, 0.2, 0.2, 0.2]"
1433,547.8251222400106,988759.3664788483,"[0.2, 0.2, 0.2, 0.2, 0.2]"
1434,588.9507804286884,586922.688214394,"[0.2, 0.2, 0.2, 0.2, 0.2]"
1435,277.6877864527914,210365.00712447122,"[0.2, 0.2, 0.2, 0.2, 0.2]"
1436,486.22795263989866,390818.37366694544,"[0.2, 0.2, 0.2, 0.2, 0.2]"
1437,225.8712384606457,921026.3321885028,"[0.2, 0.2, 0.2, 0.2, 0.2]"
1438,533.9103475662746,342193.8608821733,"[0.2, 0.2, 0.2, 0.2, 0.2]"
1439,806.1848296647389,151964.75251023602,"[0.2, 0.2, 0.2, 0.2, 0.2]"
1440,243.19181105555265,995781.8933624835,"[0.2, 0.2, 0.2, 0.2, 0.2]"
1441,107.76455839995714,369915.6744089388,"[0.2, 0.2, 0.2, 0.2, 0.2]"
1442,970.0846901060972,950053.8396512222,"[0.2, 0.2, 0.2, 0.2, 0.2]"
1443,200.50069789984965,220441.80519535055,"[0.2, 0.2, 0.2, 0.2, 0.2]"
1444,52.682882471892064,599859.9288305071,"[0.2, 0.2, 0.2, 0.2, 0.2]"
1445,511.9477199756799,369013.6473277027,"[0.2, 0.2, 0.2, 0.2, 0.2]"
1446,991.928265607074,322744.1545754803,"[0.2, 0.2, 0.2, 0.2, 0.2]"
1447,490.3059649854252,661044.1862557257,"[0.2, 0.2, 0.2, 0.2, 0.2]"
1448,325.7430378918511,312246.3263412971,"[0.2, 0.2, 0.2, 0.2, 0.2]"
1449,600.8247075742514,684951.8502893847,"[0.2, 0.2, 0.2, 0.2, 0.2]"
1450,951.8494396352203,152815.12696215446,"[0.2, 0.2, 0.2, 0.2, 0.2]"
1451,782.0674950838504,307008.1626804137,"[0.2, 0.2, 0.2, 0.2, 0.2]"
1452,86.3232529368329,193642.81862950904,"[0.2, 0.2, 0.2, 0.2, 0.2]"
1453,704.8898472686544,498475.63740290684,"[0.2, 0.2, 0.2, 0.2, 0.2]"
1454,164.30573450865757,622993.3583501363,"[0.2, 0.2, 0.2, 0.2, 0.2]"
1455,762.4816462538558,972246.1706883312,"[0.2, 0.2, 0.2, 0.2, 0.2]"
1456,399.11007684431047,752710.619198306,"[0.2, 0.2, 0.2, 0.2, 0.2]"
1457,339.5674366056605,224446.45090683608,"[0.2, 0.2, 0.2, 0.2, 0.2]"
1458,388.744705635635,968620.1378998015,"[0.2, 0.2, 0.2, 0.2, 0.2]"
1459,496.71391710174635,405253.93242400547,"[0.2, 0.2, 0.2, 0.2, 0.2]"
1460,704.858828364547,934245.6867911248,"[0.2, 0.2, 0.2, 0.2, 0.2]"
1461,331.87532322626305,280092.4672525832,"[0.2, 0.2, 0.2, 0.2, 0.2]"
1462,453.65634330034555,712347.1709397037,"[0.2, 0.2, 0.2, 0.2, 0.2]"
1463,208.02276831666435,790114.3522958206,"[0.2, 0.2, 0.2, 0.2, 0.2]"
1464,860.2455466834654,637623.9930588709,"[0.2, 0.2, 0.2, 0.2, 0.2]"
1465,982.4904813369582,932900.3865480951,"[0.2, 0.2, 0.2, 0.2, 0.2]"
1466,839.1696178657543,286003.1272625854,"[0.2, 0.2, 0.2, 0.2, 0.2]"
1467,10.377201416717027,656293.2552312253,"[0.2, 0.2, 0.2, 0.2, 0.2]"
1468,298.53203043501605,392115.54279103334,"[0.2, 0.2, 0.2, 0.2, 0.2]"
1469,72.8215687857916,484897.72553481086,"[0.2, 0.2, 0.2, 0.2, 0.2]"
1470,457.18211056701074,902423.0340672298,"[0.2, 0.2, 0.2, 0.2, 0.2]"
1471,25.111263395941762,202024.48604276215,"[0.2, 0.2, 0.2, 0.2, 0.2]"
1472,185.82222928074222,357970.47384872404,"[0.2, 0.2, 0.2, 0.2, 0.2]"
1473,936.3916130872259,298584.1307220681,"[0.2, 0.2, 0.2, 0.2, 0.2]"
1474,266.081324734048,367217.8896463486,"[0.2, 0.2, 0.2, 0.2, 0.2]"
1475,155.05898616483088,224839.9065006902,"[0.2, 0.2, 0.2, 0.2, 0.2]"
1476,622.3832444942311,721845.0702554993,"[0.2, 0.2, 0.2, 0.2, 0.2]"
1477,612.1369501989187,714532.8235600517,"[0.2, 0.2, 0.2, 0.2, 0.2]"
1478,941.775108745445,431670.3764959961,"[0.2, 0.2, 0.2, 0.2, 0.2]"
1479,34.953057184011755,693315.4728611038,"[0.2, 0.2, 0.2, 0.2, 0.2]"
1480,459.7108522770669,184282.74335952953,"[0.2, 0.2, 0.2, 0.2, 0.2]"
1481,471.89512730067736,656825.2551696816,"[0.2, 0.2, 0.2, 0.2, 0.2]"
1482,704.2349786598256,458343.72544159356,"[0.2, 0.2, 0.2, 0.2, 0.2]"
1483,393.48987586915706,308306.9297284261,"[0.2, 0.2, 0.2, 0.2, 0.2]"
1484,187.26786361196446,400721.38815897674,"[0.2, 0.2, 0.2, 0.2, 0.2]"
1485,255.2715443007182,164082.50285377356,"[0.2, 0.2, 0.2, 0.2, 0.2]"
1486,282.25582709449924,813358.0493800889,"[0.2, 0.2, 0.2, 0.2, 0.2]"
1487,232.37034905715177,853371.4814582984,"[0.2, 0.2, 0.2, 0.2, 0.2]"
1488,916.822366017855,197540.4227693791,"[0.2, 0.2, 0.2, 0.2, 0.2]"
1489,397.6945990131029,351356.3226192917,"[0.2, 0.2, 0.2, 0.2, 0.2]"
1490,810.8472651213411,216601.43106218523,"[0.2, 0.2, 0.2, 0.2, 0.2]"
1491,976.7469768862387,722712.4613763667,"[0.2, 0.2, 0.2, 0.2, 0.2]"
1492,78.42398268054633,766174.7297990207,"[0.2, 0.2, 0.2, 0.2, 0.2]"
1493,546.389589447615,575468.6432750432,"[0.2, 0.2, 0.2, 0.2, 0.2]"
1494,427.41061768694425,222785.17614230048,"[0.2, 0.2, 0.2, 0.2, 0.2]"
1495,943.2498652318044,218599.58515898127,"[0.2, 0.2, 0.2, 0.2, 0.2]"
1496,651.4527024078232,939620.2950735021,"[0.2, 0.2, 0.2, 0.2, 0.2]"
1497,888.4222788626083,673956.1823585782,"[0.2, 0.2, 0.2, 0.2, 0.2]"
1498,85.77832167115076,942588.9491841006,"[0.2, 0.2, 0.2, 0.2, 0.2]"
1499,121.77533073377292,286812.3704703839,"[0.2, 0.2, 0.2, 0.2, 0.2]"
1500,907.4743423366876,520417.35660197,"[0.2, 0.2, 0.2, 0.2, 0.2]"
1501,908.6444593305253,155498.47237395562,"[0.2, 0.2, 0.2, 0.2, 0.2]"
1502,304.8524279010003,490596.4473402495,"[0.2, 0.2, 0.2, 0.2, 0.2]"
1503,598.5347363207248,571626.1327422202,"[0.2, 0.2, 0.2, 0.2, 0.2]"
1504,525.0450152061857,914521.1418452876,"[0.2, 0.2, 0.2, 0.2, 0.2]"
1505,989.098313058087,135685.7381149832,"[0.2, 0.2, 0.2, 0.2, 0.2]"
1506,283.44151974528313,160066.44786394684,"[0.2, 0.2, 0.2, 0.2, 0.2]"
1507,496.9346552748744,168176.54358411342,"[0.2, 0.2, 0.2, 0.2, 0.2]"
1508,848.9580694272935,758774.3597103917,"[0.2, 0.2, 0.2, 0.2, 0.2]"
1509,558.432840299355,580553.0329675497,"[0.2, 0.2, 0.2, 0.2, 0.2]"
1510,391.2594815653954,168033.07494136295,"[0.2, 0.2, 0.2, 0.2, 0.2]"
1511,456.7374082990387,918272.4598722626,"[0.2, 0.2, 0.2, 0.2, 0.2]"
1512,572.1836311012753,645778.5143478189,"[0.2, 0.2, 0.2, 0.2, 0.2]"
1513,75.50510351708002,472101.4269141431,"[0.2, 0.2, 0.2, 0.2, 0.2]"
1514,337.26077057544427,147333.42807618843,"[0.2, 0.2, 0.2, 0.2, 0.2]"
1515,276.9881293640012,638408.7733944991,"[0.2, 0.2, 0.2, 0.2, 0.2]"
1516,306.01865936123596,189103.56105818512,"[0.2, 0.2, 0.2, 0.2, 0.2]"
1517,665.9755585926051,748720.9425915063,"[0.2, 0.2, 0.2, 0.2, 0.2]"
1518,995.0725455882763,634469.3620416922,"[0.2, 0.2, 0.2, 0.2, 0.2]"
1519,700.7675901387727,695268.6611871383,"[0.2, 0.2, 0.2, 0.2, 0.2]"
1520,540.4726550344661,916235.356464332,"[0.2, 0.2, 0.2, 0.2, 0.2]"
1521,249.4683630791372,278722.3965519315,"[0.2, 0.2, 0.2, 0.2, 0.2]"
1522,49.5508116922487,980265.4350136109,"[0.2, 0.2, 0.2, 0.2, 0.2]"
1523,835.3310750577514,423739.7270309771,"[0.2, 0.2, 0.2, 0.2, 0.2]"
1524,562.6323970888988,655224.8365776823,"[0.2, 0.2, 0.2, 0.2, 0.2]"
1525,575.197808419341,880025.9986023038,"[0.2, 0.2, 0.2, 0.2, 0.2]"
1526,137.10894194286345,441899.58313885133,"[0.2, 0.2, 0.2, 0.2, 0.2]"
1527,610.4927614755935,363054.73929870187,"[0.2, 0.2, 0.2, 0.2, 0.2]"
1528,160.4642376268176,124008.37768888977,"[0.2, 0.2, 0.2, 0.2, 0.2]"
1529,665.5486488172552,453669.90691559453,"[0.2, 0.2, 0.2, 0.2, 0.2]"
1530,166.7351646888431,581323.9145661786,"[0.2, 0.2, 0.2, 0.2, 0.2]"
1531,489.134600115288,870651.4401479557,"[0.2, 0.2, 0.2, 0.2, 0.2]"
1532,105.06865478880876,849837.7418002442,"[0.2, 0.2, 0.2, 0.2, 0.2]"
1533,777.2255165886653,665238.677980614,"[0.2, 0.2, 0.2, 0.2, 0.2]"
1534,802.892667370485,174062.30445223663,"[0.2, 0.2, 0.2, 0.2, 0.2]"
1535,270.51858690933665,435012.82633671485,"[0.2, 0.2, 0.2, 0.2, 0.2]"
1536,333.85859532517867,438823.25606554036,"[0.2, 0.2, 0.2, 0.2, 0.2]"
1537,17.846520929369643,304152.75570047705,"[0.2, 0.2, 0.2, 0.2, 0.2]"
1538,709.3124124648612,777419.3758247797,"[0.2, 0.2, 0.2, 0.2, 0.2]"
1539,867.5803632524251,658124.2546659388,"[0.2, 0.2, 0.2, 0.2, 0.2]"
1540,546.7306434981328,436458.0169183294,"[0.2, 0.2, 0.2, 0.2, 0.2]"
1541,608.5289364056447,105412.93225614786,"[0.2, 0.2, 0.2, 0.2, 0.2]"
1542,978.5229348831049,310425.79475662706,"[0.2, 0.2, 0.2, 0.2, 0.2]"
1543,445.75606517488956,130957.04339777904,"[0.2, 0.2, 0.2, 0.2, 0.2]"
1544,817.2251005676608,842880.6942658275,"[0.2, 0.2, 0.2, 0.2, 0.2]"
1545,658.6195769256267,877503.8857071825,"[0.2, 0.2, 0.2, 0.2, 0.2]"
1546,233.08261632693595,625636.0048478987,"[0.2, 0.2, 0.2, 0.2, 0.2]"
1547,613.6972702629351,560848.3017197857,"[0.2, 0.2, 0.2, 0.2, 0.2]"
1548,802.4863625178654,408148.9568555955,"[0.2, 0.2, 0.2, 0.2, 0.2]"
1549,441.0354587592228,782943.6660463286,"[0.2, 0.2, 0.2, 0.2, 0.2]"
1550,891.1066209656645,670118.2995785138,"[0.2, 0.2, 0.2, 0.2, 0.2]"
1551,816.9885776923154,649561.9880194499,"[0.2, 0.2, 0.2, 0.2, 0.2]"
1552,567.9563725749188,130047.70085881298,"[0.2, 0.2, 0.2, 0.2, 0.2]"
1553,288.0976407682807,196627.28886968002,"[0.2, 0.2, 0.2, 0.2, 0.2]"
1554,215.7200166744484,461089.9983138165,"[0.2, 0.2, 0.2, 0.2, 0.2]"
1555,177.12665909660217,506270.1811692098,"[0.2, 0.2, 0.2, 0.2, 0.2]"
1556,69.46378627504643,534364.355657735,"[0.2, 0.2, 0.2, 0.2, 0.2]"
1557,179.91768658564112,497241.78735341417,"[0.2, 0.2, 0.2, 0.2, 0.2]"
1558,884.0869889291218,372004.76174188376,"[0.2, 0.2, 0.2, 0.2, 0.2]"
1559,348.01747492101697,941611.1846266591,"[0.2, 0.2, 0.2, 0.2, 0.2]"
1560,926.455603603943,546303.0271250057,"[0.2, 0.2, 0.2, 0.2, 0.2]"
1561,514.083859572714,727183.8786428533,"[0.2, 0.2, 0.2, 0.2, 0.2]"
1562,833.2039894933471,800179.5841705138,"[0.2, 0.2, 0.2, 0.2, 0.2]"
1563,555.6684641921576,480765.754835657,"[0.2, 0.2, 0.2, 0.2, 0.2]"
1564,788.065703745317,760469.9868471517,"[0.2, 0.2, 0.2, 0.2, 0.2]"
1565,965.3327867100612,840526.8749963334,"[0.2, 0.2, 0.2, 0.2, 0.2]"
1566,563.3835007362612,132553.81413499065,"[0.2, 0.2, 0.2, 0.2, 0.2]"
1567,605.6238577063747,843409.5535528514,"[0.2, 0.2, 0.2, 0.2, 0.2]"
1568,655.8500978972307,465677.99656155374,"[0.2, 0.2, 0.2, 0.2, 0.2]"
1569,598.6848254758538,134976.1015887687,"[0.2, 0.2, 0.2, 0.2, 0.2]"
1570,151.83783646374587,892281.8771738342,"[0.2, 0.2, 0.2, 0.2, 0.2]"
1571,873.8582356332777,195831.10134806606,"[0.2, 0.2, 0.2, 0.2, 0.2]"
1572,278.09504638423266,824639.8509519713,"[0.2, 0.2, 0.2, 0.2, 0.2]"
1573,388.6643820540315,276619.8568432857,"[0.2, 0.2, 0.2, 0.2, 0.2]"
1574,919.4014456357919,711399.7941456306,"[0.2, 0.2, 0.2, 0.2, 0.2]"
1575,157.3714807948226,623863.188470192,"[0.2, 0.2, 0.2, 0.2, 0.2]"
1576,875.4369830369398,611283.8026747699,"[0.2, 0.2, 0.2, 0.2, 0.2]"
1577,511.47839075337794,514118.0472208597,"[0.2, 0.2, 0.2, 0.2, 0.2]"
1578,124.38719181315928,758857.5376169961,"[0.2, 0.2, 0.2, 0.2, 0.2]"
1579,995.0218192965829,337632.1638719597,"[0.2, 0.2, 0.2, 0.2, 0.2]"
1580,659.4299550257691,526910.3430276387,"[0.2, 0.2, 0.2, 0.2, 0.2]"
1581,511.85959688113417,772010.0149995633,"[0.2, 0.2, 0.2, 0.2, 0.2]"
1582,931.6665427948794,698152.0660085207,"[0.2, 0.2, 0.2, 0.2, 0.2]"
1583,605.770446333949,548679.8684850242,"[0.2, 0.2, 0.2, 0.2, 0.2]"
1584,281.6688340898925,947405.2065296347,"[0.2, 0.2, 0.2, 0.2, 0.2]"
1585,71.39669198623933,937291.2802566127,"[0.2, 0.2, 0.2, 0.2, 0.2]"
1586,775.9424603842032,768284.3986165621,"[0.2, 0.2, 0.2, 0.2, 0.2]"
1587,31.495490464769567,747333.1382473037,"[0.2, 0.2, 0.2, 0.2, 0.2]"
1588,552.9872066193681,721930.3955367879,"[0.2, 0.2, 0.2, 0.2, 0.2]"
1589,921.7980191343426,629243.3121640678,"[0.2, 0.2, 0.2, 0.2, 0.2]"
1590,401.1135848841856,309975.23459284013,"[0.2, 0.2, 0.2, 0.2, 0.2]"
1591,433.40836948316115,536344.4017567585,"[0.2, 0.2, 0.2, 0.2, 0.2]"
1592,171.9116716859096,238215.85815086117,"[0.2, 0.2, 0.2, 0.2, 0.2]"
1593,211.66070038419946,388985.6033152084,"[0.2, 0.2, 0.2, 0.2, 0.2]"
1594,770.4200723686786,479499.4048179526,"[0.2, 0.2, 0.2, 0.2, 0.2]"
1595,15.818514552739012,127399.36980153894,"[0.2, 0.2, 0.2, 0.2, 0.2]"
1596,345.4146122636042,294782.2805194926,"[0.2, 0.2, 0.2, 0.2, 0.2]"
1597,961.2009264497889,623707.055957062,"[0.2, 0.2, 0.2, 0.2, 0.2]"
1598,487.2386903660926,196250.9105258072,"[0.2, 0.2, 0.2, 0.2, 0.2]"
1599,966.5618345724605,746673.0395386048,"[0.2, 0.2, 0.2, 0.2, 0.2]"
1600,214.20769841445752,944900.1601468689,"[0.2, 0.2, 0.2, 0.2, 0.2]"
1601,248.66895925281463,864160.1799007069,"[0.2, 0.2, 0.2, 0.2, 0.2]"
1602,564.2407044981453,292982.8396475245,"[0.2, 0.2, 0.2, 0.2, 0.2]"
1603,279.04569566072314,600617.3943103829,"[0.2, 0.2, 0.2, 0.2, 0.2]"
1604,972.5458128614374,991696.5336366582,"[0.2, 0.2, 0.2, 0.2, 0.2]"
1605,419.5530038557456,346732.0457389375,"[0.2, 0.2, 0.2, 0.2, 0.2]"
1606,407.60439369202635,553198.876159966,"[0.2, 0.2, 0.2, 0.2, 0.2]"
1607,982.8709786072186,649849.2744994804,"[0.2, 0.2, 0.2, 0.2, 0.2]"
1608,895.7439964825859,922136.32093065,"[0.2, 0.2, 0.2, 0.2, 0.2]"
1609,141.42306662085974,462935.72471555613,"[0.2, 0.2, 0.2, 0.2, 0.2]"
1610,883.6994433432399,266103.64310263656,"[0.2, 0.2, 0.2, 0.2, 0.2]"
1611,810.6894857580191,951063.0732171386,"[0.2, 0.2, 0.2, 0.2, 0.2]"
1612,699.1439096262219,140575.5062461861,"[0.2, 0.2, 0.2, 0.2, 0.2]"
1613,614.412917433248,569752.3050904372,"[0.2, 0.2, 0.2, 0.2, 0.2]"
1614,503.4900702249323,908102.7318927395,"[0.2, 0.2, 0.2, 0.2, 0.2]"
1615,477.0022585462463,278443.661838945,"[0.2, 0.2, 0.2, 0.2, 0.2]"
1616,425.9988027929955,539779.8135062373,"[0.2, 0.2, 0.2, 0.2, 0.2]"
1617,440.64180970656463,324489.5983443829,"[0.2, 0.2, 0.2, 0.2, 0.2]"
1618,713.3980346967303,419583.71073464846,"[0.2, 0.2, 0.2, 0.2, 0.2]"
1619,414.2888977770526,446572.13191554777,"[0.2, 0.2, 0.2, 0.2, 0.2]"
1620,47.061509847643585,530061.1591063305,"[0.2, 0.2, 0.2, 0.2, 0.2]"
1621,293.1423711642567,383238.336920405,"[0.2, 0.2, 0.2, 0.2, 0.2]"
1622,327.50977644282176,849003.1531711648,"[0.2, 0.2, 0.2, 0.2, 0.2]"
1623,269.6735336076955,457037.52865968394,"[0.2, 0.2, 0.2, 0.2, 0.2]"
1624,385.02423496600034,472694.62987046735,"[0.2, 0.2, 0.2, 0.2, 0.2]"
1625,139.28355802204774,866774.2068122481,"[0.2, 0.2, 0.2, 0.2, 0.2]"
1626,66.1085047291589,306224.01474815875,"[0.2, 0.2, 0.2, 0.2, 0.2]"
1627,935.5469867400126,190037.79607058698,"[0.2, 0.2, 0.2, 0.2, 0.2]"
1628,40.97731109819947,793246.371397446,"[0.2, 0.2, 0.2, 0.2, 0.2]"
1629,723.5481765237587,238014.77847446068,"[0.2, 0.2, 0.2, 0.2, 0.2]"
1630,212.1539017328737,463699.8975621198,"[0.2, 0.2, 0.2, 0.2, 0.2]"
1631,955.8513087975572,689176.3952703009,"[0.2, 0.2, 0.2, 0.2, 0.2]"
1632,668.3671159000571,739228.2927154623,"[0.2, 0.2, 0.2, 0.2, 0.2]"
1633,740.8116769607469,332048.3214564373,"[0.2, 0.2, 0.2, 0.2, 0.2]"
1634,430.95572947750287,184539.6921808535,"[0.2, 0.2, 0.2, 0.2, 0.2]"
1635,965.9977841154896,805410.4290174603,"[0.2, 0.2, 0.2, 0.2, 0.2]"
1636,891.8739087500445,295305.70764458715,"[0.2, 0.2, 0.2, 0.2, 0.2]"
1637,423.37913477846337,104669.98871968113,"[0.2, 0.2, 0.2, 0.2, 0.2]"
1638,805.5191480919527,584383.9588695337,"[0.2, 0.2, 0.2, 0.2, 0.2]"
1639,372.6119876872522,609904.95408102,"[0.2, 0.2, 0.2, 0.2, 0.2]"
1640,387.6842415471817,143850.19123147277,"[0.2, 0.2, 0.2, 0.2, 0.2]"
1641,53.19203714784804,862814.9754522553,"[0.2, 0.2, 0.2, 0.2, 0.2]"
1642,99.66688554416628,931128.0797249661,"[0.2, 0.2, 0.2, 0.2, 0.2]"
1643,289.86415358030183,286926.864130424,"[0.2, 0.2, 0.2, 0.2, 0.2]"
1644,684.6605540808771,154400.40781111206,"[0.2, 0.2, 0.2, 0.2, 0.2]"
1645,338.4179423146285,250350.9939693202,"[0.2, 0.2, 0.2, 0.2, 0.2]"
1646,158.21205962540918,967598.2359321881,"[0.2, 0.2, 0.2, 0.2, 0.2]"
1647,157.5818996882808,678519.3379234835,"[0.2, 0.2, 0.2, 0.2, 0.2]"
1648,458.51863405754546,498623.91422296327,"[0.2, 0.2, 0.2, 0.2, 0.2]"
1649,112.36968588834553,908549.0047768004,"[0.2, 0.2, 0.2, 0.2, 0.2]"
1650,933.7680878650117,315050.624437592,"[0.2, 0.2, 0.2, 0.2, 0.2]"
1651,454.4055071267505,393529.9732923626,"[0.2, 0.2, 0.2, 0.2, 0.2]"
1652,948.4653808429329,402189.84747428785,"[0.2, 0.2, 0.2, 0.2, 0.2]"
1653,659.0518881654003,531463.3292735275,"[0.2, 0.2, 0.2, 0.2, 0.2]"
1654,26.55160798429099,217981.40344645598,"[0.2, 0.2, 0.2, 0.2, 0.2]"
1655,565.5253688338204,701086.622790631,"[0.2, 0.2, 0.2, 0.2, 0.2]"
1656,779.3111596696107,761524.6297754904,"[0.2, 0.2, 0.2, 0.2, 0.2]"
1657,887.4511020579132,674427.7157578771,"[0.2, 0.2, 0.2, 0.2, 0.2]"
1658,183.36652966257836,277920.4263615969,"[0.2, 0.2, 0.2, 0.2, 0.2]"
1659,323.29488431822466,685256.2676706018,"[0.2, 0.2, 0.2, 0.2, 0.2]"
1660,46.13273177093632,426588.93543858855,"[0.2, 0.2, 0.2, 0.2, 0.2]"
1661,86.188406250983,810831.0194398088,"[0.2, 0.2, 0.2, 0.2, 0.2]"
1662,494.2823563542182,453634.1968159491,"[0.2, 0.2, 0.2, 0.2, 0.2]"
1663,88.57710539188733,318054.954459102,"[0.2, 0.2, 0.2, 0.2, 0.2]"
1664,656.633406508665,184991.95459184173,"[0.2, 0.2, 0.2, 0.2, 0.2]"
1665,276.26607259975776,428306.63316187816,"[0.2, 0.2, 0.2, 0.2, 0.2]"
1666,798.4266576253898,892872.2919435129,"[0.2, 0.2, 0.2, 0.2, 0.2]"
1667,757.0135092481324,268180.38064927486,"[0.2, 0.2, 0.2, 0.2, 0.2]"
1668,925.6546096528367,943409.4068342661,"[0.2, 0.2, 0.2, 0.2, 0.2]"
1669,545.9588206200657,638845.096897529,"[0.2, 0.2, 0.2, 0.2, 0.2]"
1670,96.93530497385608,142718.6878662012,"[0.2, 0.2, 0.2, 0.2, 0.2]"
1671,239.63933314672693,361388.1944956202,"[0.2, 0.2, 0.2, 0.2, 0.2]"
1672,166.9242884184462,674958.1381529908,"[0.2, 0.2, 0.2, 0.2, 0.2]"
1673,43.643987188474426,248960.56133082387,"[0.2, 0.2, 0.2, 0.2, 0.2]"
1674,271.6017021577093,516337.98390179884,"[0.2, 0.2, 0.2, 0.2, 0.2]"
1675,568.3972987997472,151025.24617188572,"[0.2, 0.2, 0.2, 0.2, 0.2]"
1676,609.3920620250219,837678.4999282202,"[0.2, 0.2, 0.2, 0.2, 0.2]"
1677,698.2207799579674,468029.5044339567,"[0.2, 0.2, 0.2, 0.2, 0.2]"
1678,916.0572606353603,829371.7471168189,"[0.2, 0.2, 0.2, 0.2, 0.2]"
1679,558.7213351033499,200713.21881596916,"[0.2, 0.2, 0.2, 0.2, 0.2]"
1680,789.4643341593206,900618.5215695222,"[0.2, 0.2, 0.2, 0.2, 0.2]"
1681,868.8138959671694,896235.5127946245,"[0.2, 0.2, 0.2, 0.2, 0.2]"
1682,571.1863137034921,191809.07225281658,"[0.2, 0.2, 0.2, 0.2, 0.2]"
1683,521.3927737677366,404398.8624687235,"[0.2, 0.2, 0.2, 0.2, 0.2]"
1684,438.59438051578735,403336.36957309453,"[0.2, 0.2, 0.2, 0.2, 0.2]"
1685,832.1718186985557,324242.2996982677,"[0.2, 0.2, 0.2, 0.2, 0.2]"
1686,775.9238915884035,593680.2830908258,"[0.2, 0.2, 0.2, 0.2, 0.2]"
1687,24.019233759574362,776348.330624792,"[0.2, 0.2, 0.2, 0.2, 0.2]"
1688,95.79832035322158,684673.389623507,"[0.2, 0.2, 0.2, 0.2, 0.2]"
1689,829.473798089665,625234.1209544418,"[0.2, 0.2, 0.2, 0.2, 0.2]"
1690,591.5487916276035,189320.1197330532,"[0.2, 0.2, 0.2, 0.2, 0.2]"
1691,175.4813952409231,528188.459397607,"[0.2, 0.2, 0.2, 0.2, 0.2]"
1692,208.5976364343387,896709.5013881866,"[0.2, 0.2, 0.2, 0.2, 0.2]"
1693,761.082967751303,623431.8156343568,"[0.2, 0.2, 0.2, 0.2, 0.2]"
1694,700.6422878611609,356017.8035182292,"[0.2, 0.2, 0.2, 0.2, 0.2]"
1695,729.3622128712811,645796.6483311806,"[0.2, 0.2, 0.2, 0.2, 0.2]"
1696,862.4267468819572,626741.5333600019,"[0.2, 0.2, 0.2, 0.2, 0.2]"
1697,380.19423655558484,983837.9220634921,"[0.2, 0.2, 0.2, 0.2, 0.2]"
1698,159.9900010889751,159975.5177513424,"[0.2, 0.2, 0.2, 0.2, 0.2]"
1699,244.51760283202742,227628.5741759297,"[0.2, 0.2, 0.2, 0.2, 0.2]"
1700,662.022372614183,630069.9795941691,"[0.2, 0.2, 0.2, 0.2, 0.2]"
1701,448.02464094704055,791215.4303839185,"[0.2, 0.2, 0.2, 0.2, 0.2]"
1702,458.19406191623705,588629.6645779479,"[0.2, 0.2, 0.2, 0.2, 0.2]"
1703,43.6852940273445,903239.7172553509,"[0.2, 0.2, 0.2, 0.2, 0.2]"
1704,794.0145405969109,248800.55611471977,"[0.2, 0.2, 0.2, 0.2, 0.2]"
1705,715.0601508873301,844980.0840809824,"[0.2, 0.2, 0.2, 0.2, 0.2]"
1706,847.8528071708702,471558.1436932469,"[0.2, 0.2, 0.2, 0.2, 0.2]"
1707,901.1136233034068,561066.667998774,"[0.2, 0.2, 0.2, 0.2, 0.2]"
1708,520.6612066834281,704415.6002843675,"[0.2, 0.2, 0.2, 0.2, 0.2]"
1709,443.0395361814243,963457.3351746866,"[0.2, 0.2, 0.2, 0.2, 0.2]"
1710,435.00713799296375,766058.8730060117,"[0.2, 0.2, 0.2, 0.2, 0.2]"
1711,622.4139355768779,856626.5865270775,"[0.2, 0.2, 0.2, 0.2, 0.2]"
1712,656.5874533768508,156790.24259225663,"[0.2, 0.2, 0.2, 0.2, 0.2]"
1713,242.97433940246373,233719.783516265,"[0.2, 0.2, 0.2, 0.2, 0.2]"
1714,273.01153223957317,516944.44274498394,"[0.2, 0.2, 0.2, 0.2, 0.2]"
1715,68.04423858310045,147821.9512846336,"[0.2, 0.2, 0.2, 0.2, 0.2]"
1716,500.421131800081,666079.1934277061,"[0.2, 0.2, 0.2, 0.2, 0.2]"
1717,112.11585530499588,538194.0113512885,"[0.2, 0.2, 0.2, 0.2, 0.2]"
1718,728.6153354822912,933875.8637645463,"[0.2, 0.2, 0.2, 0.2, 0.2]"
1719,192.86951880969488,830625.9648532836,"[0.2, 0.2, 0.2, 0.2, 0.2]"
1720,930.3713775530546,870300.3692973569,"[0.2, 0.2, 0.2, 0.2, 0.2]"
1721,640.1515109316604,128068.93801223372,"[0.2, 0.2, 0.2, 0.2, 0.2]"
1722,317.28272751060064,981318.0643255138,"[0.2, 0.2, 0.2, 0.2, 0.2]"
1723,450.885473675519,663881.5883192942,"[0.2, 0.2, 0.2, 0.2, 0.2]"
1724,960.6601692640006,104286.00829413967,"[0.2, 0.2, 0.2, 0.2, 0.2]"
1725,33.12637841961408,341712.28793932416,"[0.2, 0.2, 0.2, 0.2, 0.2]"
1726,973.3208744851457,373435.9091353826,"[0.2, 0.2, 0.2, 0.2, 0.2]"
1727,928.0783338818654,452613.81282063626,"[0.2, 0.2, 0.2, 0.2, 0.2]"
1728,178.294916807641,408740.771993195,"[0.2, 0.2, 0.2, 0.2, 0.2]"
1729,364.5350845673269,642132.845131726,"[0.2, 0.2, 0.2, 0.2, 0.2]"
1730,488.82851002067923,268017.77017963433,"[0.2, 0.2, 0.2, 0.2, 0.2]"
1731,341.90949150210844,190943.52523753582,"[0.2, 0.2, 0.2, 0.2, 0.2]"
1732,919.0753082479224,613099.8299852526,"[0.2, 0.2, 0.2, 0.2, 0.2]"
1733,350.5855141507843,517959.59387730417,"[0.2, 0.2, 0.2, 0.2, 0.2]"
1734,711.8774617466148,730553.3246960664,"[0.2, 0.2, 0.2, 0.2, 0.2]"
1735,46.74574557018828,290343.02161721024,"[0.2, 0.2, 0.2, 0.2, 0.2]"
1736,68.43266180862938,698514.2780677006,"[0.2, 0.2, 0.2, 0.2, 0.2]"
1737,885.3974528456769,186685.84158511405,"[0.2, 0.2, 0.2, 0.2, 0.2]"
1738,261.8207592531903,282873.27553672134,"[0.2, 0.2, 0.2, 0.2, 0.2]"
1739,101.97444047341462,682082.8371688343,"[0.2, 0.2, 0.2, 0.2, 0.2]"
1740,692.8387235992607,868254.4897375354,"[0.2, 0.2, 0.2, 0.2, 0.2]"
1741,405.7382115324364,789018.1621489945,"[0.2, 0.2, 0.2, 0.2, 0.2]"
1742,550.3483052297279,146947.71634583536,"[0.2, 0.2, 0.2, 0.2, 0.2]"
1743,46.011226594868575,191824.44167621603,"[0.2, 0.2, 0.2, 0.2, 0.2]"
1744,97.20688033156685,750227.6496479501,"[0.2, 0.2, 0.2, 0.2, 0.2]"
1745,715.6293837025632,231582.6511061456,"[0.2, 0.2, 0.2, 0.2, 0.2]"
1746,105.84576157621112,983769.532981959,"[0.2, 0.2, 0.2, 0.2, 0.2]"
1747,977.1871262284458,969315.8037377062,"[0.2, 0.2, 0.2, 0.2, 0.2]"
1748,776.7473792884244,862125.0054510266,"[0.2, 0.2, 0.2, 0.2, 0.2]"
1749,740.012859146708,850422.2694871407,"[0.2, 0.2, 0.2, 0.2, 0.2]"
1750,793.9792253169867,173861.3184156722,"[0.2, 0.2, 0.2, 0.2, 0.2]"
1751,34.664333447090286,105417.13554264263,"[0.2, 0.2, 0.2, 0.2, 0.2]"
1752,287.65763054797225,457781.0673863937,"[0.2, 0.2, 0.2, 0.2, 0.2]"
1753,47.44841327057345,561837.9704267953,"[0.2, 0.2, 0.2, 0.2, 0.2]"
1754,26.331253305418812,146897.1885266106,"[0.2, 0.2, 0.2, 0.2, 0.2]"
1755,108.0750724024096,893082.0747449601,"[0.2, 0.2, 0.2, 0.2, 0.2]"
1756,936.4512051985901,662102.5015045404,"[0.2, 0.2, 0.2, 0.2, 0.2]"
1757,305.0642131710367,883770.4356973101,"[0.2, 0.2, 0.2, 0.2, 0.2]"
1758,742.795049541599,267954.5742169941,"[0.2, 0.2, 0.2, 0.2, 0.2]"
1759,249.3782452122324,878649.636604883,"[0.2, 0.2, 0.2, 0.2, 0.2]"
1760,535.6144507695099,562784.1169293968,"[0.2, 0.2, 0.2, 0.2, 0.2]"
1761,314.48522503176684,382323.1722361105,"[0.2, 0.2, 0.2, 0.2, 0.2]"
1762,878.6335816063234,242158.9515666944,"[0.2, 0.2, 0.2, 0.2, 0.2]"
1763,981.5768281484893,422112.7537633885,"[0.2, 0.2, 0.2, 0.2, 0.2]"
1764,596.0028308998111,735436.614393353,"[0.2, 0.2, 0.2, 0.2, 0.2]"
1765,503.9366840012433,162451.14176556075,"[0.2, 0.2, 0.2, 0.2, 0.2]"
1766,418.7180606116557,240014.121820843,"[0.2, 0.2, 0.2, 0.2, 0.2]"
1767,28.64940202819931,770340.6209003825,"[0.2, 0.2, 0.2, 0.2, 0.2]"
1768,931.6678350496906,345264.2517047836,"[0.2, 0.2, 0.2, 0.2, 0.2]"
1769,114.6054018224667,646742.9266816836,"[0.2, 0.2, 0.2, 0.2, 0.2]"
1770,522.4198988068159,390285.7186486711,"[0.2, 0.2, 0.2, 0.2, 0.2]"
1771,781.1306485628688,631071.6263305257,"[0.2, 0.2, 0.2, 0.2, 0.2]"
1772,766.2130678049782,431147.679671578,"[0.2, 0.2, 0.2, 0.2, 0.2]"
1773,83.26053653451284,472502.28212765494,"[0.2, 0.2, 0.2, 0.2, 0.2]"
1774,875.1447354383024,252304.37020069416,"[0.2, 0.2, 0.2, 0.2, 0.2]"
1775,297.3287652820965,685376.7738380928,"[0.2, 0.2, 0.2, 0.2, 0.2]"
1776,128.45480498210014,962640.4583434254,"[0.2, 0.2, 0.2, 0.2, 0.2]"
1777,942.3115316238449,921880.9190088395,"[0.2, 0.2, 0.2, 0.2, 0.2]"
1778,417.6867293296889,788600.3015022456,"[0.2, 0.2, 0.2, 0.2, 0.2]"
1779,799.3917136452313,403666.32361637766,"[0.2, 0.2, 0.2, 0.2, 0.2]"
1780,700.3609108450624,120672.30577100895,"[0.2, 0.2, 0.2, 0.2, 0.2]"
1781,937.5123189056824,595052.5265510263,"[0.2, 0.2, 0.2, 0.2, 0.2]"
1782,168.31213682298286,815713.2465585191,"[0.2, 0.2, 0.2, 0.2, 0.2]"
1783,903.9422649685507,141952.75057059302,"[0.2, 0.2, 0.2, 0.2, 0.2]"
1784,969.6052594066384,641973.9998024199,"[0.2, 0.2, 0.2, 0.2, 0.2]"
1785,205.49766809942903,375409.7176504065,"[0.2, 0.2, 0.2, 0.2, 0.2]"
1786,637.1566723808055,858911.0118699037,"[0.2, 0.2, 0.2, 0.2, 0.2]"
1787,269.75254097774257,305131.71658255503,"[0.2, 0.2, 0.2, 0.2, 0.2]"
1788,386.5958392493736,243396.11259505714,"[0.2, 0.2, 0.2, 0.2, 0.2]"
1789,418.33998387053794,319775.4674616135,"[0.2, 0.2, 0.2, 0.2, 0.2]"
1790,545.5322474486064,676181.0019169606,"[0.2, 0.2, 0.2, 0.2, 0.2]"
1791,876.6748516152375,457157.56410042173,"[0.2, 0.2, 0.2, 0.2, 0.2]"
1792,337.58015659691534,771835.5745841566,"[0.2, 0.2, 0.2, 0.2, 0.2]"
1793,810.2224114604165,184213.91838350898,"[0.2, 0.2, 0.2, 0.2, 0.2]"
1794,965.1121618692553,714877.4862717617,"[0.2, 0.2, 0.2, 0.2, 0.2]"
1795,30.01163303322405,649992.8034225838,"[0.2, 0.2, 0.2, 0.2, 0.2]"
1796,401.8680947359441,790482.1700712901,"[0.2, 0.2, 0.2, 0.2, 0.2]"
1797,215.67944493496424,758895.1747154334,"[0.2, 0.2, 0.2, 0.2, 0.2]"
1798,622.2119676115638,636639.7796950382,"[0.2, 0.2, 0.2, 0.2, 0.2]"
1799,855.1903294815079,959307.1064653924,"[0.2, 0.2, 0.2, 0.2, 0.2]"
1800,143.17631546311375,217142.5635423938,"[0.2, 0.2, 0.2, 0.2, 0.2]"
1801,179.67139885543284,634559.6308680958,"[0.2, 0.2, 0.2, 0.2, 0.2]"
1802,30.02850981295841,162132.02086690077,"[0.2, 0.2, 0.2, 0.2, 0.2]"
1803,580.9684401457008,602145.9251641425,"[0.2, 0.2, 0.2, 0.2, 0.2]"
1804,480.10197595837815,840655.2952323868,"[0.2, 0.2, 0.2, 0.2, 0.2]"
1805,841.5832827303922,581531.82872828,"[0.2, 0.2, 0.2, 0.2, 0.2]"
1806,277.8016329919954,678589.1893065094,"[0.2, 0.2, 0.2, 0.2, 0.2]"
1807,465.9910976639373,216317.89934668565,"[0.2, 0.2, 0.2, 0.2, 0.2]"
1808,593.4651392465892,615292.7766355104,"[0.2, 0.2, 0.2, 0.2, 0.2]"
1809,967.9438905005403,703105.849739057,"[0.2, 0.2, 0.2, 0.2, 0.2]"
1810,863.6374702490076,104476.5427299761,"[0.2, 0.2, 0.2, 0.2, 0.2]"
1811,296.8650064912604,696293.0127913088,"[0.2, 0.2, 0.2, 0.2, 0.2]"
1812,117.33034464767424,410088.2478193562,"[0.2, 0.2, 0.2, 0.2, 0.2]"
1813,618.7822486694496,705927.2219965322,"[0.2, 0.2, 0.2, 0.2, 0.2]"
1814,231.14204765093612,260130.5930716067,"[0.2, 0.2, 0.2, 0.2, 0.2]"
1815,679.9942506964121,784847.3474727514,"[0.2, 0.2, 0.2, 0.2, 0.2]"
1816,226.56475124837579,328474.7756844018,"[0.2, 0.2, 0.2, 0.2, 0.2]"
1817,280.7264463904488,505983.9636807371,"[0.2, 0.2, 0.2, 0.2, 0.2]"
1818,266.1587975279365,606505.6132451852,"[0.2, 0.2, 0.2, 0.2, 0.2]"
1819,212.05862355420717,548020.5536370096,"[0.2, 0.2, 0.2, 0.2, 0.2]"
1820,580.4697696373825,693405.143863427,"[0.2, 0.2, 0.2, 0.2, 0.2]"
1821,978.5511470407315,613568.3592588354,"[0.2, 0.2, 0.2, 0.2, 0.2]"
1822,442.1837336075486,575383.4911602781,"[0.2, 0.2, 0.2, 0.2, 0.2]"
1823,633.6409424158912,715855.5932205468,"[0.2, 0.2, 0.2, 0.2, 0.2]"
1824,258.1221113791693,557571.777465242,"[0.2, 0.2, 0.2, 0.2, 0.2]"
1825,46.142024151997354,131766.01168121267,"[0.2, 0.2, 0.2, 0.2, 0.2]"
1826,968.2792856790609,336884.9088556719,"[0.2, 0.2, 0.2, 0.2, 0.2]"
1827,858.6132473709208,992328.3565259563,"[0.2, 0.2, 0.2, 0.2, 0.2]"
1828,696.4241532683806,958621.5490026464,"[0.2, 0.2, 0.2, 0.2, 0.2]"
1829,286.12096841250735,502808.86619993486,"[0.2, 0.2, 0.2, 0.2, 0.2]"
1830,634.8501671831466,267600.8047581296,"[0.2, 0.2, 0.2, 0.2, 0.2]"
1831,402.3098877558771,317344.98823950364,"[0.2, 0.2, 0.2, 0.2, 0.2]"
1832,245.67463978625526,339899.92177120876,"[0.2, 0.2, 0.2, 0.2, 0.2]"
1833,196.324607193411,625587.581344486,"[0.2, 0.2, 0.2, 0.2, 0.2]"
1834,25.348038143461416,936688.9924290074,"[0.2, 0.2, 0.2, 0.2, 0.2]"
1835,903.1761760068673,172372.33751423238,"[0.2, 0.2, 0.2, 0.2, 0.2]"
1836,714.1811562253268,347657.63840131875,"[0.2, 0.2, 0.2, 0.2, 0.2]"
1837,530.4964852095844,479299.069672647,"[0.2, 0.2, 0.2, 0.2, 0.2]"
1838,828.9039435464384,970618.1711184899,"[0.2, 0.2, 0.2, 0.2, 0.2]"
1839,115.61336819067085,238161.07161242815,"[0.2, 0.2, 0.2, 0.2, 0.2]"
1840,539.7599471113805,866840.3119706619,"[0.2, 0.2, 0.2, 0.2, 0.2]"
1841,160.5428383378186,337899.24211105146,"[0.2, 0.2, 0.2, 0.2, 0.2]"
1842,440.90491097905687,668285.9623553876,"[0.2, 0.2, 0.2, 0.2, 0.2]"
1843,584.6619954369775,376556.30093906,"[0.2, 0.2, 0.2, 0.2, 0.2]"
1844,832.0230233248013,251505.44519451808,"[0.2, 0.2, 0.2, 0.2, 0.2]"
1845,669.144299191598,536569.4246476403,"[0.2, 0.2, 0.2, 0.2, 0.2]"
1846,48.772651837011786,841649.3488821348,"[0.2, 0.2, 0.2, 0.2, 0.2]"
1847,141.63315449987923,128687.95476762296,"[0.2, 0.2, 0.2, 0.2, 0.2]"
1848,313.2470369465231,379156.0769667955,"[0.2, 0.2, 0.2, 0.2, 0.2]"
1849,999.7353698566534,364217.66569004493,"[0.2, 0.2, 0.2, 0.2, 0.2]"
1850,38.04415581537057,239268.01913942414,"[0.2, 0.2, 0.2, 0.2, 0.2]"
1851,63.14176826446563,662636.6406574174,"[0.2, 0.2, 0.2, 0.2, 0.2]"
1852,836.8396817831991,545332.0656864897,"[0.2, 0.2, 0.2, 0.2, 0.2]"
1853,10.788869247071469,879612.7439845041,"[0.2, 0.2, 0.2, 0.2, 0.2]"
1854,299.12678531354794,106528.16737613105,"[0.2, 0.2, 0.2, 0.2, 0.2]"
1855,133.27344462418293,402522.1208996574,"[0.2, 0.2, 0.2, 0.2, 0.2]"
1856,857.560580594691,340699.32554821623,"[0.2, 0.2, 0.2, 0.2, 0.2]"
1857,485.70393566700045,906012.3033593893,"[0.2, 0.2, 0.2, 0.2, 0.2]"
1858,839.4541246762873,953935.2930410788,"[0.2, 0.2, 0.2, 0.2, 0.2]"
1859,26.748990705901623,885379.8666108298,"[0.2, 0.2, 0.2, 0.2, 0.2]"
1860,911.667762862885,757888.8049787875,"[0.2, 0.2, 0.2, 0.2, 0.2]"
1861,666.0254816848118,735419.947545656,"[0.2, 0.2, 0.2, 0.2, 0.2]"
1862,435.92296610375,559103.92977707,"[0.2, 0.2, 0.2, 0.2, 0.2]"
1863,833.1856665250076,657949.7023779794,"[0.2, 0.2, 0.2, 0.2, 0.2]"
1864,767.8976042900584,172337.87504951912,"[0.2, 0.2, 0.2, 0.2, 0.2]"
1865,680.4135872180105,662409.9269310787,"[0.2, 0.2, 0.2, 0.2, 0.2]"
1866,260.80610514023545,501965.5607939315,"[0.2, 0.2, 0.2, 0.2, 0.2]"
1867,366.2526856043518,157793.9662255688,"[0.2, 0.2, 0.2, 0.2, 0.2]"
1868,267.69256299427093,347533.6328708971,"[0.2, 0.2, 0.2, 0.2, 0.2]"
1869,479.73434673232504,748072.4477872327,"[0.2, 0.2, 0.2, 0.2, 0.2]"
1870,712.4882642426834,281936.51046420133,"[0.2, 0.2, 0.2, 0.2, 0.2]"
1871,364.47593833441977,382595.0113864116,"[0.2, 0.2, 0.2, 0.2, 0.2]"
1872,549.3727311354011,579758.5538641696,"[0.2, 0.2, 0.2, 0.2, 0.2]"
1873,661.0645086581641,267302.072497829,"[0.2, 0.2, 0.2, 0.2, 0.2]"
1874,63.76624428252995,702954.6755571003,"[0.2, 0.2, 0.2, 0.2, 0.2]"
1875,913.950668363636,493825.3004532389,"[0.2, 0.2, 0.2, 0.2, 0.2]"
1876,434.859211414446,453903.32053889637,"[0.2, 0.2, 0.2, 0.2, 0.2]"
1877,104.90935434840034,202616.89798426424,"[0.2, 0.2, 0.2, 0.2, 0.2]"
1878,262.90695101865964,166952.989600893,"[0.2, 0.2, 0.2, 0.2, 0.2]"
1879,476.305745502387,612003.0312634296,"[0.2, 0.2, 0.2, 0.2, 0.2]"
1880,746.7730296774395,366630.3245477838,"[0.2, 0.2, 0.2, 0.2, 0.2]"
1881,611.9326098709107,866341.5228521501,"[0.2, 0.2, 0.2, 0.2, 0.2]"
1882,571.86965842497,436701.79058632604,"[0.2, 0.2, 0.2, 0.2, 0.2]"
1883,475.9670474168026,433322.47157812124,"[0.2, 0.2, 0.2, 0.2, 0.2]"
1884,355.28690608582883,992652.665094341,"[0.2, 0.2, 0.2, 0.2, 0.2]"
1885,532.7821718953844,443332.21978506236,"[0.2, 0.2, 0.2, 0.2, 0.2]"
1886,532.8057024111059,211697.15433373075,"[0.2, 0.2, 0.2, 0.2, 0.2]"
1887,90.00348535601003,669149.6523125487,"[0.2, 0.2, 0.2, 0.2, 0.2]"
1888,278.0587463551224,320758.58207430044,"[0.2, 0.2, 0.2, 0.2, 0.2]"
1889,39.23571722291346,548834.9685986289,"[0.2, 0.2, 0.2, 0.2, 0.2]"
1890,896.8727248068988,999121.1629753975,"[0.2, 0.2, 0.2, 0.2, 0.2]"
1891,244.17595658885585,832751.9479918185,"[0.2, 0.2, 0.2, 0.2, 0.2]"
1892,878.3194812522595,609828.8119628535,"[0.2, 0.2, 0.2, 0.2, 0.2]"
1893,389.87841191205547,839441.6859822861,"[0.2, 0.2, 0.2, 0.2, 0.2]"
1894,146.8700566959094,476371.64106823434,"[0.2, 0.2, 0.2, 0.2, 0.2]"
1895,485.37992593849174,758782.7557128994,"[0.2, 0.2, 0.2, 0.2, 0.2]"
1896,65.07275330062927,622259.3775328789,"[0.2, 0.2, 0.2, 0.2, 0.2]"
1897,20.479816845025397,346121.3898698128,"[0.2, 0.2, 0.2, 0.2, 0.2]"
1898,849.2623811150459,887875.4331525957,"[0.2, 0.2, 0.2, 0.2, 0.2]"
1899,580.3787331865946,206250.64525583037,"[0.2, 0.2, 0.2, 0.2, 0.2]"
1900,944.3070204326509,778464.91852812,"[0.2, 0.2, 0.2, 0.2, 0.2]"
1901,921.5446567583435,900821.827040554,"[0.2, 0.2, 0.2, 0.2, 0.2]"
1902,964.4032918736386,236420.58719422857,"[0.2, 0.2, 0.2, 0.2, 0.2]"
1903,306.3946850897489,935720.9165055673,"[0.2, 0.2, 0.2, 0.2, 0.2]"
1904,155.75460705752238,633307.4560341223,"[0.2, 0.2, 0.2, 0.2, 0.2]"
1905,257.2272203123947,460841.5667913898,"[0.2, 0.2, 0.2, 0.2, 0.2]"
1906,858.3153557467696,870764.1331229359,"[0.2, 0.2, 0.2, 0.2, 0.2]"
1907,192.4768559316773,967994.6106984406,"[0.2, 0.2, 0.2, 0.2, 0.2]"
1908,714.1920575861155,339001.2725324841,"[0.2, 0.2, 0.2, 0.2, 0.2]"
1909,883.0471999724215,976541.657092652,"[0.2, 0.2, 0.2, 0.2, 0.2]"
1910,281.45234329933595,424656.3461117803,"[0.2, 0.2, 0.2, 0.2, 0.2]"
1911,298.0744853265854,986497.9888437528,"[0.2, 0.2, 0.2, 0.2, 0.2]"
1912,164.77096456539124,902214.6818433269,"[0.2, 0.2, 0.2, 0.2, 0.2]"
1913,191.089322375761,642785.9749387554,"[0.2, 0.2, 0.2, 0.2, 0.2]"
1914,635.998889049778,743802.3802124978,"[0.2, 0.2, 0.2, 0.2, 0.2]"
1915,617.284514775355,620753.794330334,"[0.2, 0.2, 0.2, 0.2, 0.2]"
1916,656.8265255467813,488394.73754251347,"[0.2, 0.2, 0.2, 0.2, 0.2]"
1917,222.43781986007798,723633.8929924563,"[0.2, 0.2, 0.2, 0.2, 0.2]"
1918,568.8996282716232,170768.72485611623,"[0.2, 0.2, 0.2, 0.2, 0.2]"
1919,47.15318057161029,877791.4570025421,"[0.2, 0.2, 0.2, 0.2, 0.2]"
1920,914.9927994549088,304913.94673433644,"[0.2, 0.2, 0.2, 0.2, 0.2]"
1921,631.89980068896,461653.8521498968,"[0.2, 0.2, 0.2, 0.2, 0.2]"
1922,584.1899287358394,491508.46484979853,"[0.2, 0.2, 0.2, 0.2, 0.2]"
1923,297.4391217786757,352051.3867180877,"[0.2, 0.2, 0.2, 0.2, 0.2]"
1924,795.19904806608,905240.7982223982,"[0.2, 0.2, 0.2, 0.2, 0.2]"
1925,414.81400613701976,838463.7072793341,"[0.2, 0.2, 0.2, 0.2, 0.2]"
1926,928.3651619182815,153681.3950226925,"[0.2, 0.2, 0.2, 0.2, 0.2]"
1927,156.90525594510126,778782.9541214878,"[0.2, 0.2, 0.2, 0.2, 0.2]"
1928,611.5243527351286,392221.06169503543,"[0.2, 0.2, 0.2, 0.2, 0.2]"
1929,487.40120698439614,261646.38730485682,"[0.2, 0.2, 0.2, 0.2, 0.2]"
1930,659.9022302776997,516633.7369804992,"[0.2, 0.2, 0.2, 0.2, 0.2]"
1931,131.931413191089,797791.6692707085,"[0.2, 0.2, 0.2, 0.2, 0.2]"
1932,422.61626209372935,114233.78489774672,"[0.2, 0.2, 0.2, 0.2, 0.2]"
1933,570.3438164076578,243265.51634253623,"[0.2, 0.2, 0.2, 0.2, 0.2]"
1934,87.66869615329186,424371.179466158,"[0.2, 0.2, 0.2, 0.2, 0.2]"
1935,817.1080124785155,833075.4730449081,"[0.2, 0.2, 0.2, 0.2, 0.2]"
1936,50.56788326364255,449159.43268040224,"[0.2, 0.2, 0.2, 0.2, 0.2]"
1937,382.93382373674666,236483.41313985566,"[0.2, 0.2, 0.2, 0.2, 0.2]"
1938,928.5545882042067,907450.6851025203,"[0.2, 0.2, 0.2, 0.2, 0.2]"
1939,697.0399770768724,511464.97026608844,"[0.2, 0.2, 0.2, 0.2, 0.2]"
1940,941.5060212967554,258962.87055080378,"[0.2, 0.2, 0.2, 0.2, 0.2]"
1941,816.1179413213381,995920.8847426585,"[0.2, 0.2, 0.2, 0.2, 0.2]"
1942,187.6354485969732,156374.17686653713,"[0.2, 0.2, 0.2, 0.2, 0.2]"
1943,766.0075062167992,116041.70972733508,"[0.2, 0.2, 0.2, 0.2, 0.2]"
1944,954.2578596122785,867060.3567308711,"[0.2, 0.2, 0.2, 0.2, 0.2]"
1945,789.329877947887,427790.36820639373,"[0.2, 0.2, 0.2, 0.2, 0.2]"
1946,203.87564442477486,354629.43912590854,"[0.2, 0.2, 0.2, 0.2, 0.2]"
1947,859.1011340217306,854562.7351832086,"[0.2, 0.2, 0.2, 0.2, 0.2]"
1948,906.6765803885625,473103.08155481983,"[0.2, 0.2, 0.2, 0.2, 0.2]"
1949,688.0645844566486,391414.3159557764,"[0.2, 0.2, 0.2, 0.2, 0.2]"
1950,265.4562608822414,558197.4377081599,"[0.2, 0.2, 0.2, 0.2, 0.2]"
1951,831.6446703232311,647392.5025465725,"[0.2, 0.2, 0.2, 0.2, 0.2]"
1952,595.7975440837969,141526.63511289912,"[0.2, 0.2, 0.2, 0.2, 0.2]"
1953,779.0710659672704,502056.4500314717,"[0.2, 0.2, 0.2, 0.2, 0.2]"
1954,20.844146357813027,650236.7587219703,"[0.2, 0.2, 0.2, 0.2, 0.2]"
1955,519.011612308629,515763.4869020958,"[0.2, 0.2, 0.2, 0.2, 0.2]"
1956,867.1295811656386,539417.5840342459,"[0.2, 0.2, 0.2, 0.2, 0.2]"
1957,63.226660555699944,974021.6628150218,"[0.2, 0.2, 0.2, 0.2, 0.2]"
1958,455.8583286347829,481165.3017836205,"[0.2, 0.2, 0.2, 0.2, 0.2]"
1959,437.3116813768456,266471.3824882726,"[0.2, 0.2, 0.2, 0.2, 0.2]"
1960,288.46575708449956,257454.14598880557,"[0.2, 0.2, 0.2, 0.2, 0.2]"
1961,684.8423419605922,500631.0859815424,"[0.2, 0.2, 0.2, 0.2, 0.2]"
1962,55.69805633755871,446617.82195058925,"[0.2, 0.2, 0.2, 0.2, 0.2]"
1963,166.6022559829528,850388.478316259,"[0.2, 0.2, 0.2, 0.2, 0.2]"
1964,788.7908614647661,403039.1061291435,"[0.2, 0.2, 0.2, 0.2, 0.2]"
1965,293.4733113712069,613076.8664766125,"[0.2, 0.2, 0.2, 0.2, 0.2]"
1966,200.40410149274717,349265.70444156876,"[0.2, 0.2, 0.2, 0.2, 0.2]"
1967,743.5522259939482,537751.2895605278,"[0.2, 0.2, 0.2, 0.2, 0.2]"
1968,839.3686811560267,345747.73525381833,"[0.2, 0.2, 0.2, 0.2, 0.2]"
1969,678.8601301141646,871797.0890796554,"[0.2, 0.2, 0.2, 0.2, 0.2]"
1970,954.6283997018026,392873.9051050705,"[0.2, 0.2, 0.2, 0.2, 0.2]"
1971,765.6461841629892,785308.7957281728,"[0.2, 0.2, 0.2, 0.2, 0.2]"
1972,38.58113997697397,477458.5839210482,"[0.2, 0.2, 0.2, 0.2, 0.2]"
1973,488.98977272053685,554606.5256145052,"[0.2, 0.2, 0.2, 0.2, 0.2]"
1974,286.6872057831853,128496.65933188272,"[0.2, 0.2, 0.2, 0.2, 0.2]"
1975,413.22265195361535,140886.63377107767,"[0.2, 0.2, 0.2, 0.2, 0.2]"
1976,402.8851181497344,303307.46234048886,"[0.2, 0.2, 0.2, 0.2, 0.2]"
1977,147.09696217062324,860055.3756582885,"[0.2, 0.2, 0.2, 0.2, 0.2]"
1978,606.5583218942822,857417.134580456,"[0.2, 0.2, 0.2, 0.2, 0.2]"
1979,901.7140101687693,493660.45316409797,"[0.2, 0.2, 0.2, 0.2, 0.2]"
1980,727.7841145441301,867340.8493786523,"[0.2, 0.2, 0.2, 0.2, 0.2]"
1981,837.1127291199346,167121.75812501684,"[0.2, 0.2, 0.2, 0.2, 0.2]"
1982,553.6897631754514,814842.8093107208,"[0.2, 0.2, 0.2, 0.2, 0.2]"
1983,230.29175437329667,651132.6575609737,"[0.2, 0.2, 0.2, 0.2, 0.2]"
1984,156.88526018569746,240030.5127754478,"[0.2, 0.2, 0.2, 0.2, 0.2]"
1985,247.04946039734344,400553.23513974756,"[0.2, 0.2, 0.2, 0.2, 0.2]"
1986,685.0123079846674,438291.8820110235,"[0.2, 0.2, 0.2, 0.2, 0.2]"
1987,535.8147469781455,677228.2945828359,"[0.2, 0.2, 0.2, 0.2, 0.2]"
1988,34.71055504325686,833011.4033859964,"[0.2, 0.2, 0.2, 0.2, 0.2]"
1989,44.078695613847835,920493.2680754721,"[0.2, 0.2, 0.2, 0.2, 0.2]"
1990,239.47899562520766,622243.4611416248,"[0.2, 0.2, 0.2, 0.2, 0.2]"
1991,109.96160423144272,174276.24539683704,"[0.2, 0.2, 0.2, 0.2, 0.2]"
1992,875.639292326258,331014.6265242728,"[0.2, 0.2, 0.2, 0.2, 0.2]"
1993,160.94600685646907,344642.790545007,"[0.2, 0.2, 0.2, 0.2, 0.2]"
1994,46.78860670747012,826888.2155464593,"[0.2, 0.2, 0.2, 0.2, 0.2]"
1995,853.8299094889065,330603.5407114944,"[0.2, 0.2, 0.2, 0.2, 0.2]"
1996,832.9153174891944,905093.2332629521,"[0.2, 0.2, 0.2, 0.2, 0.2]"
1997,525.0516159176534,708142.2586228341,"[0.2, 0.2, 0.2, 0.2, 0.2]"
1998,830.361365111926,363610.7306954503,"[0.2, 0.2, 0.2, 0.2, 0.2]"
1999,51.87957329831905,128411.60108966891,"[0.2, 0.2, 0.2, 0.2, 0.2]"
2000,228.4990995155546,217720.5649738828,"[0.2, 0.2, 0.2, 0.2, 0.2]"
2001,62.80680451472653,372736.3998978002,"[0.2, 0.2, 0.2, 0.2, 0.2]"
2002,368.3431889427178,876533.0648666201,"[0.2, 0.2, 0.2, 0.2, 0.2]"
2003,751.4858598705972,919056.2840815631,"[0.2, 0.2, 0.2, 0.2, 0.2]"
2004,813.3459555926717,800216.1042487954,"[0.2, 0.2, 0.2, 0.2, 0.2]"
2005,399.27858795638025,692418.5932835372,"[0.2, 0.2, 0.2, 0.2, 0.2]"
2006,367.00621863052476,273234.5295012833,"[0.2, 0.2, 0.2, 0.2, 0.2]"
2007,797.1494431888722,291103.54161058425,"[0.2, 0.2, 0.2, 0.2, 0.2]"
2008,533.7708175010017,168528.51131642738,"[0.2, 0.2, 0.2, 0.2, 0.2]"
2009,700.6026787151771,376370.8478863899,"[0.2, 0.2, 0.2, 0.2, 0.2]"
2010,366.6049217336348,156219.00765624602,"[0.2, 0.2, 0.2, 0.2, 0.2]"
2011,993.0968830143538,264685.529863719,"[0.2, 0.2, 0.2, 0.2, 0.2]"
2012,547.5092033455165,774883.6386588314,"[0.2, 0.2, 0.2, 0.2, 0.2]"
2013,745.3122745605177,897365.009252445,"[0.2, 0.2, 0.2, 0.2, 0.2]"
2014,751.3947654103407,524022.4026970266,"[0.2, 0.2, 0.2, 0.2, 0.2]"
2015,150.798260364295,125760.15982488662,"[0.2, 0.2, 0.2, 0.2, 0.2]"
2016,943.250778805506,778041.0371638779,"[0.2, 0.2, 0.2, 0.2, 0.2]"
2017,949.6909693470296,382550.28685929783,"[0.2, 0.2, 0.2, 0.2, 0.2]"
2018,445.7415103787776,868507.7663038583,"[0.2, 0.2, 0.2, 0.2, 0.2]"
2019,87.24612337253131,321642.1726445516,"[0.2, 0.2, 0.2, 0.2, 0.2]"
2020,821.0976317057689,814398.1230664856,"[0.2, 0.2, 0.2, 0.2, 0.2]"
2021,257.7506406158737,322991.2658534307,"[0.2, 0.2, 0.2, 0.2, 0.2]"
2022,376.3567793709324,568228.318113003,"[0.2, 0.2, 0.2, 0.2, 0.2]"
2023,874.0054364656012,297501.69655880413,"[0.2, 0.2, 0.2, 0.2, 0.2]"
2024,619.9236400900866,379660.711067798,"[0.2, 0.2, 0.2, 0.2, 0.2]"
2025,498.3986813037198,898081.6835130538,"[0.2, 0.2, 0.2, 0.2, 0.2]"
2026,522.1012472810452,507980.13170413947,"[0.2, 0.2, 0.2, 0.2, 0.2]"
2027,375.79762202966606,934059.9313316946,"[0.2, 0.2, 0.2, 0.2, 0.2]"
2028,907.1780917234399,871800.4347762899,"[0.2, 0.2, 0.2, 0.2, 0.2]"
2029,579.1841344829335,218208.40642455372,"[0.2, 0.2, 0.2, 0.2, 0.2]"
2030,916.2938597373114,504212.56892118976,"[0.2, 0.2, 0.2, 0.2, 0.2]"
2031,191.38996542662218,648756.6047734683,"[0.2, 0.2, 0.2, 0.2, 0.2]"
2032,791.3991762466354,968743.592476934,"[0.2, 0.2, 0.2, 0.2, 0.2]"
2033,549.8934735423242,765263.3477285774,"[0.2, 0.2, 0.2, 0.2, 0.2]"
2034,156.0222083514817,791559.2703788646,"[0.2, 0.2, 0.2, 0.2, 0.2]"
2035,478.4719950329917,568818.5225739874,"[0.2, 0.2, 0.2, 0.2, 0.2]"
2036,809.17108741514,816955.08059719,"[0.2, 0.2, 0.2, 0.2, 0.2]"
2037,507.40637730522826,179515.08801473415,"[0.2, 0.2, 0.2, 0.2, 0.2]"
2038,539.3381245688836,579958.4717806461,"[0.2, 0.2, 0.2, 0.2, 0.2]"
2039,474.7277476532542,790219.7501308286,"[0.2, 0.2, 0.2, 0.2, 0.2]"
2040,996.3278234286969,839136.5820125265,"[0.2, 0.2, 0.2, 0.2, 0.2]"
2041,957.4382772734136,651349.7209171063,"[0.2, 0.2, 0.2, 0.2, 0.2]"
2042,148.05568292768066,881481.9535403927,"[0.2, 0.2, 0.2, 0.2, 0.2]"
2043,552.2662180973928,688402.2924176685,"[0.2, 0.2, 0.2, 0.2, 0.2]"
2044,211.95841758797766,568178.1557323791,"[0.2, 0.2, 0.2, 0.2, 0.2]"
2045,665.6908389262899,822059.091123235,"[0.2, 0.2, 0.2, 0.2, 0.2]"
2046,424.1623785594452,388363.24419954454,"[0.2, 0.2, 0.2, 0.2, 0.2]"
2047,114.40134048312608,969149.70556585,"[0.2, 0.2, 0.2, 0.2, 0.2]"
2048,816.196396713513,483342.51358379424,"[0.2, 0.2, 0.2, 0.2, 0.2]"
2049,773.9732361809797,817767.3688542044,"[0.2, 0.2, 0.2, 0.2, 0.2]"
2050,126.55360534795194,932357.0484578467,"[0.2, 0.2, 0.2, 0.2, 0.2]"
2051,117.61380165419877,285005.929301649,"[0.2, 0.2, 0.2, 0.2, 0.2]"
2052,615.1919556167209,723927.8928938061,"[0.2, 0.2, 0.2, 0.2, 0.2]"
2053,310.68311499878695,804545.5820377794,"[0.2, 0.2, 0.2, 0.2, 0.2]"
2054,574.5848718610283,614557.8505606357,"[0.2, 0.2, 0.2, 0.2, 0.2]"
2055,105.49414634836677,971479.2513576071,"[0.2, 0.2, 0.2, 0.2, 0.2]"
2056,67.11902080266692,792516.5125212831,"[0.2, 0.2, 0.2, 0.2, 0.2]"
2057,124.7048080283984,445154.6724075353,"[0.2, 0.2, 0.2, 0.2, 0.2]"
2058,819.4381848859881,457002.8238291259,"[0.2, 0.2, 0.2, 0.2, 0.2]"
2059,215.66077851413743,286430.160659706,"[0.2, 0.2, 0.2, 0.2, 0.2]"
2060,840.068180638272,113397.08339319189,"[0.2, 0.2, 0.2, 0.2, 0.2]"
2061,329.2054163065929,906035.4989302948,"[0.2, 0.2, 0.2, 0.2, 0.2]"
2062,736.2925878755168,212184.06815224898,"[0.2, 0.2, 0.2, 0.2, 0.2]"
2063,333.2156581592757,496182.98617416,"[0.2, 0.2, 0.2, 0.2, 0.2]"
2064,117.41832218506393,569337.9922885322,"[0.2, 0.2, 0.2, 0.2, 0.2]"
2065,768.876564602807,716783.6329485329,"[0.2, 0.2, 0.2, 0.2, 0.2]"
2066,622.5922346599054,354196.552007513,"[0.2, 0.2, 0.2, 0.2, 0.2]"
2067,264.46609788216057,225619.50160603263,"[0.2, 0.2, 0.2, 0.2, 0.2]"
2068,871.0227656859599,935327.5137738101,"[0.2, 0.2, 0.2, 0.2, 0.2]"
2069,230.46164136185442,119643.38004228803,"[0.2, 0.2, 0.2, 0.2, 0.2]"
2070,103.24644613472243,745834.807099154,"[0.2, 0.2, 0.2, 0.2, 0.2]"
2071,213.8656440249828,334578.0434578167,"[0.2, 0.2, 0.2, 0.2, 0.2]"
2072,986.3674359666697,316139.4297993728,"[0.2, 0.2, 0.2, 0.2, 0.2]"
2073,761.3395002468759,717847.121705503,"[0.2, 0.2, 0.2, 0.2, 0.2]"
2074,442.3685210517478,973921.121207492,"[0.2, 0.2, 0.2, 0.2, 0.2]"
2075,437.0478317253932,829252.4584656906,"[0.2, 0.2, 0.2, 0.2, 0.2]"
2076,771.484754937982,850177.0901042465,"[0.2, 0.2, 0.2, 0.2, 0.2]"
2077,578.1639189656613,720439.8934951473,"[0.2, 0.2, 0.2, 0.2, 0.2]"
2078,401.8318007927261,771026.4693632397,"[0.2, 0.2, 0.2, 0.2, 0.2]"
2079,352.166786060667,956622.6372316431,"[0.2, 0.2, 0.2, 0.2, 0.2]"
2080,48.599062624461915,505797.0725423144,"[0.2, 0.2, 0.2, 0.2, 0.2]"
2081,574.6518972038587,487224.8119409543,"[0.2, 0.2, 0.2, 0.2, 0.2]"
2082,586.6280522194043,924819.9262956997,"[0.2, 0.2, 0.2, 0.2, 0.2]"
2083,66.78008672473888,674899.4677428453,"[0.2, 0.2, 0.2, 0.2, 0.2]"
2084,89.4117617646463,286328.778863061,"[0.2, 0.2, 0.2, 0.2, 0.2]"
2085,342.84469605389006,463291.418682097,"[0.2, 0.2, 0.2, 0.2, 0.2]"
2086,236.6214953870005,500411.2994833803,"[0.2, 0.2, 0.2, 0.2, 0.2]"
2087,112.9868618630953,608200.1791512823,"[0.2, 0.2, 0.2, 0.2, 0.2]"
2088,377.11850175631713,461568.5045235325,"[0.2, 0.2, 0.2, 0.2, 0.2]"
2089,18.785087939443137,766687.3341925172,"[0.2, 0.2, 0.2, 0.2, 0.2]"
2090,894.556583834522,198886.7747036236,"[0.2, 0.2, 0.2, 0.2, 0.2]"
2091,867.3731564414476,337192.93310433225,"[0.2, 0.2, 0.2, 0.2, 0.2]"
2092,98.97069809943673,446802.72330268734,"[0.2, 0.2, 0.2, 0.2, 0.2]"
2093,694.3320324658988,945982.1722926045,"[0.2, 0.2, 0.2, 0.2, 0.2]"
2094,511.1781909390659,851227.3257337975,"[0.2, 0.2, 0.2, 0.2, 0.2]"
2095,136.62145523129814,146195.62940820912,"[0.2, 0.2, 0.2, 0.2, 0.2]"
2096,893.9635019064572,643588.1414482504,"[0.2, 0.2, 0.2, 0.2, 0.2]"
2097,739.9758914252756,447341.8515789329,"[0.2, 0.2, 0.2, 0.2, 0.2]"
2098,209.73478514176804,914353.3570032197,"[0.2, 0.2, 0.2, 0.2, 0.2]"
2099,897.5675352481443,528526.8492706532,"[0.2, 0.2, 0.2, 0.2, 0.2]"
2100,78.94503246102508,388448.81371036277,"[0.2, 0.2, 0.2, 0.2, 0.2]"
2101,989.9889332879255,773818.901404515,"[0.2, 0.2, 0.2, 0.2, 0.2]"
2102,394.95579529032017,322259.97078582144,"[0.2, 0.2, 0.2, 0.2, 0.2]"
2103,585.4949368160152,103743.02426358488,"[0.2, 0.2, 0.2, 0.2, 0.2]"
2104,132.8982372185028,406890.45600526885,"[0.2, 0.2, 0.2, 0.2, 0.2]"
2105,78.79918900601824,591929.1391245697,"[0.2, 0.2, 0.2, 0.2, 0.2]"
2106,749.977807553365,149369.67603503555,"[0.2, 0.2, 0.2, 0.2, 0.2]"
2107,414.3649333996567,473416.85712089227,"[0.2, 0.2, 0.2, 0.2, 0.2]"
2108,701.0669498180087,808389.6779275729,"[0.2, 0.2, 0.2, 0.2, 0.2]"
2109,895.0257526153332,985261.1117084837,"[0.2, 0.2, 0.2, 0.2, 0.2]"
2110,298.7450314358927,513923.2161536553,"[0.2, 0.2, 0.2, 0.2, 0.2]"
2111,593.648466415671,428702.04332656134,"[0.2, 0.2, 0.2, 0.2, 0.2]"
2112,250.62502007261682,888221.5031900789,"[0.2, 0.2, 0.2, 0.2, 0.2]"
2113,169.1967622673053,626277.1637731061,"[0.2, 0.2, 0.2, 0.2, 0.2]"
2114,984.5897764734739,299329.0416857465,"[0.2, 0.2, 0.2, 0.2, 0.2]"
2115,571.835884756785,172138.52575410722,"[0.2, 0.2, 0.2, 0.2, 0.2]"
2116,946.1619792099581,410787.13093602547,"[0.2, 0.2, 0.2, 0.2, 0.2]"
2117,624.617459709168,359253.7990779668,"[0.2, 0.2, 0.2, 0.2, 0.2]"
2118,259.1281382857013,319433.85856090614,"[0.2, 0.2, 0.2, 0.2, 0.2]"
2119,849.0040163625731,777700.3562806564,"[0.2, 0.2, 0.2, 0.2, 0.2]"
2120,39.69041522629634,880630.5517813836,"[0.2, 0.2, 0.2, 0.2, 0.2]"
2121,656.2160289512511,788933.8296311522,"[0.2, 0.2, 0.2, 0.2, 0.2]"
2122,448.53017089454545,447599.5992863462,"[0.2, 0.2, 0.2, 0.2, 0.2]"
2123,331.64220596462565,973097.842542005,"[0.2, 0.2, 0.2, 0.2, 0.2]"
2124,121.09357380846569,123376.9634709348,"[0.2, 0.2, 0.2, 0.2, 0.2]"
2125,561.6739504858523,122823.04391357052,"[0.2, 0.2, 0.2, 0.2, 0.2]"
2126,151.9173454235368,946023.6092185228,"[0.2, 0.2, 0.2, 0.2, 0.2]"
2127,371.86746226417273,555041.6402385731,"[0.2, 0.2, 0.2, 0.2, 0.2]"
2128,33.81235232937052,964928.5185902063,"[0.2, 0.2, 0.2, 0.2, 0.2]"
2129,842.7503312323993,360014.27621379,"[0.2, 0.2, 0.2, 0.2, 0.2]"
2130,224.3539022677198,640921.3828144951,"[0.2, 0.2, 0.2, 0.2, 0.2]"
2131,600.0159322245804,333435.9312835465,"[0.2, 0.2, 0.2, 0.2, 0.2]"
2132,457.44489786212034,909455.9187426259,"[0.2, 0.2, 0.2, 0.2, 0.2]"
2133,465.80703765594643,933970.7257257509,"[0.2, 0.2, 0.2, 0.2, 0.2]"
2134,684.1185968032855,553560.1367998393,"[0.2, 0.2, 0.2, 0.2, 0.2]"
2135,89.71339653274859,580556.1569773575,"[0.2, 0.2, 0.2, 0.2, 0.2]"
2136,21.44220465653637,505621.2363091202,"[0.2, 0.2, 0.2, 0.2, 0.2]"
2137,531.0930677211929,906150.70933706,"[0.2, 0.2, 0.2, 0.2, 0.2]"
2138,609.1170030284512,420274.62875472783,"[0.2, 0.2, 0.2, 0.2, 0.2]"
2139,347.70889097794395,491633.0994966753,"[0.2, 0.2, 0.2, 0.2, 0.2]"
2140,622.294612659596,508442.98180219636,"[0.2, 0.2, 0.2, 0.2, 0.2]"
2141,767.779214721356,326678.4385515323,"[0.2, 0.2, 0.2, 0.2, 0.2]"
2142,257.57147941999324,849829.9324358448,"[0.2, 0.2, 0.2, 0.2, 0.2]"
2143,382.3742200034342,805133.3143987347,"[0.2, 0.2, 0.2, 0.2, 0.2]"
2144,440.635073742063,360378.00475035724,"[0.2, 0.2, 0.2, 0.2, 0.2]"
2145,590.5493347044182,807377.7297004443,"[0.2, 0.2, 0.2, 0.2, 0.2]"
2146,235.93262457087732,119879.611950246,"[0.2, 0.2, 0.2, 0.2, 0.2]"
2147,819.94588100906,766934.3343866369,"[0.2, 0.2, 0.2, 0.2, 0.2]"
2148,805.3803389802677,381815.036472367,"[0.2, 0.2, 0.2, 0.2, 0.2]"
2149,182.447461441689,810693.1662213723,"[0.2, 0.2, 0.2, 0.2, 0.2]"
2150,798.8471389283252,504269.0881443389,"[0.2, 0.2, 0.2, 0.2, 0.2]"
2151,578.6649046292246,597892.0389097444,"[0.2, 0.2, 0.2, 0.2, 0.2]"
2152,901.9823535175835,624806.7094721382,"[0.2, 0.2, 0.2, 0.2, 0.2]"
2153,449.95686429237566,976118.6409820938,"[0.2, 0.2, 0.2, 0.2, 0.2]"
2154,145.12182867261478,621222.0948997324,"[0.2, 0.2, 0.2, 0.2, 0.2]"
2155,406.63756981273843,398309.98227617977,"[0.2, 0.2, 0.2, 0.2, 0.2]"
2156,372.06556295724914,280170.7555237238,"[0.2, 0.2, 0.2, 0.2, 0.2]"
2157,403.48430520889474,234183.9629165009,"[0.2, 0.2, 0.2, 0.2, 0.2]"
2158,900.1667181542625,420591.4131934622,"[0.2, 0.2, 0.2, 0.2, 0.2]"
2159,720.5588584498481,132994.62049272962,"[0.2, 0.2, 0.2, 0.2, 0.2]"
2160,822.0890677939386,382222.51491737174,"[0.2, 0.2, 0.2, 0.2, 0.2]"
2161,469.91163826614917,209176.2319674072,"[0.2, 0.2, 0.2, 0.2, 0.2]"
2162,160.743253700458,510624.1725945644,"[0.2, 0.2, 0.2, 0.2, 0.2]"
2163,363.5404465528181,209208.82714576978,"[0.2, 0.2, 0.2, 0.2, 0.2]"
2164,32.54774656366437,856526.7454798118,"[0.2, 0.2, 0.2, 0.2, 0.2]"
2165,631.3843656565882,884215.0477562064,"[0.2, 0.2, 0.2, 0.2, 0.2]"
2166,768.6563729178115,270780.8355860474,"[0.2, 0.2, 0.2, 0.2, 0.2]"
2167,279.52545282976814,560036.8427394251,"[0.2, 0.2, 0.2, 0.2, 0.2]"
2168,497.94049764097764,646772.3216520811,"[0.2, 0.2, 0.2, 0.2, 0.2]"
2169,194.75262817138588,835198.9406289646,"[0.2, 0.2, 0.2, 0.2, 0.2]"
2170,186.91924990896675,564109.6849110893,"[0.2, 0.2, 0.2, 0.2, 0.2]"
2171,552.5873302230617,259300.22791225353,"[0.2, 0.2, 0.2, 0.2, 0.2]"
2172,902.8492200930207,590378.425528518,"[0.2, 0.2, 0.2, 0.2, 0.2]"
2173,314.68463437824363,291493.5539988647,"[0.2, 0.2, 0.2, 0.2, 0.2]"
2174,92.24469516801413,641105.6214711952,"[0.2, 0.2, 0.2, 0.2, 0.2]"
2175,709.0735939129274,979062.9143194907,"[0.2, 0.2, 0.2, 0.2, 0.2]"
2176,417.95390134895155,345868.2184583455,"[0.2, 0.2, 0.2, 0.2, 0.2]"
2177,865.7935230021795,610210.4273458442,"[0.2, 0.2, 0.2, 0.2, 0.2]"
2178,857.0638930234566,112499.36508667943,"[0.2, 0.2, 0.2, 0.2, 0.2]"
2179,701.2457095277525,343056.852040298,"[0.2, 0.2, 0.2, 0.2, 0.2]"
2180,630.5353436342986,251587.93100758758,"[0.2, 0.2, 0.2, 0.2, 0.2]"
2181,204.07993982567513,617298.1575547629,"[0.2, 0.2, 0.2, 0.2, 0.2]"
2182,399.2304714218118,403708.0862833842,"[0.2, 0.2, 0.2, 0.2, 0.2]"
2183,133.87592191815355,507341.8753094562,"[0.2, 0.2, 0.2, 0.2, 0.2]"
2184,940.7099789426612,389215.9320452575,"[0.2, 0.2, 0.2, 0.2, 0.2]"
2185,593.5952894374084,394029.6247400056,"[0.2, 0.2, 0.2, 0.2, 0.2]"
2186,251.5468794733756,491416.4767229744,"[0.2, 0.2, 0.2, 0.2, 0.2]"
2187,541.9991704545654,840765.6318350596,"[0.2, 0.2, 0.2, 0.2, 0.2]"
2188,896.3912345989485,916762.1247132038,"[0.2, 0.2, 0.2, 0.2, 0.2]"
2189,406.44125940069813,265120.95891925774,"[0.2, 0.2, 0.2, 0.2, 0.2]"
2190,832.4975617400667,628864.2307206818,"[0.2, 0.2, 0.2, 0.2, 0.2]"
2191,674.3239797434622,816343.0188389862,"[0.2, 0.2, 0.2, 0.2, 0.2]"
2192,44.98238172570046,979969.097889748,"[0.2, 0.2, 0.2, 0.2, 0.2]"
2193,369.43356232426584,351320.85704675724,"[0.2, 0.2, 0.2, 0.2, 0.2]"
2194,183.72567504775094,380099.95981309924,"[0.2, 0.2, 0.2, 0.2, 0.2]"
2195,169.862609519968,853533.1881084355,"[0.2, 0.2, 0.2, 0.2, 0.2]"
2196,468.4288979405397,760465.9921274149,"[0.2, 0.2, 0.2, 0.2, 0.2]"
2197,711.7150747145403,493656.9527455277,"[0.2, 0.2, 0.2, 0.2, 0.2]"
2198,90.07727020267201,508313.5353456387,"[0.2, 0.2, 0.2, 0.2, 0.2]"
2199,483.8110594147381,177597.01846076117,"[0.2, 0.2, 0.2, 0.2, 0.2]"
2200,357.4500910627212,541404.1404334491,"[0.2, 0.2, 0.2, 0.2, 0.2]"
2201,932.3127993280663,620213.6182256085,"[0.2, 0.2, 0.2, 0.2, 0.2]"
2202,992.309988259998,170426.0649311575,"[0.2, 0.2, 0.2, 0.2, 0.2]"
2203,903.2132368381493,954838.488648902,"[0.2, 0.2, 0.2, 0.2, 0.2]"
2204,710.3775593812571,702342.984378765,"[0.2, 0.2, 0.2, 0.2, 0.2]"
2205,25.43885846797956,487098.55743313424,"[0.2, 0.2, 0.2, 0.2, 0.2]"
2206,701.9393166824301,546780.1233122651,"[0.2, 0.2, 0.2, 0.2, 0.2]"
2207,939.1119912214677,931566.1670769955,"[0.2, 0.2, 0.2, 0.2, 0.2]"
2208,623.5965305562511,920771.3462401611,"[0.2, 0.2, 0.2, 0.2, 0.2]"
2209,413.18864458764256,212935.2212484473,"[0.2, 0.2, 0.2, 0.2, 0.2]"
2210,324.71850487611465,338337.45723006607,"[0.2, 0.2, 0.2, 0.2, 0.2]"
2211,210.7812718759756,327826.9445621325,"[0.2, 0.2, 0.2, 0.2, 0.2]"
2212,53.83825601087578,140932.630150699,"[0.2, 0.2, 0.2, 0.2, 0.2]"
2213,444.5102973813571,685459.223930532,"[0.2, 0.2, 0.2, 0.2, 0.2]"
2214,790.6448751058383,137548.6287511709,"[0.2, 0.2, 0.2, 0.2, 0.2]"
2215,950.0808872522649,955209.4428773255,"[0.2, 0.2, 0.2, 0.2, 0.2]"
2216,171.5356784299503,786041.3448276445,"[0.2, 0.2, 0.2, 0.2, 0.2]"
2217,689.6150140768033,430765.6774692973,"[0.2, 0.2, 0.2, 0.2, 0.2]"
2218,630.5638338113886,398817.6012267682,"[0.2, 0.2, 0.2, 0.2, 0.2]"
2219,531.5673439519752,624727.3436674422,"[0.2, 0.2, 0.2, 0.2, 0.2]"
2220,578.6489639590651,424122.2287633548,"[0.2, 0.2, 0.2, 0.2, 0.2]"
2221,667.9564054430302,872731.7538779823,"[0.2, 0.2, 0.2, 0.2, 0.2]"
2222,135.273429694649,964777.5507260701,"[0.2, 0.2, 0.2, 0.2, 0.2]"
2223,701.6778027494718,695618.6803952367,"[0.2, 0.2, 0.2, 0.2, 0.2]"
2224,88.14750721466964,424695.4186570425,"[0.2, 0.2, 0.2, 0.2, 0.2]"
2225,718.5794667345975,134583.87939679401,"[0.2, 0.2, 0.2, 0.2, 0.2]"
2226,875.9174642167845,545132.3388289725,"[0.2, 0.2, 0.2, 0.2, 0.2]"
2227,679.744671227375,308658.0567036958,"[0.2, 0.2, 0.2, 0.2, 0.2]"
2228,168.05392797331385,442286.9153944532,"[0.2, 0.2, 0.2, 0.2, 0.2]"
2229,763.1387472245088,239220.88363223558,"[0.2, 0.2, 0.2, 0.2, 0.2]"
2230,915.1107618249413,778341.8431741188,"[0.2, 0.2, 0.2, 0.2, 0.2]"
2231,872.3436945249006,267610.4385551995,"[0.2, 0.2, 0.2, 0.2, 0.2]"
2232,452.0463795870681,843651.6245149622,"[0.2, 0.2, 0.2, 0.2, 0.2]"
2233,149.31960580608404,832161.0724712672,"[0.2, 0.2, 0.2, 0.2, 0.2]"
2234,190.787628112309,881104.1558378894,"[0.2, 0.2, 0.2, 0.2, 0.2]"
2235,917.3517905025849,133949.61469346483,"[0.2, 0.2, 0.2, 0.2, 0.2]"
2236,255.6216888077786,409764.5290890111,"[0.2, 0.2, 0.2, 0.2, 0.2]"
2237,223.47253852784726,689680.3347328724,"[0.2, 0.2, 0.2, 0.2, 0.2]"
2238,802.6815516911424,676412.6824363982,"[0.2, 0.2, 0.2, 0.2, 0.2]"
2239,142.1747322950568,274247.2659624571,"[0.2, 0.2, 0.2, 0.2, 0.2]"
2240,72.30252353329563,878607.5057834438,"[0.2, 0.2, 0.2, 0.2, 0.2]"
2241,737.4365295195261,508646.51272459514,"[0.2, 0.2, 0.2, 0.2, 0.2]"
2242,974.7590427550323,407036.24774952943,"[0.2, 0.2, 0.2, 0.2, 0.2]"
2243,836.3118652335477,177290.3137452881,"[0.2, 0.2, 0.2, 0.2, 0.2]"
2244,810.2492539487985,601273.3135354551,"[0.2, 0.2, 0.2, 0.2, 0.2]"
2245,455.30666160869913,799939.389177803,"[0.2, 0.2, 0.2, 0.2, 0.2]"
2246,784.8766322446219,455953.7156639322,"[0.2, 0.2, 0.2, 0.2, 0.2]"
2247,233.24393705536798,220144.16925911652,"[0.2, 0.2, 0.2, 0.2, 0.2]"
2248,417.1611523935021,316513.11325216526,"[0.2, 0.2, 0.2, 0.2, 0.2]"
2249,497.14666438960387,920732.3242398577,"[0.2, 0.2, 0.2, 0.2, 0.2]"
2250,415.06458021008086,724901.9198408853,"[0.2, 0.2, 0.2, 0.2, 0.2]"
2251,46.07184658462947,234639.85393997788,"[0.2, 0.2, 0.2, 0.2, 0.2]"
2252,716.5381367646248,690046.8251703363,"[0.2, 0.2, 0.2, 0.2, 0.2]"
2253,407.6290382626223,643951.3871833227,"[0.2, 0.2, 0.2, 0.2, 0.2]"
2254,37.050336050707486,966814.5905691584,"[0.2, 0.2, 0.2, 0.2, 0.2]"
2255,255.22831261999073,968914.0351720478,"[0.2, 0.2, 0.2, 0.2, 0.2]"
2256,306.88180557081296,436488.5575021288,"[0.2, 0.2, 0.2, 0.2, 0.2]"
2257,765.1941220667563,362136.3894179334,"[0.2, 0.2, 0.2, 0.2, 0.2]"
2258,54.44100622759923,274413.91171619913,"[0.2, 0.2, 0.2, 0.2, 0.2]"
2259,826.3745390004393,601822.3689662792,"[0.2, 0.2, 0.2, 0.2, 0.2]"
2260,416.25039902705936,277589.84830743045,"[0.2, 0.2, 0.2, 0.2, 0.2]"
2261,731.5867901520959,423418.3787836832,"[0.2, 0.2, 0.2, 0.2, 0.2]"
2262,724.7458261206042,181775.56032683107,"[0.2, 0.2, 0.2, 0.2, 0.2]"
2263,375.5478563507984,999824.6032163478,"[0.2, 0.2, 0.2, 0.2, 0.2]"
2264,441.2942459386872,973588.7095214662,"[0.2, 0.2, 0.2, 0.2, 0.2]"
2265,439.60068052242474,199873.50355731655,"[0.2, 0.2, 0.2, 0.2, 0.2]"
2266,830.2256064373024,778240.0551489962,"[0.2, 0.2, 0.2, 0.2, 0.2]"
2267,96.57980602387012,451652.81040091184,"[0.2, 0.2, 0.2, 0.2, 0.2]"
2268,442.6745038285851,737883.8823068854,"[0.2, 0.2, 0.2, 0.2, 0.2]"
2269,149.99516175567737,640145.1067474439,"[0.2, 0.2, 0.2, 0.2, 0.2]"
2270,340.54632630906235,754657.008880979,"[0.2, 0.2, 0.2, 0.2, 0.2]"
2271,431.9445573633683,357264.2390842942,"[0.2, 0.2, 0.2, 0.2, 0.2]"
2272,861.9824976025074,349787.6194427144,"[0.2, 0.2, 0.2, 0.2, 0.2]"
2273,77.17716240993363,586436.0893480382,"[0.2, 0.2, 0.2, 0.2, 0.2]"
2274,377.84791800737696,828421.9041746121,"[0.2, 0.2, 0.2, 0.2, 0.2]"
2275,91.29713629483405,248641.0202360324,"[0.2, 0.2, 0.2, 0.2, 0.2]"
2276,441.2626380023542,122532.57794872721,"[0.2, 0.2, 0.2, 0.2, 0.2]"
2277,313.6501037473358,760402.9358226756,"[0.2, 0.2, 0.2, 0.2, 0.2]"
2278,637.8393094191748,302863.3954880355,"[0.2, 0.2, 0.2, 0.2, 0.2]"
2279,558.40816546397,856106.2913906976,"[0.2, 0.2, 0.2, 0.2, 0.2]"
2280,41.34609718940234,681788.0703395063,"[0.2, 0.2, 0.2, 0.2, 0.2]"
2281,167.40535222053674,884088.9830355891,"[0.2, 0.2, 0.2, 0.2, 0.2]"
2282,889.5329853014834,666667.5143720704,"[0.2, 0.2, 0.2, 0.2, 0.2]"
2283,740.3523931808179,883602.166325734,"[0.2, 0.2, 0.2, 0.2, 0.2]"
2284,528.4858301255675,481251.0563966285,"[0.2, 0.2, 0.2, 0.2, 0.2]"
2285,168.98633152561607,718459.4579466928,"[0.2, 0.2, 0.2, 0.2, 0.2]"
2286,165.5383083593299,278227.68911570165,"[0.2, 0.2, 0.2, 0.2, 0.2]"
2287,124.84160778253322,816497.227155701,"[0.2, 0.2, 0.2, 0.2, 0.2]"
2288,86.94394565157994,522162.88052865415,"[0.2, 0.2, 0.2, 0.2, 0.2]"
2289,674.1417411626164,738644.832641688,"[0.2, 0.2, 0.2, 0.2, 0.2]"
2290,603.2094619402906,504153.9877183382,"[0.2, 0.2, 0.2, 0.2, 0.2]"
2291,132.5828315937037,973778.4044330039,"[0.2, 0.2, 0.2, 0.2, 0.2]"
2292,70.5970886436036,561351.6406475108,"[0.2, 0.2, 0.2, 0.2, 0.2]"
2293,213.13399259371357,127552.65588835087,"[0.2, 0.2, 0.2, 0.2, 0.2]"
2294,286.9149080028775,538295.4910275745,"[0.2, 0.2, 0.2, 0.2, 0.2]"
2295,591.7518890695197,815661.9777411203,"[0.2, 0.2, 0.2, 0.2, 0.2]"
2296,395.8356886203246,286591.0272784262,"[0.2, 0.2, 0.2, 0.2, 0.2]"
2297,665.3241191349266,790534.2277580099,"[0.2, 0.2, 0.2, 0.2, 0.2]"
2298,234.15165001939508,292418.90657487337,"[0.2, 0.2, 0.2, 0.2, 0.2]"
2299,611.0369375611618,447993.2564770866,"[0.2, 0.2, 0.2, 0.2, 0.2]"
2300,850.1332232216539,111788.64590930654,"[0.2, 0.2, 0.2, 0.2, 0.2]"
2301,957.017827471024,404507.0550900409,"[0.2, 0.2, 0.2, 0.2, 0.2]"
2302,437.01138550576974,892797.2268314757,"[0.2, 0.2, 0.2, 0.2, 0.2]"
2303,149.4506582232961,617622.3424364204,"[0.2, 0.2, 0.2, 0.2, 0.2]"
2304,472.48700603703975,656839.7389270972,"[0.2, 0.2, 0.2, 0.2, 0.2]"
2305,985.8775068851935,296792.07743612153,"[0.2, 0.2, 0.2, 0.2, 0.2]"
2306,768.1118998854964,693456.6271834249,"[0.2, 0.2, 0.2, 0.2, 0.2]"
2307,458.35595368542545,546863.9657586063,"[0.2, 0.2, 0.2, 0.2, 0.2]"
2308,458.30190568445266,124281.06367304773,"[0.2, 0.2, 0.2, 0.2, 0.2]"
2309,613.1640955287404,490283.2136939379,"[0.2, 0.2, 0.2, 0.2, 0.2]"
2310,376.96905088430077,510890.2690883047,"[0.2, 0.2, 0.2, 0.2, 0.2]"
2311,980.79147308799,617047.6679874202,"[0.2, 0.2, 0.2, 0.2, 0.2]"
2312,177.19331015056585,536267.0344196756,"[0.2, 0.2, 0.2, 0.2, 0.2]"
2313,17.149680080453564,458582.4199849683,"[0.2, 0.2, 0.2, 0.2, 0.2]"
2314,665.7648521890239,993703.4387045354,"[0.2, 0.2, 0.2, 0.2, 0.2]"
2315,549.5757198275144,771474.5105083915,"[0.2, 0.2, 0.2, 0.2, 0.2]"
2316,997.1763748457862,106924.30814392088,"[0.2, 0.2, 0.2, 0.2, 0.2]"
2317,775.7959380895886,901396.7302334158,"[0.2, 0.2, 0.2, 0.2, 0.2]"
2318,753.1181203486192,199013.895614665,"[0.2, 0.2, 0.2, 0.2, 0.2]"
2319,454.83386375664634,248422.41399240636,"[0.2, 0.2, 0.2, 0.2, 0.2]"
2320,433.3726079049885,882790.0101655558,"[0.2, 0.2, 0.2, 0.2, 0.2]"
2321,391.3371772586765,707564.5900387974,"[0.2, 0.2, 0.2, 0.2, 0.2]"
2322,617.3235752061232,935861.9321005765,"[0.2, 0.2, 0.2, 0.2, 0.2]"
2323,286.22625640859127,116758.48095528707,"[0.2, 0.2, 0.2, 0.2, 0.2]"
2324,616.280802806979,180674.59356865927,"[0.2, 0.2, 0.2, 0.2, 0.2]"
2325,138.41289578100086,996523.2040956834,"[0.2, 0.2, 0.2, 0.2, 0.2]"
2326,301.414105123667,680775.714019985,"[0.2, 0.2, 0.2, 0.2, 0.2]"
2327,260.9468522893706,771854.8724070423,"[0.2, 0.2, 0.2, 0.2, 0.2]"
2328,486.9839843258399,592525.8583205033,"[0.2, 0.2, 0.2, 0.2, 0.2]"
2329,587.8540134487959,975379.0980648428,"[0.2, 0.2, 0.2, 0.2, 0.2]"
2330,643.9602120492508,256044.8941114407,"[0.2, 0.2, 0.2, 0.2, 0.2]"
2331,345.2215832184903,887659.1866687221,"[0.2, 0.2, 0.2, 0.2, 0.2]"
2332,227.3776573171703,245672.84415164587,"[0.2, 0.2, 0.2, 0.2, 0.2]"
2333,983.7634989186115,836169.5407306218,"[0.2, 0.2, 0.2, 0.2, 0.2]"
2334,50.12671762963956,788615.4408413396,"[0.2, 0.2, 0.2, 0.2, 0.2]"
2335,740.5514714577621,401307.5470606114,"[0.2, 0.2, 0.2, 0.2, 0.2]"
2336,898.8330696556966,274342.24275297916,"[0.2, 0.2, 0.2, 0.2, 0.2]"
2337,511.89774994900176,798844.8556880208,"[0.2, 0.2, 0.2, 0.2, 0.2]"
2338,472.21989929985386,544400.6800384223,"[0.2, 0.2, 0.2, 0.2, 0.2]"
2339,627.2397370473707,748751.7857377008,"[0.2, 0.2, 0.2, 0.2, 0.2]"
2340,771.4352337065791,278401.90347330424,"[0.2, 0.2, 0.2, 0.2, 0.2]"
2341,401.113458167054,349744.44874839624,"[0.2, 0.2, 0.2, 0.2, 0.2]"
2342,328.2446748157103,249588.89288057745,"[0.2, 0.2, 0.2, 0.2, 0.2]"
2343,748.1186247667034,260107.87061756858,"[0.2, 0.2, 0.2, 0.2, 0.2]"
2344,35.46063504771946,493001.8695399128,"[0.2, 0.2, 0.2, 0.2, 0.2]"
2345,815.087696925657,861683.4613525541,"[0.2, 0.2, 0.2, 0.2, 0.2]"
2346,297.11897356350204,725080.8500067571,"[0.2, 0.2, 0.2, 0.2, 0.2]"
2347,658.7650192804683,624343.5186065866,"[0.2, 0.2, 0.2, 0.2, 0.2]"
2348,92.96513786337826,409260.30293661327,"[0.2, 0.2, 0.2, 0.2, 0.2]"
2349,987.0907351649288,122166.07863720138,"[0.2, 0.2, 0.2, 0.2, 0.2]"
2350,754.9297412569368,593334.4594672278,"[0.2, 0.2, 0.2, 0.2, 0.2]"
2351,990.6720478516755,344681.60626197106,"[0.2, 0.2, 0.2, 0.2, 0.2]"
2352,366.07207473846665,211729.95743584755,"[0.2, 0.2, 0.2, 0.2, 0.2]"
2353,637.3005019605325,781866.622735082,"[0.2, 0.2, 0.2, 0.2, 0.2]"
2354,814.9812878971394,955737.6348485571,"[0.2, 0.2, 0.2, 0.2, 0.2]"
2355,938.0941476381823,118310.9417409025,"[0.2, 0.2, 0.2, 0.2, 0.2]"
2356,181.23565614754853,410265.78806679545,"[0.2, 0.2, 0.2, 0.2, 0.2]"
2357,580.1501817446077,210475.67846080445,"[0.2, 0.2, 0.2, 0.2, 0.2]"
2358,884.1476230959539,461433.979710886,"[0.2, 0.2, 0.2, 0.2, 0.2]"
2359,387.6419761526781,551449.2702874811,"[0.2, 0.2, 0.2, 0.2, 0.2]"
2360,580.2360215192914,576726.3526623774,"[0.2, 0.2, 0.2, 0.2, 0.2]"
2361,426.855112219097,440078.8100774607,"[0.2, 0.2, 0.2, 0.2, 0.2]"
2362,407.6031772175971,665966.5796484696,"[0.2, 0.2, 0.2, 0.2, 0.2]"
2363,619.7706284861358,741438.0549705557,"[0.2, 0.2, 0.2, 0.2, 0.2]"
2364,806.8095178742975,866376.5471830512,"[0.2, 0.2, 0.2, 0.2, 0.2]"
2365,334.41224111600235,988821.50422859,"[0.2, 0.2, 0.2, 0.2, 0.2]"
2366,108.32413811651348,844825.8524273881,"[0.2, 0.2, 0.2, 0.2, 0.2]"
2367,568.0528894443489,616308.4782460602,"[0.2, 0.2, 0.2, 0.2, 0.2]"
2368,237.3228622533637,252301.30909740872,"[0.2, 0.2, 0.2, 0.2, 0.2]"
2369,327.266962992347,250385.46828149856,"[0.2, 0.2, 0.2, 0.2, 0.2]"
2370,46.179136684962906,368786.9269704353,"[0.2, 0.2, 0.2, 0.2, 0.2]"
2371,296.6791291959095,306549.85513449437,"[0.2, 0.2, 0.2, 0.2, 0.2]"
2372,113.75707512143342,407860.1268509683,"[0.2, 0.2, 0.2, 0.2, 0.2]"
2373,776.7468081553762,360519.85110521805,"[0.2, 0.2, 0.2, 0.2, 0.2]"
2374,844.5469540753494,392773.5844215983,"[0.2, 0.2, 0.2, 0.2, 0.2]"
2375,273.9933855537853,101779.23384689342,"[0.2, 0.2, 0.2, 0.2, 0.2]"
2376,792.9415209854096,810066.4919488815,"[0.2, 0.2, 0.2, 0.2, 0.2]"
2377,23.80298505496534,459778.272578296,"[0.2, 0.2, 0.2, 0.2, 0.2]"
2378,155.9625912445936,152310.33787178193,"[0.2, 0.2, 0.2, 0.2, 0.2]"
2379,688.2513506992357,600337.2989810094,"[0.2, 0.2, 0.2, 0.2, 0.2]"
2380,395.15782492921755,379490.0753185096,"[0.2, 0.2, 0.2, 0.2, 0.2]"
2381,231.09785302629237,902838.6698569364,"[0.2, 0.2, 0.2, 0.2, 0.2]"
2382,270.23563392568724,440485.55204645114,"[0.2, 0.2, 0.2, 0.2, 0.2]"
2383,708.2368185777327,263047.94351349387,"[0.2, 0.2, 0.2, 0.2, 0.2]"
2384,590.3930444800768,909865.7306934657,"[0.2, 0.2, 0.2, 0.2, 0.2]"
2385,996.3347841076678,335431.15957569075,"[0.2, 0.2, 0.2, 0.2, 0.2]"
2386,846.7897854281689,307789.3643220406,"[0.2, 0.2, 0.2, 0.2, 0.2]"
2387,297.5862752740437,815100.4424057454,"[0.2, 0.2, 0.2, 0.2, 0.2]"
2388,647.4795074254091,477378.89942186663,"[0.2, 0.2, 0.2, 0.2, 0.2]"
2389,430.4510416692389,213251.2623239422,"[0.2, 0.2, 0.2, 0.2, 0.2]"
2390,339.10478416361997,827832.1135449236,"[0.2, 0.2, 0.2, 0.2, 0.2]"
2391,248.3397129934162,608616.7473975709,"[0.2, 0.2, 0.2, 0.2, 0.2]"
2392,206.85360102898034,189232.00987115985,"[0.2, 0.2, 0.2, 0.2, 0.2]"
2393,710.8878881272775,420199.2880271377,"[0.2, 0.2, 0.2, 0.2, 0.2]"
2394,957.2973116867539,106183.85712064909,"[0.2, 0.2, 0.2, 0.2, 0.2]"
2395,88.52779691053061,794886.6188933883,"[0.2, 0.2, 0.2, 0.2, 0.2]"
2396,140.46439472350426,617777.8788537607,"[0.2, 0.2, 0.2, 0.2, 0.2]"
2397,508.5789410236906,523611.9373144997,"[0.2, 0.2, 0.2, 0.2, 0.2]"
2398,578.4014046480484,591535.1286173728,"[0.2, 0.2, 0.2, 0.2, 0.2]"
2399,618.3016272312075,607908.5164199322,"[0.2, 0.2, 0.2, 0.2, 0.2]"
2400,63.472314212359386,965727.6462251581,"[0.2, 0.2, 0.2, 0.2, 0.2]"
2401,543.1273075603758,890183.8703216644,"[0.2, 0.2, 0.2, 0.2, 0.2]"
2402,695.8277013133479,473397.0655639739,"[0.2, 0.2, 0.2, 0.2, 0.2]"
2403,707.3359869457101,611505.0616003085,"[0.2, 0.2, 0.2, 0.2, 0.2]"
2404,901.4008451511505,743301.3255129455,"[0.2, 0.2, 0.2, 0.2, 0.2]"
2405,329.05731299892085,210821.64385008573,"[0.2, 0.2, 0.2, 0.2, 0.2]"
2406,497.61682677637685,121501.32340683308,"[0.2, 0.2, 0.2, 0.2, 0.2]"
2407,513.8083635819476,523497.0518709378,"[0.2, 0.2, 0.2, 0.2, 0.2]"
2408,785.0081909792193,516490.29321415134,"[0.2, 0.2, 0.2, 0.2, 0.2]"
2409,667.5361472712142,849813.9862541173,"[0.2, 0.2, 0.2, 0.2, 0.2]"
2410,712.0059238565801,155133.83468457015,"[0.2, 0.2, 0.2, 0.2, 0.2]"
2411,170.42658814194328,213001.64484263517,"[0.2, 0.2, 0.2, 0.2, 0.2]"
2412,879.3499322798301,111960.46264755318,"[0.2, 0.2, 0.2, 0.2, 0.2]"
2413,913.5038019210592,126448.50794210788,"[0.2, 0.2, 0.2, 0.2, 0.2]"
2414,395.09188518448104,193751.61252919864,"[0.2, 0.2, 0.2, 0.2, 0.2]"
2415,35.886009995476336,558571.0043587952,"[0.2, 0.2, 0.2, 0.2, 0.2]"
2416,95.14987226427745,951889.2952663751,"[0.2, 0.2, 0.2, 0.2, 0.2]"
2417,465.0685068013718,241602.20668532635,"[0.2, 0.2, 0.2, 0.2, 0.2]"
2418,511.4854592541334,171772.68019328886,"[0.2, 0.2, 0.2, 0.2, 0.2]"
2419,786.9065810689425,733277.9344453897,"[0.2, 0.2, 0.2, 0.2, 0.2]"
2420,189.19297669487503,134428.03098218283,"[0.2, 0.2, 0.2, 0.2, 0.2]"
2421,282.14394572089327,152844.5615992154,"[0.2, 0.2, 0.2, 0.2, 0.2]"
2422,436.8925581530956,733692.5643873067,"[0.2, 0.2, 0.2, 0.2, 0.2]"
2423,366.64567124376117,339510.0372331452,"[0.2, 0.2, 0.2, 0.2, 0.2]"
2424,19.762580174142244,384122.44852613995,"[0.2, 0.2, 0.2, 0.2, 0.2]"
2425,564.6055282896386,789321.3392954116,"[0.2, 0.2, 0.2, 0.2, 0.2]"
2426,56.40425626389884,478205.10909820825,"[0.2, 0.2, 0.2, 0.2, 0.2]"
2427,464.21835189858047,876249.9681520747,"[0.2, 0.2, 0.2, 0.2, 0.2]"
2428,204.04858651810994,589398.6137241153,"[0.2, 0.2, 0.2, 0.2, 0.2]"
2429,107.85029403112718,428958.0423461601,"[0.2, 0.2, 0.2, 0.2, 0.2]"
2430,886.8779313777708,530551.116644899,"[0.2, 0.2, 0.2, 0.2, 0.2]"
2431,579.656460726667,423395.1619544388,"[0.2, 0.2, 0.2, 0.2, 0.2]"
2432,517.741786508525,868782.6623380252,"[0.2, 0.2, 0.2, 0.2, 0.2]"
2433,689.9835491457352,564587.7255584844,"[0.2, 0.2, 0.2, 0.2, 0.2]"
2434,558.6169403011827,596163.3280572717,"[0.2, 0.2, 0.2, 0.2, 0.2]"
2435,599.3996020555172,684327.495000591,"[0.2, 0.2, 0.2, 0.2, 0.2]"
2436,739.9103681791673,278161.0076777609,"[0.2, 0.2, 0.2, 0.2, 0.2]"
2437,795.6097398604259,966197.5044225523,"[0.2, 0.2, 0.2, 0.2, 0.2]"
2438,615.6836701426425,179485.51309741288,"[0.2, 0.2, 0.2, 0.2, 0.2]"
2439,693.4004656665131,815614.3981075775,"[0.2, 0.2, 0.2, 0.2, 0.2]"
2440,862.0878367423313,843206.3549265361,"[0.2, 0.2, 0.2, 0.2, 0.2]"
2441,183.22880991197,995490.901594107,"[0.2, 0.2, 0.2, 0.2, 0.2]"
2442,760.622365740777,495915.95047680574,"[0.2, 0.2, 0.2, 0.2, 0.2]"
2443,958.0980706126664,239023.55989727474,"[0.2, 0.2, 0.2, 0.2, 0.2]"
2444,77.00925540079403,646799.2620346694,"[0.2, 0.2, 0.2, 0.2, 0.2]"
2445,875.3329466612382,195550.86740031064,"[0.2, 0.2, 0.2, 0.2, 0.2]"
2446,65.2799996091824,863190.1019108876,"[0.2, 0.2, 0.2, 0.2, 0.2]"
2447,385.2014397924667,482305.8302190219,"[0.2, 0.2, 0.2, 0.2, 0.2]"
2448,226.28045166661178,154015.64451267017,"[0.2, 0.2, 0.2, 0.2, 0.2]"
2449,300.4941058704908,226855.1580361179,"[0.2, 0.2, 0.2, 0.2, 0.2]"
2450,402.6483615750066,669365.9431608131,"[0.2, 0.2, 0.2, 0.2, 0.2]"
2451,920.5003529464002,681235.610881348,"[0.2, 0.2, 0.2, 0.2, 0.2]"
2452,888.2179189114972,680909.0089027253,"[0.2, 0.2, 0.2, 0.2, 0.2]"
2453,487.7511995990322,863872.76879128,"[0.2, 0.2, 0.2, 0.2, 0.2]"
2454,738.8278639756325,724802.0812522201,"[0.2, 0.2, 0.2, 0.2, 0.2]"
2455,47.62145682420498,113478.12455368183,"[0.2, 0.2, 0.2, 0.2, 0.2]"
2456,718.3606770212676,867627.6442080578,"[0.2, 0.2, 0.2, 0.2, 0.2]"
2457,473.96112825828124,567652.9554138391,"[0.2, 0.2, 0.2, 0.2, 0.2]"
2458,866.1061632377277,958141.7550216103,"[0.2, 0.2, 0.2, 0.2, 0.2]"
2459,31.475956432954025,654638.6968621712,"[0.2, 0.2, 0.2, 0.2, 0.2]"
2460,929.8587674374215,254806.7551552867,"[0.2, 0.2, 0.2, 0.2, 0.2]"
2461,269.4568009695552,918679.045801679,"[0.2, 0.2, 0.2, 0.2, 0.2]"
2462,811.6377967515834,108889.79592746012,"[0.2, 0.2, 0.2, 0.2, 0.2]"
2463,836.6750203908666,135563.58920423957,"[0.2, 0.2, 0.2, 0.2, 0.2]"
2464,948.6304601049297,300356.8057643062,"[0.2, 0.2, 0.2, 0.2, 0.2]"
2465,744.7878221576286,625009.2415235919,"[0.2, 0.2, 0.2, 0.2, 0.2]"
2466,84.96240569237025,958611.9723012962,"[0.2, 0.2, 0.2, 0.2, 0.2]"
2467,330.03085018128627,194306.97957530967,"[0.2, 0.2, 0.2, 0.2, 0.2]"
2468,644.6098059836438,476470.3879429152,"[0.2, 0.2, 0.2, 0.2, 0.2]"
2469,27.879261873230234,515235.47756483476,"[0.2, 0.2, 0.2, 0.2, 0.2]"
2470,954.7117430751146,259247.45802148213,"[0.2, 0.2, 0.2, 0.2, 0.2]"
2471,632.3885395868309,738639.8565933444,"[0.2, 0.2, 0.2, 0.2, 0.2]"
2472,396.5735240427912,608592.9323402419,"[0.2, 0.2, 0.2, 0.2, 0.2]"
2473,324.8259030939519,385389.9713850375,"[0.2, 0.2, 0.2, 0.2, 0.2]"
2474,972.5992734934403,913112.3041586361,"[0.2, 0.2, 0.2, 0.2, 0.2]"
2475,59.4054526407812,506840.9146124829,"[0.2, 0.2, 0.2, 0.2, 0.2]"
2476,798.4214288656336,100262.44183869935,"[0.2, 0.2, 0.2, 0.2, 0.2]"
2477,498.41732625042516,411918.4957739048,"[0.2, 0.2, 0.2, 0.2, 0.2]"
2478,961.706190137936,890407.509699943,"[0.2, 0.2, 0.2, 0.2, 0.2]"
2479,845.9175477469834,395728.67191080033,"[0.2, 0.2, 0.2, 0.2, 0.2]"
2480,993.3463829684706,903162.5644017255,"[0.2, 0.2, 0.2, 0.2, 0.2]"
2481,355.63623443537864,152212.03697601517,"[0.2, 0.2, 0.2, 0.2, 0.2]"
2482,931.5597524490602,258607.03533900512,"[0.2, 0.2, 0.2, 0.2, 0.2]"
2483,889.9337122707068,830589.2474017356,"[0.2, 0.2, 0.2, 0.2, 0.2]"
2484,169.17828047615535,357040.9238112223,"[0.2, 0.2, 0.2, 0.2, 0.2]"
2485,460.3128078039156,488766.72847923735,"[0.2, 0.2, 0.2, 0.2, 0.2]"
2486,753.4447169285713,182260.58938887523,"[0.2, 0.2, 0.2, 0.2, 0.2]"
2487,537.7551623515317,684821.8489683868,"[0.2, 0.2, 0.2, 0.2, 0.2]"
2488,293.84070924073643,728603.9981682356,"[0.2, 0.2, 0.2, 0.2, 0.2]"
2489,103.70673374784087,542748.9318858524,"[0.2, 0.2, 0.2, 0.2, 0.2]"
2490,269.03056842193513,168301.60146310512,"[0.2, 0.2, 0.2, 0.2, 0.2]"
2491,896.9027861344262,149919.86091454583,"[0.2, 0.2, 0.2, 0.2, 0.2]"
2492,562.5579275834439,900782.779602403,"[0.2, 0.2, 0.2, 0.2, 0.2]"
2493,839.4122489749667,781796.5545664673,"[0.2, 0.2, 0.2, 0.2, 0.2]"
2494,720.2141316243913,914144.7940848436,"[0.2, 0.2, 0.2, 0.2, 0.2]"
2495,848.6492251082972,833435.037543124,"[0.2, 0.2, 0.2, 0.2, 0.2]"
2496,328.2096797713378,434155.67847165745,"[0.2, 0.2, 0.2, 0.2, 0.2]"
2497,157.31167506838517,288530.3420850446,"[0.2, 0.2, 0.2, 0.2, 0.2]"
2498,177.92221964155277,821344.012661733,"[0.2, 0.2, 0.2, 0.2, 0.2]"
2499,282.76333926811475,834046.5811410163,"[0.2, 0.2, 0.2, 0.2, 0.2]"
2500,544.8188735724824,932295.4694518683,"[0.2, 0.2, 0.2, 0.2, 0.2]"
2501,166.3206855523537,794446.1791390597,"[0.2, 0.2, 0.2, 0.2, 0.2]"
2502,729.7623613359618,107786.33577579581,"[0.2, 0.2, 0.2, 0.2, 0.2]"
2503,33.99695816471912,265050.6498198238,"[0.2, 0.2, 0.2, 0.2, 0.2]"
2504,201.2460938809497,232821.49541192153,"[0.2, 0.2, 0.2, 0.2, 0.2]"
2505,674.7376489251463,525317.4919031109,"[0.2, 0.2, 0.2, 0.2, 0.2]"
2506,526.9007761807219,614687.9030353428,"[0.2, 0.2, 0.2, 0.2, 0.2]"
2507,121.47506515677635,990863.289282493,"[0.2, 0.2, 0.2, 0.2, 0.2]"
2508,244.7109603420493,956190.9294864023,"[0.2, 0.2, 0.2, 0.2, 0.2]"
2509,405.3898652854712,315305.08407630486,"[0.2, 0.2, 0.2, 0.2, 0.2]"
2510,965.0655102937695,347081.5578798223,"[0.2, 0.2, 0.2, 0.2, 0.2]"
2511,457.61785526749725,665133.5397861992,"[0.2, 0.2, 0.2, 0.2, 0.2]"
2512,493.8609752738101,657655.9362872993,"[0.2, 0.2, 0.2, 0.2, 0.2]"
2513,32.48728854710003,578026.8459101114,"[0.2, 0.2, 0.2, 0.2, 0.2]"
2514,993.7698921467692,492263.9384755594,"[0.2, 0.2, 0.2, 0.2, 0.2]"
2515,554.9121062939028,996659.4774080348,"[0.2, 0.2, 0.2, 0.2, 0.2]"
2516,873.4941158095916,342518.4128820707,"[0.2, 0.2, 0.2, 0.2, 0.2]"
2517,102.21536998179002,614155.4121047074,"[0.2, 0.2, 0.2, 0.2, 0.2]"
2518,434.02381815988406,516445.7747815314,"[0.2, 0.2, 0.2, 0.2, 0.2]"
2519,759.2588907222715,750230.2331401955,"[0.2, 0.2, 0.2, 0.2, 0.2]"
2520,710.0406082628448,268156.70459949353,"[0.2, 0.2, 0.2, 0.2, 0.2]"
2521,524.4283296500064,513808.40269229223,"[0.2, 0.2, 0.2, 0.2, 0.2]"
2522,781.3598068730961,421148.14634645986,"[0.2, 0.2, 0.2, 0.2, 0.2]"
2523,695.9096248253534,501255.7437531319,"[0.2, 0.2, 0.2, 0.2, 0.2]"
2524,644.5596976002466,513635.3449059226,"[0.2, 0.2, 0.2, 0.2, 0.2]"
2525,34.28457663959725,241741.71089776978,"[0.2, 0.2, 0.2, 0.2, 0.2]"
2526,28.146079939621906,645421.1266662902,"[0.2, 0.2, 0.2, 0.2, 0.2]"
2527,188.06283861983687,545076.1661901206,"[0.2, 0.2, 0.2, 0.2, 0.2]"
2528,480.0797617886257,569881.7728794201,"[0.2, 0.2, 0.2, 0.2, 0.2]"
2529,140.14336393658087,122431.81200422523,"[0.2, 0.2, 0.2, 0.2, 0.2]"
2530,935.4943950287238,697569.315991594,"[0.2, 0.2, 0.2, 0.2, 0.2]"
2531,72.13896447313381,244531.22511973497,"[0.2, 0.2, 0.2, 0.2, 0.2]"
2532,119.97872906765072,936335.1418845772,"[0.2, 0.2, 0.2, 0.2, 0.2]"
2533,18.224879790845605,336938.6691111644,"[0.2, 0.2, 0.2, 0.2, 0.2]"
2534,470.81741182730946,983353.7259153149,"[0.2, 0.2, 0.2, 0.2, 0.2]"
2535,421.9945381470242,604158.0303305539,"[0.2, 0.2, 0.2, 0.2, 0.2]"
2536,246.6087191389651,936394.7529546783,"[0.2, 0.2, 0.2, 0.2, 0.2]"
2537,312.61739577767116,974425.8532173779,"[0.2, 0.2, 0.2, 0.2, 0.2]"
2538,265.1454128579494,959024.1168192781,"[0.2, 0.2, 0.2, 0.2, 0.2]"
2539,100.9671649277642,322131.4807493008,"[0.2, 0.2, 0.2, 0.2, 0.2]"
2540,318.1044811582232,328001.5080981612,"[0.2, 0.2, 0.2, 0.2, 0.2]"
2541,825.9016708293913,724002.7786070758,"[0.2, 0.2, 0.2, 0.2, 0.2]"
2542,970.9612521736261,572592.0354675222,"[0.2, 0.2, 0.2, 0.2, 0.2]"
2543,262.14231712981586,588017.4242425906,"[0.2, 0.2, 0.2, 0.2, 0.2]"
2544,606.5868609489199,790967.5818292474,"[0.2, 0.2, 0.2, 0.2, 0.2]"
2545,219.8132874731987,487675.9191740263,"[0.2, 0.2, 0.2, 0.2, 0.2]"
2546,317.60406708583497,559147.15201374,"[0.2, 0.2, 0.2, 0.2, 0.2]"
2547,715.0757003321611,725384.9516649022,"[0.2, 0.2, 0.2, 0.2, 0.2]"
2548,449.5073881488453,293686.8267699322,"[0.2, 0.2, 0.2, 0.2, 0.2]"
2549,523.073583415442,260982.22505606926,"[0.2, 0.2, 0.2, 0.2, 0.2]"
2550,771.8579808777042,152054.31392091204,"[0.2, 0.2, 0.2, 0.2, 0.2]"
2551,930.1563287175594,991516.6988214052,"[0.2, 0.2, 0.2, 0.2, 0.2]"
2552,784.4118093282955,753381.6149155592,"[0.2, 0.2, 0.2, 0.2, 0.2]"
2553,867.7139998297189,903470.5313566322,"[0.2, 0.2, 0.2, 0.2, 0.2]"
2554,140.52931643023942,330514.30813074566,"[0.2, 0.2, 0.2, 0.2, 0.2]"
2555,850.3521219333362,776817.8458502106,"[0.2, 0.2, 0.2, 0.2, 0.2]"
2556,321.60261232881476,309833.76505012787,"[0.2, 0.2, 0.2, 0.2, 0.2]"
2557,79.52043335130817,889285.7675142891,"[0.2, 0.2, 0.2, 0.2, 0.2]"
2558,462.98795910665683,709896.334045839,"[0.2, 0.2, 0.2, 0.2, 0.2]"
2559,330.7291514679013,767973.8310471025,"[0.2, 0.2, 0.2, 0.2, 0.2]"
2560,74.20155932157898,957515.9734443558,"[0.2, 0.2, 0.2, 0.2, 0.2]"
2561,186.16772659425735,572196.5098502485,"[0.2, 0.2, 0.2, 0.2, 0.2]"
2562,565.8184025010421,539647.8069765507,"[0.2, 0.2, 0.2, 0.2, 0.2]"
2563,164.36036888604247,512887.1823474238,"[0.2, 0.2, 0.2, 0.2, 0.2]"
2564,229.27737275486024,398524.16233369417,"[0.2, 0.2, 0.2, 0.2, 0.2]"
2565,681.1012963398807,731789.0396785811,"[0.2, 0.2, 0.2, 0.2, 0.2]"
2566,624.5796365168798,495448.3903382016,"[0.2, 0.2, 0.2, 0.2, 0.2]"
2567,474.0485071179139,964642.3374084459,"[0.2, 0.2, 0.2, 0.2, 0.2]"
2568,586.8729292943129,326996.72504398006,"[0.2, 0.2, 0.2, 0.2, 0.2]"
2569,839.0091507028891,586300.0306470578,"[0.2, 0.2, 0.2, 0.2, 0.2]"
2570,111.97174957415932,804663.3414858892,"[0.2, 0.2, 0.2, 0.2, 0.2]"
2571,213.47729018493888,450672.2329302159,"[0.2, 0.2, 0.2, 0.2, 0.2]"
2572,918.4533170559091,114363.98953346643,"[0.2, 0.2, 0.2, 0.2, 0.2]"
2573,674.2008830878269,344211.12208180444,"[0.2, 0.2, 0.2, 0.2, 0.2]"
2574,326.80333331092515,981538.7186703447,"[0.2, 0.2, 0.2, 0.2, 0.2]"
2575,690.2322407140455,317396.97457549896,"[0.2, 0.2, 0.2, 0.2, 0.2]"
2576,78.93386998041197,600683.3631387067,"[0.2, 0.2, 0.2, 0.2, 0.2]"
2577,545.0057388066991,987525.6689614105,"[0.2, 0.2, 0.2, 0.2, 0.2]"
2578,545.3419004877127,938993.0197721585,"[0.2, 0.2, 0.2, 0.2, 0.2]"
2579,539.6592994506645,678528.7180544856,"[0.2, 0.2, 0.2, 0.2, 0.2]"
2580,274.118626652415,503718.81021707726,"[0.2, 0.2, 0.2, 0.2, 0.2]"
2581,194.9364448949467,182097.19195240055,"[0.2, 0.2, 0.2, 0.2, 0.2]"
2582,629.6302411529674,184812.74521539226,"[0.2, 0.2, 0.2, 0.2, 0.2]"
2583,409.7623544084057,458027.03323805647,"[0.2, 0.2, 0.2, 0.2, 0.2]"
2584,809.5534010928445,452540.38632604387,"[0.2, 0.2, 0.2, 0.2, 0.2]"
2585,293.01321848665486,726614.8977958284,"[0.2, 0.2, 0.2, 0.2, 0.2]"
2586,639.6076623576884,586853.2722834949,"[0.2, 0.2, 0.2, 0.2, 0.2]"
2587,671.308450338283,781900.6153550963,"[0.2, 0.2, 0.2, 0.2, 0.2]"
2588,514.9942692430868,125847.66764664084,"[0.2, 0.2, 0.2, 0.2, 0.2]"
2589,48.489838174436436,854993.8469494099,"[0.2, 0.2, 0.2, 0.2, 0.2]"
2590,342.0542477560829,836963.2506363872,"[0.2, 0.2, 0.2, 0.2, 0.2]"
2591,607.8224632068932,185757.42132219777,"[0.2, 0.2, 0.2, 0.2, 0.2]"
2592,984.9841244101406,123582.31667588573,"[0.2, 0.2, 0.2, 0.2, 0.2]"
2593,139.8180039505618,654735.6989047808,"[0.2, 0.2, 0.2, 0.2, 0.2]"
2594,236.13091786583263,311455.6158247002,"[0.2, 0.2, 0.2, 0.2, 0.2]"
2595,317.36435866806386,253149.8626299334,"[0.2, 0.2, 0.2, 0.2, 0.2]"
2596,906.9166248913355,901956.0882169382,"[0.2, 0.2, 0.2, 0.2, 0.2]"
2597,212.59224229858157,201944.38032728503,"[0.2, 0.2, 0.2, 0.2, 0.2]"
2598,205.86337970523303,919234.0734405316,"[0.2, 0.2, 0.2, 0.2, 0.2]"
2599,267.95800599100085,636734.1677282242,"[0.2, 0.2, 0.2, 0.2, 0.2]"
2600,418.1222664400213,437554.6414824677,"[0.2, 0.2, 0.2, 0.2, 0.2]"
2601,599.7764600539788,743883.8512520554,"[0.2, 0.2, 0.2, 0.2, 0.2]"
2602,167.06470418006072,312531.0016995177,"[0.2, 0.2, 0.2, 0.2, 0.2]"
2603,223.23092293812306,469214.53859624255,"[0.2, 0.2, 0.2, 0.2, 0.2]"
2604,218.2383275905623,183378.25649156276,"[0.2, 0.2, 0.2, 0.2, 0.2]"
2605,967.922537219932,230733.28550377075,"[0.2, 0.2, 0.2, 0.2, 0.2]"
2606,60.49469655384898,915646.9483198656,"[0.2, 0.2, 0.2, 0.2, 0.2]"
2607,494.6920973813683,654385.7092671089,"[0.2, 0.2, 0.2, 0.2, 0.2]"
2608,995.287927442528,707835.2922516251,"[0.2, 0.2, 0.2, 0.2, 0.2]"
2609,386.46575102358395,578663.1474113545,"[0.2, 0.2, 0.2, 0.2, 0.2]"
2610,680.1676674810686,179814.84309382545,"[0.2, 0.2, 0.2, 0.2, 0.2]"
2611,829.1110024821628,215435.53938295675,"[0.2, 0.2, 0.2, 0.2, 0.2]"
2612,213.25011084331427,663520.0024117613,"[0.2, 0.2, 0.2, 0.2, 0.2]"
2613,745.1173859496394,635557.6913242799,"[0.2, 0.2, 0.2, 0.2, 0.2]"
2614,332.6323451486032,552137.8049126652,"[0.2, 0.2, 0.2, 0.2, 0.2]"
2615,493.1852751892196,821663.7437180924,"[0.2, 0.2, 0.2, 0.2, 0.2]"
2616,748.1533431306875,534112.3786051836,"[0.2, 0.2, 0.2, 0.2, 0.2]"
2617,102.4818684659642,574195.2410577275,"[0.2, 0.2, 0.2, 0.2, 0.2]"
2618,755.5813298640618,521953.6488724275,"[0.2, 0.2, 0.2, 0.2, 0.2]"
2619,832.6191164444572,516095.2173849837,"[0.2, 0.2, 0.2, 0.2, 0.2]"
2620,492.03219906629323,421104.7937834358,"[0.2, 0.2, 0.2, 0.2, 0.2]"
2621,83.17433186448433,543544.7520924569,"[0.2, 0.2, 0.2, 0.2, 0.2]"
2622,410.31664733408496,447613.30654363136,"[0.2, 0.2, 0.2, 0.2, 0.2]"
2623,775.529491296573,239167.86560421195,"[0.2, 0.2, 0.2, 0.2, 0.2]"
2624,999.440633490244,549824.8938004312,"[0.2, 0.2, 0.2, 0.2, 0.2]"
2625,839.0307193203973,537148.3697503502,"[0.2, 0.2, 0.2, 0.2, 0.2]"
2626,471.2877281136728,710662.5298938093,"[0.2, 0.2, 0.2, 0.2, 0.2]"
2627,202.7571275998943,335576.81923778396,"[0.2, 0.2, 0.2, 0.2, 0.2]"
2628,956.7965141589597,837672.3943745142,"[0.2, 0.2, 0.2, 0.2, 0.2]"
2629,302.1555904786111,152450.03393449698,"[0.2, 0.2, 0.2, 0.2, 0.2]"
2630,580.9704500085822,211973.90690837696,"[0.2, 0.2, 0.2, 0.2, 0.2]"
2631,606.9852232119291,552485.5453646999,"[0.2, 0.2, 0.2, 0.2, 0.2]"
2632,918.272401004973,370223.0156946185,"[0.2, 0.2, 0.2, 0.2, 0.2]"
2633,409.60055408628506,561172.8491075337,"[0.2, 0.2, 0.2, 0.2, 0.2]"
2634,622.2937325479717,331077.9460588192,"[0.2, 0.2, 0.2, 0.2, 0.2]"
2635,998.1787152229886,426389.45051364525,"[0.2, 0.2, 0.2, 0.2, 0.2]"
2636,102.10304003497514,827729.8684453622,"[0.2, 0.2, 0.2, 0.2, 0.2]"
2637,32.69226806526244,381168.6642093337,"[0.2, 0.2, 0.2, 0.2, 0.2]"
2638,96.4119764402048,146969.38811915656,"[0.2, 0.2, 0.2, 0.2, 0.2]"
2639,395.3536769104172,114619.02533596987,"[0.2, 0.2, 0.2, 0.2, 0.2]"
2640,688.1055774013286,591490.3682989863,"[0.2, 0.2, 0.2, 0.2, 0.2]"
2641,657.5986619789435,259419.08335099154,"[0.2, 0.2, 0.2, 0.2, 0.2]"
2642,223.43773281462964,467778.88066986774,"[0.2, 0.2, 0.2, 0.2, 0.2]"
2643,519.7512594956639,925148.8846118369,"[0.2, 0.2, 0.2, 0.2, 0.2]"
2644,850.3301326368228,885656.2160367656,"[0.2, 0.2, 0.2, 0.2, 0.2]"
2645,112.4964560532189,913729.402631388,"[0.2, 0.2, 0.2, 0.2, 0.2]"
2646,796.5913903214541,195132.3919956445,"[0.2, 0.2, 0.2, 0.2, 0.2]"
2647,499.79703981296296,284437.0707771059,"[0.2, 0.2, 0.2, 0.2, 0.2]"
2648,456.46833137806215,134637.93011661252,"[0.2, 0.2, 0.2, 0.2, 0.2]"
2649,211.55517216768123,687231.2768711228,"[0.2, 0.2, 0.2, 0.2, 0.2]"
2650,717.4760832696392,301951.13657719514,"[0.2, 0.2, 0.2, 0.2, 0.2]"
2651,630.3848025007096,970917.4824772539,"[0.2, 0.2, 0.2, 0.2, 0.2]"
2652,391.53881679193404,772725.685772955,"[0.2, 0.2, 0.2, 0.2, 0.2]"
2653,645.8915873375836,647325.7501345506,"[0.2, 0.2, 0.2, 0.2, 0.2]"
2654,691.1137826269809,656516.43763796,"[0.2, 0.2, 0.2, 0.2, 0.2]"
2655,210.6831913341187,229872.03333375137,"[0.2, 0.2, 0.2, 0.2, 0.2]"
2656,395.80699231729596,603525.652038235,"[0.2, 0.2, 0.2, 0.2, 0.2]"
2657,283.34074741784326,716406.7868859336,"[0.2, 0.2, 0.2, 0.2, 0.2]"
2658,979.9822083834558,377137.1618517559,"[0.2, 0.2, 0.2, 0.2, 0.2]"
2659,856.0016418673149,603817.7657532573,"[0.2, 0.2, 0.2, 0.2, 0.2]"
2660,725.5563802773421,638965.0161277667,"[0.2, 0.2, 0.2, 0.2, 0.2]"
2661,653.9663740811238,827954.3351675366,"[0.2, 0.2, 0.2, 0.2, 0.2]"
2662,652.545127616332,914884.7415122121,"[0.2, 0.2, 0.2, 0.2, 0.2]"
2663,887.6013551212604,219007.32592630252,"[0.2, 0.2, 0.2, 0.2, 0.2]"
2664,991.4291420884284,867241.9234945936,"[0.2, 0.2, 0.2, 0.2, 0.2]"
2665,622.4724955213829,731430.012735013,"[0.2, 0.2, 0.2, 0.2, 0.2]"
2666,242.52646123233257,230307.81030598405,"[0.2, 0.2, 0.2, 0.2, 0.2]"
2667,951.7866272823798,411440.4172050501,"[0.2, 0.2, 0.2, 0.2, 0.2]"
2668,702.8895184069054,900549.3196584663,"[0.2, 0.2, 0.2, 0.2, 0.2]"
2669,72.03749236591312,520813.7121662727,"[0.2, 0.2, 0.2, 0.2, 0.2]"
2670,807.3270670028535,920842.8751139467,"[0.2, 0.2, 0.2, 0.2, 0.2]"
2671,359.3389019054034,175195.32320150567,"[0.2, 0.2, 0.2, 0.2, 0.2]"
2672,960.9517051831049,390269.4835485289,"[0.2, 0.2, 0.2, 0.2, 0.2]"
2673,44.005511702560604,371850.826739042,"[0.2, 0.2, 0.2, 0.2, 0.2]"
2674,39.4636896370849,699777.7558518365,"[0.2, 0.2, 0.2, 0.2, 0.2]"
2675,53.720224090963626,277577.5229501984,"[0.2, 0.2, 0.2, 0.2, 0.2]"
2676,674.4221046583662,599002.3895554813,"[0.2, 0.2, 0.2, 0.2, 0.2]"
2677,176.2351464846258,666920.0706558492,"[0.2, 0.2, 0.2, 0.2, 0.2]"
2678,407.1063765523629,863254.1787914486,"[0.2, 0.2, 0.2, 0.2, 0.2]"
2679,541.2814800731189,248130.08505594678,"[0.2, 0.2, 0.2, 0.2, 0.2]"
2680,316.66190161049315,665028.9088310398,"[0.2, 0.2, 0.2, 0.2, 0.2]"
2681,619.9532860073451,897639.9578601862,"[0.2, 0.2, 0.2, 0.2, 0.2]"
2682,224.11965101525536,672803.3898969997,"[0.2, 0.2, 0.2, 0.2, 0.2]"
2683,676.309461485785,156950.8474568132,"[0.2, 0.2, 0.2, 0.2, 0.2]"
2684,329.1214570630125,180883.2916530717,"[0.2, 0.2, 0.2, 0.2, 0.2]"
2685,969.7284228348498,541933.3270932997,"[0.2, 0.2, 0.2, 0.2, 0.2]"
2686,485.4622109673173,593251.9614468848,"[0.2, 0.2, 0.2, 0.2, 0.2]"
2687,89.77382882861697,521058.0859197009,"[0.2, 0.2, 0.2, 0.2, 0.2]"
2688,665.3312467334727,717957.3078565785,"[0.2, 0.2, 0.2, 0.2, 0.2]"
2689,212.29299149215174,426878.2708300909,"[0.2, 0.2, 0.2, 0.2, 0.2]"
2690,421.5991482644171,165623.96702098814,"[0.2, 0.2, 0.2, 0.2, 0.2]"
2691,385.0497549237363,876806.2884813574,"[0.2, 0.2, 0.2, 0.2, 0.2]"
2692,461.46284327045726,404433.7673160061,"[0.2, 0.2, 0.2, 0.2, 0.2]"
2693,694.0370273855106,863247.6113170519,"[0.2, 0.2, 0.2, 0.2, 0.2]"
2694,657.872772938551,772547.1926242752,"[0.2, 0.2, 0.2, 0.2, 0.2]"
2695,155.16460014588307,611924.5235404429,"[0.2, 0.2, 0.2, 0.2, 0.2]"
2696,465.1657641427057,175159.11993779827,"[0.2, 0.2, 0.2, 0.2, 0.2]"
2697,892.6732879811861,669173.6730541921,"[0.2, 0.2, 0.2, 0.2, 0.2]"
2698,154.98993247101117,706356.2392358731,"[0.2, 0.2, 0.2, 0.2, 0.2]"
2699,825.7299979260498,764311.1327714024,"[0.2, 0.2, 0.2, 0.2, 0.2]"
2700,986.5375726084166,881655.338386546,"[0.2, 0.2, 0.2, 0.2, 0.2]"
2701,737.1336375239954,971000.0897477709,"[0.2, 0.2, 0.2, 0.2, 0.2]"
2702,870.0043287941174,441290.14676118654,"[0.2, 0.2, 0.2, 0.2, 0.2]"
2703,631.3190220349079,452887.31863473926,"[0.2, 0.2, 0.2, 0.2, 0.2]"
2704,778.1650107431701,485774.34930894675,"[0.2, 0.2, 0.2, 0.2, 0.2]"
2705,838.6942624521131,442601.2373498429,"[0.2, 0.2, 0.2, 0.2, 0.2]"
2706,579.8040219362879,529199.0546563878,"[0.2, 0.2, 0.2, 0.2, 0.2]"
2707,658.2971754176309,986668.8598979218,"[0.2, 0.2, 0.2, 0.2, 0.2]"
2708,535.9820827154905,364612.1496754838,"[0.2, 0.2, 0.2, 0.2, 0.2]"
2709,551.6105131734929,915687.4229681378,"[0.2, 0.2, 0.2, 0.2, 0.2]"
2710,533.3963101388574,847019.965021847,"[0.2, 0.2, 0.2, 0.2, 0.2]"
2711,11.836681787519428,911340.2006952753,"[0.2, 0.2, 0.2, 0.2, 0.2]"
2712,858.113738253833,671210.272299693,"[0.2, 0.2, 0.2, 0.2, 0.2]"
2713,681.0759238288496,365312.01449794276,"[0.2, 0.2, 0.2, 0.2, 0.2]"
2714,406.9022814568457,503797.06596971676,"[0.2, 0.2, 0.2, 0.2, 0.2]"
2715,711.9813177241033,594299.0831012137,"[0.2, 0.2, 0.2, 0.2, 0.2]"
2716,345.4465001015194,932634.3137293495,"[0.2, 0.2, 0.2, 0.2, 0.2]"
2717,615.9288421330072,559421.517424942,"[0.2, 0.2, 0.2, 0.2, 0.2]"
2718,466.83780425724643,448870.1234850268,"[0.2, 0.2, 0.2, 0.2, 0.2]"
2719,66.5654280048333,113441.85704916107,"[0.2, 0.2, 0.2, 0.2, 0.2]"
2720,875.0679345540274,481576.3278520764,"[0.2, 0.2, 0.2, 0.2, 0.2]"
2721,958.5115223059673,567547.7533075266,"[0.2, 0.2, 0.2, 0.2, 0.2]"
2722,377.2920970584169,777831.1198238169,"[0.2, 0.2, 0.2, 0.2, 0.2]"
2723,599.9548465897385,102495.31277767083,"[0.2, 0.2, 0.2, 0.2, 0.2]"
2724,58.14697203225882,935839.4853164769,"[0.2, 0.2, 0.2, 0.2, 0.2]"
2725,857.831990386962,401202.7330513123,"[0.2, 0.2, 0.2, 0.2, 0.2]"
2726,605.4703365695889,161557.72806795873,"[0.2, 0.2, 0.2, 0.2, 0.2]"
2727,746.4742649378936,359571.64599699795,"[0.2, 0.2, 0.2, 0.2, 0.2]"
2728,278.7364643226521,637712.2292155466,"[0.2, 0.2, 0.2, 0.2, 0.2]"
2729,382.76283921312336,258822.72471648952,"[0.2, 0.2, 0.2, 0.2, 0.2]"
2730,276.332120649461,417565.1443423377,"[0.2, 0.2, 0.2, 0.2, 0.2]"
2731,849.0097289229835,815024.2228174092,"[0.2, 0.2, 0.2, 0.2, 0.2]"
2732,449.732010854664,670663.7717369844,"[0.2, 0.2, 0.2, 0.2, 0.2]"
2733,152.93197798560973,957076.2206171894,"[0.2, 0.2, 0.2, 0.2, 0.2]"
2734,355.7178665044127,302647.524464336,"[0.2, 0.2, 0.2, 0.2, 0.2]"
2735,845.8764791123783,609917.3444720181,"[0.2, 0.2, 0.2, 0.2, 0.2]"
2736,862.3476349533572,754348.5242876466,"[0.2, 0.2, 0.2, 0.2, 0.2]"
2737,622.0703901525484,684982.9924193576,"[0.2, 0.2, 0.2, 0.2, 0.2]"
2738,908.8806164447338,112637.73537942271,"[0.2, 0.2, 0.2, 0.2, 0.2]"
2739,646.8740876217041,116142.4212688934,"[0.2, 0.2, 0.2, 0.2, 0.2]"
2740,237.94590660825705,238220.08600339023,"[0.2, 0.2, 0.2, 0.2, 0.2]"
2741,363.30267451962345,409424.1301303489,"[0.2, 0.2, 0.2, 0.2, 0.2]"
2742,711.6372487121437,430857.5838673868,"[0.2, 0.2, 0.2, 0.2, 0.2]"
2743,302.6094912238916,601815.1063753205,"[0.2, 0.2, 0.2, 0.2, 0.2]"
2744,545.4553869708968,700840.0897168978,"[0.2, 0.2, 0.2, 0.2, 0.2]"
2745,166.4413706824488,953182.527116824,"[0.2, 0.2, 0.2, 0.2, 0.2]"
2746,764.7104046270399,837550.8041726456,"[0.2, 0.2, 0.2, 0.2, 0.2]"
2747,82.54637325275846,805402.3042864848,"[0.2, 0.2, 0.2, 0.2, 0.2]"
2748,752.5528988340245,545938.5588395385,"[0.2, 0.2, 0.2, 0.2, 0.2]"
2749,178.2321370417441,682832.8125192862,"[0.2, 0.2, 0.2, 0.2, 0.2]"
2750,153.95650434985575,399747.2578062755,"[0.2, 0.2, 0.2, 0.2, 0.2]"
2751,631.2286517097144,736194.8407300601,"[0.2, 0.2, 0.2, 0.2, 0.2]"
2752,655.6071707697812,224718.0712579913,"[0.2, 0.2, 0.2, 0.2, 0.2]"
2753,14.098559320399534,674262.9998252526,"[0.2, 0.2, 0.2, 0.2, 0.2]"
2754,972.9585019040547,406496.7077153503,"[0.2, 0.2, 0.2, 0.2, 0.2]"
2755,262.7341440011968,936758.6285399823,"[0.2, 0.2, 0.2, 0.2, 0.2]"
2756,949.4632065571878,965812.9222134429,"[0.2, 0.2, 0.2, 0.2, 0.2]"
2757,939.6202708602101,404314.1529962294,"[0.2, 0.2, 0.2, 0.2, 0.2]"
2758,308.68132816275033,730995.2812978252,"[0.2, 0.2, 0.2, 0.2, 0.2]"
2759,527.8454141523684,303377.6178222088,"[0.2, 0.2, 0.2, 0.2, 0.2]"
2760,719.7483070112727,654227.3967598944,"[0.2, 0.2, 0.2, 0.2, 0.2]"
2761,524.5370967154029,278820.1893542455,"[0.2, 0.2, 0.2, 0.2, 0.2]"
2762,862.6826130537025,303219.644108013,"[0.2, 0.2, 0.2, 0.2, 0.2]"
2763,765.0998618628724,440018.9375117436,"[0.2, 0.2, 0.2, 0.2, 0.2]"
2764,616.5265040892649,375986.7093303573,"[0.2, 0.2, 0.2, 0.2, 0.2]"
2765,654.8989995894584,499707.6196153667,"[0.2, 0.2, 0.2, 0.2, 0.2]"
2766,339.7140984357595,939221.6981213368,"[0.2, 0.2, 0.2, 0.2, 0.2]"
2767,595.8866622228113,710294.734903181,"[0.2, 0.2, 0.2, 0.2, 0.2]"
2768,734.6660703751133,371306.5159794522,"[0.2, 0.2, 0.2, 0.2, 0.2]"
2769,768.3456918866193,921667.6612486375,"[0.2, 0.2, 0.2, 0.2, 0.2]"
2770,961.3916969324599,441665.77171915997,"[0.2, 0.2, 0.2, 0.2, 0.2]"
2771,609.3361795336857,732232.0074747745,"[0.2, 0.2, 0.2, 0.2, 0.2]"
2772,286.31728324034304,185614.81891246946,"[0.2, 0.2, 0.2, 0.2, 0.2]"
2773,109.70518554712895,555730.2158076466,"[0.2, 0.2, 0.2, 0.2, 0.2]"
2774,897.2651280482357,692860.3033215142,"[0.2, 0.2, 0.2, 0.2, 0.2]"
2775,673.3069085584265,736799.7742200001,"[0.2, 0.2, 0.2, 0.2, 0.2]"
2776,702.9581332739965,846056.2363343852,"[0.2, 0.2, 0.2, 0.2, 0.2]"
2777,896.1394050764196,275956.4080009093,"[0.2, 0.2, 0.2, 0.2, 0.2]"
2778,242.29098123816308,189205.94269725383,"[0.2, 0.2, 0.2, 0.2, 0.2]"
2779,761.7093026881304,953735.7564332213,"[0.2, 0.2, 0.2, 0.2, 0.2]"
2780,251.63460963204741,580150.2844471049,"[0.2, 0.2, 0.2, 0.2, 0.2]"
2781,93.82325834599915,945268.1553161301,"[0.2, 0.2, 0.2, 0.2, 0.2]"
2782,143.56147782554723,551310.9133410766,"[0.2, 0.2, 0.2, 0.2, 0.2]"
2783,606.5947102018745,172625.2415764568,"[0.2, 0.2, 0.2, 0.2, 0.2]"
2784,414.2237279044268,414248.589486828,"[0.2, 0.2, 0.2, 0.2, 0.2]"
2785,636.8886344939801,232894.4028403588,"[0.2, 0.2, 0.2, 0.2, 0.2]"
2786,160.8790367864714,953305.3735742029,"[0.2, 0.2, 0.2, 0.2, 0.2]"
2787,687.6947698751237,304845.802348466,"[0.2, 0.2, 0.2, 0.2, 0.2]"
2788,930.7193403452991,917856.1205009746,"[0.2, 0.2, 0.2, 0.2, 0.2]"
2789,559.7899423159492,959610.8659241183,"[0.2, 0.2, 0.2, 0.2, 0.2]"
2790,528.0103029793632,938542.6993359178,"[0.2, 0.2, 0.2, 0.2, 0.2]"
2791,907.0767408883959,923469.6429526993,"[0.2, 0.2, 0.2, 0.2, 0.2]"
2792,146.35450526411324,646212.467962247,"[0.2, 0.2, 0.2, 0.2, 0.2]"
2793,699.6289115800992,204990.63618776482,"[0.2, 0.2, 0.2, 0.2, 0.2]"
2794,774.2750278737334,763755.7858042904,"[0.2, 0.2, 0.2, 0.2, 0.2]"
2795,121.25088673545204,890141.6645063751,"[0.2, 0.2, 0.2, 0.2, 0.2]"
2796,415.85302948309777,953992.8903043899,"[0.2, 0.2, 0.2, 0.2, 0.2]"
2797,791.1192624941434,730276.5013017493,"[0.2, 0.2, 0.2, 0.2, 0.2]"
2798,331.90342195326195,830584.5538087983,"[0.2, 0.2, 0.2, 0.2, 0.2]"
2799,110.78425428531193,202593.4683350235,"[0.2, 0.2, 0.2, 0.2, 0.2]"
2800,916.54772496341,168545.15601700623,"[0.2, 0.2, 0.2, 0.2, 0.2]"
2801,602.5304078726047,545935.185059478,"[0.2, 0.2, 0.2, 0.2, 0.2]"
2802,430.2000454409336,381653.4109611872,"[0.2, 0.2, 0.2, 0.2, 0.2]"
2803,786.5365033424466,513304.94207245903,"[0.2, 0.2, 0.2, 0.2, 0.2]"
2804,102.91853924452224,483050.211742835,"[0.2, 0.2, 0.2, 0.2, 0.2]"
2805,119.88951214029682,131609.38443951786,"[0.2, 0.2, 0.2, 0.2, 0.2]"
2806,317.58202985482376,633611.0837413918,"[0.2, 0.2, 0.2, 0.2, 0.2]"
2807,29.42742788206593,540861.4696924407,"[0.2, 0.2, 0.2, 0.2, 0.2]"
2808,287.70531978732924,797681.9838944925,"[0.2, 0.2, 0.2, 0.2, 0.2]"
2809,376.5994342946718,223297.4632910851,"[0.2, 0.2, 0.2, 0.2, 0.2]"
2810,797.7208836338583,632249.9155492557,"[0.2, 0.2, 0.2, 0.2, 0.2]"
2811,635.2947744358065,430560.6884529981,"[0.2, 0.2, 0.2, 0.2, 0.2]"
2812,609.5412387455118,610841.4509669917,"[0.2, 0.2, 0.2, 0.2, 0.2]"
2813,975.6642895294958,208625.78044124774,"[0.2, 0.2, 0.2, 0.2, 0.2]"
2814,509.4219759842382,532945.3502689677,"[0.2, 0.2, 0.2, 0.2, 0.2]"
2815,132.50888863014777,975063.6277699083,"[0.2, 0.2, 0.2, 0.2, 0.2]"
2816,928.2993133790546,348808.7457625624,"[0.2, 0.2, 0.2, 0.2, 0.2]"
2817,996.3923970031121,452204.82739508065,"[0.2, 0.2, 0.2, 0.2, 0.2]"
2818,169.65670594365776,888690.3577579716,"[0.2, 0.2, 0.2, 0.2, 0.2]"
2819,124.12255248133461,733475.7803730227,"[0.2, 0.2, 0.2, 0.2, 0.2]"
2820,265.95772910736434,204586.17482668353,"[0.2, 0.2, 0.2, 0.2, 0.2]"
2821,294.93929107150615,470778.1810678366,"[0.2, 0.2, 0.2, 0.2, 0.2]"
2822,881.4495275698323,562962.3672164554,"[0.2, 0.2, 0.2, 0.2, 0.2]"
2823,796.6744320673514,795532.608946668,"[0.2, 0.2, 0.2, 0.2, 0.2]"
2824,750.220452871943,697055.5920660903,"[0.2, 0.2, 0.2, 0.2, 0.2]"
2825,960.0533110378802,288589.9891921144,"[0.2, 0.2, 0.2, 0.2, 0.2]"
2826,178.32223262409184,440763.3806874399,"[0.2, 0.2, 0.2, 0.2, 0.2]"
2827,124.29421043288926,150021.3663228713,"[0.2, 0.2, 0.2, 0.2, 0.2]"
2828,743.2036820383257,603295.8540876606,"[0.2, 0.2, 0.2, 0.2, 0.2]"
2829,672.5168526630587,506031.2738258592,"[0.2, 0.2, 0.2, 0.2, 0.2]"
2830,80.31427526992726,597749.4542889318,"[0.2, 0.2, 0.2, 0.2, 0.2]"
2831,422.31805882173387,788659.1760770141,"[0.2, 0.2, 0.2, 0.2, 0.2]"
2832,116.71887775501193,807047.2024540694,"[0.2, 0.2, 0.2, 0.2, 0.2]"
2833,640.2254726799722,979730.8439037465,"[0.2, 0.2, 0.2, 0.2, 0.2]"
2834,935.7996747721216,104495.64935635486,"[0.2, 0.2, 0.2, 0.2, 0.2]"
2835,680.077959408233,141812.97955139552,"[0.2, 0.2, 0.2, 0.2, 0.2]"
2836,427.6670325917053,979205.7522088551,"[0.2, 0.2, 0.2, 0.2, 0.2]"
2837,796.079625355758,586772.3504552715,"[0.2, 0.2, 0.2, 0.2, 0.2]"
2838,170.6658668216669,762113.4092280989,"[0.2, 0.2, 0.2, 0.2, 0.2]"
2839,134.19270142524297,910816.9052505046,"[0.2, 0.2, 0.2, 0.2, 0.2]"
2840,32.61396590308624,928771.8964566741,"[0.2, 0.2, 0.2, 0.2, 0.2]"
2841,771.6426806752426,908667.4080186754,"[0.2, 0.2, 0.2, 0.2, 0.2]"
2842,238.96394554784777,921795.4875433458,"[0.2, 0.2, 0.2, 0.2, 0.2]"
2843,152.78307318949274,940264.0875854368,"[0.2, 0.2, 0.2, 0.2, 0.2]"
2844,284.30832612440906,790882.6017729765,"[0.2, 0.2, 0.2, 0.2, 0.2]"
2845,820.2305109049048,630874.6733301095,"[0.2, 0.2, 0.2, 0.2, 0.2]"
2846,64.67859319172916,672579.3446320036,"[0.2, 0.2, 0.2, 0.2, 0.2]"
2847,189.21853970639955,676009.0069167244,"[0.2, 0.2, 0.2, 0.2, 0.2]"
2848,110.26479356589023,229456.43242501726,"[0.2, 0.2, 0.2, 0.2, 0.2]"
2849,903.2420358501528,533716.733930287,"[0.2, 0.2, 0.2, 0.2, 0.2]"
2850,907.866391498194,420167.3943907651,"[0.2, 0.2, 0.2, 0.2, 0.2]"
2851,332.0306109450747,935353.6702347422,"[0.2, 0.2, 0.2, 0.2, 0.2]"
2852,247.2863072029755,341701.18133232126,"[0.2, 0.2, 0.2, 0.2, 0.2]"
2853,330.80012192055926,687427.018735613,"[0.2, 0.2, 0.2, 0.2, 0.2]"
2854,626.1139028696117,354656.2959220379,"[0.2, 0.2, 0.2, 0.2, 0.2]"
2855,163.96996629117746,892271.3620921823,"[0.2, 0.2, 0.2, 0.2, 0.2]"
2856,348.7354806194,290716.03276393586,"[0.2, 0.2, 0.2, 0.2, 0.2]"
2857,69.28875867591094,140853.3202124683,"[0.2, 0.2, 0.2, 0.2, 0.2]"
2858,686.5801788112734,823930.0544149558,"[0.2, 0.2, 0.2, 0.2, 0.2]"
2859,397.1233538252358,845071.1798479746,"[0.2, 0.2, 0.2, 0.2, 0.2]"
2860,104.89845316801745,229083.3160591157,"[0.2, 0.2, 0.2, 0.2, 0.2]"
2861,574.3909515026905,220334.45768128155,"[0.2, 0.2, 0.2, 0.2, 0.2]"
2862,109.3743767198955,265145.9424102077,"[0.2, 0.2, 0.2, 0.2, 0.2]"
2863,159.5771935443928,947421.196649501,"[0.2, 0.2, 0.2, 0.2, 0.2]"
2864,696.8845635520123,362593.0956747829,"[0.2, 0.2, 0.2, 0.2, 0.2]"
2865,432.0224341823275,972272.5415948794,"[0.2, 0.2, 0.2, 0.2, 0.2]"
2866,928.0150630618598,286214.346603918,"[0.2, 0.2, 0.2, 0.2, 0.2]"
2867,933.3867461334441,568862.865754043,"[0.2, 0.2, 0.2, 0.2, 0.2]"
2868,742.1905309844527,391622.76538579114,"[0.2, 0.2, 0.2, 0.2, 0.2]"
2869,110.90901853788736,509749.2303964819,"[0.2, 0.2, 0.2, 0.2, 0.2]"
2870,720.965436541638,517846.00077184226,"[0.2, 0.2, 0.2, 0.2, 0.2]"
2871,861.5136135997354,840438.4894650213,"[0.2, 0.2, 0.2, 0.2, 0.2]"
2872,611.1733811511343,425336.6069156148,"[0.2, 0.2, 0.2, 0.2, 0.2]"
2873,866.5260623452695,746132.7039060176,"[0.2, 0.2, 0.2, 0.2, 0.2]"
2874,580.4425654588034,946812.5177223729,"[0.2, 0.2, 0.2, 0.2, 0.2]"
2875,816.5928081105214,258613.33229315304,"[0.2, 0.2, 0.2, 0.2, 0.2]"
2876,169.36188635969253,971486.1902106768,"[0.2, 0.2, 0.2, 0.2, 0.2]"
2877,775.0374991062356,514556.24890172953,"[0.2, 0.2, 0.2, 0.2, 0.2]"
2878,260.7958190757048,548460.4102121758,"[0.2, 0.2, 0.2, 0.2, 0.2]"
2879,401.76338631657364,805899.8926825726,"[0.2, 0.2, 0.2, 0.2, 0.2]"
2880,987.6211726561127,130369.62526542894,"[0.2, 0.2, 0.2, 0.2, 0.2]"
2881,656.5360437323645,274702.8790551544,"[0.2, 0.2, 0.2, 0.2, 0.2]"
2882,343.8779555078396,985580.9624584465,"[0.2, 0.2, 0.2, 0.2, 0.2]"
2883,691.5271661889903,467211.4330782206,"[0.2, 0.2, 0.2, 0.2, 0.2]"
2884,676.3628315822762,744171.5580554627,"[0.2, 0.2, 0.2, 0.2, 0.2]"
2885,302.4266682217949,793322.5696230956,"[0.2, 0.2, 0.2, 0.2, 0.2]"
2886,975.3859261641278,701892.5206042748,"[0.2, 0.2, 0.2, 0.2, 0.2]"
2887,979.9774158873463,326025.8522663368,"[0.2, 0.2, 0.2, 0.2, 0.2]"
2888,182.8289446625152,503675.45315927715,"[0.2, 0.2, 0.2, 0.2, 0.2]"
2889,125.24749284005803,806832.0649648465,"[0.2, 0.2, 0.2, 0.2, 0.2]"
2890,81.3661877594613,598780.1560321661,"[0.2, 0.2, 0.2, 0.2, 0.2]"
2891,471.5376294621728,404678.55893269903,"[0.2, 0.2, 0.2, 0.2, 0.2]"
2892,735.0847995114398,665834.5581339668,"[0.2, 0.2, 0.2, 0.2, 0.2]"
2893,833.8858246301127,738795.6851961229,"[0.2, 0.2, 0.2, 0.2, 0.2]"
2894,295.8921923370877,706056.4459841925,"[0.2, 0.2, 0.2, 0.2, 0.2]"
2895,702.1322228748834,997443.851064703,"[0.2, 0.2, 0.2, 0.2, 0.2]"
2896,813.582787936603,852430.9196450977,"[0.2, 0.2, 0.2, 0.2, 0.2]"
2897,638.8143316120338,120922.83954118185,"[0.2, 0.2, 0.2, 0.2, 0.2]"
2898,701.1834486173701,296590.8684648102,"[0.2, 0.2, 0.2, 0.2, 0.2]"
2899,712.8308647225332,595382.2497793777,"[0.2, 0.2, 0.2, 0.2, 0.2]"
2900,700.0122581759965,554186.6843757762,"[0.2, 0.2, 0.2, 0.2, 0.2]"
2901,374.1340417683964,964639.2855629388,"[0.2, 0.2, 0.2, 0.2, 0.2]"
2902,815.0680986644547,648491.9968422415,"[0.2, 0.2, 0.2, 0.2, 0.2]"
2903,318.9578497421991,711646.9533156549,"[0.2, 0.2, 0.2, 0.2, 0.2]"
2904,496.10742125034625,766245.7483412431,"[0.2, 0.2, 0.2, 0.2, 0.2]"
2905,461.94839222517174,877719.9639638149,"[0.2, 0.2, 0.2, 0.2, 0.2]"
2906,521.3150400020847,312024.80447646696,"[0.2, 0.2, 0.2, 0.2, 0.2]"
2907,323.0164520433318,846569.5056739171,"[0.2, 0.2, 0.2, 0.2, 0.2]"
2908,617.758087823956,245181.32933964473,"[0.2, 0.2, 0.2, 0.2, 0.2]"
2909,977.2209351810842,902891.4011578687,"[0.2, 0.2, 0.2, 0.2, 0.2]"
2910,502.0105359011445,522050.01947151084,"[0.2, 0.2, 0.2, 0.2, 0.2]"
2911,654.6530196170669,397205.34868230176,"[0.2, 0.2, 0.2, 0.2, 0.2]"
2912,252.38154549181468,589687.9241015476,"[0.2, 0.2, 0.2, 0.2, 0.2]"
2913,518.9908897626992,894693.9678936442,"[0.2, 0.2, 0.2, 0.2, 0.2]"
2914,208.70432044197975,125915.61108585993,"[0.2, 0.2, 0.2, 0.2, 0.2]"
2915,565.2783514069431,665576.0560367921,"[0.2, 0.2, 0.2, 0.2, 0.2]"
2916,57.72330636006485,137148.03670321673,"[0.2, 0.2, 0.2, 0.2, 0.2]"
2917,909.2637047504835,301491.7489697283,"[0.2, 0.2, 0.2, 0.2, 0.2]"
2918,648.2683934077797,513160.6716652604,"[0.2, 0.2, 0.2, 0.2, 0.2]"
2919,333.2953069692839,900116.8272067447,"[0.2, 0.2, 0.2, 0.2, 0.2]"
2920,420.04003249751133,907169.542052403,"[0.2, 0.2, 0.2, 0.2, 0.2]"
2921,613.3574151000192,310314.4861894639,"[0.2, 0.2, 0.2, 0.2, 0.2]"
2922,430.7670504002188,193745.44907721516,"[0.2, 0.2, 0.2, 0.2, 0.2]"
2923,121.88442696615306,596117.1990787527,"[0.2, 0.2, 0.2, 0.2, 0.2]"
2924,613.0996700478571,224841.76861512754,"[0.2, 0.2, 0.2, 0.2, 0.2]"
2925,87.84036572546522,169357.66780646838,"[0.2, 0.2, 0.2, 0.2, 0.2]"
2926,821.9365799961556,854597.8174947337,"[0.2, 0.2, 0.2, 0.2, 0.2]"
2927,943.2017799113357,466438.3154260978,"[0.2, 0.2, 0.2, 0.2, 0.2]"
2928,561.238696990753,460173.51487916114,"[0.2, 0.2, 0.2, 0.2, 0.2]"
2929,245.16032944384125,524439.1457827956,"[0.2, 0.2, 0.2, 0.2, 0.2]"
2930,737.7561185681328,617338.9890455012,"[0.2, 0.2, 0.2, 0.2, 0.2]"
2931,511.2684142097201,630088.2330745658,"[0.2, 0.2, 0.2, 0.2, 0.2]"
2932,752.3086104191559,587073.6975057123,"[0.2, 0.2, 0.2, 0.2, 0.2]"
2933,937.0270373138833,696827.3040828769,"[0.2, 0.2, 0.2, 0.2, 0.2]"
2934,773.6998247398757,583440.6093346572,"[0.2, 0.2, 0.2, 0.2, 0.2]"
2935,850.2751915628647,110085.60947549909,"[0.2, 0.2, 0.2, 0.2, 0.2]"
2936,627.5330819221502,838685.2249823192,"[0.2, 0.2, 0.2, 0.2, 0.2]"
2937,595.5033983517588,441434.71651888324,"[0.2, 0.2, 0.2, 0.2, 0.2]"
2938,941.4803006482921,950812.6160402513,"[0.2, 0.2, 0.2, 0.2, 0.2]"
2939,259.31732028277577,547999.3948512471,"[0.2, 0.2, 0.2, 0.2, 0.2]"
2940,225.20328841950524,976801.164061473,"[0.2, 0.2, 0.2, 0.2, 0.2]"
2941,589.2744669119772,254888.85387716838,"[0.2, 0.2, 0.2, 0.2, 0.2]"
2942,39.86739760454593,927005.7955163624,"[0.2, 0.2, 0.2, 0.2, 0.2]"
2943,78.55966753766236,223565.87227380383,"[0.2, 0.2, 0.2, 0.2, 0.2]"
2944,589.4649969671908,662044.0911652112,"[0.2, 0.2, 0.2, 0.2, 0.2]"
2945,124.63617053567172,805256.0119856647,"[0.2, 0.2, 0.2, 0.2, 0.2]"
2946,910.5579814340658,967866.9240986782,"[0.2, 0.2, 0.2, 0.2, 0.2]"
2947,332.1103597512732,338448.74479486427,"[0.2, 0.2, 0.2, 0.2, 0.2]"
2948,721.0845369487492,278336.0058330487,"[0.2, 0.2, 0.2, 0.2, 0.2]"
2949,392.8526359456663,258828.65726440426,"[0.2, 0.2, 0.2, 0.2, 0.2]"
2950,978.1998385034681,991944.3758776713,"[0.2, 0.2, 0.2, 0.2, 0.2]"
2951,429.4500822276525,796730.1170257748,"[0.2, 0.2, 0.2, 0.2, 0.2]"
2952,341.7653060205274,350464.8861185472,"[0.2, 0.2, 0.2, 0.2, 0.2]"
2953,130.11414996103025,788121.6756392415,"[0.2, 0.2, 0.2, 0.2, 0.2]"
2954,420.95609795677717,499350.55491891684,"[0.2, 0.2, 0.2, 0.2, 0.2]"
2955,773.5591661605213,705102.6198172778,"[0.2, 0.2, 0.2, 0.2, 0.2]"
2956,423.4238207032515,750630.930246433,"[0.2, 0.2, 0.2, 0.2, 0.2]"
2957,350.8466425636329,445224.4933010207,"[0.2, 0.2, 0.2, 0.2, 0.2]"
2958,130.6037568852106,173277.04036792245,"[0.2, 0.2, 0.2, 0.2, 0.2]"
2959,195.12776013888524,940133.7909572681,"[0.2, 0.2, 0.2, 0.2, 0.2]"
2960,636.3145694920973,323188.02013159974,"[0.2, 0.2, 0.2, 0.2, 0.2]"
2961,878.2282201834056,536799.5308475984,"[0.2, 0.2, 0.2, 0.2, 0.2]"
2962,214.88050201424136,734613.4935790478,"[0.2, 0.2, 0.2, 0.2, 0.2]"
2963,397.59838754082097,996914.4174070727,"[0.2, 0.2, 0.2, 0.2, 0.2]"
2964,349.34327164045743,620075.7150110481,"[0.2, 0.2, 0.2, 0.2, 0.2]"
2965,331.3745531888195,729842.3200788744,"[0.2, 0.2, 0.2, 0.2, 0.2]"
2966,437.92692030354027,500140.58010855917,"[0.2, 0.2, 0.2, 0.2, 0.2]"
2967,922.8977289340255,441995.0233954801,"[0.2, 0.2, 0.2, 0.2, 0.2]"
2968,458.7772543973276,377939.26636137423,"[0.2, 0.2, 0.2, 0.2, 0.2]"
2969,960.4323931808495,525972.7770292277,"[0.2, 0.2, 0.2, 0.2, 0.2]"
2970,15.221135771649644,228173.4541110699,"[0.2, 0.2, 0.2, 0.2, 0.2]"
2971,62.98939862735292,848348.2292577149,"[0.2, 0.2, 0.2, 0.2, 0.2]"
2972,796.0217087147646,844055.038392092,"[0.2, 0.2, 0.2, 0.2, 0.2]"
2973,853.8028275477851,744567.6230799024,"[0.2, 0.2, 0.2, 0.2, 0.2]"
2974,593.538578252178,424447.59211612097,"[0.2, 0.2, 0.2, 0.2, 0.2]"
2975,156.77379028235518,938949.3604019618,"[0.2, 0.2, 0.2, 0.2, 0.2]"
2976,552.5079410314893,284237.593648031,"[0.2, 0.2, 0.2, 0.2, 0.2]"
2977,861.1626431029147,608277.771859802,"[0.2, 0.2, 0.2, 0.2, 0.2]"
2978,149.6065810652792,108451.24143801979,"[0.2, 0.2, 0.2, 0.2, 0.2]"
2979,457.8310833367864,420005.3607274664,"[0.2, 0.2, 0.2, 0.2, 0.2]"
2980,379.7580438971866,123881.38065606824,"[0.2, 0.2, 0.2, 0.2, 0.2]"
2981,869.2224945334946,858796.2041223523,"[0.2, 0.2, 0.2, 0.2, 0.2]"
2982,195.08913091981245,604709.0639561337,"[0.2, 0.2, 0.2, 0.2, 0.2]"
2983,876.6020805734429,490508.61880043783,"[0.2, 0.2, 0.2, 0.2, 0.2]"
2984,99.64996420343329,564318.8917327488,"[0.2, 0.2, 0.2, 0.2, 0.2]"
2985,928.758061703391,458550.144416879,"[0.2, 0.2, 0.2, 0.2, 0.2]"
2986,389.91962907932447,763989.1164665135,"[0.2, 0.2, 0.2, 0.2, 0.2]"
2987,666.1061268985471,314594.0625533619,"[0.2, 0.2, 0.2, 0.2, 0.2]"
2988,302.72546960396414,753922.1110076504,"[0.2, 0.2, 0.2, 0.2, 0.2]"
2989,893.2263404796528,239184.93249677913,"[0.2, 0.2, 0.2, 0.2, 0.2]"
2990,987.4018496587406,956881.8329985072,"[0.2, 0.2, 0.2, 0.2, 0.2]"
2991,196.94532383626546,910882.2207429782,"[0.2, 0.2, 0.2, 0.2, 0.2]"
2992,80.399051025934,123262.27175357196,"[0.2, 0.2, 0.2, 0.2, 0.2]"
2993,857.8658448713436,101536.90737022783,"[0.2, 0.2, 0.2, 0.2, 0.2]"
2994,810.23598751276,727818.5419977986,"[0.2, 0.2, 0.2, 0.2, 0.2]"
2995,440.2263845142685,726302.7990676512,"[0.2, 0.2, 0.2, 0.2, 0.2]"
2996,518.2540952715319,716043.779056203,"[0.2, 0.2, 0.2, 0.2, 0.2]"
2997,743.9137090908094,628673.0986141153,"[0.2, 0.2, 0.2, 0.2, 0.2]"
2998,639.5691072640573,256979.2952072065,"[0.2, 0.2, 0.2, 0.2, 0.2]"
2999,504.4622363315977,383909.13979307783,"[0.2, 0.2, 0.2, 0.2, 0.2]"
3000,698.735945222886,144713.5356521482,"[0.2, 0.2, 0.2, 0.2, 0.2]"
3001,542.2872248602458,287000.8546547726,"[0.2, 0.2, 0.2, 0.2, 0.2]"
3002,956.4933978112296,752019.9263578661,"[0.2, 0.2, 0.2, 0.2, 0.2]"
3003,548.3788240105638,756404.2121924909,"[0.2, 0.2, 0.2, 0.2, 0.2]"
3004,844.9619805243071,378079.67758268665,"[0.2, 0.2, 0.2, 0.2, 0.2]"
3005,876.3405342402704,977856.4365656592,"[0.2, 0.2, 0.2, 0.2, 0.2]"
3006,487.43256390149236,956912.98259231,"[0.2, 0.2, 0.2, 0.2, 0.2]"
3007,921.8472032319431,855625.5671795651,"[0.2, 0.2, 0.2, 0.2, 0.2]"
3008,118.12773995629047,349650.3491869098,"[0.2, 0.2, 0.2, 0.2, 0.2]"
3009,359.6651902449554,353462.99387509364,"[0.2, 0.2, 0.2, 0.2, 0.2]"
3010,958.553801186926,389434.46063357167,"[0.2, 0.2, 0.2, 0.2, 0.2]"
3011,91.16274482308387,209856.68804477452,"[0.2, 0.2, 0.2, 0.2, 0.2]"
3012,980.4680540140591,703665.9278732302,"[0.2, 0.2, 0.2, 0.2, 0.2]"
3013,434.08329655526086,919199.7182734277,"[0.2, 0.2, 0.2, 0.2, 0.2]"
3014,713.9832728973107,442911.5028139435,"[0.2, 0.2, 0.2, 0.2, 0.2]"
3015,300.70837434298977,714840.7086143747,"[0.2, 0.2, 0.2, 0.2, 0.2]"
3016,423.9587774768206,867862.7217091799,"[0.2, 0.2, 0.2, 0.2, 0.2]"
3017,431.34837134849965,234943.38686217624,"[0.2, 0.2, 0.2, 0.2, 0.2]"
3018,977.9814675091442,189371.01039218027,"[0.2, 0.2, 0.2, 0.2, 0.2]"
3019,711.9072664883735,364489.0443542477,"[0.2, 0.2, 0.2, 0.2, 0.2]"
3020,640.0065098622352,497171.6618560665,"[0.2, 0.2, 0.2, 0.2, 0.2]"
3021,11.249617929663447,117399.63227493469,"[0.2, 0.2, 0.2, 0.2, 0.2]"
3022,142.7032452901566,762929.7973044729,"[0.2, 0.2, 0.2, 0.2, 0.2]"
3023,988.9317831420617,710010.2027424863,"[0.2, 0.2, 0.2, 0.2, 0.2]"
3024,376.2980108162256,305478.36319495086,"[0.2, 0.2, 0.2, 0.2, 0.2]"
3025,475.52464147538626,662380.7553095826,"[0.2, 0.2, 0.2, 0.2, 0.2]"
3026,271.286479219266,673115.6587314913,"[0.2, 0.2, 0.2, 0.2, 0.2]"
3027,100.15914862218412,883141.6883847467,"[0.2, 0.2, 0.2, 0.2, 0.2]"
3028,105.8410214131893,442212.5271320549,"[0.2, 0.2, 0.2, 0.2, 0.2]"
3029,464.4940675481584,116500.89658895705,"[0.2, 0.2, 0.2, 0.2, 0.2]"
3030,642.9432254314108,569342.8126479518,"[0.2, 0.2, 0.2, 0.2, 0.2]"
3031,976.9048086562086,585839.0932242402,"[0.2, 0.2, 0.2, 0.2, 0.2]"
3032,677.3899767715106,803501.7904778532,"[0.2, 0.2, 0.2, 0.2, 0.2]"
3033,502.0438257191527,439013.58058743866,"[0.2, 0.2, 0.2, 0.2, 0.2]"
3034,263.39120259721574,837620.6731285464,"[0.2, 0.2, 0.2, 0.2, 0.2]"
3035,888.892933988016,217059.93571366894,"[0.2, 0.2, 0.2, 0.2, 0.2]"
3036,985.1171521943729,971635.0693140887,"[0.2, 0.2, 0.2, 0.2, 0.2]"
3037,591.2406785333139,239870.0209756071,"[0.2, 0.2, 0.2, 0.2, 0.2]"
3038,549.0365212853756,305676.62012338784,"[0.2, 0.2, 0.2, 0.2, 0.2]"
3039,120.73503700890429,439244.2604991375,"[0.2, 0.2, 0.2, 0.2, 0.2]"
3040,292.3881608440229,797962.207985641,"[0.2, 0.2, 0.2, 0.2, 0.2]"
3041,321.8547474386212,426599.54918771156,"[0.2, 0.2, 0.2, 0.2, 0.2]"
3042,535.4612026670097,936928.1867934032,"[0.2, 0.2, 0.2, 0.2, 0.2]"
3043,249.24718225632063,127476.25076379377,"[0.2, 0.2, 0.2, 0.2, 0.2]"
3044,162.1222571440834,503187.29431324056,"[0.2, 0.2, 0.2, 0.2, 0.2]"
3045,52.50930679005225,198250.3141737132,"[0.2, 0.2, 0.2, 0.2, 0.2]"
3046,456.6997791080581,685434.6156975229,"[0.2, 0.2, 0.2, 0.2, 0.2]"
3047,38.904023275222606,839588.4176882355,"[0.2, 0.2, 0.2, 0.2, 0.2]"
3048,801.5160275243338,259801.07368098703,"[0.2, 0.2, 0.2, 0.2, 0.2]"
3049,123.25281715557469,177074.16322121036,"[0.2, 0.2, 0.2, 0.2, 0.2]"
3050,268.12741690355136,574115.9940252883,"[0.2, 0.2, 0.2, 0.2, 0.2]"
3051,968.6043086725751,977347.1984230992,"[0.2, 0.2, 0.2, 0.2, 0.2]"
3052,392.8803788311414,974943.5153925851,"[0.2, 0.2, 0.2, 0.2, 0.2]"
3053,411.38077754849814,538705.173398264,"[0.2, 0.2, 0.2, 0.2, 0.2]"
3054,464.01088094449386,466736.70362157846,"[0.2, 0.2, 0.2, 0.2, 0.2]"
3055,467.7534575136171,427980.7774488455,"[0.2, 0.2, 0.2, 0.2, 0.2]"
3056,608.1620581157647,401315.9467868616,"[0.2, 0.2, 0.2, 0.2, 0.2]"
3057,688.184089274524,991294.6123142301,"[0.2, 0.2, 0.2, 0.2, 0.2]"
3058,423.1533063426007,592019.94472112,"[0.2, 0.2, 0.2, 0.2, 0.2]"
3059,72.84618647646352,210045.29657951207,"[0.2, 0.2, 0.2, 0.2, 0.2]"
3060,575.1500954122421,639018.2181433442,"[0.2, 0.2, 0.2, 0.2, 0.2]"
3061,685.7598416515677,668116.5000638744,"[0.2, 0.2, 0.2, 0.2, 0.2]"
3062,689.2716605746488,840027.2760646938,"[0.2, 0.2, 0.2, 0.2, 0.2]"
3063,755.9989642808948,903576.5116876549,"[0.2, 0.2, 0.2, 0.2, 0.2]"
3064,16.225650054204568,570237.5966611623,"[0.2, 0.2, 0.2, 0.2, 0.2]"
3065,834.5126576567847,602183.1765799904,"[0.2, 0.2, 0.2, 0.2, 0.2]"
3066,331.93792092032965,526689.2831105448,"[0.2, 0.2, 0.2, 0.2, 0.2]"
3067,820.1970640414193,578191.6039343459,"[0.2, 0.2, 0.2, 0.2, 0.2]"
3068,261.6825012972008,383959.54212711606,"[0.2, 0.2, 0.2, 0.2, 0.2]"
3069,285.3584972973198,120822.3175920307,"[0.2, 0.2, 0.2, 0.2, 0.2]"
3070,848.0989692455406,955061.677695014,"[0.2, 0.2, 0.2, 0.2, 0.2]"
3071,378.7938552289381,660484.7274506254,"[0.2, 0.2, 0.2, 0.2, 0.2]"
3072,454.12703132556254,135667.0556556626,"[0.2, 0.2, 0.2, 0.2, 0.2]"
3073,678.3409181871754,283059.6504453231,"[0.2, 0.2, 0.2, 0.2, 0.2]"
3074,147.84422218735295,274694.1943689758,"[0.2, 0.2, 0.2, 0.2, 0.2]"
3075,376.2117154797124,718958.3058711977,"[0.2, 0.2, 0.2, 0.2, 0.2]"
3076,582.5120170898919,577200.8988388022,"[0.2, 0.2, 0.2, 0.2, 0.2]"
3077,802.2187415294314,106990.94364792973,"[0.2, 0.2, 0.2, 0.2, 0.2]"
3078,235.85717098111937,276031.3128717799,"[0.2, 0.2, 0.2, 0.2, 0.2]"
3079,666.858323738014,213526.7312308623,"[0.2, 0.2, 0.2, 0.2, 0.2]"
3080,198.74938962708575,781808.8266898056,"[0.2, 0.2, 0.2, 0.2, 0.2]"
3081,243.60055596103246,570152.6293762482,"[0.2, 0.2, 0.2, 0.2, 0.2]"
3082,380.8074902566268,321737.6391210406,"[0.2, 0.2, 0.2, 0.2, 0.2]"
3083,271.3798838786137,836788.836547329,"[0.2, 0.2, 0.2, 0.2, 0.2]"
3084,604.544617540772,554996.3863858916,"[0.2, 0.2, 0.2, 0.2, 0.2]"
3085,864.5195302103804,100946.13417496304,"[0.2, 0.2, 0.2, 0.2, 0.2]"
3086,259.8301208861978,490748.82651520777,"[0.2, 0.2, 0.2, 0.2, 0.2]"
3087,433.14571481017884,680491.4073967682,"[0.2, 0.2, 0.2, 0.2, 0.2]"
3088,739.2346748698475,664607.3143823246,"[0.2, 0.2, 0.2, 0.2, 0.2]"
3089,141.7288400394268,986320.1958660415,"[0.2, 0.2, 0.2, 0.2, 0.2]"
3090,932.2652989596797,230900.90354572167,"[0.2, 0.2, 0.2, 0.2, 0.2]"
3091,140.51297664560153,921309.668667726,"[0.2, 0.2, 0.2, 0.2, 0.2]"
3092,503.73319419389145,428780.80726125295,"[0.2, 0.2, 0.2, 0.2, 0.2]"
3093,198.55592840435534,531487.2347339105,"[0.2, 0.2, 0.2, 0.2, 0.2]"
3094,838.3102311495215,794942.1844257076,"[0.2, 0.2, 0.2, 0.2, 0.2]"
3095,975.0534382228184,592300.575978681,"[0.2, 0.2, 0.2, 0.2, 0.2]"
3096,745.098127061168,594482.0569900833,"[0.2, 0.2, 0.2, 0.2, 0.2]"
3097,29.3775317138512,151296.5041029561,"[0.2, 0.2, 0.2, 0.2, 0.2]"
3098,525.3215978803709,403741.36706764135,"[0.2, 0.2, 0.2, 0.2, 0.2]"
3099,284.0509437468545,960225.7706776604,"[0.2, 0.2, 0.2, 0.2, 0.2]"
3100,889.760344574124,102686.24661501002,"[0.2, 0.2, 0.2, 0.2, 0.2]"
3101,216.31631378886985,187435.29394915598,"[0.2, 0.2, 0.2, 0.2, 0.2]"
3102,416.61939489229985,731777.4546807746,"[0.2, 0.2, 0.2, 0.2, 0.2]"
3103,204.7957330362385,489543.15784113936,"[0.2, 0.2, 0.2, 0.2, 0.2]"
3104,190.80285670875858,692521.341444266,"[0.2, 0.2, 0.2, 0.2, 0.2]"
3105,962.9747646427139,894496.527013274,"[0.2, 0.2, 0.2, 0.2, 0.2]"
3106,39.84969578660404,544757.1765065786,"[0.2, 0.2, 0.2, 0.2, 0.2]"
3107,228.10776517072748,716258.6632162526,"[0.2, 0.2, 0.2, 0.2, 0.2]"
3108,905.3466086891676,290179.1019853238,"[0.2, 0.2, 0.2, 0.2, 0.2]"
3109,864.2769248561683,929179.2561897045,"[0.2, 0.2, 0.2, 0.2, 0.2]"
3110,765.8617074581874,802402.1181308842,"[0.2, 0.2, 0.2, 0.2, 0.2]"
3111,433.21647877084683,248602.48825768958,"[0.2, 0.2, 0.2, 0.2, 0.2]"
3112,383.6123539939338,779493.0889423155,"[0.2, 0.2, 0.2, 0.2, 0.2]"
3113,331.54127650131755,125749.10654997797,"[0.2, 0.2, 0.2, 0.2, 0.2]"
3114,421.8281926783251,254187.9652328096,"[0.2, 0.2, 0.2, 0.2, 0.2]"
3115,755.7568618742658,275240.90127960104,"[0.2, 0.2, 0.2, 0.2, 0.2]"
3116,853.2400555227132,700310.1159303697,"[0.2, 0.2, 0.2, 0.2, 0.2]"
3117,308.542239539758,773925.466803225,"[0.2, 0.2, 0.2, 0.2, 0.2]"
3118,595.525843378948,664467.1456960673,"[0.2, 0.2, 0.2, 0.2, 0.2]"
3119,691.4810995967429,621427.7862047927,"[0.2, 0.2, 0.2, 0.2, 0.2]"
3120,317.7120308867513,838565.801720922,"[0.2, 0.2, 0.2, 0.2, 0.2]"
3121,586.6992065679559,314706.79050763266,"[0.2, 0.2, 0.2, 0.2, 0.2]"
3122,483.16947733508806,441023.4818975881,"[0.2, 0.2, 0.2, 0.2, 0.2]"
3123,341.6599742469251,789399.030564886,"[0.2, 0.2, 0.2, 0.2, 0.2]"
3124,354.6572419268661,997735.6458101756,"[0.2, 0.2, 0.2, 0.2, 0.2]"
3125,597.2547317711206,200881.43644589765,"[0.2, 0.2, 0.2, 0.2, 0.2]"
3126,471.2424639332888,561819.2742023862,"[0.2, 0.2, 0.2, 0.2, 0.2]"
3127,555.2408084013666,214789.37753831444,"[0.2, 0.2, 0.2, 0.2, 0.2]"
3128,28.050836949780134,865318.7394257846,"[0.2, 0.2, 0.2, 0.2, 0.2]"
3129,98.5460710911515,523323.4410510056,"[0.2, 0.2, 0.2, 0.2, 0.2]"
3130,147.60144228524226,724870.2190293063,"[0.2, 0.2, 0.2, 0.2, 0.2]"
3131,537.5280571973184,230909.6978189866,"[0.2, 0.2, 0.2, 0.2, 0.2]"
3132,440.4374043104452,446587.2617069014,"[0.2, 0.2, 0.2, 0.2, 0.2]"
3133,22.487339954495646,852014.4824642749,"[0.2, 0.2, 0.2, 0.2, 0.2]"
3134,263.36664097653096,612413.0825515515,"[0.2, 0.2, 0.2, 0.2, 0.2]"
3135,823.7096425768194,288027.8169553549,"[0.2, 0.2, 0.2, 0.2, 0.2]"
3136,835.2109968722069,730113.2916103347,"[0.2, 0.2, 0.2, 0.2, 0.2]"
3137,566.7612973766425,701486.9562201307,"[0.2, 0.2, 0.2, 0.2, 0.2]"
3138,219.01289245753003,872104.2352212509,"[0.2, 0.2, 0.2, 0.2, 0.2]"
3139,849.123933673395,216333.29205106944,"[0.2, 0.2, 0.2, 0.2, 0.2]"
3140,109.44620252353843,157444.53075886978,"[0.2, 0.2, 0.2, 0.2, 0.2]"
3141,525.4819375543377,953663.2040923398,"[0.2, 0.2, 0.2, 0.2, 0.2]"
3142,722.0475596579039,331144.8818080345,"[0.2, 0.2, 0.2, 0.2, 0.2]"
3143,376.04866386490113,525741.3479974561,"[0.2, 0.2, 0.2, 0.2, 0.2]"
3144,150.71229762532417,278111.6154535529,"[0.2, 0.2, 0.2, 0.2, 0.2]"
3145,984.3817684565604,278668.195786973,"[0.2, 0.2, 0.2, 0.2, 0.2]"
3146,384.410345925537,932524.0312640452,"[0.2, 0.2, 0.2, 0.2, 0.2]"
3147,988.2382740632438,125554.32358546037,"[0.2, 0.2, 0.2, 0.2, 0.2]"
3148,974.196908789323,367916.33369294537,"[0.2, 0.2, 0.2, 0.2, 0.2]"
3149,129.98575678318528,332229.1727642365,"[0.2, 0.2, 0.2, 0.2, 0.2]"
3150,488.4290149858611,249584.7656606759,"[0.2, 0.2, 0.2, 0.2, 0.2]"
3151,757.9050823892514,745193.3923991926,"[0.2, 0.2, 0.2, 0.2, 0.2]"
3152,305.72153407809304,711626.7977955986,"[0.2, 0.2, 0.2, 0.2, 0.2]"
3153,664.3354782446238,675537.6209159137,"[0.2, 0.2, 0.2, 0.2, 0.2]"
3154,529.8237841426176,124740.04582402908,"[0.2, 0.2, 0.2, 0.2, 0.2]"
3155,818.4528477017237,996671.1468320527,"[0.2, 0.2, 0.2, 0.2, 0.2]"
3156,391.3213191608042,244677.23637160726,"[0.2, 0.2, 0.2, 0.2, 0.2]"
3157,667.6209771068045,546156.598918468,"[0.2, 0.2, 0.2, 0.2, 0.2]"
3158,220.77134761340878,164096.27097855983,"[0.2, 0.2, 0.2, 0.2, 0.2]"
3159,262.0724748699871,601027.1800903274,"[0.2, 0.2, 0.2, 0.2, 0.2]"
3160,606.7611565114406,354034.63155318657,"[0.2, 0.2, 0.2, 0.2, 0.2]"
3161,472.08721832762797,627730.1258789629,"[0.2, 0.2, 0.2, 0.2, 0.2]"
3162,309.94862299470424,811449.4090987431,"[0.2, 0.2, 0.2, 0.2, 0.2]"
3163,61.24021747418544,704688.380113561,"[0.2, 0.2, 0.2, 0.2, 0.2]"
3164,994.8313227768501,544268.6509590794,"[0.2, 0.2, 0.2, 0.2, 0.2]"
3165,732.0920752070415,290341.54474307364,"[0.2, 0.2, 0.2, 0.2, 0.2]"
3166,930.6269927315157,740828.4449286293,"[0.2, 0.2, 0.2, 0.2, 0.2]"
3167,781.199792164584,473925.92668102134,"[0.2, 0.2, 0.2, 0.2, 0.2]"
3168,416.9740277422926,777285.4257014116,"[0.2, 0.2, 0.2, 0.2, 0.2]"
3169,918.1978562862736,126569.13101221267,"[0.2, 0.2, 0.2, 0.2, 0.2]"
3170,584.4815388867827,816824.8450397475,"[0.2, 0.2, 0.2, 0.2, 0.2]"
3171,662.6499618901181,808933.6830134175,"[0.2, 0.2, 0.2, 0.2, 0.2]"
3172,223.5324004667806,609216.9649925816,"[0.2, 0.2, 0.2, 0.2, 0.2]"
3173,454.1181306708395,498639.53090554976,"[0.2, 0.2, 0.2, 0.2, 0.2]"
3174,191.70638449569563,963756.2071173824,"[0.2, 0.2, 0.2, 0.2, 0.2]"
3175,515.1569766644739,250716.2419713613,"[0.2, 0.2, 0.2, 0.2, 0.2]"
3176,456.80242619453435,340278.8607949762,"[0.2, 0.2, 0.2, 0.2, 0.2]"
3177,890.4874858008661,143558.01003009823,"[0.2, 0.2, 0.2, 0.2, 0.2]"
3178,113.1414182827941,756389.839216658,"[0.2, 0.2, 0.2, 0.2, 0.2]"
3179,168.94254440088108,393891.4218385384,"[0.2, 0.2, 0.2, 0.2, 0.2]"
3180,824.8961567731375,315143.95304894785,"[0.2, 0.2, 0.2, 0.2, 0.2]"
3181,476.915970696782,812242.0465229476,"[0.2, 0.2, 0.2, 0.2, 0.2]"
3182,425.7589321459758,806337.3129786889,"[0.2, 0.2, 0.2, 0.2, 0.2]"
3183,378.608965090068,775130.1147153567,"[0.2, 0.2, 0.2, 0.2, 0.2]"
3184,12.072568687943502,483572.3835060024,"[0.2, 0.2, 0.2, 0.2, 0.2]"
3185,943.0899521638551,471427.4375626861,"[0.2, 0.2, 0.2, 0.2, 0.2]"
3186,497.3388738392982,576203.4021725149,"[0.2, 0.2, 0.2, 0.2, 0.2]"
3187,855.3321984781722,525671.44005452,"[0.2, 0.2, 0.2, 0.2, 0.2]"
3188,598.0467822630374,420439.48305408837,"[0.2, 0.2, 0.2, 0.2, 0.2]"
3189,399.4390663623176,504373.06007635494,"[0.2, 0.2, 0.2, 0.2, 0.2]"
3190,98.22698604651693,370367.2773412017,"[0.2, 0.2, 0.2, 0.2, 0.2]"
3191,876.1404541901236,490628.04829211935,"[0.2, 0.2, 0.2, 0.2, 0.2]"
3192,189.02011657506307,320788.3851473788,"[0.2, 0.2, 0.2, 0.2, 0.2]"
3193,425.9922186240704,649364.9431181281,"[0.2, 0.2, 0.2, 0.2, 0.2]"
3194,659.5494564070277,758282.3785593872,"[0.2, 0.2, 0.2, 0.2, 0.2]"
3195,758.5587760700573,469917.8664428138,"[0.2, 0.2, 0.2, 0.2, 0.2]"
3196,883.0116614485256,754198.4009773922,"[0.2, 0.2, 0.2, 0.2, 0.2]"
3197,977.7411396808635,773590.1397917952,"[0.2, 0.2, 0.2, 0.2, 0.2]"
3198,838.1902048935907,203943.14591241255,"[0.2, 0.2, 0.2, 0.2, 0.2]"
3199,201.97403528834556,573730.1696719101,"[0.2, 0.2, 0.2, 0.2, 0.2]"
3200,144.84862643534987,372016.91597430786,"[0.2, 0.2, 0.2, 0.2, 0.2]"
3201,732.2026762340812,111751.87805698597,"[0.2, 0.2, 0.2, 0.2, 0.2]"
3202,690.932799429262,514574.24150163215,"[0.2, 0.2, 0.2, 0.2, 0.2]"
3203,335.0725588713502,231240.97113503836,"[0.2, 0.2, 0.2, 0.2, 0.2]"
3204,167.88499959091106,589689.3539942554,"[0.2, 0.2, 0.2, 0.2, 0.2]"
3205,960.4871882434082,145587.48393600446,"[0.2, 0.2, 0.2, 0.2, 0.2]"
3206,879.0760577672963,575190.6142672289,"[0.2, 0.2, 0.2, 0.2, 0.2]"
3207,351.5171920267443,815842.1157654384,"[0.2, 0.2, 0.2, 0.2, 0.2]"
3208,12.29735457605225,205106.83025104116,"[0.2, 0.2, 0.2, 0.2, 0.2]"
3209,230.74775841462642,483169.03578716493,"[0.2, 0.2, 0.2, 0.2, 0.2]"
3210,67.5713386757468,599776.8051280868,"[0.2, 0.2, 0.2, 0.2, 0.2]"
3211,381.8218410840577,728793.3121479454,"[0.2, 0.2, 0.2, 0.2, 0.2]"
3212,184.0594918897165,644422.9836798126,"[0.2, 0.2, 0.2, 0.2, 0.2]"
3213,555.0579721036754,388029.26497606945,"[0.2, 0.2, 0.2, 0.2, 0.2]"
3214,329.43408843545643,112129.89656037107,"[0.2, 0.2, 0.2, 0.2, 0.2]"
3215,412.72201994358215,420895.08071629977,"[0.2, 0.2, 0.2, 0.2, 0.2]"
3216,976.966095987972,847102.165767978,"[0.2, 0.2, 0.2, 0.2, 0.2]"
3217,833.5644515237694,237193.01740395578,"[0.2, 0.2, 0.2, 0.2, 0.2]"
3218,448.2360473426793,227281.46918511245,"[0.2, 0.2, 0.2, 0.2, 0.2]"
3219,971.5619812253382,795394.5245315813,"[0.2, 0.2, 0.2, 0.2, 0.2]"
3220,567.1367281329887,384118.1645896746,"[0.2, 0.2, 0.2, 0.2, 0.2]"
3221,370.08518602712326,793681.4162552734,"[0.2, 0.2, 0.2, 0.2, 0.2]"
3222,441.92307938599987,144627.9922440439,"[0.2, 0.2, 0.2, 0.2, 0.2]"
3223,888.2297850120138,602884.8792702977,"[0.2, 0.2, 0.2, 0.2, 0.2]"
3224,351.89455944390613,794079.5713448088,"[0.2, 0.2, 0.2, 0.2, 0.2]"
3225,734.0598978689127,866061.505911556,"[0.2, 0.2, 0.2, 0.2, 0.2]"
3226,954.9986588305699,381643.91376246704,"[0.2, 0.2, 0.2, 0.2, 0.2]"
3227,617.3243123957607,890973.3887361223,"[0.2, 0.2, 0.2, 0.2, 0.2]"
3228,881.448852571392,169476.2800013645,"[0.2, 0.2, 0.2, 0.2, 0.2]"
3229,134.30164064353144,823298.5534052894,"[0.2, 0.2, 0.2, 0.2, 0.2]"
3230,22.568061666994794,702508.3813315394,"[0.2, 0.2, 0.2, 0.2, 0.2]"
3231,336.88733322112796,198377.28376852057,"[0.2, 0.2, 0.2, 0.2, 0.2]"
3232,53.71353439422902,390693.63364094513,"[0.2, 0.2, 0.2, 0.2, 0.2]"
3233,645.4560044798936,101949.60328344778,"[0.2, 0.2, 0.2, 0.2, 0.2]"
3234,669.281438097106,741827.1052488731,"[0.2, 0.2, 0.2, 0.2, 0.2]"
3235,244.91222970247873,630508.5208983273,"[0.2, 0.2, 0.2, 0.2, 0.2]"
3236,340.1714158212717,969166.0656793013,"[0.2, 0.2, 0.2, 0.2, 0.2]"
3237,397.4426807858518,836092.7123601292,"[0.2, 0.2, 0.2, 0.2, 0.2]"
3238,724.0053208723072,290729.55646628386,"[0.2, 0.2, 0.2, 0.2, 0.2]"
3239,977.6522802819657,770146.5816264896,"[0.2, 0.2, 0.2, 0.2, 0.2]"
3240,927.7768774093474,409270.0434032719,"[0.2, 0.2, 0.2, 0.2, 0.2]"
3241,771.8260107448448,421221.63279198256,"[0.2, 0.2, 0.2, 0.2, 0.2]"
3242,335.5524240887258,145222.83712344177,"[0.2, 0.2, 0.2, 0.2, 0.2]"
3243,288.626961272932,721952.1634311647,"[0.2, 0.2, 0.2, 0.2, 0.2]"
3244,961.6223536212592,462446.9955102374,"[0.2, 0.2, 0.2, 0.2, 0.2]"
3245,836.53286766826,135004.58901627385,"[0.2, 0.2, 0.2, 0.2, 0.2]"
3246,704.2161687726052,740751.8832605177,"[0.2, 0.2, 0.2, 0.2, 0.2]"
3247,914.7339878177627,389410.6423537346,"[0.2, 0.2, 0.2, 0.2, 0.2]"
3248,601.0085267492258,644086.6696746313,"[0.2, 0.2, 0.2, 0.2, 0.2]"
3249,585.6056608899745,304240.6319794627,"[0.2, 0.2, 0.2, 0.2, 0.2]"
3250,308.2856998282006,285403.4949004003,"[0.2, 0.2, 0.2, 0.2, 0.2]"
3251,655.5504478265291,695909.9736230891,"[0.2, 0.2, 0.2, 0.2, 0.2]"
3252,102.93943203051042,904067.7440752797,"[0.2, 0.2, 0.2, 0.2, 0.2]"
3253,124.06242563703132,702424.0447801182,"[0.2, 0.2, 0.2, 0.2, 0.2]"
3254,747.8037597732189,530640.1124620154,"[0.2, 0.2, 0.2, 0.2, 0.2]"
3255,931.0535250093876,522158.5418511352,"[0.2, 0.2, 0.2, 0.2, 0.2]"
3256,349.4288970352399,805839.3987516409,"[0.2, 0.2, 0.2, 0.2, 0.2]"
3257,981.918118383222,696103.1379251697,"[0.2, 0.2, 0.2, 0.2, 0.2]"
3258,704.8828284481615,305265.69490963686,"[0.2, 0.2, 0.2, 0.2, 0.2]"
3259,148.58800897508516,211010.87100933777,"[0.2, 0.2, 0.2, 0.2, 0.2]"
3260,421.82302730195084,825637.0711462036,"[0.2, 0.2, 0.2, 0.2, 0.2]"
3261,242.18587425637227,432551.89800180437,"[0.2, 0.2, 0.2, 0.2, 0.2]"
3262,705.5739146477384,761710.1701587016,"[0.2, 0.2, 0.2, 0.2, 0.2]"
3263,696.403187086233,658824.9127940005,"[0.2, 0.2, 0.2, 0.2, 0.2]"
3264,929.5731912002185,374632.88032309304,"[0.2, 0.2, 0.2, 0.2, 0.2]"
3265,513.2604177697182,900568.6038387455,"[0.2, 0.2, 0.2, 0.2, 0.2]"
3266,635.6003168569883,155874.78886420839,"[0.2, 0.2, 0.2, 0.2, 0.2]"
3267,294.97607855739045,271823.7662494191,"[0.2, 0.2, 0.2, 0.2, 0.2]"
3268,567.802502764068,966087.8446760923,"[0.2, 0.2, 0.2, 0.2, 0.2]"
3269,914.256545114166,962002.8725806609,"[0.2, 0.2, 0.2, 0.2, 0.2]"
3270,204.91378182000727,398307.7050274372,"[0.2, 0.2, 0.2, 0.2, 0.2]"
3271,844.1324476274277,437915.0150186273,"[0.2, 0.2, 0.2, 0.2, 0.2]"
3272,758.5826497126395,148551.47072140858,"[0.2, 0.2, 0.2, 0.2, 0.2]"
3273,285.1563718784298,300756.83270649146,"[0.2, 0.2, 0.2, 0.2, 0.2]"
3274,954.1767598081345,384162.92084620456,"[0.2, 0.2, 0.2, 0.2, 0.2]"
3275,407.4711169484493,573214.0382991639,"[0.2, 0.2, 0.2, 0.2, 0.2]"
3276,965.10448000536,499585.5958403926,"[0.2, 0.2, 0.2, 0.2, 0.2]"
3277,18.040402526565952,460922.2643904667,"[0.2, 0.2, 0.2, 0.2, 0.2]"
3278,351.62377936344046,194572.6947601143,"[0.2, 0.2, 0.2, 0.2, 0.2]"
3279,328.0139924593176,586914.7907096292,"[0.2, 0.2, 0.2, 0.2, 0.2]"
3280,651.833417557586,517781.5983638407,"[0.2, 0.2, 0.2, 0.2, 0.2]"
3281,904.7891514477344,640770.9392317288,"[0.2, 0.2, 0.2, 0.2, 0.2]"
3282,948.1932355492944,224780.8246913772,"[0.2, 0.2, 0.2, 0.2, 0.2]"
3283,133.7288365628724,885721.685474639,"[0.2, 0.2, 0.2, 0.2, 0.2]"
3284,85.06133913385798,965529.4589244853,"[0.2, 0.2, 0.2, 0.2, 0.2]"
3285,862.4644124974346,531237.0171092525,"[0.2, 0.2, 0.2, 0.2, 0.2]"
3286,352.7259671249671,425195.55890492734,"[0.2, 0.2, 0.2, 0.2, 0.2]"
3287,446.54103221248795,123783.48689614753,"[0.2, 0.2, 0.2, 0.2, 0.2]"
3288,28.0478160003325,102423.22487360852,"[0.2, 0.2, 0.2, 0.2, 0.2]"
3289,326.2362235024757,683116.5199416913,"[0.2, 0.2, 0.2, 0.2, 0.2]"
3290,622.2170731211405,185737.90586770888,"[0.2, 0.2, 0.2, 0.2, 0.2]"
3291,104.61494527235678,356389.1329410338,"[0.2, 0.2, 0.2, 0.2, 0.2]"
3292,20.936609964254394,650193.2244762392,"[0.2, 0.2, 0.2, 0.2, 0.2]"
3293,42.58600052721543,488793.24740980583,"[0.2, 0.2, 0.2, 0.2, 0.2]"
3294,388.88983867489173,243139.07021353277,"[0.2, 0.2, 0.2, 0.2, 0.2]"
3295,747.0463305390239,335579.32765926037,"[0.2, 0.2, 0.2, 0.2, 0.2]"
3296,463.2660548444531,551700.3713425491,"[0.2, 0.2, 0.2, 0.2, 0.2]"
3297,258.0103439316292,895812.2958961743,"[0.2, 0.2, 0.2, 0.2, 0.2]"
3298,997.9899192326483,507223.03941643593,"[0.2, 0.2, 0.2, 0.2, 0.2]"
3299,163.87331374024728,707821.3102035011,"[0.2, 0.2, 0.2, 0.2, 0.2]"
3300,594.1054129572033,782566.386209337,"[0.2, 0.2, 0.2, 0.2, 0.2]"
3301,317.3652411258009,648607.4163533306,"[0.2, 0.2, 0.2, 0.2, 0.2]"
3302,110.53181303693431,328305.0257909474,"[0.2, 0.2, 0.2, 0.2, 0.2]"
3303,867.1975538681419,241297.13629693625,"[0.2, 0.2, 0.2, 0.2, 0.2]"
3304,514.6896371522181,708035.331090635,"[0.2, 0.2, 0.2, 0.2, 0.2]"
3305,264.0220603423259,391960.32235329645,"[0.2, 0.2, 0.2, 0.2, 0.2]"
3306,175.4801451190111,251660.84769994198,"[0.2, 0.2, 0.2, 0.2, 0.2]"
3307,910.1715074269651,713040.5097114231,"[0.2, 0.2, 0.2, 0.2, 0.2]"
3308,454.12780988016294,924361.3048212108,"[0.2, 0.2, 0.2, 0.2, 0.2]"
3309,742.4515547619527,367819.4093808959,"[0.2, 0.2, 0.2, 0.2, 0.2]"
3310,966.1417801593304,447546.715384867,"[0.2, 0.2, 0.2, 0.2, 0.2]"
3311,148.69823356512407,915428.6387483735,"[0.2, 0.2, 0.2, 0.2, 0.2]"
3312,684.3016333003144,935774.5929464437,"[0.2, 0.2, 0.2, 0.2, 0.2]"
3313,521.6976600435548,296428.8093138145,"[0.2, 0.2, 0.2, 0.2, 0.2]"
3314,610.1357067299208,656920.4936631693,"[0.2, 0.2, 0.2, 0.2, 0.2]"
3315,811.8001043133024,177333.31194977125,"[0.2, 0.2, 0.2, 0.2, 0.2]"
3316,562.7152835667617,576797.2787215249,"[0.2, 0.2, 0.2, 0.2, 0.2]"
3317,699.4950165184007,415186.2572890172,"[0.2, 0.2, 0.2, 0.2, 0.2]"
3318,435.4879548794306,271290.4796268034,"[0.2, 0.2, 0.2, 0.2, 0.2]"
3319,765.9065735704274,226671.8312871834,"[0.2, 0.2, 0.2, 0.2, 0.2]"
3320,603.8919818583299,421254.4776478668,"[0.2, 0.2, 0.2, 0.2, 0.2]"
3321,741.9889173384939,760563.4600391068,"[0.2, 0.2, 0.2, 0.2, 0.2]"
3322,911.067347229972,350689.68054489803,"[0.2, 0.2, 0.2, 0.2, 0.2]"
3323,588.5407654984531,169197.80100142557,"[0.2, 0.2, 0.2, 0.2, 0.2]"
3324,943.7479701436273,358084.8482153119,"[0.2, 0.2, 0.2, 0.2, 0.2]"
3325,950.9206834273359,540964.6958162098,"[0.2, 0.2, 0.2, 0.2, 0.2]"
3326,164.50955356616953,263628.13050232443,"[0.2, 0.2, 0.2, 0.2, 0.2]"
3327,829.649229111261,551585.5503017675,"[0.2, 0.2, 0.2, 0.2, 0.2]"
3328,624.7250444016926,803589.7239556847,"[0.2, 0.2, 0.2, 0.2, 0.2]"
3329,536.2207132385806,516270.4927188068,"[0.2, 0.2, 0.2, 0.2, 0.2]"
3330,957.445404988815,712524.2874930496,"[0.2, 0.2, 0.2, 0.2, 0.2]"
3331,277.9813579611724,118306.27535807516,"[0.2, 0.2, 0.2, 0.2, 0.2]"
3332,619.3328705759382,548542.8634878135,"[0.2, 0.2, 0.2, 0.2, 0.2]"
3333,738.7945948766819,760064.4784745813,"[0.2, 0.2, 0.2, 0.2, 0.2]"
3334,502.1723087066618,637836.3835595156,"[0.2, 0.2, 0.2, 0.2, 0.2]"
3335,222.02788376614095,913536.8286960372,"[0.2, 0.2, 0.2, 0.2, 0.2]"
3336,775.5106925593922,416518.00098222756,"[0.2, 0.2, 0.2, 0.2, 0.2]"
3337,218.47673163005632,728452.2385186572,"[0.2, 0.2, 0.2, 0.2, 0.2]"
3338,573.6523999019781,706122.6072243492,"[0.2, 0.2, 0.2, 0.2, 0.2]"
3339,505.11549877428666,635045.5819162795,"[0.2, 0.2, 0.2, 0.2, 0.2]"
3340,248.79058077058073,897832.8751131952,"[0.2, 0.2, 0.2, 0.2, 0.2]"
3341,780.3655805839848,746269.7447102956,"[0.2, 0.2, 0.2, 0.2, 0.2]"
3342,67.37445600356872,382534.5546890863,"[0.2, 0.2, 0.2, 0.2, 0.2]"
3343,975.8177087883955,649478.5256236846,"[0.2, 0.2, 0.2, 0.2, 0.2]"
3344,310.4298965845444,274662.29798547074,"[0.2, 0.2, 0.2, 0.2, 0.2]"
3345,519.6663098958666,484814.49478575296,"[0.2, 0.2, 0.2, 0.2, 0.2]"
3346,311.2403310012781,308363.2052223288,"[0.2, 0.2, 0.2, 0.2, 0.2]"
3347,234.1630372044787,716519.291276346,"[0.2, 0.2, 0.2, 0.2, 0.2]"
3348,934.6588218454124,909880.0560156677,"[0.2, 0.2, 0.2, 0.2, 0.2]"
3349,174.76434111310564,752060.1669635028,"[0.2, 0.2, 0.2, 0.2, 0.2]"
3350,952.3141363031805,225654.72789441317,"[0.2, 0.2, 0.2, 0.2, 0.2]"
3351,372.5669827263415,988687.7288178437,"[0.2, 0.2, 0.2, 0.2, 0.2]"
3352,296.3685538464092,558039.6026303078,"[0.2, 0.2, 0.2, 0.2, 0.2]"
3353,469.50509774096207,684932.2563772295,"[0.2, 0.2, 0.2, 0.2, 0.2]"
3354,17.890432792140388,939391.33215806,"[0.2, 0.2, 0.2, 0.2, 0.2]"
3355,566.183222174894,386866.74905436346,"[0.2, 0.2, 0.2, 0.2, 0.2]"
3356,319.22096201296154,442486.9651772823,"[0.2, 0.2, 0.2, 0.2, 0.2]"
3357,104.92364952580857,374260.81044967234,"[0.2, 0.2, 0.2, 0.2, 0.2]"
3358,367.9304680538613,490563.64419336023,"[0.2, 0.2, 0.2, 0.2, 0.2]"
3359,945.7426962823025,647497.827567645,"[0.2, 0.2, 0.2, 0.2, 0.2]"
3360,774.5051003673395,519304.14582383895,"[0.2, 0.2, 0.2, 0.2, 0.2]"
3361,58.99181207425993,435533.5791377454,"[0.2, 0.2, 0.2, 0.2, 0.2]"
3362,631.3368877026072,272689.2910050665,"[0.2, 0.2, 0.2, 0.2, 0.2]"
3363,297.43518177914694,417905.00322584884,"[0.2, 0.2, 0.2, 0.2, 0.2]"
3364,232.11251287312686,606835.9110590629,"[0.2, 0.2, 0.2, 0.2, 0.2]"
3365,832.6024246040812,114907.1316496723,"[0.2, 0.2, 0.2, 0.2, 0.2]"
3366,516.2229392120322,424239.77046174364,"[0.2, 0.2, 0.2, 0.2, 0.2]"
3367,448.76105527741134,381611.9723163908,"[0.2, 0.2, 0.2, 0.2, 0.2]"
3368,759.6342978884201,526167.345755729,"[0.2, 0.2, 0.2, 0.2, 0.2]"
3369,365.58057411919657,635782.4771376906,"[0.2, 0.2, 0.2, 0.2, 0.2]"
3370,166.87579569466772,156666.83285268105,"[0.2, 0.2, 0.2, 0.2, 0.2]"
3371,882.9967006320265,976703.4362390066,"[0.2, 0.2, 0.2, 0.2, 0.2]"
3372,301.765634067364,999402.8909079421,"[0.2, 0.2, 0.2, 0.2, 0.2]"
3373,712.6129796331702,663958.9422627494,"[0.2, 0.2, 0.2, 0.2, 0.2]"
3374,148.91461659589393,252879.27912860588,"[0.2, 0.2, 0.2, 0.2, 0.2]"
3375,149.253704803112,129411.18968083577,"[0.2, 0.2, 0.2, 0.2, 0.2]"
3376,544.0346824993588,172804.29050614726,"[0.2, 0.2, 0.2, 0.2, 0.2]"
3377,840.092720186803,158061.28288643216,"[0.2, 0.2, 0.2, 0.2, 0.2]"
3378,425.913610463518,325319.6439523865,"[0.2, 0.2, 0.2, 0.2, 0.2]"
3379,492.0266039168689,515361.1191594379,"[0.2, 0.2, 0.2, 0.2, 0.2]"
3380,157.55273883437263,273354.17500304774,"[0.2, 0.2, 0.2, 0.2, 0.2]"
3381,662.4749641112508,651720.4699530676,"[0.2, 0.2, 0.2, 0.2, 0.2]"
3382,375.7185469910758,850800.4285081102,"[0.2, 0.2, 0.2, 0.2, 0.2]"
3383,688.0251739306694,950046.5203041611,"[0.2, 0.2, 0.2, 0.2, 0.2]"
3384,580.4511076211644,814392.6493813328,"[0.2, 0.2, 0.2, 0.2, 0.2]"
3385,783.8413365726996,555965.1516223906,"[0.2, 0.2, 0.2, 0.2, 0.2]"
3386,991.2178813342409,184293.43468726653,"[0.2, 0.2, 0.2, 0.2, 0.2]"
3387,845.3005084354437,801580.646305484,"[0.2, 0.2, 0.2, 0.2, 0.2]"
3388,979.5579211566829,921284.4142113203,"[0.2, 0.2, 0.2, 0.2, 0.2]"
3389,986.6639517015898,139237.2687377811,"[0.2, 0.2, 0.2, 0.2, 0.2]"
3390,929.2355086205818,331300.7088164643,"[0.2, 0.2, 0.2, 0.2, 0.2]"
3391,689.1480115341282,502265.0122684146,"[0.2, 0.2, 0.2, 0.2, 0.2]"
3392,682.0803803755244,225842.64095645887,"[0.2, 0.2, 0.2, 0.2, 0.2]"
3393,758.1630495003412,730626.5746030185,"[0.2, 0.2, 0.2, 0.2, 0.2]"
3394,202.14600182099505,868516.192464812,"[0.2, 0.2, 0.2, 0.2, 0.2]"
3395,287.5548943791716,620801.6606324471,"[0.2, 0.2, 0.2, 0.2, 0.2]"
3396,534.8946118322756,838073.7582022273,"[0.2, 0.2, 0.2, 0.2, 0.2]"
3397,385.56049876807583,160118.75303010803,"[0.2, 0.2, 0.2, 0.2, 0.2]"
3398,494.83112263525317,617525.2125218313,"[0.2, 0.2, 0.2, 0.2, 0.2]"
3399,334.3732596821458,665907.645042136,"[0.2, 0.2, 0.2, 0.2, 0.2]"
3400,811.2148508921407,715589.1450485769,"[0.2, 0.2, 0.2, 0.2, 0.2]"
3401,772.3395024350494,887861.6608856347,"[0.2, 0.2, 0.2, 0.2, 0.2]"
3402,91.64797350068169,126580.79720928345,"[0.2, 0.2, 0.2, 0.2, 0.2]"
3403,594.1094768438014,943870.2285886433,"[0.2, 0.2, 0.2, 0.2, 0.2]"
3404,724.2003464497016,277718.28813136683,"[0.2, 0.2, 0.2, 0.2, 0.2]"
3405,750.9064541919835,765010.6663013496,"[0.2, 0.2, 0.2, 0.2, 0.2]"
3406,783.5970507874817,320872.669018236,"[0.2, 0.2, 0.2, 0.2, 0.2]"
3407,243.26520343400463,224257.56797384474,"[0.2, 0.2, 0.2, 0.2, 0.2]"
3408,860.9511678113394,408516.6974452242,"[0.2, 0.2, 0.2, 0.2, 0.2]"
3409,615.3898762657204,154477.0696589162,"[0.2, 0.2, 0.2, 0.2, 0.2]"
3410,324.7835649705857,422129.62851425627,"[0.2, 0.2, 0.2, 0.2, 0.2]"
3411,647.2859547928615,599041.822549554,"[0.2, 0.2, 0.2, 0.2, 0.2]"
3412,42.52030477175367,781735.2797110947,"[0.2, 0.2, 0.2, 0.2, 0.2]"
3413,961.4585910497959,395133.05141507223,"[0.2, 0.2, 0.2, 0.2, 0.2]"
3414,447.87878624897036,565715.8065311449,"[0.2, 0.2, 0.2, 0.2, 0.2]"
3415,609.0964937571099,682976.2504856627,"[0.2, 0.2, 0.2, 0.2, 0.2]"
3416,349.84012965416036,507610.4272617588,"[0.2, 0.2, 0.2, 0.2, 0.2]"
3417,754.2548443528012,787160.5466778865,"[0.2, 0.2, 0.2, 0.2, 0.2]"
3418,543.5831693764947,394232.7878146198,"[0.2, 0.2, 0.2, 0.2, 0.2]"
3419,448.65527034523035,126619.48857912008,"[0.2, 0.2, 0.2, 0.2, 0.2]"
3420,756.0431522393985,809435.5887955669,"[0.2, 0.2, 0.2, 0.2, 0.2]"
3421,501.3936875755096,653259.2263495381,"[0.2, 0.2, 0.2, 0.2, 0.2]"
3422,442.67658480731444,497375.72934122116,"[0.2, 0.2, 0.2, 0.2, 0.2]"
3423,622.6483301879318,823770.357118714,"[0.2, 0.2, 0.2, 0.2, 0.2]"
3424,404.63422080828246,823244.6302208158,"[0.2, 0.2, 0.2, 0.2, 0.2]"
3425,702.1288870468779,635604.2621957045,"[0.2, 0.2, 0.2, 0.2, 0.2]"
3426,395.1045886575653,335849.14653374825,"[0.2, 0.2, 0.2, 0.2, 0.2]"
3427,167.9730060762464,318227.7343568695,"[0.2, 0.2, 0.2, 0.2, 0.2]"
3428,856.8573137141929,898294.5832717115,"[0.2, 0.2, 0.2, 0.2, 0.2]"
3429,938.5159783729571,439006.7393424714,"[0.2, 0.2, 0.2, 0.2, 0.2]"
3430,39.921661232043384,902635.9531780869,"[0.2, 0.2, 0.2, 0.2, 0.2]"
3431,465.64860427302557,783694.5333320173,"[0.2, 0.2, 0.2, 0.2, 0.2]"
3432,505.71128221452904,956728.5463527424,"[0.2, 0.2, 0.2, 0.2, 0.2]"
3433,66.34269061076682,192374.33020477986,"[0.2, 0.2, 0.2, 0.2, 0.2]"
3434,99.00221161505675,302634.1102741026,"[0.2, 0.2, 0.2, 0.2, 0.2]"
3435,446.740135600301,696137.7742837678,"[0.2, 0.2, 0.2, 0.2, 0.2]"
3436,194.1834391743479,393830.187608761,"[0.2, 0.2, 0.2, 0.2, 0.2]"
3437,379.7285870756486,588999.5036246018,"[0.2, 0.2, 0.2, 0.2, 0.2]"
3438,277.4203189207274,219433.61082445405,"[0.2, 0.2, 0.2, 0.2, 0.2]"
3439,625.2294769348979,334744.3206317892,"[0.2, 0.2, 0.2, 0.2, 0.2]"
3440,23.926923790252097,387966.4681255406,"[0.2, 0.2, 0.2, 0.2, 0.2]"
3441,906.4791199022465,706754.4125962072,"[0.2, 0.2, 0.2, 0.2, 0.2]"
3442,350.8746923236088,744392.1602221959,"[0.2, 0.2, 0.2, 0.2, 0.2]"
3443,207.54604135161614,194265.91227408074,"[0.2, 0.2, 0.2, 0.2, 0.2]"
3444,500.48782851214304,780590.035460339,"[0.2, 0.2, 0.2, 0.2, 0.2]"
3445,284.2093161165768,134930.05580495976,"[0.2, 0.2, 0.2, 0.2, 0.2]"
3446,241.28528529744577,656484.7149318166,"[0.2, 0.2, 0.2, 0.2, 0.2]"
3447,268.21540470365767,349720.7734653286,"[0.2, 0.2, 0.2, 0.2, 0.2]"
3448,297.77904363349467,737020.0379706363,"[0.2, 0.2, 0.2, 0.2, 0.2]"
3449,288.96930411756347,891203.1057974516,"[0.2, 0.2, 0.2, 0.2, 0.2]"
3450,281.6014508003221,563068.9062302967,"[0.2, 0.2, 0.2, 0.2, 0.2]"
3451,544.8437378182488,226977.1941503632,"[0.2, 0.2, 0.2, 0.2, 0.2]"
3452,497.27265140774796,721567.3179955693,"[0.2, 0.2, 0.2, 0.2, 0.2]"
3453,32.131228914349535,613149.4138457507,"[0.2, 0.2, 0.2, 0.2, 0.2]"
3454,220.1189064537247,530223.3820802709,"[0.2, 0.2, 0.2, 0.2, 0.2]"
3455,358.3469720340502,302439.5687561737,"[0.2, 0.2, 0.2, 0.2, 0.2]"
3456,923.8533550471769,685842.7768446394,"[0.2, 0.2, 0.2, 0.2, 0.2]"
3457,689.2541040154692,457347.58678896213,"[0.2, 0.2, 0.2, 0.2, 0.2]"
3458,50.829923647525646,112038.6483668931,"[0.2, 0.2, 0.2, 0.2, 0.2]"
3459,67.68735162462144,113840.59764517489,"[0.2, 0.2, 0.2, 0.2, 0.2]"
3460,169.74284452564584,146773.29106610818,"[0.2, 0.2, 0.2, 0.2, 0.2]"
3461,91.27362661197387,660063.1140842343,"[0.2, 0.2, 0.2, 0.2, 0.2]"
3462,687.7806484162124,837318.0391153044,"[0.2, 0.2, 0.2, 0.2, 0.2]"
3463,19.068898356709646,912621.9886344479,"[0.2, 0.2, 0.2, 0.2, 0.2]"
3464,727.325221374478,972580.6095945135,"[0.2, 0.2, 0.2, 0.2, 0.2]"
3465,937.161772635981,729466.9508951454,"[0.2, 0.2, 0.2, 0.2, 0.2]"
3466,456.3634435165354,264320.60646837554,"[0.2, 0.2, 0.2, 0.2, 0.2]"
3467,809.8009944149076,678520.627039212,"[0.2, 0.2, 0.2, 0.2, 0.2]"
3468,233.10725179054663,329694.02761777386,"[0.2, 0.2, 0.2, 0.2, 0.2]"
3469,929.5063682442769,732029.5908133115,"[0.2, 0.2, 0.2, 0.2, 0.2]"
3470,843.5437440767861,344395.71539941797,"[0.2, 0.2, 0.2, 0.2, 0.2]"
3471,820.1868412182431,627407.0338761369,"[0.2, 0.2, 0.2, 0.2, 0.2]"
3472,789.5523168654506,385801.4133688443,"[0.2, 0.2, 0.2, 0.2, 0.2]"
3473,534.5051176801883,347370.2190328717,"[0.2, 0.2, 0.2, 0.2, 0.2]"
3474,342.8194633511062,765907.4255166848,"[0.2, 0.2, 0.2, 0.2, 0.2]"
3475,943.5434523811435,313593.1441677011,"[0.2, 0.2, 0.2, 0.2, 0.2]"
3476,182.74150638784678,896078.2239393948,"[0.2, 0.2, 0.2, 0.2, 0.2]"
3477,346.6623661115581,359579.04672578647,"[0.2, 0.2, 0.2, 0.2, 0.2]"
3478,611.5355796365864,795361.5947352555,"[0.2, 0.2, 0.2, 0.2, 0.2]"
3479,180.75099089756117,765808.3062600134,"[0.2, 0.2, 0.2, 0.2, 0.2]"
3480,825.2849198802985,416283.2829442781,"[0.2, 0.2, 0.2, 0.2, 0.2]"
3481,786.6302889199325,227091.473139824,"[0.2, 0.2, 0.2, 0.2, 0.2]"
3482,378.6954722501174,400006.60967921646,"[0.2, 0.2, 0.2, 0.2, 0.2]"
3483,901.2352832805133,215775.18536486675,"[0.2, 0.2, 0.2, 0.2, 0.2]"
3484,305.348717509896,941500.6138613517,"[0.2, 0.2, 0.2, 0.2, 0.2]"
3485,100.18625372850003,277188.3869116644,"[0.2, 0.2, 0.2, 0.2, 0.2]"
3486,784.1250574383403,359262.32749476563,"[0.2, 0.2, 0.2, 0.2, 0.2]"
3487,805.3967992179006,757833.4209736858,"[0.2, 0.2, 0.2, 0.2, 0.2]"
3488,866.4609364428572,212477.14638628185,"[0.2, 0.2, 0.2, 0.2, 0.2]"
3489,459.8029452841906,323482.7387861524,"[0.2, 0.2, 0.2, 0.2, 0.2]"
3490,215.5905389524531,651555.6083356432,"[0.2, 0.2, 0.2, 0.2, 0.2]"
3491,252.0498055394283,550469.1854942562,"[0.2, 0.2, 0.2, 0.2, 0.2]"
3492,464.2490061137599,507148.65211924195,"[0.2, 0.2, 0.2, 0.2, 0.2]"
3493,26.44016612280612,378306.8197183244,"[0.2, 0.2, 0.2, 0.2, 0.2]"
3494,806.866709117135,435676.10680245893,"[0.2, 0.2, 0.2, 0.2, 0.2]"
3495,744.0340749174472,463143.5994729345,"[0.2, 0.2, 0.2, 0.2, 0.2]"
3496,813.201133867015,371268.9384455994,"[0.2, 0.2, 0.2, 0.2, 0.2]"
3497,737.7692677262456,374314.80432574195,"[0.2, 0.2, 0.2, 0.2, 0.2]"
3498,782.0004514045689,848362.4177931399,"[0.2, 0.2, 0.2, 0.2, 0.2]"
3499,342.05062473156875,621915.523530565,"[0.2, 0.2, 0.2, 0.2, 0.2]"
3500,325.85131813813996,708951.1333496936,"[0.2, 0.2, 0.2, 0.2, 0.2]"
3501,954.1592742024906,563818.3849852608,"[0.2, 0.2, 0.2, 0.2, 0.2]"
3502,313.0151241277442,643549.7484716062,"[0.2, 0.2, 0.2, 0.2, 0.2]"
3503,546.8777372243063,568059.4170272648,"[0.2, 0.2, 0.2, 0.2, 0.2]"
3504,239.90146446860226,446684.43432748737,"[0.2, 0.2, 0.2, 0.2, 0.2]"
3505,257.47386707765736,732118.9478005297,"[0.2, 0.2, 0.2, 0.2, 0.2]"
3506,242.1804912150462,710479.3966571385,"[0.2, 0.2, 0.2, 0.2, 0.2]"
3507,771.31721409664,825204.6646170705,"[0.2, 0.2, 0.2, 0.2, 0.2]"
3508,458.6714188033622,640881.7126667182,"[0.2, 0.2, 0.2, 0.2, 0.2]"
3509,648.1673165057479,159924.75880049792,"[0.2, 0.2, 0.2, 0.2, 0.2]"
3510,375.2018754037512,798895.2135996092,"[0.2, 0.2, 0.2, 0.2, 0.2]"
3511,974.2926504452586,272771.45746975753,"[0.2, 0.2, 0.2, 0.2, 0.2]"
3512,996.0041074919839,705289.4411798717,"[0.2, 0.2, 0.2, 0.2, 0.2]"
3513,89.0050717886938,334140.18791454565,"[0.2, 0.2, 0.2, 0.2, 0.2]"
3514,21.07983418877069,284990.5187023238,"[0.2, 0.2, 0.2, 0.2, 0.2]"
3515,962.0921125798076,963535.8312576084,"[0.2, 0.2, 0.2, 0.2, 0.2]"
3516,753.6182466501302,515167.8751700815,"[0.2, 0.2, 0.2, 0.2, 0.2]"
3517,396.5285691774613,906691.6004548582,"[0.2, 0.2, 0.2, 0.2, 0.2]"
3518,406.631824272831,176785.82566074433,"[0.2, 0.2, 0.2, 0.2, 0.2]"
3519,778.782482127802,659250.9247117547,"[0.2, 0.2, 0.2, 0.2, 0.2]"
3520,408.9150571340456,294262.0539053732,"[0.2, 0.2, 0.2, 0.2, 0.2]"
3521,85.11033325870558,401092.7794357035,"[0.2, 0.2, 0.2, 0.2, 0.2]"
3522,481.01872867700456,848527.1159117917,"[0.2, 0.2, 0.2, 0.2, 0.2]"
3523,476.22698070698823,291608.61641390517,"[0.2, 0.2, 0.2, 0.2, 0.2]"
3524,466.12497891583996,522658.7071361542,"[0.2, 0.2, 0.2, 0.2, 0.2]"
3525,628.5125098715642,402400.49284331355,"[0.2, 0.2, 0.2, 0.2, 0.2]"
3526,296.4384557821004,108153.67567818335,"[0.2, 0.2, 0.2, 0.2, 0.2]"
3527,867.1696194747876,896783.9647742382,"[0.2, 0.2, 0.2, 0.2, 0.2]"
3528,47.49953148663192,395775.447214658,"[0.2, 0.2, 0.2, 0.2, 0.2]"
3529,32.28912334643607,953683.6198445557,"[0.2, 0.2, 0.2, 0.2, 0.2]"
3530,971.9853508087932,278296.8412621658,"[0.2, 0.2, 0.2, 0.2, 0.2]"
3531,550.1123880825337,567402.9601391559,"[0.2, 0.2, 0.2, 0.2, 0.2]"
3532,220.13937666970142,652461.7023802717,"[0.2, 0.2, 0.2, 0.2, 0.2]"
3533,665.589699846736,981397.8035691539,"[0.2, 0.2, 0.2, 0.2, 0.2]"
3534,875.6276997500859,912226.269800327,"[0.2, 0.2, 0.2, 0.2, 0.2]"
3535,601.0074556261019,137432.41594522877,"[0.2, 0.2, 0.2, 0.2, 0.2]"
3536,812.9779901145138,219589.88510253924,"[0.2, 0.2, 0.2, 0.2, 0.2]"
3537,806.5583456561317,602418.1392843896,"[0.2, 0.2, 0.2, 0.2, 0.2]"
3538,337.2753492295552,917184.2717666302,"[0.2, 0.2, 0.2, 0.2, 0.2]"
3539,822.0221192461667,103095.37891586528,"[0.2, 0.2, 0.2, 0.2, 0.2]"
3540,590.1169322627942,465769.10395402974,"[0.2, 0.2, 0.2, 0.2, 0.2]"
3541,164.3531928223991,500426.38477482635,"[0.2, 0.2, 0.2, 0.2, 0.2]"
3542,188.479201737005,168025.00700643734,"[0.2, 0.2, 0.2, 0.2, 0.2]"
3543,415.79524729429306,980118.6626674253,"[0.2, 0.2, 0.2, 0.2, 0.2]"
3544,466.39107401083595,135893.9742894015,"[0.2, 0.2, 0.2, 0.2, 0.2]"
3545,282.33977244636765,331194.04114902916,"[0.2, 0.2, 0.2, 0.2, 0.2]"
3546,390.0574793995394,808794.8045326361,"[0.2, 0.2, 0.2, 0.2, 0.2]"
3547,370.8621201613432,749290.9002320522,"[0.2, 0.2, 0.2, 0.2, 0.2]"
3548,682.9130070521092,698265.5588101046,"[0.2, 0.2, 0.2, 0.2, 0.2]"
3549,998.8095496654296,965325.0118673366,"[0.2, 0.2, 0.2, 0.2, 0.2]"
3550,708.9679644604917,528213.4256592033,"[0.2, 0.2, 0.2, 0.2, 0.2]"
3551,805.880463340196,229108.8602490421,"[0.2, 0.2, 0.2, 0.2, 0.2]"
3552,474.3966707542832,391539.8521207179,"[0.2, 0.2, 0.2, 0.2, 0.2]"
3553,302.8246892397815,191959.82338445325,"[0.2, 0.2, 0.2, 0.2, 0.2]"
3554,965.713173812665,491242.82772591425,"[0.2, 0.2, 0.2, 0.2, 0.2]"
3555,558.6516972240067,831699.5765165363,"[0.2, 0.2, 0.2, 0.2, 0.2]"
3556,794.8316256430334,501097.68077414023,"[0.2, 0.2, 0.2, 0.2, 0.2]"
3557,20.183507373979165,800062.5904352244,"[0.2, 0.2, 0.2, 0.2, 0.2]"
3558,933.6435204618211,329028.8343234265,"[0.2, 0.2, 0.2, 0.2, 0.2]"
3559,452.61535911182517,216792.62840838218,"[0.2, 0.2, 0.2, 0.2, 0.2]"
3560,908.5470725618393,742185.7000001441,"[0.2, 0.2, 0.2, 0.2, 0.2]"
3561,758.4130538948535,971578.2769145092,"[0.2, 0.2, 0.2, 0.2, 0.2]"
3562,425.8786983381178,349182.1927701488,"[0.2, 0.2, 0.2, 0.2, 0.2]"
3563,476.6771276136461,311660.82942607545,"[0.2, 0.2, 0.2, 0.2, 0.2]"
3564,793.8199702015263,750709.5971196787,"[0.2, 0.2, 0.2, 0.2, 0.2]"
3565,392.6464438116073,351921.78199334396,"[0.2, 0.2, 0.2, 0.2, 0.2]"
3566,597.7996306989847,112325.51674147093,"[0.2, 0.2, 0.2, 0.2, 0.2]"
3567,43.63322688911411,929236.8996784117,"[0.2, 0.2, 0.2, 0.2, 0.2]"
3568,869.4774793601442,585136.5161908206,"[0.2, 0.2, 0.2, 0.2, 0.2]"
3569,151.69567038535462,103777.90920330511,"[0.2, 0.2, 0.2, 0.2, 0.2]"
3570,538.9206646845646,544583.2889070975,"[0.2, 0.2, 0.2, 0.2, 0.2]"
3571,817.2964510865008,339355.8828032261,"[0.2, 0.2, 0.2, 0.2, 0.2]"
3572,704.3893182242629,413028.0488274592,"[0.2, 0.2, 0.2, 0.2, 0.2]"
3573,552.6887261129243,385491.23626704235,"[0.2, 0.2, 0.2, 0.2, 0.2]"
3574,594.3331241774147,758279.99425794,"[0.2, 0.2, 0.2, 0.2, 0.2]"
3575,876.9636354891051,994005.5756282951,"[0.2, 0.2, 0.2, 0.2, 0.2]"
3576,723.0972019022716,478078.5597841339,"[0.2, 0.2, 0.2, 0.2, 0.2]"
3577,950.6845436523752,604513.7109970455,"[0.2, 0.2, 0.2, 0.2, 0.2]"
3578,170.89353330333446,793428.8064283803,"[0.2, 0.2, 0.2, 0.2, 0.2]"
3579,986.5926421025373,793122.241588718,"[0.2, 0.2, 0.2, 0.2, 0.2]"
3580,359.7317832677375,643585.3560449037,"[0.2, 0.2, 0.2, 0.2, 0.2]"
3581,437.45632022904306,209725.0950558242,"[0.2, 0.2, 0.2, 0.2, 0.2]"
3582,412.20300520097214,641034.4725436557,"[0.2, 0.2, 0.2, 0.2, 0.2]"
3583,663.0045343672064,898512.2016793555,"[0.2, 0.2, 0.2, 0.2, 0.2]"
3584,286.31170522684374,915931.6255379402,"[0.2, 0.2, 0.2, 0.2, 0.2]"
3585,253.49990607937872,675976.7384741143,"[0.2, 0.2, 0.2, 0.2, 0.2]"
3586,387.3057721658946,984741.6151442878,"[0.2, 0.2, 0.2, 0.2, 0.2]"
3587,968.4058463005715,478030.96899040625,"[0.2, 0.2, 0.2, 0.2, 0.2]"
3588,223.05804496265492,410101.914112524,"[0.2, 0.2, 0.2, 0.2, 0.2]"
3589,228.33591308502224,290261.8993044548,"[0.2, 0.2, 0.2, 0.2, 0.2]"
3590,534.661747202715,386609.7211187952,"[0.2, 0.2, 0.2, 0.2, 0.2]"
3591,993.0881462095938,917870.3589487195,"[0.2, 0.2, 0.2, 0.2, 0.2]"
3592,39.40617811646973,445327.95860114257,"[0.2, 0.2, 0.2, 0.2, 0.2]"
3593,453.83586630550496,882631.6941248921,"[0.2, 0.2, 0.2, 0.2, 0.2]"
3594,388.4359730687234,481926.7527901431,"[0.2, 0.2, 0.2, 0.2, 0.2]"
3595,230.2916061259283,745119.0164619368,"[0.2, 0.2, 0.2, 0.2, 0.2]"
3596,478.6752727601138,516914.20616148924,"[0.2, 0.2, 0.2, 0.2, 0.2]"
3597,845.0301874715648,873726.0588439899,"[0.2, 0.2, 0.2, 0.2, 0.2]"
3598,51.14575946850436,466958.78988334205,"[0.2, 0.2, 0.2, 0.2, 0.2]"
3599,909.9991522655389,891202.8965340514,"[0.2, 0.2, 0.2, 0.2, 0.2]"
3600,695.6852901306028,574833.7334039388,"[0.2, 0.2, 0.2, 0.2, 0.2]"
3601,130.31600615666645,779531.4077720181,"[0.2, 0.2, 0.2, 0.2, 0.2]"
3602,847.9358271879785,831116.4387963939,"[0.2, 0.2, 0.2, 0.2, 0.2]"
3603,83.6961774835296,275044.7265799432,"[0.2, 0.2, 0.2, 0.2, 0.2]"
3604,872.6591336559861,628061.7402436807,"[0.2, 0.2, 0.2, 0.2, 0.2]"
3605,870.219484284251,908494.7098131131,"[0.2, 0.2, 0.2, 0.2, 0.2]"
3606,451.4817808190916,202967.6512539005,"[0.2, 0.2, 0.2, 0.2, 0.2]"
3607,200.40046982778694,649188.6750231957,"[0.2, 0.2, 0.2, 0.2, 0.2]"
3608,842.39616117797,582887.4298739188,"[0.2, 0.2, 0.2, 0.2, 0.2]"
3609,500.4371496710069,234384.74181820796,"[0.2, 0.2, 0.2, 0.2, 0.2]"
3610,221.33105356810862,791905.6720456245,"[0.2, 0.2, 0.2, 0.2, 0.2]"
3611,875.7533153572932,489557.1315269803,"[0.2, 0.2, 0.2, 0.2, 0.2]"
3612,380.8403741759849,478093.9276619363,"[0.2, 0.2, 0.2, 0.2, 0.2]"
3613,381.26635771529897,774581.8600045607,"[0.2, 0.2, 0.2, 0.2, 0.2]"
3614,78.16565524749386,864540.13189178,"[0.2, 0.2, 0.2, 0.2, 0.2]"
3615,613.0982507522441,346320.4871834499,"[0.2, 0.2, 0.2, 0.2, 0.2]"
3616,71.74696413099386,193984.9364865772,"[0.2, 0.2, 0.2, 0.2, 0.2]"
3617,28.766796830355258,822780.811401921,"[0.2, 0.2, 0.2, 0.2, 0.2]"
3618,82.68223516048411,773440.7867726198,"[0.2, 0.2, 0.2, 0.2, 0.2]"
3619,818.2116172063119,428331.7544933998,"[0.2, 0.2, 0.2, 0.2, 0.2]"
3620,522.8289702700166,760459.985833738,"[0.2, 0.2, 0.2, 0.2, 0.2]"
3621,732.1894310076144,392504.56206658145,"[0.2, 0.2, 0.2, 0.2, 0.2]"
3622,15.396559373553716,812489.992405598,"[0.2, 0.2, 0.2, 0.2, 0.2]"
3623,309.57830080006835,285722.602202825,"[0.2, 0.2, 0.2, 0.2, 0.2]"
3624,170.45088871548714,882557.2294591164,"[0.2, 0.2, 0.2, 0.2, 0.2]"
3625,404.6238201168755,599347.4304217487,"[0.2, 0.2, 0.2, 0.2, 0.2]"
3626,498.420682139717,933519.2905014136,"[0.2, 0.2, 0.2, 0.2, 0.2]"
3627,21.169456531206407,242099.95709205978,"[0.2, 0.2, 0.2, 0.2, 0.2]"
3628,368.8103885468749,673365.001288574,"[0.2, 0.2, 0.2, 0.2, 0.2]"
3629,422.61189856954724,748825.6920440722,"[0.2, 0.2, 0.2, 0.2, 0.2]"
3630,973.7614035337901,125742.3008137214,"[0.2, 0.2, 0.2, 0.2, 0.2]"
3631,615.6498630767863,882053.0022158659,"[0.2, 0.2, 0.2, 0.2, 0.2]"
3632,588.7175272134526,484749.12409839575,"[0.2, 0.2, 0.2, 0.2, 0.2]"
3633,144.0564977784342,546322.1013863971,"[0.2, 0.2, 0.2, 0.2, 0.2]"
3634,931.7324186019454,865376.7246536097,"[0.2, 0.2, 0.2, 0.2, 0.2]"
3635,939.731745085427,462469.4659870027,"[0.2, 0.2, 0.2, 0.2, 0.2]"
3636,132.64439752995304,202886.98073426986,"[0.2, 0.2, 0.2, 0.2, 0.2]"
3637,992.9745454721552,603688.5744691994,"[0.2, 0.2, 0.2, 0.2, 0.2]"
3638,580.9303941844688,445585.7456406399,"[0.2, 0.2, 0.2, 0.2, 0.2]"
3639,308.07246738136166,260851.6418729505,"[0.2, 0.2, 0.2, 0.2, 0.2]"
3640,429.3624695517685,633114.3904171868,"[0.2, 0.2, 0.2, 0.2, 0.2]"
3641,41.28508094758743,438130.621572592,"[0.2, 0.2, 0.2, 0.2, 0.2]"
3642,469.09212189320453,931042.9525957251,"[0.2, 0.2, 0.2, 0.2, 0.2]"
3643,186.0314414259222,663918.5806061771,"[0.2, 0.2, 0.2, 0.2, 0.2]"
3644,611.4095890349151,242716.48460158738,"[0.2, 0.2, 0.2, 0.2, 0.2]"
3645,266.5151309000483,100743.69495008724,"[0.2, 0.2, 0.2, 0.2, 0.2]"
3646,830.6712573706768,512053.50130462734,"[0.2, 0.2, 0.2, 0.2, 0.2]"
3647,558.1747474501113,349758.7251869373,"[0.2, 0.2, 0.2, 0.2, 0.2]"
3648,396.7607359380303,203490.8886183577,"[0.2, 0.2, 0.2, 0.2, 0.2]"
3649,849.524124492747,804959.5546772904,"[0.2, 0.2, 0.2, 0.2, 0.2]"
3650,804.4309313533167,788575.4320653151,"[0.2, 0.2, 0.2, 0.2, 0.2]"
3651,523.8694314790604,367929.4973335305,"[0.2, 0.2, 0.2, 0.2, 0.2]"
3652,268.2642044499359,509386.98918851913,"[0.2, 0.2, 0.2, 0.2, 0.2]"
3653,828.5661410032355,841620.2002803389,"[0.2, 0.2, 0.2, 0.2, 0.2]"
3654,935.5392162494602,155136.65507393779,"[0.2, 0.2, 0.2, 0.2, 0.2]"
3655,498.83453042404403,326161.2164129615,"[0.2, 0.2, 0.2, 0.2, 0.2]"
3656,818.8198806154155,250590.46370400503,"[0.2, 0.2, 0.2, 0.2, 0.2]"
3657,108.61434197981903,607707.7147296628,"[0.2, 0.2, 0.2, 0.2, 0.2]"
3658,771.7834400747698,513892.67651478626,"[0.2, 0.2, 0.2, 0.2, 0.2]"
3659,480.5968842093284,423529.76268755534,"[0.2, 0.2, 0.2, 0.2, 0.2]"
3660,375.1255678014468,382314.3224123469,"[0.2, 0.2, 0.2, 0.2, 0.2]"
3661,601.0994908506683,381387.5749622393,"[0.2, 0.2, 0.2, 0.2, 0.2]"
3662,622.0883632201922,492699.6367402173,"[0.2, 0.2, 0.2, 0.2, 0.2]"
3663,196.88052859032524,422049.61948928976,"[0.2, 0.2, 0.2, 0.2, 0.2]"
3664,482.1491000781816,925955.0473838353,"[0.2, 0.2, 0.2, 0.2, 0.2]"
3665,252.3625274469979,500503.1873090852,"[0.2, 0.2, 0.2, 0.2, 0.2]"
3666,26.202483878441253,587980.6748927309,"[0.2, 0.2, 0.2, 0.2, 0.2]"
3667,644.6195252343782,615417.9164703842,"[0.2, 0.2, 0.2, 0.2, 0.2]"
3668,594.1076902658974,536230.9646337506,"[0.2, 0.2, 0.2, 0.2, 0.2]"
3669,518.4970291875496,200166.1204875092,"[0.2, 0.2, 0.2, 0.2, 0.2]"
3670,884.669573225055,441835.6453082104,"[0.2, 0.2, 0.2, 0.2, 0.2]"
3671,606.2154954286605,619777.9575741361,"[0.2, 0.2, 0.2, 0.2, 0.2]"
3672,901.4923555819524,704377.4433589563,"[0.2, 0.2, 0.2, 0.2, 0.2]"
3673,514.7262011466285,801243.7035296377,"[0.2, 0.2, 0.2, 0.2, 0.2]"
3674,141.80425421190472,835606.4073603766,"[0.2, 0.2, 0.2, 0.2, 0.2]"
3675,632.3527559920246,255770.30269078913,"[0.2, 0.2, 0.2, 0.2, 0.2]"
3676,967.5509288885936,852852.5226323243,"[0.2, 0.2, 0.2, 0.2, 0.2]"
3677,762.7266223602162,258488.955176511,"[0.2, 0.2, 0.2, 0.2, 0.2]"
3678,211.7636456823527,379362.15905832005,"[0.2, 0.2, 0.2, 0.2, 0.2]"
3679,807.8509308554129,359906.26657045126,"[0.2, 0.2, 0.2, 0.2, 0.2]"
3680,867.3497529389003,807580.7235943562,"[0.2, 0.2, 0.2, 0.2, 0.2]"
3681,228.54687166247518,573441.2207920321,"[0.2, 0.2, 0.2, 0.2, 0.2]"
3682,457.6993470254128,412933.64530980954,"[0.2, 0.2, 0.2, 0.2, 0.2]"
3683,934.6222493422224,291926.6605238565,"[0.2, 0.2, 0.2, 0.2, 0.2]"
3684,731.5294408185083,853919.5768686611,"[0.2, 0.2, 0.2, 0.2, 0.2]"
3685,991.8777848667625,922582.7607622311,"[0.2, 0.2, 0.2, 0.2, 0.2]"
3686,346.9934238567424,465341.4703876363,"[0.2, 0.2, 0.2, 0.2, 0.2]"
3687,354.3830498000187,138535.53714523255,"[0.2, 0.2, 0.2, 0.2, 0.2]"
3688,61.08677234479326,526379.0865767947,"[0.2, 0.2, 0.2, 0.2, 0.2]"
3689,875.8411140369565,789251.7938931423,"[0.2, 0.2, 0.2, 0.2, 0.2]"
3690,212.04986647496415,113564.89739726942,"[0.2, 0.2, 0.2, 0.2, 0.2]"
3691,508.81073938361556,668518.2827274693,"[0.2, 0.2, 0.2, 0.2, 0.2]"
3692,489.61565369782284,455685.24659573217,"[0.2, 0.2, 0.2, 0.2, 0.2]"
3693,481.77610979851875,915007.5480687968,"[0.2, 0.2, 0.2, 0.2, 0.2]"
3694,361.11541813506335,440058.49574006995,"[0.2, 0.2, 0.2, 0.2, 0.2]"
3695,894.0513425212496,318190.6985828391,"[0.2, 0.2, 0.2, 0.2, 0.2]"
3696,36.98168267527822,259617.94571259504,"[0.2, 0.2, 0.2, 0.2, 0.2]"
3697,110.49182288665868,424705.6579001403,"[0.2, 0.2, 0.2, 0.2, 0.2]"
3698,311.4629095438286,845026.7153103467,"[0.2, 0.2, 0.2, 0.2, 0.2]"
3699,890.7019488230179,825302.4388729561,"[0.2, 0.2, 0.2, 0.2, 0.2]"
3700,174.29213831609047,720570.1543473717,"[0.2, 0.2, 0.2, 0.2, 0.2]"
3701,418.637594058965,386460.2806061301,"[0.2, 0.2, 0.2, 0.2, 0.2]"
3702,264.1992999510884,132640.41668668255,"[0.2, 0.2, 0.2, 0.2, 0.2]"
3703,761.4182700192315,236203.66582625714,"[0.2, 0.2, 0.2, 0.2, 0.2]"
3704,542.1451244319387,192237.9430761853,"[0.2, 0.2, 0.2, 0.2, 0.2]"
3705,774.6367324151616,479193.02397741424,"[0.2, 0.2, 0.2, 0.2, 0.2]"
3706,76.95363410755513,373989.4949506183,"[0.2, 0.2, 0.2, 0.2, 0.2]"
3707,147.09089191001786,564691.1794144954,"[0.2, 0.2, 0.2, 0.2, 0.2]"
3708,983.1202779429768,579659.1760915346,"[0.2, 0.2, 0.2, 0.2, 0.2]"
3709,465.19249853417216,921627.6655421858,"[0.2, 0.2, 0.2, 0.2, 0.2]"
3710,79.27882123868854,637828.6370785227,"[0.2, 0.2, 0.2, 0.2, 0.2]"
3711,270.19770220853064,418009.710014443,"[0.2, 0.2, 0.2, 0.2, 0.2]"
3712,170.55139050459078,764272.1757521188,"[0.2, 0.2, 0.2, 0.2, 0.2]"
3713,652.1475531440435,648465.2993179142,"[0.2, 0.2, 0.2, 0.2, 0.2]"
3714,737.3599581595942,803952.6434519828,"[0.2, 0.2, 0.2, 0.2, 0.2]"
3715,125.99517702968255,242030.6060083714,"[0.2, 0.2, 0.2, 0.2, 0.2]"
3716,155.43217295407044,652569.5653708625,"[0.2, 0.2, 0.2, 0.2, 0.2]"
3717,603.9083492777654,327622.2061382958,"[0.2, 0.2, 0.2, 0.2, 0.2]"
3718,938.1399674106548,664267.3827078755,"[0.2, 0.2, 0.2, 0.2, 0.2]"
3719,282.3359755753006,806348.739737176,"[0.2, 0.2, 0.2, 0.2, 0.2]"
3720,315.42832075111266,763775.7129163968,"[0.2, 0.2, 0.2, 0.2, 0.2]"
3721,969.022154659654,329645.63382003445,"[0.2, 0.2, 0.2, 0.2, 0.2]"
3722,744.9985358563259,279715.9956603084,"[0.2, 0.2, 0.2, 0.2, 0.2]"
3723,513.5764890106009,619830.9067046652,"[0.2, 0.2, 0.2, 0.2, 0.2]"
3724,552.8911405263907,259577.72876230886,"[0.2, 0.2, 0.2, 0.2, 0.2]"
3725,931.0057105384554,807842.1004498884,"[0.2, 0.2, 0.2, 0.2, 0.2]"
3726,814.3502189266964,664129.571306135,"[0.2, 0.2, 0.2, 0.2, 0.2]"
3727,657.63695556578,729189.353932058,"[0.2, 0.2, 0.2, 0.2, 0.2]"
3728,351.58740403585085,624299.2148096173,"[0.2, 0.2, 0.2, 0.2, 0.2]"
3729,118.98425231348543,416780.8326500944,"[0.2, 0.2, 0.2, 0.2, 0.2]"
3730,668.974280161686,640004.5804656683,"[0.2, 0.2, 0.2, 0.2, 0.2]"
3731,551.6989963880209,770780.2056558835,"[0.2, 0.2, 0.2, 0.2, 0.2]"
3732,456.87338217282405,466349.9013271555,"[0.2, 0.2, 0.2, 0.2, 0.2]"
3733,44.1629171889148,226113.67816080916,"[0.2, 0.2, 0.2, 0.2, 0.2]"
3734,243.89391975921438,512831.5677615148,"[0.2, 0.2, 0.2, 0.2, 0.2]"
3735,227.14764870791998,488897.8574482408,"[0.2, 0.2, 0.2, 0.2, 0.2]"
3736,821.5850266301903,430924.27590259165,"[0.2, 0.2, 0.2, 0.2, 0.2]"
3737,628.859568024507,685093.0239092979,"[0.2, 0.2, 0.2, 0.2, 0.2]"
3738,708.264710496118,869634.3268398979,"[0.2, 0.2, 0.2, 0.2, 0.2]"
3739,926.2523820739648,687927.3394415841,"[0.2, 0.2, 0.2, 0.2, 0.2]"
3740,287.3466384292936,762810.2171797839,"[0.2, 0.2, 0.2, 0.2, 0.2]"
3741,986.4324938292538,817627.0470068792,"[0.2, 0.2, 0.2, 0.2, 0.2]"
3742,764.5735355208063,949658.5263387755,"[0.2, 0.2, 0.2, 0.2, 0.2]"
3743,986.9505149245789,394458.2666848635,"[0.2, 0.2, 0.2, 0.2, 0.2]"
3744,260.59871289133025,512248.01485733764,"[0.2, 0.2, 0.2, 0.2, 0.2]"
3745,870.4614400569675,636722.6821817314,"[0.2, 0.2, 0.2, 0.2, 0.2]"
3746,632.1454421683185,890496.5375129678,"[0.2, 0.2, 0.2, 0.2, 0.2]"
3747,928.7229989807743,124844.55072776499,"[0.2, 0.2, 0.2, 0.2, 0.2]"
3748,688.3263800367844,428912.7302919066,"[0.2, 0.2, 0.2, 0.2, 0.2]"
3749,904.6497445656277,263077.98900858476,"[0.2, 0.2, 0.2, 0.2, 0.2]"
3750,933.6071760601778,410291.6207811577,"[0.2, 0.2, 0.2, 0.2, 0.2]"
3751,444.13945262141664,253035.0856534379,"[0.2, 0.2, 0.2, 0.2, 0.2]"
3752,340.9284348456927,814713.9207535995,"[0.2, 0.2, 0.2, 0.2, 0.2]"
3753,480.13189725197293,998407.6920557864,"[0.2, 0.2, 0.2, 0.2, 0.2]"
3754,702.2308999768003,631959.5340024945,"[0.2, 0.2, 0.2, 0.2, 0.2]"
3755,880.543866264517,761492.115405028,"[0.2, 0.2, 0.2, 0.2, 0.2]"
3756,446.67027619918497,894275.4409610512,"[0.2, 0.2, 0.2, 0.2, 0.2]"
3757,638.8900742034542,838180.8814928908,"[0.2, 0.2, 0.2, 0.2, 0.2]"
3758,775.3483741888862,922487.0158767999,"[0.2, 0.2, 0.2, 0.2, 0.2]"
3759,101.71722625559245,135117.8793497214,"[0.2, 0.2, 0.2, 0.2, 0.2]"
3760,71.0068089367342,992918.4761080558,"[0.2, 0.2, 0.2, 0.2, 0.2]"
3761,997.6430492516157,882612.4458457433,"[0.2, 0.2, 0.2, 0.2, 0.2]"
3762,343.345967645057,763578.6525855872,"[0.2, 0.2, 0.2, 0.2, 0.2]"
3763,892.4609090187653,216398.0638771851,"[0.2, 0.2, 0.2, 0.2, 0.2]"
3764,980.0236573844999,273972.81942079606,"[0.2, 0.2, 0.2, 0.2, 0.2]"
3765,732.6297896160369,730007.9840859117,"[0.2, 0.2, 0.2, 0.2, 0.2]"
3766,683.282277462294,514168.5345251,"[0.2, 0.2, 0.2, 0.2, 0.2]"
3767,797.7805044945378,177039.8167174377,"[0.2, 0.2, 0.2, 0.2, 0.2]"
3768,55.959869780072964,101534.14302977099,"[0.2, 0.2, 0.2, 0.2, 0.2]"
3769,179.61318487789876,572881.2480406754,"[0.2, 0.2, 0.2, 0.2, 0.2]"
3770,259.38873670505063,241143.44667690675,"[0.2, 0.2, 0.2, 0.2, 0.2]"
3771,172.6500173507725,897997.0653394483,"[0.2, 0.2, 0.2, 0.2, 0.2]"
3772,528.6238068735829,807754.5530168263,"[0.2, 0.2, 0.2, 0.2, 0.2]"
3773,551.5720266634139,380467.064107555,"[0.2, 0.2, 0.2, 0.2, 0.2]"
3774,225.6877267468753,330321.5850230213,"[0.2, 0.2, 0.2, 0.2, 0.2]"
3775,32.71084185610418,108361.9908885948,"[0.2, 0.2, 0.2, 0.2, 0.2]"
3776,682.5020914987812,890089.634023486,"[0.2, 0.2, 0.2, 0.2, 0.2]"
3777,254.55708260515237,849493.0029082899,"[0.2, 0.2, 0.2, 0.2, 0.2]"
3778,571.1870293901568,276857.19094417593,"[0.2, 0.2, 0.2, 0.2, 0.2]"
3779,649.497718464081,203733.0574720899,"[0.2, 0.2, 0.2, 0.2, 0.2]"
3780,673.2631613256933,483993.03865218576,"[0.2, 0.2, 0.2, 0.2, 0.2]"
3781,487.9952286346242,482934.06913845416,"[0.2, 0.2, 0.2, 0.2, 0.2]"
3782,470.34162050217014,885202.7934781911,"[0.2, 0.2, 0.2, 0.2, 0.2]"
3783,543.0462457605759,996145.0165954567,"[0.2, 0.2, 0.2, 0.2, 0.2]"
3784,247.3414661286182,400105.1532497413,"[0.2, 0.2, 0.2, 0.2, 0.2]"
3785,530.4667753278894,223372.07931822905,"[0.2, 0.2, 0.2, 0.2, 0.2]"
3786,251.4313404973884,707620.3644959852,"[0.2, 0.2, 0.2, 0.2, 0.2]"
3787,976.3129410496593,667755.1348755043,"[0.2, 0.2, 0.2, 0.2, 0.2]"
3788,136.84968482485831,968560.8583858361,"[0.2, 0.2, 0.2, 0.2, 0.2]"
3789,924.4429408644601,515236.14435858134,"[0.2, 0.2, 0.2, 0.2, 0.2]"
3790,290.36971506229486,921065.2058018636,"[0.2, 0.2, 0.2, 0.2, 0.2]"
3791,116.95400863908367,202197.7468328289,"[0.2, 0.2, 0.2, 0.2, 0.2]"
3792,603.4298686493141,793001.5306137028,"[0.2, 0.2, 0.2, 0.2, 0.2]"
3793,878.9078010351923,909993.0403186266,"[0.2, 0.2, 0.2, 0.2, 0.2]"
3794,644.1061368621824,832599.2501690547,"[0.2, 0.2, 0.2, 0.2, 0.2]"
3795,51.10887008796218,639447.3600288037,"[0.2, 0.2, 0.2, 0.2, 0.2]"
3796,468.8781849401831,544536.9186856467,"[0.2, 0.2, 0.2, 0.2, 0.2]"
3797,328.80201853818653,734451.006374436,"[0.2, 0.2, 0.2, 0.2, 0.2]"
3798,37.91159934017718,473820.70488077565,"[0.2, 0.2, 0.2, 0.2, 0.2]"
3799,30.179838937239392,493276.23770230205,"[0.2, 0.2, 0.2, 0.2, 0.2]"
3800,963.0003902761448,795588.2073486218,"[0.2, 0.2, 0.2, 0.2, 0.2]"
3801,110.14131476073861,736027.3197950063,"[0.2, 0.2, 0.2, 0.2, 0.2]"
3802,242.41605705417683,220496.38817792345,"[0.2, 0.2, 0.2, 0.2, 0.2]"
3803,56.62195829061576,873642.1155668984,"[0.2, 0.2, 0.2, 0.2, 0.2]"
3804,317.6768355496465,987398.1581158245,"[0.2, 0.2, 0.2, 0.2, 0.2]"
3805,266.39157195817694,438054.8635218029,"[0.2, 0.2, 0.2, 0.2, 0.2]"
3806,452.8718147154261,684998.9238879404,"[0.2, 0.2, 0.2, 0.2, 0.2]"
3807,893.4815539861563,290712.6872139756,"[0.2, 0.2, 0.2, 0.2, 0.2]"
3808,318.58290454145964,870788.534106991,"[0.2, 0.2, 0.2, 0.2, 0.2]"
3809,866.6648034245987,334207.7297373719,"[0.2, 0.2, 0.2, 0.2, 0.2]"
3810,363.45569418507154,637709.5147806696,"[0.2, 0.2, 0.2, 0.2, 0.2]"
3811,12.207279085706265,110345.6444161114,"[0.2, 0.2, 0.2, 0.2, 0.2]"
3812,913.4574059539377,124247.86094548857,"[0.2, 0.2, 0.2, 0.2, 0.2]"
3813,974.5924548696794,809951.8087001757,"[0.2, 0.2, 0.2, 0.2, 0.2]"
3814,434.4316077847174,839290.8002184448,"[0.2, 0.2, 0.2, 0.2, 0.2]"
3815,420.24005498232685,750950.2186844754,"[0.2, 0.2, 0.2, 0.2, 0.2]"
3816,489.72609991907984,193708.56241028704,"[0.2, 0.2, 0.2, 0.2, 0.2]"
3817,609.5186958819386,980917.9390675942,"[0.2, 0.2, 0.2, 0.2, 0.2]"
3818,267.3055326002493,785982.2077980113,"[0.2, 0.2, 0.2, 0.2, 0.2]"
3819,817.1335305575002,783935.1546352941,"[0.2, 0.2, 0.2, 0.2, 0.2]"
3820,348.4477775880853,243554.25426741273,"[0.2, 0.2, 0.2, 0.2, 0.2]"
3821,44.379109272631105,103790.57155680734,"[0.2, 0.2, 0.2, 0.2, 0.2]"
3822,108.92336394908965,976319.5869597781,"[0.2, 0.2, 0.2, 0.2, 0.2]"
3823,743.9814678246647,792446.3258744566,"[0.2, 0.2, 0.2, 0.2, 0.2]"
3824,194.15025141320064,840309.6139628201,"[0.2, 0.2, 0.2, 0.2, 0.2]"
3825,106.75304782052304,814067.6980764712,"[0.2, 0.2, 0.2, 0.2, 0.2]"
3826,985.832181573362,720092.5380371491,"[0.2, 0.2, 0.2, 0.2, 0.2]"
3827,656.9159142989807,261575.8054857055,"[0.2, 0.2, 0.2, 0.2, 0.2]"
3828,775.0467422897701,883677.3727707821,"[0.2, 0.2, 0.2, 0.2, 0.2]"
3829,695.7885512635168,624583.5579610232,"[0.2, 0.2, 0.2, 0.2, 0.2]"
3830,184.51986070966933,897352.8328844332,"[0.2, 0.2, 0.2, 0.2, 0.2]"
3831,966.5428591170044,931652.028995268,"[0.2, 0.2, 0.2, 0.2, 0.2]"
3832,483.9458626289301,899345.5707879913,"[0.2, 0.2, 0.2, 0.2, 0.2]"
3833,858.3715831114796,560473.5052479766,"[0.2, 0.2, 0.2, 0.2, 0.2]"
3834,432.786273433869,802167.051977077,"[0.2, 0.2, 0.2, 0.2, 0.2]"
3835,80.27652892360005,407967.19745367835,"[0.2, 0.2, 0.2, 0.2, 0.2]"
3836,109.25078154933574,492824.3613770006,"[0.2, 0.2, 0.2, 0.2, 0.2]"
3837,604.9366746528405,742263.296567156,"[0.2, 0.2, 0.2, 0.2, 0.2]"
3838,250.66280966822407,691072.8628429819,"[0.2, 0.2, 0.2, 0.2, 0.2]"
3839,420.76350794833576,538073.9834863531,"[0.2, 0.2, 0.2, 0.2, 0.2]"
3840,166.76638528622078,890432.6424958493,"[0.2, 0.2, 0.2, 0.2, 0.2]"
3841,981.4388224399926,283129.0076893108,"[0.2, 0.2, 0.2, 0.2, 0.2]"
3842,356.3405329788669,290794.4240936283,"[0.2, 0.2, 0.2, 0.2, 0.2]"
3843,850.8830291001386,122772.47680849029,"[0.2, 0.2, 0.2, 0.2, 0.2]"
3844,264.02050848623753,655807.1338758244,"[0.2, 0.2, 0.2, 0.2, 0.2]"
3845,780.5436697032544,471218.1862653924,"[0.2, 0.2, 0.2, 0.2, 0.2]"
3846,92.14994155342681,574881.9333529,"[0.2, 0.2, 0.2, 0.2, 0.2]"
3847,13.006632966217358,874853.3629677326,"[0.2, 0.2, 0.2, 0.2, 0.2]"
3848,280.07860397654935,206153.10997870073,"[0.2, 0.2, 0.2, 0.2, 0.2]"
3849,158.85815630327278,505424.57850011374,"[0.2, 0.2, 0.2, 0.2, 0.2]"
3850,715.7718073657546,635721.1047568358,"[0.2, 0.2, 0.2, 0.2, 0.2]"
3851,52.63174950160666,541464.3553111535,"[0.2, 0.2, 0.2, 0.2, 0.2]"
3852,678.3951725653828,845843.4325864615,"[0.2, 0.2, 0.2, 0.2, 0.2]"
3853,279.0330491849697,391771.8021544623,"[0.2, 0.2, 0.2, 0.2, 0.2]"
3854,972.0623681808485,857742.6649115551,"[0.2, 0.2, 0.2, 0.2, 0.2]"
3855,530.2901324024575,385638.99228134507,"[0.2, 0.2, 0.2, 0.2, 0.2]"
3856,610.0489142058314,131159.52201154717,"[0.2, 0.2, 0.2, 0.2, 0.2]"
3857,111.37739692835129,910392.7790660236,"[0.2, 0.2, 0.2, 0.2, 0.2]"
3858,114.58766686269307,937864.1624306773,"[0.2, 0.2, 0.2, 0.2, 0.2]"
3859,260.1289713060818,984338.0781869963,"[0.2, 0.2, 0.2, 0.2, 0.2]"
3860,220.9635116282938,136840.7653215231,"[0.2, 0.2, 0.2, 0.2, 0.2]"
3861,971.6067452252969,499182.3900859515,"[0.2, 0.2, 0.2, 0.2, 0.2]"
3862,493.96943795998266,532858.2393177759,"[0.2, 0.2, 0.2, 0.2, 0.2]"
3863,813.1660508221844,417073.46086151304,"[0.2, 0.2, 0.2, 0.2, 0.2]"
3864,417.01250924659047,542895.0506873622,"[0.2, 0.2, 0.2, 0.2, 0.2]"
3865,829.6848259304057,494560.9723921571,"[0.2, 0.2, 0.2, 0.2, 0.2]"
3866,881.9864830380067,664184.3282052553,"[0.2, 0.2, 0.2, 0.2, 0.2]"
3867,946.4851029092084,603275.3183760431,"[0.2, 0.2, 0.2, 0.2, 0.2]"
3868,373.9087011734176,588138.673707112,"[0.2, 0.2, 0.2, 0.2, 0.2]"
3869,972.583619088778,859355.255160074,"[0.2, 0.2, 0.2, 0.2, 0.2]"
3870,273.68139637801124,161996.70139652904,"[0.2, 0.2, 0.2, 0.2, 0.2]"
3871,838.3128586557464,327534.74122165696,"[0.2, 0.2, 0.2, 0.2, 0.2]"
3872,999.8443169474541,843315.4755954886,"[0.2, 0.2, 0.2, 0.2, 0.2]"
3873,873.5725512930276,328399.88497991674,"[0.2, 0.2, 0.2, 0.2, 0.2]"
3874,602.8014847454555,954062.419510032,"[0.2, 0.2, 0.2, 0.2, 0.2]"
3875,132.73685455749217,971835.9524450377,"[0.2, 0.2, 0.2, 0.2, 0.2]"
3876,787.9930283985132,449235.11296692025,"[0.2, 0.2, 0.2, 0.2, 0.2]"
3877,238.60283086408694,627760.611343514,"[0.2, 0.2, 0.2, 0.2, 0.2]"
3878,976.8035719006259,808720.7851581455,"[0.2, 0.2, 0.2, 0.2, 0.2]"
3879,61.51985810938603,759462.9747627721,"[0.2, 0.2, 0.2, 0.2, 0.2]"
3880,84.60740453362702,623276.5587653999,"[0.2, 0.2, 0.2, 0.2, 0.2]"
3881,946.6633668536754,955016.249968426,"[0.2, 0.2, 0.2, 0.2, 0.2]"
3882,550.5229027047993,908042.0327697969,"[0.2, 0.2, 0.2, 0.2, 0.2]"
3883,944.6455046269818,430037.2458690345,"[0.2, 0.2, 0.2, 0.2, 0.2]"
3884,848.5501208768699,716476.8622619377,"[0.2, 0.2, 0.2, 0.2, 0.2]"
3885,739.5974485855985,186327.54552492115,"[0.2, 0.2, 0.2, 0.2, 0.2]"
3886,380.17332749998167,727764.447664778,"[0.2, 0.2, 0.2, 0.2, 0.2]"
3887,955.3861564369568,578179.2718650802,"[0.2, 0.2, 0.2, 0.2, 0.2]"
3888,813.5086669151605,126575.5173408509,"[0.2, 0.2, 0.2, 0.2, 0.2]"
3889,190.3767870430691,643254.2200089532,"[0.2, 0.2, 0.2, 0.2, 0.2]"
3890,104.92898377665554,199177.6870555695,"[0.2, 0.2, 0.2, 0.2, 0.2]"
3891,960.9771451424859,332654.3188245889,"[0.2, 0.2, 0.2, 0.2, 0.2]"
3892,116.54609952306544,921504.5690746923,"[0.2, 0.2, 0.2, 0.2, 0.2]"
3893,757.6511154256889,469927.1334233454,"[0.2, 0.2, 0.2, 0.2, 0.2]"
3894,653.6666771659278,702451.4928196638,"[0.2, 0.2, 0.2, 0.2, 0.2]"
3895,648.6404314575868,753961.9596166576,"[0.2, 0.2, 0.2, 0.2, 0.2]"
3896,636.0064273343903,878469.0314271504,"[0.2, 0.2, 0.2, 0.2, 0.2]"
3897,407.468536559857,478127.74695517396,"[0.2, 0.2, 0.2, 0.2, 0.2]"
3898,478.3777271715259,719314.921341891,"[0.2, 0.2, 0.2, 0.2, 0.2]"
3899,148.4896512258044,644188.0705445468,"[0.2, 0.2, 0.2, 0.2, 0.2]"
3900,402.35361709694206,741854.3706666873,"[0.2, 0.2, 0.2, 0.2, 0.2]"
3901,631.1332241822355,394473.70945237344,"[0.2, 0.2, 0.2, 0.2, 0.2]"
3902,216.03272652636025,823317.51449125,"[0.2, 0.2, 0.2, 0.2, 0.2]"
3903,144.12315761340943,292705.08620646095,"[0.2, 0.2, 0.2, 0.2, 0.2]"
3904,913.0463909987284,580798.6664532579,"[0.2, 0.2, 0.2, 0.2, 0.2]"
3905,654.3714311551278,263719.04340690107,"[0.2, 0.2, 0.2, 0.2, 0.2]"
3906,612.649594257461,135774.60063028557,"[0.2, 0.2, 0.2, 0.2, 0.2]"
3907,995.4449553381769,217600.33141737618,"[0.2, 0.2, 0.2, 0.2, 0.2]"
3908,270.0210298694749,397105.14245450794,"[0.2, 0.2, 0.2, 0.2, 0.2]"
3909,539.4142971344071,499798.949719371,"[0.2, 0.2, 0.2, 0.2, 0.2]"
3910,611.1915554939463,875537.0246748158,"[0.2, 0.2, 0.2, 0.2, 0.2]"
3911,817.1416201977404,247571.90216533048,"[0.2, 0.2, 0.2, 0.2, 0.2]"
3912,107.25201405601946,936280.5737270584,"[0.2, 0.2, 0.2, 0.2, 0.2]"
3913,190.70167762253524,265762.81536663143,"[0.2, 0.2, 0.2, 0.2, 0.2]"
3914,465.5350840222563,776201.5862844003,"[0.2, 0.2, 0.2, 0.2, 0.2]"
3915,166.39980717533382,361436.0261683664,"[0.2, 0.2, 0.2, 0.2, 0.2]"
3916,956.11258455219,341327.3968978601,"[0.2, 0.2, 0.2, 0.2, 0.2]"
3917,105.4112211894419,640165.2195038601,"[0.2, 0.2, 0.2, 0.2, 0.2]"
3918,639.5922882064206,147912.49119482236,"[0.2, 0.2, 0.2, 0.2, 0.2]"
3919,980.528266732177,353076.2660687425,"[0.2, 0.2, 0.2, 0.2, 0.2]"
3920,441.2233990432428,485614.6970527019,"[0.2, 0.2, 0.2, 0.2, 0.2]"
3921,290.427782776123,434521.38536472927,"[0.2, 0.2, 0.2, 0.2, 0.2]"
3922,864.9835855498604,436294.16095806536,"[0.2, 0.2, 0.2, 0.2, 0.2]"
3923,42.263158811755844,812452.7109489404,"[0.2, 0.2, 0.2, 0.2, 0.2]"
3924,775.9135335330938,528936.6688315489,"[0.2, 0.2, 0.2, 0.2, 0.2]"
3925,203.4934420785925,916374.8218114739,"[0.2, 0.2, 0.2, 0.2, 0.2]"
3926,39.37833797792793,640071.0441460634,"[0.2, 0.2, 0.2, 0.2, 0.2]"
3927,121.67642474735672,617025.113029178,"[0.2, 0.2, 0.2, 0.2, 0.2]"
3928,247.83117651121924,243816.2677996115,"[0.2, 0.2, 0.2, 0.2, 0.2]"
3929,113.86148418586752,439278.24085094803,"[0.2, 0.2, 0.2, 0.2, 0.2]"
3930,372.1436632352166,590908.2666253439,"[0.2, 0.2, 0.2, 0.2, 0.2]"
3931,442.4100104354824,516605.6549393721,"[0.2, 0.2, 0.2, 0.2, 0.2]"
3932,262.97630294374505,340257.68388864264,"[0.2, 0.2, 0.2, 0.2, 0.2]"
3933,637.8823794631821,685481.8913395082,"[0.2, 0.2, 0.2, 0.2, 0.2]"
3934,412.69095016382613,540248.2654564409,"[0.2, 0.2, 0.2, 0.2, 0.2]"
3935,195.4116270394465,169626.525249717,"[0.2, 0.2, 0.2, 0.2, 0.2]"
3936,975.7234499268177,774540.6696724638,"[0.2, 0.2, 0.2, 0.2, 0.2]"
3937,665.6696441531159,530725.0720065676,"[0.2, 0.2, 0.2, 0.2, 0.2]"
3938,482.0073302796378,338499.29709473543,"[0.2, 0.2, 0.2, 0.2, 0.2]"
3939,173.50654150622088,902967.1012530295,"[0.2, 0.2, 0.2, 0.2, 0.2]"
3940,811.4672848221235,811725.5322580741,"[0.2, 0.2, 0.2, 0.2, 0.2]"
3941,993.6292389605202,442673.2794586033,"[0.2, 0.2, 0.2, 0.2, 0.2]"
3942,640.2192324476446,972310.5139698783,"[0.2, 0.2, 0.2, 0.2, 0.2]"
3943,388.6016494342717,761210.4308732338,"[0.2, 0.2, 0.2, 0.2, 0.2]"
3944,234.92802746314453,573454.1297985958,"[0.2, 0.2, 0.2, 0.2, 0.2]"
3945,317.8958618132348,455490.4305926361,"[0.2, 0.2, 0.2, 0.2, 0.2]"
3946,331.60665789482823,923808.7890209693,"[0.2, 0.2, 0.2, 0.2, 0.2]"
3947,559.4837034947961,705129.320090089,"[0.2, 0.2, 0.2, 0.2, 0.2]"
3948,689.6832238754157,461744.7432116503,"[0.2, 0.2, 0.2, 0.2, 0.2]"
3949,282.40976706506063,143826.4895149833,"[0.2, 0.2, 0.2, 0.2, 0.2]"
3950,78.22799757089204,740663.8504310157,"[0.2, 0.2, 0.2, 0.2, 0.2]"
3951,507.22970184778825,816571.7117887984,"[0.2, 0.2, 0.2, 0.2, 0.2]"
3952,371.63239474923677,965926.6714550218,"[0.2, 0.2, 0.2, 0.2, 0.2]"
3953,57.2956111152124,986742.1549776617,"[0.2, 0.2, 0.2, 0.2, 0.2]"
3954,316.4825336711323,690108.885174759,"[0.2, 0.2, 0.2, 0.2, 0.2]"
3955,94.71093573776355,807644.2038963033,"[0.2, 0.2, 0.2, 0.2, 0.2]"
3956,614.9046151967112,803391.715699932,"[0.2, 0.2, 0.2, 0.2, 0.2]"
3957,971.9870270919955,915985.9184920349,"[0.2, 0.2, 0.2, 0.2, 0.2]"
3958,763.0671398862933,272070.56509342475,"[0.2, 0.2, 0.2, 0.2, 0.2]"
3959,868.1897169695993,945524.5669319292,"[0.2, 0.2, 0.2, 0.2, 0.2]"
3960,777.4641426304584,752503.4424806897,"[0.2, 0.2, 0.2, 0.2, 0.2]"
3961,390.88187325045897,123870.90028501424,"[0.2, 0.2, 0.2, 0.2, 0.2]"
3962,180.51040773673077,735261.0201881961,"[0.2, 0.2, 0.2, 0.2, 0.2]"
3963,504.3686346493086,698316.4895046195,"[0.2, 0.2, 0.2, 0.2, 0.2]"
3964,73.11893406045681,419441.71147960064,"[0.2, 0.2, 0.2, 0.2, 0.2]"
3965,107.87165377122844,791551.7288238627,"[0.2, 0.2, 0.2, 0.2, 0.2]"
3966,300.3246686246505,412256.5849502651,"[0.2, 0.2, 0.2, 0.2, 0.2]"
3967,114.54748900301017,605204.5208390332,"[0.2, 0.2, 0.2, 0.2, 0.2]"
3968,568.2808531249242,418536.36329509167,"[0.2, 0.2, 0.2, 0.2, 0.2]"
3969,224.63460292023677,844437.120709634,"[0.2, 0.2, 0.2, 0.2, 0.2]"
3970,880.9493866336057,237037.68423611624,"[0.2, 0.2, 0.2, 0.2, 0.2]"
3971,346.78044765911335,946518.1344787269,"[0.2, 0.2, 0.2, 0.2, 0.2]"
3972,823.2684552695213,495470.7829981173,"[0.2, 0.2, 0.2, 0.2, 0.2]"
3973,898.0271196305277,782441.8938288349,"[0.2, 0.2, 0.2, 0.2, 0.2]"
3974,326.3664450620992,880202.8159457729,"[0.2, 0.2, 0.2, 0.2, 0.2]"
3975,954.9239682471912,639659.267570559,"[0.2, 0.2, 0.2, 0.2, 0.2]"
3976,419.9660258138565,663553.5938429858,"[0.2, 0.2, 0.2, 0.2, 0.2]"
3977,402.6739736468007,953388.8491918249,"[0.2, 0.2, 0.2, 0.2, 0.2]"
3978,515.9127388377187,258449.01172772536,"[0.2, 0.2, 0.2, 0.2, 0.2]"
3979,955.1898387570897,434254.864642692,"[0.2, 0.2, 0.2, 0.2, 0.2]"
3980,503.7006130475456,922256.8539791376,"[0.2, 0.2, 0.2, 0.2, 0.2]"
3981,217.70944816798192,782866.4741181895,"[0.2, 0.2, 0.2, 0.2, 0.2]"
3982,976.1752813922865,281963.05717826367,"[0.2, 0.2, 0.2, 0.2, 0.2]"
3983,114.55182701121349,454422.3731301382,"[0.2, 0.2, 0.2, 0.2, 0.2]"
3984,523.9159726346445,442107.56656830467,"[0.2, 0.2, 0.2, 0.2, 0.2]"
3985,981.1150942729558,225494.84132954472,"[0.2, 0.2, 0.2, 0.2, 0.2]"
3986,352.3150246565965,751528.9896847947,"[0.2, 0.2, 0.2, 0.2, 0.2]"
3987,77.59931574112767,605226.239738649,"[0.2, 0.2, 0.2, 0.2, 0.2]"
3988,901.5609546837065,258875.7742410707,"[0.2, 0.2, 0.2, 0.2, 0.2]"
3989,694.4265993743533,573289.5920227882,"[0.2, 0.2, 0.2, 0.2, 0.2]"
3990,679.2723159876839,746625.0484956767,"[0.2, 0.2, 0.2, 0.2, 0.2]"
3991,391.65668259052416,919359.379913416,"[0.2, 0.2, 0.2, 0.2, 0.2]"
3992,378.8651790840818,615080.8549186867,"[0.2, 0.2, 0.2, 0.2, 0.2]"
3993,885.8881840349247,148211.3429511029,"[0.2, 0.2, 0.2, 0.2, 0.2]"
3994,249.53955645442312,651832.2555131565,"[0.2, 0.2, 0.2, 0.2, 0.2]"
3995,313.56253295351434,847759.1983417512,"[0.2, 0.2, 0.2, 0.2, 0.2]"
3996,997.5613433292259,791777.0539210745,"[0.2, 0.2, 0.2, 0.2, 0.2]"
3997,759.3085152371586,797557.4193965099,"[0.2, 0.2, 0.2, 0.2, 0.2]"
3998,190.1779756685024,817363.6525535057,"[0.2, 0.2, 0.2, 0.2, 0.2]"
3999,668.9615519952874,133584.6711442102,"[0.2, 0.2, 0.2, 0.2, 0.2]"
4000,983.3166717291908,883728.6799332793,"[0.2, 0.2, 0.2, 0.2, 0.2]"
4001,262.4631513475962,123927.00773887102,"[0.2, 0.2, 0.2, 0.2, 0.2]"
4002,82.07755176007926,492092.2503900278,"[0.2, 0.2, 0.2, 0.2, 0.2]"
4003,98.4660602727497,598450.3736382462,"[0.2, 0.2, 0.2, 0.2, 0.2]"
4004,370.24875128166,339605.9911505927,"[0.2, 0.2, 0.2, 0.2, 0.2]"
4005,726.3143781529203,626223.2444940369,"[0.2, 0.2, 0.2, 0.2, 0.2]"
4006,869.8564501792179,107902.65612709426,"[0.2, 0.2, 0.2, 0.2, 0.2]"
4007,555.170612738529,607950.9237223631,"[0.2, 0.2, 0.2, 0.2, 0.2]"
4008,860.3349398924718,830637.8686380947,"[0.2, 0.2, 0.2, 0.2, 0.2]"
4009,405.7932692376436,927179.9080604605,"[0.2, 0.2, 0.2, 0.2, 0.2]"
4010,531.2248851536149,769217.2053667308,"[0.2, 0.2, 0.2, 0.2, 0.2]"
4011,769.3196636153931,966908.3746407863,"[0.2, 0.2, 0.2, 0.2, 0.2]"
4012,996.6695076101342,782506.2941773396,"[0.2, 0.2, 0.2, 0.2, 0.2]"
4013,104.84661223961673,666429.7880447343,"[0.2, 0.2, 0.2, 0.2, 0.2]"
4014,41.0801641117702,848464.4675131214,"[0.2, 0.2, 0.2, 0.2, 0.2]"
4015,395.4808311523978,373591.17939273233,"[0.2, 0.2, 0.2, 0.2, 0.2]"
4016,236.14630169279275,144800.08791695893,"[0.2, 0.2, 0.2, 0.2, 0.2]"
4017,235.49354557933964,519430.5094441585,"[0.2, 0.2, 0.2, 0.2, 0.2]"
4018,919.3068389066502,685161.8192058953,"[0.2, 0.2, 0.2, 0.2, 0.2]"
4019,55.422184598985766,501998.49976238504,"[0.2, 0.2, 0.2, 0.2, 0.2]"
4020,903.2875242921905,413445.4954297605,"[0.2, 0.2, 0.2, 0.2, 0.2]"
4021,163.74911026481732,218648.22650160088,"[0.2, 0.2, 0.2, 0.2, 0.2]"
4022,765.1170913113057,235559.53249754425,"[0.2, 0.2, 0.2, 0.2, 0.2]"
4023,482.6310821468731,505850.8987383481,"[0.2, 0.2, 0.2, 0.2, 0.2]"
4024,75.29158817967684,149087.67193339916,"[0.2, 0.2, 0.2, 0.2, 0.2]"
4025,880.1484510233241,871137.5844685537,"[0.2, 0.2, 0.2, 0.2, 0.2]"
4026,607.3811646250872,312442.93004526745,"[0.2, 0.2, 0.2, 0.2, 0.2]"
4027,241.18991741291043,630793.6821961049,"[0.2, 0.2, 0.2, 0.2, 0.2]"
4028,335.59257501586893,970266.0809701907,"[0.2, 0.2, 0.2, 0.2, 0.2]"
4029,85.61643326674363,632573.044085967,"[0.2, 0.2, 0.2, 0.2, 0.2]"
4030,189.85733199172728,427608.4266602475,"[0.2, 0.2, 0.2, 0.2, 0.2]"
4031,993.854755864518,129447.03222674734,"[0.2, 0.2, 0.2, 0.2, 0.2]"
4032,946.6069687674966,895449.0615738737,"[0.2, 0.2, 0.2, 0.2, 0.2]"
4033,330.98608225557734,379326.9268255546,"[0.2, 0.2, 0.2, 0.2, 0.2]"
4034,948.7605000129151,903792.4548147381,"[0.2, 0.2, 0.2, 0.2, 0.2]"
4035,955.5151449262352,966699.8988046689,"[0.2, 0.2, 0.2, 0.2, 0.2]"
4036,223.70158741881386,621191.4858249321,"[0.2, 0.2, 0.2, 0.2, 0.2]"
4037,547.7858806210514,542275.7620695501,"[0.2, 0.2, 0.2, 0.2, 0.2]"
4038,438.84484560138475,947741.2055661813,"[0.2, 0.2, 0.2, 0.2, 0.2]"
4039,958.5967105441594,779524.3967973429,"[0.2, 0.2, 0.2, 0.2, 0.2]"
4040,438.19511526888687,957753.080862627,"[0.2, 0.2, 0.2, 0.2, 0.2]"
4041,301.2309188682788,600305.2751181256,"[0.2, 0.2, 0.2, 0.2, 0.2]"
4042,961.1227057386216,581432.8260197116,"[0.2, 0.2, 0.2, 0.2, 0.2]"
4043,529.2094551045266,787749.9740262327,"[0.2, 0.2, 0.2, 0.2, 0.2]"
4044,563.3558057421957,936446.9372611995,"[0.2, 0.2, 0.2, 0.2, 0.2]"
4045,906.9726562031592,878434.9139274544,"[0.2, 0.2, 0.2, 0.2, 0.2]"
4046,55.994381145348626,687984.0409514173,"[0.2, 0.2, 0.2, 0.2, 0.2]"
4047,915.3620423869652,423289.3773838383,"[0.2, 0.2, 0.2, 0.2, 0.2]"
4048,701.648216867767,207072.88425148974,"[0.2, 0.2, 0.2, 0.2, 0.2]"
4049,801.0928182336299,539454.0750901031,"[0.2, 0.2, 0.2, 0.2, 0.2]"
4050,581.0396373842672,888176.0658961593,"[0.2, 0.2, 0.2, 0.2, 0.2]"
4051,463.1270296023072,529335.670154124,"[0.2, 0.2, 0.2, 0.2, 0.2]"
4052,663.2238775720305,186315.1884625355,"[0.2, 0.2, 0.2, 0.2, 0.2]"
4053,61.19722858853206,563109.0415689945,"[0.2, 0.2, 0.2, 0.2, 0.2]"
4054,505.00750500349886,941349.265889215,"[0.2, 0.2, 0.2, 0.2, 0.2]"
4055,292.07365663274237,855605.1205958986,"[0.2, 0.2, 0.2, 0.2, 0.2]"
4056,371.00795922401977,229281.3978040468,"[0.2, 0.2, 0.2, 0.2, 0.2]"
4057,496.55988959656963,407679.8217030312,"[0.2, 0.2, 0.2, 0.2, 0.2]"
4058,395.93689597926004,146284.32540931305,"[0.2, 0.2, 0.2, 0.2, 0.2]"
4059,269.0551601505131,988175.2574600504,"[0.2, 0.2, 0.2, 0.2, 0.2]"
4060,597.7478021692896,939264.6171294712,"[0.2, 0.2, 0.2, 0.2, 0.2]"
4061,626.3007182672712,412048.3770910659,"[0.2, 0.2, 0.2, 0.2, 0.2]"
4062,492.8411346693767,297598.6452886753,"[0.2, 0.2, 0.2, 0.2, 0.2]"
4063,75.95064619784036,315807.71295513085,"[0.2, 0.2, 0.2, 0.2, 0.2]"
4064,849.0152013780677,652133.1387817969,"[0.2, 0.2, 0.2, 0.2, 0.2]"
4065,711.6215459773633,750006.248267636,"[0.2, 0.2, 0.2, 0.2, 0.2]"
4066,389.42250768928636,568945.3266901859,"[0.2, 0.2, 0.2, 0.2, 0.2]"
4067,654.9631492145545,922607.9849279354,"[0.2, 0.2, 0.2, 0.2, 0.2]"
4068,230.9858401200518,887075.1069605851,"[0.2, 0.2, 0.2, 0.2, 0.2]"
4069,91.03866329237266,617555.1519165833,"[0.2, 0.2, 0.2, 0.2, 0.2]"
4070,251.24350969615233,308193.24652807607,"[0.2, 0.2, 0.2, 0.2, 0.2]"
4071,294.16143245763527,665142.6180695405,"[0.2, 0.2, 0.2, 0.2, 0.2]"
4072,789.1064046585543,556172.9907557215,"[0.2, 0.2, 0.2, 0.2, 0.2]"
4073,563.5045198528172,485809.9734179125,"[0.2, 0.2, 0.2, 0.2, 0.2]"
4074,855.1780097369009,133192.9521744792,"[0.2, 0.2, 0.2, 0.2, 0.2]"
4075,258.29637873694895,889765.7757636111,"[0.2, 0.2, 0.2, 0.2, 0.2]"
4076,109.67466594288419,910518.9070025015,"[0.2, 0.2, 0.2, 0.2, 0.2]"
4077,259.86972626730824,748822.5160112573,"[0.2, 0.2, 0.2, 0.2, 0.2]"
4078,735.9811246982887,100068.97314743108,"[0.2, 0.2, 0.2, 0.2, 0.2]"
4079,487.7711462910309,716725.3686251482,"[0.2, 0.2, 0.2, 0.2, 0.2]"
4080,654.1370284612535,539309.27674704,"[0.2, 0.2, 0.2, 0.2, 0.2]"
4081,191.9713483840244,379025.69831960835,"[0.2, 0.2, 0.2, 0.2, 0.2]"
4082,744.834704906825,808309.6205012132,"[0.2, 0.2, 0.2, 0.2, 0.2]"
4083,509.35741720476193,884119.8388712018,"[0.2, 0.2, 0.2, 0.2, 0.2]"
4084,379.20977105937357,417890.5986252523,"[0.2, 0.2, 0.2, 0.2, 0.2]"
4085,838.0201707738487,816850.1555149683,"[0.2, 0.2, 0.2, 0.2, 0.2]"
4086,228.59896498400983,280983.37627063366,"[0.2, 0.2, 0.2, 0.2, 0.2]"
4087,490.53406689031675,146894.60810217116,"[0.2, 0.2, 0.2, 0.2, 0.2]"
4088,952.0010368503254,591271.2569187938,"[0.2, 0.2, 0.2, 0.2, 0.2]"
4089,468.000201103899,442117.03408353217,"[0.2, 0.2, 0.2, 0.2, 0.2]"
4090,960.9665648967504,219494.58900323085,"[0.2, 0.2, 0.2, 0.2, 0.2]"
4091,636.7945868745774,435741.203041524,"[0.2, 0.2, 0.2, 0.2, 0.2]"
4092,774.5256770642363,205235.35409968183,"[0.2, 0.2, 0.2, 0.2, 0.2]"
4093,77.27819731033789,713059.816506,"[0.2, 0.2, 0.2, 0.2, 0.2]"
4094,467.2061065131545,373561.2732422786,"[0.2, 0.2, 0.2, 0.2, 0.2]"
4095,932.8779767950455,507485.8914383267,"[0.2, 0.2, 0.2, 0.2, 0.2]"
4096,316.49979089947135,786364.5071591034,"[0.2, 0.2, 0.2, 0.2, 0.2]"
4097,310.5259805014539,522064.0607027955,"[0.2, 0.2, 0.2, 0.2, 0.2]"
4098,316.7524814229958,671041.6695945972,"[0.2, 0.2, 0.2, 0.2, 0.2]"
4099,259.08869859128765,309468.5907823339,"[0.2, 0.2, 0.2, 0.2, 0.2]"
4100,663.362396565201,726700.7838046687,"[0.2, 0.2, 0.2, 0.2, 0.2]"
4101,729.2301893345867,767880.911557455,"[0.2, 0.2, 0.2, 0.2, 0.2]"
4102,830.6602176124826,662135.0540608673,"[0.2, 0.2, 0.2, 0.2, 0.2]"
4103,810.0953490366812,597544.2444096184,"[0.2, 0.2, 0.2, 0.2, 0.2]"
4104,817.044116056375,903929.9084274825,"[0.2, 0.2, 0.2, 0.2, 0.2]"
4105,853.0126899555836,312656.74805602885,"[0.2, 0.2, 0.2, 0.2, 0.2]"
4106,165.2868207431588,704676.7678086747,"[0.2, 0.2, 0.2, 0.2, 0.2]"
4107,249.8277120932362,239580.14709608635,"[0.2, 0.2, 0.2, 0.2, 0.2]"
4108,603.9160480954768,747196.7200779439,"[0.2, 0.2, 0.2, 0.2, 0.2]"
4109,922.0944188912513,850883.6892659216,"[0.2, 0.2, 0.2, 0.2, 0.2]"
4110,344.32085327264423,749636.5845743521,"[0.2, 0.2, 0.2, 0.2, 0.2]"
4111,169.6419110628712,713349.35045622,"[0.2, 0.2, 0.2, 0.2, 0.2]"
4112,771.7602112459618,229224.6691247075,"[0.2, 0.2, 0.2, 0.2, 0.2]"
4113,318.9809159667039,780966.6213062935,"[0.2, 0.2, 0.2, 0.2, 0.2]"
4114,140.5941902142286,784838.1714555147,"[0.2, 0.2, 0.2, 0.2, 0.2]"
4115,592.4614172552779,440452.47468538705,"[0.2, 0.2, 0.2, 0.2, 0.2]"
4116,390.46744984862517,796153.9488432482,"[0.2, 0.2, 0.2, 0.2, 0.2]"
4117,202.8603224761706,553399.7887194401,"[0.2, 0.2, 0.2, 0.2, 0.2]"
4118,267.5501525750612,974397.5390382615,"[0.2, 0.2, 0.2, 0.2, 0.2]"
4119,746.6267973093866,507894.7073234465,"[0.2, 0.2, 0.2, 0.2, 0.2]"
4120,382.7236675226194,144056.13182139475,"[0.2, 0.2, 0.2, 0.2, 0.2]"
4121,367.5996414126291,743548.2579191065,"[0.2, 0.2, 0.2, 0.2, 0.2]"
4122,780.3810782152775,316010.51192914014,"[0.2, 0.2, 0.2, 0.2, 0.2]"
4123,91.93041602358068,578832.5656201071,"[0.2, 0.2, 0.2, 0.2, 0.2]"
4124,744.4033847942507,534678.8356804767,"[0.2, 0.2, 0.2, 0.2, 0.2]"
4125,730.6311586491266,320626.4910237534,"[0.2, 0.2, 0.2, 0.2, 0.2]"
4126,162.76781545563983,729114.2441719063,"[0.2, 0.2, 0.2, 0.2, 0.2]"
4127,963.548859201476,306728.3905028956,"[0.2, 0.2, 0.2, 0.2, 0.2]"
4128,713.7322909158406,238406.3913181883,"[0.2, 0.2, 0.2, 0.2, 0.2]"
4129,331.67085305057356,748698.7288572225,"[0.2, 0.2, 0.2, 0.2, 0.2]"
4130,849.2111858758743,895872.8318533631,"[0.2, 0.2, 0.2, 0.2, 0.2]"
4131,884.9223658691013,562734.914744769,"[0.2, 0.2, 0.2, 0.2, 0.2]"
4132,880.4777073732445,109325.67546125906,"[0.2, 0.2, 0.2, 0.2, 0.2]"
4133,789.7476314333845,946661.0178345507,"[0.2, 0.2, 0.2, 0.2, 0.2]"
4134,558.3873712374354,180342.6115298667,"[0.2, 0.2, 0.2, 0.2, 0.2]"
4135,790.3118454767709,458315.7226672871,"[0.2, 0.2, 0.2, 0.2, 0.2]"
4136,656.5661661146181,397769.56431881327,"[0.2, 0.2, 0.2, 0.2, 0.2]"
4137,80.70614133987574,795751.4099520318,"[0.2, 0.2, 0.2, 0.2, 0.2]"
4138,211.36226424207646,928651.5244641247,"[0.2, 0.2, 0.2, 0.2, 0.2]"
4139,128.05896138384213,171310.47476853512,"[0.2, 0.2, 0.2, 0.2, 0.2]"
4140,417.1656322339625,218136.26503613978,"[0.2, 0.2, 0.2, 0.2, 0.2]"
4141,308.175701323457,679169.0137694688,"[0.2, 0.2, 0.2, 0.2, 0.2]"
4142,390.6544133877709,818911.8820619198,"[0.2, 0.2, 0.2, 0.2, 0.2]"
4143,950.5253448854409,248688.8451441963,"[0.2, 0.2, 0.2, 0.2, 0.2]"
4144,197.4534776847074,363855.42440089845,"[0.2, 0.2, 0.2, 0.2, 0.2]"
4145,825.9792623649611,531153.2579081019,"[0.2, 0.2, 0.2, 0.2, 0.2]"
4146,502.76821412276314,342663.3694543273,"[0.2, 0.2, 0.2, 0.2, 0.2]"
4147,31.912224442044884,770867.8470879412,"[0.2, 0.2, 0.2, 0.2, 0.2]"
4148,706.0401401461813,382556.8501540707,"[0.2, 0.2, 0.2, 0.2, 0.2]"
4149,775.8636742096754,280442.9141357937,"[0.2, 0.2, 0.2, 0.2, 0.2]"
4150,79.84750275205447,415946.8711028922,"[0.2, 0.2, 0.2, 0.2, 0.2]"
4151,698.7463075964761,340461.32994240726,"[0.2, 0.2, 0.2, 0.2, 0.2]"
4152,889.3283083621952,627817.6899594303,"[0.2, 0.2, 0.2, 0.2, 0.2]"
4153,815.8704818332246,359538.08645450487,"[0.2, 0.2, 0.2, 0.2, 0.2]"
4154,986.3157793851926,946976.8576513765,"[0.2, 0.2, 0.2, 0.2, 0.2]"
4155,944.4654070971004,247429.45700350494,"[0.2, 0.2, 0.2, 0.2, 0.2]"
4156,339.0607697793722,606936.1653827045,"[0.2, 0.2, 0.2, 0.2, 0.2]"
4157,712.0682897886214,310922.46905650845,"[0.2, 0.2, 0.2, 0.2, 0.2]"
4158,791.7353423900965,569488.753513156,"[0.2, 0.2, 0.2, 0.2, 0.2]"
4159,784.0642123328967,148271.90755330698,"[0.2, 0.2, 0.2, 0.2, 0.2]"
4160,981.2750550141502,332637.0419875303,"[0.2, 0.2, 0.2, 0.2, 0.2]"
4161,780.0781663123475,219612.73196950354,"[0.2, 0.2, 0.2, 0.2, 0.2]"
4162,555.8210796576515,670010.266267615,"[0.2, 0.2, 0.2, 0.2, 0.2]"
4163,226.41365846850886,685635.8637418412,"[0.2, 0.2, 0.2, 0.2, 0.2]"
4164,403.46200532658946,355425.51539576787,"[0.2, 0.2, 0.2, 0.2, 0.2]"
4165,23.560912654140637,330415.1648422831,"[0.2, 0.2, 0.2, 0.2, 0.2]"
4166,329.7652525488626,139951.65681829958,"[0.2, 0.2, 0.2, 0.2, 0.2]"
4167,985.5621393003229,639031.4183667691,"[0.2, 0.2, 0.2, 0.2, 0.2]"
4168,775.2105244929508,709032.013068562,"[0.2, 0.2, 0.2, 0.2, 0.2]"
4169,726.4976425325915,360842.45858421666,"[0.2, 0.2, 0.2, 0.2, 0.2]"
4170,388.5648995847287,680329.1338542893,"[0.2, 0.2, 0.2, 0.2, 0.2]"
4171,888.9848274026525,161550.38767975275,"[0.2, 0.2, 0.2, 0.2, 0.2]"
4172,710.5290034874729,574242.8335877492,"[0.2, 0.2, 0.2, 0.2, 0.2]"
4173,191.53704971391855,676792.5552778835,"[0.2, 0.2, 0.2, 0.2, 0.2]"
4174,406.06135215824867,201952.54425981126,"[0.2, 0.2, 0.2, 0.2, 0.2]"
4175,197.77453410969483,828633.1455398026,"[0.2, 0.2, 0.2, 0.2, 0.2]"
4176,915.1210279519539,214260.87665094918,"[0.2, 0.2, 0.2, 0.2, 0.2]"
4177,128.9503540963367,888133.0844746812,"[0.2, 0.2, 0.2, 0.2, 0.2]"
4178,246.55963702457376,554812.1266403745,"[0.2, 0.2, 0.2, 0.2, 0.2]"
4179,864.1780849494421,172213.68568061496,"[0.2, 0.2, 0.2, 0.2, 0.2]"
4180,173.20896984273912,518719.71643684275,"[0.2, 0.2, 0.2, 0.2, 0.2]"
4181,271.22303177309226,643968.1322845771,"[0.2, 0.2, 0.2, 0.2, 0.2]"
4182,404.8291394232514,670955.8198772949,"[0.2, 0.2, 0.2, 0.2, 0.2]"
4183,830.1716457304319,823510.6820961984,"[0.2, 0.2, 0.2, 0.2, 0.2]"
4184,731.0643260355397,994372.1569886997,"[0.2, 0.2, 0.2, 0.2, 0.2]"
4185,752.7364016632584,287830.1622200755,"[0.2, 0.2, 0.2, 0.2, 0.2]"
4186,156.76752909651654,942863.1441871586,"[0.2, 0.2, 0.2, 0.2, 0.2]"
4187,363.52562918320467,203045.16416195573,"[0.2, 0.2, 0.2, 0.2, 0.2]"
4188,436.96253833782936,437020.49501609086,"[0.2, 0.2, 0.2, 0.2, 0.2]"
4189,983.510163554316,994324.317979734,"[0.2, 0.2, 0.2, 0.2, 0.2]"
4190,344.7058120297009,524614.802772658,"[0.2, 0.2, 0.2, 0.2, 0.2]"
4191,497.2464592414249,350467.6037098564,"[0.2, 0.2, 0.2, 0.2, 0.2]"
4192,266.99321704058775,735254.2949328965,"[0.2, 0.2, 0.2, 0.2, 0.2]"
4193,297.2705215976442,463843.2372792468,"[0.2, 0.2, 0.2, 0.2, 0.2]"
4194,792.6900483344776,910601.5555569488,"[0.2, 0.2, 0.2, 0.2, 0.2]"
4195,537.2964744415214,839840.6825856518,"[0.2, 0.2, 0.2, 0.2, 0.2]"
4196,635.2365572731971,406833.95895148924,"[0.2, 0.2, 0.2, 0.2, 0.2]"
4197,819.1382152250022,195670.4173686792,"[0.2, 0.2, 0.2, 0.2, 0.2]"
4198,473.76457339600233,256108.54659667565,"[0.2, 0.2, 0.2, 0.2, 0.2]"
4199,302.8593895316175,841235.8358489183,"[0.2, 0.2, 0.2, 0.2, 0.2]"
4200,267.0270056268984,447721.05413427425,"[0.2, 0.2, 0.2, 0.2, 0.2]"
4201,884.1857113328787,694717.1772420341,"[0.2, 0.2, 0.2, 0.2, 0.2]"
4202,749.3504396868983,632436.5020499598,"[0.2, 0.2, 0.2, 0.2, 0.2]"
4203,817.774049224145,904596.705147304,"[0.2, 0.2, 0.2, 0.2, 0.2]"
4204,774.9301729022932,520630.45205681934,"[0.2, 0.2, 0.2, 0.2, 0.2]"
4205,597.4363905243785,630134.1814782666,"[0.2, 0.2, 0.2, 0.2, 0.2]"
4206,736.6097065827132,998764.2432762195,"[0.2, 0.2, 0.2, 0.2, 0.2]"
4207,214.14658661915914,894982.9901654817,"[0.2, 0.2, 0.2, 0.2, 0.2]"
4208,961.6903141282656,910146.7437408086,"[0.2, 0.2, 0.2, 0.2, 0.2]"
4209,915.4573757882358,682179.5871382513,"[0.2, 0.2, 0.2, 0.2, 0.2]"
4210,797.4610545984224,798194.1962212235,"[0.2, 0.2, 0.2, 0.2, 0.2]"
4211,295.8035021559649,317033.6680537272,"[0.2, 0.2, 0.2, 0.2, 0.2]"
4212,230.99184917469438,999019.9036338283,"[0.2, 0.2, 0.2, 0.2, 0.2]"
4213,526.8402806744417,881376.8297360574,"[0.2, 0.2, 0.2, 0.2, 0.2]"
4214,126.86999743123987,364396.1015888821,"[0.2, 0.2, 0.2, 0.2, 0.2]"
4215,901.7595745328938,260638.53295001134,"[0.2, 0.2, 0.2, 0.2, 0.2]"
4216,920.2412387698688,766847.4728326405,"[0.2, 0.2, 0.2, 0.2, 0.2]"
4217,624.6246373951732,187022.400213726,"[0.2, 0.2, 0.2, 0.2, 0.2]"
4218,254.93521281459525,582598.9349290126,"[0.2, 0.2, 0.2, 0.2, 0.2]"
4219,84.49717906329467,699065.6831218721,"[0.2, 0.2, 0.2, 0.2, 0.2]"
4220,215.81132995192294,663314.8403567742,"[0.2, 0.2, 0.2, 0.2, 0.2]"
4221,525.0099671568953,357114.36063046154,"[0.2, 0.2, 0.2, 0.2, 0.2]"
4222,80.87416077887376,951569.7703521126,"[0.2, 0.2, 0.2, 0.2, 0.2]"
4223,510.3912277553277,257478.87132574644,"[0.2, 0.2, 0.2, 0.2, 0.2]"
4224,248.292543146066,775625.1891166541,"[0.2, 0.2, 0.2, 0.2, 0.2]"
4225,961.1766469579563,902421.2980705927,"[0.2, 0.2, 0.2, 0.2, 0.2]"
4226,481.1478967148342,147493.07330123827,"[0.2, 0.2, 0.2, 0.2, 0.2]"
4227,568.539569158053,887193.287845158,"[0.2, 0.2, 0.2, 0.2, 0.2]"
4228,937.8101527203136,613564.5113704585,"[0.2, 0.2, 0.2, 0.2, 0.2]"
4229,590.6433091038941,786274.3878253001,"[0.2, 0.2, 0.2, 0.2, 0.2]"
4230,880.7220341985292,852893.9708778204,"[0.2, 0.2, 0.2, 0.2, 0.2]"
4231,498.96152007464275,949588.0930250896,"[0.2, 0.2, 0.2, 0.2, 0.2]"
4232,682.3038524235782,431355.7977516025,"[0.2, 0.2, 0.2, 0.2, 0.2]"
4233,663.746066622032,746247.3459470248,"[0.2, 0.2, 0.2, 0.2, 0.2]"
4234,423.867044109186,651839.6249281544,"[0.2, 0.2, 0.2, 0.2, 0.2]"
4235,306.7492710575907,624474.3247522512,"[0.2, 0.2, 0.2, 0.2, 0.2]"
4236,816.1300261323029,560506.8450919774,"[0.2, 0.2, 0.2, 0.2, 0.2]"
4237,174.65948861507354,289279.74429886614,"[0.2, 0.2, 0.2, 0.2, 0.2]"
4238,569.4531282373212,190957.61299906945,"[0.2, 0.2, 0.2, 0.2, 0.2]"
4239,97.14813305955882,373139.5809749048,"[0.2, 0.2, 0.2, 0.2, 0.2]"
4240,210.34323007284866,277036.96195320087,"[0.2, 0.2, 0.2, 0.2, 0.2]"
4241,297.50654955590045,908565.2708259235,"[0.2, 0.2, 0.2, 0.2, 0.2]"
4242,488.37049049529503,870530.2209790752,"[0.2, 0.2, 0.2, 0.2, 0.2]"
4243,843.2028095376899,321724.30326435115,"[0.2, 0.2, 0.2, 0.2, 0.2]"
4244,239.01339967783144,367615.46973971993,"[0.2, 0.2, 0.2, 0.2, 0.2]"
4245,92.3589635879502,374182.92509513773,"[0.2, 0.2, 0.2, 0.2, 0.2]"
4246,616.8849130056918,745367.0021953571,"[0.2, 0.2, 0.2, 0.2, 0.2]"
4247,166.75401000064582,944593.9212399615,"[0.2, 0.2, 0.2, 0.2, 0.2]"
4248,877.4717436225995,768103.312003594,"[0.2, 0.2, 0.2, 0.2, 0.2]"
4249,635.7659467443439,866077.8575639924,"[0.2, 0.2, 0.2, 0.2, 0.2]"
4250,554.225718974701,779194.5325927807,"[0.2, 0.2, 0.2, 0.2, 0.2]"
4251,999.8102069769333,491018.2011470548,"[0.2, 0.2, 0.2, 0.2, 0.2]"
4252,949.8636932644735,321260.1689811235,"[0.2, 0.2, 0.2, 0.2, 0.2]"
4253,585.3951536138537,717069.8682967648,"[0.2, 0.2, 0.2, 0.2, 0.2]"
4254,779.3092971859128,218007.87736584689,"[0.2, 0.2, 0.2, 0.2, 0.2]"
4255,57.924495629749444,357753.43545086577,"[0.2, 0.2, 0.2, 0.2, 0.2]"
4256,421.37365544346767,585575.2489137712,"[0.2, 0.2, 0.2, 0.2, 0.2]"
4257,215.44249301861254,951053.6291547898,"[0.2, 0.2, 0.2, 0.2, 0.2]"
4258,881.4494255008758,261376.1181780443,"[0.2, 0.2, 0.2, 0.2, 0.2]"
4259,91.57899876323192,475298.57645624713,"[0.2, 0.2, 0.2, 0.2, 0.2]"
4260,337.101256308731,809785.0251980731,"[0.2, 0.2, 0.2, 0.2, 0.2]"
4261,48.250898028929825,314405.9633130848,"[0.2, 0.2, 0.2, 0.2, 0.2]"
4262,344.4494835907378,474056.1637432871,"[0.2, 0.2, 0.2, 0.2, 0.2]"
4263,24.80848783484444,802267.7137440428,"[0.2, 0.2, 0.2, 0.2, 0.2]"
4264,887.0461135555828,278007.2446620629,"[0.2, 0.2, 0.2, 0.2, 0.2]"
4265,544.8034136081304,737539.7057638123,"[0.2, 0.2, 0.2, 0.2, 0.2]"
4266,561.3598284413478,722798.4537076765,"[0.2, 0.2, 0.2, 0.2, 0.2]"
4267,108.30181683146208,328715.2154447633,"[0.2, 0.2, 0.2, 0.2, 0.2]"
4268,588.2594486286063,171503.03973677836,"[0.2, 0.2, 0.2, 0.2, 0.2]"
4269,193.9718861021188,783960.6382589471,"[0.2, 0.2, 0.2, 0.2, 0.2]"
4270,211.59615185079804,921613.0921220378,"[0.2, 0.2, 0.2, 0.2, 0.2]"
4271,192.79869458930364,542221.5681362178,"[0.2, 0.2, 0.2, 0.2, 0.2]"
4272,484.6947147347916,543666.6904609997,"[0.2, 0.2, 0.2, 0.2, 0.2]"
4273,779.4635630154654,581663.5132642218,"[0.2, 0.2, 0.2, 0.2, 0.2]"
4274,395.09447620290837,195149.18429578556,"[0.2, 0.2, 0.2, 0.2, 0.2]"
4275,769.1480415219098,262077.52032962313,"[0.2, 0.2, 0.2, 0.2, 0.2]"
4276,454.0132406122466,114887.35564152604,"[0.2, 0.2, 0.2, 0.2, 0.2]"
4277,925.6382925243809,650579.3648710103,"[0.2, 0.2, 0.2, 0.2, 0.2]"
4278,935.705005447064,379738.2010649362,"[0.2, 0.2, 0.2, 0.2, 0.2]"
4279,58.49844973538191,451699.9216642544,"[0.2, 0.2, 0.2, 0.2, 0.2]"
4280,667.4044294110575,894083.9784193661,"[0.2, 0.2, 0.2, 0.2, 0.2]"
4281,242.21785999774303,250403.42775575753,"[0.2, 0.2, 0.2, 0.2, 0.2]"
4282,538.3851371843128,672508.5052877255,"[0.2, 0.2, 0.2, 0.2, 0.2]"
4283,543.1224293954242,117477.26669825288,"[0.2, 0.2, 0.2, 0.2, 0.2]"
4284,753.8335381919607,864219.2716245364,"[0.2, 0.2, 0.2, 0.2, 0.2]"
4285,703.3084689340461,368397.47012312704,"[0.2, 0.2, 0.2, 0.2, 0.2]"
4286,802.3659757035513,373358.81846570934,"[0.2, 0.2, 0.2, 0.2, 0.2]"
4287,691.8573399612787,610480.5974805441,"[0.2, 0.2, 0.2, 0.2, 0.2]"
4288,263.46312094541963,700642.1594350883,"[0.2, 0.2, 0.2, 0.2, 0.2]"
4289,836.0094282986306,853254.5290528655,"[0.2, 0.2, 0.2, 0.2, 0.2]"
4290,130.59098206129477,389711.0350082299,"[0.2, 0.2, 0.2, 0.2, 0.2]"
4291,664.579326264304,588769.1220492002,"[0.2, 0.2, 0.2, 0.2, 0.2]"
4292,641.2042960211919,317198.65624343633,"[0.2, 0.2, 0.2, 0.2, 0.2]"
4293,438.6346405097414,495413.5636851318,"[0.2, 0.2, 0.2, 0.2, 0.2]"
4294,436.35732793732893,278655.01100828423,"[0.2, 0.2, 0.2, 0.2, 0.2]"
4295,578.7511702693164,450253.93372348597,"[0.2, 0.2, 0.2, 0.2, 0.2]"
4296,308.35316061372384,899063.3668319273,"[0.2, 0.2, 0.2, 0.2, 0.2]"
4297,205.21166983650437,797082.0284398281,"[0.2, 0.2, 0.2, 0.2, 0.2]"
4298,612.9021398015649,735235.2487606406,"[0.2, 0.2, 0.2, 0.2, 0.2]"
4299,441.3517856229417,732568.324073129,"[0.2, 0.2, 0.2, 0.2, 0.2]"
4300,523.4127928873678,879762.8766003973,"[0.2, 0.2, 0.2, 0.2, 0.2]"
4301,252.96959482045594,377699.89013095107,"[0.2, 0.2, 0.2, 0.2, 0.2]"
4302,826.7449590953686,346525.05240762996,"[0.2, 0.2, 0.2, 0.2, 0.2]"
4303,727.6218213842938,974457.2263586139,"[0.2, 0.2, 0.2, 0.2, 0.2]"
4304,218.01923045561992,614653.7078079329,"[0.2, 0.2, 0.2, 0.2, 0.2]"
4305,924.7760278587507,648206.2460095452,"[0.2, 0.2, 0.2, 0.2, 0.2]"
4306,10.30972593157143,830042.228643167,"[0.2, 0.2, 0.2, 0.2, 0.2]"
4307,479.0632714768843,817132.1214839073,"[0.2, 0.2, 0.2, 0.2, 0.2]"
4308,391.6335086368649,224674.28573265695,"[0.2, 0.2, 0.2, 0.2, 0.2]"
4309,64.2946425643415,584955.4627187385,"[0.2, 0.2, 0.2, 0.2, 0.2]"
4310,943.7064595766197,362546.591217101,"[0.2, 0.2, 0.2, 0.2, 0.2]"
4311,691.0164013740745,548101.472795654,"[0.2, 0.2, 0.2, 0.2, 0.2]"
4312,81.9265217689965,139722.5050294649,"[0.2, 0.2, 0.2, 0.2, 0.2]"
4313,553.8919468827133,625336.7593955598,"[0.2, 0.2, 0.2, 0.2, 0.2]"
4314,974.1639507782371,729504.9241876592,"[0.2, 0.2, 0.2, 0.2, 0.2]"
4315,64.6612952215835,822407.5768951176,"[0.2, 0.2, 0.2, 0.2, 0.2]"
4316,153.59086736966142,579158.4486846342,"[0.2, 0.2, 0.2, 0.2, 0.2]"
4317,589.2303321073812,606329.1307431664,"[0.2, 0.2, 0.2, 0.2, 0.2]"
4318,674.7944601945434,604773.461929319,"[0.2, 0.2, 0.2, 0.2, 0.2]"
4319,521.6984523875051,240044.1380941635,"[0.2, 0.2, 0.2, 0.2, 0.2]"
4320,223.71567629103498,454417.38147727697,"[0.2, 0.2, 0.2, 0.2, 0.2]"
4321,676.699413218374,681588.9786765091,"[0.2, 0.2, 0.2, 0.2, 0.2]"
4322,852.9472973650523,669509.1120585196,"[0.2, 0.2, 0.2, 0.2, 0.2]"
4323,43.715765905011175,468239.8336586717,"[0.2, 0.2, 0.2, 0.2, 0.2]"
4324,691.5512763234375,942824.5909777541,"[0.2, 0.2, 0.2, 0.2, 0.2]"
4325,190.65308883987666,573191.1395406127,"[0.2, 0.2, 0.2, 0.2, 0.2]"
4326,736.5844031779716,856261.3814063548,"[0.2, 0.2, 0.2, 0.2, 0.2]"
4327,958.6182138693767,556183.8913742304,"[0.2, 0.2, 0.2, 0.2, 0.2]"
4328,539.5162388986629,961925.8431435857,"[0.2, 0.2, 0.2, 0.2, 0.2]"
4329,906.0922671443166,821553.3891910078,"[0.2, 0.2, 0.2, 0.2, 0.2]"
4330,774.944859397873,172454.75116600294,"[0.2, 0.2, 0.2, 0.2, 0.2]"
4331,439.21872515818444,129305.03430066415,"[0.2, 0.2, 0.2, 0.2, 0.2]"
4332,771.2621039609005,110579.1898335964,"[0.2, 0.2, 0.2, 0.2, 0.2]"
4333,348.52616022438593,409310.1518658168,"[0.2, 0.2, 0.2, 0.2, 0.2]"
4334,388.6371049733476,336437.88029747317,"[0.2, 0.2, 0.2, 0.2, 0.2]"
4335,552.3865478940127,887981.455704331,"[0.2, 0.2, 0.2, 0.2, 0.2]"
4336,692.6440334276222,963022.9919280928,"[0.2, 0.2, 0.2, 0.2, 0.2]"
4337,455.5864577463164,196227.0756829714,"[0.2, 0.2, 0.2, 0.2, 0.2]"
4338,824.5444750891794,765522.5476980086,"[0.2, 0.2, 0.2, 0.2, 0.2]"
4339,789.6479379775843,452599.2615981717,"[0.2, 0.2, 0.2, 0.2, 0.2]"
4340,149.94667129618037,684937.8957493419,"[0.2, 0.2, 0.2, 0.2, 0.2]"
4341,790.6058263116428,322772.85560914874,"[0.2, 0.2, 0.2, 0.2, 0.2]"
4342,696.8505518020993,218321.83501707195,"[0.2, 0.2, 0.2, 0.2, 0.2]"
4343,623.0414386816166,785955.3016158364,"[0.2, 0.2, 0.2, 0.2, 0.2]"
4344,244.48479975761245,198305.25067954953,"[0.2, 0.2, 0.2, 0.2, 0.2]"
4345,874.6515051390553,167165.20234054618,"[0.2, 0.2, 0.2, 0.2, 0.2]"
4346,835.6611366639322,707010.0148492974,"[0.2, 0.2, 0.2, 0.2, 0.2]"
4347,550.7246216840764,529538.3031676813,"[0.2, 0.2, 0.2, 0.2, 0.2]"
4348,846.9876549477566,415898.52558903396,"[0.2, 0.2, 0.2, 0.2, 0.2]"
4349,239.4341096497271,365120.47150155547,"[0.2, 0.2, 0.2, 0.2, 0.2]"
4350,623.8885758090336,233454.83041437666,"[0.2, 0.2, 0.2, 0.2, 0.2]"
4351,583.471240722848,102297.291990415,"[0.2, 0.2, 0.2, 0.2, 0.2]"
4352,153.12838451315056,102371.93142728055,"[0.2, 0.2, 0.2, 0.2, 0.2]"
4353,62.82082355003559,251303.345210994,"[0.2, 0.2, 0.2, 0.2, 0.2]"
4354,587.2898153731984,869053.281621845,"[0.2, 0.2, 0.2, 0.2, 0.2]"
4355,437.9011279306505,906462.7198195475,"[0.2, 0.2, 0.2, 0.2, 0.2]"
4356,485.6626350434918,147651.73014666716,"[0.2, 0.2, 0.2, 0.2, 0.2]"
4357,897.4116096692529,866361.8928577162,"[0.2, 0.2, 0.2, 0.2, 0.2]"
4358,735.1958971289654,586767.548575253,"[0.2, 0.2, 0.2, 0.2, 0.2]"
4359,568.216235734566,248765.10486138213,"[0.2, 0.2, 0.2, 0.2, 0.2]"
4360,477.3607226760551,812733.1768633097,"[0.2, 0.2, 0.2, 0.2, 0.2]"
4361,54.532468608007996,250761.7532473886,"[0.2, 0.2, 0.2, 0.2, 0.2]"
4362,228.54614406566628,768578.3412776262,"[0.2, 0.2, 0.2, 0.2, 0.2]"
4363,862.2359878583733,318519.860733881,"[0.2, 0.2, 0.2, 0.2, 0.2]"
4364,820.4883983787513,405386.52602628066,"[0.2, 0.2, 0.2, 0.2, 0.2]"
4365,421.50853112783466,977612.995610211,"[0.2, 0.2, 0.2, 0.2, 0.2]"
4366,377.874770794388,576627.891563532,"[0.2, 0.2, 0.2, 0.2, 0.2]"
4367,673.852283390096,714599.9701809107,"[0.2, 0.2, 0.2, 0.2, 0.2]"
4368,591.1788506153526,480561.80974111,"[0.2, 0.2, 0.2, 0.2, 0.2]"
4369,328.0543634555665,630026.401408532,"[0.2, 0.2, 0.2, 0.2, 0.2]"
4370,66.83609814747274,593103.4402699929,"[0.2, 0.2, 0.2, 0.2, 0.2]"
4371,114.83760060208752,247103.04850157484,"[0.2, 0.2, 0.2, 0.2, 0.2]"
4372,422.5474978956393,929598.4840448428,"[0.2, 0.2, 0.2, 0.2, 0.2]"
4373,139.4052656392545,879942.3735424138,"[0.2, 0.2, 0.2, 0.2, 0.2]"
4374,844.9478910627146,732364.017653336,"[0.2, 0.2, 0.2, 0.2, 0.2]"
4375,902.0581706327915,819271.8383875046,"[0.2, 0.2, 0.2, 0.2, 0.2]"
4376,666.7256024406063,653127.5977580237,"[0.2, 0.2, 0.2, 0.2, 0.2]"
4377,895.036830095411,863926.8187876887,"[0.2, 0.2, 0.2, 0.2, 0.2]"
4378,610.6395825669325,231811.35191259626,"[0.2, 0.2, 0.2, 0.2, 0.2]"
4379,769.5636523243927,349610.8062650163,"[0.2, 0.2, 0.2, 0.2, 0.2]"
4380,213.33308683588135,787005.5627668729,"[0.2, 0.2, 0.2, 0.2, 0.2]"
4381,189.82791090730976,909530.3169928988,"[0.2, 0.2, 0.2, 0.2, 0.2]"
4382,984.5292179952683,475474.40718452405,"[0.2, 0.2, 0.2, 0.2, 0.2]"
4383,26.185710062792708,582228.2471037866,"[0.2, 0.2, 0.2, 0.2, 0.2]"
4384,620.3560878260666,237360.80332846096,"[0.2, 0.2, 0.2, 0.2, 0.2]"
4385,675.8344952623827,341170.3992304534,"[0.2, 0.2, 0.2, 0.2, 0.2]"
4386,299.75751217472134,875416.7486039897,"[0.2, 0.2, 0.2, 0.2, 0.2]"
4387,171.3728447903533,794705.5208158614,"[0.2, 0.2, 0.2, 0.2, 0.2]"
4388,354.91876694223424,557408.5280546905,"[0.2, 0.2, 0.2, 0.2, 0.2]"
4389,86.51901959548685,455022.2788115813,"[0.2, 0.2, 0.2, 0.2, 0.2]"
4390,169.62927939667594,547363.1478850201,"[0.2, 0.2, 0.2, 0.2, 0.2]"
4391,753.8971994331855,811510.8354899744,"[0.2, 0.2, 0.2, 0.2, 0.2]"
4392,125.8496523037408,686728.8216944344,"[0.2, 0.2, 0.2, 0.2, 0.2]"
4393,219.66046027830328,847272.3145472949,"[0.2, 0.2, 0.2, 0.2, 0.2]"
4394,298.8207187485748,557116.270092754,"[0.2, 0.2, 0.2, 0.2, 0.2]"
4395,974.098027691675,132598.70899923204,"[0.2, 0.2, 0.2, 0.2, 0.2]"
4396,660.9448411766571,916791.3264607656,"[0.2, 0.2, 0.2, 0.2, 0.2]"
4397,761.1994188543307,910657.8496882123,"[0.2, 0.2, 0.2, 0.2, 0.2]"
4398,89.3468925556562,936339.8849206044,"[0.2, 0.2, 0.2, 0.2, 0.2]"
4399,704.5376696613849,252803.80495443454,"[0.2, 0.2, 0.2, 0.2, 0.2]"
4400,631.4106178539845,346417.0964405392,"[0.2, 0.2, 0.2, 0.2, 0.2]"
4401,907.9121599204993,364580.7596146805,"[0.2, 0.2, 0.2, 0.2, 0.2]"
4402,638.955595969982,780026.2513293069,"[0.2, 0.2, 0.2, 0.2, 0.2]"
4403,381.6444147564699,509470.4869457569,"[0.2, 0.2, 0.2, 0.2, 0.2]"
4404,586.5116399347945,240497.39939034346,"[0.2, 0.2, 0.2, 0.2, 0.2]"
4405,290.1168133841001,873296.4543148798,"[0.2, 0.2, 0.2, 0.2, 0.2]"
4406,115.35087062231462,941991.3214356502,"[0.2, 0.2, 0.2, 0.2, 0.2]"
4407,890.0201002122957,312703.15896907274,"[0.2, 0.2, 0.2, 0.2, 0.2]"
4408,942.3378834957031,841160.4210129842,"[0.2, 0.2, 0.2, 0.2, 0.2]"
4409,503.22154079713704,748555.2127372108,"[0.2, 0.2, 0.2, 0.2, 0.2]"
4410,189.11861211686454,696072.9848361077,"[0.2, 0.2, 0.2, 0.2, 0.2]"
4411,376.10844373881196,351340.3954489847,"[0.2, 0.2, 0.2, 0.2, 0.2]"
4412,919.6646902359598,527581.3767361725,"[0.2, 0.2, 0.2, 0.2, 0.2]"
4413,661.3166495828139,616233.0901975213,"[0.2, 0.2, 0.2, 0.2, 0.2]"
4414,516.5902364567592,199347.81602952612,"[0.2, 0.2, 0.2, 0.2, 0.2]"
4415,23.580246015515364,653622.0971749322,"[0.2, 0.2, 0.2, 0.2, 0.2]"
4416,693.1628148268857,845014.8911532534,"[0.2, 0.2, 0.2, 0.2, 0.2]"
4417,671.3749720501302,354102.3968835736,"[0.2, 0.2, 0.2, 0.2, 0.2]"
4418,481.0035871412821,511609.22280124336,"[0.2, 0.2, 0.2, 0.2, 0.2]"
4419,493.063488201056,586472.9826892365,"[0.2, 0.2, 0.2, 0.2, 0.2]"
4420,597.1326880953131,847651.6737011613,"[0.2, 0.2, 0.2, 0.2, 0.2]"
4421,494.8159534954152,380815.0216135937,"[0.2, 0.2, 0.2, 0.2, 0.2]"
4422,54.50049430243878,554201.4529278139,"[0.2, 0.2, 0.2, 0.2, 0.2]"
4423,339.2149720833092,443390.93690510344,"[0.2, 0.2, 0.2, 0.2, 0.2]"
4424,758.6202177593507,714288.394581569,"[0.2, 0.2, 0.2, 0.2, 0.2]"
4425,953.5436573015875,233174.80883245287,"[0.2, 0.2, 0.2, 0.2, 0.2]"
4426,659.0741127136216,262379.40859116055,"[0.2, 0.2, 0.2, 0.2, 0.2]"
4427,226.95757215009772,897848.097662963,"[0.2, 0.2, 0.2, 0.2, 0.2]"
4428,908.303547948106,245970.91769908767,"[0.2, 0.2, 0.2, 0.2, 0.2]"
4429,515.8930999644826,334498.87196617393,"[0.2, 0.2, 0.2, 0.2, 0.2]"
4430,157.2627917555102,718824.9593081851,"[0.2, 0.2, 0.2, 0.2, 0.2]"
4431,679.871774658622,218380.13069315517,"[0.2, 0.2, 0.2, 0.2, 0.2]"
4432,476.5855533402842,480005.32832189096,"[0.2, 0.2, 0.2, 0.2, 0.2]"
4433,262.0102684092834,123875.27814900936,"[0.2, 0.2, 0.2, 0.2, 0.2]"
4434,508.72349088390706,727672.3985693732,"[0.2, 0.2, 0.2, 0.2, 0.2]"
4435,729.9419510944023,243118.24184124297,"[0.2, 0.2, 0.2, 0.2, 0.2]"
4436,763.6788301405048,714905.3828482302,"[0.2, 0.2, 0.2, 0.2, 0.2]"
4437,272.4121714826454,493175.02118127095,"[0.2, 0.2, 0.2, 0.2, 0.2]"
4438,583.459023936851,397630.3528482764,"[0.2, 0.2, 0.2, 0.2, 0.2]"
4439,29.834863848032178,395258.6207515405,"[0.2, 0.2, 0.2, 0.2, 0.2]"
4440,165.45495063616184,805809.614467639,"[0.2, 0.2, 0.2, 0.2, 0.2]"
4441,781.5011305427248,602165.733745961,"[0.2, 0.2, 0.2, 0.2, 0.2]"
4442,838.7982160256313,246222.8321627692,"[0.2, 0.2, 0.2, 0.2, 0.2]"
4443,471.04030197617396,118705.0777655989,"[0.2, 0.2, 0.2, 0.2, 0.2]"
4444,157.64278061047872,786748.601874689,"[0.2, 0.2, 0.2, 0.2, 0.2]"
4445,497.7293185525179,280104.9852633275,"[0.2, 0.2, 0.2, 0.2, 0.2]"
4446,877.35880229483,937337.3469715427,"[0.2, 0.2, 0.2, 0.2, 0.2]"
4447,379.9415977487275,657936.8236291669,"[0.2, 0.2, 0.2, 0.2, 0.2]"
4448,597.1917954152941,844317.7214440479,"[0.2, 0.2, 0.2, 0.2, 0.2]"
4449,152.17918319695778,581884.2784366005,"[0.2, 0.2, 0.2, 0.2, 0.2]"
4450,880.5572383307415,252274.50823126026,"[0.2, 0.2, 0.2, 0.2, 0.2]"
4451,738.1132868995758,308295.4838039435,"[0.2, 0.2, 0.2, 0.2, 0.2]"
4452,661.2202134655537,693333.7981007705,"[0.2, 0.2, 0.2, 0.2, 0.2]"
4453,885.7710340024979,327650.7790088097,"[0.2, 0.2, 0.2, 0.2, 0.2]"
4454,587.0290616940604,842056.068787396,"[0.2, 0.2, 0.2, 0.2, 0.2]"
4455,791.633900865829,355662.72035797,"[0.2, 0.2, 0.2, 0.2, 0.2]"
4456,21.430275695701788,404635.04754130344,"[0.2, 0.2, 0.2, 0.2, 0.2]"
4457,234.470589042198,518001.17606827663,"[0.2, 0.2, 0.2, 0.2, 0.2]"
4458,920.4210051691308,901743.751925482,"[0.2, 0.2, 0.2, 0.2, 0.2]"
4459,289.02409856041373,344581.0993080848,"[0.2, 0.2, 0.2, 0.2, 0.2]"
4460,842.0038071554301,838094.4214248954,"[0.2, 0.2, 0.2, 0.2, 0.2]"
4461,359.58242610899714,394842.034473694,"[0.2, 0.2, 0.2, 0.2, 0.2]"
4462,856.8651063383351,478024.03455683467,"[0.2, 0.2, 0.2, 0.2, 0.2]"
4463,228.00552869236742,850995.7815342332,"[0.2, 0.2, 0.2, 0.2, 0.2]"
4464,118.3567429295545,404866.0054870217,"[0.2, 0.2, 0.2, 0.2, 0.2]"
4465,796.8146438174342,337572.15939666587,"[0.2, 0.2, 0.2, 0.2, 0.2]"
4466,171.80853737547915,906865.5596449005,"[0.2, 0.2, 0.2, 0.2, 0.2]"
4467,459.2754301648297,992127.127087141,"[0.2, 0.2, 0.2, 0.2, 0.2]"
4468,699.5728474504012,881085.9780478926,"[0.2, 0.2, 0.2, 0.2, 0.2]"
4469,707.2895603543317,804957.1965838458,"[0.2, 0.2, 0.2, 0.2, 0.2]"
4470,419.8109705909186,575649.1104474817,"[0.2, 0.2, 0.2, 0.2, 0.2]"
4471,906.7567719266225,482531.6706738079,"[0.2, 0.2, 0.2, 0.2, 0.2]"
4472,280.1957736565483,522413.80606176774,"[0.2, 0.2, 0.2, 0.2, 0.2]"
4473,482.21309577015774,528772.028804698,"[0.2, 0.2, 0.2, 0.2, 0.2]"
4474,41.75723228269625,906919.5594077563,"[0.2, 0.2, 0.2, 0.2, 0.2]"
4475,934.4093402383472,887543.4162472741,"[0.2, 0.2, 0.2, 0.2, 0.2]"
4476,912.5423816904829,594276.9996001769,"[0.2, 0.2, 0.2, 0.2, 0.2]"
4477,724.2767343805364,260145.58230282794,"[0.2, 0.2, 0.2, 0.2, 0.2]"
4478,155.53107641985787,914654.1694286013,"[0.2, 0.2, 0.2, 0.2, 0.2]"
4479,208.3413232412026,556179.1519046297,"[0.2, 0.2, 0.2, 0.2, 0.2]"
4480,484.2777671484551,230244.13215743433,"[0.2, 0.2, 0.2, 0.2, 0.2]"
4481,348.23308004872945,147399.2298581053,"[0.2, 0.2, 0.2, 0.2, 0.2]"
4482,833.0694582652029,278588.4818732226,"[0.2, 0.2, 0.2, 0.2, 0.2]"
4483,881.4542353788232,342576.6155115587,"[0.2, 0.2, 0.2, 0.2, 0.2]"
4484,760.6027375956675,539985.1149083478,"[0.2, 0.2, 0.2, 0.2, 0.2]"
4485,61.6996851419308,969038.9790587671,"[0.2, 0.2, 0.2, 0.2, 0.2]"
4486,351.1937338318457,131853.56287153272,"[0.2, 0.2, 0.2, 0.2, 0.2]"
4487,722.6757441318227,492087.62811004504,"[0.2, 0.2, 0.2, 0.2, 0.2]"
4488,267.07524414502825,830037.9574014053,"[0.2, 0.2, 0.2, 0.2, 0.2]"
4489,852.7694263602721,297170.6610721219,"[0.2, 0.2, 0.2, 0.2, 0.2]"
4490,396.5400520564197,283770.8078054157,"[0.2, 0.2, 0.2, 0.2, 0.2]"
4491,77.33314615221491,783218.3531693693,"[0.2, 0.2, 0.2, 0.2, 0.2]"
4492,573.123313604814,700381.6377715205,"[0.2, 0.2, 0.2, 0.2, 0.2]"
4493,135.6493345388442,601862.956598562,"[0.2, 0.2, 0.2, 0.2, 0.2]"
4494,720.0736624198647,703532.9030713614,"[0.2, 0.2, 0.2, 0.2, 0.2]"
4495,425.4588372534313,701499.9427123666,"[0.2, 0.2, 0.2, 0.2, 0.2]"
4496,749.7668532798517,432455.2168107785,"[0.2, 0.2, 0.2, 0.2, 0.2]"
4497,214.49628542003344,933742.4459489047,"[0.2, 0.2, 0.2, 0.2, 0.2]"
4498,176.08115189641563,117177.73271672871,"[0.2, 0.2, 0.2, 0.2, 0.2]"
4499,843.70731326075,913907.811125836,"[0.2, 0.2, 0.2, 0.2, 0.2]"
4500,850.5933780564164,263642.6979040757,"[0.2, 0.2, 0.2, 0.2, 0.2]"
4501,160.5536960313834,432822.44949186157,"[0.2, 0.2, 0.2, 0.2, 0.2]"
4502,775.1641752948009,923199.4425283798,"[0.2, 0.2, 0.2, 0.2, 0.2]"
4503,32.41331069677179,613910.7425616501,"[0.2, 0.2, 0.2, 0.2, 0.2]"
4504,160.36762040555362,859395.1379485172,"[0.2, 0.2, 0.2, 0.2, 0.2]"
4505,353.9393463107976,577344.2023753889,"[0.2, 0.2, 0.2, 0.2, 0.2]"
4506,339.7492399307469,134114.80183577046,"[0.2, 0.2, 0.2, 0.2, 0.2]"
4507,290.3911215470252,713189.8142856513,"[0.2, 0.2, 0.2, 0.2, 0.2]"
4508,247.54286812877442,414435.3106060808,"[0.2, 0.2, 0.2, 0.2, 0.2]"
4509,795.3440534771985,462839.44805921806,"[0.2, 0.2, 0.2, 0.2, 0.2]"
4510,757.1639253456154,584069.8428434752,"[0.2, 0.2, 0.2, 0.2, 0.2]"
4511,366.3947681281189,523831.21841863333,"[0.2, 0.2, 0.2, 0.2, 0.2]"
4512,728.3321052696299,523442.67869118013,"[0.2, 0.2, 0.2, 0.2, 0.2]"
4513,702.7449983777781,767797.1600917336,"[0.2, 0.2, 0.2, 0.2, 0.2]"
4514,989.4477599835911,719828.1290862802,"[0.2, 0.2, 0.2, 0.2, 0.2]"
4515,465.8826614530033,828911.8827970488,"[0.2, 0.2, 0.2, 0.2, 0.2]"
4516,966.414543685756,893231.7660991773,"[0.2, 0.2, 0.2, 0.2, 0.2]"
4517,224.68970979479855,280276.9041095502,"[0.2, 0.2, 0.2, 0.2, 0.2]"
4518,609.2933154568485,301613.5141852829,"[0.2, 0.2, 0.2, 0.2, 0.2]"
4519,585.727480219856,393548.6457603828,"[0.2, 0.2, 0.2, 0.2, 0.2]"
4520,483.98480080989384,553963.7060669408,"[0.2, 0.2, 0.2, 0.2, 0.2]"
4521,426.20200838558117,667641.1074009497,"[0.2, 0.2, 0.2, 0.2, 0.2]"
4522,197.42524762375479,938031.7809672027,"[0.2, 0.2, 0.2, 0.2, 0.2]"
4523,835.5035202774885,344995.73212948383,"[0.2, 0.2, 0.2, 0.2, 0.2]"
4524,488.6274750510999,141445.65993646882,"[0.2, 0.2, 0.2, 0.2, 0.2]"
4525,524.7948882137524,462766.51853443246,"[0.2, 0.2, 0.2, 0.2, 0.2]"
4526,613.6499234255448,345836.3338912212,"[0.2, 0.2, 0.2, 0.2, 0.2]"
4527,122.44146628597012,528991.2014929135,"[0.2, 0.2, 0.2, 0.2, 0.2]"
4528,79.48716505374864,952818.9113101197,"[0.2, 0.2, 0.2, 0.2, 0.2]"
4529,122.60487245008271,330648.0775334608,"[0.2, 0.2, 0.2, 0.2, 0.2]"
4530,617.3371355046814,728357.7658980559,"[0.2, 0.2, 0.2, 0.2, 0.2]"
4531,550.1584414004612,447416.02003252594,"[0.2, 0.2, 0.2, 0.2, 0.2]"
4532,862.3602487562257,411806.8975891413,"[0.2, 0.2, 0.2, 0.2, 0.2]"
4533,254.9382416833289,596308.3212332868,"[0.2, 0.2, 0.2, 0.2, 0.2]"
4534,936.3590086283793,902151.0895992133,"[0.2, 0.2, 0.2, 0.2, 0.2]"
4535,455.30402374759,664682.8553650642,"[0.2, 0.2, 0.2, 0.2, 0.2]"
4536,843.8644848750363,577292.3890583407,"[0.2, 0.2, 0.2, 0.2, 0.2]"
4537,350.9103297597269,707106.0555678137,"[0.2, 0.2, 0.2, 0.2, 0.2]"
4538,452.28197639668986,419998.75323193445,"[0.2, 0.2, 0.2, 0.2, 0.2]"
4539,741.0300823716246,146051.0161706995,"[0.2, 0.2, 0.2, 0.2, 0.2]"
4540,551.74985955742,575508.0084344926,"[0.2, 0.2, 0.2, 0.2, 0.2]"
4541,538.8871305367178,509296.1997313722,"[0.2, 0.2, 0.2, 0.2, 0.2]"
4542,53.74538071213712,775050.3857888128,"[0.2, 0.2, 0.2, 0.2, 0.2]"
4543,469.506152277662,558418.7091501291,"[0.2, 0.2, 0.2, 0.2, 0.2]"
4544,151.59129421651906,270341.10281282867,"[0.2, 0.2, 0.2, 0.2, 0.2]"
4545,353.87383119617846,255054.3728454724,"[0.2, 0.2, 0.2, 0.2, 0.2]"
4546,708.9290824894164,377315.42604419123,"[0.2, 0.2, 0.2, 0.2, 0.2]"
4547,570.1947503002783,441892.24036563956,"[0.2, 0.2, 0.2, 0.2, 0.2]"
4548,391.8786137952045,697377.3122073483,"[0.2, 0.2, 0.2, 0.2, 0.2]"
4549,799.8018666559623,323587.5216526711,"[0.2, 0.2, 0.2, 0.2, 0.2]"
4550,830.6397137383378,649636.1483806766,"[0.2, 0.2, 0.2, 0.2, 0.2]"
4551,832.6094767891385,805915.5542256533,"[0.2, 0.2, 0.2, 0.2, 0.2]"
4552,274.15334017681744,655027.5976703287,"[0.2, 0.2, 0.2, 0.2, 0.2]"
4553,98.5349423608766,803984.491573113,"[0.2, 0.2, 0.2, 0.2, 0.2]"
4554,509.8833990159563,654680.5706932731,"[0.2, 0.2, 0.2, 0.2, 0.2]"
4555,767.045111379086,227774.24031108277,"[0.2, 0.2, 0.2, 0.2, 0.2]"
4556,200.72996324856993,779479.1635303632,"[0.2, 0.2, 0.2, 0.2, 0.2]"
4557,607.7188717047151,701930.3645052996,"[0.2, 0.2, 0.2, 0.2, 0.2]"
4558,411.149661617925,709176.3703684742,"[0.2, 0.2, 0.2, 0.2, 0.2]"
4559,576.6423808877229,181906.5430996118,"[0.2, 0.2, 0.2, 0.2, 0.2]"
4560,463.68549249814,426689.9254105661,"[0.2, 0.2, 0.2, 0.2, 0.2]"
4561,187.41506422330335,375752.24787190935,"[0.2, 0.2, 0.2, 0.2, 0.2]"
4562,567.8853867622655,956697.5659562334,"[0.2, 0.2, 0.2, 0.2, 0.2]"
4563,822.7359036112776,926689.7070196576,"[0.2, 0.2, 0.2, 0.2, 0.2]"
4564,838.4592943283233,477939.7798697709,"[0.2, 0.2, 0.2, 0.2, 0.2]"
4565,909.6570209969976,295323.13754716725,"[0.2, 0.2, 0.2, 0.2, 0.2]"
4566,478.9829847672824,669430.8885275829,"[0.2, 0.2, 0.2, 0.2, 0.2]"
4567,273.97066326784807,546252.2938238031,"[0.2, 0.2, 0.2, 0.2, 0.2]"
4568,534.2692646596031,446548.79504567233,"[0.2, 0.2, 0.2, 0.2, 0.2]"
4569,461.04771256488084,927657.8145749576,"[0.2, 0.2, 0.2, 0.2, 0.2]"
4570,504.3861665688676,679988.0270166453,"[0.2, 0.2, 0.2, 0.2, 0.2]"
4571,52.48642498874607,816783.7959919156,"[0.2, 0.2, 0.2, 0.2, 0.2]"
4572,869.9418519258415,882476.5069221453,"[0.2, 0.2, 0.2, 0.2, 0.2]"
4573,370.6760817992837,847879.2712053068,"[0.2, 0.2, 0.2, 0.2, 0.2]"
4574,146.66548294681505,952019.602831099,"[0.2, 0.2, 0.2, 0.2, 0.2]"
4575,231.27496822396614,339649.19431558275,"[0.2, 0.2, 0.2, 0.2, 0.2]"
4576,509.29999214499827,425416.02284663945,"[0.2, 0.2, 0.2, 0.2, 0.2]"
4577,530.3131524062336,414299.6380474648,"[0.2, 0.2, 0.2, 0.2, 0.2]"
4578,802.8551574844108,155235.95353215758,"[0.2, 0.2, 0.2, 0.2, 0.2]"
4579,22.766094976746007,418248.10674583225,"[0.2, 0.2, 0.2, 0.2, 0.2]"
4580,362.645550575274,252932.25873967708,"[0.2, 0.2, 0.2, 0.2, 0.2]"
4581,596.340291009095,963360.5107912617,"[0.2, 0.2, 0.2, 0.2, 0.2]"
4582,642.4672679532196,354231.78783319565,"[0.2, 0.2, 0.2, 0.2, 0.2]"
4583,282.6326445139968,184119.6452868482,"[0.2, 0.2, 0.2, 0.2, 0.2]"
4584,152.0035462519902,691112.1615538803,"[0.2, 0.2, 0.2, 0.2, 0.2]"
4585,474.1087295936097,525792.5683232917,"[0.2, 0.2, 0.2, 0.2, 0.2]"
4586,634.3994824726193,289502.3448790051,"[0.2, 0.2, 0.2, 0.2, 0.2]"
4587,91.44778959132793,566147.8787091568,"[0.2, 0.2, 0.2, 0.2, 0.2]"
4588,289.633170734339,774473.3202067156,"[0.2, 0.2, 0.2, 0.2, 0.2]"
4589,966.4414806039108,207619.8063982103,"[0.2, 0.2, 0.2, 0.2, 0.2]"
4590,832.1263601965684,929381.981369295,"[0.2, 0.2, 0.2, 0.2, 0.2]"
4591,703.2153708509139,150300.55125411644,"[0.2, 0.2, 0.2, 0.2, 0.2]"
4592,788.3507548440688,225109.6343961148,"[0.2, 0.2, 0.2, 0.2, 0.2]"
4593,451.0826915137138,210779.35895550993,"[0.2, 0.2, 0.2, 0.2, 0.2]"
4594,938.6146796862937,377542.43768977094,"[0.2, 0.2, 0.2, 0.2, 0.2]"
4595,599.0223008780537,930901.3888886649,"[0.2, 0.2, 0.2, 0.2, 0.2]"
4596,572.5456458885956,924902.959673594,"[0.2, 0.2, 0.2, 0.2, 0.2]"
4597,629.4957632164454,274142.0617303162,"[0.2, 0.2, 0.2, 0.2, 0.2]"
4598,336.7800561590992,919314.2378444333,"[0.2, 0.2, 0.2, 0.2, 0.2]"
4599,34.14635928334832,772979.2710993977,"[0.2, 0.2, 0.2, 0.2, 0.2]"
4600,997.9348399248439,944895.241530827,"[0.2, 0.2, 0.2, 0.2, 0.2]"
4601,992.0065057190523,188659.6965113515,"[0.2, 0.2, 0.2, 0.2, 0.2]"
4602,381.8171673341428,458342.02909523516,"[0.2, 0.2, 0.2, 0.2, 0.2]"
4603,388.09099816545,512402.8365177295,"[0.2, 0.2, 0.2, 0.2, 0.2]"
4604,452.669409501102,557168.1865203825,"[0.2, 0.2, 0.2, 0.2, 0.2]"
4605,206.87874722098252,983854.1030222696,"[0.2, 0.2, 0.2, 0.2, 0.2]"
4606,559.108882607298,597674.8367813181,"[0.2, 0.2, 0.2, 0.2, 0.2]"
4607,848.6739741069066,717693.016976912,"[0.2, 0.2, 0.2, 0.2, 0.2]"
4608,144.4882259177291,877881.8745421361,"[0.2, 0.2, 0.2, 0.2, 0.2]"
4609,908.4685330886031,418098.88256616896,"[0.2, 0.2, 0.2, 0.2, 0.2]"
4610,336.92900271823754,355574.6030167512,"[0.2, 0.2, 0.2, 0.2, 0.2]"
4611,578.7827446249715,376146.01510958653,"[0.2, 0.2, 0.2, 0.2, 0.2]"
4612,544.2798015533039,485080.3785606535,"[0.2, 0.2, 0.2, 0.2, 0.2]"
4613,188.66918091784154,113967.66915841965,"[0.2, 0.2, 0.2, 0.2, 0.2]"
4614,718.4141606109142,368610.1571615755,"[0.2, 0.2, 0.2, 0.2, 0.2]"
4615,326.52972672978126,624116.1356492992,"[0.2, 0.2, 0.2, 0.2, 0.2]"
4616,916.1747838679205,575494.9423886486,"[0.2, 0.2, 0.2, 0.2, 0.2]"
4617,696.8317347395589,718387.1859512151,"[0.2, 0.2, 0.2, 0.2, 0.2]"
4618,424.92279910305587,620269.5687195014,"[0.2, 0.2, 0.2, 0.2, 0.2]"
4619,936.4958774433412,794417.7697668137,"[0.2, 0.2, 0.2, 0.2, 0.2]"
4620,868.4753257118122,171839.1632267649,"[0.2, 0.2, 0.2, 0.2, 0.2]"
4621,63.44067262265879,178446.8785352299,"[0.2, 0.2, 0.2, 0.2, 0.2]"
4622,496.51110640351203,768999.3250981747,"[0.2, 0.2, 0.2, 0.2, 0.2]"
4623,726.8382374601281,315139.1657563519,"[0.2, 0.2, 0.2, 0.2, 0.2]"
4624,161.39114591523557,372970.37507564673,"[0.2, 0.2, 0.2, 0.2, 0.2]"
4625,697.5434835226525,423295.6100203467,"[0.2, 0.2, 0.2, 0.2, 0.2]"
4626,24.733651251096646,430728.6147003043,"[0.2, 0.2, 0.2, 0.2, 0.2]"
4627,668.3468244293407,320420.39932612143,"[0.2, 0.2, 0.2, 0.2, 0.2]"
4628,502.1773818622144,158813.01229891588,"[0.2, 0.2, 0.2, 0.2, 0.2]"
4629,177.82891905280536,943793.7605800638,"[0.2, 0.2, 0.2, 0.2, 0.2]"
4630,755.0864944183016,633887.5032217965,"[0.2, 0.2, 0.2, 0.2, 0.2]"
4631,317.34203008987214,415918.1712996344,"[0.2, 0.2, 0.2, 0.2, 0.2]"
4632,792.6821196414917,604935.7581655534,"[0.2, 0.2, 0.2, 0.2, 0.2]"
4633,833.3753207314367,608229.7905853313,"[0.2, 0.2, 0.2, 0.2, 0.2]"
4634,100.4439061480285,398891.63679602585,"[0.2, 0.2, 0.2, 0.2, 0.2]"
4635,65.56703491336258,608228.1021369912,"[0.2, 0.2, 0.2, 0.2, 0.2]"
4636,271.211964171293,258733.07123720038,"[0.2, 0.2, 0.2, 0.2, 0.2]"
4637,910.2661663035034,539237.9434627587,"[0.2, 0.2, 0.2, 0.2, 0.2]"
4638,240.52241949852765,546934.2300989114,"[0.2, 0.2, 0.2, 0.2, 0.2]"
4639,930.6194690532452,647978.1972593642,"[0.2, 0.2, 0.2, 0.2, 0.2]"
4640,349.23600390198493,757497.5877944567,"[0.2, 0.2, 0.2, 0.2, 0.2]"
4641,887.6937585605845,847486.4066707154,"[0.2, 0.2, 0.2, 0.2, 0.2]"
4642,31.210034357512455,589906.4622747225,"[0.2, 0.2, 0.2, 0.2, 0.2]"
4643,977.2853775830725,918637.5100665987,"[0.2, 0.2, 0.2, 0.2, 0.2]"
4644,941.4645410620639,781161.986436574,"[0.2, 0.2, 0.2, 0.2, 0.2]"
4645,822.279735232482,426592.1869213287,"[0.2, 0.2, 0.2, 0.2, 0.2]"
4646,893.0284891777017,615203.1852444779,"[0.2, 0.2, 0.2, 0.2, 0.2]"
4647,51.9552966086955,150890.64670066757,"[0.2, 0.2, 0.2, 0.2, 0.2]"
4648,634.6961292211834,238734.88436461033,"[0.2, 0.2, 0.2, 0.2, 0.2]"
4649,913.1190884829566,688138.2044525323,"[0.2, 0.2, 0.2, 0.2, 0.2]"
4650,641.5545687741484,778858.2783623543,"[0.2, 0.2, 0.2, 0.2, 0.2]"
4651,696.5674985516551,815529.7227496752,"[0.2, 0.2, 0.2, 0.2, 0.2]"
4652,44.68442760903338,212703.90131125908,"[0.2, 0.2, 0.2, 0.2, 0.2]"
4653,795.3890130422448,744906.5609494618,"[0.2, 0.2, 0.2, 0.2, 0.2]"
4654,291.11753836299926,555245.8250084583,"[0.2, 0.2, 0.2, 0.2, 0.2]"
4655,723.119320756193,323155.0341865568,"[0.2, 0.2, 0.2, 0.2, 0.2]"
4656,198.04483423349723,961732.7074252083,"[0.2, 0.2, 0.2, 0.2, 0.2]"
4657,720.1240556785137,282452.46804519324,"[0.2, 0.2, 0.2, 0.2, 0.2]"
4658,689.0244180251901,195544.4171834333,"[0.2, 0.2, 0.2, 0.2, 0.2]"
4659,985.9664172881907,495848.47771310975,"[0.2, 0.2, 0.2, 0.2, 0.2]"
4660,942.820594064335,379344.16500240914,"[0.2, 0.2, 0.2, 0.2, 0.2]"
4661,655.0180406148163,115157.75766495425,"[0.2, 0.2, 0.2, 0.2, 0.2]"
4662,545.9820469124081,379337.54294657405,"[0.2, 0.2, 0.2, 0.2, 0.2]"
4663,378.2197826803296,689222.8127954328,"[0.2, 0.2, 0.2, 0.2, 0.2]"
4664,901.7437630484475,820870.0916798892,"[0.2, 0.2, 0.2, 0.2, 0.2]"
4665,72.84214501896176,709392.5372050898,"[0.2, 0.2, 0.2, 0.2, 0.2]"
4666,200.55490149801574,219262.24249732587,"[0.2, 0.2, 0.2, 0.2, 0.2]"
4667,89.57372733101988,875043.8332480859,"[0.2, 0.2, 0.2, 0.2, 0.2]"
4668,839.5386237642576,143382.86172444513,"[0.2, 0.2, 0.2, 0.2, 0.2]"
4669,535.271931802942,449143.2514787242,"[0.2, 0.2, 0.2, 0.2, 0.2]"
4670,728.6911173748223,930176.1124386246,"[0.2, 0.2, 0.2, 0.2, 0.2]"
4671,380.09919526027784,182174.3592333894,"[0.2, 0.2, 0.2, 0.2, 0.2]"
4672,366.9412252419775,885940.9545688301,"[0.2, 0.2, 0.2, 0.2, 0.2]"
4673,623.6302939901219,400710.33349993377,"[0.2, 0.2, 0.2, 0.2, 0.2]"
4674,249.39353833076706,542998.9364023812,"[0.2, 0.2, 0.2, 0.2, 0.2]"
4675,806.5118873671416,873931.8886757354,"[0.2, 0.2, 0.2, 0.2, 0.2]"
4676,506.4058231124403,959755.6103675191,"[0.2, 0.2, 0.2, 0.2, 0.2]"
4677,569.5672085131644,815710.6311152972,"[0.2, 0.2, 0.2, 0.2, 0.2]"
4678,764.709375702539,119986.77025121046,"[0.2, 0.2, 0.2, 0.2, 0.2]"
4679,103.00483882473486,434268.34552271257,"[0.2, 0.2, 0.2, 0.2, 0.2]"
4680,234.37068431406962,141903.15719664015,"[0.2, 0.2, 0.2, 0.2, 0.2]"
4681,726.3553450075934,915765.8073028078,"[0.2, 0.2, 0.2, 0.2, 0.2]"
4682,690.3713307927146,482981.62933979166,"[0.2, 0.2, 0.2, 0.2, 0.2]"
4683,706.2793874277244,341390.4711785969,"[0.2, 0.2, 0.2, 0.2, 0.2]"
4684,324.4511595111024,943127.3147060606,"[0.2, 0.2, 0.2, 0.2, 0.2]"
4685,66.27692389045941,891674.0398554266,"[0.2, 0.2, 0.2, 0.2, 0.2]"
4686,817.5599777467647,309674.3888593429,"[0.2, 0.2, 0.2, 0.2, 0.2]"
4687,395.4551681434094,522453.4210046278,"[0.2, 0.2, 0.2, 0.2, 0.2]"
4688,281.21963675726136,866344.5976686319,"[0.2, 0.2, 0.2, 0.2, 0.2]"
4689,505.55625835908614,638027.7618416398,"[0.2, 0.2, 0.2, 0.2, 0.2]"
4690,474.60724014629756,741073.4471950884,"[0.2, 0.2, 0.2, 0.2, 0.2]"
4691,840.3605716213966,256226.8605760549,"[0.2, 0.2, 0.2, 0.2, 0.2]"
4692,424.28966358513935,497212.4054661094,"[0.2, 0.2, 0.2, 0.2, 0.2]"
4693,678.588452532427,482540.10435825057,"[0.2, 0.2, 0.2, 0.2, 0.2]"
4694,390.9776142705939,882459.3678917594,"[0.2, 0.2, 0.2, 0.2, 0.2]"
4695,369.009516782918,955730.0739620575,"[0.2, 0.2, 0.2, 0.2, 0.2]"
4696,536.5576657434231,902977.1711908686,"[0.2, 0.2, 0.2, 0.2, 0.2]"
4697,959.5799229938472,435289.16319914133,"[0.2, 0.2, 0.2, 0.2, 0.2]"
4698,650.1506120733528,998269.2302694868,"[0.2, 0.2, 0.2, 0.2, 0.2]"
4699,438.8900219974652,532357.5798357308,"[0.2, 0.2, 0.2, 0.2, 0.2]"
4700,850.0845766065678,750756.8868446999,"[0.2, 0.2, 0.2, 0.2, 0.2]"
4701,96.07287768597153,486658.9293354462,"[0.2, 0.2, 0.2, 0.2, 0.2]"
4702,668.5158777392186,194680.32260343025,"[0.2, 0.2, 0.2, 0.2, 0.2]"
4703,573.630923725594,828988.3663316132,"[0.2, 0.2, 0.2, 0.2, 0.2]"
4704,474.9372801287609,869525.5044029681,"[0.2, 0.2, 0.2, 0.2, 0.2]"
4705,48.623963873913496,878090.3349660427,"[0.2, 0.2, 0.2, 0.2, 0.2]"
4706,533.7410042220315,357919.0232201884,"[0.2, 0.2, 0.2, 0.2, 0.2]"
4707,471.3656659787249,917013.4196611638,"[0.2, 0.2, 0.2, 0.2, 0.2]"
4708,341.2689963784026,757765.7509943419,"[0.2, 0.2, 0.2, 0.2, 0.2]"
4709,70.19332376933764,650736.4073910497,"[0.2, 0.2, 0.2, 0.2, 0.2]"
4710,721.6133343019252,754035.7300655975,"[0.2, 0.2, 0.2, 0.2, 0.2]"
4711,88.84188948797427,422683.92832333635,"[0.2, 0.2, 0.2, 0.2, 0.2]"
4712,665.5433194685521,716994.7646554814,"[0.2, 0.2, 0.2, 0.2, 0.2]"
4713,824.3485333835357,425503.25317837443,"[0.2, 0.2, 0.2, 0.2, 0.2]"
4714,96.30452191711726,887309.4567354915,"[0.2, 0.2, 0.2, 0.2, 0.2]"
4715,37.730834359430496,890138.5055503132,"[0.2, 0.2, 0.2, 0.2, 0.2]"
4716,994.2856594625533,571917.7178475307,"[0.2, 0.2, 0.2, 0.2, 0.2]"
4717,516.4004482500508,383505.8859072809,"[0.2, 0.2, 0.2, 0.2, 0.2]"
4718,261.05269759149826,182812.1742814883,"[0.2, 0.2, 0.2, 0.2, 0.2]"
4719,13.389329096295516,621346.5327359595,"[0.2, 0.2, 0.2, 0.2, 0.2]"
4720,59.91587418214161,269280.24578761193,"[0.2, 0.2, 0.2, 0.2, 0.2]"
4721,447.21175114936227,692933.4553576489,"[0.2, 0.2, 0.2, 0.2, 0.2]"
4722,222.58224498485603,676184.0583916815,"[0.2, 0.2, 0.2, 0.2, 0.2]"
4723,675.5100411979334,586044.1789919611,"[0.2, 0.2, 0.2, 0.2, 0.2]"
4724,333.1819571855137,532012.00113279,"[0.2, 0.2, 0.2, 0.2, 0.2]"
4725,437.21652204211773,594765.1211007935,"[0.2, 0.2, 0.2, 0.2, 0.2]"
4726,426.79532145311964,527358.014219704,"[0.2, 0.2, 0.2, 0.2, 0.2]"
4727,131.07209731807978,622862.8430726556,"[0.2, 0.2, 0.2, 0.2, 0.2]"
4728,481.3808030347057,383454.37407510116,"[0.2, 0.2, 0.2, 0.2, 0.2]"
4729,948.707592099593,286237.63318371144,"[0.2, 0.2, 0.2, 0.2, 0.2]"
4730,500.5869117141825,987855.3404621196,"[0.2, 0.2, 0.2, 0.2, 0.2]"
4731,666.3209539881277,334191.27646050876,"[0.2, 0.2, 0.2, 0.2, 0.2]"
4732,691.7196968887581,669602.5964728422,"[0.2, 0.2, 0.2, 0.2, 0.2]"
4733,660.0015098762743,886973.0884949956,"[0.2, 0.2, 0.2, 0.2, 0.2]"
4734,624.7907182208734,626590.1844880416,"[0.2, 0.2, 0.2, 0.2, 0.2]"
4735,855.2708508637816,991762.9413905953,"[0.2, 0.2, 0.2, 0.2, 0.2]"
4736,529.1084350778145,481980.7785249878,"[0.2, 0.2, 0.2, 0.2, 0.2]"
4737,540.0219225546724,404605.301287471,"[0.2, 0.2, 0.2, 0.2, 0.2]"
4738,854.9809288642842,673275.8267087725,"[0.2, 0.2, 0.2, 0.2, 0.2]"
4739,25.65688543977207,509730.20728222735,"[0.2, 0.2, 0.2, 0.2, 0.2]"
4740,143.93966871186606,838428.5900218716,"[0.2, 0.2, 0.2, 0.2, 0.2]"
4741,843.9884824459587,228112.9619772671,"[0.2, 0.2, 0.2, 0.2, 0.2]"
4742,590.3247714063908,372715.38953207585,"[0.2, 0.2, 0.2, 0.2, 0.2]"
4743,579.2424495860489,375458.09926674067,"[0.2, 0.2, 0.2, 0.2, 0.2]"
4744,781.442144577125,635522.8474734558,"[0.2, 0.2, 0.2, 0.2, 0.2]"
4745,32.50852899967236,912546.074569374,"[0.2, 0.2, 0.2, 0.2, 0.2]"
4746,130.18876046666077,544699.0568038046,"[0.2, 0.2, 0.2, 0.2, 0.2]"
4747,708.0063825280081,898089.8528355327,"[0.2, 0.2, 0.2, 0.2, 0.2]"
4748,730.841251190369,228007.89679914192,"[0.2, 0.2, 0.2, 0.2, 0.2]"
4749,721.8580102848448,218873.5546955211,"[0.2, 0.2, 0.2, 0.2, 0.2]"
4750,887.303016809134,903385.3226329153,"[0.2, 0.2, 0.2, 0.2, 0.2]"
4751,542.58770636534,135604.1773940606,"[0.2, 0.2, 0.2, 0.2, 0.2]"
4752,909.3743033730431,813541.0289559467,"[0.2, 0.2, 0.2, 0.2, 0.2]"
4753,433.3019080994454,305740.70460126526,"[0.2, 0.2, 0.2, 0.2, 0.2]"
4754,223.94565219293565,879631.1944459851,"[0.2, 0.2, 0.2, 0.2, 0.2]"
4755,385.03967344351344,812909.0743349914,"[0.2, 0.2, 0.2, 0.2, 0.2]"
4756,391.80188529434673,234935.94127167828,"[0.2, 0.2, 0.2, 0.2, 0.2]"
4757,562.72020516527,822069.168738288,"[0.2, 0.2, 0.2, 0.2, 0.2]"
4758,350.01526383061554,641174.2696571567,"[0.2, 0.2, 0.2, 0.2, 0.2]"
4759,789.4069267856278,544658.6613548516,"[0.2, 0.2, 0.2, 0.2, 0.2]"
4760,525.1446135225807,531412.7401342802,"[0.2, 0.2, 0.2, 0.2, 0.2]"
4761,455.468429579644,647307.831632365,"[0.2, 0.2, 0.2, 0.2, 0.2]"
4762,452.9483019589982,915111.6106814488,"[0.2, 0.2, 0.2, 0.2, 0.2]"
4763,974.5723344394767,971769.661886889,"[0.2, 0.2, 0.2, 0.2, 0.2]"
4764,791.840093948238,579583.6179671703,"[0.2, 0.2, 0.2, 0.2, 0.2]"
4765,126.4416565508913,315968.23522411176,"[0.2, 0.2, 0.2, 0.2, 0.2]"
4766,757.5275332562667,494531.1191100108,"[0.2, 0.2, 0.2, 0.2, 0.2]"
4767,980.5718202983879,769326.6697573332,"[0.2, 0.2, 0.2, 0.2, 0.2]"
4768,298.53468379462095,418528.1546776468,"[0.2, 0.2, 0.2, 0.2, 0.2]"
4769,780.5054732126133,655316.762729887,"[0.2, 0.2, 0.2, 0.2, 0.2]"
4770,202.26611026714494,606532.4675504238,"[0.2, 0.2, 0.2, 0.2, 0.2]"
4771,171.60786722268693,504388.87214278546,"[0.2, 0.2, 0.2, 0.2, 0.2]"
4772,104.23561174478829,764493.3944102959,"[0.2, 0.2, 0.2, 0.2, 0.2]"
4773,157.17272866126692,550594.2839700296,"[0.2, 0.2, 0.2, 0.2, 0.2]"
4774,373.24426089154525,892626.9758056481,"[0.2, 0.2, 0.2, 0.2, 0.2]"
4775,967.5460829252186,212106.21893643518,"[0.2, 0.2, 0.2, 0.2, 0.2]"
4776,31.15327861547463,378857.6053595285,"[0.2, 0.2, 0.2, 0.2, 0.2]"
4777,194.94917273932512,880588.5237140323,"[0.2, 0.2, 0.2, 0.2, 0.2]"
4778,195.61584776855247,856340.2301822107,"[0.2, 0.2, 0.2, 0.2, 0.2]"
4779,105.08535250433003,885950.4385906461,"[0.2, 0.2, 0.2, 0.2, 0.2]"
4780,525.4784862760783,574697.0714330294,"[0.2, 0.2, 0.2, 0.2, 0.2]"
4781,298.5985722202455,207968.91626602726,"[0.2, 0.2, 0.2, 0.2, 0.2]"
4782,813.8763710098738,421256.7043933604,"[0.2, 0.2, 0.2, 0.2, 0.2]"
4783,290.27179553440936,994564.3580670845,"[0.2, 0.2, 0.2, 0.2, 0.2]"
4784,989.5109759749256,381428.13486510725,"[0.2, 0.2, 0.2, 0.2, 0.2]"
4785,599.1280167729569,654931.2562210548,"[0.2, 0.2, 0.2, 0.2, 0.2]"
4786,569.7406474010965,467091.48046902387,"[0.2, 0.2, 0.2, 0.2, 0.2]"
4787,939.9269898358119,465617.4556116083,"[0.2, 0.2, 0.2, 0.2, 0.2]"
4788,413.60893477789324,992761.8238455673,"[0.2, 0.2, 0.2, 0.2, 0.2]"
4789,90.7355483557959,969184.1256399521,"[0.2, 0.2, 0.2, 0.2, 0.2]"
4790,88.44649851080099,119206.37674060793,"[0.2, 0.2, 0.2, 0.2, 0.2]"
4791,714.9822212189953,637070.4561100645,"[0.2, 0.2, 0.2, 0.2, 0.2]"
4792,701.2650750200511,713976.0348557463,"[0.2, 0.2, 0.2, 0.2, 0.2]"
4793,447.2937320165799,662755.4473255079,"[0.2, 0.2, 0.2, 0.2, 0.2]"
4794,478.21483772880714,127378.3370990211,"[0.2, 0.2, 0.2, 0.2, 0.2]"
4795,225.32815011217102,483514.0459563696,"[0.2, 0.2, 0.2, 0.2, 0.2]"
4796,856.0190352363676,761825.2554524451,"[0.2, 0.2, 0.2, 0.2, 0.2]"
4797,724.9196710546792,900875.0033152277,"[0.2, 0.2, 0.2, 0.2, 0.2]"
4798,283.86813795632446,686313.7105569337,"[0.2, 0.2, 0.2, 0.2, 0.2]"
4799,336.45905535948594,574182.5818907933,"[0.2, 0.2, 0.2, 0.2, 0.2]"
4800,764.1102328279027,930064.0217694227,"[0.2, 0.2, 0.2, 0.2, 0.2]"
4801,183.6018629307395,659946.4374276092,"[0.2, 0.2, 0.2, 0.2, 0.2]"
4802,380.97357131048403,797737.0175413481,"[0.2, 0.2, 0.2, 0.2, 0.2]"
4803,122.72367265940258,982617.3327034805,"[0.2, 0.2, 0.2, 0.2, 0.2]"
4804,356.513097674977,950530.7589120903,"[0.2, 0.2, 0.2, 0.2, 0.2]"
4805,255.09342587898513,229793.75242792023,"[0.2, 0.2, 0.2, 0.2, 0.2]"
4806,971.8973360581947,972375.7587726129,"[0.2, 0.2, 0.2, 0.2, 0.2]"
4807,626.3888840133593,911908.5798370814,"[0.2, 0.2, 0.2, 0.2, 0.2]"
4808,117.07854428359305,273963.2290704871,"[0.2, 0.2, 0.2, 0.2, 0.2]"
4809,485.23612140548687,233610.81514709894,"[0.2, 0.2, 0.2, 0.2, 0.2]"
4810,586.8025289927741,292503.41521194414,"[0.2, 0.2, 0.2, 0.2, 0.2]"
4811,202.23482295220583,386785.7752462236,"[0.2, 0.2, 0.2, 0.2, 0.2]"
4812,925.7582086142219,955744.0376204025,"[0.2, 0.2, 0.2, 0.2, 0.2]"
4813,813.0111229141775,193544.4455070168,"[0.2, 0.2, 0.2, 0.2, 0.2]"
4814,345.159543753449,796003.6494244462,"[0.2, 0.2, 0.2, 0.2, 0.2]"
4815,517.6988298747691,428309.46702961373,"[0.2, 0.2, 0.2, 0.2, 0.2]"
4816,793.7220127938227,678686.7847764263,"[0.2, 0.2, 0.2, 0.2, 0.2]"
4817,581.7600862145697,611748.9239380435,"[0.2, 0.2, 0.2, 0.2, 0.2]"
4818,363.66700967247834,702415.6305749506,"[0.2, 0.2, 0.2, 0.2, 0.2]"
4819,944.4862785406418,656762.137410233,"[0.2, 0.2, 0.2, 0.2, 0.2]"
4820,251.59692529137288,674133.7359453922,"[0.2, 0.2, 0.2, 0.2, 0.2]"
4821,441.04021025316575,278800.6459121443,"[0.2, 0.2, 0.2, 0.2, 0.2]"
4822,398.833633681833,174058.90869420295,"[0.2, 0.2, 0.2, 0.2, 0.2]"
4823,493.5508440495589,149934.3431921117,"[0.2, 0.2, 0.2, 0.2, 0.2]"
4824,265.79451643049305,584360.6730788497,"[0.2, 0.2, 0.2, 0.2, 0.2]"
4825,899.4030292716143,970556.4880724974,"[0.2, 0.2, 0.2, 0.2, 0.2]"
4826,681.1980970541126,579097.2561128291,"[0.2, 0.2, 0.2, 0.2, 0.2]"
4827,770.4433737029162,129917.58829891763,"[0.2, 0.2, 0.2, 0.2, 0.2]"
4828,860.6381811125243,910397.3115369033,"[0.2, 0.2, 0.2, 0.2, 0.2]"
4829,377.98892333063674,302592.39872286725,"[0.2, 0.2, 0.2, 0.2, 0.2]"
4830,687.7445501014897,314527.44324136747,"[0.2, 0.2, 0.2, 0.2, 0.2]"
4831,418.8024026097012,676854.2443168586,"[0.2, 0.2, 0.2, 0.2, 0.2]"
4832,812.8584456592523,601307.9791724103,"[0.2, 0.2, 0.2, 0.2, 0.2]"
4833,114.6567116390302,599170.0233233336,"[0.2, 0.2, 0.2, 0.2, 0.2]"
4834,275.5507967158985,337525.2881242548,"[0.2, 0.2, 0.2, 0.2, 0.2]"
4835,664.8440312917469,477757.0304733197,"[0.2, 0.2, 0.2, 0.2, 0.2]"
4836,988.3685317050113,910879.7731179139,"[0.2, 0.2, 0.2, 0.2, 0.2]"
4837,955.707495131515,498366.2268965752,"[0.2, 0.2, 0.2, 0.2, 0.2]"
4838,878.969301990704,648499.6398023618,"[0.2, 0.2, 0.2, 0.2, 0.2]"
4839,664.6802368888351,823689.0779421027,"[0.2, 0.2, 0.2, 0.2, 0.2]"
4840,630.9803715310877,574785.5798952193,"[0.2, 0.2, 0.2, 0.2, 0.2]"
4841,266.32583123872917,563555.9043897947,"[0.2, 0.2, 0.2, 0.2, 0.2]"
4842,476.17273252970284,263109.9820019121,"[0.2, 0.2, 0.2, 0.2, 0.2]"
4843,162.4828304219394,184991.86352878352,"[0.2, 0.2, 0.2, 0.2, 0.2]"
4844,538.9028159202326,499804.0810472373,"[0.2, 0.2, 0.2, 0.2, 0.2]"
4845,912.6133300057006,536395.7287041636,"[0.2, 0.2, 0.2, 0.2, 0.2]"
4846,927.0689368008228,136528.62225462263,"[0.2, 0.2, 0.2, 0.2, 0.2]"
4847,929.5900666579092,672950.2399552506,"[0.2, 0.2, 0.2, 0.2, 0.2]"
4848,698.9998077716107,211384.90796102435,"[0.2, 0.2, 0.2, 0.2, 0.2]"
4849,805.6038522443407,237590.59473737376,"[0.2, 0.2, 0.2, 0.2, 0.2]"
4850,564.0567151850914,826850.7704295358,"[0.2, 0.2, 0.2, 0.2, 0.2]"
4851,847.5100334552407,140582.26251545636,"[0.2, 0.2, 0.2, 0.2, 0.2]"
4852,146.4703319927297,698773.6780822242,"[0.2, 0.2, 0.2, 0.2, 0.2]"
4853,975.0033071009336,644138.0758299369,"[0.2, 0.2, 0.2, 0.2, 0.2]"
4854,999.1222347514484,221810.5739958495,"[0.2, 0.2, 0.2, 0.2, 0.2]"
4855,55.8118360176646,118479.12066125814,"[0.2, 0.2, 0.2, 0.2, 0.2]"
4856,297.04736023980814,296749.6998658837,"[0.2, 0.2, 0.2, 0.2, 0.2]"
4857,671.182040396062,979346.5659120386,"[0.2, 0.2, 0.2, 0.2, 0.2]"
4858,628.322395329213,266959.64098687854,"[0.2, 0.2, 0.2, 0.2, 0.2]"
4859,560.9539067508554,149109.65793313895,"[0.2, 0.2, 0.2, 0.2, 0.2]"
4860,571.4204927505514,689249.0437342981,"[0.2, 0.2, 0.2, 0.2, 0.2]"
4861,101.08221253674796,939061.0256172962,"[0.2, 0.2, 0.2, 0.2, 0.2]"
4862,325.14488696298343,163281.0781047091,"[0.2, 0.2, 0.2, 0.2, 0.2]"
4863,819.0757553966041,105364.23581840887,"[0.2, 0.2, 0.2, 0.2, 0.2]"
4864,448.52376995120613,183437.423418028,"[0.2, 0.2, 0.2, 0.2, 0.2]"
4865,847.5308708026326,459302.82070920273,"[0.2, 0.2, 0.2, 0.2, 0.2]"
4866,976.242957472295,115842.9161244051,"[0.2, 0.2, 0.2, 0.2, 0.2]"
4867,635.4298016257761,577402.5811284308,"[0.2, 0.2, 0.2, 0.2, 0.2]"
4868,40.10750338078684,384416.58482441795,"[0.2, 0.2, 0.2, 0.2, 0.2]"
4869,742.3734619142372,971015.8460987008,"[0.2, 0.2, 0.2, 0.2, 0.2]"
4870,932.2777981460432,785151.77797245,"[0.2, 0.2, 0.2, 0.2, 0.2]"
4871,602.9565520068697,512313.68829133624,"[0.2, 0.2, 0.2, 0.2, 0.2]"
4872,185.06670657273955,646069.7461138231,"[0.2, 0.2, 0.2, 0.2, 0.2]"
4873,469.57379556552894,797105.0217701482,"[0.2, 0.2, 0.2, 0.2, 0.2]"
4874,830.5873399420117,169961.96415336174,"[0.2, 0.2, 0.2, 0.2, 0.2]"
4875,790.6300814890777,402471.167708323,"[0.2, 0.2, 0.2, 0.2, 0.2]"
4876,810.9037270155766,450002.4642842447,"[0.2, 0.2, 0.2, 0.2, 0.2]"
4877,680.6553336894913,260168.0934677133,"[0.2, 0.2, 0.2, 0.2, 0.2]"
4878,923.7623997538718,840841.7003671934,"[0.2, 0.2, 0.2, 0.2, 0.2]"
4879,256.4143587624345,869944.5935199677,"[0.2, 0.2, 0.2, 0.2, 0.2]"
4880,965.3807972634593,910453.9710674211,"[0.2, 0.2, 0.2, 0.2, 0.2]"
4881,646.7296698900622,474658.74830841937,"[0.2, 0.2, 0.2, 0.2, 0.2]"
4882,106.51379023647456,664135.4244349062,"[0.2, 0.2, 0.2, 0.2, 0.2]"
4883,74.23249604509569,695959.1652850413,"[0.2, 0.2, 0.2, 0.2, 0.2]"
4884,905.2578329197835,695034.3576377704,"[0.2, 0.2, 0.2, 0.2, 0.2]"
4885,484.5530413632319,811207.508096604,"[0.2, 0.2, 0.2, 0.2, 0.2]"
4886,222.5540794681466,219166.65317718964,"[0.2, 0.2, 0.2, 0.2, 0.2]"
4887,132.13866470914047,892217.8304602471,"[0.2, 0.2, 0.2, 0.2, 0.2]"
4888,301.4181777150069,125964.64531111727,"[0.2, 0.2, 0.2, 0.2, 0.2]"
4889,304.03395524424064,327683.40996071405,"[0.2, 0.2, 0.2, 0.2, 0.2]"
4890,441.12167029921085,289313.6784097045,"[0.2, 0.2, 0.2, 0.2, 0.2]"
4891,64.8082474818851,120339.79909875742,"[0.2, 0.2, 0.2, 0.2, 0.2]"
4892,972.7985439608375,975324.5964292433,"[0.2, 0.2, 0.2, 0.2, 0.2]"
4893,16.511229095303506,653034.530311896,"[0.2, 0.2, 0.2, 0.2, 0.2]"
4894,879.0125718476376,718088.0843201475,"[0.2, 0.2, 0.2, 0.2, 0.2]"
4895,292.0256812335012,196112.00850842192,"[0.2, 0.2, 0.2, 0.2, 0.2]"
4896,384.14014621165285,720877.2445707333,"[0.2, 0.2, 0.2, 0.2, 0.2]"
4897,518.6980773751873,370459.9705113844,"[0.2, 0.2, 0.2, 0.2, 0.2]"
4898,32.814930899711264,434343.7288365944,"[0.2, 0.2, 0.2, 0.2, 0.2]"
4899,194.85266679466451,975972.6941604904,"[0.2, 0.2, 0.2, 0.2, 0.2]"
4900,879.4213753766027,666402.8978092349,"[0.2, 0.2, 0.2, 0.2, 0.2]"
4901,181.8666079061927,858780.4698562654,"[0.2, 0.2, 0.2, 0.2, 0.2]"
4902,909.3019449160128,977036.2376125387,"[0.2, 0.2, 0.2, 0.2, 0.2]"
4903,126.0806505552482,603682.5380920772,"[0.2, 0.2, 0.2, 0.2, 0.2]"
4904,896.2058453621415,483065.34913577855,"[0.2, 0.2, 0.2, 0.2, 0.2]"
4905,686.7693324165022,131895.6527967091,"[0.2, 0.2, 0.2, 0.2, 0.2]"
4906,590.2777652947223,545793.5176464109,"[0.2, 0.2, 0.2, 0.2, 0.2]"
4907,868.8457263786473,256296.68215587453,"[0.2, 0.2, 0.2, 0.2, 0.2]"
4908,367.68009149735036,195198.02272620436,"[0.2, 0.2, 0.2, 0.2, 0.2]"
4909,335.1646032658871,149589.14258223894,"[0.2, 0.2, 0.2, 0.2, 0.2]"
4910,914.4739655235109,473055.1546089339,"[0.2, 0.2, 0.2, 0.2, 0.2]"
4911,144.10460208703864,979762.2091220412,"[0.2, 0.2, 0.2, 0.2, 0.2]"
4912,984.1762659796809,301197.90855341393,"[0.2, 0.2, 0.2, 0.2, 0.2]"
4913,898.6532397777662,163005.78007456762,"[0.2, 0.2, 0.2, 0.2, 0.2]"
4914,734.7788256003442,611690.666831011,"[0.2, 0.2, 0.2, 0.2, 0.2]"
4915,51.24342210369862,206915.79209854384,"[0.2, 0.2, 0.2, 0.2, 0.2]"
4916,331.3050125151148,283902.6777466361,"[0.2, 0.2, 0.2, 0.2, 0.2]"
4917,530.8539706452009,615406.2122759612,"[0.2, 0.2, 0.2, 0.2, 0.2]"
4918,773.0674013166791,224606.18129399588,"[0.2, 0.2, 0.2, 0.2, 0.2]"
4919,102.94387376739822,748190.2930067749,"[0.2, 0.2, 0.2, 0.2, 0.2]"
4920,280.30999844742314,321594.3125325171,"[0.2, 0.2, 0.2, 0.2, 0.2]"
4921,369.95717841032956,402805.6454830793,"[0.2, 0.2, 0.2, 0.2, 0.2]"
4922,370.82785441842987,617892.5010159446,"[0.2, 0.2, 0.2, 0.2, 0.2]"
4923,588.9951738758089,485914.04430770024,"[0.2, 0.2, 0.2, 0.2, 0.2]"
4924,153.0988956406462,231892.20646421277,"[0.2, 0.2, 0.2, 0.2, 0.2]"
4925,853.3232120163068,294925.38114001614,"[0.2, 0.2, 0.2, 0.2, 0.2]"
4926,829.9090180313704,801620.7319154047,"[0.2, 0.2, 0.2, 0.2, 0.2]"
4927,11.640559586047772,339124.09091861406,"[0.2, 0.2, 0.2, 0.2, 0.2]"
4928,984.0416806287833,230247.05622250383,"[0.2, 0.2, 0.2, 0.2, 0.2]"
4929,416.1709171336867,981165.6009353991,"[0.2, 0.2, 0.2, 0.2, 0.2]"
4930,146.26035128317542,587321.4464811737,"[0.2, 0.2, 0.2, 0.2, 0.2]"
4931,468.0735806475157,875591.3569695088,"[0.2, 0.2, 0.2, 0.2, 0.2]"
4932,163.535629708839,639324.9776438562,"[0.2, 0.2, 0.2, 0.2, 0.2]"
4933,87.51287142701626,919188.1619445902,"[0.2, 0.2, 0.2, 0.2, 0.2]"
4934,312.0886582456226,525386.7342816433,"[0.2, 0.2, 0.2, 0.2, 0.2]"
4935,702.4701409078658,555622.4065593437,"[0.2, 0.2, 0.2, 0.2, 0.2]"
4936,531.6604329013783,327114.35266326746,"[0.2, 0.2, 0.2, 0.2, 0.2]"
4937,187.8634995109765,925760.5294381671,"[0.2, 0.2, 0.2, 0.2, 0.2]"
4938,708.4303543884021,484027.34085381834,"[0.2, 0.2, 0.2, 0.2, 0.2]"
4939,151.3074491242702,151231.15147738953,"[0.2, 0.2, 0.2, 0.2, 0.2]"
4940,10.815202065125316,908314.1453623531,"[0.2, 0.2, 0.2, 0.2, 0.2]"
4941,734.699309710449,694166.5051662135,"[0.2, 0.2, 0.2, 0.2, 0.2]"
4942,203.9057299682917,834697.7497022246,"[0.2, 0.2, 0.2, 0.2, 0.2]"
4943,854.1884025180381,987274.4120132746,"[0.2, 0.2, 0.2, 0.2, 0.2]"
4944,266.02779246971517,750044.1788526605,"[0.2, 0.2, 0.2, 0.2, 0.2]"
4945,767.3747230327177,875589.1331204398,"[0.2, 0.2, 0.2, 0.2, 0.2]"
4946,703.869639820144,238151.36532259954,"[0.2, 0.2, 0.2, 0.2, 0.2]"
4947,266.8756652191882,331672.00238138164,"[0.2, 0.2, 0.2, 0.2, 0.2]"
4948,104.0983925081108,580383.4299947808,"[0.2, 0.2, 0.2, 0.2, 0.2]"
4949,562.3690967198374,167282.59131082712,"[0.2, 0.2, 0.2, 0.2, 0.2]"
4950,522.5759509511893,406200.2552181341,"[0.2, 0.2, 0.2, 0.2, 0.2]"
4951,683.3146147857885,588729.5618494649,"[0.2, 0.2, 0.2, 0.2, 0.2]"
4952,698.4222314286366,852175.4711393854,"[0.2, 0.2, 0.2, 0.2, 0.2]"
4953,604.9441670816757,151426.4284692037,"[0.2, 0.2, 0.2, 0.2, 0.2]"
4954,116.17109761499769,183005.46075366004,"[0.2, 0.2, 0.2, 0.2, 0.2]"
4955,304.81047743284535,624539.6250210612,"[0.2, 0.2, 0.2, 0.2, 0.2]"
4956,30.62595212897095,455583.3714333838,"[0.2, 0.2, 0.2, 0.2, 0.2]"
4957,250.07343549053857,350815.88907236804,"[0.2, 0.2, 0.2, 0.2, 0.2]"
4958,973.29712341321,703402.022085046,"[0.2, 0.2, 0.2, 0.2, 0.2]"
4959,799.3501536368055,629368.3151296708,"[0.2, 0.2, 0.2, 0.2, 0.2]"
4960,902.2800195524084,649543.7130359509,"[0.2, 0.2, 0.2, 0.2, 0.2]"
4961,566.7030009134812,447384.02431304986,"[0.2, 0.2, 0.2, 0.2, 0.2]"
4962,864.3230711973372,561804.5811899013,"[0.2, 0.2, 0.2, 0.2, 0.2]"
4963,153.34629143432284,742863.7782930377,"[0.2, 0.2, 0.2, 0.2, 0.2]"
4964,327.9657254360917,835333.1034096404,"[0.2, 0.2, 0.2, 0.2, 0.2]"
4965,41.653648858451874,708287.3483868386,"[0.2, 0.2, 0.2, 0.2, 0.2]"
4966,93.33596498854183,725555.6959934367,"[0.2, 0.2, 0.2, 0.2, 0.2]"
4967,497.96723375198223,233855.23610192921,"[0.2, 0.2, 0.2, 0.2, 0.2]"
4968,532.1296076419154,748642.6843321195,"[0.2, 0.2, 0.2, 0.2, 0.2]"
4969,136.65864392991065,334824.45283702936,"[0.2, 0.2, 0.2, 0.2, 0.2]"
4970,690.2847948879386,718811.5955869979,"[0.2, 0.2, 0.2, 0.2, 0.2]"
4971,265.10662539257805,373305.5439956851,"[0.2, 0.2, 0.2, 0.2, 0.2]"
4972,964.8419491319362,190376.1992494259,"[0.2, 0.2, 0.2, 0.2, 0.2]"
4973,476.4027629474717,945871.0723647634,"[0.2, 0.2, 0.2, 0.2, 0.2]"
4974,192.5399145097064,305515.12417818734,"[0.2, 0.2, 0.2, 0.2, 0.2]"
4975,247.6610458959804,816387.6800674641,"[0.2, 0.2, 0.2, 0.2, 0.2]"
4976,729.4518944679617,948828.8938071334,"[0.2, 0.2, 0.2, 0.2, 0.2]"
4977,72.9234257721314,644665.313617511,"[0.2, 0.2, 0.2, 0.2, 0.2]"
4978,37.736771574077,563449.9620279091,"[0.2, 0.2, 0.2, 0.2, 0.2]"
4979,439.1755698981702,718051.2805259584,"[0.2, 0.2, 0.2, 0.2, 0.2]"
4980,188.22802656006786,170327.5403427807,"[0.2, 0.2, 0.2, 0.2, 0.2]"
4981,182.91453074436816,239458.72874068655,"[0.2, 0.2, 0.2, 0.2, 0.2]"
4982,785.030481909518,129393.15500857079,"[0.2, 0.2, 0.2, 0.2, 0.2]"
4983,820.3145747993589,908912.6020948053,"[0.2, 0.2, 0.2, 0.2, 0.2]"
4984,33.16835611066901,277346.2698051531,"[0.2, 0.2, 0.2, 0.2, 0.2]"
4985,910.8869978152745,574390.4228755315,"[0.2, 0.2, 0.2, 0.2, 0.2]"
4986,790.896315614762,434573.4168461977,"[0.2, 0.2, 0.2, 0.2, 0.2]"
4987,720.1091099003304,447470.75246957503,"[0.2, 0.2, 0.2, 0.2, 0.2]"
4988,621.7422165241458,712841.5019606595,"[0.2, 0.2, 0.2, 0.2, 0.2]"
4989,686.7562897978637,497626.0909887056,"[0.2, 0.2, 0.2, 0.2, 0.2]"
4990,562.7792701911911,847073.147404833,"[0.2, 0.2, 0.2, 0.2, 0.2]"
4991,227.49079998937302,908972.874287361,"[0.2, 0.2, 0.2, 0.2, 0.2]"
4992,502.3942082488564,510759.31682287616,"[0.2, 0.2, 0.2, 0.2, 0.2]"
4993,804.0959602206615,817347.4747452517,"[0.2, 0.2, 0.2, 0.2, 0.2]"
4994,580.7626887778378,235838.61928684663,"[0.2, 0.2, 0.2, 0.2, 0.2]"
4995,470.385120695387,325522.2603876948,"[0.2, 0.2, 0.2, 0.2, 0.2]"
4996,979.6255367055019,338084.0077052377,"[0.2, 0.2, 0.2, 0.2, 0.2]"
4997,265.38355701395835,432248.3015452943,"[0.2, 0.2, 0.2, 0.2, 0.2]"
4998,546.344253916152,885263.2207658025,"[0.2, 0.2, 0.2, 0.2, 0.2]"
4999,222.5065779518965,363475.42966423946,"[0.2, 0.2, 0.2, 0.2, 0.2]"
5000,641.1651289644558,865696.7805168795,"[0.2, 0.2, 0.2, 0.2, 0.2]"
5001,440.2632488756838,944715.588368563,"[0.2, 0.2, 0.2, 0.2, 0.2]"
5002,851.0157712216965,816398.4829151821,"[0.2, 0.2, 0.2, 0.2, 0.2]"
5003,705.5367442669432,416560.4329665769,"[0.2, 0.2, 0.2, 0.2, 0.2]"
5004,463.0352588733242,965554.9707178934,"[0.2, 0.2, 0.2, 0.2, 0.2]"
5005,980.4570284563368,980327.4944710763,"[0.2, 0.2, 0.2, 0.2, 0.2]"
5006,230.8646337603739,972745.1412477568,"[0.2, 0.2, 0.2, 0.2, 0.2]"
5007,400.5313490827411,674437.3955699472,"[0.2, 0.2, 0.2, 0.2, 0.2]"
5008,519.6189743483163,774894.1051467488,"[0.2, 0.2, 0.2, 0.2, 0.2]"
5009,736.775399342251,219035.579814569,"[0.2, 0.2, 0.2, 0.2, 0.2]"
5010,486.2588163335722,935674.5340397812,"[0.2, 0.2, 0.2, 0.2, 0.2]"
5011,970.7778847378753,194349.5198971934,"[0.2, 0.2, 0.2, 0.2, 0.2]"
5012,206.9281925133099,118226.76543571231,"[0.2, 0.2, 0.2, 0.2, 0.2]"
5013,724.1362770393088,863101.9557456102,"[0.2, 0.2, 0.2, 0.2, 0.2]"
5014,65.91498242913303,735881.3850076961,"[0.2, 0.2, 0.2, 0.2, 0.2]"
5015,997.6717200272623,661327.4052215705,"[0.2, 0.2, 0.2, 0.2, 0.2]"
5016,993.7727183317467,367881.5931177131,"[0.2, 0.2, 0.2, 0.2, 0.2]"
5017,990.0739796210627,811843.0796112075,"[0.2, 0.2, 0.2, 0.2, 0.2]"
5018,361.0216389141895,338332.7864311178,"[0.2, 0.2, 0.2, 0.2, 0.2]"
5019,716.4694656599258,892526.5838654874,"[0.2, 0.2, 0.2, 0.2, 0.2]"
5020,439.33227957558535,717727.074553923,"[0.2, 0.2, 0.2, 0.2, 0.2]"
5021,560.6380272019993,515233.90010412177,"[0.2, 0.2, 0.2, 0.2, 0.2]"
5022,67.2851292240988,177933.3070801112,"[0.2, 0.2, 0.2, 0.2, 0.2]"
5023,256.6003204402649,239733.17032788636,"[0.2, 0.2, 0.2, 0.2, 0.2]"
5024,563.2693934496259,903511.2560053215,"[0.2, 0.2, 0.2, 0.2, 0.2]"
5025,719.0641320154305,821433.1212545477,"[0.2, 0.2, 0.2, 0.2, 0.2]"
5026,187.67707903590508,978768.9283971257,"[0.2, 0.2, 0.2, 0.2, 0.2]"
5027,903.8307024678853,794216.5687065904,"[0.2, 0.2, 0.2, 0.2, 0.2]"
5028,718.2328557233423,292973.3110714789,"[0.2, 0.2, 0.2, 0.2, 0.2]"
5029,382.0760759784673,613207.6875540197,"[0.2, 0.2, 0.2, 0.2, 0.2]"
5030,893.3144467781452,559944.181314287,"[0.2, 0.2, 0.2, 0.2, 0.2]"
5031,152.2327996873503,969264.4653100675,"[0.2, 0.2, 0.2, 0.2, 0.2]"
5032,969.3934470878758,461189.997039412,"[0.2, 0.2, 0.2, 0.2, 0.2]"
5033,870.1353173018357,605775.0824872286,"[0.2, 0.2, 0.2, 0.2, 0.2]"
5034,66.69905416621759,461393.28978138446,"[0.2, 0.2, 0.2, 0.2, 0.2]"
5035,295.13702600712656,144903.6002284966,"[0.2, 0.2, 0.2, 0.2, 0.2]"
5036,819.7999616822598,111382.04906238148,"[0.2, 0.2, 0.2, 0.2, 0.2]"
5037,101.89226305175099,956454.4003073911,"[0.2, 0.2, 0.2, 0.2, 0.2]"
5038,876.5567148631171,187771.26679843,"[0.2, 0.2, 0.2, 0.2, 0.2]"
5039,618.0229030323775,839612.6303650463,"[0.2, 0.2, 0.2, 0.2, 0.2]"
5040,349.32463882943534,880152.0883381938,"[0.2, 0.2, 0.2, 0.2, 0.2]"
5041,760.0244776943148,967113.7742033523,"[0.2, 0.2, 0.2, 0.2, 0.2]"
5042,413.87138903139453,531837.2213854257,"[0.2, 0.2, 0.2, 0.2, 0.2]"
5043,210.4071417508283,865030.2309727877,"[0.2, 0.2, 0.2, 0.2, 0.2]"
5044,976.9500633843955,987201.89397051,"[0.2, 0.2, 0.2, 0.2, 0.2]"
5045,875.8923530667412,910516.7376506882,"[0.2, 0.2, 0.2, 0.2, 0.2]"
5046,755.257454218444,476705.7666104093,"[0.2, 0.2, 0.2, 0.2, 0.2]"
5047,34.21917207643205,307488.8857112705,"[0.2, 0.2, 0.2, 0.2, 0.2]"
5048,549.9979569419145,641211.8728613614,"[0.2, 0.2, 0.2, 0.2, 0.2]"
5049,677.6619048284156,669516.5114921292,"[0.2, 0.2, 0.2, 0.2, 0.2]"
5050,33.10394702728729,697226.8269806196,"[0.2, 0.2, 0.2, 0.2, 0.2]"
5051,961.2216464902551,477311.94982494053,"[0.2, 0.2, 0.2, 0.2, 0.2]"
5052,783.6849419217759,206827.8792852509,"[0.2, 0.2, 0.2, 0.2, 0.2]"
5053,609.9688190504266,500693.38653433346,"[0.2, 0.2, 0.2, 0.2, 0.2]"
5054,644.2106026567775,394797.6901574513,"[0.2, 0.2, 0.2, 0.2, 0.2]"
5055,858.2257066976754,940188.5558071501,"[0.2, 0.2, 0.2, 0.2, 0.2]"
5056,661.1436142598308,844225.0262312584,"[0.2, 0.2, 0.2, 0.2, 0.2]"
5057,55.60285985881196,851207.9042543968,"[0.2, 0.2, 0.2, 0.2, 0.2]"
5058,907.2316163961823,105971.31131500052,"[0.2, 0.2, 0.2, 0.2, 0.2]"
5059,41.65739524111814,863024.0598326589,"[0.2, 0.2, 0.2, 0.2, 0.2]"
5060,669.0985352919831,533728.5075730887,"[0.2, 0.2, 0.2, 0.2, 0.2]"
5061,822.2807268036223,264593.6232484457,"[0.2, 0.2, 0.2, 0.2, 0.2]"
5062,804.5028311267856,329326.0713951674,"[0.2, 0.2, 0.2, 0.2, 0.2]"
5063,113.9905984069886,488666.27576446196,"[0.2, 0.2, 0.2, 0.2, 0.2]"
5064,214.3226389682719,283909.390996468,"[0.2, 0.2, 0.2, 0.2, 0.2]"
5065,186.99185411389365,700604.3379524025,"[0.2, 0.2, 0.2, 0.2, 0.2]"
5066,515.4715669077481,326724.18657257897,"[0.2, 0.2, 0.2, 0.2, 0.2]"
5067,976.2756309880501,916280.1928932172,"[0.2, 0.2, 0.2, 0.2, 0.2]"
5068,420.0632196051015,717668.7796676027,"[0.2, 0.2, 0.2, 0.2, 0.2]"
5069,664.7148659901869,860474.2655795146,"[0.2, 0.2, 0.2, 0.2, 0.2]"
5070,244.5322334263148,509162.3976390439,"[0.2, 0.2, 0.2, 0.2, 0.2]"
5071,61.5592248313381,929219.3926168578,"[0.2, 0.2, 0.2, 0.2, 0.2]"
5072,159.60000485893065,286584.19643790816,"[0.2, 0.2, 0.2, 0.2, 0.2]"
5073,707.4449055066195,462496.65041610145,"[0.2, 0.2, 0.2, 0.2, 0.2]"
5074,15.593235686637216,252764.978354615,"[0.2, 0.2, 0.2, 0.2, 0.2]"
5075,203.05199359360176,596424.7352695585,"[0.2, 0.2, 0.2, 0.2, 0.2]"
5076,914.9570672399248,699748.394738593,"[0.2, 0.2, 0.2, 0.2, 0.2]"
5077,400.22278032078634,559395.057215507,"[0.2, 0.2, 0.2, 0.2, 0.2]"
5078,428.9083146466343,686220.2207253042,"[0.2, 0.2, 0.2, 0.2, 0.2]"
5079,846.0236089104692,148682.43658022166,"[0.2, 0.2, 0.2, 0.2, 0.2]"
5080,606.8364480048583,358232.8633064612,"[0.2, 0.2, 0.2, 0.2, 0.2]"
5081,657.2720622549357,129163.73815958836,"[0.2, 0.2, 0.2, 0.2, 0.2]"
5082,650.2996975014803,682355.1434781282,"[0.2, 0.2, 0.2, 0.2, 0.2]"
5083,754.2336314971349,370029.17780238175,"[0.2, 0.2, 0.2, 0.2, 0.2]"
5084,282.05968209945837,246338.48961041516,"[0.2, 0.2, 0.2, 0.2, 0.2]"
5085,808.992199785746,539617.5616442759,"[0.2, 0.2, 0.2, 0.2, 0.2]"
5086,326.03288163294536,121017.17315644427,"[0.2, 0.2, 0.2, 0.2, 0.2]"
5087,399.0924099553686,262959.583073933,"[0.2, 0.2, 0.2, 0.2, 0.2]"
5088,337.40825521663123,896419.0976343339,"[0.2, 0.2, 0.2, 0.2, 0.2]"
5089,933.7529921497025,770721.5290726273,"[0.2, 0.2, 0.2, 0.2, 0.2]"
5090,657.8186591405124,229288.3809687827,"[0.2, 0.2, 0.2, 0.2, 0.2]"
5091,235.74966142059498,365916.76100524777,"[0.2, 0.2, 0.2, 0.2, 0.2]"
5092,582.0065828723219,188116.81295249186,"[0.2, 0.2, 0.2, 0.2, 0.2]"
5093,633.4241507509173,722303.7404767782,"[0.2, 0.2, 0.2, 0.2, 0.2]"
5094,921.9463471769553,708495.0914574626,"[0.2, 0.2, 0.2, 0.2, 0.2]"
5095,501.90068860839034,884375.4804402958,"[0.2, 0.2, 0.2, 0.2, 0.2]"
5096,315.39596421797444,968475.3450762684,"[0.2, 0.2, 0.2, 0.2, 0.2]"
5097,961.5761246091149,379585.7797133429,"[0.2, 0.2, 0.2, 0.2, 0.2]"
5098,718.397481700125,454303.5743893031,"[0.2, 0.2, 0.2, 0.2, 0.2]"
5099,620.7335581525339,423302.3214740564,"[0.2, 0.2, 0.2, 0.2, 0.2]"
5100,632.7566948815954,821470.9521623296,"[0.2, 0.2, 0.2, 0.2, 0.2]"
5101,42.78297508625639,321849.15277577715,"[0.2, 0.2, 0.2, 0.2, 0.2]"
5102,95.75243118306558,502521.0505340972,"[0.2, 0.2, 0.2, 0.2, 0.2]"
5103,629.3470714988134,985804.8601147811,"[0.2, 0.2, 0.2, 0.2, 0.2]"
5104,525.5022112877233,493330.9987939888,"[0.2, 0.2, 0.2, 0.2, 0.2]"
5105,14.878317858926053,423728.4067422654,"[0.2, 0.2, 0.2, 0.2, 0.2]"
5106,101.191130849241,165261.9217397725,"[0.2, 0.2, 0.2, 0.2, 0.2]"
5107,313.1682407125942,649062.991641334,"[0.2, 0.2, 0.2, 0.2, 0.2]"
5108,487.27650243588835,440969.63093867723,"[0.2, 0.2, 0.2, 0.2, 0.2]"
5109,683.7719148539617,971589.152669063,"[0.2, 0.2, 0.2, 0.2, 0.2]"
5110,118.13923606541395,986471.1392374573,"[0.2, 0.2, 0.2, 0.2, 0.2]"
5111,864.6656846321755,107303.09168514336,"[0.2, 0.2, 0.2, 0.2, 0.2]"
5112,743.9837197461675,502639.59936405194,"[0.2, 0.2, 0.2, 0.2, 0.2]"
5113,993.9153231804366,124828.74899828878,"[0.2, 0.2, 0.2, 0.2, 0.2]"
5114,676.3741246000669,748386.7737731083,"[0.2, 0.2, 0.2, 0.2, 0.2]"
5115,118.39348022942957,169310.3330098719,"[0.2, 0.2, 0.2, 0.2, 0.2]"
5116,231.99729229019317,914414.2211626839,"[0.2, 0.2, 0.2, 0.2, 0.2]"
5117,979.2809728745448,332464.2954454449,"[0.2, 0.2, 0.2, 0.2, 0.2]"
5118,194.30364356151543,560339.8168244811,"[0.2, 0.2, 0.2, 0.2, 0.2]"
5119,948.0863248233825,198988.34246594532,"[0.2, 0.2, 0.2, 0.2, 0.2]"
5120,541.8877522149144,660434.1843438798,"[0.2, 0.2, 0.2, 0.2, 0.2]"
5121,591.7685482802256,745601.6803647801,"[0.2, 0.2, 0.2, 0.2, 0.2]"
5122,405.3315375540868,448279.5598110615,"[0.2, 0.2, 0.2, 0.2, 0.2]"
5123,684.6328539641395,237808.4488622541,"[0.2, 0.2, 0.2, 0.2, 0.2]"
5124,252.51067946962786,364441.81283919775,"[0.2, 0.2, 0.2, 0.2, 0.2]"
5125,640.4702495025915,323708.9215129564,"[0.2, 0.2, 0.2, 0.2, 0.2]"
5126,658.5429433816835,438230.12063074106,"[0.2, 0.2, 0.2, 0.2, 0.2]"
5127,205.22982816554241,109507.33326193597,"[0.2, 0.2, 0.2, 0.2, 0.2]"
5128,633.3474818281272,881936.7772037194,"[0.2, 0.2, 0.2, 0.2, 0.2]"
5129,932.150882952802,534099.234915735,"[0.2, 0.2, 0.2, 0.2, 0.2]"
5130,658.4089194158487,540260.540271068,"[0.2, 0.2, 0.2, 0.2, 0.2]"
5131,962.2508761816206,707585.9979221758,"[0.2, 0.2, 0.2, 0.2, 0.2]"
5132,992.1244896114199,471690.2288013183,"[0.2, 0.2, 0.2, 0.2, 0.2]"
5133,523.3784740660944,790044.6301957556,"[0.2, 0.2, 0.2, 0.2, 0.2]"
5134,568.3569821004814,771336.9091393373,"[0.2, 0.2, 0.2, 0.2, 0.2]"
5135,122.79460966915816,534578.2893302363,"[0.2, 0.2, 0.2, 0.2, 0.2]"
5136,399.648150476871,408734.97115737543,"[0.2, 0.2, 0.2, 0.2, 0.2]"
5137,754.5122576647099,504643.4414538609,"[0.2, 0.2, 0.2, 0.2, 0.2]"
5138,202.72763456998027,392580.5849694759,"[0.2, 0.2, 0.2, 0.2, 0.2]"
5139,65.50700900663566,355042.6831026675,"[0.2, 0.2, 0.2, 0.2, 0.2]"
5140,494.1749456186799,187554.90024542244,"[0.2, 0.2, 0.2, 0.2, 0.2]"
5141,174.13665231131435,110553.83672390105,"[0.2, 0.2, 0.2, 0.2, 0.2]"
5142,154.78574268683377,360747.44706298294,"[0.2, 0.2, 0.2, 0.2, 0.2]"
5143,783.4824299776725,838707.452277409,"[0.2, 0.2, 0.2, 0.2, 0.2]"
5144,526.27984135599,344570.4428134918,"[0.2, 0.2, 0.2, 0.2, 0.2]"
5145,798.3207762232794,478448.1610995316,"[0.2, 0.2, 0.2, 0.2, 0.2]"
5146,194.02773816559298,472410.2937233357,"[0.2, 0.2, 0.2, 0.2, 0.2]"
5147,623.4279596410895,641376.11860301,"[0.2, 0.2, 0.2, 0.2, 0.2]"
5148,351.6958879904145,540216.4679950331,"[0.2, 0.2, 0.2, 0.2, 0.2]"
5149,302.6133975079371,315787.18745298614,"[0.2, 0.2, 0.2, 0.2, 0.2]"
5150,618.820594496635,810142.3657754004,"[0.2, 0.2, 0.2, 0.2, 0.2]"
5151,105.20544549674561,630292.3966989964,"[0.2, 0.2, 0.2, 0.2, 0.2]"
5152,649.7244776907585,475788.06778351765,"[0.2, 0.2, 0.2, 0.2, 0.2]"
5153,35.64923959835669,918246.447513879,"[0.2, 0.2, 0.2, 0.2, 0.2]"
5154,540.161075778816,474279.1395578677,"[0.2, 0.2, 0.2, 0.2, 0.2]"
5155,231.4841396675913,137141.01378302794,"[0.2, 0.2, 0.2, 0.2, 0.2]"
5156,371.31562395476203,795370.045420812,"[0.2, 0.2, 0.2, 0.2, 0.2]"
5157,341.18510154289737,954031.1746305338,"[0.2, 0.2, 0.2, 0.2, 0.2]"
5158,846.8888608289999,295220.1558913203,"[0.2, 0.2, 0.2, 0.2, 0.2]"
5159,689.9039961133095,474280.1303457246,"[0.2, 0.2, 0.2, 0.2, 0.2]"
5160,358.12059528994104,535510.2592696184,"[0.2, 0.2, 0.2, 0.2, 0.2]"
5161,206.68298878913308,507280.5269261963,"[0.2, 0.2, 0.2, 0.2, 0.2]"
5162,996.5835223728773,649257.4663208904,"[0.2, 0.2, 0.2, 0.2, 0.2]"
5163,992.8165275943827,307852.486650627,"[0.2, 0.2, 0.2, 0.2, 0.2]"
5164,116.26839519525721,735260.7839960749,"[0.2, 0.2, 0.2, 0.2, 0.2]"
5165,655.8848468578016,573401.1348696537,"[0.2, 0.2, 0.2, 0.2, 0.2]"
5166,746.6608106075242,671428.3868509833,"[0.2, 0.2, 0.2, 0.2, 0.2]"
5167,169.86354578269237,832694.0875426052,"[0.2, 0.2, 0.2, 0.2, 0.2]"
5168,676.9889927529148,808225.0249226455,"[0.2, 0.2, 0.2, 0.2, 0.2]"
5169,976.154731954312,160715.4419590931,"[0.2, 0.2, 0.2, 0.2, 0.2]"
5170,405.11286708177846,178922.16390609375,"[0.2, 0.2, 0.2, 0.2, 0.2]"
5171,453.33226618206095,365396.62932364165,"[0.2, 0.2, 0.2, 0.2, 0.2]"
5172,788.0242540797858,749361.261737709,"[0.2, 0.2, 0.2, 0.2, 0.2]"
5173,558.7099453501086,158987.46828890202,"[0.2, 0.2, 0.2, 0.2, 0.2]"
5174,405.02922199294005,431012.2926246488,"[0.2, 0.2, 0.2, 0.2, 0.2]"
5175,29.213050471713377,502962.5112652657,"[0.2, 0.2, 0.2, 0.2, 0.2]"
5176,391.72915562733675,519031.5676623767,"[0.2, 0.2, 0.2, 0.2, 0.2]"
5177,237.36773739490357,771112.1224070309,"[0.2, 0.2, 0.2, 0.2, 0.2]"
5178,308.4580807152497,174854.7626892674,"[0.2, 0.2, 0.2, 0.2, 0.2]"
5179,885.0013359831626,287856.2018978349,"[0.2, 0.2, 0.2, 0.2, 0.2]"
5180,291.84414391008266,808865.8485268146,"[0.2, 0.2, 0.2, 0.2, 0.2]"
5181,218.6809691952372,977602.0676072747,"[0.2, 0.2, 0.2, 0.2, 0.2]"
5182,408.4483151621892,263940.9241556537,"[0.2, 0.2, 0.2, 0.2, 0.2]"
5183,937.322142198528,473079.7949637491,"[0.2, 0.2, 0.2, 0.2, 0.2]"
5184,104.446403116081,152655.2557212698,"[0.2, 0.2, 0.2, 0.2, 0.2]"
5185,885.0538463832527,989148.643134543,"[0.2, 0.2, 0.2, 0.2, 0.2]"
5186,328.29624539047376,712640.411982723,"[0.2, 0.2, 0.2, 0.2, 0.2]"
5187,873.2629539222451,587860.3567257912,"[0.2, 0.2, 0.2, 0.2, 0.2]"
5188,471.07746135557477,401252.26593863894,"[0.2, 0.2, 0.2, 0.2, 0.2]"
5189,764.7161036113791,140231.98874946477,"[0.2, 0.2, 0.2, 0.2, 0.2]"
5190,927.925250243795,191816.2945842111,"[0.2, 0.2, 0.2, 0.2, 0.2]"
5191,991.257106214598,319100.11445293744,"[0.2, 0.2, 0.2, 0.2, 0.2]"
5192,285.91456140909787,456730.81205333536,"[0.2, 0.2, 0.2, 0.2, 0.2]"
5193,774.954858978275,222899.76925882744,"[0.2, 0.2, 0.2, 0.2, 0.2]"
5194,90.96363012957669,990278.9952570413,"[0.2, 0.2, 0.2, 0.2, 0.2]"
5195,874.653009223189,879256.7609468055,"[0.2, 0.2, 0.2, 0.2, 0.2]"
5196,971.7668811096767,223849.96486869076,"[0.2, 0.2, 0.2, 0.2, 0.2]"
5197,634.9919459464187,351196.72554166534,"[0.2, 0.2, 0.2, 0.2, 0.2]"
5198,756.0709477807152,817347.3501354044,"[0.2, 0.2, 0.2, 0.2, 0.2]"
5199,631.6956302836469,210972.88866376746,"[0.2, 0.2, 0.2, 0.2, 0.2]"
5200,303.01271297294403,516221.4567307121,"[0.2, 0.2, 0.2, 0.2, 0.2]"
5201,869.924755758186,222842.14386770764,"[0.2, 0.2, 0.2, 0.2, 0.2]"
5202,559.0289378134848,949496.8495708425,"[0.2, 0.2, 0.2, 0.2, 0.2]"
5203,439.2033630280324,977728.7071892823,"[0.2, 0.2, 0.2, 0.2, 0.2]"
5204,111.85339235485382,847962.4194527548,"[0.2, 0.2, 0.2, 0.2, 0.2]"
5205,299.6878994998888,451246.98263768683,"[0.2, 0.2, 0.2, 0.2, 0.2]"
5206,742.3346184137962,479265.783064318,"[0.2, 0.2, 0.2, 0.2, 0.2]"
5207,359.51511237889997,805551.9409187583,"[0.2, 0.2, 0.2, 0.2, 0.2]"
5208,645.4169943807269,794579.8079335399,"[0.2, 0.2, 0.2, 0.2, 0.2]"
5209,974.7043864201385,541820.3635461185,"[0.2, 0.2, 0.2, 0.2, 0.2]"
5210,508.9575064801439,441356.0663203263,"[0.2, 0.2, 0.2, 0.2, 0.2]"
5211,338.12453588203863,881861.3755226718,"[0.2, 0.2, 0.2, 0.2, 0.2]"
5212,156.38314856287883,884816.0164618876,"[0.2, 0.2, 0.2, 0.2, 0.2]"
5213,795.8859717291396,744149.1705515283,"[0.2, 0.2, 0.2, 0.2, 0.2]"
5214,794.7045119404258,406010.1318313741,"[0.2, 0.2, 0.2, 0.2, 0.2]"
5215,674.0983162682915,433441.7133542965,"[0.2, 0.2, 0.2, 0.2, 0.2]"
5216,257.69148058028884,914774.113286632,"[0.2, 0.2, 0.2, 0.2, 0.2]"
5217,187.28194737407702,263927.312716882,"[0.2, 0.2, 0.2, 0.2, 0.2]"
5218,238.21271005775617,257556.81180287394,"[0.2, 0.2, 0.2, 0.2, 0.2]"
5219,234.16381132626253,313161.56312225864,"[0.2, 0.2, 0.2, 0.2, 0.2]"
5220,700.3132677141406,298838.2174031789,"[0.2, 0.2, 0.2, 0.2, 0.2]"
5221,501.55229032094456,164373.43371512587,"[0.2, 0.2, 0.2, 0.2, 0.2]"
5222,288.31687172736326,737039.9778774927,"[0.2, 0.2, 0.2, 0.2, 0.2]"
5223,990.0725349631015,453808.98745755735,"[0.2, 0.2, 0.2, 0.2, 0.2]"
5224,557.9077177832386,621191.780847482,"[0.2, 0.2, 0.2, 0.2, 0.2]"
5225,152.14855066272906,226445.44660285785,"[0.2, 0.2, 0.2, 0.2, 0.2]"
5226,302.6150327664272,629824.4339954575,"[0.2, 0.2, 0.2, 0.2, 0.2]"
5227,149.359744671492,623453.7141028543,"[0.2, 0.2, 0.2, 0.2, 0.2]"
5228,477.6161172569742,687339.8401251092,"[0.2, 0.2, 0.2, 0.2, 0.2]"
5229,741.3708115690233,877457.7795865616,"[0.2, 0.2, 0.2, 0.2, 0.2]"
5230,676.1128352151874,488973.40605939267,"[0.2, 0.2, 0.2, 0.2, 0.2]"
5231,976.7203131094086,156878.98995705825,"[0.2, 0.2, 0.2, 0.2, 0.2]"
5232,547.530452822499,590328.9037426308,"[0.2, 0.2, 0.2, 0.2, 0.2]"
5233,118.7995304006213,678200.6860990351,"[0.2, 0.2, 0.2, 0.2, 0.2]"
5234,754.5733668992888,324781.8965155348,"[0.2, 0.2, 0.2, 0.2, 0.2]"
5235,348.80922251281964,771245.2033902075,"[0.2, 0.2, 0.2, 0.2, 0.2]"
5236,897.303204724628,171000.6543468893,"[0.2, 0.2, 0.2, 0.2, 0.2]"
5237,451.4046813422939,981082.2889530924,"[0.2, 0.2, 0.2, 0.2, 0.2]"
5238,731.1299793300609,432904.1843673441,"[0.2, 0.2, 0.2, 0.2, 0.2]"
5239,849.4211074860004,892382.3025759737,"[0.2, 0.2, 0.2, 0.2, 0.2]"
5240,978.7906222298777,139599.03072377545,"[0.2, 0.2, 0.2, 0.2, 0.2]"
5241,24.134474436473276,747467.3180418775,"[0.2, 0.2, 0.2, 0.2, 0.2]"
5242,930.9737981374536,653282.2492350978,"[0.2, 0.2, 0.2, 0.2, 0.2]"
5243,333.22127345109254,846857.1804750061,"[0.2, 0.2, 0.2, 0.2, 0.2]"
5244,475.9968042105599,776445.5496716072,"[0.2, 0.2, 0.2, 0.2, 0.2]"
5245,134.33478866200602,168084.1058548375,"[0.2, 0.2, 0.2, 0.2, 0.2]"
5246,525.5333233635046,800420.2065599111,"[0.2, 0.2, 0.2, 0.2, 0.2]"
5247,383.2161474314739,238499.42500487846,"[0.2, 0.2, 0.2, 0.2, 0.2]"
5248,860.5696471067831,538710.7727789246,"[0.2, 0.2, 0.2, 0.2, 0.2]"
5249,328.11448224746033,414499.44116423413,"[0.2, 0.2, 0.2, 0.2, 0.2]"
5250,250.33430933692415,575093.3776179957,"[0.2, 0.2, 0.2, 0.2, 0.2]"
5251,271.77539150991845,137222.6746522549,"[0.2, 0.2, 0.2, 0.2, 0.2]"
5252,291.421482559146,883611.9308305295,"[0.2, 0.2, 0.2, 0.2, 0.2]"
5253,950.4857526317203,974419.0997948507,"[0.2, 0.2, 0.2, 0.2, 0.2]"
5254,180.5526005169413,613073.2583286057,"[0.2, 0.2, 0.2, 0.2, 0.2]"
5255,522.0866198208126,833047.3787796105,"[0.2, 0.2, 0.2, 0.2, 0.2]"
5256,524.3234330900767,792685.3974751378,"[0.2, 0.2, 0.2, 0.2, 0.2]"
5257,801.4902645507885,944297.4142552989,"[0.2, 0.2, 0.2, 0.2, 0.2]"
5258,154.0233422767972,585436.4757369608,"[0.2, 0.2, 0.2, 0.2, 0.2]"
5259,156.59222407265992,986609.3504435892,"[0.2, 0.2, 0.2, 0.2, 0.2]"
5260,73.19679601774686,728787.8555696707,"[0.2, 0.2, 0.2, 0.2, 0.2]"
5261,773.0370740891275,911152.6000699936,"[0.2, 0.2, 0.2, 0.2, 0.2]"
5262,814.0532880874079,335355.05453055433,"[0.2, 0.2, 0.2, 0.2, 0.2]"
5263,267.0266453889798,570175.0362247129,"[0.2, 0.2, 0.2, 0.2, 0.2]"
5264,274.3016284511076,704586.8264006572,"[0.2, 0.2, 0.2, 0.2, 0.2]"
5265,106.2232681914808,356412.6280205251,"[0.2, 0.2, 0.2, 0.2, 0.2]"
5266,697.1402513366398,841851.8673303983,"[0.2, 0.2, 0.2, 0.2, 0.2]"
5267,886.4404252859619,296593.4808100869,"[0.2, 0.2, 0.2, 0.2, 0.2]"
5268,480.5468293118177,422434.02325113036,"[0.2, 0.2, 0.2, 0.2, 0.2]"
5269,278.4426059001923,768603.3066918289,"[0.2, 0.2, 0.2, 0.2, 0.2]"
5270,358.14893606723416,157524.3834457322,"[0.2, 0.2, 0.2, 0.2, 0.2]"
5271,333.4244309464413,708286.3793573403,"[0.2, 0.2, 0.2, 0.2, 0.2]"
5272,732.9078506082024,616638.7869838228,"[0.2, 0.2, 0.2, 0.2, 0.2]"
5273,598.8651554846671,886580.9850742131,"[0.2, 0.2, 0.2, 0.2, 0.2]"
5274,132.3584733317463,452700.377878953,"[0.2, 0.2, 0.2, 0.2, 0.2]"
5275,569.2356347370426,105404.33549204069,"[0.2, 0.2, 0.2, 0.2, 0.2]"
5276,589.857100827316,575952.4528170314,"[0.2, 0.2, 0.2, 0.2, 0.2]"
5277,916.3569660188425,689818.3069317181,"[0.2, 0.2, 0.2, 0.2, 0.2]"
5278,751.039296510979,416185.44719789264,"[0.2, 0.2, 0.2, 0.2, 0.2]"
5279,869.784414917183,836103.9342867882,"[0.2, 0.2, 0.2, 0.2, 0.2]"
5280,107.14078362986086,307989.34395297087,"[0.2, 0.2, 0.2, 0.2, 0.2]"
5281,461.18382771608907,419922.65773033834,"[0.2, 0.2, 0.2, 0.2, 0.2]"
5282,863.1251662767434,829411.507830143,"[0.2, 0.2, 0.2, 0.2, 0.2]"
5283,358.8138813316611,785317.7454687693,"[0.2, 0.2, 0.2, 0.2, 0.2]"
5284,393.19953110787577,618950.366227976,"[0.2, 0.2, 0.2, 0.2, 0.2]"
5285,124.30330113300101,300989.45300545264,"[0.2, 0.2, 0.2, 0.2, 0.2]"
5286,713.1117414783344,532331.45784696,"[0.2, 0.2, 0.2, 0.2, 0.2]"
5287,364.2827401453492,702282.3083293583,"[0.2, 0.2, 0.2, 0.2, 0.2]"
5288,531.033526822994,115705.09971374183,"[0.2, 0.2, 0.2, 0.2, 0.2]"
5289,31.20496773839467,961118.5565250409,"[0.2, 0.2, 0.2, 0.2, 0.2]"
5290,274.2847178213571,950407.8101494132,"[0.2, 0.2, 0.2, 0.2, 0.2]"
5291,777.2146281290609,448124.1904329758,"[0.2, 0.2, 0.2, 0.2, 0.2]"
5292,331.3934379211949,985042.4896960696,"[0.2, 0.2, 0.2, 0.2, 0.2]"
5293,185.68275582268416,458484.35047707433,"[0.2, 0.2, 0.2, 0.2, 0.2]"
5294,517.765962475148,990165.146427226,"[0.2, 0.2, 0.2, 0.2, 0.2]"
5295,34.66843297080793,422863.6398955197,"[0.2, 0.2, 0.2, 0.2, 0.2]"
5296,887.5942608545681,397401.49034292554,"[0.2, 0.2, 0.2, 0.2, 0.2]"
5297,161.8370884594841,337117.1965286735,"[0.2, 0.2, 0.2, 0.2, 0.2]"
5298,167.9542814239788,326602.5895658528,"[0.2, 0.2, 0.2, 0.2, 0.2]"
5299,528.2914248914007,132340.968675947,"[0.2, 0.2, 0.2, 0.2, 0.2]"
5300,76.7455400867022,440616.5601287183,"[0.2, 0.2, 0.2, 0.2, 0.2]"
5301,503.886432049377,734185.4757046484,"[0.2, 0.2, 0.2, 0.2, 0.2]"
5302,734.4289044007819,509844.6175706898,"[0.2, 0.2, 0.2, 0.2, 0.2]"
5303,69.01439506526415,147040.72329308483,"[0.2, 0.2, 0.2, 0.2, 0.2]"
5304,366.4709580040946,402648.9443513959,"[0.2, 0.2, 0.2, 0.2, 0.2]"
5305,593.5118903719365,878333.2158314567,"[0.2, 0.2, 0.2, 0.2, 0.2]"
5306,661.2980686700661,212684.07727103468,"[0.2, 0.2, 0.2, 0.2, 0.2]"
5307,48.80665975662232,324824.619400459,"[0.2, 0.2, 0.2, 0.2, 0.2]"
5308,990.9323868398349,258169.1210635513,"[0.2, 0.2, 0.2, 0.2, 0.2]"
5309,875.4207352947832,209666.39616408147,"[0.2, 0.2, 0.2, 0.2, 0.2]"
5310,269.29565488521484,651533.9883505701,"[0.2, 0.2, 0.2, 0.2, 0.2]"
5311,80.45745722290067,455324.171164165,"[0.2, 0.2, 0.2, 0.2, 0.2]"
5312,52.130695867666695,186982.08549940767,"[0.2, 0.2, 0.2, 0.2, 0.2]"
5313,51.90021072938252,442354.40210823395,"[0.2, 0.2, 0.2, 0.2, 0.2]"
5314,968.230459715945,405303.70674075704,"[0.2, 0.2, 0.2, 0.2, 0.2]"
5315,927.2475569326845,576750.3110264852,"[0.2, 0.2, 0.2, 0.2, 0.2]"
5316,158.36540002109746,887529.1695663605,"[0.2, 0.2, 0.2, 0.2, 0.2]"
5317,719.1112104464718,599904.7714371831,"[0.2, 0.2, 0.2, 0.2, 0.2]"
5318,394.0802585988705,872330.4249418939,"[0.2, 0.2, 0.2, 0.2, 0.2]"
5319,773.7304430565691,325788.89887465036,"[0.2, 0.2, 0.2, 0.2, 0.2]"
5320,984.4595634173633,123333.12672586458,"[0.2, 0.2, 0.2, 0.2, 0.2]"
5321,553.1135228175575,558783.5753091857,"[0.2, 0.2, 0.2, 0.2, 0.2]"
5322,788.7767071588798,833549.1637030457,"[0.2, 0.2, 0.2, 0.2, 0.2]"
5323,412.2863479855449,603283.0023824244,"[0.2, 0.2, 0.2, 0.2, 0.2]"
5324,38.33057351353878,111618.78897296533,"[0.2, 0.2, 0.2, 0.2, 0.2]"
5325,996.1977063693488,362717.361071984,"[0.2, 0.2, 0.2, 0.2, 0.2]"
5326,658.9516799002224,105577.09811054045,"[0.2, 0.2, 0.2, 0.2, 0.2]"
5327,942.8626422693333,839366.7190424392,"[0.2, 0.2, 0.2, 0.2, 0.2]"
5328,711.0200935113014,281548.7346567322,"[0.2, 0.2, 0.2, 0.2, 0.2]"
5329,801.1749985709127,160218.42945365145,"[0.2, 0.2, 0.2, 0.2, 0.2]"
5330,983.1682120633639,741980.3392261377,"[0.2, 0.2, 0.2, 0.2, 0.2]"
5331,139.44716366566936,262025.87142980113,"[0.2, 0.2, 0.2, 0.2, 0.2]"
5332,991.7313441125264,366057.8661691406,"[0.2, 0.2, 0.2, 0.2, 0.2]"
5333,105.2097764032247,415259.78871579864,"[0.2, 0.2, 0.2, 0.2, 0.2]"
5334,59.09058092131376,164086.41897178875,"[0.2, 0.2, 0.2, 0.2, 0.2]"
5335,692.7244552171601,585446.6965185928,"[0.2, 0.2, 0.2, 0.2, 0.2]"
5336,334.5715639488603,302900.0574051562,"[0.2, 0.2, 0.2, 0.2, 0.2]"
5337,160.2068341704425,733945.6824965108,"[0.2, 0.2, 0.2, 0.2, 0.2]"
5338,739.1565384986594,909401.2043875647,"[0.2, 0.2, 0.2, 0.2, 0.2]"
5339,741.3926091284173,433337.09400942817,"[0.2, 0.2, 0.2, 0.2, 0.2]"
5340,702.3057974016741,572676.9416673187,"[0.2, 0.2, 0.2, 0.2, 0.2]"
5341,612.0765059803031,475800.7952045792,"[0.2, 0.2, 0.2, 0.2, 0.2]"
5342,571.4455922485968,793658.1936934823,"[0.2, 0.2, 0.2, 0.2, 0.2]"
5343,770.3106139090513,626442.7021389775,"[0.2, 0.2, 0.2, 0.2, 0.2]"
5344,634.0452443887464,558621.1666135354,"[0.2, 0.2, 0.2, 0.2, 0.2]"
5345,200.35975835874476,119947.16009655739,"[0.2, 0.2, 0.2, 0.2, 0.2]"
5346,521.1100111193107,354763.3764197654,"[0.2, 0.2, 0.2, 0.2, 0.2]"
5347,750.9556742731419,408396.9110319998,"[0.2, 0.2, 0.2, 0.2, 0.2]"
5348,97.95409819383973,932082.2027380385,"[0.2, 0.2, 0.2, 0.2, 0.2]"
5349,891.1158114897307,967548.8453529612,"[0.2, 0.2, 0.2, 0.2, 0.2]"
5350,407.2584187364791,156448.6554201159,"[0.2, 0.2, 0.2, 0.2, 0.2]"
5351,988.5704874065245,404220.98091208027,"[0.2, 0.2, 0.2, 0.2, 0.2]"
5352,35.624570676799536,172246.45807557905,"[0.2, 0.2, 0.2, 0.2, 0.2]"
5353,962.599014921459,877469.8230714289,"[0.2, 0.2, 0.2, 0.2, 0.2]"
5354,214.7408416675667,175630.2492288475,"[0.2, 0.2, 0.2, 0.2, 0.2]"
5355,583.2332258109602,601994.6964608734,"[0.2, 0.2, 0.2, 0.2, 0.2]"
5356,155.26322212850602,625769.0941742281,"[0.2, 0.2, 0.2, 0.2, 0.2]"
5357,986.5820587516712,318073.52426593506,"[0.2, 0.2, 0.2, 0.2, 0.2]"
5358,584.950031590069,446677.32496251696,"[0.2, 0.2, 0.2, 0.2, 0.2]"
5359,497.64036918608264,548859.4222471467,"[0.2, 0.2, 0.2, 0.2, 0.2]"
5360,472.96726974652523,472154.5264927059,"[0.2, 0.2, 0.2, 0.2, 0.2]"
5361,580.2680232390021,548247.6025573164,"[0.2, 0.2, 0.2, 0.2, 0.2]"
5362,611.2701722883319,334408.16863333667,"[0.2, 0.2, 0.2, 0.2, 0.2]"
5363,671.6099719676484,714087.8890984786,"[0.2, 0.2, 0.2, 0.2, 0.2]"
5364,419.91112885837185,235054.16880513035,"[0.2, 0.2, 0.2, 0.2, 0.2]"
5365,54.14585142498282,545048.8619615738,"[0.2, 0.2, 0.2, 0.2, 0.2]"
5366,184.3279505059077,139707.52314504143,"[0.2, 0.2, 0.2, 0.2, 0.2]"
5367,969.3459679225696,286388.79073335114,"[0.2, 0.2, 0.2, 0.2, 0.2]"
5368,962.8100785484705,340485.42470531666,"[0.2, 0.2, 0.2, 0.2, 0.2]"
5369,723.4034039082906,407111.02947993093,"[0.2, 0.2, 0.2, 0.2, 0.2]"
5370,262.7353757370839,710036.0416947012,"[0.2, 0.2, 0.2, 0.2, 0.2]"
5371,908.811108933856,587047.3201657224,"[0.2, 0.2, 0.2, 0.2, 0.2]"
5372,367.29315382299956,979991.233614736,"[0.2, 0.2, 0.2, 0.2, 0.2]"
5373,310.309468316281,708879.9285345204,"[0.2, 0.2, 0.2, 0.2, 0.2]"
5374,899.9449172639528,491966.99255503947,"[0.2, 0.2, 0.2, 0.2, 0.2]"
5375,727.628146912172,776426.0410033187,"[0.2, 0.2, 0.2, 0.2, 0.2]"
5376,985.0780227070992,349473.58026314876,"[0.2, 0.2, 0.2, 0.2, 0.2]"
5377,523.4736582578583,176822.4568655233,"[0.2, 0.2, 0.2, 0.2, 0.2]"
5378,645.1366794405416,884708.8939544851,"[0.2, 0.2, 0.2, 0.2, 0.2]"
5379,580.0607779856975,107962.85044593488,"[0.2, 0.2, 0.2, 0.2, 0.2]"
5380,191.54600162995746,777040.4689943091,"[0.2, 0.2, 0.2, 0.2, 0.2]"
5381,445.4698735235058,702940.4717099047,"[0.2, 0.2, 0.2, 0.2, 0.2]"
5382,310.9777106835361,486607.04018633225,"[0.2, 0.2, 0.2, 0.2, 0.2]"
5383,989.7454041154053,209026.18540891336,"[0.2, 0.2, 0.2, 0.2, 0.2]"
5384,45.970147902601774,561962.9477540078,"[0.2, 0.2, 0.2, 0.2, 0.2]"
5385,820.2764835822528,343430.09027343127,"[0.2, 0.2, 0.2, 0.2, 0.2]"
5386,263.7330340655964,889925.6266292543,"[0.2, 0.2, 0.2, 0.2, 0.2]"
5387,33.47352050099086,936773.0079117089,"[0.2, 0.2, 0.2, 0.2, 0.2]"
5388,800.1254916953042,437369.39636126516,"[0.2, 0.2, 0.2, 0.2, 0.2]"
5389,209.41543519512706,841721.5467049883,"[0.2, 0.2, 0.2, 0.2, 0.2]"
5390,226.46190690955305,921870.9107472736,"[0.2, 0.2, 0.2, 0.2, 0.2]"
5391,114.73189714583187,383344.27820342913,"[0.2, 0.2, 0.2, 0.2, 0.2]"
5392,456.30888493773364,168140.25970558252,"[0.2, 0.2, 0.2, 0.2, 0.2]"
5393,298.6995059930897,460691.64501639234,"[0.2, 0.2, 0.2, 0.2, 0.2]"
5394,654.4239503047733,113863.4032659869,"[0.2, 0.2, 0.2, 0.2, 0.2]"
5395,966.3355145547772,364921.9569958799,"[0.2, 0.2, 0.2, 0.2, 0.2]"
5396,598.3312982231108,338670.5381141089,"[0.2, 0.2, 0.2, 0.2, 0.2]"
5397,227.01395216412612,614230.8002842481,"[0.2, 0.2, 0.2, 0.2, 0.2]"
5398,603.9233482016721,346533.0691758527,"[0.2, 0.2, 0.2, 0.2, 0.2]"
5399,931.8921375345035,414067.4018020644,"[0.2, 0.2, 0.2, 0.2, 0.2]"
5400,364.5834023986373,455469.87985452195,"[0.2, 0.2, 0.2, 0.2, 0.2]"
5401,753.09043818715,755591.0117486016,"[0.2, 0.2, 0.2, 0.2, 0.2]"
5402,521.2372475378265,432256.9093945076,"[0.2, 0.2, 0.2, 0.2, 0.2]"
5403,187.42513076256134,725282.8103530051,"[0.2, 0.2, 0.2, 0.2, 0.2]"
5404,123.74320675611143,891097.1414733672,"[0.2, 0.2, 0.2, 0.2, 0.2]"
5405,563.4853998584706,741472.9336201428,"[0.2, 0.2, 0.2, 0.2, 0.2]"
5406,19.571091606312955,728690.0941792778,"[0.2, 0.2, 0.2, 0.2, 0.2]"
5407,798.8613801324286,945306.3622280901,"[0.2, 0.2, 0.2, 0.2, 0.2]"
5408,734.0535292547432,968529.8790506973,"[0.2, 0.2, 0.2, 0.2, 0.2]"
5409,809.3339646440229,311861.90049684676,"[0.2, 0.2, 0.2, 0.2, 0.2]"
5410,998.4837987505622,310939.85535434494,"[0.2, 0.2, 0.2, 0.2, 0.2]"
5411,274.9136523472608,140365.53265484897,"[0.2, 0.2, 0.2, 0.2, 0.2]"
5412,658.9325387041138,337979.5286277804,"[0.2, 0.2, 0.2, 0.2, 0.2]"
5413,442.4209474941464,195364.71693471674,"[0.2, 0.2, 0.2, 0.2, 0.2]"
5414,294.566485700203,823318.6290949819,"[0.2, 0.2, 0.2, 0.2, 0.2]"
5415,666.8455805322321,464539.061823586,"[0.2, 0.2, 0.2, 0.2, 0.2]"
5416,857.4889640498156,363151.79038130946,"[0.2, 0.2, 0.2, 0.2, 0.2]"
5417,867.2775777491763,364988.9999433677,"[0.2, 0.2, 0.2, 0.2, 0.2]"
5418,373.3577119660649,327481.3704207769,"[0.2, 0.2, 0.2, 0.2, 0.2]"
5419,611.3488286491319,314598.89422034286,"[0.2, 0.2, 0.2, 0.2, 0.2]"
5420,326.7327260870587,271822.1431553203,"[0.2, 0.2, 0.2, 0.2, 0.2]"
5421,800.6252507193999,466121.4630995428,"[0.2, 0.2, 0.2, 0.2, 0.2]"
5422,11.89798735609483,456844.95807817765,"[0.2, 0.2, 0.2, 0.2, 0.2]"
5423,522.6495729214417,629553.333569508,"[0.2, 0.2, 0.2, 0.2, 0.2]"
5424,673.75218556046,133323.84070350078,"[0.2, 0.2, 0.2, 0.2, 0.2]"
5425,415.8636207480628,847755.2626631598,"[0.2, 0.2, 0.2, 0.2, 0.2]"
5426,64.2805822024115,833273.276073328,"[0.2, 0.2, 0.2, 0.2, 0.2]"
5427,131.82351000396383,380720.35421328474,"[0.2, 0.2, 0.2, 0.2, 0.2]"
5428,611.757868733784,437508.37313852424,"[0.2, 0.2, 0.2, 0.2, 0.2]"
5429,646.4425923103013,464443.83929665305,"[0.2, 0.2, 0.2, 0.2, 0.2]"
5430,16.971368245036537,897474.3598144203,"[0.2, 0.2, 0.2, 0.2, 0.2]"
5431,872.8733552689337,480807.2331856718,"[0.2, 0.2, 0.2, 0.2, 0.2]"
5432,872.4223395233237,160977.51341986493,"[0.2, 0.2, 0.2, 0.2, 0.2]"
5433,778.6725913907217,907688.6423748855,"[0.2, 0.2, 0.2, 0.2, 0.2]"
5434,312.59611756118125,387597.0619488648,"[0.2, 0.2, 0.2, 0.2, 0.2]"
5435,580.7400584989836,622374.2557385098,"[0.2, 0.2, 0.2, 0.2, 0.2]"
5436,388.3498711071705,502266.7927645635,"[0.2, 0.2, 0.2, 0.2, 0.2]"
5437,103.22490799746252,484856.5524831187,"[0.2, 0.2, 0.2, 0.2, 0.2]"
5438,437.33535387189147,527208.373803305,"[0.2, 0.2, 0.2, 0.2, 0.2]"
5439,495.72617882056204,851614.2964390961,"[0.2, 0.2, 0.2, 0.2, 0.2]"
5440,28.72933585028196,840796.3108224522,"[0.2, 0.2, 0.2, 0.2, 0.2]"
5441,343.70414599492153,826173.0855086056,"[0.2, 0.2, 0.2, 0.2, 0.2]"
5442,77.57280990818221,395253.9601580588,"[0.2, 0.2, 0.2, 0.2, 0.2]"
5443,728.411316548226,384902.83187733387,"[0.2, 0.2, 0.2, 0.2, 0.2]"
5444,279.767721184329,869275.6027714692,"[0.2, 0.2, 0.2, 0.2, 0.2]"
5445,881.6565076630852,290929.81028300244,"[0.2, 0.2, 0.2, 0.2, 0.2]"
5446,798.2693705509702,164704.30611776267,"[0.2, 0.2, 0.2, 0.2, 0.2]"
5447,626.302684598615,292073.2311042102,"[0.2, 0.2, 0.2, 0.2, 0.2]"
5448,536.8009255560634,796845.2280683358,"[0.2, 0.2, 0.2, 0.2, 0.2]"
5449,442.0166033686821,768960.0432450188,"[0.2, 0.2, 0.2, 0.2, 0.2]"
5450,355.9027674450016,519354.7425711391,"[0.2, 0.2, 0.2, 0.2, 0.2]"
5451,367.8893489283869,599051.1881617513,"[0.2, 0.2, 0.2, 0.2, 0.2]"
5452,485.88845183236447,443478.7081855613,"[0.2, 0.2, 0.2, 0.2, 0.2]"
5453,59.477286102113354,993317.4211156139,"[0.2, 0.2, 0.2, 0.2, 0.2]"
5454,419.0069191900985,537195.4632774099,"[0.2, 0.2, 0.2, 0.2, 0.2]"
5455,329.2452527666663,721149.016914544,"[0.2, 0.2, 0.2, 0.2, 0.2]"
5456,325.53903882148893,238228.8766014597,"[0.2, 0.2, 0.2, 0.2, 0.2]"
5457,181.51594145093156,485752.4718241706,"[0.2, 0.2, 0.2, 0.2, 0.2]"
5458,472.24959284494287,906635.8934261184,"[0.2, 0.2, 0.2, 0.2, 0.2]"
5459,903.4115852183119,827530.6230713023,"[0.2, 0.2, 0.2, 0.2, 0.2]"
5460,166.4877536782907,896283.6407894948,"[0.2, 0.2, 0.2, 0.2, 0.2]"
5461,469.2906142414046,520406.01484806975,"[0.2, 0.2, 0.2, 0.2, 0.2]"
5462,84.72403914310529,434104.73681323475,"[0.2, 0.2, 0.2, 0.2, 0.2]"
5463,667.0531847458874,654078.1614263254,"[0.2, 0.2, 0.2, 0.2, 0.2]"
5464,319.11467168417215,385815.6853236851,"[0.2, 0.2, 0.2, 0.2, 0.2]"
5465,245.10199392387182,928673.0315872949,"[0.2, 0.2, 0.2, 0.2, 0.2]"
5466,629.7795833538734,557203.7940334678,"[0.2, 0.2, 0.2, 0.2, 0.2]"
5467,958.4461589376547,496133.8293385255,"[0.2, 0.2, 0.2, 0.2, 0.2]"
5468,267.800483799854,733915.0611188577,"[0.2, 0.2, 0.2, 0.2, 0.2]"
5469,361.3454651999995,609183.2197783319,"[0.2, 0.2, 0.2, 0.2, 0.2]"
5470,328.31607468082893,149027.9658253907,"[0.2, 0.2, 0.2, 0.2, 0.2]"
5471,28.086686149367573,489746.6194935824,"[0.2, 0.2, 0.2, 0.2, 0.2]"
5472,628.8540974422109,283350.5784825741,"[0.2, 0.2, 0.2, 0.2, 0.2]"
5473,169.9608249375937,688392.168353252,"[0.2, 0.2, 0.2, 0.2, 0.2]"
5474,327.5532211854845,900342.4524651156,"[0.2, 0.2, 0.2, 0.2, 0.2]"
5475,759.1158247422128,794951.0550864006,"[0.2, 0.2, 0.2, 0.2, 0.2]"
5476,921.7604552717958,885403.9341976517,"[0.2, 0.2, 0.2, 0.2, 0.2]"
5477,882.1053025773737,708652.6338514114,"[0.2, 0.2, 0.2, 0.2, 0.2]"
5478,361.1069731417498,301310.89078424015,"[0.2, 0.2, 0.2, 0.2, 0.2]"
5479,856.5754519818017,385436.0381887551,"[0.2, 0.2, 0.2, 0.2, 0.2]"
5480,837.6726805331494,678569.2835867272,"[0.2, 0.2, 0.2, 0.2, 0.2]"
5481,405.2924858329896,923471.194724246,"[0.2, 0.2, 0.2, 0.2, 0.2]"
5482,242.4192703161649,269140.88338157156,"[0.2, 0.2, 0.2, 0.2, 0.2]"
5483,716.6955910396917,838213.9516525433,"[0.2, 0.2, 0.2, 0.2, 0.2]"
5484,360.1342842310476,533537.1724968224,"[0.2, 0.2, 0.2, 0.2, 0.2]"
5485,404.07937417886194,736952.5291731339,"[0.2, 0.2, 0.2, 0.2, 0.2]"
5486,790.7280245022432,153593.15810275188,"[0.2, 0.2, 0.2, 0.2, 0.2]"
5487,589.6139667823339,431165.3370908217,"[0.2, 0.2, 0.2, 0.2, 0.2]"
5488,796.3644342911136,820958.6719694181,"[0.2, 0.2, 0.2, 0.2, 0.2]"
5489,396.5479471668321,240917.47280549517,"[0.2, 0.2, 0.2, 0.2, 0.2]"
5490,946.5602151304997,233317.29630004847,"[0.2, 0.2, 0.2, 0.2, 0.2]"
5491,267.5689903605204,577378.8289132682,"[0.2, 0.2, 0.2, 0.2, 0.2]"
5492,825.7764989294259,932387.8665045892,"[0.2, 0.2, 0.2, 0.2, 0.2]"
5493,832.1361297304994,294680.9034779456,"[0.2, 0.2, 0.2, 0.2, 0.2]"
5494,305.4304160502928,177478.52074599412,"[0.2, 0.2, 0.2, 0.2, 0.2]"
5495,700.6847982374906,523708.3675570715,"[0.2, 0.2, 0.2, 0.2, 0.2]"
5496,345.6718210960106,949034.9527217186,"[0.2, 0.2, 0.2, 0.2, 0.2]"
5497,984.4199798476999,858519.492288344,"[0.2, 0.2, 0.2, 0.2, 0.2]"
5498,814.7825436528751,320578.1115103804,"[0.2, 0.2, 0.2, 0.2, 0.2]"
5499,602.41121554247,605236.3529005321,"[0.2, 0.2, 0.2, 0.2, 0.2]"
5500,216.08225918749065,175480.6795726963,"[0.2, 0.2, 0.2, 0.2, 0.2]"
5501,301.4526104314913,498662.8097599799,"[0.2, 0.2, 0.2, 0.2, 0.2]"
5502,604.4446903959084,630802.7028563936,"[0.2, 0.2, 0.2, 0.2, 0.2]"
5503,501.9113851395604,647333.2099810389,"[0.2, 0.2, 0.2, 0.2, 0.2]"
5504,471.20053438329825,368577.2281525216,"[0.2, 0.2, 0.2, 0.2, 0.2]"
5505,344.63290435633206,373381.29100491566,"[0.2, 0.2, 0.2, 0.2, 0.2]"
5506,290.645294120967,482465.01553205133,"[0.2, 0.2, 0.2, 0.2, 0.2]"
5507,797.8560917348226,631714.3286019757,"[0.2, 0.2, 0.2, 0.2, 0.2]"
5508,549.9417553836392,956793.7500044592,"[0.2, 0.2, 0.2, 0.2, 0.2]"
5509,681.3229519216696,392984.8920342685,"[0.2, 0.2, 0.2, 0.2, 0.2]"
5510,678.6997026703617,117932.1563954051,"[0.2, 0.2, 0.2, 0.2, 0.2]"
5511,47.092109832406464,260934.97120300916,"[0.2, 0.2, 0.2, 0.2, 0.2]"
5512,341.6793411432351,391925.75734257174,"[0.2, 0.2, 0.2, 0.2, 0.2]"
5513,137.08743307576378,291157.1660796773,"[0.2, 0.2, 0.2, 0.2, 0.2]"
5514,242.99642253902275,539239.1521716823,"[0.2, 0.2, 0.2, 0.2, 0.2]"
5515,379.05602937630243,810133.8898399672,"[0.2, 0.2, 0.2, 0.2, 0.2]"
5516,14.091911625392557,220489.29853024968,"[0.2, 0.2, 0.2, 0.2, 0.2]"
5517,854.5808208109863,318365.0620700654,"[0.2, 0.2, 0.2, 0.2, 0.2]"
5518,144.59599049557653,408867.7331819652,"[0.2, 0.2, 0.2, 0.2, 0.2]"
5519,110.18711305363277,259442.63519448458,"[0.2, 0.2, 0.2, 0.2, 0.2]"
5520,863.3004105622358,646502.0037850365,"[0.2, 0.2, 0.2, 0.2, 0.2]"
5521,289.59015832253635,242296.03361063253,"[0.2, 0.2, 0.2, 0.2, 0.2]"
5522,31.90371052061386,667770.3916503335,"[0.2, 0.2, 0.2, 0.2, 0.2]"
5523,50.17752529812136,817039.3042619426,"[0.2, 0.2, 0.2, 0.2, 0.2]"
5524,134.32341089461826,297387.58087598206,"[0.2, 0.2, 0.2, 0.2, 0.2]"
5525,669.7252214033018,759139.4620831977,"[0.2, 0.2, 0.2, 0.2, 0.2]"
5526,585.0666650921529,543298.1438197098,"[0.2, 0.2, 0.2, 0.2, 0.2]"
5527,216.27055821074256,333491.3011378291,"[0.2, 0.2, 0.2, 0.2, 0.2]"
5528,143.99994516074977,991938.1283608448,"[0.2, 0.2, 0.2, 0.2, 0.2]"
5529,299.2706294336398,290228.95469243976,"[0.2, 0.2, 0.2, 0.2, 0.2]"
5530,299.1028003406546,341869.41435674974,"[0.2, 0.2, 0.2, 0.2, 0.2]"
5531,223.3689950848352,191165.2681189346,"[0.2, 0.2, 0.2, 0.2, 0.2]"
5532,549.2494106338744,484895.7105195139,"[0.2, 0.2, 0.2, 0.2, 0.2]"
5533,863.2841457259584,152539.56109575494,"[0.2, 0.2, 0.2, 0.2, 0.2]"
5534,916.6843100452486,534534.3735673905,"[0.2, 0.2, 0.2, 0.2, 0.2]"
5535,843.3371940681516,924688.7115967805,"[0.2, 0.2, 0.2, 0.2, 0.2]"
5536,519.5276089900351,508349.8362659595,"[0.2, 0.2, 0.2, 0.2, 0.2]"
5537,636.495396546739,562376.5116060985,"[0.2, 0.2, 0.2, 0.2, 0.2]"
5538,509.6810185689098,787729.5749430199,"[0.2, 0.2, 0.2, 0.2, 0.2]"
5539,185.50206021449276,331949.70775802457,"[0.2, 0.2, 0.2, 0.2, 0.2]"
5540,243.73467560998859,865062.1689969329,"[0.2, 0.2, 0.2, 0.2, 0.2]"
5541,561.1610806024734,348210.8321475664,"[0.2, 0.2, 0.2, 0.2, 0.2]"
5542,808.6684452209892,819438.4769161809,"[0.2, 0.2, 0.2, 0.2, 0.2]"
5543,727.6418376468027,110483.85324150258,"[0.2, 0.2, 0.2, 0.2, 0.2]"
5544,293.9556569065816,939559.171072036,"[0.2, 0.2, 0.2, 0.2, 0.2]"
5545,377.2010132984117,531981.1954380176,"[0.2, 0.2, 0.2, 0.2, 0.2]"
5546,981.5651403586447,237615.56470758075,"[0.2, 0.2, 0.2, 0.2, 0.2]"
5547,678.7920216740555,120906.78533842396,"[0.2, 0.2, 0.2, 0.2, 0.2]"
5548,533.047582471333,583263.4944242963,"[0.2, 0.2, 0.2, 0.2, 0.2]"
5549,197.9897868530848,129621.53297382209,"[0.2, 0.2, 0.2, 0.2, 0.2]"
5550,666.9560569510631,285505.24382036715,"[0.2, 0.2, 0.2, 0.2, 0.2]"
5551,339.2801950471725,328793.33165196574,"[0.2, 0.2, 0.2, 0.2, 0.2]"
5552,597.2099952267671,449499.8969621154,"[0.2, 0.2, 0.2, 0.2, 0.2]"
5553,576.6690830542778,746589.0005825018,"[0.2, 0.2, 0.2, 0.2, 0.2]"
5554,77.16070789603751,404635.5011152377,"[0.2, 0.2, 0.2, 0.2, 0.2]"
5555,669.4069677591746,662772.4551058487,"[0.2, 0.2, 0.2, 0.2, 0.2]"
5556,455.2871017368165,822574.0101350142,"[0.2, 0.2, 0.2, 0.2, 0.2]"
5557,188.67155069112326,501462.96327487566,"[0.2, 0.2, 0.2, 0.2, 0.2]"
5558,550.4423106451168,292719.8442475426,"[0.2, 0.2, 0.2, 0.2, 0.2]"
5559,569.2026371615224,836171.1824906562,"[0.2, 0.2, 0.2, 0.2, 0.2]"
5560,690.4083871605766,613019.6459079983,"[0.2, 0.2, 0.2, 0.2, 0.2]"
5561,477.6121345175187,351260.09207597806,"[0.2, 0.2, 0.2, 0.2, 0.2]"
5562,391.4465382472967,947709.0067815665,"[0.2, 0.2, 0.2, 0.2, 0.2]"
5563,689.0990626639914,386757.66520551825,"[0.2, 0.2, 0.2, 0.2, 0.2]"
5564,793.5954601262554,462250.9381060414,"[0.2, 0.2, 0.2, 0.2, 0.2]"
5565,314.2868072505194,495907.14633192593,"[0.2, 0.2, 0.2, 0.2, 0.2]"
5566,450.8681303316307,181645.2243500839,"[0.2, 0.2, 0.2, 0.2, 0.2]"
5567,358.10640576575054,866111.2831995379,"[0.2, 0.2, 0.2, 0.2, 0.2]"
5568,44.70343867233337,998926.3946141462,"[0.2, 0.2, 0.2, 0.2, 0.2]"
5569,84.36092388855,266303.031815769,"[0.2, 0.2, 0.2, 0.2, 0.2]"
5570,529.5864737269021,431809.84748758667,"[0.2, 0.2, 0.2, 0.2, 0.2]"
5571,37.70265507031433,897916.0560723126,"[0.2, 0.2, 0.2, 0.2, 0.2]"
5572,265.04268898820953,514832.40833245456,"[0.2, 0.2, 0.2, 0.2, 0.2]"
5573,732.4700325006944,107349.15573062029,"[0.2, 0.2, 0.2, 0.2, 0.2]"
5574,701.600963047104,231627.77420249803,"[0.2, 0.2, 0.2, 0.2, 0.2]"
5575,929.347503384301,101916.5812393673,"[0.2, 0.2, 0.2, 0.2, 0.2]"
5576,249.99976938790437,386650.5340727648,"[0.2, 0.2, 0.2, 0.2, 0.2]"
5577,399.94626887335903,399856.02514410176,"[0.2, 0.2, 0.2, 0.2, 0.2]"
5578,914.3470294412933,810563.090351921,"[0.2, 0.2, 0.2, 0.2, 0.2]"
5579,639.4031372444225,566747.855661886,"[0.2, 0.2, 0.2, 0.2, 0.2]"
5580,307.0954931021061,634998.5534687676,"[0.2, 0.2, 0.2, 0.2, 0.2]"
5581,649.3289318410343,121788.88434765466,"[0.2, 0.2, 0.2, 0.2, 0.2]"
5582,142.49796518774195,579735.2940962103,"[0.2, 0.2, 0.2, 0.2, 0.2]"
5583,223.9378984856708,716305.2348168857,"[0.2, 0.2, 0.2, 0.2, 0.2]"
5584,632.1423606982789,628269.3112325683,"[0.2, 0.2, 0.2, 0.2, 0.2]"
5585,220.09225321927354,279727.76115138945,"[0.2, 0.2, 0.2, 0.2, 0.2]"
5586,562.7788639118222,288125.593474517,"[0.2, 0.2, 0.2, 0.2, 0.2]"
5587,595.3205040113912,740282.810459746,"[0.2, 0.2, 0.2, 0.2, 0.2]"
5588,993.3012141204073,349061.97845900117,"[0.2, 0.2, 0.2, 0.2, 0.2]"
5589,39.322790527892316,318438.6890230024,"[0.2, 0.2, 0.2, 0.2, 0.2]"
5590,671.3776142620711,645856.9415049343,"[0.2, 0.2, 0.2, 0.2, 0.2]"
5591,918.648467137935,652735.8017102487,"[0.2, 0.2, 0.2, 0.2, 0.2]"
5592,200.5642539564259,942258.4445276648,"[0.2, 0.2, 0.2, 0.2, 0.2]"
5593,423.96066974743474,240284.20090834243,"[0.2, 0.2, 0.2, 0.2, 0.2]"
5594,698.5744646272444,891229.6626182836,"[0.2, 0.2, 0.2, 0.2, 0.2]"
5595,428.7570244273199,550456.2919311355,"[0.2, 0.2, 0.2, 0.2, 0.2]"
5596,446.3831359324192,755726.7478093877,"[0.2, 0.2, 0.2, 0.2, 0.2]"
5597,349.21710071262714,704944.7234919029,"[0.2, 0.2, 0.2, 0.2, 0.2]"
5598,633.6603739422609,750964.742655488,"[0.2, 0.2, 0.2, 0.2, 0.2]"
5599,520.6688596165282,466040.99852935714,"[0.2, 0.2, 0.2, 0.2, 0.2]"
5600,454.7807471615933,244754.68508352397,"[0.2, 0.2, 0.2, 0.2, 0.2]"
5601,16.349886424914008,463248.18872798886,"[0.2, 0.2, 0.2, 0.2, 0.2]"
5602,720.2760101099357,589400.5049032868,"[0.2, 0.2, 0.2, 0.2, 0.2]"
5603,66.02586398363914,296197.8785353838,"[0.2, 0.2, 0.2, 0.2, 0.2]"
5604,434.8639849360919,911536.8469172962,"[0.2, 0.2, 0.2, 0.2, 0.2]"
5605,434.74171047540466,505871.3394901131,"[0.2, 0.2, 0.2, 0.2, 0.2]"
5606,795.1661270193205,625237.1241844645,"[0.2, 0.2, 0.2, 0.2, 0.2]"
5607,689.5437794910313,759666.6704191242,"[0.2, 0.2, 0.2, 0.2, 0.2]"
5608,394.18203106477677,862532.5320878994,"[0.2, 0.2, 0.2, 0.2, 0.2]"
5609,257.35569008022003,661263.7706054,"[0.2, 0.2, 0.2, 0.2, 0.2]"
5610,228.06010408944462,935294.1239564955,"[0.2, 0.2, 0.2, 0.2, 0.2]"
5611,849.9835357077274,483001.8407606624,"[0.2, 0.2, 0.2, 0.2, 0.2]"
5612,915.7257046595182,462364.1815402914,"[0.2, 0.2, 0.2, 0.2, 0.2]"
5613,78.62607666059388,977711.4267519204,"[0.2, 0.2, 0.2, 0.2, 0.2]"
5614,651.8825043408738,678143.1347492613,"[0.2, 0.2, 0.2, 0.2, 0.2]"
5615,395.81766369508847,310080.26456204837,"[0.2, 0.2, 0.2, 0.2, 0.2]"
5616,734.3456207920783,768308.3006023307,"[0.2, 0.2, 0.2, 0.2, 0.2]"
5617,621.4031564931728,152433.76391220518,"[0.2, 0.2, 0.2, 0.2, 0.2]"
5618,72.15172604322254,650112.4907366654,"[0.2, 0.2, 0.2, 0.2, 0.2]"
5619,73.36235564161204,985834.3960362771,"[0.2, 0.2, 0.2, 0.2, 0.2]"
5620,898.6416512165016,700613.0848478263,"[0.2, 0.2, 0.2, 0.2, 0.2]"
5621,606.9559275269894,860678.5597669623,"[0.2, 0.2, 0.2, 0.2, 0.2]"
5622,130.61288147453735,881578.7322844652,"[0.2, 0.2, 0.2, 0.2, 0.2]"
5623,269.7344869302373,674291.7263469959,"[0.2, 0.2, 0.2, 0.2, 0.2]"
5624,918.7150972117958,193470.22726659756,"[0.2, 0.2, 0.2, 0.2, 0.2]"
5625,227.61589559350745,476372.6460709777,"[0.2, 0.2, 0.2, 0.2, 0.2]"
5626,998.1568771184193,994348.7847270573,"[0.2, 0.2, 0.2, 0.2, 0.2]"
5627,184.09744791185378,894720.250130136,"[0.2, 0.2, 0.2, 0.2, 0.2]"
5628,226.00457718927612,386227.8495090695,"[0.2, 0.2, 0.2, 0.2, 0.2]"
5629,356.9589103953216,882153.0764356912,"[0.2, 0.2, 0.2, 0.2, 0.2]"
5630,320.1824882218352,729361.125153452,"[0.2, 0.2, 0.2, 0.2, 0.2]"
5631,246.7737779475007,345592.6085342816,"[0.2, 0.2, 0.2, 0.2, 0.2]"
5632,758.8729984691574,667965.5332976482,"[0.2, 0.2, 0.2, 0.2, 0.2]"
5633,519.2474844736016,341753.79073080496,"[0.2, 0.2, 0.2, 0.2, 0.2]"
5634,347.83805660781127,821043.4790775944,"[0.2, 0.2, 0.2, 0.2, 0.2]"
5635,518.2534511405372,731500.0495829094,"[0.2, 0.2, 0.2, 0.2, 0.2]"
5636,418.8778385931836,266273.54360602505,"[0.2, 0.2, 0.2, 0.2, 0.2]"
5637,854.5423186318044,733573.9981983413,"[0.2, 0.2, 0.2, 0.2, 0.2]"
5638,486.04974924100503,888318.8187178902,"[0.2, 0.2, 0.2, 0.2, 0.2]"
5639,404.10484208279445,429037.85282034386,"[0.2, 0.2, 0.2, 0.2, 0.2]"
5640,150.68071842395526,695175.637153869,"[0.2, 0.2, 0.2, 0.2, 0.2]"
5641,398.0126170984385,719411.7719659564,"[0.2, 0.2, 0.2, 0.2, 0.2]"
5642,150.30802824338753,226758.57718027994,"[0.2, 0.2, 0.2, 0.2, 0.2]"
5643,90.54682802372858,110086.97000560028,"[0.2, 0.2, 0.2, 0.2, 0.2]"
5644,532.6917823891305,359684.1896514349,"[0.2, 0.2, 0.2, 0.2, 0.2]"
5645,413.88001934579546,424800.4882150513,"[0.2, 0.2, 0.2, 0.2, 0.2]"
5646,719.7542151841068,834392.4886048449,"[0.2, 0.2, 0.2, 0.2, 0.2]"
5647,521.2855555831193,939569.7170204319,"[0.2, 0.2, 0.2, 0.2, 0.2]"
5648,835.2004937429276,529011.7633191047,"[0.2, 0.2, 0.2, 0.2, 0.2]"
5649,831.4441584554061,561912.3166724241,"[0.2, 0.2, 0.2, 0.2, 0.2]"
5650,819.293875883465,709382.1864960027,"[0.2, 0.2, 0.2, 0.2, 0.2]"
5651,442.79522185050405,361772.1818424108,"[0.2, 0.2, 0.2, 0.2, 0.2]"
5652,556.4267396620749,534474.3190394093,"[0.2, 0.2, 0.2, 0.2, 0.2]"
5653,858.6491482501696,791148.357545732,"[0.2, 0.2, 0.2, 0.2, 0.2]"
5654,941.1748810568027,280597.26712608,"[0.2, 0.2, 0.2, 0.2, 0.2]"
5655,647.2337468914774,589743.191099774,"[0.2, 0.2, 0.2, 0.2, 0.2]"
5656,194.18054170400504,716509.8331859115,"[0.2, 0.2, 0.2, 0.2, 0.2]"
5657,212.57709509380234,992622.611322487,"[0.2, 0.2, 0.2, 0.2, 0.2]"
5658,463.6720956680577,892459.986302463,"[0.2, 0.2, 0.2, 0.2, 0.2]"
5659,249.4128228067211,879755.2599210788,"[0.2, 0.2, 0.2, 0.2, 0.2]"
5660,139.2891227581851,265665.1923994698,"[0.2, 0.2, 0.2, 0.2, 0.2]"
5661,711.947865844684,897259.088995367,"[0.2, 0.2, 0.2, 0.2, 0.2]"
5662,743.644387049994,599357.5511456544,"[0.2, 0.2, 0.2, 0.2, 0.2]"
5663,339.76270184783436,482719.05690268456,"[0.2, 0.2, 0.2, 0.2, 0.2]"
5664,380.02499886434333,835051.3607412081,"[0.2, 0.2, 0.2, 0.2, 0.2]"
5665,484.9313873504932,784848.3434310413,"[0.2, 0.2, 0.2, 0.2, 0.2]"
5666,417.38500162102036,668908.0533845417,"[0.2, 0.2, 0.2, 0.2, 0.2]"
5667,121.22880780200587,111436.22624568947,"[0.2, 0.2, 0.2, 0.2, 0.2]"
5668,260.24720393171225,907013.3866803214,"[0.2, 0.2, 0.2, 0.2, 0.2]"
5669,172.99923758112246,120241.52962114944,"[0.2, 0.2, 0.2, 0.2, 0.2]"
5670,800.4441485798851,623328.4190196954,"[0.2, 0.2, 0.2, 0.2, 0.2]"
5671,509.5963708747439,909948.3185423755,"[0.2, 0.2, 0.2, 0.2, 0.2]"
5672,227.802596712878,581658.0567332054,"[0.2, 0.2, 0.2, 0.2, 0.2]"
5673,324.7810044465618,947829.9133374355,"[0.2, 0.2, 0.2, 0.2, 0.2]"
5674,107.05141363821895,968705.3554953837,"[0.2, 0.2, 0.2, 0.2, 0.2]"
5675,70.11011272511755,546168.6778352296,"[0.2, 0.2, 0.2, 0.2, 0.2]"
5676,481.6282489763515,653982.0227078805,"[0.2, 0.2, 0.2, 0.2, 0.2]"
5677,922.0283284361088,341646.45791203674,"[0.2, 0.2, 0.2, 0.2, 0.2]"
5678,239.49483137206832,189425.20423788362,"[0.2, 0.2, 0.2, 0.2, 0.2]"
5679,923.7140927802822,826420.1703748512,"[0.2, 0.2, 0.2, 0.2, 0.2]"
5680,897.9701073723736,488647.6797898072,"[0.2, 0.2, 0.2, 0.2, 0.2]"
5681,455.3855702753763,768576.5055445908,"[0.2, 0.2, 0.2, 0.2, 0.2]"
5682,590.5479957909822,854778.8285801549,"[0.2, 0.2, 0.2, 0.2, 0.2]"
5683,778.6542500799981,150794.28970467916,"[0.2, 0.2, 0.2, 0.2, 0.2]"
5684,11.887745867021657,844366.4342817739,"[0.2, 0.2, 0.2, 0.2, 0.2]"
5685,866.18422364916,140042.51019455795,"[0.2, 0.2, 0.2, 0.2, 0.2]"
5686,323.36450038906446,240324.0149385842,"[0.2, 0.2, 0.2, 0.2, 0.2]"
5687,499.17446701033487,671752.1615695677,"[0.2, 0.2, 0.2, 0.2, 0.2]"
5688,403.77007462638926,329750.2044902054,"[0.2, 0.2, 0.2, 0.2, 0.2]"
5689,948.1478640171956,303578.7794069781,"[0.2, 0.2, 0.2, 0.2, 0.2]"
5690,111.71304464931104,472835.04763582704,"[0.2, 0.2, 0.2, 0.2, 0.2]"
5691,463.63169559873035,957348.2478995075,"[0.2, 0.2, 0.2, 0.2, 0.2]"
5692,566.4738362976744,120014.29785946512,"[0.2, 0.2, 0.2, 0.2, 0.2]"
5693,971.264096731475,361322.8262211898,"[0.2, 0.2, 0.2, 0.2, 0.2]"
5694,844.8090890404715,395282.5760497268,"[0.2, 0.2, 0.2, 0.2, 0.2]"
5695,923.8588531836125,220561.05354231462,"[0.2, 0.2, 0.2, 0.2, 0.2]"
5696,788.8800749160325,106313.48208470285,"[0.2, 0.2, 0.2, 0.2, 0.2]"
5697,642.7173032176831,700932.1241376053,"[0.2, 0.2, 0.2, 0.2, 0.2]"
5698,560.4832198333238,842177.6144779203,"[0.2, 0.2, 0.2, 0.2, 0.2]"
5699,783.146551654074,726070.8360212109,"[0.2, 0.2, 0.2, 0.2, 0.2]"
5700,693.0968964300366,602028.2950437237,"[0.2, 0.2, 0.2, 0.2, 0.2]"
5701,881.2363629562178,991098.8687717251,"[0.2, 0.2, 0.2, 0.2, 0.2]"
5702,384.2208405407879,440110.7088051464,"[0.2, 0.2, 0.2, 0.2, 0.2]"
5703,514.2648457895042,605592.6084359225,"[0.2, 0.2, 0.2, 0.2, 0.2]"
5704,853.0503167396482,459392.10273471987,"[0.2, 0.2, 0.2, 0.2, 0.2]"
5705,781.9829456061477,711784.6532059731,"[0.2, 0.2, 0.2, 0.2, 0.2]"
5706,392.3007854670023,998204.2485322629,"[0.2, 0.2, 0.2, 0.2, 0.2]"
5707,458.0412537965851,412148.84409313917,"[0.2, 0.2, 0.2, 0.2, 0.2]"
5708,886.7372504532404,302269.2850179443,"[0.2, 0.2, 0.2, 0.2, 0.2]"
5709,686.0341500910665,243303.2785496745,"[0.2, 0.2, 0.2, 0.2, 0.2]"
5710,943.4983770103042,251448.2787101659,"[0.2, 0.2, 0.2, 0.2, 0.2]"
5711,337.35909667751827,133516.28810924263,"[0.2, 0.2, 0.2, 0.2, 0.2]"
5712,108.83491597423149,243998.740385153,"[0.2, 0.2, 0.2, 0.2, 0.2]"
5713,454.13601786790946,969154.8049648319,"[0.2, 0.2, 0.2, 0.2, 0.2]"
5714,584.0838494749606,648806.2568629794,"[0.2, 0.2, 0.2, 0.2, 0.2]"
5715,264.0614118205641,612750.6933892374,"[0.2, 0.2, 0.2, 0.2, 0.2]"
5716,946.338816441141,138348.04108639533,"[0.2, 0.2, 0.2, 0.2, 0.2]"
5717,95.44814917106147,787098.0911874676,"[0.2, 0.2, 0.2, 0.2, 0.2]"
5718,619.3752151556952,485602.7872085604,"[0.2, 0.2, 0.2, 0.2, 0.2]"
5719,410.6935983823402,130966.98858990107,"[0.2, 0.2, 0.2, 0.2, 0.2]"
5720,416.3288593847227,552964.3833264506,"[0.2, 0.2, 0.2, 0.2, 0.2]"
5721,763.8259512723988,899669.0081814562,"[0.2, 0.2, 0.2, 0.2, 0.2]"
5722,903.1397968754482,668969.8631906505,"[0.2, 0.2, 0.2, 0.2, 0.2]"
5723,580.8818529037815,401931.418708436,"[0.2, 0.2, 0.2, 0.2, 0.2]"
5724,705.08559289696,924993.1026219104,"[0.2, 0.2, 0.2, 0.2, 0.2]"
5725,771.3014532936016,237148.5824512673,"[0.2, 0.2, 0.2, 0.2, 0.2]"
5726,619.8477132389453,581415.6754784535,"[0.2, 0.2, 0.2, 0.2, 0.2]"
5727,49.21335025314964,315441.75956196774,"[0.2, 0.2, 0.2, 0.2, 0.2]"
5728,203.93188785521727,443225.7880886355,"[0.2, 0.2, 0.2, 0.2, 0.2]"
5729,179.6379732161092,966369.180479981,"[0.2, 0.2, 0.2, 0.2, 0.2]"
5730,876.911398081537,430708.1002936056,"[0.2, 0.2, 0.2, 0.2, 0.2]"
5731,231.65780165456644,773255.2250810005,"[0.2, 0.2, 0.2, 0.2, 0.2]"
5732,529.4767906964943,789948.2076688086,"[0.2, 0.2, 0.2, 0.2, 0.2]"
5733,668.0094387886111,390543.6930418045,"[0.2, 0.2, 0.2, 0.2, 0.2]"
5734,747.5660919099558,914681.4256248235,"[0.2, 0.2, 0.2, 0.2, 0.2]"
5735,196.57829621460095,750058.9818903399,"[0.2, 0.2, 0.2, 0.2, 0.2]"
5736,798.2929133699416,597652.4970086955,"[0.2, 0.2, 0.2, 0.2, 0.2]"
5737,632.8607063268531,783639.207921824,"[0.2, 0.2, 0.2, 0.2, 0.2]"
5738,50.24743393495177,709511.4046562307,"[0.2, 0.2, 0.2, 0.2, 0.2]"
5739,97.007475919671,578597.7840035097,"[0.2, 0.2, 0.2, 0.2, 0.2]"
5740,605.7053773439723,343403.03029776015,"[0.2, 0.2, 0.2, 0.2, 0.2]"
5741,993.5614071484464,104437.99914918598,"[0.2, 0.2, 0.2, 0.2, 0.2]"
5742,358.92265821917977,724341.1152518326,"[0.2, 0.2, 0.2, 0.2, 0.2]"
5743,134.77819950897634,321953.3806114322,"[0.2, 0.2, 0.2, 0.2, 0.2]"
5744,806.9595528417026,140185.5238332188,"[0.2, 0.2, 0.2, 0.2, 0.2]"
5745,316.2120840082513,461405.3645945493,"[0.2, 0.2, 0.2, 0.2, 0.2]"
5746,469.2885297682787,168477.5293058578,"[0.2, 0.2, 0.2, 0.2, 0.2]"
5747,726.2874914379267,305823.4127835449,"[0.2, 0.2, 0.2, 0.2, 0.2]"
5748,788.7519458604589,921860.2117938991,"[0.2, 0.2, 0.2, 0.2, 0.2]"
5749,733.3079596754061,889526.449366888,"[0.2, 0.2, 0.2, 0.2, 0.2]"
5750,342.7537059530817,181001.89832940925,"[0.2, 0.2, 0.2, 0.2, 0.2]"
5751,362.73311301416015,645625.0070128168,"[0.2, 0.2, 0.2, 0.2, 0.2]"
5752,36.33911864148843,548688.4799761636,"[0.2, 0.2, 0.2, 0.2, 0.2]"
5753,731.3275092384681,591709.8221638487,"[0.2, 0.2, 0.2, 0.2, 0.2]"
5754,597.9067269588264,574314.4173782526,"[0.2, 0.2, 0.2, 0.2, 0.2]"
5755,777.7432253094272,116405.70873151833,"[0.2, 0.2, 0.2, 0.2, 0.2]"
5756,744.8113943933306,958313.42730921,"[0.2, 0.2, 0.2, 0.2, 0.2]"
5757,446.9968545020573,683884.2969662733,"[0.2, 0.2, 0.2, 0.2, 0.2]"
5758,691.9710283160452,384911.262466585,"[0.2, 0.2, 0.2, 0.2, 0.2]"
5759,436.00973246373366,612627.6186268174,"[0.2, 0.2, 0.2, 0.2, 0.2]"
5760,721.5338208468826,165107.20347575922,"[0.2, 0.2, 0.2, 0.2, 0.2]"
5761,947.6056016707238,493171.8611133619,"[0.2, 0.2, 0.2, 0.2, 0.2]"
5762,98.08665454818127,253367.7643656862,"[0.2, 0.2, 0.2, 0.2, 0.2]"
5763,921.1799057189706,569615.0574952116,"[0.2, 0.2, 0.2, 0.2, 0.2]"
5764,687.2542923897486,885316.1735970097,"[0.2, 0.2, 0.2, 0.2, 0.2]"
5765,850.2109623069265,563907.668286687,"[0.2, 0.2, 0.2, 0.2, 0.2]"
5766,837.9139196725639,559390.8601462477,"[0.2, 0.2, 0.2, 0.2, 0.2]"
5767,589.7665240294127,197689.42918556018,"[0.2, 0.2, 0.2, 0.2, 0.2]"
5768,97.76362405661824,848436.4263898851,"[0.2, 0.2, 0.2, 0.2, 0.2]"
5769,717.0899759767119,903313.2699764807,"[0.2, 0.2, 0.2, 0.2, 0.2]"
5770,147.09398721658877,722173.7361590572,"[0.2, 0.2, 0.2, 0.2, 0.2]"
5771,87.84838168162688,418546.85464131954,"[0.2, 0.2, 0.2, 0.2, 0.2]"
5772,358.11219035977894,493210.68390693696,"[0.2, 0.2, 0.2, 0.2, 0.2]"
5773,841.0283866458219,986081.8877969058,"[0.2, 0.2, 0.2, 0.2, 0.2]"
5774,799.4345584782156,864940.122324869,"[0.2, 0.2, 0.2, 0.2, 0.2]"
5775,751.963908662041,616032.0735904217,"[0.2, 0.2, 0.2, 0.2, 0.2]"
5776,495.83069708987114,367807.7724251059,"[0.2, 0.2, 0.2, 0.2, 0.2]"
5777,836.6411904411837,337907.8898120632,"[0.2, 0.2, 0.2, 0.2, 0.2]"
5778,434.4575994703473,680449.7679946923,"[0.2, 0.2, 0.2, 0.2, 0.2]"
5779,613.7075925820686,201095.3941822084,"[0.2, 0.2, 0.2, 0.2, 0.2]"
5780,984.2420292411537,454641.89048571466,"[0.2, 0.2, 0.2, 0.2, 0.2]"
5781,803.2692735965844,586550.0287716666,"[0.2, 0.2, 0.2, 0.2, 0.2]"
5782,902.4440434172352,132466.8272389449,"[0.2, 0.2, 0.2, 0.2, 0.2]"
5783,864.9314709833363,145097.0475074973,"[0.2, 0.2, 0.2, 0.2, 0.2]"
5784,951.31365191838,717500.3385149261,"[0.2, 0.2, 0.2, 0.2, 0.2]"
5785,168.7094613358168,623460.0774215478,"[0.2, 0.2, 0.2, 0.2, 0.2]"
5786,749.296662406799,665688.3945785284,"[0.2, 0.2, 0.2, 0.2, 0.2]"
5787,431.2175762689451,455320.37843380333,"[0.2, 0.2, 0.2, 0.2, 0.2]"
5788,948.3952686699785,506492.60709105106,"[0.2, 0.2, 0.2, 0.2, 0.2]"
5789,192.01064330996599,742421.8024810642,"[0.2, 0.2, 0.2, 0.2, 0.2]"
5790,879.671305988987,969409.5111867642,"[0.2, 0.2, 0.2, 0.2, 0.2]"
5791,916.7430377204041,484160.31063941034,"[0.2, 0.2, 0.2, 0.2, 0.2]"
5792,768.3484712695714,813341.8648779747,"[0.2, 0.2, 0.2, 0.2, 0.2]"
5793,394.4338795031043,648139.7229916324,"[0.2, 0.2, 0.2, 0.2, 0.2]"
5794,705.0889156968815,237697.47044050405,"[0.2, 0.2, 0.2, 0.2, 0.2]"
5795,230.64053423907396,341590.9008996841,"[0.2, 0.2, 0.2, 0.2, 0.2]"
5796,872.805313487456,476152.3345941962,"[0.2, 0.2, 0.2, 0.2, 0.2]"
5797,457.3357484172276,405500.82960477436,"[0.2, 0.2, 0.2, 0.2, 0.2]"
5798,241.08600322488203,176867.22937142802,"[0.2, 0.2, 0.2, 0.2, 0.2]"
5799,548.7331449678409,960641.4044817035,"[0.2, 0.2, 0.2, 0.2, 0.2]"
5800,430.2038527162892,156593.83415404908,"[0.2, 0.2, 0.2, 0.2, 0.2]"
5801,369.44723228812796,588632.0950690216,"[0.2, 0.2, 0.2, 0.2, 0.2]"
5802,664.2734789485291,747647.0557774026,"[0.2, 0.2, 0.2, 0.2, 0.2]"
5803,423.3670466747759,482368.76300876954,"[0.2, 0.2, 0.2, 0.2, 0.2]"
5804,561.2544010681485,373738.73621306464,"[0.2, 0.2, 0.2, 0.2, 0.2]"
5805,305.66152059291665,954287.7242183955,"[0.2, 0.2, 0.2, 0.2, 0.2]"
5806,481.92625870771286,469445.75218323525,"[0.2, 0.2, 0.2, 0.2, 0.2]"
5807,296.6289760442663,746075.6107886598,"[0.2, 0.2, 0.2, 0.2, 0.2]"
5808,94.30413897326342,970611.0440610211,"[0.2, 0.2, 0.2, 0.2, 0.2]"
5809,967.2085505632681,232584.58853707276,"[0.2, 0.2, 0.2, 0.2, 0.2]"
5810,148.94420175932498,415248.4699753649,"[0.2, 0.2, 0.2, 0.2, 0.2]"
5811,460.81220583501846,754479.8593452978,"[0.2, 0.2, 0.2, 0.2, 0.2]"
5812,642.2450312228576,352226.50094543246,"[0.2, 0.2, 0.2, 0.2, 0.2]"
5813,994.1284884737922,724032.7245833114,"[0.2, 0.2, 0.2, 0.2, 0.2]"
5814,29.92850244763033,421326.72805861034,"[0.2, 0.2, 0.2, 0.2, 0.2]"
5815,633.0838011326431,244863.9888367056,"[0.2, 0.2, 0.2, 0.2, 0.2]"
5816,761.4632248266614,701006.6386963055,"[0.2, 0.2, 0.2, 0.2, 0.2]"
5817,693.9206646483397,686052.9174492898,"[0.2, 0.2, 0.2, 0.2, 0.2]"
5818,231.09546955764924,700914.9320784664,"[0.2, 0.2, 0.2, 0.2, 0.2]"
5819,647.7098765544173,873356.6728634329,"[0.2, 0.2, 0.2, 0.2, 0.2]"
5820,177.73360161924927,102647.4369709323,"[0.2, 0.2, 0.2, 0.2, 0.2]"
5821,500.0882587581208,317167.8059193058,"[0.2, 0.2, 0.2, 0.2, 0.2]"
5822,725.6341688123985,826687.1364934497,"[0.2, 0.2, 0.2, 0.2, 0.2]"
5823,469.53387856025716,365009.2599139444,"[0.2, 0.2, 0.2, 0.2, 0.2]"
5824,199.82853964800532,216567.99766040835,"[0.2, 0.2, 0.2, 0.2, 0.2]"
5825,777.5091720456209,883453.3240333213,"[0.2, 0.2, 0.2, 0.2, 0.2]"
5826,713.8727727879999,802854.8916368784,"[0.2, 0.2, 0.2, 0.2, 0.2]"
5827,494.72494473208627,472613.8778552312,"[0.2, 0.2, 0.2, 0.2, 0.2]"
5828,704.1708047549924,109111.03842033875,"[0.2, 0.2, 0.2, 0.2, 0.2]"
5829,929.1240714941142,189228.045732898,"[0.2, 0.2, 0.2, 0.2, 0.2]"
5830,466.76180766577653,750217.3618318196,"[0.2, 0.2, 0.2, 0.2, 0.2]"
5831,848.163933238913,890654.5552669237,"[0.2, 0.2, 0.2, 0.2, 0.2]"
5832,498.7082164353832,998253.1403225863,"[0.2, 0.2, 0.2, 0.2, 0.2]"
5833,799.6097945697985,709054.0201357014,"[0.2, 0.2, 0.2, 0.2, 0.2]"
5834,32.11929756961593,370604.7770520271,"[0.2, 0.2, 0.2, 0.2, 0.2]"
5835,573.5592992778302,661747.1915442509,"[0.2, 0.2, 0.2, 0.2, 0.2]"
5836,729.4919760294301,590415.3586027361,"[0.2, 0.2, 0.2, 0.2, 0.2]"
5837,72.96905775217806,472698.4808057948,"[0.2, 0.2, 0.2, 0.2, 0.2]"
5838,122.29923326893412,999895.6818362367,"[0.2, 0.2, 0.2, 0.2, 0.2]"
5839,811.6438192597558,640799.4789032938,"[0.2, 0.2, 0.2, 0.2, 0.2]"
5840,835.0787158885657,910405.9244966068,"[0.2, 0.2, 0.2, 0.2, 0.2]"
5841,718.5213267632621,419796.69100738945,"[0.2, 0.2, 0.2, 0.2, 0.2]"
5842,999.4193632588359,811240.0046866335,"[0.2, 0.2, 0.2, 0.2, 0.2]"
5843,957.4173792737923,598697.0176636314,"[0.2, 0.2, 0.2, 0.2, 0.2]"
5844,653.9540197738163,299676.9691522288,"[0.2, 0.2, 0.2, 0.2, 0.2]"
5845,583.571927783578,339800.7271649574,"[0.2, 0.2, 0.2, 0.2, 0.2]"
5846,745.5326617984464,963115.591127547,"[0.2, 0.2, 0.2, 0.2, 0.2]"
5847,974.688152218762,701749.5566247357,"[0.2, 0.2, 0.2, 0.2, 0.2]"
5848,893.2935747068491,606481.116337326,"[0.2, 0.2, 0.2, 0.2, 0.2]"
5849,570.4929891910303,487557.57199379033,"[0.2, 0.2, 0.2, 0.2, 0.2]"
5850,237.78809018106148,763467.6279970814,"[0.2, 0.2, 0.2, 0.2, 0.2]"
5851,63.271655894156886,387423.6642751977,"[0.2, 0.2, 0.2, 0.2, 0.2]"
5852,327.82604234573984,212201.35264847855,"[0.2, 0.2, 0.2, 0.2, 0.2]"
5853,803.7203848334063,228931.916373869,"[0.2, 0.2, 0.2, 0.2, 0.2]"
5854,599.3825589498402,366967.11476339074,"[0.2, 0.2, 0.2, 0.2, 0.2]"
5855,568.344601385288,388888.68116444093,"[0.2, 0.2, 0.2, 0.2, 0.2]"
5856,288.2226699675092,921072.3451410555,"[0.2, 0.2, 0.2, 0.2, 0.2]"
5857,148.36942504002323,624162.6794417322,"[0.2, 0.2, 0.2, 0.2, 0.2]"
5858,156.86327183352748,865020.9169559081,"[0.2, 0.2, 0.2, 0.2, 0.2]"
5859,92.60247421526985,408932.55387142574,"[0.2, 0.2, 0.2, 0.2, 0.2]"
5860,274.73837101980195,864860.1324279653,"[0.2, 0.2, 0.2, 0.2, 0.2]"
5861,802.9176654269594,452530.6332021255,"[0.2, 0.2, 0.2, 0.2, 0.2]"
5862,624.7365033814822,292614.10447969753,"[0.2, 0.2, 0.2, 0.2, 0.2]"
5863,869.5015765404588,974904.7270399125,"[0.2, 0.2, 0.2, 0.2, 0.2]"
5864,150.45929641770928,836427.2393080342,"[0.2, 0.2, 0.2, 0.2, 0.2]"
5865,733.6984586320942,283415.6886239827,"[0.2, 0.2, 0.2, 0.2, 0.2]"
5866,756.5382198756414,350392.4114462074,"[0.2, 0.2, 0.2, 0.2, 0.2]"
5867,564.0148905944054,586942.4775598017,"[0.2, 0.2, 0.2, 0.2, 0.2]"
5868,465.4032961448563,512681.6144066937,"[0.2, 0.2, 0.2, 0.2, 0.2]"
5869,223.77082991392598,788925.476027366,"[0.2, 0.2, 0.2, 0.2, 0.2]"
5870,337.4956480554807,574586.5361171891,"[0.2, 0.2, 0.2, 0.2, 0.2]"
5871,137.8225306332455,172971.84614330414,"[0.2, 0.2, 0.2, 0.2, 0.2]"
5872,575.1956460492208,736598.3437850564,"[0.2, 0.2, 0.2, 0.2, 0.2]"
5873,215.8813213364808,436501.71381540626,"[0.2, 0.2, 0.2, 0.2, 0.2]"
5874,660.8316214254118,259622.7442108319,"[0.2, 0.2, 0.2, 0.2, 0.2]"
5875,150.24127746901846,697453.7535887964,"[0.2, 0.2, 0.2, 0.2, 0.2]"
5876,648.0065655424823,132389.3963161944,"[0.2, 0.2, 0.2, 0.2, 0.2]"
5877,988.0466589655379,907441.1808392067,"[0.2, 0.2, 0.2, 0.2, 0.2]"
5878,70.15468547004164,861362.5447082896,"[0.2, 0.2, 0.2, 0.2, 0.2]"
5879,403.48372147138036,908406.6197522447,"[0.2, 0.2, 0.2, 0.2, 0.2]"
5880,638.9142955032726,776283.7118507195,"[0.2, 0.2, 0.2, 0.2, 0.2]"
5881,357.3442805660442,274219.4331497676,"[0.2, 0.2, 0.2, 0.2, 0.2]"
5882,641.6212676704853,691155.6407326233,"[0.2, 0.2, 0.2, 0.2, 0.2]"
5883,699.6887889514342,154804.40663894723,"[0.2, 0.2, 0.2, 0.2, 0.2]"
5884,689.6393550140856,765354.1630152346,"[0.2, 0.2, 0.2, 0.2, 0.2]"
5885,658.8653748314242,254498.41350467346,"[0.2, 0.2, 0.2, 0.2, 0.2]"
5886,916.9412370182098,366410.2153104335,"[0.2, 0.2, 0.2, 0.2, 0.2]"
5887,507.5587816286565,960282.7456449905,"[0.2, 0.2, 0.2, 0.2, 0.2]"
5888,189.91202222116067,193914.41748209426,"[0.2, 0.2, 0.2, 0.2, 0.2]"
5889,963.5209599050847,609125.11709536,"[0.2, 0.2, 0.2, 0.2, 0.2]"
5890,593.7985541461228,791642.510808749,"[0.2, 0.2, 0.2, 0.2, 0.2]"
5891,58.66023536473024,621862.0421413898,"[0.2, 0.2, 0.2, 0.2, 0.2]"
5892,351.69382542910483,687190.438930255,"[0.2, 0.2, 0.2, 0.2, 0.2]"
5893,691.0255754261323,216532.0415262065,"[0.2, 0.2, 0.2, 0.2, 0.2]"
5894,640.7504773669983,523334.7742621665,"[0.2, 0.2, 0.2, 0.2, 0.2]"
5895,960.2403000155298,241096.4852558357,"[0.2, 0.2, 0.2, 0.2, 0.2]"
5896,938.3677430476754,425614.89321099006,"[0.2, 0.2, 0.2, 0.2, 0.2]"
5897,411.8539012852895,874193.7471322217,"[0.2, 0.2, 0.2, 0.2, 0.2]"
5898,708.1674444105178,343042.1670082654,"[0.2, 0.2, 0.2, 0.2, 0.2]"
5899,161.16339993067848,877401.2213947636,"[0.2, 0.2, 0.2, 0.2, 0.2]"
5900,835.8931128360913,714592.8391325955,"[0.2, 0.2, 0.2, 0.2, 0.2]"
5901,142.05944895721146,452579.3095840451,"[0.2, 0.2, 0.2, 0.2, 0.2]"
5902,909.7149499006463,700300.1755275736,"[0.2, 0.2, 0.2, 0.2, 0.2]"
5903,764.5501599757808,633524.4880881459,"[0.2, 0.2, 0.2, 0.2, 0.2]"
5904,840.9922959597745,656156.8256713477,"[0.2, 0.2, 0.2, 0.2, 0.2]"
5905,981.5567763788312,864722.6300664982,"[0.2, 0.2, 0.2, 0.2, 0.2]"
5906,449.1927339017574,706526.1992217768,"[0.2, 0.2, 0.2, 0.2, 0.2]"
5907,994.1857640076947,806952.9992862685,"[0.2, 0.2, 0.2, 0.2, 0.2]"
5908,898.9969734628876,909148.926169212,"[0.2, 0.2, 0.2, 0.2, 0.2]"
5909,826.7306592080694,435407.91529677174,"[0.2, 0.2, 0.2, 0.2, 0.2]"
5910,161.94968261625476,933973.2007602041,"[0.2, 0.2, 0.2, 0.2, 0.2]"
5911,646.9756105606365,102005.37595724118,"[0.2, 0.2, 0.2, 0.2, 0.2]"
5912,480.7328176823314,790227.7459902179,"[0.2, 0.2, 0.2, 0.2, 0.2]"
5913,504.6212249999279,106389.25073060177,"[0.2, 0.2, 0.2, 0.2, 0.2]"
5914,42.75397039728931,376024.2841620626,"[0.2, 0.2, 0.2, 0.2, 0.2]"
5915,125.5020156622787,834652.2259891821,"[0.2, 0.2, 0.2, 0.2, 0.2]"
5916,72.45472143380749,838748.2591196611,"[0.2, 0.2, 0.2, 0.2, 0.2]"
5917,976.0605010597293,901550.8394934607,"[0.2, 0.2, 0.2, 0.2, 0.2]"
5918,429.58106180649014,453990.32410145417,"[0.2, 0.2, 0.2, 0.2, 0.2]"
5919,807.0821624668866,662360.783489747,"[0.2, 0.2, 0.2, 0.2, 0.2]"
5920,808.9202504443888,224819.18557410475,"[0.2, 0.2, 0.2, 0.2, 0.2]"
5921,60.662982475530136,963866.7475944809,"[0.2, 0.2, 0.2, 0.2, 0.2]"
5922,809.0539062151267,213679.88189378203,"[0.2, 0.2, 0.2, 0.2, 0.2]"
5923,18.858727837106564,127740.55484238692,"[0.2, 0.2, 0.2, 0.2, 0.2]"
5924,111.34466978303962,808894.4780620497,"[0.2, 0.2, 0.2, 0.2, 0.2]"
5925,354.7801373327617,636275.3625107829,"[0.2, 0.2, 0.2, 0.2, 0.2]"
5926,570.7183005709056,300395.82984871743,"[0.2, 0.2, 0.2, 0.2, 0.2]"
5927,648.9668152267384,288783.0470758127,"[0.2, 0.2, 0.2, 0.2, 0.2]"
5928,55.3632362825658,840602.3260498199,"[0.2, 0.2, 0.2, 0.2, 0.2]"
5929,385.1248063251517,179242.96940686833,"[0.2, 0.2, 0.2, 0.2, 0.2]"
5930,259.9181341040886,688597.790908657,"[0.2, 0.2, 0.2, 0.2, 0.2]"
5931,238.02454294052825,733219.0958955984,"[0.2, 0.2, 0.2, 0.2, 0.2]"
5932,311.33154326323563,180855.032852671,"[0.2, 0.2, 0.2, 0.2, 0.2]"
5933,649.2619673932484,463002.055792529,"[0.2, 0.2, 0.2, 0.2, 0.2]"
5934,983.9036652403546,482201.36045809695,"[0.2, 0.2, 0.2, 0.2, 0.2]"
5935,84.78079368929046,534155.6770339936,"[0.2, 0.2, 0.2, 0.2, 0.2]"
5936,31.78993755067692,710370.0268923129,"[0.2, 0.2, 0.2, 0.2, 0.2]"
5937,939.8489470017494,499038.07433436293,"[0.2, 0.2, 0.2, 0.2, 0.2]"
5938,194.78013995557217,671559.2427694451,"[0.2, 0.2, 0.2, 0.2, 0.2]"
5939,155.96140147388886,694282.2307703076,"[0.2, 0.2, 0.2, 0.2, 0.2]"
5940,836.7412506287154,469297.92622241407,"[0.2, 0.2, 0.2, 0.2, 0.2]"
5941,558.1108864193386,260350.85799188397,"[0.2, 0.2, 0.2, 0.2, 0.2]"
5942,978.5945291887047,431945.5601202347,"[0.2, 0.2, 0.2, 0.2, 0.2]"
5943,429.6646733240206,507163.2469543582,"[0.2, 0.2, 0.2, 0.2, 0.2]"
5944,56.689041378896164,411789.83651233575,"[0.2, 0.2, 0.2, 0.2, 0.2]"
5945,813.3203800654838,888815.5586776313,"[0.2, 0.2, 0.2, 0.2, 0.2]"
5946,653.7326207344273,180637.91056867124,"[0.2, 0.2, 0.2, 0.2, 0.2]"
5947,757.9697173389899,164930.0900296073,"[0.2, 0.2, 0.2, 0.2, 0.2]"
5948,809.8823613116332,752427.8629394065,"[0.2, 0.2, 0.2, 0.2, 0.2]"
5949,217.52674374276327,640453.6745502196,"[0.2, 0.2, 0.2, 0.2, 0.2]"
5950,831.0151609956844,539439.7737203367,"[0.2, 0.2, 0.2, 0.2, 0.2]"
5951,504.2784654030081,824325.2474946764,"[0.2, 0.2, 0.2, 0.2, 0.2]"
5952,850.6925599434454,573451.5459723764,"[0.2, 0.2, 0.2, 0.2, 0.2]"
5953,158.26966148839864,135395.11735588088,"[0.2, 0.2, 0.2, 0.2, 0.2]"
5954,11.826010707506054,984935.2332456305,"[0.2, 0.2, 0.2, 0.2, 0.2]"
5955,647.9287363396363,121110.87130898966,"[0.2, 0.2, 0.2, 0.2, 0.2]"
5956,242.39410225207283,563569.163974528,"[0.2, 0.2, 0.2, 0.2, 0.2]"
5957,334.6945672412238,257911.4038337326,"[0.2, 0.2, 0.2, 0.2, 0.2]"
5958,785.7233220386004,888611.0862716719,"[0.2, 0.2, 0.2, 0.2, 0.2]"
5959,141.2587262888402,623322.2967601842,"[0.2, 0.2, 0.2, 0.2, 0.2]"
5960,107.14639700928109,875337.6516427975,"[0.2, 0.2, 0.2, 0.2, 0.2]"
5961,598.8722651356603,669574.5502160948,"[0.2, 0.2, 0.2, 0.2, 0.2]"
5962,49.39625434862422,810174.8223623949,"[0.2, 0.2, 0.2, 0.2, 0.2]"
5963,362.4252855740799,929117.9196054373,"[0.2, 0.2, 0.2, 0.2, 0.2]"
5964,432.5423059680407,978717.1319416779,"[0.2, 0.2, 0.2, 0.2, 0.2]"
5965,984.4329301288471,550759.4893978968,"[0.2, 0.2, 0.2, 0.2, 0.2]"
5966,672.2972128703639,803830.955622771,"[0.2, 0.2, 0.2, 0.2, 0.2]"
5967,259.53933528163213,621253.3268149854,"[0.2, 0.2, 0.2, 0.2, 0.2]"
5968,705.5040547575866,748948.2268158047,"[0.2, 0.2, 0.2, 0.2, 0.2]"
5969,793.4570959162273,315366.5876013943,"[0.2, 0.2, 0.2, 0.2, 0.2]"
5970,159.2712707557458,571642.8343154811,"[0.2, 0.2, 0.2, 0.2, 0.2]"
5971,906.175495098849,230714.08923107295,"[0.2, 0.2, 0.2, 0.2, 0.2]"
5972,663.8782701260648,396622.3555525131,"[0.2, 0.2, 0.2, 0.2, 0.2]"
5973,676.4670492418732,912011.8414247633,"[0.2, 0.2, 0.2, 0.2, 0.2]"
5974,856.0905944581707,108531.23275259433,"[0.2, 0.2, 0.2, 0.2, 0.2]"
5975,237.4884856050507,617826.0047167335,"[0.2, 0.2, 0.2, 0.2, 0.2]"
5976,253.90412143189536,612202.194488605,"[0.2, 0.2, 0.2, 0.2, 0.2]"
5977,706.7112324078334,344538.39620733156,"[0.2, 0.2, 0.2, 0.2, 0.2]"
5978,225.01710136987484,824583.0339459274,"[0.2, 0.2, 0.2, 0.2, 0.2]"
5979,312.768188520559,146895.21976886695,"[0.2, 0.2, 0.2, 0.2, 0.2]"
5980,663.091269222354,923780.2563463642,"[0.2, 0.2, 0.2, 0.2, 0.2]"
5981,965.9626909589549,620869.0039057237,"[0.2, 0.2, 0.2, 0.2, 0.2]"
5982,702.2530850245222,607670.7401618413,"[0.2, 0.2, 0.2, 0.2, 0.2]"
5983,961.4679229560803,924173.6583234927,"[0.2, 0.2, 0.2, 0.2, 0.2]"
5984,22.879718338790973,625151.5559281664,"[0.2, 0.2, 0.2, 0.2, 0.2]"
5985,905.5847425949829,547682.2590618203,"[0.2, 0.2, 0.2, 0.2, 0.2]"
5986,840.8364632530556,484354.7882604507,"[0.2, 0.2, 0.2, 0.2, 0.2]"
5987,130.519191771378,111384.84676685667,"[0.2, 0.2, 0.2, 0.2, 0.2]"
5988,631.5151789987796,925773.5807129066,"[0.2, 0.2, 0.2, 0.2, 0.2]"
5989,634.0755137043016,579447.3509027786,"[0.2, 0.2, 0.2, 0.2, 0.2]"
5990,196.00677896321392,909313.3509109537,"[0.2, 0.2, 0.2, 0.2, 0.2]"
5991,805.059372852762,965077.0342736392,"[0.2, 0.2, 0.2, 0.2, 0.2]"
5992,531.1882058004796,676065.8347019411,"[0.2, 0.2, 0.2, 0.2, 0.2]"
5993,827.6670152333222,423252.13582943607,"[0.2, 0.2, 0.2, 0.2, 0.2]"
5994,378.5924872933069,823592.0786407266,"[0.2, 0.2, 0.2, 0.2, 0.2]"
5995,450.76983205899,901963.3498273687,"[0.2, 0.2, 0.2, 0.2, 0.2]"
5996,945.6894202445085,647357.6742553182,"[0.2, 0.2, 0.2, 0.2, 0.2]"
5997,696.5573284556333,648082.40760173,"[0.2, 0.2, 0.2, 0.2, 0.2]"
5998,107.97706533725693,846300.5392661705,"[0.2, 0.2, 0.2, 0.2, 0.2]"
5999,261.9290559498743,666377.8976319642,"[0.2, 0.2, 0.2, 0.2, 0.2]"
6000,982.536758716252,258687.11651942832,"[0.2, 0.2, 0.2, 0.2, 0.2]"
6001,953.3097271765611,330990.55440541735,"[0.2, 0.2, 0.2, 0.2, 0.2]"
6002,237.10068366904156,329856.59907944023,"[0.2, 0.2, 0.2, 0.2, 0.2]"
6003,823.9693811727672,235839.29789681104,"[0.2, 0.2, 0.2, 0.2, 0.2]"
6004,573.8089948779668,641799.1470184907,"[0.2, 0.2, 0.2, 0.2, 0.2]"
6005,385.7856715187097,808345.0001765563,"[0.2, 0.2, 0.2, 0.2, 0.2]"
6006,632.3855434895714,147349.4669427659,"[0.2, 0.2, 0.2, 0.2, 0.2]"
6007,432.2700734913612,779700.0899704645,"[0.2, 0.2, 0.2, 0.2, 0.2]"
6008,589.8000895427413,694876.1434514207,"[0.2, 0.2, 0.2, 0.2, 0.2]"
6009,560.1553422972127,202445.2145970133,"[0.2, 0.2, 0.2, 0.2, 0.2]"
6010,106.80560071022245,371515.09021391004,"[0.2, 0.2, 0.2, 0.2, 0.2]"
6011,758.3574811609684,708857.3629955743,"[0.2, 0.2, 0.2, 0.2, 0.2]"
6012,425.59675824002034,707810.6137950375,"[0.2, 0.2, 0.2, 0.2, 0.2]"
6013,815.0236130688232,797644.3007471592,"[0.2, 0.2, 0.2, 0.2, 0.2]"
6014,980.0399294142223,229396.95353346708,"[0.2, 0.2, 0.2, 0.2, 0.2]"
6015,579.2373108555179,535967.6319803481,"[0.2, 0.2, 0.2, 0.2, 0.2]"
6016,496.4512480063219,716137.5565719389,"[0.2, 0.2, 0.2, 0.2, 0.2]"
6017,304.31433613485547,375488.70293296187,"[0.2, 0.2, 0.2, 0.2, 0.2]"
6018,405.7562742028672,841751.8398305979,"[0.2, 0.2, 0.2, 0.2, 0.2]"
6019,493.7473150386823,674391.7777751999,"[0.2, 0.2, 0.2, 0.2, 0.2]"
6020,703.5454102839415,212372.49906730576,"[0.2, 0.2, 0.2, 0.2, 0.2]"
6021,174.91063142824703,142488.4857121045,"[0.2, 0.2, 0.2, 0.2, 0.2]"
6022,671.3867625725563,930876.751553926,"[0.2, 0.2, 0.2, 0.2, 0.2]"
6023,972.368704551215,433631.49997639743,"[0.2, 0.2, 0.2, 0.2, 0.2]"
6024,112.58831869504222,407431.51872904116,"[0.2, 0.2, 0.2, 0.2, 0.2]"
6025,476.8072906180424,554636.4974604328,"[0.2, 0.2, 0.2, 0.2, 0.2]"
6026,487.2784672356782,811332.3364173142,"[0.2, 0.2, 0.2, 0.2, 0.2]"
6027,506.1706517883228,739439.8084452553,"[0.2, 0.2, 0.2, 0.2, 0.2]"
6028,730.0057228440725,305183.93990787223,"[0.2, 0.2, 0.2, 0.2, 0.2]"
6029,966.2646355777146,284949.88035355695,"[0.2, 0.2, 0.2, 0.2, 0.2]"
6030,278.504081766098,384552.7660412834,"[0.2, 0.2, 0.2, 0.2, 0.2]"
6031,868.8910700433217,262018.67276414376,"[0.2, 0.2, 0.2, 0.2, 0.2]"
6032,529.6448788089809,711281.8505628434,"[0.2, 0.2, 0.2, 0.2, 0.2]"
6033,627.4812674602182,528376.347245059,"[0.2, 0.2, 0.2, 0.2, 0.2]"
6034,378.00557383673794,506741.4369863165,"[0.2, 0.2, 0.2, 0.2, 0.2]"
6035,19.02051405351685,330256.09138786176,"[0.2, 0.2, 0.2, 0.2, 0.2]"
6036,327.2819888543746,809647.0570512636,"[0.2, 0.2, 0.2, 0.2, 0.2]"
6037,856.8992077992439,969161.8513601057,"[0.2, 0.2, 0.2, 0.2, 0.2]"
6038,59.707795717124405,671610.9837204616,"[0.2, 0.2, 0.2, 0.2, 0.2]"
6039,608.8301635024189,396680.9344010322,"[0.2, 0.2, 0.2, 0.2, 0.2]"
6040,417.3468988308045,492181.1501725889,"[0.2, 0.2, 0.2, 0.2, 0.2]"
6041,414.7311386267322,799931.2459418772,"[0.2, 0.2, 0.2, 0.2, 0.2]"
6042,379.3573421038696,786000.4159708081,"[0.2, 0.2, 0.2, 0.2, 0.2]"
6043,723.5262710439374,902944.0494436393,"[0.2, 0.2, 0.2, 0.2, 0.2]"
6044,178.30362718144497,820452.982965978,"[0.2, 0.2, 0.2, 0.2, 0.2]"
6045,991.4637195498418,633664.6961223157,"[0.2, 0.2, 0.2, 0.2, 0.2]"
6046,159.77514311754518,621962.397740804,"[0.2, 0.2, 0.2, 0.2, 0.2]"
6047,304.7237735320589,298110.79742734454,"[0.2, 0.2, 0.2, 0.2, 0.2]"
6048,822.335357657831,607791.6967602507,"[0.2, 0.2, 0.2, 0.2, 0.2]"
6049,515.9021419560897,863643.0398554872,"[0.2, 0.2, 0.2, 0.2, 0.2]"
6050,734.5269606825894,474123.68163561105,"[0.2, 0.2, 0.2, 0.2, 0.2]"
6051,383.74116978279164,550524.8249302509,"[0.2, 0.2, 0.2, 0.2, 0.2]"
6052,439.6433596812275,767640.1705360309,"[0.2, 0.2, 0.2, 0.2, 0.2]"
6053,691.9467458497601,221796.6852047377,"[0.2, 0.2, 0.2, 0.2, 0.2]"
6054,411.2858109579159,511046.5779935587,"[0.2, 0.2, 0.2, 0.2, 0.2]"
6055,227.91999099950516,675023.7052401063,"[0.2, 0.2, 0.2, 0.2, 0.2]"
6056,893.9544024643355,261125.51324829727,"[0.2, 0.2, 0.2, 0.2, 0.2]"
6057,503.0570655156058,929626.8493654762,"[0.2, 0.2, 0.2, 0.2, 0.2]"
6058,441.73953084898625,116821.24851975826,"[0.2, 0.2, 0.2, 0.2, 0.2]"
6059,222.28762610407423,949224.1747219224,"[0.2, 0.2, 0.2, 0.2, 0.2]"
6060,22.414591885206008,325393.1232946898,"[0.2, 0.2, 0.2, 0.2, 0.2]"
6061,365.3993895057134,255274.77491121614,"[0.2, 0.2, 0.2, 0.2, 0.2]"
6062,733.2893454885648,109169.0965076474,"[0.2, 0.2, 0.2, 0.2, 0.2]"
6063,307.0046270305959,762042.7439362633,"[0.2, 0.2, 0.2, 0.2, 0.2]"
6064,402.68693612628346,223796.5743260454,"[0.2, 0.2, 0.2, 0.2, 0.2]"
6065,805.7488840254679,556815.3679694491,"[0.2, 0.2, 0.2, 0.2, 0.2]"
6066,294.6542210934412,378667.39947338006,"[0.2, 0.2, 0.2, 0.2, 0.2]"
6067,489.35973135062454,754550.2794622551,"[0.2, 0.2, 0.2, 0.2, 0.2]"
6068,167.57934650794041,852279.9612768394,"[0.2, 0.2, 0.2, 0.2, 0.2]"
6069,57.93523946939414,146878.41507111513,"[0.2, 0.2, 0.2, 0.2, 0.2]"
6070,362.6356759789765,964894.1856983287,"[0.2, 0.2, 0.2, 0.2, 0.2]"
6071,665.2743374767903,512718.721559765,"[0.2, 0.2, 0.2, 0.2, 0.2]"
6072,619.2708256231555,459859.9039552722,"[0.2, 0.2, 0.2, 0.2, 0.2]"
6073,632.902026287227,606359.8141525656,"[0.2, 0.2, 0.2, 0.2, 0.2]"
6074,634.3908276507369,191692.4594025159,"[0.2, 0.2, 0.2, 0.2, 0.2]"
6075,793.4800604024819,198235.22785448915,"[0.2, 0.2, 0.2, 0.2, 0.2]"
6076,885.1029883754074,511743.3677169681,"[0.2, 0.2, 0.2, 0.2, 0.2]"
6077,678.1096910741403,602728.0043234923,"[0.2, 0.2, 0.2, 0.2, 0.2]"
6078,736.0592032325219,442988.8868989402,"[0.2, 0.2, 0.2, 0.2, 0.2]"
6079,664.8846188924321,880300.9219167746,"[0.2, 0.2, 0.2, 0.2, 0.2]"
6080,112.71046652040008,715059.6353697686,"[0.2, 0.2, 0.2, 0.2, 0.2]"
6081,966.7966574545957,939011.7414945347,"[0.2, 0.2, 0.2, 0.2, 0.2]"
6082,807.094109687605,307260.54555589426,"[0.2, 0.2, 0.2, 0.2, 0.2]"
6083,209.65282094929893,665451.5711322167,"[0.2, 0.2, 0.2, 0.2, 0.2]"
6084,377.207125934055,504799.57508987136,"[0.2, 0.2, 0.2, 0.2, 0.2]"
6085,926.8337523128866,991659.3393004275,"[0.2, 0.2, 0.2, 0.2, 0.2]"
6086,929.684778521907,336890.4882959712,"[0.2, 0.2, 0.2, 0.2, 0.2]"
6087,554.5157614789921,666564.7846503461,"[0.2, 0.2, 0.2, 0.2, 0.2]"
6088,996.0393929554208,557653.6784559794,"[0.2, 0.2, 0.2, 0.2, 0.2]"
6089,357.79474836019295,176735.45655262042,"[0.2, 0.2, 0.2, 0.2, 0.2]"
6090,11.118840119696511,991236.3449360026,"[0.2, 0.2, 0.2, 0.2, 0.2]"
6091,524.3905297983737,621483.5958865287,"[0.2, 0.2, 0.2, 0.2, 0.2]"
6092,371.42401559413366,957822.2797054801,"[0.2, 0.2, 0.2, 0.2, 0.2]"
6093,936.7285107990881,535768.6500947832,"[0.2, 0.2, 0.2, 0.2, 0.2]"
6094,773.9607310020662,534708.5503536838,"[0.2, 0.2, 0.2, 0.2, 0.2]"
6095,360.82301715522516,548939.9119636328,"[0.2, 0.2, 0.2, 0.2, 0.2]"
6096,818.2803892227355,504737.21524018614,"[0.2, 0.2, 0.2, 0.2, 0.2]"
6097,143.49227450134015,973973.7338301565,"[0.2, 0.2, 0.2, 0.2, 0.2]"
6098,781.2748576337788,502403.1584080928,"[0.2, 0.2, 0.2, 0.2, 0.2]"
6099,89.71748783096331,751998.9414499329,"[0.2, 0.2, 0.2, 0.2, 0.2]"
6100,48.635496020858454,140282.4922585691,"[0.2, 0.2, 0.2, 0.2, 0.2]"
6101,895.4054587741736,847341.476408756,"[0.2, 0.2, 0.2, 0.2, 0.2]"
6102,775.9262642493447,337236.9001591004,"[0.2, 0.2, 0.2, 0.2, 0.2]"
6103,656.0915873612767,808868.2258189258,"[0.2, 0.2, 0.2, 0.2, 0.2]"
6104,742.4738070140684,264059.1947487581,"[0.2, 0.2, 0.2, 0.2, 0.2]"
6105,677.4699669528467,307594.93340755324,"[0.2, 0.2, 0.2, 0.2, 0.2]"
6106,263.25941933137966,741870.9909624709,"[0.2, 0.2, 0.2, 0.2, 0.2]"
6107,940.4612838453762,336632.9085365019,"[0.2, 0.2, 0.2, 0.2, 0.2]"
6108,25.053041056439003,182854.72990032262,"[0.2, 0.2, 0.2, 0.2, 0.2]"
6109,422.6955124100755,583445.3754640757,"[0.2, 0.2, 0.2, 0.2, 0.2]"
6110,971.6519984967933,376289.47455141094,"[0.2, 0.2, 0.2, 0.2, 0.2]"
6111,924.6235886425437,375729.2538016892,"[0.2, 0.2, 0.2, 0.2, 0.2]"
6112,877.6488145054842,176306.83434698818,"[0.2, 0.2, 0.2, 0.2, 0.2]"
6113,472.614319152909,303805.344955978,"[0.2, 0.2, 0.2, 0.2, 0.2]"
6114,598.2952698749743,826966.8705382245,"[0.2, 0.2, 0.2, 0.2, 0.2]"
6115,278.9576882974026,160814.79031041914,"[0.2, 0.2, 0.2, 0.2, 0.2]"
6116,284.93708701900044,860522.3159437702,"[0.2, 0.2, 0.2, 0.2, 0.2]"
6117,222.1748040134982,763773.1217592802,"[0.2, 0.2, 0.2, 0.2, 0.2]"
6118,241.45796835790392,191012.9901056449,"[0.2, 0.2, 0.2, 0.2, 0.2]"
6119,719.8567425793761,443456.8043515514,"[0.2, 0.2, 0.2, 0.2, 0.2]"
6120,124.14493311821262,265081.2903592618,"[0.2, 0.2, 0.2, 0.2, 0.2]"
6121,233.08327162545123,256147.13806952778,"[0.2, 0.2, 0.2, 0.2, 0.2]"
6122,322.9103304895922,311008.85377246223,"[0.2, 0.2, 0.2, 0.2, 0.2]"
6123,913.233870345527,704159.3516407281,"[0.2, 0.2, 0.2, 0.2, 0.2]"
6124,635.7656868402843,438611.53131025797,"[0.2, 0.2, 0.2, 0.2, 0.2]"
6125,110.55481845464193,940589.1488243779,"[0.2, 0.2, 0.2, 0.2, 0.2]"
6126,965.1409542676905,550854.1776326769,"[0.2, 0.2, 0.2, 0.2, 0.2]"
6127,716.2006543546524,172235.38228033128,"[0.2, 0.2, 0.2, 0.2, 0.2]"
6128,695.2222107340497,901274.7377888956,"[0.2, 0.2, 0.2, 0.2, 0.2]"
6129,957.0813753107415,569712.0161181793,"[0.2, 0.2, 0.2, 0.2, 0.2]"
6130,912.8738485240037,368778.13434383407,"[0.2, 0.2, 0.2, 0.2, 0.2]"
6131,411.5758823536214,980611.810493572,"[0.2, 0.2, 0.2, 0.2, 0.2]"
6132,851.5164499996313,408704.0166402634,"[0.2, 0.2, 0.2, 0.2, 0.2]"
6133,30.047395846633158,683727.9053196908,"[0.2, 0.2, 0.2, 0.2, 0.2]"
6134,614.5237569043255,571679.3021022484,"[0.2, 0.2, 0.2, 0.2, 0.2]"
6135,333.15440094136983,650672.0536111785,"[0.2, 0.2, 0.2, 0.2, 0.2]"
6136,814.5676031233345,816761.9738528337,"[0.2, 0.2, 0.2, 0.2, 0.2]"
6137,306.7176919338796,772984.4445509664,"[0.2, 0.2, 0.2, 0.2, 0.2]"
6138,532.927257144253,191599.41382787333,"[0.2, 0.2, 0.2, 0.2, 0.2]"
6139,366.48611163621626,455505.72590939415,"[0.2, 0.2, 0.2, 0.2, 0.2]"
6140,421.5524183000288,448753.14645955386,"[0.2, 0.2, 0.2, 0.2, 0.2]"
6141,787.2769564198053,177731.99948845844,"[0.2, 0.2, 0.2, 0.2, 0.2]"
6142,948.704265823219,884734.5309280439,"[0.2, 0.2, 0.2, 0.2, 0.2]"
6143,352.22887160869055,923612.1456381876,"[0.2, 0.2, 0.2, 0.2, 0.2]"
6144,589.7148407987594,311396.4949336039,"[0.2, 0.2, 0.2, 0.2, 0.2]"
6145,240.4153775650669,415867.2115397561,"[0.2, 0.2, 0.2, 0.2, 0.2]"
6146,697.6175047988659,275975.9779587988,"[0.2, 0.2, 0.2, 0.2, 0.2]"
6147,895.9354002262928,901359.1512659843,"[0.2, 0.2, 0.2, 0.2, 0.2]"
6148,890.4746478842749,972488.0579901448,"[0.2, 0.2, 0.2, 0.2, 0.2]"
6149,160.70872345261188,793645.0136623183,"[0.2, 0.2, 0.2, 0.2, 0.2]"
6150,315.253016753087,926662.9404804833,"[0.2, 0.2, 0.2, 0.2, 0.2]"
6151,76.77058049437781,243315.44943900534,"[0.2, 0.2, 0.2, 0.2, 0.2]"
6152,316.33602672087176,652280.0697175426,"[0.2, 0.2, 0.2, 0.2, 0.2]"
6153,827.8848099040695,349037.0871075982,"[0.2, 0.2, 0.2, 0.2, 0.2]"
6154,345.6436209150593,572630.5576940032,"[0.2, 0.2, 0.2, 0.2, 0.2]"
6155,911.8375111816766,778783.3873033057,"[0.2, 0.2, 0.2, 0.2, 0.2]"
6156,39.08652860408286,181574.77224092983,"[0.2, 0.2, 0.2, 0.2, 0.2]"
6157,816.1535107456422,966913.1025584912,"[0.2, 0.2, 0.2, 0.2, 0.2]"
6158,795.9602612880893,888226.8560785871,"[0.2, 0.2, 0.2, 0.2, 0.2]"
6159,473.8292114383521,824090.6378698971,"[0.2, 0.2, 0.2, 0.2, 0.2]"
6160,17.755067993025285,316850.51101029734,"[0.2, 0.2, 0.2, 0.2, 0.2]"
6161,863.4356978829934,708763.1088260858,"[0.2, 0.2, 0.2, 0.2, 0.2]"
6162,223.74642458968117,555408.2163246544,"[0.2, 0.2, 0.2, 0.2, 0.2]"
6163,632.7360045372553,213096.25444477797,"[0.2, 0.2, 0.2, 0.2, 0.2]"
6164,106.5929469944458,965356.6354405527,"[0.2, 0.2, 0.2, 0.2, 0.2]"
6165,380.276062517254,453093.90797448414,"[0.2, 0.2, 0.2, 0.2, 0.2]"
6166,327.1794648524166,709002.7962369265,"[0.2, 0.2, 0.2, 0.2, 0.2]"
6167,189.87952342085316,365969.46074166213,"[0.2, 0.2, 0.2, 0.2, 0.2]"
6168,262.750642819879,809142.8940262314,"[0.2, 0.2, 0.2, 0.2, 0.2]"
6169,772.6316556680378,945231.9066074674,"[0.2, 0.2, 0.2, 0.2, 0.2]"
6170,163.38491716073932,221335.33771383791,"[0.2, 0.2, 0.2, 0.2, 0.2]"
6171,578.0337735803579,878680.5461205322,"[0.2, 0.2, 0.2, 0.2, 0.2]"
6172,776.9110476118266,643683.1701949082,"[0.2, 0.2, 0.2, 0.2, 0.2]"
6173,227.97653278914032,266113.1033671029,"[0.2, 0.2, 0.2, 0.2, 0.2]"
6174,191.8371366438608,190930.31313621212,"[0.2, 0.2, 0.2, 0.2, 0.2]"
6175,751.1632409496796,123027.85922333156,"[0.2, 0.2, 0.2, 0.2, 0.2]"
6176,534.6787736701725,398468.1008323384,"[0.2, 0.2, 0.2, 0.2, 0.2]"
6177,930.7435453528046,655237.6989864402,"[0.2, 0.2, 0.2, 0.2, 0.2]"
6178,964.5365506873461,993608.9574800573,"[0.2, 0.2, 0.2, 0.2, 0.2]"
6179,429.6514824662733,316238.617157189,"[0.2, 0.2, 0.2, 0.2, 0.2]"
6180,659.4497179771521,822516.6643159495,"[0.2, 0.2, 0.2, 0.2, 0.2]"
6181,309.6748797873892,108970.69708724873,"[0.2, 0.2, 0.2, 0.2, 0.2]"
6182,309.69421717452843,880913.112696739,"[0.2, 0.2, 0.2, 0.2, 0.2]"
6183,931.4357672354068,523053.53693253844,"[0.2, 0.2, 0.2, 0.2, 0.2]"
6184,330.0356355843341,911912.7577662385,"[0.2, 0.2, 0.2, 0.2, 0.2]"
6185,981.9595699441121,394538.9906863759,"[0.2, 0.2, 0.2, 0.2, 0.2]"
6186,984.7410028183249,304848.788450933,"[0.2, 0.2, 0.2, 0.2, 0.2]"
6187,639.2140383930649,570918.534699996,"[0.2, 0.2, 0.2, 0.2, 0.2]"
6188,286.15214101208153,395065.61553920386,"[0.2, 0.2, 0.2, 0.2, 0.2]"
6189,889.1346388661967,456209.6361049098,"[0.2, 0.2, 0.2, 0.2, 0.2]"
6190,10.224621388877281,145975.07392112893,"[0.2, 0.2, 0.2, 0.2, 0.2]"
6191,400.2701152207955,768590.4290554185,"[0.2, 0.2, 0.2, 0.2, 0.2]"
6192,73.92886715380925,114227.43513354327,"[0.2, 0.2, 0.2, 0.2, 0.2]"
6193,942.8380649676338,748792.3424633589,"[0.2, 0.2, 0.2, 0.2, 0.2]"
6194,424.22345254555165,211547.69883286802,"[0.2, 0.2, 0.2, 0.2, 0.2]"
6195,810.7319543740379,396663.1602785442,"[0.2, 0.2, 0.2, 0.2, 0.2]"
6196,895.8245259364079,685420.3991962625,"[0.2, 0.2, 0.2, 0.2, 0.2]"
6197,715.9763006420578,180581.93141440093,"[0.2, 0.2, 0.2, 0.2, 0.2]"
6198,993.5108038279554,193742.16683574033,"[0.2, 0.2, 0.2, 0.2, 0.2]"
6199,265.21401378305336,227740.04260738424,"[0.2, 0.2, 0.2, 0.2, 0.2]"
6200,195.99047471844787,378854.7108405636,"[0.2, 0.2, 0.2, 0.2, 0.2]"
6201,829.9009662319983,392835.8313823164,"[0.2, 0.2, 0.2, 0.2, 0.2]"
6202,309.9270294268416,948794.1371422446,"[0.2, 0.2, 0.2, 0.2, 0.2]"
6203,764.0103265517475,155898.54122441987,"[0.2, 0.2, 0.2, 0.2, 0.2]"
6204,689.2222851437258,983833.4683456427,"[0.2, 0.2, 0.2, 0.2, 0.2]"
6205,293.56079972904814,437200.9247820082,"[0.2, 0.2, 0.2, 0.2, 0.2]"
6206,775.8531588404492,591593.4640885463,"[0.2, 0.2, 0.2, 0.2, 0.2]"
6207,861.8217097323078,463739.19119478686,"[0.2, 0.2, 0.2, 0.2, 0.2]"
6208,618.1876730160709,288929.75317314314,"[0.2, 0.2, 0.2, 0.2, 0.2]"
6209,589.791025488647,799268.5890193931,"[0.2, 0.2, 0.2, 0.2, 0.2]"
6210,867.294537874311,416814.84819766786,"[0.2, 0.2, 0.2, 0.2, 0.2]"
6211,137.42046028687355,484489.2203116643,"[0.2, 0.2, 0.2, 0.2, 0.2]"
6212,715.6897125384041,459547.1462326047,"[0.2, 0.2, 0.2, 0.2, 0.2]"
6213,915.3555575229935,311231.82064076577,"[0.2, 0.2, 0.2, 0.2, 0.2]"
6214,614.4016760516165,983129.6552927367,"[0.2, 0.2, 0.2, 0.2, 0.2]"
6215,604.3795581644538,181975.1492978754,"[0.2, 0.2, 0.2, 0.2, 0.2]"
6216,992.9117986789025,972001.8578529047,"[0.2, 0.2, 0.2, 0.2, 0.2]"
6217,889.0479130033864,739853.4962840542,"[0.2, 0.2, 0.2, 0.2, 0.2]"
6218,461.73607735921564,825390.608311088,"[0.2, 0.2, 0.2, 0.2, 0.2]"
6219,275.2436253538186,606811.4105906897,"[0.2, 0.2, 0.2, 0.2, 0.2]"
6220,169.89485872370435,750401.9196882802,"[0.2, 0.2, 0.2, 0.2, 0.2]"
6221,659.9560505540363,445959.9179103835,"[0.2, 0.2, 0.2, 0.2, 0.2]"
6222,518.871978240981,827777.9674934634,"[0.2, 0.2, 0.2, 0.2, 0.2]"
6223,894.7644802512001,390448.33449909365,"[0.2, 0.2, 0.2, 0.2, 0.2]"
6224,404.60881007629536,632578.4516311754,"[0.2, 0.2, 0.2, 0.2, 0.2]"
6225,721.4322395365097,959323.754741809,"[0.2, 0.2, 0.2, 0.2, 0.2]"
6226,101.51536399477425,217642.00168222236,"[0.2, 0.2, 0.2, 0.2, 0.2]"
6227,597.7899417258225,390330.25956133567,"[0.2, 0.2, 0.2, 0.2, 0.2]"
6228,636.0212050429276,101643.83428775116,"[0.2, 0.2, 0.2, 0.2, 0.2]"
6229,359.134431772443,698449.8827840884,"[0.2, 0.2, 0.2, 0.2, 0.2]"
6230,758.1502819007977,421656.8838372104,"[0.2, 0.2, 0.2, 0.2, 0.2]"
6231,503.1465671435542,406641.24322380306,"[0.2, 0.2, 0.2, 0.2, 0.2]"
6232,574.6000375392116,794803.3721979109,"[0.2, 0.2, 0.2, 0.2, 0.2]"
6233,442.58604370063733,635218.5950696146,"[0.2, 0.2, 0.2, 0.2, 0.2]"
6234,275.0999208884686,889965.6854077167,"[0.2, 0.2, 0.2, 0.2, 0.2]"
6235,689.5135432802559,509673.63262216235,"[0.2, 0.2, 0.2, 0.2, 0.2]"
6236,506.56822094386706,732528.2113208757,"[0.2, 0.2, 0.2, 0.2, 0.2]"
6237,361.2404530860483,613056.2123698716,"[0.2, 0.2, 0.2, 0.2, 0.2]"
6238,935.5621025436052,247821.01181053664,"[0.2, 0.2, 0.2, 0.2, 0.2]"
6239,108.94101600278638,623415.0559344965,"[0.2, 0.2, 0.2, 0.2, 0.2]"
6240,735.9127036028711,822415.2826252134,"[0.2, 0.2, 0.2, 0.2, 0.2]"
6241,153.40553214532846,706303.240406955,"[0.2, 0.2, 0.2, 0.2, 0.2]"
6242,839.339732534268,498923.93510589964,"[0.2, 0.2, 0.2, 0.2, 0.2]"
6243,628.3101251686413,365809.33214526705,"[0.2, 0.2, 0.2, 0.2, 0.2]"
6244,291.34660316890063,902393.4659704812,"[0.2, 0.2, 0.2, 0.2, 0.2]"
6245,365.4017989723083,177087.78095291485,"[0.2, 0.2, 0.2, 0.2, 0.2]"
6246,161.39620332068324,115016.84413766093,"[0.2, 0.2, 0.2, 0.2, 0.2]"
6247,759.5508864217999,379336.33413546486,"[0.2, 0.2, 0.2, 0.2, 0.2]"
6248,861.9952297598941,662939.0078229473,"[0.2, 0.2, 0.2, 0.2, 0.2]"
6249,460.10796602937023,985878.205287951,"[0.2, 0.2, 0.2, 0.2, 0.2]"
6250,574.1720981722708,230189.8204762439,"[0.2, 0.2, 0.2, 0.2, 0.2]"
6251,96.32772998795826,972314.5377508019,"[0.2, 0.2, 0.2, 0.2, 0.2]"
6252,729.5354608350418,330822.2957168557,"[0.2, 0.2, 0.2, 0.2, 0.2]"
6253,630.1774233246001,348925.48389071063,"[0.2, 0.2, 0.2, 0.2, 0.2]"
6254,464.8481098482114,447894.0627223862,"[0.2, 0.2, 0.2, 0.2, 0.2]"
6255,392.65782093543226,325610.1816766658,"[0.2, 0.2, 0.2, 0.2, 0.2]"
6256,257.4586103055617,205597.976957154,"[0.2, 0.2, 0.2, 0.2, 0.2]"
6257,198.41087834859636,627592.1744280942,"[0.2, 0.2, 0.2, 0.2, 0.2]"
6258,403.7110035864724,323789.46843237337,"[0.2, 0.2, 0.2, 0.2, 0.2]"
6259,831.6833058030019,865220.7518317696,"[0.2, 0.2, 0.2, 0.2, 0.2]"
6260,264.59523843542706,157672.14563438788,"[0.2, 0.2, 0.2, 0.2, 0.2]"
6261,130.36331058935707,415838.92527409334,"[0.2, 0.2, 0.2, 0.2, 0.2]"
6262,524.5876584303481,840621.8333840253,"[0.2, 0.2, 0.2, 0.2, 0.2]"
6263,990.8805213472117,615825.069121561,"[0.2, 0.2, 0.2, 0.2, 0.2]"
6264,600.2525284715513,267021.61049471167,"[0.2, 0.2, 0.2, 0.2, 0.2]"
6265,349.1750967700693,765578.455590115,"[0.2, 0.2, 0.2, 0.2, 0.2]"
6266,643.4122431589462,220799.09945693042,"[0.2, 0.2, 0.2, 0.2, 0.2]"
6267,411.89419685555976,931128.9276877996,"[0.2, 0.2, 0.2, 0.2, 0.2]"
6268,293.3128067776328,685995.580338268,"[0.2, 0.2, 0.2, 0.2, 0.2]"
6269,343.8054627415141,895162.0775510668,"[0.2, 0.2, 0.2, 0.2, 0.2]"
6270,443.4610443543061,455844.7407986176,"[0.2, 0.2, 0.2, 0.2, 0.2]"
6271,241.14866437983622,859993.400760156,"[0.2, 0.2, 0.2, 0.2, 0.2]"
6272,752.0934177806013,578210.1664735441,"[0.2, 0.2, 0.2, 0.2, 0.2]"
6273,44.64023855846752,987365.472206112,"[0.2, 0.2, 0.2, 0.2, 0.2]"
6274,919.244253990303,170000.3111693883,"[0.2, 0.2, 0.2, 0.2, 0.2]"
6275,630.0954074873972,714508.7018707374,"[0.2, 0.2, 0.2, 0.2, 0.2]"
6276,583.1236401972102,986034.0361038189,"[0.2, 0.2, 0.2, 0.2, 0.2]"
6277,505.37535939233146,688294.0439690105,"[0.2, 0.2, 0.2, 0.2, 0.2]"
6278,911.0093380791274,154863.87212938102,"[0.2, 0.2, 0.2, 0.2, 0.2]"
6279,774.7536523787106,536182.1554713971,"[0.2, 0.2, 0.2, 0.2, 0.2]"
6280,975.1823085250437,289083.13734164106,"[0.2, 0.2, 0.2, 0.2, 0.2]"
6281,415.8570770474017,254169.45200484394,"[0.2, 0.2, 0.2, 0.2, 0.2]"
6282,521.6709763661947,870163.5200021355,"[0.2, 0.2, 0.2, 0.2, 0.2]"
6283,667.7537725256794,568072.5893186394,"[0.2, 0.2, 0.2, 0.2, 0.2]"
6284,250.4223109509048,702575.9506129446,"[0.2, 0.2, 0.2, 0.2, 0.2]"
6285,784.5099375016545,132190.4604717328,"[0.2, 0.2, 0.2, 0.2, 0.2]"
6286,979.2347964748584,452759.3972181744,"[0.2, 0.2, 0.2, 0.2, 0.2]"
6287,228.06187152347624,514520.8478070733,"[0.2, 0.2, 0.2, 0.2, 0.2]"
6288,882.1952599372354,259864.02682900665,"[0.2, 0.2, 0.2, 0.2, 0.2]"
6289,255.6411746962309,655064.5727165637,"[0.2, 0.2, 0.2, 0.2, 0.2]"
6290,734.4550016902338,738273.6402456211,"[0.2, 0.2, 0.2, 0.2, 0.2]"
6291,276.84704819940447,815846.7024782366,"[0.2, 0.2, 0.2, 0.2, 0.2]"
6292,880.5042537605724,563891.0209763423,"[0.2, 0.2, 0.2, 0.2, 0.2]"
6293,289.61471971512225,676668.2210878845,"[0.2, 0.2, 0.2, 0.2, 0.2]"
6294,265.04779246978495,484585.2290704659,"[0.2, 0.2, 0.2, 0.2, 0.2]"
6295,937.4559848542903,683587.2057768143,"[0.2, 0.2, 0.2, 0.2, 0.2]"
6296,636.5168150283826,898650.7268877145,"[0.2, 0.2, 0.2, 0.2, 0.2]"
6297,987.6111095346367,538466.1277026333,"[0.2, 0.2, 0.2, 0.2, 0.2]"
6298,64.75673575317862,313785.57030792383,"[0.2, 0.2, 0.2, 0.2, 0.2]"
6299,680.1332274518912,586351.782751439,"[0.2, 0.2, 0.2, 0.2, 0.2]"
6300,646.0600094978544,849230.4984442929,"[0.2, 0.2, 0.2, 0.2, 0.2]"
6301,888.5431557168832,228684.23396321462,"[0.2, 0.2, 0.2, 0.2, 0.2]"
6302,694.2797517200961,972607.0713551706,"[0.2, 0.2, 0.2, 0.2, 0.2]"
6303,936.3925249827176,166289.54872427584,"[0.2, 0.2, 0.2, 0.2, 0.2]"
6304,806.679550185449,540698.1147399422,"[0.2, 0.2, 0.2, 0.2, 0.2]"
6305,639.7091463566957,402025.9962969029,"[0.2, 0.2, 0.2, 0.2, 0.2]"
6306,250.5967152405529,162745.11958029785,"[0.2, 0.2, 0.2, 0.2, 0.2]"
6307,646.9894982965869,331684.1139984919,"[0.2, 0.2, 0.2, 0.2, 0.2]"
6308,22.240592659955453,801795.963168311,"[0.2, 0.2, 0.2, 0.2, 0.2]"
6309,109.98509356261627,376161.4626136787,"[0.2, 0.2, 0.2, 0.2, 0.2]"
6310,659.3530374077856,806978.66356783,"[0.2, 0.2, 0.2, 0.2, 0.2]"
6311,654.4270685656601,548074.5994937939,"[0.2, 0.2, 0.2, 0.2, 0.2]"
6312,531.9364811603468,520992.9286861906,"[0.2, 0.2, 0.2, 0.2, 0.2]"
6313,844.3966475122554,546206.6876085331,"[0.2, 0.2, 0.2, 0.2, 0.2]"
6314,222.2141475805785,471545.7491807284,"[0.2, 0.2, 0.2, 0.2, 0.2]"
6315,923.844772507977,199101.00447811774,"[0.2, 0.2, 0.2, 0.2, 0.2]"
6316,240.06077374111848,787798.5382722166,"[0.2, 0.2, 0.2, 0.2, 0.2]"
6317,199.06460348766234,677541.0157336929,"[0.2, 0.2, 0.2, 0.2, 0.2]"
6318,69.82751662120836,894620.0183537137,"[0.2, 0.2, 0.2, 0.2, 0.2]"
6319,667.2900833934174,589162.6863287552,"[0.2, 0.2, 0.2, 0.2, 0.2]"
6320,692.6621780546494,753338.6598358129,"[0.2, 0.2, 0.2, 0.2, 0.2]"
6321,322.6258434136205,710852.9152066885,"[0.2, 0.2, 0.2, 0.2, 0.2]"
6322,722.4289753685713,207649.6247207889,"[0.2, 0.2, 0.2, 0.2, 0.2]"
6323,542.2326126096889,114687.20706080929,"[0.2, 0.2, 0.2, 0.2, 0.2]"
6324,323.72024196656764,550575.2895935371,"[0.2, 0.2, 0.2, 0.2, 0.2]"
6325,762.7618456693274,865552.0441448843,"[0.2, 0.2, 0.2, 0.2, 0.2]"
6326,912.789942717252,307214.45994327473,"[0.2, 0.2, 0.2, 0.2, 0.2]"
6327,402.2411549998033,972636.9485794557,"[0.2, 0.2, 0.2, 0.2, 0.2]"
6328,407.26323764230574,859238.0252130454,"[0.2, 0.2, 0.2, 0.2, 0.2]"
6329,872.7611138817633,554245.1972506425,"[0.2, 0.2, 0.2, 0.2, 0.2]"
6330,283.39547319330865,719803.5968214916,"[0.2, 0.2, 0.2, 0.2, 0.2]"
6331,254.365251373593,137551.22196746012,"[0.2, 0.2, 0.2, 0.2, 0.2]"
6332,506.23646687087455,157169.68936255507,"[0.2, 0.2, 0.2, 0.2, 0.2]"
6333,76.82087162278427,781494.6792383114,"[0.2, 0.2, 0.2, 0.2, 0.2]"
6334,370.0040765162483,220994.74852379653,"[0.2, 0.2, 0.2, 0.2, 0.2]"
6335,939.8295960594284,601481.723557089,"[0.2, 0.2, 0.2, 0.2, 0.2]"
6336,182.59377990630347,805768.0010842556,"[0.2, 0.2, 0.2, 0.2, 0.2]"
6337,208.42895657254323,426847.10843398183,"[0.2, 0.2, 0.2, 0.2, 0.2]"
6338,439.31591123461044,194354.14250213702,"[0.2, 0.2, 0.2, 0.2, 0.2]"
6339,187.9045237531933,473145.3217118169,"[0.2, 0.2, 0.2, 0.2, 0.2]"
6340,133.4654545064854,205154.1129257378,"[0.2, 0.2, 0.2, 0.2, 0.2]"
6341,146.342869053197,526381.1564702028,"[0.2, 0.2, 0.2, 0.2, 0.2]"
6342,788.5731231661965,541991.894258118,"[0.2, 0.2, 0.2, 0.2, 0.2]"
6343,206.73779342217435,104113.86587822728,"[0.2, 0.2, 0.2, 0.2, 0.2]"
6344,25.21085457104833,621574.4487057589,"[0.2, 0.2, 0.2, 0.2, 0.2]"
6345,394.5304645289737,751678.6884356921,"[0.2, 0.2, 0.2, 0.2, 0.2]"
6346,301.4935060393192,898814.1807230453,"[0.2, 0.2, 0.2, 0.2, 0.2]"
6347,649.1311296811488,138244.69357454224,"[0.2, 0.2, 0.2, 0.2, 0.2]"
6348,420.14564740722307,992239.9943465098,"[0.2, 0.2, 0.2, 0.2, 0.2]"
6349,518.7143639514011,402249.4494885713,"[0.2, 0.2, 0.2, 0.2, 0.2]"
6350,112.08016077400625,112339.87887477805,"[0.2, 0.2, 0.2, 0.2, 0.2]"
6351,299.6483821131794,171661.62974282942,"[0.2, 0.2, 0.2, 0.2, 0.2]"
6352,39.59157171826554,456795.4837607987,"[0.2, 0.2, 0.2, 0.2, 0.2]"
6353,267.3534409114926,161474.80321728523,"[0.2, 0.2, 0.2, 0.2, 0.2]"
6354,957.2649619337046,754411.0489044129,"[0.2, 0.2, 0.2, 0.2, 0.2]"
6355,868.834968245531,257501.1024659159,"[0.2, 0.2, 0.2, 0.2, 0.2]"
6356,16.399307083625803,235855.08006397408,"[0.2, 0.2, 0.2, 0.2, 0.2]"
6357,681.1264299799118,100710.49121153611,"[0.2, 0.2, 0.2, 0.2, 0.2]"
6358,247.09709254171042,319269.80025081104,"[0.2, 0.2, 0.2, 0.2, 0.2]"
6359,42.497218579708544,184943.1411943785,"[0.2, 0.2, 0.2, 0.2, 0.2]"
6360,971.0190497639447,409099.7404541336,"[0.2, 0.2, 0.2, 0.2, 0.2]"
6361,579.8329164577444,745286.1346021381,"[0.2, 0.2, 0.2, 0.2, 0.2]"
6362,297.0066815616459,373116.8301580436,"[0.2, 0.2, 0.2, 0.2, 0.2]"
6363,711.4696298527972,451256.06035281066,"[0.2, 0.2, 0.2, 0.2, 0.2]"
6364,732.1123442102223,318398.22977458336,"[0.2, 0.2, 0.2, 0.2, 0.2]"
6365,217.15354303362247,450897.52844028285,"[0.2, 0.2, 0.2, 0.2, 0.2]"
6366,201.16259641682421,428835.5373309661,"[0.2, 0.2, 0.2, 0.2, 0.2]"
6367,680.6393149418428,980247.1488974949,"[0.2, 0.2, 0.2, 0.2, 0.2]"
6368,348.57520923791503,354914.7035297365,"[0.2, 0.2, 0.2, 0.2, 0.2]"
6369,418.71447648910123,365013.03612275724,"[0.2, 0.2, 0.2, 0.2, 0.2]"
6370,278.26670650255886,673047.9033555306,"[0.2, 0.2, 0.2, 0.2, 0.2]"
6371,63.95034641288212,227727.05193147456,"[0.2, 0.2, 0.2, 0.2, 0.2]"
6372,922.0028846541522,724709.2271905318,"[0.2, 0.2, 0.2, 0.2, 0.2]"
6373,907.1994874988869,202567.9275583711,"[0.2, 0.2, 0.2, 0.2, 0.2]"
6374,467.7290426151178,924337.7215752036,"[0.2, 0.2, 0.2, 0.2, 0.2]"
6375,288.52338247299065,111207.91282074267,"[0.2, 0.2, 0.2, 0.2, 0.2]"
6376,759.9573070911439,248950.2218613227,"[0.2, 0.2, 0.2, 0.2, 0.2]"
6377,311.9162677309143,540818.4379104697,"[0.2, 0.2, 0.2, 0.2, 0.2]"
6378,857.9464328459402,796675.8225207493,"[0.2, 0.2, 0.2, 0.2, 0.2]"
6379,428.9464929279918,736335.1230919684,"[0.2, 0.2, 0.2, 0.2, 0.2]"
6380,946.5294286650072,608612.5784413347,"[0.2, 0.2, 0.2, 0.2, 0.2]"
6381,509.60926686211224,391718.8626248162,"[0.2, 0.2, 0.2, 0.2, 0.2]"
6382,477.01377314759134,747075.7220513528,"[0.2, 0.2, 0.2, 0.2, 0.2]"
6383,420.49022139870806,643976.0686821624,"[0.2, 0.2, 0.2, 0.2, 0.2]"
6384,654.856901276314,377847.1966565761,"[0.2, 0.2, 0.2, 0.2, 0.2]"
6385,236.40425377406078,238100.64657728656,"[0.2, 0.2, 0.2, 0.2, 0.2]"
6386,917.0231899988374,693616.075029133,"[0.2, 0.2, 0.2, 0.2, 0.2]"
6387,464.05613261180764,206827.92129968395,"[0.2, 0.2, 0.2, 0.2, 0.2]"
6388,209.51720305701636,729189.0254873637,"[0.2, 0.2, 0.2, 0.2, 0.2]"
6389,466.8789291286432,320556.22422697966,"[0.2, 0.2, 0.2, 0.2, 0.2]"
6390,952.6441072539043,579171.4943576131,"[0.2, 0.2, 0.2, 0.2, 0.2]"
6391,21.46293339111292,311651.2124430856,"[0.2, 0.2, 0.2, 0.2, 0.2]"
6392,864.3728647743791,364554.614359906,"[0.2, 0.2, 0.2, 0.2, 0.2]"
6393,619.8087652769852,203383.53516184277,"[0.2, 0.2, 0.2, 0.2, 0.2]"
6394,368.5653980218107,727007.0452264621,"[0.2, 0.2, 0.2, 0.2, 0.2]"
6395,580.0271276163172,634778.8821908195,"[0.2, 0.2, 0.2, 0.2, 0.2]"
6396,22.349062407719167,130506.68042752524,"[0.2, 0.2, 0.2, 0.2, 0.2]"
6397,732.9326407384419,817861.0012021414,"[0.2, 0.2, 0.2, 0.2, 0.2]"
6398,677.930252381043,891811.7398281504,"[0.2, 0.2, 0.2, 0.2, 0.2]"
6399,894.0767772588712,554457.1883243868,"[0.2, 0.2, 0.2, 0.2, 0.2]"
6400,502.0124966036179,232160.34973577494,"[0.2, 0.2, 0.2, 0.2, 0.2]"
6401,558.4544912121128,186623.75253524186,"[0.2, 0.2, 0.2, 0.2, 0.2]"
6402,524.3517283315708,609923.934980642,"[0.2, 0.2, 0.2, 0.2, 0.2]"
6403,435.88686646240103,939672.2055287737,"[0.2, 0.2, 0.2, 0.2, 0.2]"
6404,104.24512276975493,802043.8581486099,"[0.2, 0.2, 0.2, 0.2, 0.2]"
6405,388.3860188364814,366985.72104704584,"[0.2, 0.2, 0.2, 0.2, 0.2]"
6406,140.86045462683774,695976.9479980225,"[0.2, 0.2, 0.2, 0.2, 0.2]"
6407,534.0976814361801,696553.25051726,"[0.2, 0.2, 0.2, 0.2, 0.2]"
6408,374.7619062081242,717034.7898750677,"[0.2, 0.2, 0.2, 0.2, 0.2]"
6409,695.5315694946236,238524.49381906955,"[0.2, 0.2, 0.2, 0.2, 0.2]"
6410,399.7283402865726,592595.6580425762,"[0.2, 0.2, 0.2, 0.2, 0.2]"
6411,611.7257255142324,693001.0717515977,"[0.2, 0.2, 0.2, 0.2, 0.2]"
6412,923.9039573972909,468439.9683071663,"[0.2, 0.2, 0.2, 0.2, 0.2]"
6413,590.8396915368108,640509.4451903388,"[0.2, 0.2, 0.2, 0.2, 0.2]"
6414,849.8776320007836,996725.9295124803,"[0.2, 0.2, 0.2, 0.2, 0.2]"
6415,344.91610904848545,810330.9412016729,"[0.2, 0.2, 0.2, 0.2, 0.2]"
6416,571.6431784604816,505170.37112615467,"[0.2, 0.2, 0.2, 0.2, 0.2]"
6417,989.4423230140928,968686.3542681895,"[0.2, 0.2, 0.2, 0.2, 0.2]"
6418,157.90748641220674,395843.4990464222,"[0.2, 0.2, 0.2, 0.2, 0.2]"
6419,573.8303560670167,676773.8183694633,"[0.2, 0.2, 0.2, 0.2, 0.2]"
6420,601.7103225381122,501194.312395149,"[0.2, 0.2, 0.2, 0.2, 0.2]"
6421,826.7420840297184,533817.5288915909,"[0.2, 0.2, 0.2, 0.2, 0.2]"
6422,29.57273104741106,579554.0067308431,"[0.2, 0.2, 0.2, 0.2, 0.2]"
6423,603.9273606544815,344953.81640643324,"[0.2, 0.2, 0.2, 0.2, 0.2]"
6424,246.28405529480892,778236.4719758184,"[0.2, 0.2, 0.2, 0.2, 0.2]"
6425,781.1415325399472,901478.1642469176,"[0.2, 0.2, 0.2, 0.2, 0.2]"
6426,336.78189452472094,249411.0986203669,"[0.2, 0.2, 0.2, 0.2, 0.2]"
6427,452.992612259326,830973.4042145328,"[0.2, 0.2, 0.2, 0.2, 0.2]"
6428,470.28577894082514,784870.8044033279,"[0.2, 0.2, 0.2, 0.2, 0.2]"
6429,512.7478680916545,155323.95789073955,"[0.2, 0.2, 0.2, 0.2, 0.2]"
6430,70.9607180127127,489447.9103703182,"[0.2, 0.2, 0.2, 0.2, 0.2]"
6431,223.88926990280044,959776.3734882585,"[0.2, 0.2, 0.2, 0.2, 0.2]"
6432,929.5542841519816,153765.73320121056,"[0.2, 0.2, 0.2, 0.2, 0.2]"
6433,670.6580743147729,669048.585298279,"[0.2, 0.2, 0.2, 0.2, 0.2]"
6434,301.40727230542683,645414.3240341636,"[0.2, 0.2, 0.2, 0.2, 0.2]"
6435,989.759726433058,314108.0479681373,"[0.2, 0.2, 0.2, 0.2, 0.2]"
6436,321.4294198847193,307097.07894764055,"[0.2, 0.2, 0.2, 0.2, 0.2]"
6437,647.9147031943733,899433.9332648705,"[0.2, 0.2, 0.2, 0.2, 0.2]"
6438,746.8706305335754,219693.34084856632,"[0.2, 0.2, 0.2, 0.2, 0.2]"
6439,755.2515265493753,818099.0445301816,"[0.2, 0.2, 0.2, 0.2, 0.2]"
6440,133.1330484990418,924406.3038924867,"[0.2, 0.2, 0.2, 0.2, 0.2]"
6441,542.553046033243,608625.0799418841,"[0.2, 0.2, 0.2, 0.2, 0.2]"
6442,124.86523803668156,259197.189491686,"[0.2, 0.2, 0.2, 0.2, 0.2]"
6443,282.97193360471226,736106.2634914179,"[0.2, 0.2, 0.2, 0.2, 0.2]"
6444,629.3583656345181,367184.07632169087,"[0.2, 0.2, 0.2, 0.2, 0.2]"
6445,544.2605149805022,751901.8556791,"[0.2, 0.2, 0.2, 0.2, 0.2]"
6446,644.8751899881977,121014.42877168163,"[0.2, 0.2, 0.2, 0.2, 0.2]"
6447,84.81683014226259,653680.9498780292,"[0.2, 0.2, 0.2, 0.2, 0.2]"
6448,175.2123551008998,172239.38369316357,"[0.2, 0.2, 0.2, 0.2, 0.2]"
6449,40.962899656461545,946544.7265451555,"[0.2, 0.2, 0.2, 0.2, 0.2]"
6450,746.6026377597124,697081.2466642219,"[0.2, 0.2, 0.2, 0.2, 0.2]"
6451,728.6422414303757,104677.25977125247,"[0.2, 0.2, 0.2, 0.2, 0.2]"
6452,210.3692010565635,431674.3463258342,"[0.2, 0.2, 0.2, 0.2, 0.2]"
6453,277.081750444361,517079.4148082933,"[0.2, 0.2, 0.2, 0.2, 0.2]"
6454,250.17880715308786,779264.9247414329,"[0.2, 0.2, 0.2, 0.2, 0.2]"
6455,755.8958773170377,158656.18845036929,"[0.2, 0.2, 0.2, 0.2, 0.2]"
6456,418.06287888938857,331049.96654009726,"[0.2, 0.2, 0.2, 0.2, 0.2]"
6457,378.0289485887525,793007.5217506355,"[0.2, 0.2, 0.2, 0.2, 0.2]"
6458,711.3038128146985,393884.4633915503,"[0.2, 0.2, 0.2, 0.2, 0.2]"
6459,398.23437058271077,936729.9389194471,"[0.2, 0.2, 0.2, 0.2, 0.2]"
6460,435.94245917198845,538856.041641698,"[0.2, 0.2, 0.2, 0.2, 0.2]"
6461,495.1501192141247,854880.4327751789,"[0.2, 0.2, 0.2, 0.2, 0.2]"
6462,479.17131753964645,297112.0563949343,"[0.2, 0.2, 0.2, 0.2, 0.2]"
6463,366.3453815108517,159635.2673237758,"[0.2, 0.2, 0.2, 0.2, 0.2]"
6464,399.2776387805607,206764.25889873516,"[0.2, 0.2, 0.2, 0.2, 0.2]"
6465,735.8088573922772,448315.6273155561,"[0.2, 0.2, 0.2, 0.2, 0.2]"
6466,656.2057331234571,624573.8039112161,"[0.2, 0.2, 0.2, 0.2, 0.2]"
6467,666.4491840298222,986605.8491787991,"[0.2, 0.2, 0.2, 0.2, 0.2]"
6468,484.48746432026667,413201.9674205653,"[0.2, 0.2, 0.2, 0.2, 0.2]"
6469,940.3298264203877,640159.9529488154,"[0.2, 0.2, 0.2, 0.2, 0.2]"
6470,930.0830960438324,132131.87435965534,"[0.2, 0.2, 0.2, 0.2, 0.2]"
6471,384.93155073329507,193478.5754436414,"[0.2, 0.2, 0.2, 0.2, 0.2]"
6472,915.74964729306,752397.7068891765,"[0.2, 0.2, 0.2, 0.2, 0.2]"
6473,148.0647987981408,664888.2280384602,"[0.2, 0.2, 0.2, 0.2, 0.2]"
6474,734.4574379637805,347770.36047181615,"[0.2, 0.2, 0.2, 0.2, 0.2]"
6475,942.2183603183229,929713.6956889769,"[0.2, 0.2, 0.2, 0.2, 0.2]"
6476,909.6438691096583,948262.3246571831,"[0.2, 0.2, 0.2, 0.2, 0.2]"
6477,47.88179227154674,853130.9213755019,"[0.2, 0.2, 0.2, 0.2, 0.2]"
6478,65.43634391041215,455304.9569437017,"[0.2, 0.2, 0.2, 0.2, 0.2]"
6479,631.471432417725,956595.9040713136,"[0.2, 0.2, 0.2, 0.2, 0.2]"
6480,939.0862155358302,253245.9091859044,"[0.2, 0.2, 0.2, 0.2, 0.2]"
6481,184.74293497774303,223797.72929037345,"[0.2, 0.2, 0.2, 0.2, 0.2]"
6482,481.0460182565888,548903.0810634713,"[0.2, 0.2, 0.2, 0.2, 0.2]"
6483,636.8280219912359,418292.3189949701,"[0.2, 0.2, 0.2, 0.2, 0.2]"
6484,621.8300206204941,985203.0738274948,"[0.2, 0.2, 0.2, 0.2, 0.2]"
6485,692.8838619349324,385111.10435863107,"[0.2, 0.2, 0.2, 0.2, 0.2]"
6486,160.3908507044562,590435.8188682413,"[0.2, 0.2, 0.2, 0.2, 0.2]"
6487,597.1673406338391,630691.4016143652,"[0.2, 0.2, 0.2, 0.2, 0.2]"
6488,626.805128073527,995509.2066075563,"[0.2, 0.2, 0.2, 0.2, 0.2]"
6489,790.0814293045514,849589.8022806265,"[0.2, 0.2, 0.2, 0.2, 0.2]"
6490,408.02570439448704,453048.2229834241,"[0.2, 0.2, 0.2, 0.2, 0.2]"
6491,861.3931852282212,716431.233630065,"[0.2, 0.2, 0.2, 0.2, 0.2]"
6492,497.137145234668,615720.1739208781,"[0.2, 0.2, 0.2, 0.2, 0.2]"
6493,41.38194806019163,477026.1900253124,"[0.2, 0.2, 0.2, 0.2, 0.2]"
6494,632.212261386451,809390.1040668774,"[0.2, 0.2, 0.2, 0.2, 0.2]"
6495,634.9992034450155,823010.1898183199,"[0.2, 0.2, 0.2, 0.2, 0.2]"
6496,105.59879409701581,573637.4746251898,"[0.2, 0.2, 0.2, 0.2, 0.2]"
6497,800.5881180722125,881143.4833627207,"[0.2, 0.2, 0.2, 0.2, 0.2]"
6498,518.3321367147835,124707.37809944864,"[0.2, 0.2, 0.2, 0.2, 0.2]"
6499,915.2537745702609,774364.1717234182,"[0.2, 0.2, 0.2, 0.2, 0.2]"
6500,761.4438667373902,194080.42451071582,"[0.2, 0.2, 0.2, 0.2, 0.2]"
6501,674.7559517061254,906783.8519227363,"[0.2, 0.2, 0.2, 0.2, 0.2]"
6502,681.1950002469265,847172.7548025282,"[0.2, 0.2, 0.2, 0.2, 0.2]"
6503,739.7210356525777,754243.3216688144,"[0.2, 0.2, 0.2, 0.2, 0.2]"
6504,894.377097520258,696243.8406453467,"[0.2, 0.2, 0.2, 0.2, 0.2]"
6505,497.4924847539074,422438.4004633943,"[0.2, 0.2, 0.2, 0.2, 0.2]"
6506,932.377354088968,299380.24252556125,"[0.2, 0.2, 0.2, 0.2, 0.2]"
6507,753.7591420825619,830775.0669411927,"[0.2, 0.2, 0.2, 0.2, 0.2]"
6508,705.4791645414317,562129.2458819121,"[0.2, 0.2, 0.2, 0.2, 0.2]"
6509,825.7297444450815,482664.8778437632,"[0.2, 0.2, 0.2, 0.2, 0.2]"
6510,63.32954092692317,941386.729553716,"[0.2, 0.2, 0.2, 0.2, 0.2]"
6511,172.46354060694532,880074.1869200708,"[0.2, 0.2, 0.2, 0.2, 0.2]"
6512,128.03804071869195,467723.538119281,"[0.2, 0.2, 0.2, 0.2, 0.2]"
6513,86.11043940574685,660044.4614287639,"[0.2, 0.2, 0.2, 0.2, 0.2]"
6514,599.6636259294937,528580.7388239133,"[0.2, 0.2, 0.2, 0.2, 0.2]"
6515,341.89166078829464,645385.1622506406,"[0.2, 0.2, 0.2, 0.2, 0.2]"
6516,500.50668897011576,533635.2617916949,"[0.2, 0.2, 0.2, 0.2, 0.2]"
6517,672.3702374364684,561609.7333803253,"[0.2, 0.2, 0.2, 0.2, 0.2]"
6518,371.3178980044653,398107.20968400897,"[0.2, 0.2, 0.2, 0.2, 0.2]"
6519,730.506668969807,308803.85518710956,"[0.2, 0.2, 0.2, 0.2, 0.2]"
6520,204.60896925307597,790660.7174273137,"[0.2, 0.2, 0.2, 0.2, 0.2]"
6521,501.924023129736,676755.5002837029,"[0.2, 0.2, 0.2, 0.2, 0.2]"
6522,302.7641523284368,796996.3391745735,"[0.2, 0.2, 0.2, 0.2, 0.2]"
6523,496.07979743340246,608415.7585466834,"[0.2, 0.2, 0.2, 0.2, 0.2]"
6524,418.7404773409922,598317.6182911026,"[0.2, 0.2, 0.2, 0.2, 0.2]"
6525,422.4667571489719,298925.62788222026,"[0.2, 0.2, 0.2, 0.2, 0.2]"
6526,272.5223754563682,347306.10322038596,"[0.2, 0.2, 0.2, 0.2, 0.2]"
6527,20.664587111292242,678603.738999318,"[0.2, 0.2, 0.2, 0.2, 0.2]"
6528,675.600732666873,676728.4680541215,"[0.2, 0.2, 0.2, 0.2, 0.2]"
6529,356.3529857231068,333568.71207508876,"[0.2, 0.2, 0.2, 0.2, 0.2]"
6530,680.1444861843047,206020.44212943327,"[0.2, 0.2, 0.2, 0.2, 0.2]"
6531,718.2813655775102,571267.436271617,"[0.2, 0.2, 0.2, 0.2, 0.2]"
6532,322.9680102155747,155909.27373106428,"[0.2, 0.2, 0.2, 0.2, 0.2]"
6533,293.00094593816715,150782.32835703142,"[0.2, 0.2, 0.2, 0.2, 0.2]"
6534,426.07452138833816,116435.47849645022,"[0.2, 0.2, 0.2, 0.2, 0.2]"
6535,524.6185674719131,487802.54110042856,"[0.2, 0.2, 0.2, 0.2, 0.2]"
6536,33.26108176786469,295636.2241309986,"[0.2, 0.2, 0.2, 0.2, 0.2]"
6537,470.869658519026,316091.3611093818,"[0.2, 0.2, 0.2, 0.2, 0.2]"
6538,670.2578356261404,452134.9878905519,"[0.2, 0.2, 0.2, 0.2, 0.2]"
6539,744.3849889849574,923042.8054755739,"[0.2, 0.2, 0.2, 0.2, 0.2]"
6540,483.56601444603126,513825.80706103065,"[0.2, 0.2, 0.2, 0.2, 0.2]"
6541,105.8147421879594,851904.5452670828,"[0.2, 0.2, 0.2, 0.2, 0.2]"
6542,218.68810262711335,131122.26105023787,"[0.2, 0.2, 0.2, 0.2, 0.2]"
6543,128.49234147213673,334628.828436264,"[0.2, 0.2, 0.2, 0.2, 0.2]"
6544,566.064665805262,941199.4942568047,"[0.2, 0.2, 0.2, 0.2, 0.2]"
6545,248.05952879703648,841888.7410730069,"[0.2, 0.2, 0.2, 0.2, 0.2]"
6546,689.9531130918656,482161.0548203467,"[0.2, 0.2, 0.2, 0.2, 0.2]"
6547,379.8782329139429,210327.6748887877,"[0.2, 0.2, 0.2, 0.2, 0.2]"
6548,432.0014070427674,956178.4204508855,"[0.2, 0.2, 0.2, 0.2, 0.2]"
6549,344.16131198086043,226398.03244930506,"[0.2, 0.2, 0.2, 0.2, 0.2]"
6550,320.5029184140893,818242.6967999857,"[0.2, 0.2, 0.2, 0.2, 0.2]"
6551,932.5606752285971,101548.54223473676,"[0.2, 0.2, 0.2, 0.2, 0.2]"
6552,590.5138162332742,495396.70783444075,"[0.2, 0.2, 0.2, 0.2, 0.2]"
6553,650.6653190905186,637232.7076637235,"[0.2, 0.2, 0.2, 0.2, 0.2]"
6554,396.6480271789706,820855.6762248869,"[0.2, 0.2, 0.2, 0.2, 0.2]"
6555,388.8400365643981,294687.5387581318,"[0.2, 0.2, 0.2, 0.2, 0.2]"
6556,929.6784895481592,156583.7516067415,"[0.2, 0.2, 0.2, 0.2, 0.2]"
6557,346.0251012672596,961992.2775638138,"[0.2, 0.2, 0.2, 0.2, 0.2]"
6558,412.3854288528633,532632.4915146162,"[0.2, 0.2, 0.2, 0.2, 0.2]"
6559,672.573101878811,330194.7273342474,"[0.2, 0.2, 0.2, 0.2, 0.2]"
6560,667.8738572829036,444671.14805042825,"[0.2, 0.2, 0.2, 0.2, 0.2]"
6561,980.1381623093157,588824.0280260475,"[0.2, 0.2, 0.2, 0.2, 0.2]"
6562,178.14923072905,677905.3968091443,"[0.2, 0.2, 0.2, 0.2, 0.2]"
6563,659.4142470663414,767501.1476757682,"[0.2, 0.2, 0.2, 0.2, 0.2]"
6564,593.4981554997612,456191.24451458885,"[0.2, 0.2, 0.2, 0.2, 0.2]"
6565,629.2392828855047,886920.4155826537,"[0.2, 0.2, 0.2, 0.2, 0.2]"
6566,935.1794450676394,769104.9523753979,"[0.2, 0.2, 0.2, 0.2, 0.2]"
6567,887.5070501724496,897682.9787362702,"[0.2, 0.2, 0.2, 0.2, 0.2]"
6568,863.7855480436273,635944.4782944804,"[0.2, 0.2, 0.2, 0.2, 0.2]"
6569,12.213649271045007,682564.1563422104,"[0.2, 0.2, 0.2, 0.2, 0.2]"
6570,754.8105659413553,540314.853241954,"[0.2, 0.2, 0.2, 0.2, 0.2]"
6571,31.28003466257578,696667.0743127923,"[0.2, 0.2, 0.2, 0.2, 0.2]"
6572,375.921754606291,459897.56456628145,"[0.2, 0.2, 0.2, 0.2, 0.2]"
6573,151.8516874876884,298095.199623313,"[0.2, 0.2, 0.2, 0.2, 0.2]"
6574,462.96091834230197,409312.03379906644,"[0.2, 0.2, 0.2, 0.2, 0.2]"
6575,95.05479576195535,653683.3097949057,"[0.2, 0.2, 0.2, 0.2, 0.2]"
6576,873.5319486700945,588039.6762451343,"[0.2, 0.2, 0.2, 0.2, 0.2]"
6577,161.7933334418259,264474.012582754,"[0.2, 0.2, 0.2, 0.2, 0.2]"
6578,966.2195511965796,304981.5344431917,"[0.2, 0.2, 0.2, 0.2, 0.2]"
6579,244.00748108605396,536140.4566371813,"[0.2, 0.2, 0.2, 0.2, 0.2]"
6580,178.51895654501197,524695.1574633166,"[0.2, 0.2, 0.2, 0.2, 0.2]"
6581,799.2071343210611,304342.69330960745,"[0.2, 0.2, 0.2, 0.2, 0.2]"
6582,723.1846161982452,175540.49730304873,"[0.2, 0.2, 0.2, 0.2, 0.2]"
6583,570.6951437094883,198554.64344374454,"[0.2, 0.2, 0.2, 0.2, 0.2]"
6584,852.5543215689588,199996.5732415116,"[0.2, 0.2, 0.2, 0.2, 0.2]"
6585,114.84896283913996,777034.4174240902,"[0.2, 0.2, 0.2, 0.2, 0.2]"
6586,281.8968531024584,980439.6578917182,"[0.2, 0.2, 0.2, 0.2, 0.2]"
6587,753.3249484932553,917907.9280796935,"[0.2, 0.2, 0.2, 0.2, 0.2]"
6588,30.26969452877762,418227.3554415252,"[0.2, 0.2, 0.2, 0.2, 0.2]"
6589,288.0907636577907,445400.6043950131,"[0.2, 0.2, 0.2, 0.2, 0.2]"
6590,86.54171301905822,187178.67337399264,"[0.2, 0.2, 0.2, 0.2, 0.2]"
6591,163.80017071532274,584978.4896356931,"[0.2, 0.2, 0.2, 0.2, 0.2]"
6592,546.8102284448925,114330.7502584781,"[0.2, 0.2, 0.2, 0.2, 0.2]"
6593,139.58625903223538,788238.0490809431,"[0.2, 0.2, 0.2, 0.2, 0.2]"
6594,451.79421578667166,884700.5773405533,"[0.2, 0.2, 0.2, 0.2, 0.2]"
6595,920.8927828263934,860652.2008488053,"[0.2, 0.2, 0.2, 0.2, 0.2]"
6596,38.717171699238364,983212.1422413338,"[0.2, 0.2, 0.2, 0.2, 0.2]"
6597,514.8920828225932,374203.8382270139,"[0.2, 0.2, 0.2, 0.2, 0.2]"
6598,491.5770336834577,844879.2059340861,"[0.2, 0.2, 0.2, 0.2, 0.2]"
6599,79.44631010994117,493189.5066651117,"[0.2, 0.2, 0.2, 0.2, 0.2]"
6600,162.49828252012085,816355.1125230127,"[0.2, 0.2, 0.2, 0.2, 0.2]"
6601,467.8894565222979,256616.40715739713,"[0.2, 0.2, 0.2, 0.2, 0.2]"
6602,482.55593132084834,401868.57683002425,"[0.2, 0.2, 0.2, 0.2, 0.2]"
6603,752.500149875151,802708.9921082575,"[0.2, 0.2, 0.2, 0.2, 0.2]"
6604,245.1829819217641,495770.7886061985,"[0.2, 0.2, 0.2, 0.2, 0.2]"
6605,435.89978674537156,444630.5743269798,"[0.2, 0.2, 0.2, 0.2, 0.2]"
6606,985.7638057436429,935982.3520739673,"[0.2, 0.2, 0.2, 0.2, 0.2]"
6607,968.0757226429394,237038.98344493107,"[0.2, 0.2, 0.2, 0.2, 0.2]"
6608,626.9489522920057,739644.2808599309,"[0.2, 0.2, 0.2, 0.2, 0.2]"
6609,759.9870914456112,390531.2170601639,"[0.2, 0.2, 0.2, 0.2, 0.2]"
6610,65.03442084149779,803152.6761500452,"[0.2, 0.2, 0.2, 0.2, 0.2]"
6611,294.7618004048863,775764.2806149973,"[0.2, 0.2, 0.2, 0.2, 0.2]"
6612,139.9748049271649,119779.92839318131,"[0.2, 0.2, 0.2, 0.2, 0.2]"
6613,724.9831115090295,399107.7959178183,"[0.2, 0.2, 0.2, 0.2, 0.2]"
6614,201.19696661538572,129441.85433312827,"[0.2, 0.2, 0.2, 0.2, 0.2]"
6615,581.8501333920059,223823.13471253557,"[0.2, 0.2, 0.2, 0.2, 0.2]"
6616,622.2838186572978,156508.81825837714,"[0.2, 0.2, 0.2, 0.2, 0.2]"
6617,618.9661038307846,741608.4573304054,"[0.2, 0.2, 0.2, 0.2, 0.2]"
6618,608.346657694691,120755.96289083005,"[0.2, 0.2, 0.2, 0.2, 0.2]"
6619,617.2217053982182,699973.3455915685,"[0.2, 0.2, 0.2, 0.2, 0.2]"
6620,705.9923033905836,813911.787583202,"[0.2, 0.2, 0.2, 0.2, 0.2]"
6621,65.10015615773939,447074.7939760407,"[0.2, 0.2, 0.2, 0.2, 0.2]"
6622,147.47676289850128,306072.69498338026,"[0.2, 0.2, 0.2, 0.2, 0.2]"
6623,254.0322981761704,575852.6025658395,"[0.2, 0.2, 0.2, 0.2, 0.2]"
6624,648.7958936758636,473330.62879629375,"[0.2, 0.2, 0.2, 0.2, 0.2]"
6625,708.7351282172717,208844.62618815986,"[0.2, 0.2, 0.2, 0.2, 0.2]"
6626,44.0251020857096,318449.76829733606,"[0.2, 0.2, 0.2, 0.2, 0.2]"
6627,301.2623092484524,892816.1951089432,"[0.2, 0.2, 0.2, 0.2, 0.2]"
6628,776.9243907084555,169781.33436879807,"[0.2, 0.2, 0.2, 0.2, 0.2]"
6629,942.2056098947033,138253.09363699026,"[0.2, 0.2, 0.2, 0.2, 0.2]"
6630,966.5312364202717,124274.6609493407,"[0.2, 0.2, 0.2, 0.2, 0.2]"
6631,808.3446792348697,515751.6048562519,"[0.2, 0.2, 0.2, 0.2, 0.2]"
6632,189.11857247490101,207900.39214167738,"[0.2, 0.2, 0.2, 0.2, 0.2]"
6633,416.6694518446961,451952.30577549496,"[0.2, 0.2, 0.2, 0.2, 0.2]"
6634,462.5881688727814,218995.98191403676,"[0.2, 0.2, 0.2, 0.2, 0.2]"
6635,670.1579178584557,124170.38033434909,"[0.2, 0.2, 0.2, 0.2, 0.2]"
6636,593.2678496692325,678950.7107354803,"[0.2, 0.2, 0.2, 0.2, 0.2]"
6637,458.83794471381265,665591.2416798227,"[0.2, 0.2, 0.2, 0.2, 0.2]"
6638,638.3020061052938,131696.7164651541,"[0.2, 0.2, 0.2, 0.2, 0.2]"
6639,385.2941380612315,567064.3790829196,"[0.2, 0.2, 0.2, 0.2, 0.2]"
6640,235.89298515521568,232760.53356825802,"[0.2, 0.2, 0.2, 0.2, 0.2]"
6641,447.1905906774187,515036.20001682645,"[0.2, 0.2, 0.2, 0.2, 0.2]"
6642,54.71267968847871,721733.8509374673,"[0.2, 0.2, 0.2, 0.2, 0.2]"
6643,730.029527479242,280636.20331665815,"[0.2, 0.2, 0.2, 0.2, 0.2]"
6644,817.9332810776665,428955.63321260095,"[0.2, 0.2, 0.2, 0.2, 0.2]"
6645,220.87395623611621,839217.90818568,"[0.2, 0.2, 0.2, 0.2, 0.2]"
6646,684.6254008383571,249961.24203686946,"[0.2, 0.2, 0.2, 0.2, 0.2]"
6647,163.66542578232017,148131.46082334066,"[0.2, 0.2, 0.2, 0.2, 0.2]"
6648,34.724262518943654,333886.5364520104,"[0.2, 0.2, 0.2, 0.2, 0.2]"
6649,305.76687434451696,802895.0911454781,"[0.2, 0.2, 0.2, 0.2, 0.2]"
6650,572.7975497761628,587858.9320375379,"[0.2, 0.2, 0.2, 0.2, 0.2]"
6651,584.4978163878483,191526.3043564828,"[0.2, 0.2, 0.2, 0.2, 0.2]"
6652,414.8584411243585,101318.71718805718,"[0.2, 0.2, 0.2, 0.2, 0.2]"
6653,467.8886977532502,597471.9942513832,"[0.2, 0.2, 0.2, 0.2, 0.2]"
6654,984.1044467922753,623299.5493543881,"[0.2, 0.2, 0.2, 0.2, 0.2]"
6655,437.65631133837394,705801.938300005,"[0.2, 0.2, 0.2, 0.2, 0.2]"
6656,698.3889984181415,439657.5332700979,"[0.2, 0.2, 0.2, 0.2, 0.2]"
6657,558.9431336878295,776693.225381549,"[0.2, 0.2, 0.2, 0.2, 0.2]"
6658,118.77023086497269,531672.6426019473,"[0.2, 0.2, 0.2, 0.2, 0.2]"
6659,454.90971591679846,879071.4924819845,"[0.2, 0.2, 0.2, 0.2, 0.2]"
6660,240.30953779822585,328698.8360343856,"[0.2, 0.2, 0.2, 0.2, 0.2]"
6661,391.4173342154794,980277.1352492528,"[0.2, 0.2, 0.2, 0.2, 0.2]"
6662,884.2953484810771,427244.77282925387,"[0.2, 0.2, 0.2, 0.2, 0.2]"
6663,692.9632941368437,116625.36749622066,"[0.2, 0.2, 0.2, 0.2, 0.2]"
6664,622.4831189550484,353218.5510025577,"[0.2, 0.2, 0.2, 0.2, 0.2]"
6665,67.21458783135908,780588.038737519,"[0.2, 0.2, 0.2, 0.2, 0.2]"
6666,857.607009145034,244487.15251434097,"[0.2, 0.2, 0.2, 0.2, 0.2]"
6667,298.19981494601745,958372.8507019118,"[0.2, 0.2, 0.2, 0.2, 0.2]"
6668,659.4177537995938,230130.40196126967,"[0.2, 0.2, 0.2, 0.2, 0.2]"
6669,710.2721146125962,404660.8822915939,"[0.2, 0.2, 0.2, 0.2, 0.2]"
6670,699.0615432342212,784393.1431086146,"[0.2, 0.2, 0.2, 0.2, 0.2]"
6671,926.5238329611783,758838.8046184517,"[0.2, 0.2, 0.2, 0.2, 0.2]"
6672,327.1638470758027,668297.1594780342,"[0.2, 0.2, 0.2, 0.2, 0.2]"
6673,479.7569661378193,165699.07285393274,"[0.2, 0.2, 0.2, 0.2, 0.2]"
6674,774.7026770879771,463431.10786211694,"[0.2, 0.2, 0.2, 0.2, 0.2]"
6675,437.1881163095393,918787.4848778953,"[0.2, 0.2, 0.2, 0.2, 0.2]"
6676,438.6403977892623,839680.0750634206,"[0.2, 0.2, 0.2, 0.2, 0.2]"
6677,476.5424023788865,533035.5599568165,"[0.2, 0.2, 0.2, 0.2, 0.2]"
6678,268.51326981491627,552247.1705566304,"[0.2, 0.2, 0.2, 0.2, 0.2]"
6679,968.2191615230956,936390.6562116762,"[0.2, 0.2, 0.2, 0.2, 0.2]"
6680,503.9922372862187,812186.7188373818,"[0.2, 0.2, 0.2, 0.2, 0.2]"
6681,347.542176298982,743119.5869547019,"[0.2, 0.2, 0.2, 0.2, 0.2]"
6682,195.38506719093877,559084.7637899418,"[0.2, 0.2, 0.2, 0.2, 0.2]"
6683,547.5550522639222,746996.0591821307,"[0.2, 0.2, 0.2, 0.2, 0.2]"
6684,532.8318774432038,742303.0625658304,"[0.2, 0.2, 0.2, 0.2, 0.2]"
6685,891.1895947108296,963620.9840838413,"[0.2, 0.2, 0.2, 0.2, 0.2]"
6686,813.6126421901528,737220.746368722,"[0.2, 0.2, 0.2, 0.2, 0.2]"
6687,384.03000867334816,734707.1892484825,"[0.2, 0.2, 0.2, 0.2, 0.2]"
6688,547.9067365179868,315401.34316510276,"[0.2, 0.2, 0.2, 0.2, 0.2]"
6689,842.3585651297683,672710.0518082205,"[0.2, 0.2, 0.2, 0.2, 0.2]"
6690,848.0891575258918,988370.6391681975,"[0.2, 0.2, 0.2, 0.2, 0.2]"
6691,996.7349646183802,243941.79907386293,"[0.2, 0.2, 0.2, 0.2, 0.2]"
6692,838.6550556184793,284663.10536624695,"[0.2, 0.2, 0.2, 0.2, 0.2]"
6693,144.0195285961864,640351.5274385553,"[0.2, 0.2, 0.2, 0.2, 0.2]"
6694,41.890131639209606,297098.637777044,"[0.2, 0.2, 0.2, 0.2, 0.2]"
6695,142.9829172833971,665944.7986965895,"[0.2, 0.2, 0.2, 0.2, 0.2]"
6696,747.0622219709325,166815.1639001881,"[0.2, 0.2, 0.2, 0.2, 0.2]"
6697,285.3947479419766,377397.15015282354,"[0.2, 0.2, 0.2, 0.2, 0.2]"
6698,550.1877839596829,466769.38970155804,"[0.2, 0.2, 0.2, 0.2, 0.2]"
6699,191.46780365135555,236980.7847668337,"[0.2, 0.2, 0.2, 0.2, 0.2]"
6700,368.27124026279057,886537.9881777809,"[0.2, 0.2, 0.2, 0.2, 0.2]"
6701,616.2790304322172,195558.15760099687,"[0.2, 0.2, 0.2, 0.2, 0.2]"
6702,496.71040117707645,217154.94534906925,"[0.2, 0.2, 0.2, 0.2, 0.2]"
6703,821.431780577849,509869.0668494951,"[0.2, 0.2, 0.2, 0.2, 0.2]"
6704,887.8787498157153,762948.079774805,"[0.2, 0.2, 0.2, 0.2, 0.2]"
6705,280.54686492351135,156267.9548684676,"[0.2, 0.2, 0.2, 0.2, 0.2]"
6706,594.1248706419533,784614.1087711179,"[0.2, 0.2, 0.2, 0.2, 0.2]"
6707,478.058932289021,640861.4784722923,"[0.2, 0.2, 0.2, 0.2, 0.2]"
6708,851.7520129409443,411660.45974911674,"[0.2, 0.2, 0.2, 0.2, 0.2]"
6709,871.4224114501144,180806.894345064,"[0.2, 0.2, 0.2, 0.2, 0.2]"
6710,391.9642319168428,208991.1698746928,"[0.2, 0.2, 0.2, 0.2, 0.2]"
6711,189.1000449991828,757902.3185838585,"[0.2, 0.2, 0.2, 0.2, 0.2]"
6712,579.321979187238,420944.07747518143,"[0.2, 0.2, 0.2, 0.2, 0.2]"
6713,475.3122103229846,912687.5035499273,"[0.2, 0.2, 0.2, 0.2, 0.2]"
6714,516.9566736709078,616667.1612618035,"[0.2, 0.2, 0.2, 0.2, 0.2]"
6715,660.4745049605782,582653.5153006627,"[0.2, 0.2, 0.2, 0.2, 0.2]"
6716,794.8881769921538,700508.154796978,"[0.2, 0.2, 0.2, 0.2, 0.2]"
6717,946.6485830135392,944558.2885121894,"[0.2, 0.2, 0.2, 0.2, 0.2]"
6718,40.36585145155531,552772.4019618698,"[0.2, 0.2, 0.2, 0.2, 0.2]"
6719,522.5944783462224,222198.1485996215,"[0.2, 0.2, 0.2, 0.2, 0.2]"
6720,890.0624396811054,280333.9195057022,"[0.2, 0.2, 0.2, 0.2, 0.2]"
6721,676.5744170233834,262833.51504801726,"[0.2, 0.2, 0.2, 0.2, 0.2]"
6722,828.8240078377083,833394.6503884103,"[0.2, 0.2, 0.2, 0.2, 0.2]"
6723,721.4376408922257,892533.3105633204,"[0.2, 0.2, 0.2, 0.2, 0.2]"
6724,806.3479571870522,740846.8536156517,"[0.2, 0.2, 0.2, 0.2, 0.2]"
6725,828.1680830896045,686312.1681738625,"[0.2, 0.2, 0.2, 0.2, 0.2]"
6726,869.7278956624847,950429.6950972861,"[0.2, 0.2, 0.2, 0.2, 0.2]"
6727,945.0871050736835,826732.663963644,"[0.2, 0.2, 0.2, 0.2, 0.2]"
6728,504.55004199303016,131143.17481587458,"[0.2, 0.2, 0.2, 0.2, 0.2]"
6729,106.55832743811733,100247.39489654379,"[0.2, 0.2, 0.2, 0.2, 0.2]"
6730,566.6927237497465,939855.9856649229,"[0.2, 0.2, 0.2, 0.2, 0.2]"
6731,774.9582683161939,475418.6866328586,"[0.2, 0.2, 0.2, 0.2, 0.2]"
6732,185.24288146265897,329772.27330915513,"[0.2, 0.2, 0.2, 0.2, 0.2]"
6733,43.35136114106817,590864.0909113648,"[0.2, 0.2, 0.2, 0.2, 0.2]"
6734,188.51610791051064,496022.02121250995,"[0.2, 0.2, 0.2, 0.2, 0.2]"
6735,56.86210371261623,916087.2971963807,"[0.2, 0.2, 0.2, 0.2, 0.2]"
6736,651.715588819582,245078.767431904,"[0.2, 0.2, 0.2, 0.2, 0.2]"
6737,210.41050024341394,212368.52781201224,"[0.2, 0.2, 0.2, 0.2, 0.2]"
6738,26.739936157005214,731665.9423899454,"[0.2, 0.2, 0.2, 0.2, 0.2]"
6739,74.40108557041499,738278.8559746741,"[0.2, 0.2, 0.2, 0.2, 0.2]"
6740,986.4609740123528,557442.4966508059,"[0.2, 0.2, 0.2, 0.2, 0.2]"
6741,896.0802286537947,545187.8571113783,"[0.2, 0.2, 0.2, 0.2, 0.2]"
6742,693.9867552814555,866019.1764689434,"[0.2, 0.2, 0.2, 0.2, 0.2]"
6743,566.5520837566629,271215.93199893646,"[0.2, 0.2, 0.2, 0.2, 0.2]"
6744,556.3126594906697,841497.4567242058,"[0.2, 0.2, 0.2, 0.2, 0.2]"
6745,63.42898211631093,434605.4852794613,"[0.2, 0.2, 0.2, 0.2, 0.2]"
6746,136.6157342957473,241953.22118869537,"[0.2, 0.2, 0.2, 0.2, 0.2]"
6747,706.9484402499113,716789.4902868111,"[0.2, 0.2, 0.2, 0.2, 0.2]"
6748,10.715170858271609,868166.2074914909,"[0.2, 0.2, 0.2, 0.2, 0.2]"
6749,58.41379669817996,187471.97102544835,"[0.2, 0.2, 0.2, 0.2, 0.2]"
6750,325.3357921611504,640734.8727701516,"[0.2, 0.2, 0.2, 0.2, 0.2]"
6751,702.8554102210568,542443.8063034433,"[0.2, 0.2, 0.2, 0.2, 0.2]"
6752,748.9600366803963,773866.5858718017,"[0.2, 0.2, 0.2, 0.2, 0.2]"
6753,700.9996050559613,615326.0108513657,"[0.2, 0.2, 0.2, 0.2, 0.2]"
6754,119.4822410478951,820017.7288032463,"[0.2, 0.2, 0.2, 0.2, 0.2]"
6755,782.987894723675,886222.2083360605,"[0.2, 0.2, 0.2, 0.2, 0.2]"
6756,128.90099128399146,194000.8766362723,"[0.2, 0.2, 0.2, 0.2, 0.2]"
6757,500.91825563980376,465419.0104825516,"[0.2, 0.2, 0.2, 0.2, 0.2]"
6758,550.4140574778797,101870.31135908297,"[0.2, 0.2, 0.2, 0.2, 0.2]"
6759,65.78287394820319,643914.8797286686,"[0.2, 0.2, 0.2, 0.2, 0.2]"
6760,545.1208944547991,768487.5678054059,"[0.2, 0.2, 0.2, 0.2, 0.2]"
6761,311.0846041947302,288271.93342975527,"[0.2, 0.2, 0.2, 0.2, 0.2]"
6762,872.298940223524,699532.882220756,"[0.2, 0.2, 0.2, 0.2, 0.2]"
6763,49.976072231618616,504838.0148927614,"[0.2, 0.2, 0.2, 0.2, 0.2]"
6764,406.21781440697447,750013.6120439551,"[0.2, 0.2, 0.2, 0.2, 0.2]"
6765,578.8985880102946,911431.8294897156,"[0.2, 0.2, 0.2, 0.2, 0.2]"
6766,12.106834713823309,263309.21498665574,"[0.2, 0.2, 0.2, 0.2, 0.2]"
6767,115.89499852298209,900364.2116649558,"[0.2, 0.2, 0.2, 0.2, 0.2]"
6768,688.3660415877829,772582.462212232,"[0.2, 0.2, 0.2, 0.2, 0.2]"
6769,664.567222892736,396371.33922771947,"[0.2, 0.2, 0.2, 0.2, 0.2]"
6770,784.6420592746424,441399.62615807325,"[0.2, 0.2, 0.2, 0.2, 0.2]"
6771,124.97404653444089,392821.55478122813,"[0.2, 0.2, 0.2, 0.2, 0.2]"
6772,702.2404291917973,106736.62322930303,"[0.2, 0.2, 0.2, 0.2, 0.2]"
6773,398.1709251915204,630378.4637624319,"[0.2, 0.2, 0.2, 0.2, 0.2]"
6774,751.7435153891817,302086.91305013455,"[0.2, 0.2, 0.2, 0.2, 0.2]"
6775,719.5006113754898,292545.5464049346,"[0.2, 0.2, 0.2, 0.2, 0.2]"
6776,392.23388740086074,854111.5290379949,"[0.2, 0.2, 0.2, 0.2, 0.2]"
6777,646.3470143976376,264503.1460470722,"[0.2, 0.2, 0.2, 0.2, 0.2]"
6778,658.8047622581967,618867.0047833034,"[0.2, 0.2, 0.2, 0.2, 0.2]"
6779,625.2146340622528,185407.81973111257,"[0.2, 0.2, 0.2, 0.2, 0.2]"
6780,761.7779854689949,376332.5576705078,"[0.2, 0.2, 0.2, 0.2, 0.2]"
6781,918.1873412170008,653085.1836014864,"[0.2, 0.2, 0.2, 0.2, 0.2]"
6782,986.3068145078728,922687.1116920194,"[0.2, 0.2, 0.2, 0.2, 0.2]"
6783,366.9177669149162,594487.8117857617,"[0.2, 0.2, 0.2, 0.2, 0.2]"
6784,520.5080491461142,625424.3062985466,"[0.2, 0.2, 0.2, 0.2, 0.2]"
6785,335.7299252694584,880493.9276165938,"[0.2, 0.2, 0.2, 0.2, 0.2]"
6786,483.5063010063845,110258.8985267008,"[0.2, 0.2, 0.2, 0.2, 0.2]"
6787,79.95885467887645,499917.2762034942,"[0.2, 0.2, 0.2, 0.2, 0.2]"
6788,699.9363073460235,879591.4772512717,"[0.2, 0.2, 0.2, 0.2, 0.2]"
6789,129.28455734552074,183428.26386471846,"[0.2, 0.2, 0.2, 0.2, 0.2]"
6790,62.26304750346779,999658.8761071131,"[0.2, 0.2, 0.2, 0.2, 0.2]"
6791,763.0548040699733,997003.9871561503,"[0.2, 0.2, 0.2, 0.2, 0.2]"
6792,913.4099302722439,925315.163428276,"[0.2, 0.2, 0.2, 0.2, 0.2]"
6793,794.1849925095463,742562.1423417957,"[0.2, 0.2, 0.2, 0.2, 0.2]"
6794,829.8164169702552,619814.9919601494,"[0.2, 0.2, 0.2, 0.2, 0.2]"
6795,47.86115383877053,273839.05685483525,"[0.2, 0.2, 0.2, 0.2, 0.2]"
6796,179.31547626114246,910033.1323887109,"[0.2, 0.2, 0.2, 0.2, 0.2]"
6797,43.02097185225239,963620.7774939935,"[0.2, 0.2, 0.2, 0.2, 0.2]"
6798,196.3123819505337,663013.8527317387,"[0.2, 0.2, 0.2, 0.2, 0.2]"
6799,252.99385902472514,271491.1493365385,"[0.2, 0.2, 0.2, 0.2, 0.2]"
6800,839.3154810112437,713817.3745383269,"[0.2, 0.2, 0.2, 0.2, 0.2]"
6801,84.55481877978367,457149.1702149722,"[0.2, 0.2, 0.2, 0.2, 0.2]"
6802,627.6007360102525,521945.15299486433,"[0.2, 0.2, 0.2, 0.2, 0.2]"
6803,208.76266043467308,822216.1732027662,"[0.2, 0.2, 0.2, 0.2, 0.2]"
6804,39.05170182843094,461775.93970140244,"[0.2, 0.2, 0.2, 0.2, 0.2]"
6805,177.30431798725382,250336.77977223985,"[0.2, 0.2, 0.2, 0.2, 0.2]"
6806,17.737098100793546,225498.36656927236,"[0.2, 0.2, 0.2, 0.2, 0.2]"
6807,618.4950132314815,806972.0074932894,"[0.2, 0.2, 0.2, 0.2, 0.2]"
6808,98.21879546545887,998938.4704410274,"[0.2, 0.2, 0.2, 0.2, 0.2]"
6809,857.6661624872028,472460.12910678965,"[0.2, 0.2, 0.2, 0.2, 0.2]"
6810,259.43156519515423,360841.61134844995,"[0.2, 0.2, 0.2, 0.2, 0.2]"
6811,143.96738732747673,584837.5467206367,"[0.2, 0.2, 0.2, 0.2, 0.2]"
6812,37.98699454601597,160282.81287088073,"[0.2, 0.2, 0.2, 0.2, 0.2]"
6813,149.7895424451512,186051.39731280733,"[0.2, 0.2, 0.2, 0.2, 0.2]"
6814,675.493384241023,402450.39335071767,"[0.2, 0.2, 0.2, 0.2, 0.2]"
6815,866.9688545216702,405215.5815473436,"[0.2, 0.2, 0.2, 0.2, 0.2]"
6816,331.23535688789593,517466.573967155,"[0.2, 0.2, 0.2, 0.2, 0.2]"
6817,565.3787024231779,790716.4499381621,"[0.2, 0.2, 0.2, 0.2, 0.2]"
6818,459.70448119667213,625483.6319063762,"[0.2, 0.2, 0.2, 0.2, 0.2]"
6819,199.58829802518562,289950.59727848903,"[0.2, 0.2, 0.2, 0.2, 0.2]"
6820,250.3500391430529,550522.7066313898,"[0.2, 0.2, 0.2, 0.2, 0.2]"
6821,637.00397216067,669346.5866803683,"[0.2, 0.2, 0.2, 0.2, 0.2]"
6822,883.4588770406048,949187.5976841953,"[0.2, 0.2, 0.2, 0.2, 0.2]"
6823,611.6465052402905,227793.81180368195,"[0.2, 0.2, 0.2, 0.2, 0.2]"
6824,171.09415450342658,245665.80921798327,"[0.2, 0.2, 0.2, 0.2, 0.2]"
6825,919.6317370325526,422600.32905863377,"[0.2, 0.2, 0.2, 0.2, 0.2]"
6826,516.4026508318252,163756.00177950325,"[0.2, 0.2, 0.2, 0.2, 0.2]"
6827,586.1906503508441,259031.94035621127,"[0.2, 0.2, 0.2, 0.2, 0.2]"
6828,359.1333166845429,259264.40666216146,"[0.2, 0.2, 0.2, 0.2, 0.2]"
6829,518.5566963055397,616688.4787600772,"[0.2, 0.2, 0.2, 0.2, 0.2]"
6830,768.8689838226693,655512.8336007916,"[0.2, 0.2, 0.2, 0.2, 0.2]"
6831,166.4083155503728,640509.1538618848,"[0.2, 0.2, 0.2, 0.2, 0.2]"
6832,123.35554478340306,187980.76363501867,"[0.2, 0.2, 0.2, 0.2, 0.2]"
6833,895.4970691273521,969387.2001145063,"[0.2, 0.2, 0.2, 0.2, 0.2]"
6834,839.1399970521564,630596.2242855806,"[0.2, 0.2, 0.2, 0.2, 0.2]"
6835,695.6340022449948,499352.7254763664,"[0.2, 0.2, 0.2, 0.2, 0.2]"
6836,783.9133750219123,356302.46497373324,"[0.2, 0.2, 0.2, 0.2, 0.2]"
6837,960.0289436000699,613470.3724102206,"[0.2, 0.2, 0.2, 0.2, 0.2]"
6838,465.6582280777506,301997.78137918055,"[0.2, 0.2, 0.2, 0.2, 0.2]"
6839,294.75490355504496,759326.8182503666,"[0.2, 0.2, 0.2, 0.2, 0.2]"
6840,451.5680193105465,957049.319570882,"[0.2, 0.2, 0.2, 0.2, 0.2]"
6841,325.72122593072,103088.52043135386,"[0.2, 0.2, 0.2, 0.2, 0.2]"
6842,707.6759161137064,802409.1928720087,"[0.2, 0.2, 0.2, 0.2, 0.2]"
6843,849.4440222160652,892444.5318186822,"[0.2, 0.2, 0.2, 0.2, 0.2]"
6844,548.2446975768247,714173.7221500297,"[0.2, 0.2, 0.2, 0.2, 0.2]"
6845,118.72150039582449,325355.49906646984,"[0.2, 0.2, 0.2, 0.2, 0.2]"
6846,188.97412977666198,751739.6497100121,"[0.2, 0.2, 0.2, 0.2, 0.2]"
6847,457.3423958403557,973154.1183003798,"[0.2, 0.2, 0.2, 0.2, 0.2]"
6848,485.9831733819721,502479.76659395685,"[0.2, 0.2, 0.2, 0.2, 0.2]"
6849,318.161758193807,147931.31519056,"[0.2, 0.2, 0.2, 0.2, 0.2]"
6850,781.7679733247429,333059.4534964586,"[0.2, 0.2, 0.2, 0.2, 0.2]"
6851,959.5879814366003,453121.1391190587,"[0.2, 0.2, 0.2, 0.2, 0.2]"
6852,838.6699204502676,889952.7257689503,"[0.2, 0.2, 0.2, 0.2, 0.2]"
6853,622.8137577613033,670913.1160547889,"[0.2, 0.2, 0.2, 0.2, 0.2]"
6854,576.0309856018373,433547.2512555211,"[0.2, 0.2, 0.2, 0.2, 0.2]"
6855,990.8331493663227,105488.03294802859,"[0.2, 0.2, 0.2, 0.2, 0.2]"
6856,913.9342431185172,370891.39429922024,"[0.2, 0.2, 0.2, 0.2, 0.2]"
6857,153.75946075905586,916326.847720033,"[0.2, 0.2, 0.2, 0.2, 0.2]"
6858,72.32711408473662,591042.1830293909,"[0.2, 0.2, 0.2, 0.2, 0.2]"
6859,548.1390544657925,138424.0877746049,"[0.2, 0.2, 0.2, 0.2, 0.2]"
6860,301.39353686209824,851997.957283193,"[0.2, 0.2, 0.2, 0.2, 0.2]"
6861,329.5626541561631,138716.71330268876,"[0.2, 0.2, 0.2, 0.2, 0.2]"
6862,828.9825473768482,962570.4500195477,"[0.2, 0.2, 0.2, 0.2, 0.2]"
6863,929.4763820099596,885003.5174416692,"[0.2, 0.2, 0.2, 0.2, 0.2]"
6864,63.570609662072904,822195.2103168526,"[0.2, 0.2, 0.2, 0.2, 0.2]"
6865,676.6014360523824,446970.23596929107,"[0.2, 0.2, 0.2, 0.2, 0.2]"
6866,922.4356718298786,576544.4107394969,"[0.2, 0.2, 0.2, 0.2, 0.2]"
6867,545.0330086812999,330384.84942085925,"[0.2, 0.2, 0.2, 0.2, 0.2]"
6868,510.7623747049806,499301.9927870334,"[0.2, 0.2, 0.2, 0.2, 0.2]"
6869,712.8138865300804,475042.07657002046,"[0.2, 0.2, 0.2, 0.2, 0.2]"
6870,553.2265778171927,703588.3576068929,"[0.2, 0.2, 0.2, 0.2, 0.2]"
6871,899.1727081802129,605007.1792453672,"[0.2, 0.2, 0.2, 0.2, 0.2]"
6872,63.18343104843723,329929.9866643691,"[0.2, 0.2, 0.2, 0.2, 0.2]"
6873,200.67534639075052,111758.50315749037,"[0.2, 0.2, 0.2, 0.2, 0.2]"
6874,470.1981843686653,750244.7314033697,"[0.2, 0.2, 0.2, 0.2, 0.2]"
6875,808.8172925272277,431838.18217466085,"[0.2, 0.2, 0.2, 0.2, 0.2]"
6876,14.819440362055666,926924.6278546619,"[0.2, 0.2, 0.2, 0.2, 0.2]"
6877,315.1268002353889,970724.9829000774,"[0.2, 0.2, 0.2, 0.2, 0.2]"
6878,351.49017148433825,742372.8620632858,"[0.2, 0.2, 0.2, 0.2, 0.2]"
6879,810.8255312445237,335537.7469309345,"[0.2, 0.2, 0.2, 0.2, 0.2]"
6880,890.0728119587484,971159.1989587249,"[0.2, 0.2, 0.2, 0.2, 0.2]"
6881,464.8198883795408,729998.2127023234,"[0.2, 0.2, 0.2, 0.2, 0.2]"
6882,470.11086486912825,268610.34042179055,"[0.2, 0.2, 0.2, 0.2, 0.2]"
6883,245.41415829509722,503299.56851850037,"[0.2, 0.2, 0.2, 0.2, 0.2]"
6884,508.6511687649027,579211.7231460159,"[0.2, 0.2, 0.2, 0.2, 0.2]"
6885,614.0568065208805,288567.96063790895,"[0.2, 0.2, 0.2, 0.2, 0.2]"
6886,818.3775630367952,423340.885137571,"[0.2, 0.2, 0.2, 0.2, 0.2]"
6887,218.50877393552304,916479.9129063361,"[0.2, 0.2, 0.2, 0.2, 0.2]"
6888,118.23401212274081,453817.7002744377,"[0.2, 0.2, 0.2, 0.2, 0.2]"
6889,563.9378085679976,732398.1259267039,"[0.2, 0.2, 0.2, 0.2, 0.2]"
6890,798.857408329404,719590.3097595142,"[0.2, 0.2, 0.2, 0.2, 0.2]"
6891,689.6747223350926,390802.75336446986,"[0.2, 0.2, 0.2, 0.2, 0.2]"
6892,737.1520427613845,931044.994569191,"[0.2, 0.2, 0.2, 0.2, 0.2]"
6893,743.1111452612505,775362.8803497396,"[0.2, 0.2, 0.2, 0.2, 0.2]"
6894,197.64194481365297,168025.86694915325,"[0.2, 0.2, 0.2, 0.2, 0.2]"
6895,670.4904325687182,540083.5967913077,"[0.2, 0.2, 0.2, 0.2, 0.2]"
6896,38.80794620464201,384516.56951828697,"[0.2, 0.2, 0.2, 0.2, 0.2]"
6897,376.66983367545095,261591.758265094,"[0.2, 0.2, 0.2, 0.2, 0.2]"
6898,383.1944284058593,662731.6781273631,"[0.2, 0.2, 0.2, 0.2, 0.2]"
6899,496.9205393461821,641238.5838049462,"[0.2, 0.2, 0.2, 0.2, 0.2]"
6900,873.0309995048941,531166.0880350057,"[0.2, 0.2, 0.2, 0.2, 0.2]"
6901,125.0906204789092,152202.17701342318,"[0.2, 0.2, 0.2, 0.2, 0.2]"
6902,639.094186867043,707404.7341500233,"[0.2, 0.2, 0.2, 0.2, 0.2]"
6903,88.13281381784647,518978.5813983261,"[0.2, 0.2, 0.2, 0.2, 0.2]"
6904,360.8240999549784,342014.2490763627,"[0.2, 0.2, 0.2, 0.2, 0.2]"
6905,57.51675612602921,931340.4978129577,"[0.2, 0.2, 0.2, 0.2, 0.2]"
6906,543.8348485298359,694849.3700220569,"[0.2, 0.2, 0.2, 0.2, 0.2]"
6907,258.78159989352605,769489.7788119257,"[0.2, 0.2, 0.2, 0.2, 0.2]"
6908,27.552087848854868,539299.346987457,"[0.2, 0.2, 0.2, 0.2, 0.2]"
6909,229.53712817208313,450516.21784228174,"[0.2, 0.2, 0.2, 0.2, 0.2]"
6910,850.8700386781785,289764.5261770852,"[0.2, 0.2, 0.2, 0.2, 0.2]"
6911,425.7195175403615,676864.5570819441,"[0.2, 0.2, 0.2, 0.2, 0.2]"
6912,522.1368108859662,103143.97174664515,"[0.2, 0.2, 0.2, 0.2, 0.2]"
6913,169.66635527707527,962838.8185548185,"[0.2, 0.2, 0.2, 0.2, 0.2]"
6914,144.27562000594128,574881.654505919,"[0.2, 0.2, 0.2, 0.2, 0.2]"
6915,403.3386031289792,661061.2332395775,"[0.2, 0.2, 0.2, 0.2, 0.2]"
6916,819.1165615216586,476371.38601372193,"[0.2, 0.2, 0.2, 0.2, 0.2]"
6917,309.59460545989197,804351.1634578676,"[0.2, 0.2, 0.2, 0.2, 0.2]"
6918,266.3890113505642,732089.7611748936,"[0.2, 0.2, 0.2, 0.2, 0.2]"
6919,634.2782811662662,981325.9657425903,"[0.2, 0.2, 0.2, 0.2, 0.2]"
6920,180.56567392962646,479955.00967412064,"[0.2, 0.2, 0.2, 0.2, 0.2]"
6921,58.16375480831565,430882.2230717148,"[0.2, 0.2, 0.2, 0.2, 0.2]"
6922,596.4288764654242,676738.0263706852,"[0.2, 0.2, 0.2, 0.2, 0.2]"
6923,573.1910013084503,495860.324742172,"[0.2, 0.2, 0.2, 0.2, 0.2]"
6924,103.08805990150336,385680.3004077857,"[0.2, 0.2, 0.2, 0.2, 0.2]"
6925,258.17725488938294,559565.8950904445,"[0.2, 0.2, 0.2, 0.2, 0.2]"
6926,352.00590466040103,648994.8329642654,"[0.2, 0.2, 0.2, 0.2, 0.2]"
6927,68.63122651594725,696623.1544385636,"[0.2, 0.2, 0.2, 0.2, 0.2]"
6928,530.5706783730001,591083.2758603645,"[0.2, 0.2, 0.2, 0.2, 0.2]"
6929,180.93364095475584,122557.66199356267,"[0.2, 0.2, 0.2, 0.2, 0.2]"
6930,311.19642074434404,777351.3524895303,"[0.2, 0.2, 0.2, 0.2, 0.2]"
6931,394.34787924655984,338709.6651488771,"[0.2, 0.2, 0.2, 0.2, 0.2]"
6932,941.8237307844412,106427.14083592985,"[0.2, 0.2, 0.2, 0.2, 0.2]"
6933,436.2190839491021,826643.8811302233,"[0.2, 0.2, 0.2, 0.2, 0.2]"
6934,174.6045656623679,657108.920097228,"[0.2, 0.2, 0.2, 0.2, 0.2]"
6935,474.3198745857728,943278.185262532,"[0.2, 0.2, 0.2, 0.2, 0.2]"
6936,94.39703467039762,346990.3521233137,"[0.2, 0.2, 0.2, 0.2, 0.2]"
6937,850.0688022758534,894017.0290829798,"[0.2, 0.2, 0.2, 0.2, 0.2]"
6938,128.99376107302754,616353.7429751247,"[0.2, 0.2, 0.2, 0.2, 0.2]"
6939,187.1682701043697,805619.8226438608,"[0.2, 0.2, 0.2, 0.2, 0.2]"
6940,581.9409166995805,545001.242479338,"[0.2, 0.2, 0.2, 0.2, 0.2]"
6941,50.72756297536644,442603.3277731892,"[0.2, 0.2, 0.2, 0.2, 0.2]"
6942,436.24510690172895,587393.9300424033,"[0.2, 0.2, 0.2, 0.2, 0.2]"
6943,347.73009474741417,122979.84267738962,"[0.2, 0.2, 0.2, 0.2, 0.2]"
6944,421.8197245976215,689108.4616365368,"[0.2, 0.2, 0.2, 0.2, 0.2]"
6945,137.34010393273462,552362.7757911361,"[0.2, 0.2, 0.2, 0.2, 0.2]"
6946,700.7951915282802,435405.2599530874,"[0.2, 0.2, 0.2, 0.2, 0.2]"
6947,446.6838575415258,783051.2952514288,"[0.2, 0.2, 0.2, 0.2, 0.2]"
6948,451.7046887521109,581423.6102972901,"[0.2, 0.2, 0.2, 0.2, 0.2]"
6949,462.38688567021,845339.4969162026,"[0.2, 0.2, 0.2, 0.2, 0.2]"
6950,943.781004992194,731304.4855571869,"[0.2, 0.2, 0.2, 0.2, 0.2]"
6951,946.7590680929832,704399.2524717428,"[0.2, 0.2, 0.2, 0.2, 0.2]"
6952,21.297777417495375,465194.89241625916,"[0.2, 0.2, 0.2, 0.2, 0.2]"
6953,461.1656786580916,797605.7805174263,"[0.2, 0.2, 0.2, 0.2, 0.2]"
6954,610.3541127903745,852767.0377933102,"[0.2, 0.2, 0.2, 0.2, 0.2]"
6955,706.217111590679,996327.4799658469,"[0.2, 0.2, 0.2, 0.2, 0.2]"
6956,689.8557446989578,770532.8304053392,"[0.2, 0.2, 0.2, 0.2, 0.2]"
6957,161.6914168892609,333099.03691496386,"[0.2, 0.2, 0.2, 0.2, 0.2]"
6958,261.92284889546283,111608.0581897795,"[0.2, 0.2, 0.2, 0.2, 0.2]"
6959,948.8584702611549,104125.6540881453,"[0.2, 0.2, 0.2, 0.2, 0.2]"
6960,803.4673557312964,274259.14063643094,"[0.2, 0.2, 0.2, 0.2, 0.2]"
6961,563.9816135711962,381801.52149150247,"[0.2, 0.2, 0.2, 0.2, 0.2]"
6962,754.4923711137069,310777.476276506,"[0.2, 0.2, 0.2, 0.2, 0.2]"
6963,722.3007714002666,457795.08104415477,"[0.2, 0.2, 0.2, 0.2, 0.2]"
6964,815.0325879768675,370814.53259142564,"[0.2, 0.2, 0.2, 0.2, 0.2]"
6965,147.50739216812593,477789.24821028806,"[0.2, 0.2, 0.2, 0.2, 0.2]"
6966,133.22000449136812,127775.29029426324,"[0.2, 0.2, 0.2, 0.2, 0.2]"
6967,600.0393391216606,936604.7490174529,"[0.2, 0.2, 0.2, 0.2, 0.2]"
6968,646.0025122757506,368978.5264866961,"[0.2, 0.2, 0.2, 0.2, 0.2]"
6969,523.9548886957028,821778.4016265118,"[0.2, 0.2, 0.2, 0.2, 0.2]"
6970,977.7908646234094,900396.5316859316,"[0.2, 0.2, 0.2, 0.2, 0.2]"
6971,995.7244618576747,390995.294678825,"[0.2, 0.2, 0.2, 0.2, 0.2]"
6972,644.2869662375136,540188.3801537177,"[0.2, 0.2, 0.2, 0.2, 0.2]"
6973,664.066609820785,208863.60990405263,"[0.2, 0.2, 0.2, 0.2, 0.2]"
6974,226.833695076238,392935.59826017334,"[0.2, 0.2, 0.2, 0.2, 0.2]"
6975,323.42930285871563,670983.1841302625,"[0.2, 0.2, 0.2, 0.2, 0.2]"
6976,159.72629845404168,441673.3338229281,"[0.2, 0.2, 0.2, 0.2, 0.2]"
6977,851.3026504017653,745371.2522916509,"[0.2, 0.2, 0.2, 0.2, 0.2]"
6978,659.1408784342078,588717.1005495412,"[0.2, 0.2, 0.2, 0.2, 0.2]"
6979,253.30106851226833,565495.3169986021,"[0.2, 0.2, 0.2, 0.2, 0.2]"
6980,424.6023416513812,647713.291239317,"[0.2, 0.2, 0.2, 0.2, 0.2]"
6981,362.283886011196,754742.9456593305,"[0.2, 0.2, 0.2, 0.2, 0.2]"
6982,97.74466778326926,214418.16977271246,"[0.2, 0.2, 0.2, 0.2, 0.2]"
6983,58.3579221309547,792869.4684842671,"[0.2, 0.2, 0.2, 0.2, 0.2]"
6984,412.23733209914565,829105.6780635989,"[0.2, 0.2, 0.2, 0.2, 0.2]"
6985,706.3542693998576,221897.88609527017,"[0.2, 0.2, 0.2, 0.2, 0.2]"
6986,113.17872725032149,289465.8722404495,"[0.2, 0.2, 0.2, 0.2, 0.2]"
6987,722.0058188507443,158519.29143893986,"[0.2, 0.2, 0.2, 0.2, 0.2]"
6988,164.94733612025018,147196.36999119993,"[0.2, 0.2, 0.2, 0.2, 0.2]"
6989,230.42507154811642,597329.2812005474,"[0.2, 0.2, 0.2, 0.2, 0.2]"
6990,464.74986398453933,369188.02100523707,"[0.2, 0.2, 0.2, 0.2, 0.2]"
6991,484.2429721744479,477567.8427755641,"[0.2, 0.2, 0.2, 0.2, 0.2]"
6992,239.81821724937876,388116.0364672637,"[0.2, 0.2, 0.2, 0.2, 0.2]"
6993,572.1750432318461,327700.03353088384,"[0.2, 0.2, 0.2, 0.2, 0.2]"
6994,546.1654926364079,817172.6935758508,"[0.2, 0.2, 0.2, 0.2, 0.2]"
6995,787.7583901329451,684516.0686995751,"[0.2, 0.2, 0.2, 0.2, 0.2]"
6996,772.1650449136743,237530.5951403664,"[0.2, 0.2, 0.2, 0.2, 0.2]"
6997,100.84439186975807,647368.9111226755,"[0.2, 0.2, 0.2, 0.2, 0.2]"
6998,306.25485307918495,955324.0472093326,"[0.2, 0.2, 0.2, 0.2, 0.2]"
6999,44.255578895851315,831937.7559681801,"[0.2, 0.2, 0.2, 0.2, 0.2]"
7000,746.5156756781395,501942.6814494477,"[0.2, 0.2, 0.2, 0.2, 0.2]"
7001,802.8371711692687,788467.0689264059,"[0.2, 0.2, 0.2, 0.2, 0.2]"
7002,222.78984240296194,572971.046552426,"[0.2, 0.2, 0.2, 0.2, 0.2]"
7003,654.3202454866081,696622.1273326259,"[0.2, 0.2, 0.2, 0.2, 0.2]"
7004,643.3406445153694,107023.5263279176,"[0.2, 0.2, 0.2, 0.2, 0.2]"
7005,76.34312286657754,259945.63571278987,"[0.2, 0.2, 0.2, 0.2, 0.2]"
7006,569.0795956929094,891611.8072829451,"[0.2, 0.2, 0.2, 0.2, 0.2]"
7007,575.2215365762389,353267.9166279521,"[0.2, 0.2, 0.2, 0.2, 0.2]"
7008,793.9625449092896,289022.6901240101,"[0.2, 0.2, 0.2, 0.2, 0.2]"
7009,155.12590445408023,628714.750735191,"[0.2, 0.2, 0.2, 0.2, 0.2]"
7010,70.04914767132601,191819.31065622746,"[0.2, 0.2, 0.2, 0.2, 0.2]"
7011,270.2097381608989,477530.571428432,"[0.2, 0.2, 0.2, 0.2, 0.2]"
7012,946.6543740023702,173417.5009935351,"[0.2, 0.2, 0.2, 0.2, 0.2]"
7013,493.57720657218204,899279.9141358471,"[0.2, 0.2, 0.2, 0.2, 0.2]"
7014,202.08750314901945,314659.23497953685,"[0.2, 0.2, 0.2, 0.2, 0.2]"
7015,822.4901289818199,288674.21609320724,"[0.2, 0.2, 0.2, 0.2, 0.2]"
7016,623.754124943565,766771.0682543928,"[0.2, 0.2, 0.2, 0.2, 0.2]"
7017,399.06860912981494,616041.3158277828,"[0.2, 0.2, 0.2, 0.2, 0.2]"
7018,837.9222034977884,925704.0878035692,"[0.2, 0.2, 0.2, 0.2, 0.2]"
7019,109.52907182424192,697106.9027830623,"[0.2, 0.2, 0.2, 0.2, 0.2]"
7020,325.10426416510137,180652.82565461838,"[0.2, 0.2, 0.2, 0.2, 0.2]"
7021,397.69117183181345,938630.2065335707,"[0.2, 0.2, 0.2, 0.2, 0.2]"
7022,451.6716583681182,474492.9610795016,"[0.2, 0.2, 0.2, 0.2, 0.2]"
7023,924.3179462643523,117879.09484403644,"[0.2, 0.2, 0.2, 0.2, 0.2]"
7024,539.6927835956716,584675.2207998802,"[0.2, 0.2, 0.2, 0.2, 0.2]"
7025,923.9215927009736,580146.4421917032,"[0.2, 0.2, 0.2, 0.2, 0.2]"
7026,158.42618106920116,162097.5489454953,"[0.2, 0.2, 0.2, 0.2, 0.2]"
7027,376.4419647312154,397103.28260527365,"[0.2, 0.2, 0.2, 0.2, 0.2]"
7028,220.85638976626194,618631.9592870118,"[0.2, 0.2, 0.2, 0.2, 0.2]"
7029,890.860206071911,206715.17405696702,"[0.2, 0.2, 0.2, 0.2, 0.2]"
7030,961.0350501121299,235657.56071243092,"[0.2, 0.2, 0.2, 0.2, 0.2]"
7031,407.74078569277515,282875.4811413896,"[0.2, 0.2, 0.2, 0.2, 0.2]"
7032,220.74843370897992,887036.8362636465,"[0.2, 0.2, 0.2, 0.2, 0.2]"
7033,555.3927487410391,414246.705368989,"[0.2, 0.2, 0.2, 0.2, 0.2]"
7034,623.3468389871537,610150.3616682594,"[0.2, 0.2, 0.2, 0.2, 0.2]"
7035,552.2172209987078,691926.9331918322,"[0.2, 0.2, 0.2, 0.2, 0.2]"
7036,154.75790453384872,562239.6869654856,"[0.2, 0.2, 0.2, 0.2, 0.2]"
7037,191.1130579279543,897629.629788849,"[0.2, 0.2, 0.2, 0.2, 0.2]"
7038,417.95082514473364,260752.61327441272,"[0.2, 0.2, 0.2, 0.2, 0.2]"
7039,68.7457568435965,374710.96742035856,"[0.2, 0.2, 0.2, 0.2, 0.2]"
7040,648.8237494898057,179334.1350963026,"[0.2, 0.2, 0.2, 0.2, 0.2]"
7041,324.2136964102012,267491.9095600026,"[0.2, 0.2, 0.2, 0.2, 0.2]"
7042,783.7338193702376,147725.3075344533,"[0.2, 0.2, 0.2, 0.2, 0.2]"
7043,200.86932969222752,984367.960475986,"[0.2, 0.2, 0.2, 0.2, 0.2]"
7044,427.9335543264704,603951.8981689106,"[0.2, 0.2, 0.2, 0.2, 0.2]"
7045,401.6057281989377,332534.9674397822,"[0.2, 0.2, 0.2, 0.2, 0.2]"
7046,10.98007194621554,379425.55428886216,"[0.2, 0.2, 0.2, 0.2, 0.2]"
7047,607.9731532855785,471320.88373406744,"[0.2, 0.2, 0.2, 0.2, 0.2]"
7048,905.5710192431708,355039.9448724096,"[0.2, 0.2, 0.2, 0.2, 0.2]"
7049,562.0887283842325,776597.5995186452,"[0.2, 0.2, 0.2, 0.2, 0.2]"
7050,492.2913915545706,515212.726775515,"[0.2, 0.2, 0.2, 0.2, 0.2]"
7051,254.2388483240519,806901.075770269,"[0.2, 0.2, 0.2, 0.2, 0.2]"
7052,719.5650350638555,901642.0497318166,"[0.2, 0.2, 0.2, 0.2, 0.2]"
7053,271.09074855753767,394031.63935132406,"[0.2, 0.2, 0.2, 0.2, 0.2]"
7054,657.2586766845113,253795.75553459564,"[0.2, 0.2, 0.2, 0.2, 0.2]"
7055,712.861320737122,635165.4445799078,"[0.2, 0.2, 0.2, 0.2, 0.2]"
7056,448.5201339597455,481174.15762135404,"[0.2, 0.2, 0.2, 0.2, 0.2]"
7057,941.2249519243733,900876.1880915989,"[0.2, 0.2, 0.2, 0.2, 0.2]"
7058,954.2842597392627,248422.2543465807,"[0.2, 0.2, 0.2, 0.2, 0.2]"
7059,299.8575226898322,680493.5864351307,"[0.2, 0.2, 0.2, 0.2, 0.2]"
7060,312.3374949992514,514441.2851120246,"[0.2, 0.2, 0.2, 0.2, 0.2]"
7061,170.30927184205487,707975.4372314586,"[0.2, 0.2, 0.2, 0.2, 0.2]"
7062,140.2922617518194,548047.8810836095,"[0.2, 0.2, 0.2, 0.2, 0.2]"
7063,175.69057571571872,285721.59150604764,"[0.2, 0.2, 0.2, 0.2, 0.2]"
7064,73.69794217854798,774395.115516775,"[0.2, 0.2, 0.2, 0.2, 0.2]"
7065,612.3326859145423,145723.42032694144,"[0.2, 0.2, 0.2, 0.2, 0.2]"
7066,301.9372534406566,189639.5336087905,"[0.2, 0.2, 0.2, 0.2, 0.2]"
7067,391.89565949653877,886393.4736754035,"[0.2, 0.2, 0.2, 0.2, 0.2]"
7068,847.213062345158,968896.7352433035,"[0.2, 0.2, 0.2, 0.2, 0.2]"
7069,621.6923951954004,440861.84865345206,"[0.2, 0.2, 0.2, 0.2, 0.2]"
7070,870.2751792875197,368031.6926962808,"[0.2, 0.2, 0.2, 0.2, 0.2]"
7071,679.387357041266,890400.6534612731,"[0.2, 0.2, 0.2, 0.2, 0.2]"
7072,342.3474837140171,952669.9987727072,"[0.2, 0.2, 0.2, 0.2, 0.2]"
7073,513.6642158290974,249715.9132982848,"[0.2, 0.2, 0.2, 0.2, 0.2]"
7074,264.7917294777911,183207.85417575645,"[0.2, 0.2, 0.2, 0.2, 0.2]"
7075,788.8922260429656,802076.6798643733,"[0.2, 0.2, 0.2, 0.2, 0.2]"
7076,403.8176328387137,420874.07230554544,"[0.2, 0.2, 0.2, 0.2, 0.2]"
7077,945.0362549138595,896042.2196139367,"[0.2, 0.2, 0.2, 0.2, 0.2]"
7078,615.9664563518686,759134.4161483825,"[0.2, 0.2, 0.2, 0.2, 0.2]"
7079,606.8501071940643,351498.5965701491,"[0.2, 0.2, 0.2, 0.2, 0.2]"
7080,282.67712462549474,371262.9560049335,"[0.2, 0.2, 0.2, 0.2, 0.2]"
7081,111.8151963261362,373023.10538687307,"[0.2, 0.2, 0.2, 0.2, 0.2]"
7082,512.3963646090212,617185.4179052451,"[0.2, 0.2, 0.2, 0.2, 0.2]"
7083,95.84836690219353,390976.9889794515,"[0.2, 0.2, 0.2, 0.2, 0.2]"
7084,928.1127828084883,851147.4440177741,"[0.2, 0.2, 0.2, 0.2, 0.2]"
7085,518.4984806259554,363114.2816149935,"[0.2, 0.2, 0.2, 0.2, 0.2]"
7086,310.836372676958,938099.5661438659,"[0.2, 0.2, 0.2, 0.2, 0.2]"
7087,938.6670220777479,428311.01298475114,"[0.2, 0.2, 0.2, 0.2, 0.2]"
7088,175.48389135283347,299983.5191660075,"[0.2, 0.2, 0.2, 0.2, 0.2]"
7089,254.0385623349834,702774.1918506828,"[0.2, 0.2, 0.2, 0.2, 0.2]"
7090,896.6860289956855,895949.4019994586,"[0.2, 0.2, 0.2, 0.2, 0.2]"
7091,304.827254346923,374822.0435077384,"[0.2, 0.2, 0.2, 0.2, 0.2]"
7092,177.95265852602907,901604.8923395077,"[0.2, 0.2, 0.2, 0.2, 0.2]"
7093,964.7167563509036,721443.9733602939,"[0.2, 0.2, 0.2, 0.2, 0.2]"
7094,508.6690891589518,722153.5179612426,"[0.2, 0.2, 0.2, 0.2, 0.2]"
7095,979.9526146761399,495202.47056342417,"[0.2, 0.2, 0.2, 0.2, 0.2]"
7096,127.20390029636658,745598.9078085165,"[0.2, 0.2, 0.2, 0.2, 0.2]"
7097,667.8070276524871,402567.81633328216,"[0.2, 0.2, 0.2, 0.2, 0.2]"
7098,634.7711800313923,872864.7973465787,"[0.2, 0.2, 0.2, 0.2, 0.2]"
7099,533.2105560151915,475738.6882688975,"[0.2, 0.2, 0.2, 0.2, 0.2]"
7100,533.1048333490178,266602.47728888027,"[0.2, 0.2, 0.2, 0.2, 0.2]"
7101,985.7742741335836,806578.7346135983,"[0.2, 0.2, 0.2, 0.2, 0.2]"
7102,73.07415321442323,905466.5471814142,"[0.2, 0.2, 0.2, 0.2, 0.2]"
7103,611.7658810353448,488028.6865152405,"[0.2, 0.2, 0.2, 0.2, 0.2]"
7104,67.53317780377256,363831.6397873566,"[0.2, 0.2, 0.2, 0.2, 0.2]"
7105,411.1547988879147,396929.1345194442,"[0.2, 0.2, 0.2, 0.2, 0.2]"
7106,836.1702775175513,893146.8725752967,"[0.2, 0.2, 0.2, 0.2, 0.2]"
7107,124.67255582419826,752463.2391567206,"[0.2, 0.2, 0.2, 0.2, 0.2]"
7108,477.88234355640554,420707.7367052012,"[0.2, 0.2, 0.2, 0.2, 0.2]"
7109,45.47684599656676,648437.3707480335,"[0.2, 0.2, 0.2, 0.2, 0.2]"
7110,419.77487762000646,641289.5090154702,"[0.2, 0.2, 0.2, 0.2, 0.2]"
7111,376.80640106850564,652121.6074285187,"[0.2, 0.2, 0.2, 0.2, 0.2]"
7112,658.0558033223175,622485.2426597635,"[0.2, 0.2, 0.2, 0.2, 0.2]"
7113,592.7973117049131,298239.72491023876,"[0.2, 0.2, 0.2, 0.2, 0.2]"
7114,833.11691812368,915469.405189935,"[0.2, 0.2, 0.2, 0.2, 0.2]"
7115,153.55928691238367,718577.5935342856,"[0.2, 0.2, 0.2, 0.2, 0.2]"
7116,674.5110100141948,842132.4898005746,"[0.2, 0.2, 0.2, 0.2, 0.2]"
7117,693.6307747885423,659979.690434236,"[0.2, 0.2, 0.2, 0.2, 0.2]"
7118,718.7199409254587,289263.37860020006,"[0.2, 0.2, 0.2, 0.2, 0.2]"
7119,930.0293881679248,183722.29435155424,"[0.2, 0.2, 0.2, 0.2, 0.2]"
7120,960.3266769289361,312060.1861740523,"[0.2, 0.2, 0.2, 0.2, 0.2]"
7121,217.0366674525694,340835.85744048044,"[0.2, 0.2, 0.2, 0.2, 0.2]"
7122,812.4138859466121,377484.3841381976,"[0.2, 0.2, 0.2, 0.2, 0.2]"
7123,916.6409864453917,711491.4203242976,"[0.2, 0.2, 0.2, 0.2, 0.2]"
7124,840.0961688115386,382666.7773224669,"[0.2, 0.2, 0.2, 0.2, 0.2]"
7125,557.1072792822364,109912.71821808719,"[0.2, 0.2, 0.2, 0.2, 0.2]"
7126,125.24638017245125,612109.8518134719,"[0.2, 0.2, 0.2, 0.2, 0.2]"
7127,49.61758544251113,357319.9217593159,"[0.2, 0.2, 0.2, 0.2, 0.2]"
7128,620.020458412024,332591.10805797344,"[0.2, 0.2, 0.2, 0.2, 0.2]"
7129,893.532172790886,746190.5783768472,"[0.2, 0.2, 0.2, 0.2, 0.2]"
7130,519.5089372509943,240305.53148870365,"[0.2, 0.2, 0.2, 0.2, 0.2]"
7131,890.5710265302489,462026.4765538107,"[0.2, 0.2, 0.2, 0.2, 0.2]"
7132,580.15447337125,193553.03702061536,"[0.2, 0.2, 0.2, 0.2, 0.2]"
7133,621.9078668123672,750623.1717884517,"[0.2, 0.2, 0.2, 0.2, 0.2]"
7134,908.4184110735674,108942.90476255471,"[0.2, 0.2, 0.2, 0.2, 0.2]"
7135,645.3923947272203,418095.8706466567,"[0.2, 0.2, 0.2, 0.2, 0.2]"
7136,432.7477402521768,286973.72305113415,"[0.2, 0.2, 0.2, 0.2, 0.2]"
7137,711.3052001368831,272999.31599245686,"[0.2, 0.2, 0.2, 0.2, 0.2]"
7138,513.9702363045798,277481.25223908434,"[0.2, 0.2, 0.2, 0.2, 0.2]"
7139,400.44019308953136,109962.71264608655,"[0.2, 0.2, 0.2, 0.2, 0.2]"
7140,868.2096208333485,541695.9444603503,"[0.2, 0.2, 0.2, 0.2, 0.2]"
7141,127.96240010686738,171915.9644952108,"[0.2, 0.2, 0.2, 0.2, 0.2]"
7142,71.0824701463781,719375.1364859939,"[0.2, 0.2, 0.2, 0.2, 0.2]"
7143,572.3787909322771,241623.6769457713,"[0.2, 0.2, 0.2, 0.2, 0.2]"
7144,242.6491543583666,170312.873416893,"[0.2, 0.2, 0.2, 0.2, 0.2]"
7145,15.92094251185103,759971.0249859925,"[0.2, 0.2, 0.2, 0.2, 0.2]"
7146,142.80116538341605,692593.2747689695,"[0.2, 0.2, 0.2, 0.2, 0.2]"
7147,110.59030874065428,593687.7465517735,"[0.2, 0.2, 0.2, 0.2, 0.2]"
7148,818.1227902032526,547789.4190838211,"[0.2, 0.2, 0.2, 0.2, 0.2]"
7149,596.6307464114205,585841.4350762984,"[0.2, 0.2, 0.2, 0.2, 0.2]"
7150,31.050095074366652,787758.0245363007,"[0.2, 0.2, 0.2, 0.2, 0.2]"
7151,585.9352668671354,296572.6404728906,"[0.2, 0.2, 0.2, 0.2, 0.2]"
7152,494.0020218565378,928110.6740379318,"[0.2, 0.2, 0.2, 0.2, 0.2]"
7153,106.47860603015901,597636.2101481551,"[0.2, 0.2, 0.2, 0.2, 0.2]"
7154,751.1531698377195,400439.98762407067,"[0.2, 0.2, 0.2, 0.2, 0.2]"
7155,406.36214695349156,102901.86116981728,"[0.2, 0.2, 0.2, 0.2, 0.2]"
7156,95.78276569029887,856875.2294609899,"[0.2, 0.2, 0.2, 0.2, 0.2]"
7157,698.236903621402,109662.02021134614,"[0.2, 0.2, 0.2, 0.2, 0.2]"
7158,690.3609494344677,315764.35306818294,"[0.2, 0.2, 0.2, 0.2, 0.2]"
7159,355.619933604676,945245.6561199029,"[0.2, 0.2, 0.2, 0.2, 0.2]"
7160,387.2879749167545,337057.8913844573,"[0.2, 0.2, 0.2, 0.2, 0.2]"
7161,210.39769337417562,356181.275113062,"[0.2, 0.2, 0.2, 0.2, 0.2]"
7162,231.0542268975231,985537.7128120132,"[0.2, 0.2, 0.2, 0.2, 0.2]"
7163,353.19370730601594,819803.5026363705,"[0.2, 0.2, 0.2, 0.2, 0.2]"
7164,926.4084769638694,660466.419402462,"[0.2, 0.2, 0.2, 0.2, 0.2]"
7165,953.527015745073,545918.4143776505,"[0.2, 0.2, 0.2, 0.2, 0.2]"
7166,394.169447940872,398187.7614192705,"[0.2, 0.2, 0.2, 0.2, 0.2]"
7167,634.1599317220815,703325.8433714096,"[0.2, 0.2, 0.2, 0.2, 0.2]"
7168,814.0010137366188,869827.4391280009,"[0.2, 0.2, 0.2, 0.2, 0.2]"
7169,509.92650111982533,612514.2978754679,"[0.2, 0.2, 0.2, 0.2, 0.2]"
7170,567.6209311371604,839457.7294384544,"[0.2, 0.2, 0.2, 0.2, 0.2]"
7171,335.7191278359907,273663.4332367779,"[0.2, 0.2, 0.2, 0.2, 0.2]"
7172,61.206350621571794,763208.1318114419,"[0.2, 0.2, 0.2, 0.2, 0.2]"
7173,829.1539434753785,332617.2063447886,"[0.2, 0.2, 0.2, 0.2, 0.2]"
7174,121.7265063688992,270712.08388322406,"[0.2, 0.2, 0.2, 0.2, 0.2]"
7175,575.8628250049661,369896.65976884693,"[0.2, 0.2, 0.2, 0.2, 0.2]"
7176,674.9185132800691,468518.8632126762,"[0.2, 0.2, 0.2, 0.2, 0.2]"
7177,38.01467537621926,780257.0450887054,"[0.2, 0.2, 0.2, 0.2, 0.2]"
7178,278.5549654685635,431927.7468231689,"[0.2, 0.2, 0.2, 0.2, 0.2]"
7179,488.40314036510006,513140.4096662834,"[0.2, 0.2, 0.2, 0.2, 0.2]"
7180,367.73707457245143,665928.1756013067,"[0.2, 0.2, 0.2, 0.2, 0.2]"
7181,470.0658519001323,483694.0997993402,"[0.2, 0.2, 0.2, 0.2, 0.2]"
7182,84.1724681644035,359242.5171691682,"[0.2, 0.2, 0.2, 0.2, 0.2]"
7183,663.302635717908,126097.44608671218,"[0.2, 0.2, 0.2, 0.2, 0.2]"
7184,711.2417125889946,399145.62102011277,"[0.2, 0.2, 0.2, 0.2, 0.2]"
7185,720.5409245930128,893984.4123696203,"[0.2, 0.2, 0.2, 0.2, 0.2]"
7186,457.5701738012985,366458.10294458317,"[0.2, 0.2, 0.2, 0.2, 0.2]"
7187,421.7882320452403,767058.175663409,"[0.2, 0.2, 0.2, 0.2, 0.2]"
7188,500.8463288689848,842373.4261629686,"[0.2, 0.2, 0.2, 0.2, 0.2]"
7189,842.7642023410594,803300.527305258,"[0.2, 0.2, 0.2, 0.2, 0.2]"
7190,301.7258730921445,960141.7212762611,"[0.2, 0.2, 0.2, 0.2, 0.2]"
7191,129.2204645000386,183909.06655189785,"[0.2, 0.2, 0.2, 0.2, 0.2]"
7192,725.2203538159048,149260.55769576773,"[0.2, 0.2, 0.2, 0.2, 0.2]"
7193,207.6218686641173,231562.24418105945,"[0.2, 0.2, 0.2, 0.2, 0.2]"
7194,764.771349227073,617504.3475461248,"[0.2, 0.2, 0.2, 0.2, 0.2]"
7195,373.2299280408445,763819.5763903153,"[0.2, 0.2, 0.2, 0.2, 0.2]"
7196,590.0627489541446,396106.83373434754,"[0.2, 0.2, 0.2, 0.2, 0.2]"
7197,106.20493796269943,395891.82890463964,"[0.2, 0.2, 0.2, 0.2, 0.2]"
7198,992.9362225828676,936409.8799568234,"[0.2, 0.2, 0.2, 0.2, 0.2]"
7199,171.7646507283931,437107.4212552992,"[0.2, 0.2, 0.2, 0.2, 0.2]"
7200,445.3014257711479,177149.21536077224,"[0.2, 0.2, 0.2, 0.2, 0.2]"
7201,573.3480185142921,268939.79231810034,"[0.2, 0.2, 0.2, 0.2, 0.2]"
7202,144.1257827206133,408400.8280928497,"[0.2, 0.2, 0.2, 0.2, 0.2]"
7203,567.1606420541522,992853.0348633493,"[0.2, 0.2, 0.2, 0.2, 0.2]"
7204,546.1360762381025,207605.8854677652,"[0.2, 0.2, 0.2, 0.2, 0.2]"
7205,920.4296544420209,559007.2207683006,"[0.2, 0.2, 0.2, 0.2, 0.2]"
7206,658.9208231493802,652330.905191468,"[0.2, 0.2, 0.2, 0.2, 0.2]"
7207,24.18808462182529,307167.7134572221,"[0.2, 0.2, 0.2, 0.2, 0.2]"
7208,879.166708169055,183988.65240390867,"[0.2, 0.2, 0.2, 0.2, 0.2]"
7209,38.59691676069418,366432.06424141844,"[0.2, 0.2, 0.2, 0.2, 0.2]"
7210,418.3621208749763,543690.2279462856,"[0.2, 0.2, 0.2, 0.2, 0.2]"
7211,184.49742529429017,210376.64767530517,"[0.2, 0.2, 0.2, 0.2, 0.2]"
7212,820.6688819429675,319793.4635024611,"[0.2, 0.2, 0.2, 0.2, 0.2]"
7213,274.1667933137747,176269.86010363785,"[0.2, 0.2, 0.2, 0.2, 0.2]"
7214,678.2606855018109,435054.1514066243,"[0.2, 0.2, 0.2, 0.2, 0.2]"
7215,880.7114470473283,706429.7235395453,"[0.2, 0.2, 0.2, 0.2, 0.2]"
7216,788.478655809414,813704.7219445973,"[0.2, 0.2, 0.2, 0.2, 0.2]"
7217,157.43180905538387,223944.23436792212,"[0.2, 0.2, 0.2, 0.2, 0.2]"
7218,862.998853275666,117217.84662038018,"[0.2, 0.2, 0.2, 0.2, 0.2]"
7219,873.6745487980019,729030.5552708139,"[0.2, 0.2, 0.2, 0.2, 0.2]"
7220,611.0301176824624,429539.3937525205,"[0.2, 0.2, 0.2, 0.2, 0.2]"
7221,38.762153582142375,110214.19552221379,"[0.2, 0.2, 0.2, 0.2, 0.2]"
7222,794.613068781534,412796.28082687646,"[0.2, 0.2, 0.2, 0.2, 0.2]"
7223,816.4647017856336,757700.195555599,"[0.2, 0.2, 0.2, 0.2, 0.2]"
7224,602.0773017834832,504832.33059445967,"[0.2, 0.2, 0.2, 0.2, 0.2]"
7225,865.9432141733082,305082.63783895446,"[0.2, 0.2, 0.2, 0.2, 0.2]"
7226,718.7166970037601,549458.0706370531,"[0.2, 0.2, 0.2, 0.2, 0.2]"
7227,875.763319618258,692288.0193925755,"[0.2, 0.2, 0.2, 0.2, 0.2]"
7228,712.4147255841912,451165.54072958033,"[0.2, 0.2, 0.2, 0.2, 0.2]"
7229,216.2562520361497,373726.83702241944,"[0.2, 0.2, 0.2, 0.2, 0.2]"
7230,576.2327155778812,481510.4931595236,"[0.2, 0.2, 0.2, 0.2, 0.2]"
7231,391.4244673428558,871415.9756217718,"[0.2, 0.2, 0.2, 0.2, 0.2]"
7232,762.0608022977354,499523.9602747078,"[0.2, 0.2, 0.2, 0.2, 0.2]"
7233,102.06468390802638,266528.9020372195,"[0.2, 0.2, 0.2, 0.2, 0.2]"
7234,559.709216820233,360494.6136057938,"[0.2, 0.2, 0.2, 0.2, 0.2]"
7235,917.2895776824146,846492.3904342494,"[0.2, 0.2, 0.2, 0.2, 0.2]"
7236,505.98334175619857,647336.6115266612,"[0.2, 0.2, 0.2, 0.2, 0.2]"
7237,276.4639742135094,314938.67159264325,"[0.2, 0.2, 0.2, 0.2, 0.2]"
7238,668.9071195753728,794495.1101771569,"[0.2, 0.2, 0.2, 0.2, 0.2]"
7239,873.0713128373277,571292.7769600109,"[0.2, 0.2, 0.2, 0.2, 0.2]"
7240,49.38055379420216,174095.21063170227,"[0.2, 0.2, 0.2, 0.2, 0.2]"
7241,375.56489657594625,197192.20112642195,"[0.2, 0.2, 0.2, 0.2, 0.2]"
7242,844.2712890271496,524327.488805285,"[0.2, 0.2, 0.2, 0.2, 0.2]"
7243,273.4218772834363,391718.29183617886,"[0.2, 0.2, 0.2, 0.2, 0.2]"
7244,542.9216915260141,256750.2412963478,"[0.2, 0.2, 0.2, 0.2, 0.2]"
7245,660.3107365652111,684266.4532566218,"[0.2, 0.2, 0.2, 0.2, 0.2]"
7246,870.9521210870637,122373.89963448519,"[0.2, 0.2, 0.2, 0.2, 0.2]"
7247,613.2473712381316,156479.75239242555,"[0.2, 0.2, 0.2, 0.2, 0.2]"
7248,63.677356168847865,977611.0764805758,"[0.2, 0.2, 0.2, 0.2, 0.2]"
7249,715.2091872437894,726363.8120470562,"[0.2, 0.2, 0.2, 0.2, 0.2]"
7250,889.034105119972,162444.86677940417,"[0.2, 0.2, 0.2, 0.2, 0.2]"
7251,366.49571590550306,110027.75516500438,"[0.2, 0.2, 0.2, 0.2, 0.2]"
7252,297.50954093284275,783210.671715247,"[0.2, 0.2, 0.2, 0.2, 0.2]"
7253,539.6970839167047,635867.362319136,"[0.2, 0.2, 0.2, 0.2, 0.2]"
7254,125.80911868047794,671974.6723735469,"[0.2, 0.2, 0.2, 0.2, 0.2]"
7255,634.7061765349177,670343.988109389,"[0.2, 0.2, 0.2, 0.2, 0.2]"
7256,356.7552816457845,831911.102853899,"[0.2, 0.2, 0.2, 0.2, 0.2]"
7257,384.0396769408147,791887.2563126105,"[0.2, 0.2, 0.2, 0.2, 0.2]"
7258,76.58302303481719,166568.75498756143,"[0.2, 0.2, 0.2, 0.2, 0.2]"
7259,71.97946402211866,573786.9144751783,"[0.2, 0.2, 0.2, 0.2, 0.2]"
7260,76.55912656172995,574596.7675855991,"[0.2, 0.2, 0.2, 0.2, 0.2]"
7261,79.67645709243058,980111.346740274,"[0.2, 0.2, 0.2, 0.2, 0.2]"
7262,490.5104616630972,455567.59867973725,"[0.2, 0.2, 0.2, 0.2, 0.2]"
7263,237.97879085764038,657437.8917756133,"[0.2, 0.2, 0.2, 0.2, 0.2]"
7264,323.37624901809863,648331.86953451,"[0.2, 0.2, 0.2, 0.2, 0.2]"
7265,348.38789509027,806241.9406214716,"[0.2, 0.2, 0.2, 0.2, 0.2]"
7266,223.68660887055452,676770.1953466076,"[0.2, 0.2, 0.2, 0.2, 0.2]"
7267,749.9191387777933,291250.7752731644,"[0.2, 0.2, 0.2, 0.2, 0.2]"
7268,624.0126700377531,154768.28225227454,"[0.2, 0.2, 0.2, 0.2, 0.2]"
7269,224.98496960531182,200327.04071463476,"[0.2, 0.2, 0.2, 0.2, 0.2]"
7270,817.9957507111718,884477.7891874986,"[0.2, 0.2, 0.2, 0.2, 0.2]"
7271,927.114318062535,490938.46913958446,"[0.2, 0.2, 0.2, 0.2, 0.2]"
7272,376.3809238559954,865527.9461102271,"[0.2, 0.2, 0.2, 0.2, 0.2]"
7273,859.1641285425,527069.7817932607,"[0.2, 0.2, 0.2, 0.2, 0.2]"
7274,384.91781549250123,356804.7340886493,"[0.2, 0.2, 0.2, 0.2, 0.2]"
7275,843.9753896214767,658092.7651071277,"[0.2, 0.2, 0.2, 0.2, 0.2]"
7276,775.4219016478946,816485.3352821909,"[0.2, 0.2, 0.2, 0.2, 0.2]"
7277,202.3586396335839,230371.93205622217,"[0.2, 0.2, 0.2, 0.2, 0.2]"
7278,170.00341848593766,324960.8734797803,"[0.2, 0.2, 0.2, 0.2, 0.2]"
7279,297.3890535852894,526025.7751659261,"[0.2, 0.2, 0.2, 0.2, 0.2]"
7280,984.0531216623957,834641.0583612799,"[0.2, 0.2, 0.2, 0.2, 0.2]"
7281,618.9510277526599,576752.0593349721,"[0.2, 0.2, 0.2, 0.2, 0.2]"
7282,843.0071234267376,357039.784257647,"[0.2, 0.2, 0.2, 0.2, 0.2]"
7283,226.79189095786532,948821.68845959,"[0.2, 0.2, 0.2, 0.2, 0.2]"
7284,812.3253268773846,437479.0429123623,"[0.2, 0.2, 0.2, 0.2, 0.2]"
7285,634.9920747735121,705464.2085114125,"[0.2, 0.2, 0.2, 0.2, 0.2]"
7286,741.1292873611851,605111.5046275901,"[0.2, 0.2, 0.2, 0.2, 0.2]"
7287,177.11763779136675,190182.78979015106,"[0.2, 0.2, 0.2, 0.2, 0.2]"
7288,516.8094040942739,279343.83533718187,"[0.2, 0.2, 0.2, 0.2, 0.2]"
7289,527.4554057705751,311015.8273454554,"[0.2, 0.2, 0.2, 0.2, 0.2]"
7290,861.8606739054488,701329.0555097362,"[0.2, 0.2, 0.2, 0.2, 0.2]"
7291,852.146249916492,110229.62105543764,"[0.2, 0.2, 0.2, 0.2, 0.2]"
7292,809.3314719527664,472068.2235021205,"[0.2, 0.2, 0.2, 0.2, 0.2]"
7293,167.2512493452413,677149.4724985724,"[0.2, 0.2, 0.2, 0.2, 0.2]"
7294,758.0605229060367,839910.9234426243,"[0.2, 0.2, 0.2, 0.2, 0.2]"
7295,744.6563645324859,667646.4385563483,"[0.2, 0.2, 0.2, 0.2, 0.2]"
7296,725.5388548886872,836459.5507078535,"[0.2, 0.2, 0.2, 0.2, 0.2]"
7297,906.5539303425262,668401.7453559771,"[0.2, 0.2, 0.2, 0.2, 0.2]"
7298,343.3771993652556,703486.1215517108,"[0.2, 0.2, 0.2, 0.2, 0.2]"
7299,677.3117563456223,588777.479301014,"[0.2, 0.2, 0.2, 0.2, 0.2]"
7300,979.3656280472213,425740.4979031611,"[0.2, 0.2, 0.2, 0.2, 0.2]"
7301,543.8820577705553,660510.3621874374,"[0.2, 0.2, 0.2, 0.2, 0.2]"
7302,230.95645371644812,572452.1946803618,"[0.2, 0.2, 0.2, 0.2, 0.2]"
7303,854.4948275850342,776511.2765698166,"[0.2, 0.2, 0.2, 0.2, 0.2]"
7304,37.83931083157127,302298.1531068311,"[0.2, 0.2, 0.2, 0.2, 0.2]"
7305,936.8379781131921,860184.7397690697,"[0.2, 0.2, 0.2, 0.2, 0.2]"
7306,209.97772047392647,363553.5714240257,"[0.2, 0.2, 0.2, 0.2, 0.2]"
7307,753.9185789123248,239054.43667476904,"[0.2, 0.2, 0.2, 0.2, 0.2]"
7308,781.5723324951865,511984.40098323976,"[0.2, 0.2, 0.2, 0.2, 0.2]"
7309,449.83771323946,719368.7413168123,"[0.2, 0.2, 0.2, 0.2, 0.2]"
7310,120.21988147255855,569849.9376538112,"[0.2, 0.2, 0.2, 0.2, 0.2]"
7311,68.56772863537401,362896.84864117997,"[0.2, 0.2, 0.2, 0.2, 0.2]"
7312,999.0623532956066,770860.060295515,"[0.2, 0.2, 0.2, 0.2, 0.2]"
7313,223.8459446575712,230140.73877232926,"[0.2, 0.2, 0.2, 0.2, 0.2]"
7314,475.6201435645166,880342.2837863872,"[0.2, 0.2, 0.2, 0.2, 0.2]"
7315,83.53607182384873,744596.2487488204,"[0.2, 0.2, 0.2, 0.2, 0.2]"
7316,194.4588759403311,572344.2905835412,"[0.2, 0.2, 0.2, 0.2, 0.2]"
7317,379.1839324526623,106957.65725739642,"[0.2, 0.2, 0.2, 0.2, 0.2]"
7318,371.3832436537757,263867.82940717565,"[0.2, 0.2, 0.2, 0.2, 0.2]"
7319,81.07926455962809,536246.2801467772,"[0.2, 0.2, 0.2, 0.2, 0.2]"
7320,471.09631399790294,219578.31739520514,"[0.2, 0.2, 0.2, 0.2, 0.2]"
7321,516.8166801080927,909182.9824645869,"[0.2, 0.2, 0.2, 0.2, 0.2]"
7322,851.4087808297203,202775.44002979033,"[0.2, 0.2, 0.2, 0.2, 0.2]"
7323,733.6886083959791,273804.79949796724,"[0.2, 0.2, 0.2, 0.2, 0.2]"
7324,24.86135067116293,393733.0944283306,"[0.2, 0.2, 0.2, 0.2, 0.2]"
7325,399.8764136396726,302209.03818558756,"[0.2, 0.2, 0.2, 0.2, 0.2]"
7326,725.8648975281577,303149.9364772533,"[0.2, 0.2, 0.2, 0.2, 0.2]"
7327,349.6699882844318,321986.221275587,"[0.2, 0.2, 0.2, 0.2, 0.2]"
7328,948.0573222386554,650083.3036523162,"[0.2, 0.2, 0.2, 0.2, 0.2]"
7329,768.6178144377785,416955.0048297766,"[0.2, 0.2, 0.2, 0.2, 0.2]"
7330,755.3994514963405,276226.30723587424,"[0.2, 0.2, 0.2, 0.2, 0.2]"
7331,856.8415952959443,382644.99147821666,"[0.2, 0.2, 0.2, 0.2, 0.2]"
7332,401.1646504096424,678234.69377571,"[0.2, 0.2, 0.2, 0.2, 0.2]"
7333,799.2156333786328,794112.4407430809,"[0.2, 0.2, 0.2, 0.2, 0.2]"
7334,28.66952957188104,788098.916321816,"[0.2, 0.2, 0.2, 0.2, 0.2]"
7335,934.5178350001216,267153.89107570064,"[0.2, 0.2, 0.2, 0.2, 0.2]"
7336,693.4260228830741,815953.4412825993,"[0.2, 0.2, 0.2, 0.2, 0.2]"
7337,588.8478420749398,783196.7330040673,"[0.2, 0.2, 0.2, 0.2, 0.2]"
7338,874.0726776926396,920366.0748263219,"[0.2, 0.2, 0.2, 0.2, 0.2]"
7339,354.11500903473444,803924.0110487485,"[0.2, 0.2, 0.2, 0.2, 0.2]"
7340,52.572926057727585,836749.3269129005,"[0.2, 0.2, 0.2, 0.2, 0.2]"
7341,834.3523773761787,386529.5010993508,"[0.2, 0.2, 0.2, 0.2, 0.2]"
7342,728.4453738428675,995214.7665442128,"[0.2, 0.2, 0.2, 0.2, 0.2]"
7343,63.46515330649769,471449.8015035244,"[0.2, 0.2, 0.2, 0.2, 0.2]"
7344,91.64978069869872,567551.9534206844,"[0.2, 0.2, 0.2, 0.2, 0.2]"
7345,848.0088392372654,531935.4717990721,"[0.2, 0.2, 0.2, 0.2, 0.2]"
7346,107.16014259961075,140483.63095965196,"[0.2, 0.2, 0.2, 0.2, 0.2]"
7347,231.19594230581478,219017.95639978332,"[0.2, 0.2, 0.2, 0.2, 0.2]"
7348,878.7071229564043,878061.4249796168,"[0.2, 0.2, 0.2, 0.2, 0.2]"
7349,989.4683459652794,254669.35598290694,"[0.2, 0.2, 0.2, 0.2, 0.2]"
7350,105.48859187792506,959958.4341978313,"[0.2, 0.2, 0.2, 0.2, 0.2]"
7351,618.8626509076147,504287.9110317371,"[0.2, 0.2, 0.2, 0.2, 0.2]"
7352,311.38636615046175,530637.7844302574,"[0.2, 0.2, 0.2, 0.2, 0.2]"
7353,668.334389135894,181513.6265491296,"[0.2, 0.2, 0.2, 0.2, 0.2]"
7354,133.6589315941344,132954.65664239202,"[0.2, 0.2, 0.2, 0.2, 0.2]"
7355,692.7168287384296,901057.2446257002,"[0.2, 0.2, 0.2, 0.2, 0.2]"
7356,619.4335105043233,510072.66416783544,"[0.2, 0.2, 0.2, 0.2, 0.2]"
7357,128.42083973284014,707155.7440356187,"[0.2, 0.2, 0.2, 0.2, 0.2]"
7358,639.0030234403498,697855.9604504937,"[0.2, 0.2, 0.2, 0.2, 0.2]"
7359,740.3301902008233,314547.5064970581,"[0.2, 0.2, 0.2, 0.2, 0.2]"
7360,67.58375562925696,410376.1074729754,"[0.2, 0.2, 0.2, 0.2, 0.2]"
7361,586.8975555280998,377426.4044390291,"[0.2, 0.2, 0.2, 0.2, 0.2]"
7362,851.1071708613666,219926.146030336,"[0.2, 0.2, 0.2, 0.2, 0.2]"
7363,856.0560372754425,543489.2684830751,"[0.2, 0.2, 0.2, 0.2, 0.2]"
7364,259.46799210724055,983676.7903239122,"[0.2, 0.2, 0.2, 0.2, 0.2]"
7365,702.1516782219072,187998.14761326477,"[0.2, 0.2, 0.2, 0.2, 0.2]"
7366,398.53089424219104,975714.7378522115,"[0.2, 0.2, 0.2, 0.2, 0.2]"
7367,289.8688080543613,712999.074735355,"[0.2, 0.2, 0.2, 0.2, 0.2]"
7368,808.2444265586652,395774.7560632976,"[0.2, 0.2, 0.2, 0.2, 0.2]"
7369,723.4820359089066,108940.38066610295,"[0.2, 0.2, 0.2, 0.2, 0.2]"
7370,923.3410639690577,501844.5102939106,"[0.2, 0.2, 0.2, 0.2, 0.2]"
7371,29.55293291338852,372214.05290315644,"[0.2, 0.2, 0.2, 0.2, 0.2]"
7372,360.7328602906961,291220.45982593554,"[0.2, 0.2, 0.2, 0.2, 0.2]"
7373,714.950355389204,935371.4064986618,"[0.2, 0.2, 0.2, 0.2, 0.2]"
7374,978.0611804802021,431256.04771205265,"[0.2, 0.2, 0.2, 0.2, 0.2]"
7375,679.5795466527958,519117.58232023724,"[0.2, 0.2, 0.2, 0.2, 0.2]"
7376,213.07407850119662,478558.7293823443,"[0.2, 0.2, 0.2, 0.2, 0.2]"
7377,78.76039567542479,291883.96429957665,"[0.2, 0.2, 0.2, 0.2, 0.2]"
7378,94.56541435431508,140876.65849167478,"[0.2, 0.2, 0.2, 0.2, 0.2]"
7379,654.8762316279654,398239.2049828485,"[0.2, 0.2, 0.2, 0.2, 0.2]"
7380,520.8604961849583,757892.6575827803,"[0.2, 0.2, 0.2, 0.2, 0.2]"
7381,304.49606599226524,379963.05615858117,"[0.2, 0.2, 0.2, 0.2, 0.2]"
7382,861.8799637567242,796591.1847918056,"[0.2, 0.2, 0.2, 0.2, 0.2]"
7383,193.2927391463553,332801.05488805316,"[0.2, 0.2, 0.2, 0.2, 0.2]"
7384,861.2819570477724,623311.6259223646,"[0.2, 0.2, 0.2, 0.2, 0.2]"
7385,961.6540253585903,263038.54111794743,"[0.2, 0.2, 0.2, 0.2, 0.2]"
7386,787.9819164545937,664873.1243196347,"[0.2, 0.2, 0.2, 0.2, 0.2]"
7387,471.3641432603547,221319.2441286877,"[0.2, 0.2, 0.2, 0.2, 0.2]"
7388,636.2881882247062,543018.555331147,"[0.2, 0.2, 0.2, 0.2, 0.2]"
7389,613.9504430695032,905755.0776701104,"[0.2, 0.2, 0.2, 0.2, 0.2]"
7390,730.3480235819106,566035.8839610108,"[0.2, 0.2, 0.2, 0.2, 0.2]"
7391,905.1956614059742,178721.44131644472,"[0.2, 0.2, 0.2, 0.2, 0.2]"
7392,760.4076120007318,573693.6649773319,"[0.2, 0.2, 0.2, 0.2, 0.2]"
7393,520.0484654617767,806206.0504576387,"[0.2, 0.2, 0.2, 0.2, 0.2]"
7394,178.62753185306002,294356.40072767227,"[0.2, 0.2, 0.2, 0.2, 0.2]"
7395,887.2916309624895,921860.1266522965,"[0.2, 0.2, 0.2, 0.2, 0.2]"
7396,106.4423140224817,789647.5911137774,"[0.2, 0.2, 0.2, 0.2, 0.2]"
7397,896.930624648648,760165.243197231,"[0.2, 0.2, 0.2, 0.2, 0.2]"
7398,665.1344358916706,829729.1588486058,"[0.2, 0.2, 0.2, 0.2, 0.2]"
7399,517.6391825095461,280928.3356924256,"[0.2, 0.2, 0.2, 0.2, 0.2]"
7400,880.3059136897563,866315.0920493628,"[0.2, 0.2, 0.2, 0.2, 0.2]"
7401,271.6316404538648,658935.9144585835,"[0.2, 0.2, 0.2, 0.2, 0.2]"
7402,909.9717859395615,590380.8517476504,"[0.2, 0.2, 0.2, 0.2, 0.2]"
7403,956.7124458116388,493128.2179184725,"[0.2, 0.2, 0.2, 0.2, 0.2]"
7404,921.3484958698648,279447.21434037306,"[0.2, 0.2, 0.2, 0.2, 0.2]"
7405,827.384639047168,459445.9074916761,"[0.2, 0.2, 0.2, 0.2, 0.2]"
7406,286.4798627139194,673398.915201991,"[0.2, 0.2, 0.2, 0.2, 0.2]"
7407,49.460596630772194,713213.7026757577,"[0.2, 0.2, 0.2, 0.2, 0.2]"
7408,590.7727582685934,408672.8118810306,"[0.2, 0.2, 0.2, 0.2, 0.2]"
7409,512.8649784269717,980576.4614234113,"[0.2, 0.2, 0.2, 0.2, 0.2]"
7410,460.61791657448856,676247.5488403481,"[0.2, 0.2, 0.2, 0.2, 0.2]"
7411,552.3713729583728,645135.030183529,"[0.2, 0.2, 0.2, 0.2, 0.2]"
7412,884.2694090585962,182907.56143361327,"[0.2, 0.2, 0.2, 0.2, 0.2]"
7413,306.9287256739122,600175.042156043,"[0.2, 0.2, 0.2, 0.2, 0.2]"
7414,888.451203035039,324490.4495671581,"[0.2, 0.2, 0.2, 0.2, 0.2]"
7415,212.25927051052236,929310.8844743238,"[0.2, 0.2, 0.2, 0.2, 0.2]"
7416,316.41296604633254,844191.1025033384,"[0.2, 0.2, 0.2, 0.2, 0.2]"
7417,695.9098919442717,869438.9603444354,"[0.2, 0.2, 0.2, 0.2, 0.2]"
7418,478.4296527358443,545217.0595070273,"[0.2, 0.2, 0.2, 0.2, 0.2]"
7419,414.55823931702344,776190.6735103364,"[0.2, 0.2, 0.2, 0.2, 0.2]"
7420,736.038679391213,900928.3749685631,"[0.2, 0.2, 0.2, 0.2, 0.2]"
7421,457.4057236158756,610033.7354983839,"[0.2, 0.2, 0.2, 0.2, 0.2]"
7422,538.284932948271,537000.5977582639,"[0.2, 0.2, 0.2, 0.2, 0.2]"
7423,528.1405056156052,194677.2435382461,"[0.2, 0.2, 0.2, 0.2, 0.2]"
7424,330.83737125349046,216280.37149760214,"[0.2, 0.2, 0.2, 0.2, 0.2]"
7425,758.726578430216,662921.8578832058,"[0.2, 0.2, 0.2, 0.2, 0.2]"
7426,123.34159801588547,706110.2646595205,"[0.2, 0.2, 0.2, 0.2, 0.2]"
7427,684.3580719844091,320500.05409527966,"[0.2, 0.2, 0.2, 0.2, 0.2]"
7428,164.1457319383038,644179.2545299693,"[0.2, 0.2, 0.2, 0.2, 0.2]"
7429,681.8812544881097,175413.13396656897,"[0.2, 0.2, 0.2, 0.2, 0.2]"
7430,710.9741712635904,307312.1553771768,"[0.2, 0.2, 0.2, 0.2, 0.2]"
7431,402.7892744344494,977110.1937206923,"[0.2, 0.2, 0.2, 0.2, 0.2]"
7432,344.6732395619167,621035.6635791969,"[0.2, 0.2, 0.2, 0.2, 0.2]"
7433,957.5759951211592,738222.5122492638,"[0.2, 0.2, 0.2, 0.2, 0.2]"
7434,468.0104523570767,432307.41762871837,"[0.2, 0.2, 0.2, 0.2, 0.2]"
7435,199.0408153644734,992338.0050270554,"[0.2, 0.2, 0.2, 0.2, 0.2]"
7436,782.0353575584014,673604.9401483332,"[0.2, 0.2, 0.2, 0.2, 0.2]"
7437,524.3316627907967,777131.1355764382,"[0.2, 0.2, 0.2, 0.2, 0.2]"
7438,659.2906086912235,236105.0609487749,"[0.2, 0.2, 0.2, 0.2, 0.2]"
7439,270.7243337760967,980381.523043988,"[0.2, 0.2, 0.2, 0.2, 0.2]"
7440,754.1964714289747,626682.5115744804,"[0.2, 0.2, 0.2, 0.2, 0.2]"
7441,869.8738842492414,616454.1916672525,"[0.2, 0.2, 0.2, 0.2, 0.2]"
7442,352.7378644518719,278532.8297965244,"[0.2, 0.2, 0.2, 0.2, 0.2]"
7443,30.11254290411121,603903.4331111617,"[0.2, 0.2, 0.2, 0.2, 0.2]"
7444,442.68411065760256,678567.201943489,"[0.2, 0.2, 0.2, 0.2, 0.2]"
7445,250.40600186395727,860876.6259459202,"[0.2, 0.2, 0.2, 0.2, 0.2]"
7446,567.8599704848183,611235.7327276967,"[0.2, 0.2, 0.2, 0.2, 0.2]"
7447,534.5230654101626,881613.1711055324,"[0.2, 0.2, 0.2, 0.2, 0.2]"
7448,677.9356534570414,587990.2233454236,"[0.2, 0.2, 0.2, 0.2, 0.2]"
7449,744.5376533889144,832068.6757356853,"[0.2, 0.2, 0.2, 0.2, 0.2]"
7450,867.3949130192474,211264.7389462307,"[0.2, 0.2, 0.2, 0.2, 0.2]"
7451,250.06899188580303,634776.4884987648,"[0.2, 0.2, 0.2, 0.2, 0.2]"
7452,711.5994342556095,933618.9078045213,"[0.2, 0.2, 0.2, 0.2, 0.2]"
7453,605.1651311687458,787673.0364645246,"[0.2, 0.2, 0.2, 0.2, 0.2]"
7454,250.78611148284864,733716.3193509674,"[0.2, 0.2, 0.2, 0.2, 0.2]"
7455,923.8974443798804,860421.4419680244,"[0.2, 0.2, 0.2, 0.2, 0.2]"
7456,45.59777649402639,772606.7965859773,"[0.2, 0.2, 0.2, 0.2, 0.2]"
7457,425.9259329499875,108854.66195238156,"[0.2, 0.2, 0.2, 0.2, 0.2]"
7458,699.3553002799589,978398.4024760836,"[0.2, 0.2, 0.2, 0.2, 0.2]"
7459,703.2289948490102,772154.1916672037,"[0.2, 0.2, 0.2, 0.2, 0.2]"
7460,549.0347454620347,254974.93393275043,"[0.2, 0.2, 0.2, 0.2, 0.2]"
7461,174.02006188709268,867418.9096918708,"[0.2, 0.2, 0.2, 0.2, 0.2]"
7462,927.5861237035398,593850.4171446881,"[0.2, 0.2, 0.2, 0.2, 0.2]"
7463,65.78387627388416,211112.54469517554,"[0.2, 0.2, 0.2, 0.2, 0.2]"
7464,56.36231736622122,849507.9882788464,"[0.2, 0.2, 0.2, 0.2, 0.2]"
7465,880.6014033475863,151251.90811995306,"[0.2, 0.2, 0.2, 0.2, 0.2]"
7466,46.48879795560862,433803.96042806335,"[0.2, 0.2, 0.2, 0.2, 0.2]"
7467,792.742130451415,132103.11535225494,"[0.2, 0.2, 0.2, 0.2, 0.2]"
7468,298.2023487723664,143651.68406958086,"[0.2, 0.2, 0.2, 0.2, 0.2]"
7469,857.8316121215973,602815.4529690291,"[0.2, 0.2, 0.2, 0.2, 0.2]"
7470,246.7993968720007,449719.0747924311,"[0.2, 0.2, 0.2, 0.2, 0.2]"
7471,634.743401155378,737638.4215429849,"[0.2, 0.2, 0.2, 0.2, 0.2]"
7472,838.5065069214139,668354.7187220529,"[0.2, 0.2, 0.2, 0.2, 0.2]"
7473,565.3554449238695,504564.68431789416,"[0.2, 0.2, 0.2, 0.2, 0.2]"
7474,255.6201497636348,540128.4653383808,"[0.2, 0.2, 0.2, 0.2, 0.2]"
7475,576.5748128616239,337407.1959199273,"[0.2, 0.2, 0.2, 0.2, 0.2]"
7476,749.5165311475567,379776.33380926645,"[0.2, 0.2, 0.2, 0.2, 0.2]"
7477,167.22596222134945,715194.2401304751,"[0.2, 0.2, 0.2, 0.2, 0.2]"
7478,873.4736130532016,740265.1432584143,"[0.2, 0.2, 0.2, 0.2, 0.2]"
7479,819.4157662145408,620445.2555585294,"[0.2, 0.2, 0.2, 0.2, 0.2]"
7480,302.8808772374121,327752.57097160904,"[0.2, 0.2, 0.2, 0.2, 0.2]"
7481,103.64553394695926,316329.6712576853,"[0.2, 0.2, 0.2, 0.2, 0.2]"
7482,835.7753011052605,689019.332645804,"[0.2, 0.2, 0.2, 0.2, 0.2]"
7483,226.27534721832401,400676.89635357645,"[0.2, 0.2, 0.2, 0.2, 0.2]"
7484,138.93598966308775,604592.7044353004,"[0.2, 0.2, 0.2, 0.2, 0.2]"
7485,167.62258622322543,345038.1400990118,"[0.2, 0.2, 0.2, 0.2, 0.2]"
7486,498.27415798652095,757098.236469485,"[0.2, 0.2, 0.2, 0.2, 0.2]"
7487,240.95999223317372,916159.268510931,"[0.2, 0.2, 0.2, 0.2, 0.2]"
7488,823.5725143657417,863508.6622729652,"[0.2, 0.2, 0.2, 0.2, 0.2]"
7489,222.42582058565168,254664.87946163176,"[0.2, 0.2, 0.2, 0.2, 0.2]"
7490,60.96557570113434,998938.7906544389,"[0.2, 0.2, 0.2, 0.2, 0.2]"
7491,313.1949937592752,850804.9849362536,"[0.2, 0.2, 0.2, 0.2, 0.2]"
7492,589.7913138986345,519939.80891564797,"[0.2, 0.2, 0.2, 0.2, 0.2]"
7493,458.23852865420787,359470.2472309194,"[0.2, 0.2, 0.2, 0.2, 0.2]"
7494,214.31400190845147,587698.8618863384,"[0.2, 0.2, 0.2, 0.2, 0.2]"
7495,966.9901301416955,727082.1925326665,"[0.2, 0.2, 0.2, 0.2, 0.2]"
7496,320.98200987825027,969415.0920854976,"[0.2, 0.2, 0.2, 0.2, 0.2]"
7497,622.0842411858705,456806.0822987145,"[0.2, 0.2, 0.2, 0.2, 0.2]"
7498,369.1078203508711,412862.1658482264,"[0.2, 0.2, 0.2, 0.2, 0.2]"
7499,426.9150598684547,828673.7021781013,"[0.2, 0.2, 0.2, 0.2, 0.2]"
7500,557.2513282442532,470951.7672962277,"[0.2, 0.2, 0.2, 0.2, 0.2]"
7501,188.29254716881388,647827.9191606714,"[0.2, 0.2, 0.2, 0.2, 0.2]"
7502,90.73550044067036,315611.82535523036,"[0.2, 0.2, 0.2, 0.2, 0.2]"
7503,267.56100571489975,331988.67348553275,"[0.2, 0.2, 0.2, 0.2, 0.2]"
7504,623.0690055587029,838669.1127445806,"[0.2, 0.2, 0.2, 0.2, 0.2]"
7505,969.3508844749831,411322.31991764664,"[0.2, 0.2, 0.2, 0.2, 0.2]"
7506,601.7013457590876,700062.7360686508,"[0.2, 0.2, 0.2, 0.2, 0.2]"
7507,772.3134362771196,125114.87940466525,"[0.2, 0.2, 0.2, 0.2, 0.2]"
7508,729.9817312707345,558176.1110421238,"[0.2, 0.2, 0.2, 0.2, 0.2]"
7509,967.3711518519506,252089.26723500568,"[0.2, 0.2, 0.2, 0.2, 0.2]"
7510,900.7781633261434,456747.5465461936,"[0.2, 0.2, 0.2, 0.2, 0.2]"
7511,273.39040038884445,650639.5220455553,"[0.2, 0.2, 0.2, 0.2, 0.2]"
7512,996.8081807319653,121926.66842242866,"[0.2, 0.2, 0.2, 0.2, 0.2]"
7513,348.5328537185169,895813.7165235361,"[0.2, 0.2, 0.2, 0.2, 0.2]"
7514,739.0623080576255,544975.3929922202,"[0.2, 0.2, 0.2, 0.2, 0.2]"
7515,520.8441077463649,866241.9482205842,"[0.2, 0.2, 0.2, 0.2, 0.2]"
7516,394.04426585414643,356676.38198446744,"[0.2, 0.2, 0.2, 0.2, 0.2]"
7517,676.5431479459186,740670.7088989655,"[0.2, 0.2, 0.2, 0.2, 0.2]"
7518,865.266528127515,570746.5663847448,"[0.2, 0.2, 0.2, 0.2, 0.2]"
7519,91.93823299494899,985697.4322589894,"[0.2, 0.2, 0.2, 0.2, 0.2]"
7520,863.1437629508785,875365.0070541899,"[0.2, 0.2, 0.2, 0.2, 0.2]"
7521,714.246248618571,358158.2409120784,"[0.2, 0.2, 0.2, 0.2, 0.2]"
7522,121.44423975560538,211564.21750082483,"[0.2, 0.2, 0.2, 0.2, 0.2]"
7523,960.4427208012025,829637.2452460355,"[0.2, 0.2, 0.2, 0.2, 0.2]"
7524,704.8552362296454,528589.4096100712,"[0.2, 0.2, 0.2, 0.2, 0.2]"
7525,908.4947210137728,387303.5582007651,"[0.2, 0.2, 0.2, 0.2, 0.2]"
7526,807.9170114830621,520382.54085419286,"[0.2, 0.2, 0.2, 0.2, 0.2]"
7527,664.1879712874944,881850.3044660047,"[0.2, 0.2, 0.2, 0.2, 0.2]"
7528,753.9385815226004,749523.3504125859,"[0.2, 0.2, 0.2, 0.2, 0.2]"
7529,288.4162390123121,356235.5244192162,"[0.2, 0.2, 0.2, 0.2, 0.2]"
7530,676.3330957960869,521328.2805823138,"[0.2, 0.2, 0.2, 0.2, 0.2]"
7531,765.0021617489195,489491.43832711247,"[0.2, 0.2, 0.2, 0.2, 0.2]"
7532,15.557956924370458,839002.9339673212,"[0.2, 0.2, 0.2, 0.2, 0.2]"
7533,92.21481317091835,812520.8037444067,"[0.2, 0.2, 0.2, 0.2, 0.2]"
7534,395.9391755461125,632896.052318284,"[0.2, 0.2, 0.2, 0.2, 0.2]"
7535,749.4635117182148,845005.899055533,"[0.2, 0.2, 0.2, 0.2, 0.2]"
7536,171.18300977127356,215227.71973884222,"[0.2, 0.2, 0.2, 0.2, 0.2]"
7537,209.9418009962601,685107.1532310757,"[0.2, 0.2, 0.2, 0.2, 0.2]"
7538,652.027170967809,765059.6169030842,"[0.2, 0.2, 0.2, 0.2, 0.2]"
7539,378.110686226193,724989.4718335905,"[0.2, 0.2, 0.2, 0.2, 0.2]"
7540,204.879241085306,424655.6833605058,"[0.2, 0.2, 0.2, 0.2, 0.2]"
7541,759.6291117329741,494188.79305020557,"[0.2, 0.2, 0.2, 0.2, 0.2]"
7542,974.9707961442517,459338.7220551055,"[0.2, 0.2, 0.2, 0.2, 0.2]"
7543,737.4563928866121,114028.89663581367,"[0.2, 0.2, 0.2, 0.2, 0.2]"
7544,328.4604524682164,352300.88036393275,"[0.2, 0.2, 0.2, 0.2, 0.2]"
7545,445.19639248194517,812553.4802991328,"[0.2, 0.2, 0.2, 0.2, 0.2]"
7546,645.0086417112982,168326.03866360418,"[0.2, 0.2, 0.2, 0.2, 0.2]"
7547,348.3848810516704,518076.3535669845,"[0.2, 0.2, 0.2, 0.2, 0.2]"
7548,645.3869380178237,450451.19192228676,"[0.2, 0.2, 0.2, 0.2, 0.2]"
7549,611.2750228971388,176249.9560486487,"[0.2, 0.2, 0.2, 0.2, 0.2]"
7550,588.5257847328902,118598.73334072379,"[0.2, 0.2, 0.2, 0.2, 0.2]"
7551,46.23660651488778,806668.798088997,"[0.2, 0.2, 0.2, 0.2, 0.2]"
7552,499.56871962746357,844507.5818033583,"[0.2, 0.2, 0.2, 0.2, 0.2]"
7553,949.7287313454897,220569.89530741202,"[0.2, 0.2, 0.2, 0.2, 0.2]"
7554,233.29860448607923,361955.46398913325,"[0.2, 0.2, 0.2, 0.2, 0.2]"
7555,674.5566723120161,537183.9591455536,"[0.2, 0.2, 0.2, 0.2, 0.2]"
7556,194.44836643142864,369879.7307633992,"[0.2, 0.2, 0.2, 0.2, 0.2]"
7557,218.93603001123648,207672.07258603402,"[0.2, 0.2, 0.2, 0.2, 0.2]"
7558,537.7161253130967,945082.3536465552,"[0.2, 0.2, 0.2, 0.2, 0.2]"
7559,922.5433470565077,903743.1912670445,"[0.2, 0.2, 0.2, 0.2, 0.2]"
7560,601.772389530556,840227.5696666887,"[0.2, 0.2, 0.2, 0.2, 0.2]"
7561,230.907093437525,596039.4815170666,"[0.2, 0.2, 0.2, 0.2, 0.2]"
7562,891.5320712432258,213938.40072951518,"[0.2, 0.2, 0.2, 0.2, 0.2]"
7563,377.2243048117873,666793.0953776152,"[0.2, 0.2, 0.2, 0.2, 0.2]"
7564,362.12201198927164,180776.87296578288,"[0.2, 0.2, 0.2, 0.2, 0.2]"
7565,386.40808882044666,125333.51840011434,"[0.2, 0.2, 0.2, 0.2, 0.2]"
7566,840.3768276229399,768209.376135204,"[0.2, 0.2, 0.2, 0.2, 0.2]"
7567,597.7854673760656,936514.9105356783,"[0.2, 0.2, 0.2, 0.2, 0.2]"
7568,330.3658837128859,771974.7948578339,"[0.2, 0.2, 0.2, 0.2, 0.2]"
7569,192.00621533196616,693418.1252298675,"[0.2, 0.2, 0.2, 0.2, 0.2]"
7570,520.7684324565785,828338.8112048857,"[0.2, 0.2, 0.2, 0.2, 0.2]"
7571,442.1228254941434,838018.8168746339,"[0.2, 0.2, 0.2, 0.2, 0.2]"
7572,458.69827827411507,806252.97717392,"[0.2, 0.2, 0.2, 0.2, 0.2]"
7573,69.15400596749792,450213.1015853359,"[0.2, 0.2, 0.2, 0.2, 0.2]"
7574,401.2945612222628,395451.9589189996,"[0.2, 0.2, 0.2, 0.2, 0.2]"
7575,266.6249077541345,268210.61237673677,"[0.2, 0.2, 0.2, 0.2, 0.2]"
7576,800.7523326909494,101669.41083037846,"[0.2, 0.2, 0.2, 0.2, 0.2]"
7577,173.0207641435548,276471.2527971455,"[0.2, 0.2, 0.2, 0.2, 0.2]"
7578,114.4952317382951,180218.2007479806,"[0.2, 0.2, 0.2, 0.2, 0.2]"
7579,356.05999034026416,531432.1451177935,"[0.2, 0.2, 0.2, 0.2, 0.2]"
7580,826.508933778408,214028.361716503,"[0.2, 0.2, 0.2, 0.2, 0.2]"
7581,558.2499212321593,262691.9424723571,"[0.2, 0.2, 0.2, 0.2, 0.2]"
7582,784.2096638206891,945432.6083665991,"[0.2, 0.2, 0.2, 0.2, 0.2]"
7583,319.4859537286129,980461.5745714839,"[0.2, 0.2, 0.2, 0.2, 0.2]"
7584,612.5844132488853,307355.8454734322,"[0.2, 0.2, 0.2, 0.2, 0.2]"
7585,32.3546054801198,212637.13196433964,"[0.2, 0.2, 0.2, 0.2, 0.2]"
7586,440.8108054484459,752035.7154931388,"[0.2, 0.2, 0.2, 0.2, 0.2]"
7587,707.462951381885,812922.4161182245,"[0.2, 0.2, 0.2, 0.2, 0.2]"
7588,264.76855692927415,499003.55545507645,"[0.2, 0.2, 0.2, 0.2, 0.2]"
7589,436.47161329633843,480988.56498255127,"[0.2, 0.2, 0.2, 0.2, 0.2]"
7590,825.506931909053,929080.1277607749,"[0.2, 0.2, 0.2, 0.2, 0.2]"
7591,22.2032174068163,745779.3031705207,"[0.2, 0.2, 0.2, 0.2, 0.2]"
7592,912.6508041395117,429379.3603985775,"[0.2, 0.2, 0.2, 0.2, 0.2]"
7593,218.4920453267133,131447.6868879481,"[0.2, 0.2, 0.2, 0.2, 0.2]"
7594,686.4228446029356,388597.72132983914,"[0.2, 0.2, 0.2, 0.2, 0.2]"
7595,272.28012249622117,876586.3155287611,"[0.2, 0.2, 0.2, 0.2, 0.2]"
7596,153.3075897935113,282331.23610884196,"[0.2, 0.2, 0.2, 0.2, 0.2]"
7597,777.0998163934629,837899.9409846838,"[0.2, 0.2, 0.2, 0.2, 0.2]"
7598,206.98627327008927,641557.2401555389,"[0.2, 0.2, 0.2, 0.2, 0.2]"
7599,881.0568899703426,101636.52561495209,"[0.2, 0.2, 0.2, 0.2, 0.2]"
7600,709.8506062645652,963288.3154762285,"[0.2, 0.2, 0.2, 0.2, 0.2]"
7601,647.8040335961443,663827.6050843901,"[0.2, 0.2, 0.2, 0.2, 0.2]"
7602,166.5103575760942,468212.9609669497,"[0.2, 0.2, 0.2, 0.2, 0.2]"
7603,973.8831543600028,415881.8507066627,"[0.2, 0.2, 0.2, 0.2, 0.2]"
7604,990.9182301518468,922656.7532668607,"[0.2, 0.2, 0.2, 0.2, 0.2]"
7605,534.9077555490188,580493.7710107442,"[0.2, 0.2, 0.2, 0.2, 0.2]"
7606,326.1058399613235,211088.85908332973,"[0.2, 0.2, 0.2, 0.2, 0.2]"
7607,772.0662443293313,130243.64622421752,"[0.2, 0.2, 0.2, 0.2, 0.2]"
7608,84.16566532097522,764356.9553774839,"[0.2, 0.2, 0.2, 0.2, 0.2]"
7609,353.2028283255276,126978.99628390736,"[0.2, 0.2, 0.2, 0.2, 0.2]"
7610,374.6300553755764,352526.0369040471,"[0.2, 0.2, 0.2, 0.2, 0.2]"
7611,369.29202149527464,627703.9331892845,"[0.2, 0.2, 0.2, 0.2, 0.2]"
7612,624.3683511083103,759756.8520605109,"[0.2, 0.2, 0.2, 0.2, 0.2]"
7613,502.4834192827845,209266.85020733494,"[0.2, 0.2, 0.2, 0.2, 0.2]"
7614,575.8060342826641,682240.1862265198,"[0.2, 0.2, 0.2, 0.2, 0.2]"
7615,729.7657191595715,687770.692516923,"[0.2, 0.2, 0.2, 0.2, 0.2]"
7616,614.3484598705228,605711.2857882094,"[0.2, 0.2, 0.2, 0.2, 0.2]"
7617,496.3855571252679,656419.6219473825,"[0.2, 0.2, 0.2, 0.2, 0.2]"
7618,910.6180857395815,230677.02338523633,"[0.2, 0.2, 0.2, 0.2, 0.2]"
7619,385.51378238305904,760799.3489094614,"[0.2, 0.2, 0.2, 0.2, 0.2]"
7620,819.5092488138404,574587.6675755833,"[0.2, 0.2, 0.2, 0.2, 0.2]"
7621,677.0202896549292,768445.4431356272,"[0.2, 0.2, 0.2, 0.2, 0.2]"
7622,591.0015263614622,288244.6598336771,"[0.2, 0.2, 0.2, 0.2, 0.2]"
7623,989.640463140283,289152.8578684663,"[0.2, 0.2, 0.2, 0.2, 0.2]"
7624,865.0423021708228,562907.2751849762,"[0.2, 0.2, 0.2, 0.2, 0.2]"
7625,82.89178268269549,406835.08429221885,"[0.2, 0.2, 0.2, 0.2, 0.2]"
7626,419.2155827898002,919090.4384849177,"[0.2, 0.2, 0.2, 0.2, 0.2]"
7627,559.444811123382,810550.6540543144,"[0.2, 0.2, 0.2, 0.2, 0.2]"
7628,507.5696415524406,954047.7169791902,"[0.2, 0.2, 0.2, 0.2, 0.2]"
7629,583.9192448808654,191278.62130419613,"[0.2, 0.2, 0.2, 0.2, 0.2]"
7630,64.71010972657717,401110.8050314115,"[0.2, 0.2, 0.2, 0.2, 0.2]"
7631,622.7787467299163,597951.8502184532,"[0.2, 0.2, 0.2, 0.2, 0.2]"
7632,953.4354691391056,283490.08071539097,"[0.2, 0.2, 0.2, 0.2, 0.2]"
7633,513.8681863679442,151339.31361049038,"[0.2, 0.2, 0.2, 0.2, 0.2]"
7634,502.8055031863343,990112.4643683627,"[0.2, 0.2, 0.2, 0.2, 0.2]"
7635,450.75178956312647,837231.9266869526,"[0.2, 0.2, 0.2, 0.2, 0.2]"
7636,479.2641005339021,288688.23418592336,"[0.2, 0.2, 0.2, 0.2, 0.2]"
7637,957.9818210871994,317528.0760980082,"[0.2, 0.2, 0.2, 0.2, 0.2]"
7638,54.38249035754572,602999.4230830515,"[0.2, 0.2, 0.2, 0.2, 0.2]"
7639,86.14262331644453,599107.0747577085,"[0.2, 0.2, 0.2, 0.2, 0.2]"
7640,130.725683140956,785484.4797836208,"[0.2, 0.2, 0.2, 0.2, 0.2]"
7641,872.6877007430159,330607.7899974928,"[0.2, 0.2, 0.2, 0.2, 0.2]"
7642,538.610416380291,638895.955041079,"[0.2, 0.2, 0.2, 0.2, 0.2]"
7643,482.2603162992459,973933.5313271952,"[0.2, 0.2, 0.2, 0.2, 0.2]"
7644,628.1867153275882,584975.887852174,"[0.2, 0.2, 0.2, 0.2, 0.2]"
7645,976.0348373129888,817304.2780434102,"[0.2, 0.2, 0.2, 0.2, 0.2]"
7646,734.5520033092613,594141.533856784,"[0.2, 0.2, 0.2, 0.2, 0.2]"
7647,116.23185183254985,133098.76662544053,"[0.2, 0.2, 0.2, 0.2, 0.2]"
7648,142.1045726265391,518041.2127954867,"[0.2, 0.2, 0.2, 0.2, 0.2]"
7649,789.623047093025,684771.5623034085,"[0.2, 0.2, 0.2, 0.2, 0.2]"
7650,910.8518207016045,303679.94394272903,"[0.2, 0.2, 0.2, 0.2, 0.2]"
7651,556.1036187408984,680034.1153421619,"[0.2, 0.2, 0.2, 0.2, 0.2]"
7652,146.30101814273368,481728.1639839698,"[0.2, 0.2, 0.2, 0.2, 0.2]"
7653,553.606810457349,488136.4621530528,"[0.2, 0.2, 0.2, 0.2, 0.2]"
7654,357.49452199436985,927552.3944363283,"[0.2, 0.2, 0.2, 0.2, 0.2]"
7655,472.8472998392616,899449.7009328627,"[0.2, 0.2, 0.2, 0.2, 0.2]"
7656,834.686372585293,941215.0957031877,"[0.2, 0.2, 0.2, 0.2, 0.2]"
7657,589.1992736782883,329417.07524489565,"[0.2, 0.2, 0.2, 0.2, 0.2]"
7658,697.6132937456447,521938.4313889304,"[0.2, 0.2, 0.2, 0.2, 0.2]"
7659,19.988134996360536,136148.25146620275,"[0.2, 0.2, 0.2, 0.2, 0.2]"
7660,876.7143447004253,981067.6053834583,"[0.2, 0.2, 0.2, 0.2, 0.2]"
7661,174.85471009869795,653253.5535936285,"[0.2, 0.2, 0.2, 0.2, 0.2]"
7662,14.99077640527128,505504.25165319676,"[0.2, 0.2, 0.2, 0.2, 0.2]"
7663,989.6174691217271,983296.1691975,"[0.2, 0.2, 0.2, 0.2, 0.2]"
7664,617.3354980364098,237616.99265392084,"[0.2, 0.2, 0.2, 0.2, 0.2]"
7665,160.44624262523868,105831.47968104381,"[0.2, 0.2, 0.2, 0.2, 0.2]"
7666,804.260878381708,582142.0473535475,"[0.2, 0.2, 0.2, 0.2, 0.2]"
7667,890.0852529784681,699973.6875897764,"[0.2, 0.2, 0.2, 0.2, 0.2]"
7668,66.25637241543785,844865.7830005395,"[0.2, 0.2, 0.2, 0.2, 0.2]"
7669,272.13414813837335,689473.6563113099,"[0.2, 0.2, 0.2, 0.2, 0.2]"
7670,807.0075037263803,971045.0856580369,"[0.2, 0.2, 0.2, 0.2, 0.2]"
7671,512.3170214186778,320631.86004556523,"[0.2, 0.2, 0.2, 0.2, 0.2]"
7672,871.8331105895422,193480.80649265085,"[0.2, 0.2, 0.2, 0.2, 0.2]"
7673,502.4393725412361,312529.7988482546,"[0.2, 0.2, 0.2, 0.2, 0.2]"
7674,856.3979510652957,882870.4355305798,"[0.2, 0.2, 0.2, 0.2, 0.2]"
7675,101.30190404901808,111392.33994639732,"[0.2, 0.2, 0.2, 0.2, 0.2]"
7676,413.7263255144949,830690.7997357199,"[0.2, 0.2, 0.2, 0.2, 0.2]"
7677,443.61441183875655,196385.6915342503,"[0.2, 0.2, 0.2, 0.2, 0.2]"
7678,536.551933255748,840333.5732923223,"[0.2, 0.2, 0.2, 0.2, 0.2]"
7679,601.0953213712321,840342.6976909159,"[0.2, 0.2, 0.2, 0.2, 0.2]"
7680,636.3619695495865,988608.4842098461,"[0.2, 0.2, 0.2, 0.2, 0.2]"
7681,282.6816088916433,635297.5406070175,"[0.2, 0.2, 0.2, 0.2, 0.2]"
7682,529.0399451962626,189387.815238951,"[0.2, 0.2, 0.2, 0.2, 0.2]"
7683,440.6030068482161,438013.2869936481,"[0.2, 0.2, 0.2, 0.2, 0.2]"
7684,477.6834178596043,613547.4294566845,"[0.2, 0.2, 0.2, 0.2, 0.2]"
7685,896.333199105557,409490.65136415436,"[0.2, 0.2, 0.2, 0.2, 0.2]"
7686,361.3950053136296,748841.2430007608,"[0.2, 0.2, 0.2, 0.2, 0.2]"
7687,444.1935229605428,892622.1183588133,"[0.2, 0.2, 0.2, 0.2, 0.2]"
7688,846.3064833107787,626519.3809207572,"[0.2, 0.2, 0.2, 0.2, 0.2]"
7689,289.0559264752673,514094.4075355655,"[0.2, 0.2, 0.2, 0.2, 0.2]"
7690,89.68756984657801,807500.3769725881,"[0.2, 0.2, 0.2, 0.2, 0.2]"
7691,940.9242802812081,585313.8637847258,"[0.2, 0.2, 0.2, 0.2, 0.2]"
7692,365.663234510441,545032.6115903803,"[0.2, 0.2, 0.2, 0.2, 0.2]"
7693,603.0597567415344,569058.5872461663,"[0.2, 0.2, 0.2, 0.2, 0.2]"
7694,865.9445474113912,702417.1400879218,"[0.2, 0.2, 0.2, 0.2, 0.2]"
7695,350.2863532523889,819524.9356058881,"[0.2, 0.2, 0.2, 0.2, 0.2]"
7696,741.8487958482468,797043.5773273412,"[0.2, 0.2, 0.2, 0.2, 0.2]"
7697,297.83169060022595,942547.7809883695,"[0.2, 0.2, 0.2, 0.2, 0.2]"
7698,290.05405443305244,532822.0540740523,"[0.2, 0.2, 0.2, 0.2, 0.2]"
7699,645.2572961198244,440817.32121077273,"[0.2, 0.2, 0.2, 0.2, 0.2]"
7700,237.4708349675344,290092.65968933946,"[0.2, 0.2, 0.2, 0.2, 0.2]"
7701,639.830678111365,480564.8646562248,"[0.2, 0.2, 0.2, 0.2, 0.2]"
7702,107.74413898333731,215847.1195810726,"[0.2, 0.2, 0.2, 0.2, 0.2]"
7703,966.8515779596921,836958.3414185334,"[0.2, 0.2, 0.2, 0.2, 0.2]"
7704,718.8142285090073,904676.9206172558,"[0.2, 0.2, 0.2, 0.2, 0.2]"
7705,810.6764786411202,952032.3899623294,"[0.2, 0.2, 0.2, 0.2, 0.2]"
7706,458.51570924597524,670364.8900486944,"[0.2, 0.2, 0.2, 0.2, 0.2]"
7707,613.2713157008731,725804.1503023645,"[0.2, 0.2, 0.2, 0.2, 0.2]"
7708,355.4948681548952,394745.7956433662,"[0.2, 0.2, 0.2, 0.2, 0.2]"
7709,31.888019973981965,746082.9790000811,"[0.2, 0.2, 0.2, 0.2, 0.2]"
7710,884.5142350378471,877933.8689870223,"[0.2, 0.2, 0.2, 0.2, 0.2]"
7711,871.2728965881709,819098.3731149852,"[0.2, 0.2, 0.2, 0.2, 0.2]"
7712,218.5717109979994,862679.9134454065,"[0.2, 0.2, 0.2, 0.2, 0.2]"
7713,282.7964281724729,967956.5311077449,"[0.2, 0.2, 0.2, 0.2, 0.2]"
7714,198.29739314455176,821863.3571837452,"[0.2, 0.2, 0.2, 0.2, 0.2]"
7715,271.6620536685476,822026.2898469022,"[0.2, 0.2, 0.2, 0.2, 0.2]"
7716,621.2202065067423,679838.3681989999,"[0.2, 0.2, 0.2, 0.2, 0.2]"
7717,788.1625647112319,547719.3519483816,"[0.2, 0.2, 0.2, 0.2, 0.2]"
7718,711.7150210557289,494790.4683789991,"[0.2, 0.2, 0.2, 0.2, 0.2]"
7719,860.9398149148292,389671.16375951405,"[0.2, 0.2, 0.2, 0.2, 0.2]"
7720,456.19493188575206,817039.1413516054,"[0.2, 0.2, 0.2, 0.2, 0.2]"
7721,10.951068492406112,551435.6379611732,"[0.2, 0.2, 0.2, 0.2, 0.2]"
7722,894.4044898216621,900282.006598396,"[0.2, 0.2, 0.2, 0.2, 0.2]"
7723,163.43119586467228,671760.9650454345,"[0.2, 0.2, 0.2, 0.2, 0.2]"
7724,41.002349165601146,754292.6278617713,"[0.2, 0.2, 0.2, 0.2, 0.2]"
7725,428.56361307636274,986886.2013740203,"[0.2, 0.2, 0.2, 0.2, 0.2]"
7726,309.90510545726386,910848.2191597674,"[0.2, 0.2, 0.2, 0.2, 0.2]"
7727,212.6246804056781,690319.7356031248,"[0.2, 0.2, 0.2, 0.2, 0.2]"
7728,593.6084928642141,138213.79517113967,"[0.2, 0.2, 0.2, 0.2, 0.2]"
7729,791.9904925952628,512552.70413116115,"[0.2, 0.2, 0.2, 0.2, 0.2]"
7730,142.18455842862562,455973.34127829695,"[0.2, 0.2, 0.2, 0.2, 0.2]"
7731,210.25417508906713,397794.1436962179,"[0.2, 0.2, 0.2, 0.2, 0.2]"
7732,177.70280835818167,295598.65326686006,"[0.2, 0.2, 0.2, 0.2, 0.2]"
7733,416.237111021622,111026.09815032216,"[0.2, 0.2, 0.2, 0.2, 0.2]"
7734,569.9426070408667,845915.173802977,"[0.2, 0.2, 0.2, 0.2, 0.2]"
7735,727.313240099624,216798.283111409,"[0.2, 0.2, 0.2, 0.2, 0.2]"
7736,578.58991562552,736047.7463694299,"[0.2, 0.2, 0.2, 0.2, 0.2]"
7737,170.67941000912177,834749.4264410393,"[0.2, 0.2, 0.2, 0.2, 0.2]"
7738,943.5255317478209,471225.27470836916,"[0.2, 0.2, 0.2, 0.2, 0.2]"
7739,225.98782179463345,238804.39013312387,"[0.2, 0.2, 0.2, 0.2, 0.2]"
7740,346.86315450520357,256613.46694746113,"[0.2, 0.2, 0.2, 0.2, 0.2]"
7741,725.1033593432021,963360.2901387099,"[0.2, 0.2, 0.2, 0.2, 0.2]"
7742,339.1179682825093,666082.0174361127,"[0.2, 0.2, 0.2, 0.2, 0.2]"
7743,600.2099976520416,462423.5394303313,"[0.2, 0.2, 0.2, 0.2, 0.2]"
7744,352.9858124414908,822988.1857868187,"[0.2, 0.2, 0.2, 0.2, 0.2]"
7745,832.9267052522075,346456.6008647923,"[0.2, 0.2, 0.2, 0.2, 0.2]"
7746,640.9294721090283,638312.5890412182,"[0.2, 0.2, 0.2, 0.2, 0.2]"
7747,356.6851120214496,254860.94810763994,"[0.2, 0.2, 0.2, 0.2, 0.2]"
7748,442.434527732917,626226.5632805896,"[0.2, 0.2, 0.2, 0.2, 0.2]"
7749,291.4274216966037,951904.4936859171,"[0.2, 0.2, 0.2, 0.2, 0.2]"
7750,164.2346402911564,199779.05775304703,"[0.2, 0.2, 0.2, 0.2, 0.2]"
7751,550.1784408573707,190273.4346902036,"[0.2, 0.2, 0.2, 0.2, 0.2]"
7752,986.0652055981776,129319.72113331789,"[0.2, 0.2, 0.2, 0.2, 0.2]"
7753,187.20000526932395,920349.5550302881,"[0.2, 0.2, 0.2, 0.2, 0.2]"
7754,856.6216042723066,535920.1034054576,"[0.2, 0.2, 0.2, 0.2, 0.2]"
7755,268.2484799710833,572523.0419833988,"[0.2, 0.2, 0.2, 0.2, 0.2]"
7756,414.80002573387503,520302.7339038469,"[0.2, 0.2, 0.2, 0.2, 0.2]"
7757,144.7937513824144,447392.35686005733,"[0.2, 0.2, 0.2, 0.2, 0.2]"
7758,23.705225293568198,829134.8923510977,"[0.2, 0.2, 0.2, 0.2, 0.2]"
7759,538.5225393979741,396911.8675307733,"[0.2, 0.2, 0.2, 0.2, 0.2]"
7760,575.0445238631943,479035.14914730913,"[0.2, 0.2, 0.2, 0.2, 0.2]"
7761,481.62504782552014,987276.1929150644,"[0.2, 0.2, 0.2, 0.2, 0.2]"
7762,920.6001891565609,570396.222936997,"[0.2, 0.2, 0.2, 0.2, 0.2]"
7763,325.75335038281094,187599.32127746727,"[0.2, 0.2, 0.2, 0.2, 0.2]"
7764,968.7602467519379,532989.9151060198,"[0.2, 0.2, 0.2, 0.2, 0.2]"
7765,661.0067600137849,194113.8432265577,"[0.2, 0.2, 0.2, 0.2, 0.2]"
7766,257.9063307914339,977856.6553534474,"[0.2, 0.2, 0.2, 0.2, 0.2]"
7767,678.8615472281925,665024.2719813726,"[0.2, 0.2, 0.2, 0.2, 0.2]"
7768,154.23582272279788,775954.1271956019,"[0.2, 0.2, 0.2, 0.2, 0.2]"
7769,439.3230549959514,360485.35933997866,"[0.2, 0.2, 0.2, 0.2, 0.2]"
7770,763.7323098094203,136726.6992457774,"[0.2, 0.2, 0.2, 0.2, 0.2]"
7771,768.980031218442,231220.48497408544,"[0.2, 0.2, 0.2, 0.2, 0.2]"
7772,612.6907491989061,197963.10626914687,"[0.2, 0.2, 0.2, 0.2, 0.2]"
7773,740.9578940349448,819694.0216184328,"[0.2, 0.2, 0.2, 0.2, 0.2]"
7774,196.35980811019041,666761.9024634596,"[0.2, 0.2, 0.2, 0.2, 0.2]"
7775,754.3041899500778,523692.52851237636,"[0.2, 0.2, 0.2, 0.2, 0.2]"
7776,740.1129735220778,609942.3866043236,"[0.2, 0.2, 0.2, 0.2, 0.2]"
7777,538.2843151043689,575383.0115494239,"[0.2, 0.2, 0.2, 0.2, 0.2]"
7778,825.5693162364174,424158.61179827387,"[0.2, 0.2, 0.2, 0.2, 0.2]"
7779,950.5245742033818,329922.8701020416,"[0.2, 0.2, 0.2, 0.2, 0.2]"
7780,336.07195939734385,607032.1632092039,"[0.2, 0.2, 0.2, 0.2, 0.2]"
7781,88.38209387589757,100846.71509204093,"[0.2, 0.2, 0.2, 0.2, 0.2]"
7782,907.0370021731001,244281.2515763798,"[0.2, 0.2, 0.2, 0.2, 0.2]"
7783,775.6805981841977,895277.2862464444,"[0.2, 0.2, 0.2, 0.2, 0.2]"
7784,434.56856823540414,564166.5062864192,"[0.2, 0.2, 0.2, 0.2, 0.2]"
7785,579.3029607551586,558690.083129682,"[0.2, 0.2, 0.2, 0.2, 0.2]"
7786,36.606665405058955,712362.7802836497,"[0.2, 0.2, 0.2, 0.2, 0.2]"
7787,625.0978790244468,541856.5547466167,"[0.2, 0.2, 0.2, 0.2, 0.2]"
7788,31.396284921414313,177243.19667676312,"[0.2, 0.2, 0.2, 0.2, 0.2]"
7789,936.3486665312961,299007.6887336028,"[0.2, 0.2, 0.2, 0.2, 0.2]"
7790,178.57696006548107,269762.15169193083,"[0.2, 0.2, 0.2, 0.2, 0.2]"
7791,799.1432740181856,828098.6390930967,"[0.2, 0.2, 0.2, 0.2, 0.2]"
7792,434.58888462895743,661381.3985392203,"[0.2, 0.2, 0.2, 0.2, 0.2]"
7793,919.024516043202,602448.630633988,"[0.2, 0.2, 0.2, 0.2, 0.2]"
7794,12.549321161323377,257816.80422194864,"[0.2, 0.2, 0.2, 0.2, 0.2]"
7795,139.24549568341732,406150.0187397198,"[0.2, 0.2, 0.2, 0.2, 0.2]"
7796,639.0161142557116,178933.09384440718,"[0.2, 0.2, 0.2, 0.2, 0.2]"
7797,906.6513908666998,970542.877403097,"[0.2, 0.2, 0.2, 0.2, 0.2]"
7798,826.8024316223317,872039.4875226857,"[0.2, 0.2, 0.2, 0.2, 0.2]"
7799,732.6082536349297,979636.6906238578,"[0.2, 0.2, 0.2, 0.2, 0.2]"
7800,980.1707271734384,878724.816508722,"[0.2, 0.2, 0.2, 0.2, 0.2]"
7801,283.39481908061333,215815.70329346502,"[0.2, 0.2, 0.2, 0.2, 0.2]"
7802,424.32958145221426,692352.3894508064,"[0.2, 0.2, 0.2, 0.2, 0.2]"
7803,247.07489092274307,866026.6971825772,"[0.2, 0.2, 0.2, 0.2, 0.2]"
7804,156.10240762754088,723157.7967220917,"[0.2, 0.2, 0.2, 0.2, 0.2]"
7805,11.208102840527923,206528.20881907418,"[0.2, 0.2, 0.2, 0.2, 0.2]"
7806,658.9787314206641,505490.30476765626,"[0.2, 0.2, 0.2, 0.2, 0.2]"
7807,518.8195619039867,109353.09841772499,"[0.2, 0.2, 0.2, 0.2, 0.2]"
7808,333.45856196803464,637234.7634247151,"[0.2, 0.2, 0.2, 0.2, 0.2]"
7809,119.63337923548977,928293.2037082824,"[0.2, 0.2, 0.2, 0.2, 0.2]"
7810,226.1036016016645,514399.3206166474,"[0.2, 0.2, 0.2, 0.2, 0.2]"
7811,991.4559835032492,805348.9133889426,"[0.2, 0.2, 0.2, 0.2, 0.2]"
7812,408.3578333375865,816619.8332815544,"[0.2, 0.2, 0.2, 0.2, 0.2]"
7813,354.91188355798226,700727.0273868153,"[0.2, 0.2, 0.2, 0.2, 0.2]"
7814,123.33649467200198,931708.6539911751,"[0.2, 0.2, 0.2, 0.2, 0.2]"
7815,566.0023800876123,161006.3348979024,"[0.2, 0.2, 0.2, 0.2, 0.2]"
7816,415.96309703977795,433454.1698852924,"[0.2, 0.2, 0.2, 0.2, 0.2]"
7817,260.2082794693928,104074.74854846192,"[0.2, 0.2, 0.2, 0.2, 0.2]"
7818,216.88363216105154,608582.0140657035,"[0.2, 0.2, 0.2, 0.2, 0.2]"
7819,999.9654610180563,541994.8691658316,"[0.2, 0.2, 0.2, 0.2, 0.2]"
7820,159.8267227004209,197137.47800450635,"[0.2, 0.2, 0.2, 0.2, 0.2]"
7821,120.39705181922851,790190.3103367754,"[0.2, 0.2, 0.2, 0.2, 0.2]"
7822,452.6022268612698,818558.9748264239,"[0.2, 0.2, 0.2, 0.2, 0.2]"
7823,904.4047509271813,340031.68941419525,"[0.2, 0.2, 0.2, 0.2, 0.2]"
7824,218.66852914111686,569369.608514922,"[0.2, 0.2, 0.2, 0.2, 0.2]"
7825,562.1605809436844,308014.23677374376,"[0.2, 0.2, 0.2, 0.2, 0.2]"
7826,991.7836932415057,541362.7969386452,"[0.2, 0.2, 0.2, 0.2, 0.2]"
7827,714.1230230613814,254001.4852979819,"[0.2, 0.2, 0.2, 0.2, 0.2]"
7828,85.36133397742626,969130.6942550469,"[0.2, 0.2, 0.2, 0.2, 0.2]"
7829,908.179187891186,732744.902022562,"[0.2, 0.2, 0.2, 0.2, 0.2]"
7830,808.1899806553093,140125.90694265254,"[0.2, 0.2, 0.2, 0.2, 0.2]"
7831,793.8140608604933,302516.9873236516,"[0.2, 0.2, 0.2, 0.2, 0.2]"
7832,330.2396034103885,623029.282670741,"[0.2, 0.2, 0.2, 0.2, 0.2]"
7833,317.142912842577,292316.58719313215,"[0.2, 0.2, 0.2, 0.2, 0.2]"
7834,565.7055527050726,983792.1047813019,"[0.2, 0.2, 0.2, 0.2, 0.2]"
7835,376.8132934133707,905295.8218444913,"[0.2, 0.2, 0.2, 0.2, 0.2]"
7836,288.70414023499467,261722.40697653478,"[0.2, 0.2, 0.2, 0.2, 0.2]"
7837,935.095276492416,784244.2663123924,"[0.2, 0.2, 0.2, 0.2, 0.2]"
7838,777.2369061212304,468077.2416163761,"[0.2, 0.2, 0.2, 0.2, 0.2]"
7839,710.7318291143778,943825.460204863,"[0.2, 0.2, 0.2, 0.2, 0.2]"
7840,719.6555464126741,298742.89108234853,"[0.2, 0.2, 0.2, 0.2, 0.2]"
7841,381.09715584075224,736363.0383844979,"[0.2, 0.2, 0.2, 0.2, 0.2]"
7842,64.76959588437782,110176.14120178089,"[0.2, 0.2, 0.2, 0.2, 0.2]"
7843,748.3139555810036,557043.3389195772,"[0.2, 0.2, 0.2, 0.2, 0.2]"
7844,708.786886037468,207622.7803692808,"[0.2, 0.2, 0.2, 0.2, 0.2]"
7845,239.6764370420383,108583.64667122584,"[0.2, 0.2, 0.2, 0.2, 0.2]"
7846,443.06992660320236,777052.0422332525,"[0.2, 0.2, 0.2, 0.2, 0.2]"
7847,518.2357791462002,272669.0337566802,"[0.2, 0.2, 0.2, 0.2, 0.2]"
7848,623.7960701946187,843032.2287509193,"[0.2, 0.2, 0.2, 0.2, 0.2]"
7849,164.9207335587177,451749.54039799666,"[0.2, 0.2, 0.2, 0.2, 0.2]"
7850,248.48534050234,179598.81841864163,"[0.2, 0.2, 0.2, 0.2, 0.2]"
7851,822.7448803179904,405374.39635602466,"[0.2, 0.2, 0.2, 0.2, 0.2]"
7852,115.27203847158637,524708.829316763,"[0.2, 0.2, 0.2, 0.2, 0.2]"
7853,282.11770905169027,324150.2113942914,"[0.2, 0.2, 0.2, 0.2, 0.2]"
7854,544.8035698289017,339007.84210912464,"[0.2, 0.2, 0.2, 0.2, 0.2]"
7855,617.9714347578762,824538.6215285859,"[0.2, 0.2, 0.2, 0.2, 0.2]"
7856,118.38099513388458,966126.3476000413,"[0.2, 0.2, 0.2, 0.2, 0.2]"
7857,690.7450156149043,557144.4017459368,"[0.2, 0.2, 0.2, 0.2, 0.2]"
7858,270.08778716438894,604331.2951554197,"[0.2, 0.2, 0.2, 0.2, 0.2]"
7859,176.69914132783623,662260.826558286,"[0.2, 0.2, 0.2, 0.2, 0.2]"
7860,985.8989352098614,597784.6380444122,"[0.2, 0.2, 0.2, 0.2, 0.2]"
7861,954.3320776640927,744877.0343041177,"[0.2, 0.2, 0.2, 0.2, 0.2]"
7862,504.01675456369526,130269.04471700365,"[0.2, 0.2, 0.2, 0.2, 0.2]"
7863,689.980012384064,313509.56390339544,"[0.2, 0.2, 0.2, 0.2, 0.2]"
7864,175.1211926234952,589426.6220330547,"[0.2, 0.2, 0.2, 0.2, 0.2]"
7865,744.3592631619931,614625.8603058201,"[0.2, 0.2, 0.2, 0.2, 0.2]"
7866,213.63073854716606,295728.83228308265,"[0.2, 0.2, 0.2, 0.2, 0.2]"
7867,738.2452145792187,879870.234489519,"[0.2, 0.2, 0.2, 0.2, 0.2]"
7868,997.3406120093331,486898.46030346944,"[0.2, 0.2, 0.2, 0.2, 0.2]"
7869,285.30847504208964,568206.2577650164,"[0.2, 0.2, 0.2, 0.2, 0.2]"
7870,771.5102954161229,830095.9001028301,"[0.2, 0.2, 0.2, 0.2, 0.2]"
7871,939.1571745017967,153460.89252735823,"[0.2, 0.2, 0.2, 0.2, 0.2]"
7872,384.9178121376356,128699.50772356795,"[0.2, 0.2, 0.2, 0.2, 0.2]"
7873,968.5345728504941,227701.74404589995,"[0.2, 0.2, 0.2, 0.2, 0.2]"
7874,454.72251536290497,591147.4301117572,"[0.2, 0.2, 0.2, 0.2, 0.2]"
7875,714.6722207439958,746777.5160454888,"[0.2, 0.2, 0.2, 0.2, 0.2]"
7876,673.9048945064144,112985.15624376356,"[0.2, 0.2, 0.2, 0.2, 0.2]"
7877,281.8725225798801,554279.024320496,"[0.2, 0.2, 0.2, 0.2, 0.2]"
7878,797.6568578498094,469636.2556093575,"[0.2, 0.2, 0.2, 0.2, 0.2]"
7879,567.1521890480989,688940.0411563409,"[0.2, 0.2, 0.2, 0.2, 0.2]"
7880,193.73105494216014,233450.67153292432,"[0.2, 0.2, 0.2, 0.2, 0.2]"
7881,15.464635836948338,946453.0442365332,"[0.2, 0.2, 0.2, 0.2, 0.2]"
7882,352.27479265784075,984052.1217054448,"[0.2, 0.2, 0.2, 0.2, 0.2]"
7883,863.063280407595,675880.0459636174,"[0.2, 0.2, 0.2, 0.2, 0.2]"
7884,840.5484688421196,910679.7574840686,"[0.2, 0.2, 0.2, 0.2, 0.2]"
7885,943.686978100528,218224.73063757268,"[0.2, 0.2, 0.2, 0.2, 0.2]"
7886,421.6078173002765,578240.1953394949,"[0.2, 0.2, 0.2, 0.2, 0.2]"
7887,195.69533177333236,378904.1388441225,"[0.2, 0.2, 0.2, 0.2, 0.2]"
7888,761.9173633145309,949214.6324050555,"[0.2, 0.2, 0.2, 0.2, 0.2]"
7889,483.7320944309231,228820.63795125822,"[0.2, 0.2, 0.2, 0.2, 0.2]"
7890,762.2548954828795,983454.2298046484,"[0.2, 0.2, 0.2, 0.2, 0.2]"
7891,826.1801813791635,933544.4727788704,"[0.2, 0.2, 0.2, 0.2, 0.2]"
7892,510.43044700123863,823815.8505855246,"[0.2, 0.2, 0.2, 0.2, 0.2]"
7893,478.69282936140297,731260.8149169481,"[0.2, 0.2, 0.2, 0.2, 0.2]"
7894,378.1476186999456,475583.26673417323,"[0.2, 0.2, 0.2, 0.2, 0.2]"
7895,430.02225695442377,872151.2119861947,"[0.2, 0.2, 0.2, 0.2, 0.2]"
7896,115.47086140459244,695735.8423936139,"[0.2, 0.2, 0.2, 0.2, 0.2]"
7897,76.59493093708559,598240.3343950566,"[0.2, 0.2, 0.2, 0.2, 0.2]"
7898,877.6785697674204,331171.7917343832,"[0.2, 0.2, 0.2, 0.2, 0.2]"
7899,28.57547063586855,888465.6217905773,"[0.2, 0.2, 0.2, 0.2, 0.2]"
7900,331.3228136631593,936259.9903701353,"[0.2, 0.2, 0.2, 0.2, 0.2]"
7901,925.8939618251133,515555.11051330995,"[0.2, 0.2, 0.2, 0.2, 0.2]"
7902,442.3273578446773,226454.10502231464,"[0.2, 0.2, 0.2, 0.2, 0.2]"
7903,259.1270697109052,365803.4119069609,"[0.2, 0.2, 0.2, 0.2, 0.2]"
7904,217.8644900136229,974744.0496397334,"[0.2, 0.2, 0.2, 0.2, 0.2]"
7905,289.2276001480911,530878.7990208275,"[0.2, 0.2, 0.2, 0.2, 0.2]"
7906,807.6586052920649,381042.6647158593,"[0.2, 0.2, 0.2, 0.2, 0.2]"
7907,302.4914177679898,734742.8400349467,"[0.2, 0.2, 0.2, 0.2, 0.2]"
7908,201.32568547589645,356420.15486679657,"[0.2, 0.2, 0.2, 0.2, 0.2]"
7909,562.7875745285029,398293.4533982638,"[0.2, 0.2, 0.2, 0.2, 0.2]"
7910,997.1592655403375,231722.87119889725,"[0.2, 0.2, 0.2, 0.2, 0.2]"
7911,447.3636437398183,173858.47747702815,"[0.2, 0.2, 0.2, 0.2, 0.2]"
7912,877.311747665712,859309.829492412,"[0.2, 0.2, 0.2, 0.2, 0.2]"
7913,388.14423305242565,273048.695235644,"[0.2, 0.2, 0.2, 0.2, 0.2]"
7914,337.5122877816545,817301.6632246735,"[0.2, 0.2, 0.2, 0.2, 0.2]"
7915,807.1379704074529,896775.7933742106,"[0.2, 0.2, 0.2, 0.2, 0.2]"
7916,767.570157625206,479349.07240802364,"[0.2, 0.2, 0.2, 0.2, 0.2]"
7917,434.7931082117504,133808.3466340733,"[0.2, 0.2, 0.2, 0.2, 0.2]"
7918,13.485603884325354,629241.2457371352,"[0.2, 0.2, 0.2, 0.2, 0.2]"
7919,135.07842392547167,877952.2672557909,"[0.2, 0.2, 0.2, 0.2, 0.2]"
7920,475.9973576732347,883020.1846196632,"[0.2, 0.2, 0.2, 0.2, 0.2]"
7921,782.7095908565638,271053.50420400215,"[0.2, 0.2, 0.2, 0.2, 0.2]"
7922,937.8295748039658,475920.6230425474,"[0.2, 0.2, 0.2, 0.2, 0.2]"
7923,246.08212487015868,108945.93065028769,"[0.2, 0.2, 0.2, 0.2, 0.2]"
7924,411.588995853036,818387.5170378544,"[0.2, 0.2, 0.2, 0.2, 0.2]"
7925,716.6320054261909,234357.96338620782,"[0.2, 0.2, 0.2, 0.2, 0.2]"
7926,361.52730133728255,236979.38685400452,"[0.2, 0.2, 0.2, 0.2, 0.2]"
7927,349.17890155697864,369216.0753291839,"[0.2, 0.2, 0.2, 0.2, 0.2]"
7928,842.9139879169539,238038.11448157256,"[0.2, 0.2, 0.2, 0.2, 0.2]"
7929,224.64969294407024,906574.7842059736,"[0.2, 0.2, 0.2, 0.2, 0.2]"
7930,664.1191330153977,465894.61728029384,"[0.2, 0.2, 0.2, 0.2, 0.2]"
7931,363.2378895591292,266375.9316552809,"[0.2, 0.2, 0.2, 0.2, 0.2]"
7932,352.62896489516936,971515.5292218089,"[0.2, 0.2, 0.2, 0.2, 0.2]"
7933,559.4363120141198,477394.30862933915,"[0.2, 0.2, 0.2, 0.2, 0.2]"
7934,653.084577391612,816035.2233168286,"[0.2, 0.2, 0.2, 0.2, 0.2]"
7935,177.48644366153496,352882.0093565192,"[0.2, 0.2, 0.2, 0.2, 0.2]"
7936,754.4087396679245,834333.6683539186,"[0.2, 0.2, 0.2, 0.2, 0.2]"
7937,608.3787124583064,711987.4122417513,"[0.2, 0.2, 0.2, 0.2, 0.2]"
7938,73.6880632735031,345459.99658975983,"[0.2, 0.2, 0.2, 0.2, 0.2]"
7939,705.7172102233573,297690.12319822516,"[0.2, 0.2, 0.2, 0.2, 0.2]"
7940,655.777802797415,906938.7916153398,"[0.2, 0.2, 0.2, 0.2, 0.2]"
7941,806.9851532983881,646085.8393157562,"[0.2, 0.2, 0.2, 0.2, 0.2]"
7942,759.4545408518179,799453.7589736537,"[0.2, 0.2, 0.2, 0.2, 0.2]"
7943,158.55318743444937,233881.51621799864,"[0.2, 0.2, 0.2, 0.2, 0.2]"
7944,88.31534426348527,363521.0591458089,"[0.2, 0.2, 0.2, 0.2, 0.2]"
7945,339.2493952354504,701682.7575771706,"[0.2, 0.2, 0.2, 0.2, 0.2]"
7946,490.34825372425047,367441.9093460814,"[0.2, 0.2, 0.2, 0.2, 0.2]"
7947,29.64029752404672,486365.85190225404,"[0.2, 0.2, 0.2, 0.2, 0.2]"
7948,499.00819849748575,235642.69780123173,"[0.2, 0.2, 0.2, 0.2, 0.2]"
7949,969.68262547563,716160.7577732052,"[0.2, 0.2, 0.2, 0.2, 0.2]"
7950,684.7370699860695,279429.5000454916,"[0.2, 0.2, 0.2, 0.2, 0.2]"
7951,178.73131525462173,291083.60442899517,"[0.2, 0.2, 0.2, 0.2, 0.2]"
7952,157.37037425492042,988790.6717753216,"[0.2, 0.2, 0.2, 0.2, 0.2]"
7953,741.441783562138,221494.1383400342,"[0.2, 0.2, 0.2, 0.2, 0.2]"
7954,239.67577587442327,631386.1888552501,"[0.2, 0.2, 0.2, 0.2, 0.2]"
7955,426.6218112778705,376024.3237262228,"[0.2, 0.2, 0.2, 0.2, 0.2]"
7956,378.3570875168631,185015.87438084223,"[0.2, 0.2, 0.2, 0.2, 0.2]"
7957,322.8670111939696,692442.2216395546,"[0.2, 0.2, 0.2, 0.2, 0.2]"
7958,908.3906715102023,507195.4251283282,"[0.2, 0.2, 0.2, 0.2, 0.2]"
7959,800.9539463136698,279326.276207963,"[0.2, 0.2, 0.2, 0.2, 0.2]"
7960,494.02033329095053,730577.0990007627,"[0.2, 0.2, 0.2, 0.2, 0.2]"
7961,290.01341169491974,257092.85975062515,"[0.2, 0.2, 0.2, 0.2, 0.2]"
7962,551.2253784381746,642115.0733652642,"[0.2, 0.2, 0.2, 0.2, 0.2]"
7963,262.88678423313326,250867.41866844057,"[0.2, 0.2, 0.2, 0.2, 0.2]"
7964,614.6893311564414,161489.4000324516,"[0.2, 0.2, 0.2, 0.2, 0.2]"
7965,984.0702451708885,890896.7019082882,"[0.2, 0.2, 0.2, 0.2, 0.2]"
7966,389.8087134532501,387908.4703851029,"[0.2, 0.2, 0.2, 0.2, 0.2]"
7967,890.5779347567449,621584.0807017949,"[0.2, 0.2, 0.2, 0.2, 0.2]"
7968,911.5852659099947,621792.567945354,"[0.2, 0.2, 0.2, 0.2, 0.2]"
7969,243.8703944197713,864359.8423402212,"[0.2, 0.2, 0.2, 0.2, 0.2]"
7970,626.7863801946335,751156.0844424114,"[0.2, 0.2, 0.2, 0.2, 0.2]"
7971,683.134735591137,669049.329151389,"[0.2, 0.2, 0.2, 0.2, 0.2]"
7972,759.5108767026313,443379.1601949378,"[0.2, 0.2, 0.2, 0.2, 0.2]"
7973,889.8439382919744,518165.16946248524,"[0.2, 0.2, 0.2, 0.2, 0.2]"
7974,921.3625615369626,900963.5703894953,"[0.2, 0.2, 0.2, 0.2, 0.2]"
7975,629.8941020113268,880184.2092151893,"[0.2, 0.2, 0.2, 0.2, 0.2]"
7976,703.3437039492107,747226.3802441915,"[0.2, 0.2, 0.2, 0.2, 0.2]"
7977,584.1882779364572,193148.9459048038,"[0.2, 0.2, 0.2, 0.2, 0.2]"
7978,706.8169382036375,600735.9838487252,"[0.2, 0.2, 0.2, 0.2, 0.2]"
7979,979.0480978192035,100026.47806050745,"[0.2, 0.2, 0.2, 0.2, 0.2]"
7980,195.82839327195327,964523.9789150958,"[0.2, 0.2, 0.2, 0.2, 0.2]"
7981,38.893581972041325,524623.1612067963,"[0.2, 0.2, 0.2, 0.2, 0.2]"
7982,147.066806759222,903356.9567515643,"[0.2, 0.2, 0.2, 0.2, 0.2]"
7983,462.172931051189,906663.5427507303,"[0.2, 0.2, 0.2, 0.2, 0.2]"
7984,594.4006350943021,437860.95492874813,"[0.2, 0.2, 0.2, 0.2, 0.2]"
7985,519.2355328219612,598281.9739840627,"[0.2, 0.2, 0.2, 0.2, 0.2]"
7986,999.330778182228,607826.3714834326,"[0.2, 0.2, 0.2, 0.2, 0.2]"
7987,490.3699052985087,128849.80970475319,"[0.2, 0.2, 0.2, 0.2, 0.2]"
7988,230.0550326229654,445136.5392606072,"[0.2, 0.2, 0.2, 0.2, 0.2]"
7989,848.7119724154487,489273.7836039159,"[0.2, 0.2, 0.2, 0.2, 0.2]"
7990,926.9153249028171,114845.73171618568,"[0.2, 0.2, 0.2, 0.2, 0.2]"
7991,35.26001765246488,889494.1870231456,"[0.2, 0.2, 0.2, 0.2, 0.2]"
7992,820.7316264057839,230642.70218334152,"[0.2, 0.2, 0.2, 0.2, 0.2]"
7993,213.1162048148079,929733.0581598964,"[0.2, 0.2, 0.2, 0.2, 0.2]"
7994,996.7329623734722,465167.522893393,"[0.2, 0.2, 0.2, 0.2, 0.2]"
7995,161.02648059340115,530724.0742554707,"[0.2, 0.2, 0.2, 0.2, 0.2]"
7996,576.3539685810281,497112.14142289077,"[0.2, 0.2, 0.2, 0.2, 0.2]"
7997,952.1686137645817,404518.15779498935,"[0.2, 0.2, 0.2, 0.2, 0.2]"
7998,167.36513082282562,119464.19864607521,"[0.2, 0.2, 0.2, 0.2, 0.2]"
7999,876.8380455931124,624756.1014193544,"[0.2, 0.2, 0.2, 0.2, 0.2]"
8000,131.68599124332883,851718.4031836796,"[0.2, 0.2, 0.2, 0.2, 0.2]"
8001,282.52688518896343,353708.3143645731,"[0.2, 0.2, 0.2, 0.2, 0.2]"
8002,994.4036915361651,594536.4473869107,"[0.2, 0.2, 0.2, 0.2, 0.2]"
8003,846.5663040631484,909492.704665403,"[0.2, 0.2, 0.2, 0.2, 0.2]"
8004,861.3966633167568,815253.6265747679,"[0.2, 0.2, 0.2, 0.2, 0.2]"
8005,327.85245598259104,135909.52219520492,"[0.2, 0.2, 0.2, 0.2, 0.2]"
8006,174.25825690439243,108572.282054578,"[0.2, 0.2, 0.2, 0.2, 0.2]"
8007,730.4777767366653,986680.3983842182,"[0.2, 0.2, 0.2, 0.2, 0.2]"
8008,93.08527450520103,336425.07325045497,"[0.2, 0.2, 0.2, 0.2, 0.2]"
8009,68.11830085958722,682984.2305235395,"[0.2, 0.2, 0.2, 0.2, 0.2]"
8010,849.4227410373344,478259.9235894377,"[0.2, 0.2, 0.2, 0.2, 0.2]"
8011,828.3019297465952,864395.7003673981,"[0.2, 0.2, 0.2, 0.2, 0.2]"
8012,853.6219953377689,155535.27966063935,"[0.2, 0.2, 0.2, 0.2, 0.2]"
8013,77.09812447707196,463497.1458143031,"[0.2, 0.2, 0.2, 0.2, 0.2]"
8014,619.003235191207,947029.5779821251,"[0.2, 0.2, 0.2, 0.2, 0.2]"
8015,336.51079077363784,779903.0957283236,"[0.2, 0.2, 0.2, 0.2, 0.2]"
8016,133.80715686248936,107043.11893245706,"[0.2, 0.2, 0.2, 0.2, 0.2]"
8017,12.5790204590665,936612.9622435189,"[0.2, 0.2, 0.2, 0.2, 0.2]"
8018,540.3700785623828,281285.86660267087,"[0.2, 0.2, 0.2, 0.2, 0.2]"
8019,243.16840597020732,790070.0923173432,"[0.2, 0.2, 0.2, 0.2, 0.2]"
8020,205.16959813454608,214810.81567106294,"[0.2, 0.2, 0.2, 0.2, 0.2]"
8021,965.5660169468026,534807.0308178029,"[0.2, 0.2, 0.2, 0.2, 0.2]"
8022,912.5594235481839,263401.4725141714,"[0.2, 0.2, 0.2, 0.2, 0.2]"
8023,676.1044333892361,306045.9707935267,"[0.2, 0.2, 0.2, 0.2, 0.2]"
8024,991.537193890417,910178.195951135,"[0.2, 0.2, 0.2, 0.2, 0.2]"
8025,200.8030133240782,222125.5219791782,"[0.2, 0.2, 0.2, 0.2, 0.2]"
8026,367.48752994147816,793891.9355452404,"[0.2, 0.2, 0.2, 0.2, 0.2]"
8027,524.4542991961541,774306.8494250326,"[0.2, 0.2, 0.2, 0.2, 0.2]"
8028,244.10719237191202,397452.08806067496,"[0.2, 0.2, 0.2, 0.2, 0.2]"
8029,891.7729613678639,673551.8465297046,"[0.2, 0.2, 0.2, 0.2, 0.2]"
8030,579.4029817056879,625333.5285983726,"[0.2, 0.2, 0.2, 0.2, 0.2]"
8031,570.9886496199038,291399.24705087545,"[0.2, 0.2, 0.2, 0.2, 0.2]"
8032,54.14948807377495,885826.84168923,"[0.2, 0.2, 0.2, 0.2, 0.2]"
8033,539.9334600831262,898470.8114234362,"[0.2, 0.2, 0.2, 0.2, 0.2]"
8034,849.483899536616,527866.6093259691,"[0.2, 0.2, 0.2, 0.2, 0.2]"
8035,651.9261284786244,367861.9186403066,"[0.2, 0.2, 0.2, 0.2, 0.2]"
8036,241.3691113295336,543580.5263224494,"[0.2, 0.2, 0.2, 0.2, 0.2]"
8037,490.30522857015194,814814.7519980997,"[0.2, 0.2, 0.2, 0.2, 0.2]"
8038,355.4803898656503,163581.04772349293,"[0.2, 0.2, 0.2, 0.2, 0.2]"
8039,601.9862666046124,371372.8912563941,"[0.2, 0.2, 0.2, 0.2, 0.2]"
8040,382.2765432824466,465746.69462573575,"[0.2, 0.2, 0.2, 0.2, 0.2]"
8041,524.8015838220931,567465.7272149869,"[0.2, 0.2, 0.2, 0.2, 0.2]"
8042,668.6505888734438,509565.71500702866,"[0.2, 0.2, 0.2, 0.2, 0.2]"
8043,166.1254612531489,320337.73919899657,"[0.2, 0.2, 0.2, 0.2, 0.2]"
8044,478.41687579070407,994632.0726829462,"[0.2, 0.2, 0.2, 0.2, 0.2]"
8045,128.99691166941665,494310.7117206614,"[0.2, 0.2, 0.2, 0.2, 0.2]"
8046,736.3003147115355,560572.2181719034,"[0.2, 0.2, 0.2, 0.2, 0.2]"
8047,350.3334590410045,216603.19671253348,"[0.2, 0.2, 0.2, 0.2, 0.2]"
8048,594.2450873951999,104278.1735468979,"[0.2, 0.2, 0.2, 0.2, 0.2]"
8049,98.2110917496284,243961.2662444115,"[0.2, 0.2, 0.2, 0.2, 0.2]"
8050,208.7883405691706,740677.3211543692,"[0.2, 0.2, 0.2, 0.2, 0.2]"
8051,663.078960351741,414800.1391664885,"[0.2, 0.2, 0.2, 0.2, 0.2]"
8052,117.84872689595215,719753.7845791231,"[0.2, 0.2, 0.2, 0.2, 0.2]"
8053,431.147211791101,486994.51605890814,"[0.2, 0.2, 0.2, 0.2, 0.2]"
8054,79.98654656671799,904720.0666581338,"[0.2, 0.2, 0.2, 0.2, 0.2]"
8055,866.0073061321932,626428.1753888289,"[0.2, 0.2, 0.2, 0.2, 0.2]"
8056,385.1120018281409,793218.0998021779,"[0.2, 0.2, 0.2, 0.2, 0.2]"
8057,567.0881918234268,692456.8690989759,"[0.2, 0.2, 0.2, 0.2, 0.2]"
8058,611.1601985682188,823858.828801693,"[0.2, 0.2, 0.2, 0.2, 0.2]"
8059,832.5313677331392,445642.6547698234,"[0.2, 0.2, 0.2, 0.2, 0.2]"
8060,328.1995754420007,486182.28285679896,"[0.2, 0.2, 0.2, 0.2, 0.2]"
8061,90.62058008177502,419434.0087645129,"[0.2, 0.2, 0.2, 0.2, 0.2]"
8062,781.5739654354521,422503.80396864814,"[0.2, 0.2, 0.2, 0.2, 0.2]"
8063,387.32676041346326,453578.86656052637,"[0.2, 0.2, 0.2, 0.2, 0.2]"
8064,910.8189476105359,342304.207802893,"[0.2, 0.2, 0.2, 0.2, 0.2]"
8065,215.65277436722548,118116.0346031764,"[0.2, 0.2, 0.2, 0.2, 0.2]"
8066,955.7700868039354,332774.09632914606,"[0.2, 0.2, 0.2, 0.2, 0.2]"
8067,908.7636867825416,404396.46288901515,"[0.2, 0.2, 0.2, 0.2, 0.2]"
8068,174.68173998216986,579417.2944563609,"[0.2, 0.2, 0.2, 0.2, 0.2]"
8069,722.4490338877702,548711.3788069384,"[0.2, 0.2, 0.2, 0.2, 0.2]"
8070,464.61060481369947,341386.03066089336,"[0.2, 0.2, 0.2, 0.2, 0.2]"
8071,653.8718562193454,217701.70202002832,"[0.2, 0.2, 0.2, 0.2, 0.2]"
8072,556.5429807329306,202373.6128755879,"[0.2, 0.2, 0.2, 0.2, 0.2]"
8073,44.256238110786136,120834.82601641327,"[0.2, 0.2, 0.2, 0.2, 0.2]"
8074,999.3911358473108,337991.05432635976,"[0.2, 0.2, 0.2, 0.2, 0.2]"
8075,540.1155821534308,166725.2195354161,"[0.2, 0.2, 0.2, 0.2, 0.2]"
8076,549.0112265996013,255355.12833880197,"[0.2, 0.2, 0.2, 0.2, 0.2]"
8077,583.144034142223,790561.861707636,"[0.2, 0.2, 0.2, 0.2, 0.2]"
8078,21.73372700748717,169827.90300654084,"[0.2, 0.2, 0.2, 0.2, 0.2]"
8079,694.1019981091322,574603.5563091461,"[0.2, 0.2, 0.2, 0.2, 0.2]"
8080,843.8028380182939,729901.9754841325,"[0.2, 0.2, 0.2, 0.2, 0.2]"
8081,44.58127245078227,467931.41469990415,"[0.2, 0.2, 0.2, 0.2, 0.2]"
8082,839.1387740545666,594480.0403431355,"[0.2, 0.2, 0.2, 0.2, 0.2]"
8083,634.5990415553076,690984.4859112928,"[0.2, 0.2, 0.2, 0.2, 0.2]"
8084,290.3657785130883,826864.4221471198,"[0.2, 0.2, 0.2, 0.2, 0.2]"
8085,695.891523970502,936742.2990041961,"[0.2, 0.2, 0.2, 0.2, 0.2]"
8086,263.02570252736166,552267.9473859861,"[0.2, 0.2, 0.2, 0.2, 0.2]"
8087,981.2667881440842,353184.2176413002,"[0.2, 0.2, 0.2, 0.2, 0.2]"
8088,137.83023270621516,624408.8896048727,"[0.2, 0.2, 0.2, 0.2, 0.2]"
8089,564.7613907486942,578043.8734128147,"[0.2, 0.2, 0.2, 0.2, 0.2]"
8090,379.5455835127522,463034.1588361719,"[0.2, 0.2, 0.2, 0.2, 0.2]"
8091,361.70285176205437,821345.7304559178,"[0.2, 0.2, 0.2, 0.2, 0.2]"
8092,392.30912467579765,217810.65377374145,"[0.2, 0.2, 0.2, 0.2, 0.2]"
8093,945.2871085812233,235178.3165638479,"[0.2, 0.2, 0.2, 0.2, 0.2]"
8094,650.4591892782914,548671.2490279252,"[0.2, 0.2, 0.2, 0.2, 0.2]"
8095,30.269206935979334,743325.4062502048,"[0.2, 0.2, 0.2, 0.2, 0.2]"
8096,430.6643185603199,971266.1312790405,"[0.2, 0.2, 0.2, 0.2, 0.2]"
8097,329.9107072985036,771083.8435151267,"[0.2, 0.2, 0.2, 0.2, 0.2]"
8098,124.03476974582776,388914.5209339828,"[0.2, 0.2, 0.2, 0.2, 0.2]"
8099,152.58131580130086,525952.0702507701,"[0.2, 0.2, 0.2, 0.2, 0.2]"
8100,94.57693734823391,766180.1976371219,"[0.2, 0.2, 0.2, 0.2, 0.2]"
8101,275.88396426013736,189196.44659906084,"[0.2, 0.2, 0.2, 0.2, 0.2]"
8102,243.64512479694378,328198.85267155967,"[0.2, 0.2, 0.2, 0.2, 0.2]"
8103,493.202256467377,227647.16063496133,"[0.2, 0.2, 0.2, 0.2, 0.2]"
8104,526.6826912199297,577174.3326474645,"[0.2, 0.2, 0.2, 0.2, 0.2]"
8105,873.4914425224661,160323.46795422587,"[0.2, 0.2, 0.2, 0.2, 0.2]"
8106,134.51891743152822,822408.0437737227,"[0.2, 0.2, 0.2, 0.2, 0.2]"
8107,221.6720008991328,897143.5779607187,"[0.2, 0.2, 0.2, 0.2, 0.2]"
8108,768.4646217685614,272189.50460166216,"[0.2, 0.2, 0.2, 0.2, 0.2]"
8109,426.3060423014645,521690.5475986603,"[0.2, 0.2, 0.2, 0.2, 0.2]"
8110,53.18495492020509,206405.7177578165,"[0.2, 0.2, 0.2, 0.2, 0.2]"
8111,963.6590505725119,167438.1462112302,"[0.2, 0.2, 0.2, 0.2, 0.2]"
8112,983.215171475374,152690.9980112515,"[0.2, 0.2, 0.2, 0.2, 0.2]"
8113,748.3840590392987,820189.3978551825,"[0.2, 0.2, 0.2, 0.2, 0.2]"
8114,379.224502172022,141525.40430308957,"[0.2, 0.2, 0.2, 0.2, 0.2]"
8115,49.27724626614395,353434.68518272147,"[0.2, 0.2, 0.2, 0.2, 0.2]"
8116,672.567605895582,249554.84183170917,"[0.2, 0.2, 0.2, 0.2, 0.2]"
8117,327.71579219099556,944480.9367917115,"[0.2, 0.2, 0.2, 0.2, 0.2]"
8118,291.66874231357707,942563.0276096832,"[0.2, 0.2, 0.2, 0.2, 0.2]"
8119,184.05437980825684,564794.4208408205,"[0.2, 0.2, 0.2, 0.2, 0.2]"
8120,300.7411287430218,782348.2881154654,"[0.2, 0.2, 0.2, 0.2, 0.2]"
8121,269.8453825356281,231123.34691925463,"[0.2, 0.2, 0.2, 0.2, 0.2]"
8122,157.67455397480092,942542.8830268733,"[0.2, 0.2, 0.2, 0.2, 0.2]"
8123,132.05136713166016,430922.9833249898,"[0.2, 0.2, 0.2, 0.2, 0.2]"
8124,10.33029054897871,190032.40935513968,"[0.2, 0.2, 0.2, 0.2, 0.2]"
8125,942.4491082902729,826494.5728681169,"[0.2, 0.2, 0.2, 0.2, 0.2]"
8126,103.06199215880113,975845.3452491815,"[0.2, 0.2, 0.2, 0.2, 0.2]"
8127,40.72654070249269,466377.0369902935,"[0.2, 0.2, 0.2, 0.2, 0.2]"
8128,500.12132611222535,614339.8639903383,"[0.2, 0.2, 0.2, 0.2, 0.2]"
8129,816.3328116605413,963810.2434876984,"[0.2, 0.2, 0.2, 0.2, 0.2]"
8130,166.81000338156176,189988.6476218928,"[0.2, 0.2, 0.2, 0.2, 0.2]"
8131,430.88811445738827,885252.6805763304,"[0.2, 0.2, 0.2, 0.2, 0.2]"
8132,671.7281371394668,538777.4880558184,"[0.2, 0.2, 0.2, 0.2, 0.2]"
8133,873.6155613435997,930026.1167907764,"[0.2, 0.2, 0.2, 0.2, 0.2]"
8134,951.7019621067199,401566.33510678913,"[0.2, 0.2, 0.2, 0.2, 0.2]"
8135,341.8615809135851,549600.8571510785,"[0.2, 0.2, 0.2, 0.2, 0.2]"
8136,351.5391794166385,511098.56590996013,"[0.2, 0.2, 0.2, 0.2, 0.2]"
8137,451.121258586089,211729.60650387878,"[0.2, 0.2, 0.2, 0.2, 0.2]"
8138,244.81324777859965,613523.9434599199,"[0.2, 0.2, 0.2, 0.2, 0.2]"
8139,88.33826125201202,908580.0445087076,"[0.2, 0.2, 0.2, 0.2, 0.2]"
8140,175.59296647358263,824899.2318643504,"[0.2, 0.2, 0.2, 0.2, 0.2]"
8141,944.1096240073309,122543.51460772184,"[0.2, 0.2, 0.2, 0.2, 0.2]"
8142,420.86005770132874,538985.438799001,"[0.2, 0.2, 0.2, 0.2, 0.2]"
8143,462.3861108947507,173643.8452199036,"[0.2, 0.2, 0.2, 0.2, 0.2]"
8144,807.9938920471961,390581.9031558035,"[0.2, 0.2, 0.2, 0.2, 0.2]"
8145,483.77104106939373,738942.436691336,"[0.2, 0.2, 0.2, 0.2, 0.2]"
8146,15.894407170364888,343172.59647755313,"[0.2, 0.2, 0.2, 0.2, 0.2]"
8147,540.8254998530481,310854.4654623789,"[0.2, 0.2, 0.2, 0.2, 0.2]"
8148,903.7811722786445,381854.9499046038,"[0.2, 0.2, 0.2, 0.2, 0.2]"
8149,131.70959825180066,464917.9085593977,"[0.2, 0.2, 0.2, 0.2, 0.2]"
8150,325.0331169859445,568769.9243391975,"[0.2, 0.2, 0.2, 0.2, 0.2]"
8151,525.4991612356877,936827.5068347413,"[0.2, 0.2, 0.2, 0.2, 0.2]"
8152,368.50297388024154,174789.85214810114,"[0.2, 0.2, 0.2, 0.2, 0.2]"
8153,518.5909820300649,428719.517633715,"[0.2, 0.2, 0.2, 0.2, 0.2]"
8154,628.9791180491435,895317.8591321331,"[0.2, 0.2, 0.2, 0.2, 0.2]"
8155,558.891689674016,995861.2855458041,"[0.2, 0.2, 0.2, 0.2, 0.2]"
8156,952.2952550087546,850650.6582242707,"[0.2, 0.2, 0.2, 0.2, 0.2]"
8157,562.7756076080509,985780.6024950515,"[0.2, 0.2, 0.2, 0.2, 0.2]"
8158,224.58448246475163,992993.1892783863,"[0.2, 0.2, 0.2, 0.2, 0.2]"
8159,930.0004719122876,464913.25634471,"[0.2, 0.2, 0.2, 0.2, 0.2]"
8160,807.3660405782838,786570.4662292099,"[0.2, 0.2, 0.2, 0.2, 0.2]"
8161,879.7499819419014,178770.80211260848,"[0.2, 0.2, 0.2, 0.2, 0.2]"
8162,543.3092191222507,998532.3297730039,"[0.2, 0.2, 0.2, 0.2, 0.2]"
8163,930.0789396036153,734046.4125118025,"[0.2, 0.2, 0.2, 0.2, 0.2]"
8164,510.10140963163525,675179.1699634754,"[0.2, 0.2, 0.2, 0.2, 0.2]"
8165,130.64033045913612,816718.3327334586,"[0.2, 0.2, 0.2, 0.2, 0.2]"
8166,830.1161799240775,790223.1343877453,"[0.2, 0.2, 0.2, 0.2, 0.2]"
8167,258.12014566472743,463910.8004320314,"[0.2, 0.2, 0.2, 0.2, 0.2]"
8168,807.0451539923056,251549.51190468555,"[0.2, 0.2, 0.2, 0.2, 0.2]"
8169,697.8537526241531,882682.7286240434,"[0.2, 0.2, 0.2, 0.2, 0.2]"
8170,268.85663742710983,217595.0603248861,"[0.2, 0.2, 0.2, 0.2, 0.2]"
8171,259.1192973394526,845982.6263069692,"[0.2, 0.2, 0.2, 0.2, 0.2]"
8172,676.4976903060925,813992.4750108677,"[0.2, 0.2, 0.2, 0.2, 0.2]"
8173,368.0089439714676,596590.16903992,"[0.2, 0.2, 0.2, 0.2, 0.2]"
8174,971.109765926298,138113.5525987838,"[0.2, 0.2, 0.2, 0.2, 0.2]"
8175,69.13869936842268,276376.8097386698,"[0.2, 0.2, 0.2, 0.2, 0.2]"
8176,135.84675562152785,916574.6128482121,"[0.2, 0.2, 0.2, 0.2, 0.2]"
8177,822.9158865356461,726326.4116175028,"[0.2, 0.2, 0.2, 0.2, 0.2]"
8178,610.8864271373585,616140.1253971743,"[0.2, 0.2, 0.2, 0.2, 0.2]"
8179,437.2916420538744,164285.8856674338,"[0.2, 0.2, 0.2, 0.2, 0.2]"
8180,994.8090864877097,606334.8772354014,"[0.2, 0.2, 0.2, 0.2, 0.2]"
8181,393.99613852603227,326554.8512480266,"[0.2, 0.2, 0.2, 0.2, 0.2]"
8182,996.216036456174,631548.556870082,"[0.2, 0.2, 0.2, 0.2, 0.2]"
8183,239.03527900289237,481591.22718288476,"[0.2, 0.2, 0.2, 0.2, 0.2]"
8184,629.8574142685177,150856.70488740708,"[0.2, 0.2, 0.2, 0.2, 0.2]"
8185,314.76162296841954,513753.43915603537,"[0.2, 0.2, 0.2, 0.2, 0.2]"
8186,259.95204006419374,884060.6626604089,"[0.2, 0.2, 0.2, 0.2, 0.2]"
8187,915.6876351903983,373589.47403966327,"[0.2, 0.2, 0.2, 0.2, 0.2]"
8188,572.6651664383758,662900.1861425787,"[0.2, 0.2, 0.2, 0.2, 0.2]"
8189,24.952005521829747,594364.7225309778,"[0.2, 0.2, 0.2, 0.2, 0.2]"
8190,147.3867311761595,651889.5952129946,"[0.2, 0.2, 0.2, 0.2, 0.2]"
8191,416.7052059872604,786013.1499787157,"[0.2, 0.2, 0.2, 0.2, 0.2]"
8192,724.6309836544873,622838.0254107653,"[0.2, 0.2, 0.2, 0.2, 0.2]"
8193,522.0078185260788,157354.85488332328,"[0.2, 0.2, 0.2, 0.2, 0.2]"
8194,784.684165155502,560343.5924109144,"[0.2, 0.2, 0.2, 0.2, 0.2]"
8195,822.7909299941625,718641.5999774786,"[0.2, 0.2, 0.2, 0.2, 0.2]"
8196,685.531929169779,319642.2427626004,"[0.2, 0.2, 0.2, 0.2, 0.2]"
8197,667.4730978677416,890993.341390238,"[0.2, 0.2, 0.2, 0.2, 0.2]"
8198,753.5946533654222,236599.13576184737,"[0.2, 0.2, 0.2, 0.2, 0.2]"
8199,26.548840534131223,479698.3490748091,"[0.2, 0.2, 0.2, 0.2, 0.2]"
8200,460.5416405001712,236962.33482503667,"[0.2, 0.2, 0.2, 0.2, 0.2]"
8201,333.4240194381089,859110.0952214957,"[0.2, 0.2, 0.2, 0.2, 0.2]"
8202,494.21057107736,665319.392463298,"[0.2, 0.2, 0.2, 0.2, 0.2]"
8203,759.6367450298815,203228.56970376757,"[0.2, 0.2, 0.2, 0.2, 0.2]"
8204,572.4382890000448,230401.51229376977,"[0.2, 0.2, 0.2, 0.2, 0.2]"
8205,885.4703514473418,610857.6934842604,"[0.2, 0.2, 0.2, 0.2, 0.2]"
8206,759.1436721979825,397883.9052271551,"[0.2, 0.2, 0.2, 0.2, 0.2]"
8207,275.1885914234623,238850.67517362858,"[0.2, 0.2, 0.2, 0.2, 0.2]"
8208,322.29811071683,985628.1629179816,"[0.2, 0.2, 0.2, 0.2, 0.2]"
8209,649.1316339527939,928517.1846294614,"[0.2, 0.2, 0.2, 0.2, 0.2]"
8210,122.76903707845199,917059.3098550257,"[0.2, 0.2, 0.2, 0.2, 0.2]"
8211,26.241376403536062,834242.3072981449,"[0.2, 0.2, 0.2, 0.2, 0.2]"
8212,529.0595862471109,611990.2157042526,"[0.2, 0.2, 0.2, 0.2, 0.2]"
8213,169.1420533790618,178537.35435351505,"[0.2, 0.2, 0.2, 0.2, 0.2]"
8214,873.2126337826805,689112.0344440965,"[0.2, 0.2, 0.2, 0.2, 0.2]"
8215,164.5370942867063,761344.5656064922,"[0.2, 0.2, 0.2, 0.2, 0.2]"
8216,969.8897822996208,277946.1510528334,"[0.2, 0.2, 0.2, 0.2, 0.2]"
8217,863.4134493312539,632063.513596515,"[0.2, 0.2, 0.2, 0.2, 0.2]"
8218,694.0251188090166,355899.2099643359,"[0.2, 0.2, 0.2, 0.2, 0.2]"
8219,549.6535233613372,266801.6748979152,"[0.2, 0.2, 0.2, 0.2, 0.2]"
8220,229.15558474871432,181992.07062503428,"[0.2, 0.2, 0.2, 0.2, 0.2]"
8221,495.33923622975453,585684.9504531123,"[0.2, 0.2, 0.2, 0.2, 0.2]"
8222,584.574729049046,493729.652158831,"[0.2, 0.2, 0.2, 0.2, 0.2]"
8223,297.8205534611665,520248.98340962664,"[0.2, 0.2, 0.2, 0.2, 0.2]"
8224,681.8516409961688,533022.124006485,"[0.2, 0.2, 0.2, 0.2, 0.2]"
8225,159.25275810208763,720508.8525788137,"[0.2, 0.2, 0.2, 0.2, 0.2]"
8226,975.7213418639725,525499.146985129,"[0.2, 0.2, 0.2, 0.2, 0.2]"
8227,669.2955616871959,633138.2861350453,"[0.2, 0.2, 0.2, 0.2, 0.2]"
8228,411.579157318012,657606.4310067673,"[0.2, 0.2, 0.2, 0.2, 0.2]"
8229,57.70167967952038,930286.324511959,"[0.2, 0.2, 0.2, 0.2, 0.2]"
8230,502.97657484309224,401471.7518037626,"[0.2, 0.2, 0.2, 0.2, 0.2]"
8231,321.41453618941364,842061.7539304744,"[0.2, 0.2, 0.2, 0.2, 0.2]"
8232,87.70395587570145,202316.0557830687,"[0.2, 0.2, 0.2, 0.2, 0.2]"
8233,585.4238812382367,557369.1183800364,"[0.2, 0.2, 0.2, 0.2, 0.2]"
8234,355.5136887580927,510323.7588506457,"[0.2, 0.2, 0.2, 0.2, 0.2]"
8235,67.1560025891132,739617.149593347,"[0.2, 0.2, 0.2, 0.2, 0.2]"
8236,620.0412013842378,520669.7824622204,"[0.2, 0.2, 0.2, 0.2, 0.2]"
8237,654.613882981402,429200.39406719914,"[0.2, 0.2, 0.2, 0.2, 0.2]"
8238,996.80917848495,550869.2737062094,"[0.2, 0.2, 0.2, 0.2, 0.2]"
8239,631.5724262627036,743504.2394572209,"[0.2, 0.2, 0.2, 0.2, 0.2]"
8240,736.9796947672094,923224.9373520431,"[0.2, 0.2, 0.2, 0.2, 0.2]"
8241,908.4707040171953,420314.2163486137,"[0.2, 0.2, 0.2, 0.2, 0.2]"
8242,111.19504776464798,345865.13312837365,"[0.2, 0.2, 0.2, 0.2, 0.2]"
8243,649.2903397509915,470206.5979056875,"[0.2, 0.2, 0.2, 0.2, 0.2]"
8244,131.58224678427064,138496.64696099228,"[0.2, 0.2, 0.2, 0.2, 0.2]"
8245,346.2901774400315,936295.0570848447,"[0.2, 0.2, 0.2, 0.2, 0.2]"
8246,699.4577360451004,849825.2534922023,"[0.2, 0.2, 0.2, 0.2, 0.2]"
8247,368.92789711807035,861815.6167600383,"[0.2, 0.2, 0.2, 0.2, 0.2]"
8248,21.763002570473496,137196.84062079614,"[0.2, 0.2, 0.2, 0.2, 0.2]"
8249,34.540978655858254,401841.14544373157,"[0.2, 0.2, 0.2, 0.2, 0.2]"
8250,480.0651423364274,472345.264023789,"[0.2, 0.2, 0.2, 0.2, 0.2]"
8251,758.4997605193123,987262.3284758473,"[0.2, 0.2, 0.2, 0.2, 0.2]"
8252,508.4569146063318,507535.92839536595,"[0.2, 0.2, 0.2, 0.2, 0.2]"
8253,727.0422925998151,824565.8632302559,"[0.2, 0.2, 0.2, 0.2, 0.2]"
8254,799.8010069547577,324471.1880572168,"[0.2, 0.2, 0.2, 0.2, 0.2]"
8255,721.4206535342929,998752.8535068372,"[0.2, 0.2, 0.2, 0.2, 0.2]"
8256,937.2303706789661,208908.2152970069,"[0.2, 0.2, 0.2, 0.2, 0.2]"
8257,455.65946469069297,779032.9150481817,"[0.2, 0.2, 0.2, 0.2, 0.2]"
8258,444.2788691913089,503762.04907157033,"[0.2, 0.2, 0.2, 0.2, 0.2]"
8259,98.1299998216207,216635.2820476843,"[0.2, 0.2, 0.2, 0.2, 0.2]"
8260,304.93339613133986,429246.8089717316,"[0.2, 0.2, 0.2, 0.2, 0.2]"
8261,336.6055839386407,404616.57808103715,"[0.2, 0.2, 0.2, 0.2, 0.2]"
8262,778.8638287168611,310707.93300344166,"[0.2, 0.2, 0.2, 0.2, 0.2]"
8263,522.4770078831065,399150.36539969477,"[0.2, 0.2, 0.2, 0.2, 0.2]"
8264,73.2257236579108,162723.9717327843,"[0.2, 0.2, 0.2, 0.2, 0.2]"
8265,715.1445487824421,794073.0369751046,"[0.2, 0.2, 0.2, 0.2, 0.2]"
8266,606.3521267257369,388928.86896259204,"[0.2, 0.2, 0.2, 0.2, 0.2]"
8267,72.68596939129247,304849.4807481158,"[0.2, 0.2, 0.2, 0.2, 0.2]"
8268,684.5599285696906,898697.8249849909,"[0.2, 0.2, 0.2, 0.2, 0.2]"
8269,251.85730471652099,772265.6089649732,"[0.2, 0.2, 0.2, 0.2, 0.2]"
8270,197.59031800545947,524924.1335907534,"[0.2, 0.2, 0.2, 0.2, 0.2]"
8271,177.5020822373356,704098.8114966737,"[0.2, 0.2, 0.2, 0.2, 0.2]"
8272,775.4629460844362,990886.3094222178,"[0.2, 0.2, 0.2, 0.2, 0.2]"
8273,223.77373478603877,615351.4855723146,"[0.2, 0.2, 0.2, 0.2, 0.2]"
8274,682.3554631411649,890818.0210070296,"[0.2, 0.2, 0.2, 0.2, 0.2]"
8275,616.0833460841288,926021.4695150014,"[0.2, 0.2, 0.2, 0.2, 0.2]"
8276,315.0460361944488,963527.8118872959,"[0.2, 0.2, 0.2, 0.2, 0.2]"
8277,756.3621236352454,308488.3887882406,"[0.2, 0.2, 0.2, 0.2, 0.2]"
8278,614.8785649736619,563781.1888889116,"[0.2, 0.2, 0.2, 0.2, 0.2]"
8279,172.46705635398123,823010.1506114354,"[0.2, 0.2, 0.2, 0.2, 0.2]"
8280,98.54960069565422,383879.37584903074,"[0.2, 0.2, 0.2, 0.2, 0.2]"
8281,142.5050102897204,933081.215623857,"[0.2, 0.2, 0.2, 0.2, 0.2]"
8282,540.3513677431262,725337.0925536943,"[0.2, 0.2, 0.2, 0.2, 0.2]"
8283,709.0645248554829,172468.1650152607,"[0.2, 0.2, 0.2, 0.2, 0.2]"
8284,75.47380525784949,799525.0420310783,"[0.2, 0.2, 0.2, 0.2, 0.2]"
8285,525.0628567482083,705376.8699403751,"[0.2, 0.2, 0.2, 0.2, 0.2]"
8286,142.94857312999355,946186.3866092578,"[0.2, 0.2, 0.2, 0.2, 0.2]"
8287,181.8637343521703,119488.80104415058,"[0.2, 0.2, 0.2, 0.2, 0.2]"
8288,402.24069400331956,913618.810042379,"[0.2, 0.2, 0.2, 0.2, 0.2]"
8289,311.3182403252537,208051.40069423243,"[0.2, 0.2, 0.2, 0.2, 0.2]"
8290,564.5403233128776,978106.030073002,"[0.2, 0.2, 0.2, 0.2, 0.2]"
8291,391.6659739226789,888100.1476303,"[0.2, 0.2, 0.2, 0.2, 0.2]"
8292,544.0870567348308,293414.2455733784,"[0.2, 0.2, 0.2, 0.2, 0.2]"
8293,181.14183430156004,453666.3531616561,"[0.2, 0.2, 0.2, 0.2, 0.2]"
8294,685.9041549936856,151360.6606168212,"[0.2, 0.2, 0.2, 0.2, 0.2]"
8295,148.26742684050555,105948.71133182154,"[0.2, 0.2, 0.2, 0.2, 0.2]"
8296,804.6274230336824,605906.1224466045,"[0.2, 0.2, 0.2, 0.2, 0.2]"
8297,628.8185347734664,208682.203314516,"[0.2, 0.2, 0.2, 0.2, 0.2]"
8298,412.43172881607,592542.7672205556,"[0.2, 0.2, 0.2, 0.2, 0.2]"
8299,382.76702679788104,202834.50014134985,"[0.2, 0.2, 0.2, 0.2, 0.2]"
8300,645.7774144764543,282861.282293609,"[0.2, 0.2, 0.2, 0.2, 0.2]"
8301,458.19297501252817,143359.01382299262,"[0.2, 0.2, 0.2, 0.2, 0.2]"
8302,826.4859409375388,364757.027157903,"[0.2, 0.2, 0.2, 0.2, 0.2]"
8303,840.4085497801301,836013.2325547433,"[0.2, 0.2, 0.2, 0.2, 0.2]"
8304,694.2553130968254,117802.44966398407,"[0.2, 0.2, 0.2, 0.2, 0.2]"
8305,607.4567366476502,106143.60611681252,"[0.2, 0.2, 0.2, 0.2, 0.2]"
8306,485.5610307210761,960890.0249517442,"[0.2, 0.2, 0.2, 0.2, 0.2]"
8307,802.85637719556,797079.78240392,"[0.2, 0.2, 0.2, 0.2, 0.2]"
8308,666.3859347731832,949883.3439444946,"[0.2, 0.2, 0.2, 0.2, 0.2]"
8309,153.49554425072049,456676.51442312234,"[0.2, 0.2, 0.2, 0.2, 0.2]"
8310,798.3732693329151,634201.0444970151,"[0.2, 0.2, 0.2, 0.2, 0.2]"
8311,661.5988921133841,298817.1649803448,"[0.2, 0.2, 0.2, 0.2, 0.2]"
8312,461.70366959611476,885447.9319230751,"[0.2, 0.2, 0.2, 0.2, 0.2]"
8313,277.78950654136855,679748.6291099141,"[0.2, 0.2, 0.2, 0.2, 0.2]"
8314,263.447394698689,441572.0793054095,"[0.2, 0.2, 0.2, 0.2, 0.2]"
8315,438.0612670028597,794173.945486136,"[0.2, 0.2, 0.2, 0.2, 0.2]"
8316,48.11595682599964,393185.96414219314,"[0.2, 0.2, 0.2, 0.2, 0.2]"
8317,207.56767286358226,472489.59144527337,"[0.2, 0.2, 0.2, 0.2, 0.2]"
8318,897.0260637457031,410442.30685919407,"[0.2, 0.2, 0.2, 0.2, 0.2]"
8319,447.93066559484384,607426.3317160269,"[0.2, 0.2, 0.2, 0.2, 0.2]"
8320,109.1057381600243,408437.503657518,"[0.2, 0.2, 0.2, 0.2, 0.2]"
8321,12.026672355033043,935147.183348557,"[0.2, 0.2, 0.2, 0.2, 0.2]"
8322,491.40791367643715,139712.09708518267,"[0.2, 0.2, 0.2, 0.2, 0.2]"
8323,450.9142142554748,566400.9681009739,"[0.2, 0.2, 0.2, 0.2, 0.2]"
8324,855.7650242492145,237265.56785630944,"[0.2, 0.2, 0.2, 0.2, 0.2]"
8325,281.4778861297297,916684.6889340907,"[0.2, 0.2, 0.2, 0.2, 0.2]"
8326,991.4586166056765,101557.91289284982,"[0.2, 0.2, 0.2, 0.2, 0.2]"
8327,398.49528342525923,781336.3369638398,"[0.2, 0.2, 0.2, 0.2, 0.2]"
8328,19.12772444927398,356103.47697128635,"[0.2, 0.2, 0.2, 0.2, 0.2]"
8329,347.1101142440244,641572.6650460323,"[0.2, 0.2, 0.2, 0.2, 0.2]"
8330,905.5853762451547,586846.0852150423,"[0.2, 0.2, 0.2, 0.2, 0.2]"
8331,230.9858313543376,382366.4250644299,"[0.2, 0.2, 0.2, 0.2, 0.2]"
8332,848.1733230678778,804532.6561877828,"[0.2, 0.2, 0.2, 0.2, 0.2]"
8333,314.0759851336563,198781.06892066833,"[0.2, 0.2, 0.2, 0.2, 0.2]"
8334,172.60112134261016,380247.6664161178,"[0.2, 0.2, 0.2, 0.2, 0.2]"
8335,536.1004589530058,634173.1251891657,"[0.2, 0.2, 0.2, 0.2, 0.2]"
8336,58.60555769081912,889350.9639404267,"[0.2, 0.2, 0.2, 0.2, 0.2]"
8337,518.4531108937796,466496.05236771307,"[0.2, 0.2, 0.2, 0.2, 0.2]"
8338,976.065088738499,484403.33772165264,"[0.2, 0.2, 0.2, 0.2, 0.2]"
8339,561.6848158379602,416052.0259158186,"[0.2, 0.2, 0.2, 0.2, 0.2]"
8340,905.7446874805087,610564.2690036865,"[0.2, 0.2, 0.2, 0.2, 0.2]"
8341,486.6694472420429,591287.496362055,"[0.2, 0.2, 0.2, 0.2, 0.2]"
8342,598.69685301602,400443.31834846584,"[0.2, 0.2, 0.2, 0.2, 0.2]"
8343,353.8504717517841,493625.62339149223,"[0.2, 0.2, 0.2, 0.2, 0.2]"
8344,496.6262111344967,348178.838999047,"[0.2, 0.2, 0.2, 0.2, 0.2]"
8345,960.972961667179,748529.0185301495,"[0.2, 0.2, 0.2, 0.2, 0.2]"
8346,481.3237250430434,467936.45191415865,"[0.2, 0.2, 0.2, 0.2, 0.2]"
8347,541.4401838579951,544845.7051966758,"[0.2, 0.2, 0.2, 0.2, 0.2]"
8348,250.00221450495096,384654.5700298126,"[0.2, 0.2, 0.2, 0.2, 0.2]"
8349,38.69173419079811,953472.2862915173,"[0.2, 0.2, 0.2, 0.2, 0.2]"
8350,563.6884679619357,235124.57186580455,"[0.2, 0.2, 0.2, 0.2, 0.2]"
8351,390.8922967311171,124568.55293926316,"[0.2, 0.2, 0.2, 0.2, 0.2]"
8352,19.24458085499829,711047.0427223673,"[0.2, 0.2, 0.2, 0.2, 0.2]"
8353,808.9957819950403,977517.743164716,"[0.2, 0.2, 0.2, 0.2, 0.2]"
8354,461.79371901220566,851139.4239864679,"[0.2, 0.2, 0.2, 0.2, 0.2]"
8355,580.6740161293429,286351.3696952404,"[0.2, 0.2, 0.2, 0.2, 0.2]"
8356,180.00675365344318,706709.8591316111,"[0.2, 0.2, 0.2, 0.2, 0.2]"
8357,908.4600044307795,855440.5287437126,"[0.2, 0.2, 0.2, 0.2, 0.2]"
8358,90.85135557748546,548344.9078959804,"[0.2, 0.2, 0.2, 0.2, 0.2]"
8359,729.0518980699204,345679.47428500257,"[0.2, 0.2, 0.2, 0.2, 0.2]"
8360,966.6278784091518,125113.63177530532,"[0.2, 0.2, 0.2, 0.2, 0.2]"
8361,867.529734793276,771408.0993769506,"[0.2, 0.2, 0.2, 0.2, 0.2]"
8362,893.8455903167369,900593.5821879758,"[0.2, 0.2, 0.2, 0.2, 0.2]"
8363,162.1346609011069,826008.4571731379,"[0.2, 0.2, 0.2, 0.2, 0.2]"
8364,62.89146775626848,618184.77621411,"[0.2, 0.2, 0.2, 0.2, 0.2]"
8365,258.9259370950582,863997.7895005969,"[0.2, 0.2, 0.2, 0.2, 0.2]"
8366,515.2834870180914,779417.1158609876,"[0.2, 0.2, 0.2, 0.2, 0.2]"
8367,392.4344654737789,763406.790866987,"[0.2, 0.2, 0.2, 0.2, 0.2]"
8368,849.3115654885446,827979.5256522258,"[0.2, 0.2, 0.2, 0.2, 0.2]"
8369,141.1144887473443,905234.0711022628,"[0.2, 0.2, 0.2, 0.2, 0.2]"
8370,263.98207711822727,472354.2638323294,"[0.2, 0.2, 0.2, 0.2, 0.2]"
8371,633.0088151750296,400006.11382606986,"[0.2, 0.2, 0.2, 0.2, 0.2]"
8372,399.1726238927549,692716.276941449,"[0.2, 0.2, 0.2, 0.2, 0.2]"
8373,424.49007411189643,629011.6451134717,"[0.2, 0.2, 0.2, 0.2, 0.2]"
8374,220.0584702944695,428408.5639793534,"[0.2, 0.2, 0.2, 0.2, 0.2]"
8375,632.4548504809765,141864.0376707596,"[0.2, 0.2, 0.2, 0.2, 0.2]"
8376,586.1250710503009,732902.806214685,"[0.2, 0.2, 0.2, 0.2, 0.2]"
8377,66.65394619650823,496112.0193944993,"[0.2, 0.2, 0.2, 0.2, 0.2]"
8378,215.83373074521998,935428.2662098358,"[0.2, 0.2, 0.2, 0.2, 0.2]"
8379,462.49684783712803,721212.714182474,"[0.2, 0.2, 0.2, 0.2, 0.2]"
8380,949.8424068892315,819307.4773173867,"[0.2, 0.2, 0.2, 0.2, 0.2]"
8381,999.3473988243836,893283.5101968077,"[0.2, 0.2, 0.2, 0.2, 0.2]"
8382,116.48081840553448,207614.80953917775,"[0.2, 0.2, 0.2, 0.2, 0.2]"
8383,945.348558711857,965484.0698175397,"[0.2, 0.2, 0.2, 0.2, 0.2]"
8384,525.2010407624214,180388.0485595761,"[0.2, 0.2, 0.2, 0.2, 0.2]"
8385,967.5920648472244,115992.66109556514,"[0.2, 0.2, 0.2, 0.2, 0.2]"
8386,128.16181145631606,823693.6444135448,"[0.2, 0.2, 0.2, 0.2, 0.2]"
8387,165.07752616682086,400968.3354149509,"[0.2, 0.2, 0.2, 0.2, 0.2]"
8388,882.5086347500188,962739.0114415472,"[0.2, 0.2, 0.2, 0.2, 0.2]"
8389,67.39156750823685,847556.1012168117,"[0.2, 0.2, 0.2, 0.2, 0.2]"
8390,366.3666732438271,464218.6384865787,"[0.2, 0.2, 0.2, 0.2, 0.2]"
8391,943.8411678455137,530296.4053897259,"[0.2, 0.2, 0.2, 0.2, 0.2]"
8392,608.273504307103,971545.0368015046,"[0.2, 0.2, 0.2, 0.2, 0.2]"
8393,169.99156623313516,528905.8722874944,"[0.2, 0.2, 0.2, 0.2, 0.2]"
8394,859.3937502503936,204430.32862330775,"[0.2, 0.2, 0.2, 0.2, 0.2]"
8395,930.0206625529901,473955.85331592534,"[0.2, 0.2, 0.2, 0.2, 0.2]"
8396,455.2699757360568,720145.8697471928,"[0.2, 0.2, 0.2, 0.2, 0.2]"
8397,361.7257631835,770207.7667892864,"[0.2, 0.2, 0.2, 0.2, 0.2]"
8398,679.0312197005989,835504.6437248576,"[0.2, 0.2, 0.2, 0.2, 0.2]"
8399,841.4444945768263,225060.3561757175,"[0.2, 0.2, 0.2, 0.2, 0.2]"
8400,538.0684869616912,605282.358782548,"[0.2, 0.2, 0.2, 0.2, 0.2]"
8401,536.5465533684908,212769.97970389857,"[0.2, 0.2, 0.2, 0.2, 0.2]"
8402,734.4915990690453,965944.014840536,"[0.2, 0.2, 0.2, 0.2, 0.2]"
8403,540.0820225605298,479603.85216070834,"[0.2, 0.2, 0.2, 0.2, 0.2]"
8404,315.8328963949211,525184.346581256,"[0.2, 0.2, 0.2, 0.2, 0.2]"
8405,782.1284050951867,449275.83138524997,"[0.2, 0.2, 0.2, 0.2, 0.2]"
8406,869.602107709104,529332.981986908,"[0.2, 0.2, 0.2, 0.2, 0.2]"
8407,388.7504350196086,543321.392949879,"[0.2, 0.2, 0.2, 0.2, 0.2]"
8408,818.3993554917207,902751.3517985891,"[0.2, 0.2, 0.2, 0.2, 0.2]"
8409,726.0814287396149,105763.75087426355,"[0.2, 0.2, 0.2, 0.2, 0.2]"
8410,854.9777012953989,565070.4311466608,"[0.2, 0.2, 0.2, 0.2, 0.2]"
8411,446.30795949968996,108976.5160331088,"[0.2, 0.2, 0.2, 0.2, 0.2]"
8412,726.4649486928321,497023.60726173903,"[0.2, 0.2, 0.2, 0.2, 0.2]"
8413,445.065212265966,561882.422101423,"[0.2, 0.2, 0.2, 0.2, 0.2]"
8414,596.7777216149345,215507.0216348905,"[0.2, 0.2, 0.2, 0.2, 0.2]"
8415,612.1829701052069,281170.086478709,"[0.2, 0.2, 0.2, 0.2, 0.2]"
8416,865.3959716911595,238436.5364433299,"[0.2, 0.2, 0.2, 0.2, 0.2]"
8417,368.8811576841044,449693.0860461716,"[0.2, 0.2, 0.2, 0.2, 0.2]"
8418,721.3652116413442,112846.37510245413,"[0.2, 0.2, 0.2, 0.2, 0.2]"
8419,534.8012320919092,341186.6885400646,"[0.2, 0.2, 0.2, 0.2, 0.2]"
8420,959.3595809802355,596613.2817390582,"[0.2, 0.2, 0.2, 0.2, 0.2]"
8421,797.5233141145433,226505.5622928485,"[0.2, 0.2, 0.2, 0.2, 0.2]"
8422,963.5307579230409,940357.6951974867,"[0.2, 0.2, 0.2, 0.2, 0.2]"
8423,606.8364576113516,334612.44041402533,"[0.2, 0.2, 0.2, 0.2, 0.2]"
8424,689.4901912869736,246869.8689271134,"[0.2, 0.2, 0.2, 0.2, 0.2]"
8425,185.13749156099192,232028.23908712424,"[0.2, 0.2, 0.2, 0.2, 0.2]"
8426,845.746142275928,501626.52504790097,"[0.2, 0.2, 0.2, 0.2, 0.2]"
8427,944.8009815275914,858922.1239162353,"[0.2, 0.2, 0.2, 0.2, 0.2]"
8428,202.41470499666545,609498.6345704331,"[0.2, 0.2, 0.2, 0.2, 0.2]"
8429,71.24291348211277,408591.37213904486,"[0.2, 0.2, 0.2, 0.2, 0.2]"
8430,229.19296985947364,753294.7241534536,"[0.2, 0.2, 0.2, 0.2, 0.2]"
8431,159.7056406912613,224437.0876773874,"[0.2, 0.2, 0.2, 0.2, 0.2]"
8432,279.9862236256461,674214.6646847907,"[0.2, 0.2, 0.2, 0.2, 0.2]"
8433,426.0910723657146,332732.9982216045,"[0.2, 0.2, 0.2, 0.2, 0.2]"
8434,993.455694883132,638980.8423101368,"[0.2, 0.2, 0.2, 0.2, 0.2]"
8435,482.9931188923781,795273.693043732,"[0.2, 0.2, 0.2, 0.2, 0.2]"
8436,505.2046506484188,757777.1427363161,"[0.2, 0.2, 0.2, 0.2, 0.2]"
8437,730.1624910409918,268836.4069085338,"[0.2, 0.2, 0.2, 0.2, 0.2]"
8438,538.5922184682736,947749.7146825403,"[0.2, 0.2, 0.2, 0.2, 0.2]"
8439,408.8713431639584,132911.0578610997,"[0.2, 0.2, 0.2, 0.2, 0.2]"
8440,895.710977338657,855986.573734817,"[0.2, 0.2, 0.2, 0.2, 0.2]"
8441,197.0844041502194,610692.4255589163,"[0.2, 0.2, 0.2, 0.2, 0.2]"
8442,389.9605135970305,665180.5416574976,"[0.2, 0.2, 0.2, 0.2, 0.2]"
8443,284.7204442243305,957687.1337937058,"[0.2, 0.2, 0.2, 0.2, 0.2]"
8444,844.3876388090446,224903.5932849609,"[0.2, 0.2, 0.2, 0.2, 0.2]"
8445,891.848276303276,652063.1126500763,"[0.2, 0.2, 0.2, 0.2, 0.2]"
8446,131.98050871739713,369012.9291602306,"[0.2, 0.2, 0.2, 0.2, 0.2]"
8447,782.0339864671262,851062.8101548413,"[0.2, 0.2, 0.2, 0.2, 0.2]"
8448,526.5002723371775,879029.8945512405,"[0.2, 0.2, 0.2, 0.2, 0.2]"
8449,773.9929756704682,231939.8469399899,"[0.2, 0.2, 0.2, 0.2, 0.2]"
8450,977.0024904358041,194948.7971572802,"[0.2, 0.2, 0.2, 0.2, 0.2]"
8451,176.95518418724848,745814.1693586892,"[0.2, 0.2, 0.2, 0.2, 0.2]"
8452,192.79261068233518,849214.9493228864,"[0.2, 0.2, 0.2, 0.2, 0.2]"
8453,848.9186661989202,469296.6869497445,"[0.2, 0.2, 0.2, 0.2, 0.2]"
8454,897.8805412872262,550768.0161018219,"[0.2, 0.2, 0.2, 0.2, 0.2]"
8455,17.410606768162207,291190.9024995259,"[0.2, 0.2, 0.2, 0.2, 0.2]"
8456,850.9844921681342,632739.3358211898,"[0.2, 0.2, 0.2, 0.2, 0.2]"
8457,504.23780712573256,389580.8134050457,"[0.2, 0.2, 0.2, 0.2, 0.2]"
8458,681.6195449574348,760971.2662478102,"[0.2, 0.2, 0.2, 0.2, 0.2]"
8459,930.6085649710645,820352.8711257532,"[0.2, 0.2, 0.2, 0.2, 0.2]"
8460,358.1746879763536,521977.8353159872,"[0.2, 0.2, 0.2, 0.2, 0.2]"
8461,861.7720726155381,507466.54208906525,"[0.2, 0.2, 0.2, 0.2, 0.2]"
8462,340.20559236869246,635644.3669961207,"[0.2, 0.2, 0.2, 0.2, 0.2]"
8463,89.24096229539826,823476.0247494773,"[0.2, 0.2, 0.2, 0.2, 0.2]"
8464,559.2566176500169,886269.4632443509,"[0.2, 0.2, 0.2, 0.2, 0.2]"
8465,187.245215429021,404484.813512521,"[0.2, 0.2, 0.2, 0.2, 0.2]"
8466,668.0750913963863,816074.6503276287,"[0.2, 0.2, 0.2, 0.2, 0.2]"
8467,832.7952007910466,129366.28970621974,"[0.2, 0.2, 0.2, 0.2, 0.2]"
8468,825.406456253719,790559.6218858915,"[0.2, 0.2, 0.2, 0.2, 0.2]"
8469,971.3742343529824,312913.4422857197,"[0.2, 0.2, 0.2, 0.2, 0.2]"
8470,650.6368405387494,265903.78519453155,"[0.2, 0.2, 0.2, 0.2, 0.2]"
8471,446.214368729358,745679.613100639,"[0.2, 0.2, 0.2, 0.2, 0.2]"
8472,10.721020956119457,752923.72155763,"[0.2, 0.2, 0.2, 0.2, 0.2]"
8473,854.6178567048623,126585.10115770301,"[0.2, 0.2, 0.2, 0.2, 0.2]"
8474,474.4176430941536,424714.24765229644,"[0.2, 0.2, 0.2, 0.2, 0.2]"
8475,910.2949666650059,690219.8092843409,"[0.2, 0.2, 0.2, 0.2, 0.2]"
8476,845.5787229255677,503353.1226931545,"[0.2, 0.2, 0.2, 0.2, 0.2]"
8477,268.8439006136991,946349.5782026515,"[0.2, 0.2, 0.2, 0.2, 0.2]"
8478,136.53883315481647,136432.56014337656,"[0.2, 0.2, 0.2, 0.2, 0.2]"
8479,768.5776449844653,698525.4704979635,"[0.2, 0.2, 0.2, 0.2, 0.2]"
8480,286.78527397891304,219677.62330810097,"[0.2, 0.2, 0.2, 0.2, 0.2]"
8481,761.8985532449014,625232.2405030803,"[0.2, 0.2, 0.2, 0.2, 0.2]"
8482,670.7760364825601,942235.8032457627,"[0.2, 0.2, 0.2, 0.2, 0.2]"
8483,889.2672450932512,499538.3820131635,"[0.2, 0.2, 0.2, 0.2, 0.2]"
8484,248.27907225967564,698580.127479997,"[0.2, 0.2, 0.2, 0.2, 0.2]"
8485,225.89030357505993,836953.0433977023,"[0.2, 0.2, 0.2, 0.2, 0.2]"
8486,928.6351179461448,734451.5240014459,"[0.2, 0.2, 0.2, 0.2, 0.2]"
8487,408.6353969844689,620573.8443774782,"[0.2, 0.2, 0.2, 0.2, 0.2]"
8488,291.59634335260495,402538.4450692958,"[0.2, 0.2, 0.2, 0.2, 0.2]"
8489,157.678324532881,992453.8449918136,"[0.2, 0.2, 0.2, 0.2, 0.2]"
8490,110.67144522736443,367323.4382051791,"[0.2, 0.2, 0.2, 0.2, 0.2]"
8491,986.9711995541835,268869.0731403098,"[0.2, 0.2, 0.2, 0.2, 0.2]"
8492,663.570026673155,778377.7754465711,"[0.2, 0.2, 0.2, 0.2, 0.2]"
8493,633.1237716317509,829459.7776538739,"[0.2, 0.2, 0.2, 0.2, 0.2]"
8494,622.9185404256444,135699.28184630026,"[0.2, 0.2, 0.2, 0.2, 0.2]"
8495,762.1798609629114,702982.6479711523,"[0.2, 0.2, 0.2, 0.2, 0.2]"
8496,764.1496372683653,574590.2498823339,"[0.2, 0.2, 0.2, 0.2, 0.2]"
8497,438.11540790392,411274.73072910815,"[0.2, 0.2, 0.2, 0.2, 0.2]"
8498,308.65954889185787,964042.7578370381,"[0.2, 0.2, 0.2, 0.2, 0.2]"
8499,499.1207027037025,579684.1758148193,"[0.2, 0.2, 0.2, 0.2, 0.2]"
8500,256.53812719954095,679513.3083271701,"[0.2, 0.2, 0.2, 0.2, 0.2]"
8501,619.1004884777535,788198.3330586394,"[0.2, 0.2, 0.2, 0.2, 0.2]"
8502,250.5249446773072,909607.5711802752,"[0.2, 0.2, 0.2, 0.2, 0.2]"
8503,412.24040848172507,474366.8350401523,"[0.2, 0.2, 0.2, 0.2, 0.2]"
8504,170.91637555194177,329710.48686488555,"[0.2, 0.2, 0.2, 0.2, 0.2]"
8505,443.65813135741473,335798.9948874899,"[0.2, 0.2, 0.2, 0.2, 0.2]"
8506,543.9169601591416,237519.37148714077,"[0.2, 0.2, 0.2, 0.2, 0.2]"
8507,982.780846376089,335412.4101830163,"[0.2, 0.2, 0.2, 0.2, 0.2]"
8508,457.59077050472143,649641.7178437009,"[0.2, 0.2, 0.2, 0.2, 0.2]"
8509,987.6526593892576,109666.01173489833,"[0.2, 0.2, 0.2, 0.2, 0.2]"
8510,627.463091804491,613764.6080262342,"[0.2, 0.2, 0.2, 0.2, 0.2]"
8511,718.9206524301364,343254.03397403425,"[0.2, 0.2, 0.2, 0.2, 0.2]"
8512,294.9678367658435,699473.9984453117,"[0.2, 0.2, 0.2, 0.2, 0.2]"
8513,663.9009775836208,279296.1547865937,"[0.2, 0.2, 0.2, 0.2, 0.2]"
8514,638.027958044414,473901.2556202787,"[0.2, 0.2, 0.2, 0.2, 0.2]"
8515,414.1992170931531,571985.2305479567,"[0.2, 0.2, 0.2, 0.2, 0.2]"
8516,263.17410165058277,366735.7727921632,"[0.2, 0.2, 0.2, 0.2, 0.2]"
8517,457.28371847281124,905082.6535016027,"[0.2, 0.2, 0.2, 0.2, 0.2]"
8518,677.6189118192517,454716.0056523146,"[0.2, 0.2, 0.2, 0.2, 0.2]"
8519,11.251408562062045,413038.5967165075,"[0.2, 0.2, 0.2, 0.2, 0.2]"
8520,159.90676437334506,409290.11345401115,"[0.2, 0.2, 0.2, 0.2, 0.2]"
8521,479.2878326738363,396593.69031324115,"[0.2, 0.2, 0.2, 0.2, 0.2]"
8522,302.83003256480424,759640.6623612008,"[0.2, 0.2, 0.2, 0.2, 0.2]"
8523,231.87881224615876,484631.9557654701,"[0.2, 0.2, 0.2, 0.2, 0.2]"
8524,581.3545136472552,684442.3497769531,"[0.2, 0.2, 0.2, 0.2, 0.2]"
8525,988.8048129261308,888446.055784778,"[0.2, 0.2, 0.2, 0.2, 0.2]"
8526,631.7144058405555,668866.9408953564,"[0.2, 0.2, 0.2, 0.2, 0.2]"
8527,921.6154986691885,936944.4374848412,"[0.2, 0.2, 0.2, 0.2, 0.2]"
8528,322.9952814771366,229427.44980006348,"[0.2, 0.2, 0.2, 0.2, 0.2]"
8529,252.3188498539819,254259.29320603496,"[0.2, 0.2, 0.2, 0.2, 0.2]"
8530,160.5483697464202,505884.1997174713,"[0.2, 0.2, 0.2, 0.2, 0.2]"
8531,862.5252024831406,939449.92810421,"[0.2, 0.2, 0.2, 0.2, 0.2]"
8532,452.4376923967368,907524.6303418656,"[0.2, 0.2, 0.2, 0.2, 0.2]"
8533,142.6344415370285,637857.2149661514,"[0.2, 0.2, 0.2, 0.2, 0.2]"
8534,259.1850777142159,279948.7604388307,"[0.2, 0.2, 0.2, 0.2, 0.2]"
8535,445.3386303867631,984002.1686193175,"[0.2, 0.2, 0.2, 0.2, 0.2]"
8536,781.7939326475408,576219.440223837,"[0.2, 0.2, 0.2, 0.2, 0.2]"
8537,540.9206738212843,463696.8680671879,"[0.2, 0.2, 0.2, 0.2, 0.2]"
8538,458.8407080987801,867562.5723546874,"[0.2, 0.2, 0.2, 0.2, 0.2]"
8539,309.14276186743587,569870.5087091734,"[0.2, 0.2, 0.2, 0.2, 0.2]"
8540,847.3831119938415,372579.7724780083,"[0.2, 0.2, 0.2, 0.2, 0.2]"
8541,787.8269707804445,837367.2439418373,"[0.2, 0.2, 0.2, 0.2, 0.2]"
8542,92.64300848821553,256431.22938072274,"[0.2, 0.2, 0.2, 0.2, 0.2]"
8543,925.8324518991567,774277.181674823,"[0.2, 0.2, 0.2, 0.2, 0.2]"
8544,233.87909016582995,507480.1825939353,"[0.2, 0.2, 0.2, 0.2, 0.2]"
8545,803.1412555242172,637681.4038445334,"[0.2, 0.2, 0.2, 0.2, 0.2]"
8546,268.49012002901316,964181.5211191089,"[0.2, 0.2, 0.2, 0.2, 0.2]"
8547,917.3910037542449,189074.25656398246,"[0.2, 0.2, 0.2, 0.2, 0.2]"
8548,232.85136743339058,495276.56263200816,"[0.2, 0.2, 0.2, 0.2, 0.2]"
8549,475.28897292329265,603754.7280498899,"[0.2, 0.2, 0.2, 0.2, 0.2]"
8550,648.8292935198126,927946.5644132224,"[0.2, 0.2, 0.2, 0.2, 0.2]"
8551,136.83192416078168,862901.342720768,"[0.2, 0.2, 0.2, 0.2, 0.2]"
8552,390.63022013485795,698461.5563784726,"[0.2, 0.2, 0.2, 0.2, 0.2]"
8553,271.80220459391927,921959.8366936,"[0.2, 0.2, 0.2, 0.2, 0.2]"
8554,186.2912226936727,111684.75915457451,"[0.2, 0.2, 0.2, 0.2, 0.2]"
8555,259.88087620223916,893323.0551704069,"[0.2, 0.2, 0.2, 0.2, 0.2]"
8556,638.5868572454127,138861.4162864467,"[0.2, 0.2, 0.2, 0.2, 0.2]"
8557,549.9113155280824,820829.0571721726,"[0.2, 0.2, 0.2, 0.2, 0.2]"
8558,66.3987643821996,483429.0133733829,"[0.2, 0.2, 0.2, 0.2, 0.2]"
8559,915.3983795171189,929678.9609124919,"[0.2, 0.2, 0.2, 0.2, 0.2]"
8560,902.0627420521006,915970.4657162327,"[0.2, 0.2, 0.2, 0.2, 0.2]"
8561,955.2679503681152,997364.3688234021,"[0.2, 0.2, 0.2, 0.2, 0.2]"
8562,187.73908145059724,863404.1991463507,"[0.2, 0.2, 0.2, 0.2, 0.2]"
8563,344.5762045795626,109726.89637596662,"[0.2, 0.2, 0.2, 0.2, 0.2]"
8564,336.4240256825105,907763.8788733277,"[0.2, 0.2, 0.2, 0.2, 0.2]"
8565,931.5940797132477,856622.6989076242,"[0.2, 0.2, 0.2, 0.2, 0.2]"
8566,940.9714985587694,288740.30539284635,"[0.2, 0.2, 0.2, 0.2, 0.2]"
8567,124.13302843015997,752984.7891437693,"[0.2, 0.2, 0.2, 0.2, 0.2]"
8568,607.2196104918546,144294.78564214107,"[0.2, 0.2, 0.2, 0.2, 0.2]"
8569,947.7164412369358,663387.2305116084,"[0.2, 0.2, 0.2, 0.2, 0.2]"
8570,850.8105724657232,204585.14778686874,"[0.2, 0.2, 0.2, 0.2, 0.2]"
8571,143.32796205989732,153173.06943827914,"[0.2, 0.2, 0.2, 0.2, 0.2]"
8572,392.16321333380597,308575.4124986923,"[0.2, 0.2, 0.2, 0.2, 0.2]"
8573,817.2496225737706,492518.0454242299,"[0.2, 0.2, 0.2, 0.2, 0.2]"
8574,653.4595286885591,782511.5153489239,"[0.2, 0.2, 0.2, 0.2, 0.2]"
8575,458.9522045071961,569670.6444996647,"[0.2, 0.2, 0.2, 0.2, 0.2]"
8576,187.2632827005518,815398.7782953468,"[0.2, 0.2, 0.2, 0.2, 0.2]"
8577,612.4470782612078,961858.3835633239,"[0.2, 0.2, 0.2, 0.2, 0.2]"
8578,287.55238866353204,428492.58188273566,"[0.2, 0.2, 0.2, 0.2, 0.2]"
8579,593.8276420507266,392495.59993120417,"[0.2, 0.2, 0.2, 0.2, 0.2]"
8580,945.6718360676758,115890.31963112165,"[0.2, 0.2, 0.2, 0.2, 0.2]"
8581,749.8098700650756,755216.145736449,"[0.2, 0.2, 0.2, 0.2, 0.2]"
8582,83.44967205629334,460491.23860429984,"[0.2, 0.2, 0.2, 0.2, 0.2]"
8583,884.1120654966478,839036.9691010581,"[0.2, 0.2, 0.2, 0.2, 0.2]"
8584,802.1458171060841,499954.0539413036,"[0.2, 0.2, 0.2, 0.2, 0.2]"
8585,268.6854035007944,140929.20664087316,"[0.2, 0.2, 0.2, 0.2, 0.2]"
8586,999.5749731218526,728246.8056455048,"[0.2, 0.2, 0.2, 0.2, 0.2]"
8587,518.5101001146556,517623.02517344564,"[0.2, 0.2, 0.2, 0.2, 0.2]"
8588,177.21315673461942,638135.9853246551,"[0.2, 0.2, 0.2, 0.2, 0.2]"
8589,236.42150256413024,259861.88821764864,"[0.2, 0.2, 0.2, 0.2, 0.2]"
8590,49.411458131993854,538725.5906252079,"[0.2, 0.2, 0.2, 0.2, 0.2]"
8591,586.5810398308091,769958.1552987611,"[0.2, 0.2, 0.2, 0.2, 0.2]"
8592,609.2114387367349,696205.2369074353,"[0.2, 0.2, 0.2, 0.2, 0.2]"
8593,90.19915975157558,819587.0042360616,"[0.2, 0.2, 0.2, 0.2, 0.2]"
8594,565.3188464915459,150404.02173976877,"[0.2, 0.2, 0.2, 0.2, 0.2]"
8595,165.15508736267734,485820.1070673164,"[0.2, 0.2, 0.2, 0.2, 0.2]"
8596,181.9960160219217,783376.2676941864,"[0.2, 0.2, 0.2, 0.2, 0.2]"
8597,104.89447571029466,536814.1403103787,"[0.2, 0.2, 0.2, 0.2, 0.2]"
8598,54.771589256606624,864544.3893847801,"[0.2, 0.2, 0.2, 0.2, 0.2]"
8599,994.293832470489,997134.557453252,"[0.2, 0.2, 0.2, 0.2, 0.2]"
8600,858.1192948918175,749464.0951138873,"[0.2, 0.2, 0.2, 0.2, 0.2]"
8601,874.9396117225093,793810.1273410959,"[0.2, 0.2, 0.2, 0.2, 0.2]"
8602,65.060990880677,780376.6505189319,"[0.2, 0.2, 0.2, 0.2, 0.2]"
8603,357.1217023445404,154891.66678554128,"[0.2, 0.2, 0.2, 0.2, 0.2]"
8604,858.8354137973095,223008.74697391412,"[0.2, 0.2, 0.2, 0.2, 0.2]"
8605,278.4351569986676,430748.3764201285,"[0.2, 0.2, 0.2, 0.2, 0.2]"
8606,238.4447615364355,798469.2699888382,"[0.2, 0.2, 0.2, 0.2, 0.2]"
8607,322.6630376771627,252458.95771084132,"[0.2, 0.2, 0.2, 0.2, 0.2]"
8608,578.5829989997621,333963.9637178518,"[0.2, 0.2, 0.2, 0.2, 0.2]"
8609,192.81524521935293,645274.2970590153,"[0.2, 0.2, 0.2, 0.2, 0.2]"
8610,246.0743179637868,474926.7107894045,"[0.2, 0.2, 0.2, 0.2, 0.2]"
8611,180.19420733448266,359722.78419844183,"[0.2, 0.2, 0.2, 0.2, 0.2]"
8612,792.0409218491764,762369.0313260522,"[0.2, 0.2, 0.2, 0.2, 0.2]"
8613,880.0373462815015,133213.26212841304,"[0.2, 0.2, 0.2, 0.2, 0.2]"
8614,216.927842485724,182981.0300180724,"[0.2, 0.2, 0.2, 0.2, 0.2]"
8615,615.6619079067981,453733.35099496425,"[0.2, 0.2, 0.2, 0.2, 0.2]"
8616,126.80731130536046,491686.03655366803,"[0.2, 0.2, 0.2, 0.2, 0.2]"
8617,264.7769570250514,124531.1380068317,"[0.2, 0.2, 0.2, 0.2, 0.2]"
8618,661.0496853394184,957692.0491339666,"[0.2, 0.2, 0.2, 0.2, 0.2]"
8619,67.14785919585904,396569.95192688855,"[0.2, 0.2, 0.2, 0.2, 0.2]"
8620,454.6273654329858,832636.8057352506,"[0.2, 0.2, 0.2, 0.2, 0.2]"
8621,122.63797883299233,695260.0722402972,"[0.2, 0.2, 0.2, 0.2, 0.2]"
8622,937.9052568471294,283124.3704969336,"[0.2, 0.2, 0.2, 0.2, 0.2]"
8623,202.2502486114406,417101.03332970344,"[0.2, 0.2, 0.2, 0.2, 0.2]"
8624,234.79422152352015,493232.38138427096,"[0.2, 0.2, 0.2, 0.2, 0.2]"
8625,833.6911764313561,845687.0517389196,"[0.2, 0.2, 0.2, 0.2, 0.2]"
8626,101.69091107716896,877506.0426840294,"[0.2, 0.2, 0.2, 0.2, 0.2]"
8627,28.77438365237483,818281.2189180554,"[0.2, 0.2, 0.2, 0.2, 0.2]"
8628,504.62386724380514,965661.8594433798,"[0.2, 0.2, 0.2, 0.2, 0.2]"
8629,376.46039784751247,333016.9321273278,"[0.2, 0.2, 0.2, 0.2, 0.2]"
8630,130.42730870215314,217429.5283102002,"[0.2, 0.2, 0.2, 0.2, 0.2]"
8631,196.08084979285417,546828.4100081783,"[0.2, 0.2, 0.2, 0.2, 0.2]"
8632,430.35047268760815,913787.2896609313,"[0.2, 0.2, 0.2, 0.2, 0.2]"
8633,778.8624254188144,253285.5183654047,"[0.2, 0.2, 0.2, 0.2, 0.2]"
8634,81.17375600522493,272369.7835962523,"[0.2, 0.2, 0.2, 0.2, 0.2]"
8635,443.57224886611095,320180.1754153844,"[0.2, 0.2, 0.2, 0.2, 0.2]"
8636,653.1223323775906,188201.59076543397,"[0.2, 0.2, 0.2, 0.2, 0.2]"
8637,837.930526392804,476631.7888718931,"[0.2, 0.2, 0.2, 0.2, 0.2]"
8638,693.9444913462384,245926.04332146706,"[0.2, 0.2, 0.2, 0.2, 0.2]"
8639,894.1265270256142,386985.53614183184,"[0.2, 0.2, 0.2, 0.2, 0.2]"
8640,947.909289912562,177279.76968097384,"[0.2, 0.2, 0.2, 0.2, 0.2]"
8641,239.30785309948322,300017.05060274247,"[0.2, 0.2, 0.2, 0.2, 0.2]"
8642,885.3288480203398,121221.13380316738,"[0.2, 0.2, 0.2, 0.2, 0.2]"
8643,242.83033294627685,285241.33286527515,"[0.2, 0.2, 0.2, 0.2, 0.2]"
8644,941.413316447272,280758.8233954986,"[0.2, 0.2, 0.2, 0.2, 0.2]"
8645,643.6770962935544,116678.01181774752,"[0.2, 0.2, 0.2, 0.2, 0.2]"
8646,785.2642748097066,488951.51425757667,"[0.2, 0.2, 0.2, 0.2, 0.2]"
8647,609.1979881653323,499141.04304484796,"[0.2, 0.2, 0.2, 0.2, 0.2]"
8648,940.5528496250604,683771.2049031969,"[0.2, 0.2, 0.2, 0.2, 0.2]"
8649,95.14923821784954,332984.2482109665,"[0.2, 0.2, 0.2, 0.2, 0.2]"
8650,969.6172398624697,955667.5548139397,"[0.2, 0.2, 0.2, 0.2, 0.2]"
8651,398.98545837590257,874608.5990042263,"[0.2, 0.2, 0.2, 0.2, 0.2]"
8652,914.6549218289881,380996.3845366305,"[0.2, 0.2, 0.2, 0.2, 0.2]"
8653,167.7720137297279,825409.422938504,"[0.2, 0.2, 0.2, 0.2, 0.2]"
8654,450.1938838370249,448573.67846570135,"[0.2, 0.2, 0.2, 0.2, 0.2]"
8655,247.62798851922386,873452.0477758124,"[0.2, 0.2, 0.2, 0.2, 0.2]"
8656,580.542034864369,399816.62553635694,"[0.2, 0.2, 0.2, 0.2, 0.2]"
8657,529.5532116382606,424645.85559425224,"[0.2, 0.2, 0.2, 0.2, 0.2]"
8658,997.7734147774278,698055.8450950476,"[0.2, 0.2, 0.2, 0.2, 0.2]"
8659,144.03928941525692,112021.68529656551,"[0.2, 0.2, 0.2, 0.2, 0.2]"
8660,770.7302485411368,809256.2208070488,"[0.2, 0.2, 0.2, 0.2, 0.2]"
8661,26.8557464092202,909600.9824727917,"[0.2, 0.2, 0.2, 0.2, 0.2]"
8662,731.833523598883,588101.2404272091,"[0.2, 0.2, 0.2, 0.2, 0.2]"
8663,370.26278547587054,455447.0393458117,"[0.2, 0.2, 0.2, 0.2, 0.2]"
8664,113.25404435802935,802780.7435797012,"[0.2, 0.2, 0.2, 0.2, 0.2]"
8665,961.5249336502467,976178.0310739101,"[0.2, 0.2, 0.2, 0.2, 0.2]"
8666,156.39405028458464,458966.9771993449,"[0.2, 0.2, 0.2, 0.2, 0.2]"
8667,871.8175855077632,344373.23305762024,"[0.2, 0.2, 0.2, 0.2, 0.2]"
8668,994.7312694597731,967170.964262854,"[0.2, 0.2, 0.2, 0.2, 0.2]"
8669,30.935947511643583,814759.0131860012,"[0.2, 0.2, 0.2, 0.2, 0.2]"
8670,615.7577930073093,398453.2825981985,"[0.2, 0.2, 0.2, 0.2, 0.2]"
8671,610.1751002480008,703127.7742719369,"[0.2, 0.2, 0.2, 0.2, 0.2]"
8672,564.6444860673294,738371.4282605151,"[0.2, 0.2, 0.2, 0.2, 0.2]"
8673,120.55827820672636,811210.509174213,"[0.2, 0.2, 0.2, 0.2, 0.2]"
8674,13.694450210258912,724847.3590589854,"[0.2, 0.2, 0.2, 0.2, 0.2]"
8675,375.60396543470614,318969.7796953438,"[0.2, 0.2, 0.2, 0.2, 0.2]"
8676,994.5343747195315,871033.08353346,"[0.2, 0.2, 0.2, 0.2, 0.2]"
8677,81.13008076547625,477365.95327741676,"[0.2, 0.2, 0.2, 0.2, 0.2]"
8678,970.0193416998378,874908.6186861864,"[0.2, 0.2, 0.2, 0.2, 0.2]"
8679,444.5127832065415,679897.3772035574,"[0.2, 0.2, 0.2, 0.2, 0.2]"
8680,112.63400866206761,596388.9960009158,"[0.2, 0.2, 0.2, 0.2, 0.2]"
8681,52.49438441367711,894251.7480712917,"[0.2, 0.2, 0.2, 0.2, 0.2]"
8682,916.8622316637395,401456.6808710366,"[0.2, 0.2, 0.2, 0.2, 0.2]"
8683,188.65746514111981,146887.87647739987,"[0.2, 0.2, 0.2, 0.2, 0.2]"
8684,590.3263783451177,293178.0661711561,"[0.2, 0.2, 0.2, 0.2, 0.2]"
8685,325.22168330066665,373052.7432369995,"[0.2, 0.2, 0.2, 0.2, 0.2]"
8686,850.6632940151826,199169.66433757835,"[0.2, 0.2, 0.2, 0.2, 0.2]"
8687,756.3499744691314,809770.1360195718,"[0.2, 0.2, 0.2, 0.2, 0.2]"
8688,139.76506847141874,777206.7932785604,"[0.2, 0.2, 0.2, 0.2, 0.2]"
8689,859.7299023654432,642085.3011428,"[0.2, 0.2, 0.2, 0.2, 0.2]"
8690,975.2789019823506,402226.9761134811,"[0.2, 0.2, 0.2, 0.2, 0.2]"
8691,657.9945191041788,948196.9297651873,"[0.2, 0.2, 0.2, 0.2, 0.2]"
8692,887.4236757706326,117003.23013090521,"[0.2, 0.2, 0.2, 0.2, 0.2]"
8693,306.65978142904487,296446.8306403478,"[0.2, 0.2, 0.2, 0.2, 0.2]"
8694,74.6620200700562,798568.507869985,"[0.2, 0.2, 0.2, 0.2, 0.2]"
8695,616.3684478154921,199026.45318379754,"[0.2, 0.2, 0.2, 0.2, 0.2]"
8696,566.0013830576366,499158.2847181462,"[0.2, 0.2, 0.2, 0.2, 0.2]"
8697,366.3067389924246,265038.1987826555,"[0.2, 0.2, 0.2, 0.2, 0.2]"
8698,275.6587450858045,125714.10070127941,"[0.2, 0.2, 0.2, 0.2, 0.2]"
8699,917.8327010654682,404908.754881311,"[0.2, 0.2, 0.2, 0.2, 0.2]"
8700,953.522367317884,785200.0890066575,"[0.2, 0.2, 0.2, 0.2, 0.2]"
8701,153.23441598726865,545893.2004189999,"[0.2, 0.2, 0.2, 0.2, 0.2]"
8702,748.8988640269608,255218.49566956636,"[0.2, 0.2, 0.2, 0.2, 0.2]"
8703,382.02440669859794,479243.9487022128,"[0.2, 0.2, 0.2, 0.2, 0.2]"
8704,585.2857038597566,537190.3850226388,"[0.2, 0.2, 0.2, 0.2, 0.2]"
8705,826.3571111783625,199888.4484444646,"[0.2, 0.2, 0.2, 0.2, 0.2]"
8706,421.63373305144347,154765.1501196101,"[0.2, 0.2, 0.2, 0.2, 0.2]"
8707,737.8611044825341,985284.731552065,"[0.2, 0.2, 0.2, 0.2, 0.2]"
8708,768.8442833982513,297766.30982132105,"[0.2, 0.2, 0.2, 0.2, 0.2]"
8709,739.5690232240531,415045.1277509664,"[0.2, 0.2, 0.2, 0.2, 0.2]"
8710,81.10081730292893,442727.15350259753,"[0.2, 0.2, 0.2, 0.2, 0.2]"
8711,548.4036108607451,461900.83034926135,"[0.2, 0.2, 0.2, 0.2, 0.2]"
8712,394.54997757279415,999229.4190932568,"[0.2, 0.2, 0.2, 0.2, 0.2]"
8713,214.04441982234945,300944.06490773975,"[0.2, 0.2, 0.2, 0.2, 0.2]"
8714,130.13310788491418,340869.901806293,"[0.2, 0.2, 0.2, 0.2, 0.2]"
8715,404.3143879271522,633843.307007243,"[0.2, 0.2, 0.2, 0.2, 0.2]"
8716,320.6767523842668,275216.5903003409,"[0.2, 0.2, 0.2, 0.2, 0.2]"
8717,66.71422903040337,112392.09403995337,"[0.2, 0.2, 0.2, 0.2, 0.2]"
8718,636.6507826769089,912147.346556558,"[0.2, 0.2, 0.2, 0.2, 0.2]"
8719,817.083343178657,405186.8401241084,"[0.2, 0.2, 0.2, 0.2, 0.2]"
8720,701.2644376807654,298368.8265371531,"[0.2, 0.2, 0.2, 0.2, 0.2]"
8721,639.7967254940196,916619.6430348102,"[0.2, 0.2, 0.2, 0.2, 0.2]"
8722,942.7326714179902,962405.4626543529,"[0.2, 0.2, 0.2, 0.2, 0.2]"
8723,399.83568741175253,173066.05594404816,"[0.2, 0.2, 0.2, 0.2, 0.2]"
8724,907.8134777203464,690788.3970775503,"[0.2, 0.2, 0.2, 0.2, 0.2]"
8725,671.6917165748692,629714.5299816123,"[0.2, 0.2, 0.2, 0.2, 0.2]"
8726,417.42725258833065,407668.1837267689,"[0.2, 0.2, 0.2, 0.2, 0.2]"
8727,583.2997279869963,576821.5369545592,"[0.2, 0.2, 0.2, 0.2, 0.2]"
8728,979.08572995972,845668.1733050693,"[0.2, 0.2, 0.2, 0.2, 0.2]"
8729,228.03122695752896,911317.5835590741,"[0.2, 0.2, 0.2, 0.2, 0.2]"
8730,171.91096014351893,672321.8516990638,"[0.2, 0.2, 0.2, 0.2, 0.2]"
8731,244.87077231439534,938952.4706119129,"[0.2, 0.2, 0.2, 0.2, 0.2]"
8732,733.1291115422437,931805.8890944459,"[0.2, 0.2, 0.2, 0.2, 0.2]"
8733,688.3653453020752,345309.45109347766,"[0.2, 0.2, 0.2, 0.2, 0.2]"
8734,798.4153088570936,507740.8984333676,"[0.2, 0.2, 0.2, 0.2, 0.2]"
8735,777.2749275481747,542139.1801182872,"[0.2, 0.2, 0.2, 0.2, 0.2]"
8736,112.37929600203711,893796.7448135496,"[0.2, 0.2, 0.2, 0.2, 0.2]"
8737,942.2657251493494,372165.45585302886,"[0.2, 0.2, 0.2, 0.2, 0.2]"
8738,90.02405780152104,334665.1539035883,"[0.2, 0.2, 0.2, 0.2, 0.2]"
8739,115.60971045284185,876590.9828045765,"[0.2, 0.2, 0.2, 0.2, 0.2]"
8740,84.00255135070752,432443.980015708,"[0.2, 0.2, 0.2, 0.2, 0.2]"
8741,262.97669566363373,741105.6785944251,"[0.2, 0.2, 0.2, 0.2, 0.2]"
8742,727.1294106546046,962993.9664915451,"[0.2, 0.2, 0.2, 0.2, 0.2]"
8743,391.12470587093134,633522.9034157137,"[0.2, 0.2, 0.2, 0.2, 0.2]"
8744,541.9528988303964,397567.73797559034,"[0.2, 0.2, 0.2, 0.2, 0.2]"
8745,163.4429554967871,413307.40037668886,"[0.2, 0.2, 0.2, 0.2, 0.2]"
8746,119.80818688588192,462182.4871253635,"[0.2, 0.2, 0.2, 0.2, 0.2]"
8747,10.681458177814344,779528.0018237114,"[0.2, 0.2, 0.2, 0.2, 0.2]"
8748,862.5180784089653,840508.405644896,"[0.2, 0.2, 0.2, 0.2, 0.2]"
8749,552.0824716124831,146532.64239244632,"[0.2, 0.2, 0.2, 0.2, 0.2]"
8750,477.0020934722037,243726.410270517,"[0.2, 0.2, 0.2, 0.2, 0.2]"
8751,964.0281105736633,467482.2643537376,"[0.2, 0.2, 0.2, 0.2, 0.2]"
8752,585.795360068372,420420.4482696643,"[0.2, 0.2, 0.2, 0.2, 0.2]"
8753,428.47354994625107,866417.8515490168,"[0.2, 0.2, 0.2, 0.2, 0.2]"
8754,210.73126789490433,460583.9482698635,"[0.2, 0.2, 0.2, 0.2, 0.2]"
8755,861.8741691979773,919677.0259760515,"[0.2, 0.2, 0.2, 0.2, 0.2]"
8756,680.7025593130235,261573.64058201108,"[0.2, 0.2, 0.2, 0.2, 0.2]"
8757,751.1499286780496,194379.95769313019,"[0.2, 0.2, 0.2, 0.2, 0.2]"
8758,402.8934459860446,643355.325772022,"[0.2, 0.2, 0.2, 0.2, 0.2]"
8759,619.4637114274146,957464.9766659008,"[0.2, 0.2, 0.2, 0.2, 0.2]"
8760,516.8661882310853,833327.4305902942,"[0.2, 0.2, 0.2, 0.2, 0.2]"
8761,943.8894634273713,398772.2895932296,"[0.2, 0.2, 0.2, 0.2, 0.2]"
8762,159.03744353593527,350938.0956787731,"[0.2, 0.2, 0.2, 0.2, 0.2]"
8763,906.1098656602736,654023.3242148908,"[0.2, 0.2, 0.2, 0.2, 0.2]"
8764,169.17894440476215,321656.037345142,"[0.2, 0.2, 0.2, 0.2, 0.2]"
8765,53.39548115540887,167979.46074504213,"[0.2, 0.2, 0.2, 0.2, 0.2]"
8766,248.3364070690297,606364.0747141882,"[0.2, 0.2, 0.2, 0.2, 0.2]"
8767,92.44680290927606,234696.1006015782,"[0.2, 0.2, 0.2, 0.2, 0.2]"
8768,733.4950725185685,174863.2259426816,"[0.2, 0.2, 0.2, 0.2, 0.2]"
8769,956.3856509480587,603070.2048183783,"[0.2, 0.2, 0.2, 0.2, 0.2]"
8770,669.7804164942883,862956.3259127112,"[0.2, 0.2, 0.2, 0.2, 0.2]"
8771,462.5545732707604,449133.4365142646,"[0.2, 0.2, 0.2, 0.2, 0.2]"
8772,700.5455152065186,569616.3020114148,"[0.2, 0.2, 0.2, 0.2, 0.2]"
8773,609.5777920896936,631030.2573202105,"[0.2, 0.2, 0.2, 0.2, 0.2]"
8774,190.12612050214113,490832.356505021,"[0.2, 0.2, 0.2, 0.2, 0.2]"
8775,181.2311036409146,841660.2762777267,"[0.2, 0.2, 0.2, 0.2, 0.2]"
8776,581.0821621409334,102425.17773606726,"[0.2, 0.2, 0.2, 0.2, 0.2]"
8777,900.2673748115116,117696.30149288957,"[0.2, 0.2, 0.2, 0.2, 0.2]"
8778,257.3530710645118,333623.8698125009,"[0.2, 0.2, 0.2, 0.2, 0.2]"
8779,997.2991380532667,772538.0380486723,"[0.2, 0.2, 0.2, 0.2, 0.2]"
8780,309.83680593786954,241333.62281618596,"[0.2, 0.2, 0.2, 0.2, 0.2]"
8781,404.548906581706,528408.5952324563,"[0.2, 0.2, 0.2, 0.2, 0.2]"
8782,142.10851430366327,240989.41051332653,"[0.2, 0.2, 0.2, 0.2, 0.2]"
8783,394.6790703569615,965757.1873709934,"[0.2, 0.2, 0.2, 0.2, 0.2]"
8784,526.8769182687055,714335.2451685941,"[0.2, 0.2, 0.2, 0.2, 0.2]"
8785,942.8690533622478,856379.3828690868,"[0.2, 0.2, 0.2, 0.2, 0.2]"
8786,106.43830061597191,725816.431577183,"[0.2, 0.2, 0.2, 0.2, 0.2]"
8787,207.45425379735232,981127.2127842848,"[0.2, 0.2, 0.2, 0.2, 0.2]"
8788,636.8990010669514,346551.2352271399,"[0.2, 0.2, 0.2, 0.2, 0.2]"
8789,277.31544765744667,890801.0103442546,"[0.2, 0.2, 0.2, 0.2, 0.2]"
8790,785.4324154479012,667659.8737419995,"[0.2, 0.2, 0.2, 0.2, 0.2]"
8791,773.443013491172,248685.76527063712,"[0.2, 0.2, 0.2, 0.2, 0.2]"
8792,954.130533384175,401743.9110177229,"[0.2, 0.2, 0.2, 0.2, 0.2]"
8793,751.544702319337,392604.5530015296,"[0.2, 0.2, 0.2, 0.2, 0.2]"
8794,295.6162681826777,482126.7292777552,"[0.2, 0.2, 0.2, 0.2, 0.2]"
8795,709.7761306035288,336235.20624877815,"[0.2, 0.2, 0.2, 0.2, 0.2]"
8796,570.9809537263434,459361.67423713004,"[0.2, 0.2, 0.2, 0.2, 0.2]"
8797,965.7308203781446,832486.7064324155,"[0.2, 0.2, 0.2, 0.2, 0.2]"
8798,973.2058899185283,987814.4115818558,"[0.2, 0.2, 0.2, 0.2, 0.2]"
8799,494.41191117956583,905640.4407944734,"[0.2, 0.2, 0.2, 0.2, 0.2]"
8800,385.5864979736145,184395.14254052492,"[0.2, 0.2, 0.2, 0.2, 0.2]"
8801,898.5484194068794,983753.0938161894,"[0.2, 0.2, 0.2, 0.2, 0.2]"
8802,841.2205917101513,369873.4825684538,"[0.2, 0.2, 0.2, 0.2, 0.2]"
8803,532.8577051912108,937174.634172595,"[0.2, 0.2, 0.2, 0.2, 0.2]"
8804,600.5629793243681,598785.0819846792,"[0.2, 0.2, 0.2, 0.2, 0.2]"
8805,470.2868590284157,381108.3066754945,"[0.2, 0.2, 0.2, 0.2, 0.2]"
8806,417.01153838543974,684804.2014280878,"[0.2, 0.2, 0.2, 0.2, 0.2]"
8807,43.44266358044635,306153.63597593387,"[0.2, 0.2, 0.2, 0.2, 0.2]"
8808,433.37038210262983,883465.890020879,"[0.2, 0.2, 0.2, 0.2, 0.2]"
8809,389.8330939579008,322572.6701265727,"[0.2, 0.2, 0.2, 0.2, 0.2]"
8810,67.28147214664585,997397.9463300372,"[0.2, 0.2, 0.2, 0.2, 0.2]"
8811,17.58740766329115,450790.96083038766,"[0.2, 0.2, 0.2, 0.2, 0.2]"
8812,600.9577117481917,495848.15436844196,"[0.2, 0.2, 0.2, 0.2, 0.2]"
8813,798.3866864381073,123681.2731092087,"[0.2, 0.2, 0.2, 0.2, 0.2]"
8814,317.3499748945235,659366.9830677456,"[0.2, 0.2, 0.2, 0.2, 0.2]"
8815,722.2090846817731,508050.1628166988,"[0.2, 0.2, 0.2, 0.2, 0.2]"
8816,521.2280651585124,785467.4647405116,"[0.2, 0.2, 0.2, 0.2, 0.2]"
8817,957.87964725999,117912.64230121086,"[0.2, 0.2, 0.2, 0.2, 0.2]"
8818,902.2819151318158,784739.0087918265,"[0.2, 0.2, 0.2, 0.2, 0.2]"
8819,801.5184995273871,446665.06929725624,"[0.2, 0.2, 0.2, 0.2, 0.2]"
8820,559.6838069306606,817548.902614225,"[0.2, 0.2, 0.2, 0.2, 0.2]"
8821,104.69492494915511,477752.8074558693,"[0.2, 0.2, 0.2, 0.2, 0.2]"
8822,304.78115124756175,894303.5862860648,"[0.2, 0.2, 0.2, 0.2, 0.2]"
8823,833.72928499784,521343.2005977449,"[0.2, 0.2, 0.2, 0.2, 0.2]"
8824,734.8109655108016,105210.38913871581,"[0.2, 0.2, 0.2, 0.2, 0.2]"
8825,841.396910680531,228758.1844463066,"[0.2, 0.2, 0.2, 0.2, 0.2]"
8826,551.6491827029805,627083.62166634,"[0.2, 0.2, 0.2, 0.2, 0.2]"
8827,994.2967508559761,524272.4981106736,"[0.2, 0.2, 0.2, 0.2, 0.2]"
8828,91.3628315569428,133660.21685347767,"[0.2, 0.2, 0.2, 0.2, 0.2]"
8829,850.8301043576743,250589.88070488654,"[0.2, 0.2, 0.2, 0.2, 0.2]"
8830,232.10846449222376,466243.88682139275,"[0.2, 0.2, 0.2, 0.2, 0.2]"
8831,415.4368896616602,915911.5435390938,"[0.2, 0.2, 0.2, 0.2, 0.2]"
8832,871.2617336777221,548286.8168568888,"[0.2, 0.2, 0.2, 0.2, 0.2]"
8833,67.4996218595144,721209.8387338745,"[0.2, 0.2, 0.2, 0.2, 0.2]"
8834,232.7334769674623,181864.1934855663,"[0.2, 0.2, 0.2, 0.2, 0.2]"
8835,974.9880389721347,473887.1479064826,"[0.2, 0.2, 0.2, 0.2, 0.2]"
8836,757.8203613985344,450443.45987706986,"[0.2, 0.2, 0.2, 0.2, 0.2]"
8837,509.5778768885415,491490.8269921081,"[0.2, 0.2, 0.2, 0.2, 0.2]"
8838,186.41710248679027,385533.18794798775,"[0.2, 0.2, 0.2, 0.2, 0.2]"
8839,548.4845979507954,776948.5588083415,"[0.2, 0.2, 0.2, 0.2, 0.2]"
8840,234.42739661728467,804277.2045023296,"[0.2, 0.2, 0.2, 0.2, 0.2]"
8841,62.69710230636806,429651.37765252707,"[0.2, 0.2, 0.2, 0.2, 0.2]"
8842,481.91971641279764,165421.95671797777,"[0.2, 0.2, 0.2, 0.2, 0.2]"
8843,900.8407487830971,637784.8413525864,"[0.2, 0.2, 0.2, 0.2, 0.2]"
8844,757.0022892712192,124888.05992007127,"[0.2, 0.2, 0.2, 0.2, 0.2]"
8845,418.8110163441723,215160.2960500606,"[0.2, 0.2, 0.2, 0.2, 0.2]"
8846,246.8711697371815,894285.2441155416,"[0.2, 0.2, 0.2, 0.2, 0.2]"
8847,127.06018763645908,335741.7322632301,"[0.2, 0.2, 0.2, 0.2, 0.2]"
8848,827.8133505019315,767446.9982468385,"[0.2, 0.2, 0.2, 0.2, 0.2]"
8849,887.0530736362692,451610.9250948476,"[0.2, 0.2, 0.2, 0.2, 0.2]"
8850,199.55412041520952,705914.1034489634,"[0.2, 0.2, 0.2, 0.2, 0.2]"
8851,691.6161710448088,910039.4726483802,"[0.2, 0.2, 0.2, 0.2, 0.2]"
8852,203.18376285033395,273372.11312702135,"[0.2, 0.2, 0.2, 0.2, 0.2]"
8853,98.18497949266941,204042.66798986227,"[0.2, 0.2, 0.2, 0.2, 0.2]"
8854,176.24165765453134,340865.5793446486,"[0.2, 0.2, 0.2, 0.2, 0.2]"
8855,700.3915361161255,708264.1905584723,"[0.2, 0.2, 0.2, 0.2, 0.2]"
8856,139.67345350866157,163706.09631974727,"[0.2, 0.2, 0.2, 0.2, 0.2]"
8857,859.7670008963992,651587.9164625149,"[0.2, 0.2, 0.2, 0.2, 0.2]"
8858,45.12577225164428,469682.5044704721,"[0.2, 0.2, 0.2, 0.2, 0.2]"
8859,733.9664173524928,127962.67036388094,"[0.2, 0.2, 0.2, 0.2, 0.2]"
8860,326.0885074846117,873395.9956406938,"[0.2, 0.2, 0.2, 0.2, 0.2]"
8861,101.2990275240459,883271.9252889525,"[0.2, 0.2, 0.2, 0.2, 0.2]"
8862,191.30673970398516,881675.337091239,"[0.2, 0.2, 0.2, 0.2, 0.2]"
8863,151.27602155169203,665906.7357247395,"[0.2, 0.2, 0.2, 0.2, 0.2]"
8864,571.9583393313955,514772.3462662469,"[0.2, 0.2, 0.2, 0.2, 0.2]"
8865,189.10019379333576,711390.0143765727,"[0.2, 0.2, 0.2, 0.2, 0.2]"
8866,994.277573350183,120981.84619435035,"[0.2, 0.2, 0.2, 0.2, 0.2]"
8867,763.1986794647324,726834.4482100757,"[0.2, 0.2, 0.2, 0.2, 0.2]"
8868,90.58922793605119,340950.2930859356,"[0.2, 0.2, 0.2, 0.2, 0.2]"
8869,12.118395467888543,509395.31699669635,"[0.2, 0.2, 0.2, 0.2, 0.2]"
8870,555.8480160873531,655073.0623384089,"[0.2, 0.2, 0.2, 0.2, 0.2]"
8871,731.0617844573061,208298.66133530275,"[0.2, 0.2, 0.2, 0.2, 0.2]"
8872,799.298683254602,283462.1232741388,"[0.2, 0.2, 0.2, 0.2, 0.2]"
8873,703.9227250272673,110245.26920927785,"[0.2, 0.2, 0.2, 0.2, 0.2]"
8874,326.99499670190477,510033.4451523943,"[0.2, 0.2, 0.2, 0.2, 0.2]"
8875,471.8312681106594,612138.2283719783,"[0.2, 0.2, 0.2, 0.2, 0.2]"
8876,681.1692269403844,717008.8236348217,"[0.2, 0.2, 0.2, 0.2, 0.2]"
8877,542.1331592935207,675962.0962052896,"[0.2, 0.2, 0.2, 0.2, 0.2]"
8878,659.846374835542,118696.81673357745,"[0.2, 0.2, 0.2, 0.2, 0.2]"
8879,356.59970719160725,385110.68950317096,"[0.2, 0.2, 0.2, 0.2, 0.2]"
8880,315.404597008773,625682.7874563427,"[0.2, 0.2, 0.2, 0.2, 0.2]"
8881,922.7044579848678,313686.8330040905,"[0.2, 0.2, 0.2, 0.2, 0.2]"
8882,69.6988509712225,730468.8736670547,"[0.2, 0.2, 0.2, 0.2, 0.2]"
8883,143.39895084491695,880445.6592675751,"[0.2, 0.2, 0.2, 0.2, 0.2]"
8884,291.04785761453763,541060.1469753205,"[0.2, 0.2, 0.2, 0.2, 0.2]"
8885,54.347641054504805,143986.4565092502,"[0.2, 0.2, 0.2, 0.2, 0.2]"
8886,258.6595753778833,538840.0422357714,"[0.2, 0.2, 0.2, 0.2, 0.2]"
8887,619.9313501917571,848385.5157852948,"[0.2, 0.2, 0.2, 0.2, 0.2]"
8888,343.66234053075686,332080.0473250221,"[0.2, 0.2, 0.2, 0.2, 0.2]"
8889,618.8972392904823,867634.7345549501,"[0.2, 0.2, 0.2, 0.2, 0.2]"
8890,234.01477326011366,589913.0487668101,"[0.2, 0.2, 0.2, 0.2, 0.2]"
8891,686.0912761833861,302541.85059458774,"[0.2, 0.2, 0.2, 0.2, 0.2]"
8892,658.4809127511055,135556.43139729122,"[0.2, 0.2, 0.2, 0.2, 0.2]"
8893,462.4652146808202,977794.0077333915,"[0.2, 0.2, 0.2, 0.2, 0.2]"
8894,685.9486193197638,456857.27178410726,"[0.2, 0.2, 0.2, 0.2, 0.2]"
8895,943.381396273657,538262.4168908888,"[0.2, 0.2, 0.2, 0.2, 0.2]"
8896,184.18826917268345,733746.0751567911,"[0.2, 0.2, 0.2, 0.2, 0.2]"
8897,948.3165918722822,607475.4531989857,"[0.2, 0.2, 0.2, 0.2, 0.2]"
8898,199.18742096845332,770053.6618349132,"[0.2, 0.2, 0.2, 0.2, 0.2]"
8899,495.7872010617736,213806.3237031994,"[0.2, 0.2, 0.2, 0.2, 0.2]"
8900,600.4719417944596,725574.7808967809,"[0.2, 0.2, 0.2, 0.2, 0.2]"
8901,606.6462508824418,670181.6567213571,"[0.2, 0.2, 0.2, 0.2, 0.2]"
8902,698.0771220329117,177171.91500946946,"[0.2, 0.2, 0.2, 0.2, 0.2]"
8903,532.8415336205749,270030.10204457777,"[0.2, 0.2, 0.2, 0.2, 0.2]"
8904,754.1736857353978,150785.14278683142,"[0.2, 0.2, 0.2, 0.2, 0.2]"
8905,182.0710334979493,576015.2067215149,"[0.2, 0.2, 0.2, 0.2, 0.2]"
8906,474.8575622740651,594693.1758512193,"[0.2, 0.2, 0.2, 0.2, 0.2]"
8907,162.65339989402582,101921.80982976424,"[0.2, 0.2, 0.2, 0.2, 0.2]"
8908,493.3915682509675,272521.1334923104,"[0.2, 0.2, 0.2, 0.2, 0.2]"
8909,386.5858738766909,824731.5534881487,"[0.2, 0.2, 0.2, 0.2, 0.2]"
8910,282.7504838914789,541668.1760575201,"[0.2, 0.2, 0.2, 0.2, 0.2]"
8911,916.5943661248504,306945.74180012214,"[0.2, 0.2, 0.2, 0.2, 0.2]"
8912,534.5823397337665,627958.802374516,"[0.2, 0.2, 0.2, 0.2, 0.2]"
8913,313.97286594262505,971388.2818980453,"[0.2, 0.2, 0.2, 0.2, 0.2]"
8914,554.6933165582201,716632.7110093697,"[0.2, 0.2, 0.2, 0.2, 0.2]"
8915,11.042127552278211,202457.6334076061,"[0.2, 0.2, 0.2, 0.2, 0.2]"
8916,909.8502859692373,651425.2663717719,"[0.2, 0.2, 0.2, 0.2, 0.2]"
8917,973.1318731948342,461643.7505070799,"[0.2, 0.2, 0.2, 0.2, 0.2]"
8918,243.70476537325862,799759.1536800762,"[0.2, 0.2, 0.2, 0.2, 0.2]"
8919,519.9771336191266,487269.65763517225,"[0.2, 0.2, 0.2, 0.2, 0.2]"
8920,224.66756307132627,741688.1539363586,"[0.2, 0.2, 0.2, 0.2, 0.2]"
8921,885.4347646051339,425700.4997915861,"[0.2, 0.2, 0.2, 0.2, 0.2]"
8922,67.56747784012092,528719.2740725803,"[0.2, 0.2, 0.2, 0.2, 0.2]"
8923,472.5928508524177,539819.9724710202,"[0.2, 0.2, 0.2, 0.2, 0.2]"
8924,228.86186697332863,759633.5467114969,"[0.2, 0.2, 0.2, 0.2, 0.2]"
8925,288.89527676633435,528661.4545285322,"[0.2, 0.2, 0.2, 0.2, 0.2]"
8926,775.8205765982111,546981.2832847732,"[0.2, 0.2, 0.2, 0.2, 0.2]"
8927,758.3593178852793,667857.6729472497,"[0.2, 0.2, 0.2, 0.2, 0.2]"
8928,659.3362956914176,271639.76787032257,"[0.2, 0.2, 0.2, 0.2, 0.2]"
8929,891.38153132888,482920.7003646051,"[0.2, 0.2, 0.2, 0.2, 0.2]"
8930,652.1173956282893,328149.61551302415,"[0.2, 0.2, 0.2, 0.2, 0.2]"
8931,941.1688216510299,523169.44583858753,"[0.2, 0.2, 0.2, 0.2, 0.2]"
8932,423.4806341554832,205650.49230941662,"[0.2, 0.2, 0.2, 0.2, 0.2]"
8933,531.6513922998037,197858.6456239568,"[0.2, 0.2, 0.2, 0.2, 0.2]"
8934,398.83362487860967,904998.7363241812,"[0.2, 0.2, 0.2, 0.2, 0.2]"
8935,277.4540662049934,284821.402732537,"[0.2, 0.2, 0.2, 0.2, 0.2]"
8936,15.266351665265864,103037.89445705424,"[0.2, 0.2, 0.2, 0.2, 0.2]"
8937,360.41553531830954,503485.5819046156,"[0.2, 0.2, 0.2, 0.2, 0.2]"
8938,350.42929505642263,529733.1844258228,"[0.2, 0.2, 0.2, 0.2, 0.2]"
8939,90.67592221307268,187406.1412328253,"[0.2, 0.2, 0.2, 0.2, 0.2]"
8940,836.323738718697,543816.2993165824,"[0.2, 0.2, 0.2, 0.2, 0.2]"
8941,866.133380759149,805531.9017519341,"[0.2, 0.2, 0.2, 0.2, 0.2]"
8942,91.05277092478605,727261.7975879355,"[0.2, 0.2, 0.2, 0.2, 0.2]"
8943,808.3055510329323,418821.7554336952,"[0.2, 0.2, 0.2, 0.2, 0.2]"
8944,641.4267164868747,619054.4124527519,"[0.2, 0.2, 0.2, 0.2, 0.2]"
8945,325.9160791860909,248909.5514549553,"[0.2, 0.2, 0.2, 0.2, 0.2]"
8946,983.6435384072147,478362.6169239948,"[0.2, 0.2, 0.2, 0.2, 0.2]"
8947,549.9420450314115,355397.81778585823,"[0.2, 0.2, 0.2, 0.2, 0.2]"
8948,174.67880930812564,588258.3744799395,"[0.2, 0.2, 0.2, 0.2, 0.2]"
8949,943.6959923050103,402054.12292312266,"[0.2, 0.2, 0.2, 0.2, 0.2]"
8950,359.64879008007443,408035.3660820608,"[0.2, 0.2, 0.2, 0.2, 0.2]"
8951,328.7581555065365,731768.1724525585,"[0.2, 0.2, 0.2, 0.2, 0.2]"
8952,238.28023438597367,832059.5247130392,"[0.2, 0.2, 0.2, 0.2, 0.2]"
8953,140.47330297299746,588755.9259494813,"[0.2, 0.2, 0.2, 0.2, 0.2]"
8954,387.44733155413513,123695.72328051174,"[0.2, 0.2, 0.2, 0.2, 0.2]"
8955,75.30967746483209,592735.3858495811,"[0.2, 0.2, 0.2, 0.2, 0.2]"
8956,897.0765957179615,748295.6057067822,"[0.2, 0.2, 0.2, 0.2, 0.2]"
8957,38.89455635222065,486270.27334417973,"[0.2, 0.2, 0.2, 0.2, 0.2]"
8958,998.0354346099898,332087.1923855146,"[0.2, 0.2, 0.2, 0.2, 0.2]"
8959,282.18624938544497,886702.6590004704,"[0.2, 0.2, 0.2, 0.2, 0.2]"
8960,71.52863077277566,889646.888626322,"[0.2, 0.2, 0.2, 0.2, 0.2]"
8961,170.23638045238948,317873.9582646468,"[0.2, 0.2, 0.2, 0.2, 0.2]"
8962,353.2650559475826,571701.9192937505,"[0.2, 0.2, 0.2, 0.2, 0.2]"
8963,434.2177463932761,893581.2268248271,"[0.2, 0.2, 0.2, 0.2, 0.2]"
8964,801.8688168757171,716477.9316814101,"[0.2, 0.2, 0.2, 0.2, 0.2]"
8965,840.0980409855066,564953.7870421449,"[0.2, 0.2, 0.2, 0.2, 0.2]"
8966,335.0448626860441,861988.251700495,"[0.2, 0.2, 0.2, 0.2, 0.2]"
8967,843.6106991923497,372296.19105899,"[0.2, 0.2, 0.2, 0.2, 0.2]"
8968,659.4837886200858,973480.1176924551,"[0.2, 0.2, 0.2, 0.2, 0.2]"
8969,757.4495086962362,448862.2403473839,"[0.2, 0.2, 0.2, 0.2, 0.2]"
8970,251.98377095749387,607385.6539003833,"[0.2, 0.2, 0.2, 0.2, 0.2]"
8971,313.6005829694642,158160.93403927423,"[0.2, 0.2, 0.2, 0.2, 0.2]"
8972,480.72982042714943,716272.7591598897,"[0.2, 0.2, 0.2, 0.2, 0.2]"
8973,428.6241796303811,243666.11808842898,"[0.2, 0.2, 0.2, 0.2, 0.2]"
8974,26.184605373704773,499820.72645886993,"[0.2, 0.2, 0.2, 0.2, 0.2]"
8975,117.93237926407876,468230.3506079159,"[0.2, 0.2, 0.2, 0.2, 0.2]"
8976,704.1156602831661,585479.1354856452,"[0.2, 0.2, 0.2, 0.2, 0.2]"
8977,972.6214343473648,854612.0018966302,"[0.2, 0.2, 0.2, 0.2, 0.2]"
8978,906.2928728950519,580292.366149652,"[0.2, 0.2, 0.2, 0.2, 0.2]"
8979,50.75877543547631,623924.4655387321,"[0.2, 0.2, 0.2, 0.2, 0.2]"
8980,397.1895306505091,681171.443679246,"[0.2, 0.2, 0.2, 0.2, 0.2]"
8981,972.4062521567868,201455.16604091588,"[0.2, 0.2, 0.2, 0.2, 0.2]"
8982,219.92904317080223,387866.6414931334,"[0.2, 0.2, 0.2, 0.2, 0.2]"
8983,914.1099969436466,844084.3064536147,"[0.2, 0.2, 0.2, 0.2, 0.2]"
8984,934.4308136232892,519425.5842951493,"[0.2, 0.2, 0.2, 0.2, 0.2]"
8985,711.2894189057695,959980.226675477,"[0.2, 0.2, 0.2, 0.2, 0.2]"
8986,655.543482819887,126220.78423441472,"[0.2, 0.2, 0.2, 0.2, 0.2]"
8987,960.4290915851192,603609.056722214,"[0.2, 0.2, 0.2, 0.2, 0.2]"
8988,505.73250916613216,984722.5105118091,"[0.2, 0.2, 0.2, 0.2, 0.2]"
8989,627.9549750115988,861391.6724722084,"[0.2, 0.2, 0.2, 0.2, 0.2]"
8990,104.43919283081064,210689.79819581428,"[0.2, 0.2, 0.2, 0.2, 0.2]"
8991,454.2030354724004,456173.54312053206,"[0.2, 0.2, 0.2, 0.2, 0.2]"
8992,910.9278042056711,731926.7162130338,"[0.2, 0.2, 0.2, 0.2, 0.2]"
8993,385.2154343921855,961660.8024277837,"[0.2, 0.2, 0.2, 0.2, 0.2]"
8994,715.6842262169694,254744.23149071226,"[0.2, 0.2, 0.2, 0.2, 0.2]"
8995,233.87302443140268,239372.75610888598,"[0.2, 0.2, 0.2, 0.2, 0.2]"
8996,667.9717073937071,521177.4342555874,"[0.2, 0.2, 0.2, 0.2, 0.2]"
8997,619.6552471432387,266280.9864492106,"[0.2, 0.2, 0.2, 0.2, 0.2]"
8998,55.372196854196005,584594.8002913253,"[0.2, 0.2, 0.2, 0.2, 0.2]"
8999,985.2042241508265,420595.64153929456,"[0.2, 0.2, 0.2, 0.2, 0.2]"
9000,666.8290687364555,554109.5220666733,"[0.2, 0.2, 0.2, 0.2, 0.2]"
9001,719.920670371822,869599.3973354565,"[0.2, 0.2, 0.2, 0.2, 0.2]"
9002,136.75864332981516,418673.76045319927,"[0.2, 0.2, 0.2, 0.2, 0.2]"
9003,748.3667487583092,285845.60341203073,"[0.2, 0.2, 0.2, 0.2, 0.2]"
9004,452.3321985191842,278235.83873550955,"[0.2, 0.2, 0.2, 0.2, 0.2]"
9005,660.8556856131936,344632.6380568212,"[0.2, 0.2, 0.2, 0.2, 0.2]"
9006,879.8639762364772,947611.867592274,"[0.2, 0.2, 0.2, 0.2, 0.2]"
9007,337.993026603978,227360.2180063211,"[0.2, 0.2, 0.2, 0.2, 0.2]"
9008,606.5564025456376,561919.5632188934,"[0.2, 0.2, 0.2, 0.2, 0.2]"
9009,132.74076088257027,349938.4343637033,"[0.2, 0.2, 0.2, 0.2, 0.2]"
9010,501.3848236707231,796783.6110978026,"[0.2, 0.2, 0.2, 0.2, 0.2]"
9011,131.590531756922,794093.1341726976,"[0.2, 0.2, 0.2, 0.2, 0.2]"
9012,351.4561886276486,652640.8585652024,"[0.2, 0.2, 0.2, 0.2, 0.2]"
9013,940.2879953736954,780809.1586749783,"[0.2, 0.2, 0.2, 0.2, 0.2]"
9014,201.94480130734956,957601.1881386237,"[0.2, 0.2, 0.2, 0.2, 0.2]"
9015,812.8615266593373,340210.92467768764,"[0.2, 0.2, 0.2, 0.2, 0.2]"
9016,675.5854405147917,730682.6832252089,"[0.2, 0.2, 0.2, 0.2, 0.2]"
9017,49.8301256242447,104257.53316823558,"[0.2, 0.2, 0.2, 0.2, 0.2]"
9018,984.0291148362305,399420.2893996052,"[0.2, 0.2, 0.2, 0.2, 0.2]"
9019,851.8943526774224,284668.35090191115,"[0.2, 0.2, 0.2, 0.2, 0.2]"
9020,565.5455790714244,163958.24242410104,"[0.2, 0.2, 0.2, 0.2, 0.2]"
9021,655.9504146301576,877707.821464716,"[0.2, 0.2, 0.2, 0.2, 0.2]"
9022,921.5778356051079,218208.88397432797,"[0.2, 0.2, 0.2, 0.2, 0.2]"
9023,516.7981831470922,649492.355261172,"[0.2, 0.2, 0.2, 0.2, 0.2]"
9024,477.4953251360919,543647.8118008047,"[0.2, 0.2, 0.2, 0.2, 0.2]"
9025,483.0341381534306,448660.8956845864,"[0.2, 0.2, 0.2, 0.2, 0.2]"
9026,493.0615051076965,303732.59911486966,"[0.2, 0.2, 0.2, 0.2, 0.2]"
9027,964.4188428091627,454415.4034169384,"[0.2, 0.2, 0.2, 0.2, 0.2]"
9028,895.0788744792815,797113.8800675452,"[0.2, 0.2, 0.2, 0.2, 0.2]"
9029,923.8014006485658,131753.09291749418,"[0.2, 0.2, 0.2, 0.2, 0.2]"
9030,14.583532944745894,199759.27783215803,"[0.2, 0.2, 0.2, 0.2, 0.2]"
9031,559.2363571885289,829063.3626884376,"[0.2, 0.2, 0.2, 0.2, 0.2]"
9032,834.6913358342288,744681.3981794572,"[0.2, 0.2, 0.2, 0.2, 0.2]"
9033,757.5632384429992,776869.0678758392,"[0.2, 0.2, 0.2, 0.2, 0.2]"
9034,42.90392185603693,421332.1580101006,"[0.2, 0.2, 0.2, 0.2, 0.2]"
9035,673.440932830093,724323.2515731031,"[0.2, 0.2, 0.2, 0.2, 0.2]"
9036,991.9089065186921,326762.6661031371,"[0.2, 0.2, 0.2, 0.2, 0.2]"
9037,102.94279115623262,538090.2437893015,"[0.2, 0.2, 0.2, 0.2, 0.2]"
9038,505.3391794379289,602303.3992697108,"[0.2, 0.2, 0.2, 0.2, 0.2]"
9039,105.95735896263133,743679.8978292447,"[0.2, 0.2, 0.2, 0.2, 0.2]"
9040,369.2059758290293,730436.9796737754,"[0.2, 0.2, 0.2, 0.2, 0.2]"
9041,741.609238224378,830521.8234611395,"[0.2, 0.2, 0.2, 0.2, 0.2]"
9042,782.9316101135739,647436.8671777592,"[0.2, 0.2, 0.2, 0.2, 0.2]"
9043,305.04975236120185,295559.7642632772,"[0.2, 0.2, 0.2, 0.2, 0.2]"
9044,201.14616115981426,120559.81485160318,"[0.2, 0.2, 0.2, 0.2, 0.2]"
9045,448.2072682048345,915238.8045483561,"[0.2, 0.2, 0.2, 0.2, 0.2]"
9046,472.4668250295954,946077.6251123964,"[0.2, 0.2, 0.2, 0.2, 0.2]"
9047,884.3937018926579,977009.9164603815,"[0.2, 0.2, 0.2, 0.2, 0.2]"
9048,62.13680538485305,185601.75272428495,"[0.2, 0.2, 0.2, 0.2, 0.2]"
9049,327.1096807220108,148628.15306023782,"[0.2, 0.2, 0.2, 0.2, 0.2]"
9050,343.81673109728354,226111.4890884223,"[0.2, 0.2, 0.2, 0.2, 0.2]"
9051,755.1005911777963,853189.6783924793,"[0.2, 0.2, 0.2, 0.2, 0.2]"
9052,521.3561818688672,947469.6182260156,"[0.2, 0.2, 0.2, 0.2, 0.2]"
9053,673.4290900250613,333517.37764063384,"[0.2, 0.2, 0.2, 0.2, 0.2]"
9054,911.8731177656473,726942.1868897331,"[0.2, 0.2, 0.2, 0.2, 0.2]"
9055,795.1845455332515,424405.53474954626,"[0.2, 0.2, 0.2, 0.2, 0.2]"
9056,280.6829758135671,250917.78282667897,"[0.2, 0.2, 0.2, 0.2, 0.2]"
9057,804.2125456640127,284515.75975253974,"[0.2, 0.2, 0.2, 0.2, 0.2]"
9058,433.5690620736998,565426.1333812027,"[0.2, 0.2, 0.2, 0.2, 0.2]"
9059,37.42957518209778,240853.07006753716,"[0.2, 0.2, 0.2, 0.2, 0.2]"
9060,467.0224702470011,190037.2942305915,"[0.2, 0.2, 0.2, 0.2, 0.2]"
9061,487.7486443277883,839648.2951395998,"[0.2, 0.2, 0.2, 0.2, 0.2]"
9062,772.9188993452339,497114.55535526684,"[0.2, 0.2, 0.2, 0.2, 0.2]"
9063,760.7769051350323,144662.61214849332,"[0.2, 0.2, 0.2, 0.2, 0.2]"
9064,328.9346483420959,849691.3418354627,"[0.2, 0.2, 0.2, 0.2, 0.2]"
9065,976.9528883666087,272908.01487608266,"[0.2, 0.2, 0.2, 0.2, 0.2]"
9066,220.099476709078,759835.4126291362,"[0.2, 0.2, 0.2, 0.2, 0.2]"
9067,431.1009526796861,667722.3356446755,"[0.2, 0.2, 0.2, 0.2, 0.2]"
9068,472.97055268719834,641214.389476353,"[0.2, 0.2, 0.2, 0.2, 0.2]"
9069,556.700745703147,221418.4927581192,"[0.2, 0.2, 0.2, 0.2, 0.2]"
9070,11.216527832908055,430089.92091378674,"[0.2, 0.2, 0.2, 0.2, 0.2]"
9071,500.9173254812971,240316.8683632233,"[0.2, 0.2, 0.2, 0.2, 0.2]"
9072,499.62078984587,577266.7699101453,"[0.2, 0.2, 0.2, 0.2, 0.2]"
9073,902.6729696991415,348068.51545612654,"[0.2, 0.2, 0.2, 0.2, 0.2]"
9074,513.8463513256839,537191.0055989316,"[0.2, 0.2, 0.2, 0.2, 0.2]"
9075,482.16409790874684,414346.97178161127,"[0.2, 0.2, 0.2, 0.2, 0.2]"
9076,434.2839326906098,601802.0290891262,"[0.2, 0.2, 0.2, 0.2, 0.2]"
9077,514.5362324520693,697110.1255060607,"[0.2, 0.2, 0.2, 0.2, 0.2]"
9078,584.9353187482459,556535.0708348461,"[0.2, 0.2, 0.2, 0.2, 0.2]"
9079,509.1810935243698,828484.9536594703,"[0.2, 0.2, 0.2, 0.2, 0.2]"
9080,463.6371923603057,381658.20667772053,"[0.2, 0.2, 0.2, 0.2, 0.2]"
9081,45.81396669005175,410491.3862257745,"[0.2, 0.2, 0.2, 0.2, 0.2]"
9082,844.753114286031,339111.91573070537,"[0.2, 0.2, 0.2, 0.2, 0.2]"
9083,223.10578869880325,982148.5437913052,"[0.2, 0.2, 0.2, 0.2, 0.2]"
9084,297.0340795211708,704233.2971977908,"[0.2, 0.2, 0.2, 0.2, 0.2]"
9085,561.1166368066283,678479.8699373066,"[0.2, 0.2, 0.2, 0.2, 0.2]"
9086,950.32647368146,519013.397383918,"[0.2, 0.2, 0.2, 0.2, 0.2]"
9087,788.2129159377893,850334.2732902732,"[0.2, 0.2, 0.2, 0.2, 0.2]"
9088,160.3932584915638,449964.5587917836,"[0.2, 0.2, 0.2, 0.2, 0.2]"
9089,207.62915738277516,724828.8598947783,"[0.2, 0.2, 0.2, 0.2, 0.2]"
9090,807.6257917158732,803511.6037039208,"[0.2, 0.2, 0.2, 0.2, 0.2]"
9091,984.477614348214,181175.22284572717,"[0.2, 0.2, 0.2, 0.2, 0.2]"
9092,617.7008348757336,261298.52426087935,"[0.2, 0.2, 0.2, 0.2, 0.2]"
9093,454.66944508223605,924006.9603884948,"[0.2, 0.2, 0.2, 0.2, 0.2]"
9094,536.552079885785,773507.6725850281,"[0.2, 0.2, 0.2, 0.2, 0.2]"
9095,35.54112452448986,914538.5663321189,"[0.2, 0.2, 0.2, 0.2, 0.2]"
9096,401.3591552189353,224747.5183411748,"[0.2, 0.2, 0.2, 0.2, 0.2]"
9097,233.14878032374853,256168.12432503706,"[0.2, 0.2, 0.2, 0.2, 0.2]"
9098,740.3863511296294,254858.01899328316,"[0.2, 0.2, 0.2, 0.2, 0.2]"
9099,321.95273089748173,604180.6763067187,"[0.2, 0.2, 0.2, 0.2, 0.2]"
9100,755.3975550008615,377820.8804894576,"[0.2, 0.2, 0.2, 0.2, 0.2]"
9101,778.3431830363784,669952.4502390402,"[0.2, 0.2, 0.2, 0.2, 0.2]"
9102,94.00629605071764,628231.7292511442,"[0.2, 0.2, 0.2, 0.2, 0.2]"
9103,593.8705373491715,497429.9028967434,"[0.2, 0.2, 0.2, 0.2, 0.2]"
9104,955.6780939947457,549889.2395577361,"[0.2, 0.2, 0.2, 0.2, 0.2]"
9105,807.8318736380226,641344.2954350685,"[0.2, 0.2, 0.2, 0.2, 0.2]"
9106,270.8649086532722,573043.0162336506,"[0.2, 0.2, 0.2, 0.2, 0.2]"
9107,794.7814363080347,814458.3912944145,"[0.2, 0.2, 0.2, 0.2, 0.2]"
9108,313.1313045403326,293599.48614425655,"[0.2, 0.2, 0.2, 0.2, 0.2]"
9109,444.9527992293875,935885.662620181,"[0.2, 0.2, 0.2, 0.2, 0.2]"
9110,390.0994370170462,303683.0582928868,"[0.2, 0.2, 0.2, 0.2, 0.2]"
9111,695.5694223030638,767310.3238110607,"[0.2, 0.2, 0.2, 0.2, 0.2]"
9112,635.4196058412111,107296.79331687224,"[0.2, 0.2, 0.2, 0.2, 0.2]"
9113,63.49163408081635,835001.3031347553,"[0.2, 0.2, 0.2, 0.2, 0.2]"
9114,763.3267870448044,944139.831167991,"[0.2, 0.2, 0.2, 0.2, 0.2]"
9115,515.2629195943725,904571.0210681605,"[0.2, 0.2, 0.2, 0.2, 0.2]"
9116,904.1259463677542,232759.08878532072,"[0.2, 0.2, 0.2, 0.2, 0.2]"
9117,271.2355516220416,627514.0934204869,"[0.2, 0.2, 0.2, 0.2, 0.2]"
9118,45.72663130712524,690007.1667216578,"[0.2, 0.2, 0.2, 0.2, 0.2]"
9119,916.4688812077487,348892.2539331734,"[0.2, 0.2, 0.2, 0.2, 0.2]"
9120,693.2156011530205,998084.0541585165,"[0.2, 0.2, 0.2, 0.2, 0.2]"
9121,436.34295001437397,670899.3816864486,"[0.2, 0.2, 0.2, 0.2, 0.2]"
9122,412.0799337664437,763799.736291221,"[0.2, 0.2, 0.2, 0.2, 0.2]"
9123,930.6452496699317,410262.95192791923,"[0.2, 0.2, 0.2, 0.2, 0.2]"
9124,508.0718045344759,989720.6538064129,"[0.2, 0.2, 0.2, 0.2, 0.2]"
9125,584.1480191678654,433712.4984314634,"[0.2, 0.2, 0.2, 0.2, 0.2]"
9126,894.7945764890258,953172.2008860472,"[0.2, 0.2, 0.2, 0.2, 0.2]"
9127,263.3914249704158,914656.3706665603,"[0.2, 0.2, 0.2, 0.2, 0.2]"
9128,65.88260899175353,707525.2626882672,"[0.2, 0.2, 0.2, 0.2, 0.2]"
9129,187.59704800647847,791803.3768069267,"[0.2, 0.2, 0.2, 0.2, 0.2]"
9130,609.297208019792,795253.7186615341,"[0.2, 0.2, 0.2, 0.2, 0.2]"
9131,330.7753580776926,482933.7395862806,"[0.2, 0.2, 0.2, 0.2, 0.2]"
9132,629.7392252956994,719746.925362781,"[0.2, 0.2, 0.2, 0.2, 0.2]"
9133,153.46963136192937,594843.1633942346,"[0.2, 0.2, 0.2, 0.2, 0.2]"
9134,587.9733807936464,386096.67088584224,"[0.2, 0.2, 0.2, 0.2, 0.2]"
9135,450.40923719234513,713951.1418657261,"[0.2, 0.2, 0.2, 0.2, 0.2]"
9136,786.7362410846356,830838.0811875619,"[0.2, 0.2, 0.2, 0.2, 0.2]"
9137,370.18058142498825,805316.8191667617,"[0.2, 0.2, 0.2, 0.2, 0.2]"
9138,587.2493314364451,105446.69377222787,"[0.2, 0.2, 0.2, 0.2, 0.2]"
9139,839.87324187441,975824.2138111732,"[0.2, 0.2, 0.2, 0.2, 0.2]"
9140,768.7294244271288,691265.3434076122,"[0.2, 0.2, 0.2, 0.2, 0.2]"
9141,848.5865333491747,821621.3466511093,"[0.2, 0.2, 0.2, 0.2, 0.2]"
9142,727.8742463443016,537616.8281356278,"[0.2, 0.2, 0.2, 0.2, 0.2]"
9143,861.8447873930238,459181.51693155104,"[0.2, 0.2, 0.2, 0.2, 0.2]"
9144,149.9077598196762,249978.16229192313,"[0.2, 0.2, 0.2, 0.2, 0.2]"
9145,597.6872531203213,764265.2426160957,"[0.2, 0.2, 0.2, 0.2, 0.2]"
9146,101.13918723587761,146574.88312749728,"[0.2, 0.2, 0.2, 0.2, 0.2]"
9147,192.40107947613618,421336.5989521491,"[0.2, 0.2, 0.2, 0.2, 0.2]"
9148,844.8106238941376,123878.44149295225,"[0.2, 0.2, 0.2, 0.2, 0.2]"
9149,35.163199305960724,212771.262379616,"[0.2, 0.2, 0.2, 0.2, 0.2]"
9150,330.16296546971756,211501.44856702947,"[0.2, 0.2, 0.2, 0.2, 0.2]"
9151,304.9125459919038,750142.9174000332,"[0.2, 0.2, 0.2, 0.2, 0.2]"
9152,766.2626303736911,527466.676691832,"[0.2, 0.2, 0.2, 0.2, 0.2]"
9153,959.5384637692838,188046.83580026196,"[0.2, 0.2, 0.2, 0.2, 0.2]"
9154,760.0876871594328,742868.1637599642,"[0.2, 0.2, 0.2, 0.2, 0.2]"
9155,955.5552711458004,100301.34679940836,"[0.2, 0.2, 0.2, 0.2, 0.2]"
9156,352.4328322993938,980869.2479576551,"[0.2, 0.2, 0.2, 0.2, 0.2]"
9157,464.6768130154415,203877.96195619766,"[0.2, 0.2, 0.2, 0.2, 0.2]"
9158,371.5931251604018,292855.6689200467,"[0.2, 0.2, 0.2, 0.2, 0.2]"
9159,541.0570078169899,479535.2685663923,"[0.2, 0.2, 0.2, 0.2, 0.2]"
9160,924.0988727929246,153755.2764946767,"[0.2, 0.2, 0.2, 0.2, 0.2]"
9161,149.20588435142093,184442.6034848995,"[0.2, 0.2, 0.2, 0.2, 0.2]"
9162,818.0172179759854,883838.7644807391,"[0.2, 0.2, 0.2, 0.2, 0.2]"
9163,974.5713390712748,128511.09474054893,"[0.2, 0.2, 0.2, 0.2, 0.2]"
9164,122.25452075565195,435446.9070838181,"[0.2, 0.2, 0.2, 0.2, 0.2]"
9165,399.13100556917703,710325.1042983403,"[0.2, 0.2, 0.2, 0.2, 0.2]"
9166,919.7292044967547,201198.23013767082,"[0.2, 0.2, 0.2, 0.2, 0.2]"
9167,778.2193224724468,930817.9308108031,"[0.2, 0.2, 0.2, 0.2, 0.2]"
9168,288.93464474425065,200193.4476291088,"[0.2, 0.2, 0.2, 0.2, 0.2]"
9169,872.938427792988,241296.28482178994,"[0.2, 0.2, 0.2, 0.2, 0.2]"
9170,44.88812137714532,164576.30986454242,"[0.2, 0.2, 0.2, 0.2, 0.2]"
9171,671.0610944835602,691211.9128131705,"[0.2, 0.2, 0.2, 0.2, 0.2]"
9172,795.8885308962113,147868.5580079203,"[0.2, 0.2, 0.2, 0.2, 0.2]"
9173,223.53245575230417,849076.433259692,"[0.2, 0.2, 0.2, 0.2, 0.2]"
9174,138.1211969226809,472828.91745371144,"[0.2, 0.2, 0.2, 0.2, 0.2]"
9175,807.6929459121324,595224.4829160201,"[0.2, 0.2, 0.2, 0.2, 0.2]"
9176,25.5259138345635,322418.5513288535,"[0.2, 0.2, 0.2, 0.2, 0.2]"
9177,577.6222468937058,635457.7793701526,"[0.2, 0.2, 0.2, 0.2, 0.2]"
9178,850.9302770574324,712750.8205882676,"[0.2, 0.2, 0.2, 0.2, 0.2]"
9179,760.3510390615804,846028.4715967433,"[0.2, 0.2, 0.2, 0.2, 0.2]"
9180,58.97167302671615,889792.0999058193,"[0.2, 0.2, 0.2, 0.2, 0.2]"
9181,158.3631223734626,709423.6428109854,"[0.2, 0.2, 0.2, 0.2, 0.2]"
9182,97.64174764947543,702721.3975306407,"[0.2, 0.2, 0.2, 0.2, 0.2]"
9183,771.1975352009482,331973.52681227215,"[0.2, 0.2, 0.2, 0.2, 0.2]"
9184,412.93364200133146,541007.909268402,"[0.2, 0.2, 0.2, 0.2, 0.2]"
9185,728.1236420593667,505992.4483107948,"[0.2, 0.2, 0.2, 0.2, 0.2]"
9186,153.3903302014563,968745.9693405165,"[0.2, 0.2, 0.2, 0.2, 0.2]"
9187,987.7299045337759,158476.2515791449,"[0.2, 0.2, 0.2, 0.2, 0.2]"
9188,664.3354649086951,512902.22254282824,"[0.2, 0.2, 0.2, 0.2, 0.2]"
9189,50.48371514503117,491276.881805786,"[0.2, 0.2, 0.2, 0.2, 0.2]"
9190,697.4924124323263,206114.34062611283,"[0.2, 0.2, 0.2, 0.2, 0.2]"
9191,819.2322996141319,219105.00435002684,"[0.2, 0.2, 0.2, 0.2, 0.2]"
9192,106.1670185707282,702616.8161222171,"[0.2, 0.2, 0.2, 0.2, 0.2]"
9193,825.6172981280645,451876.93509231653,"[0.2, 0.2, 0.2, 0.2, 0.2]"
9194,351.92690849336606,866806.8181593923,"[0.2, 0.2, 0.2, 0.2, 0.2]"
9195,482.11081024206334,247517.36873607466,"[0.2, 0.2, 0.2, 0.2, 0.2]"
9196,836.866754848786,965025.8214851868,"[0.2, 0.2, 0.2, 0.2, 0.2]"
9197,304.8347061848253,179394.56938965258,"[0.2, 0.2, 0.2, 0.2, 0.2]"
9198,299.41591558888695,621632.5451860761,"[0.2, 0.2, 0.2, 0.2, 0.2]"
9199,982.1215494401463,575803.0843081521,"[0.2, 0.2, 0.2, 0.2, 0.2]"
9200,155.62418153367724,896574.599743812,"[0.2, 0.2, 0.2, 0.2, 0.2]"
9201,988.4413241479868,541214.177422141,"[0.2, 0.2, 0.2, 0.2, 0.2]"
9202,569.0718997019662,643102.1620512686,"[0.2, 0.2, 0.2, 0.2, 0.2]"
9203,711.7570260929538,391013.31049723306,"[0.2, 0.2, 0.2, 0.2, 0.2]"
9204,544.7475565567894,496305.5030690261,"[0.2, 0.2, 0.2, 0.2, 0.2]"
9205,904.1601802884834,414321.98281519033,"[0.2, 0.2, 0.2, 0.2, 0.2]"
9206,68.62498615113861,883127.6415088626,"[0.2, 0.2, 0.2, 0.2, 0.2]"
9207,828.9973064925806,892643.9375771229,"[0.2, 0.2, 0.2, 0.2, 0.2]"
9208,299.83404728067285,597091.7865304197,"[0.2, 0.2, 0.2, 0.2, 0.2]"
9209,861.9737786967854,475536.5756330928,"[0.2, 0.2, 0.2, 0.2, 0.2]"
9210,795.4240312600722,542246.2370597927,"[0.2, 0.2, 0.2, 0.2, 0.2]"
9211,100.96100075478249,685254.3933931154,"[0.2, 0.2, 0.2, 0.2, 0.2]"
9212,786.2790592224501,967283.8244970478,"[0.2, 0.2, 0.2, 0.2, 0.2]"
9213,706.4561943254113,142338.94646630762,"[0.2, 0.2, 0.2, 0.2, 0.2]"
9214,564.1546730144752,330973.78231455607,"[0.2, 0.2, 0.2, 0.2, 0.2]"
9215,26.385975636033628,755641.8811676658,"[0.2, 0.2, 0.2, 0.2, 0.2]"
9216,194.83978634327346,444630.80010088667,"[0.2, 0.2, 0.2, 0.2, 0.2]"
9217,331.33936571360067,238167.4400725531,"[0.2, 0.2, 0.2, 0.2, 0.2]"
9218,600.8285553872709,286204.7452344049,"[0.2, 0.2, 0.2, 0.2, 0.2]"
9219,35.55611156365889,281183.0987482071,"[0.2, 0.2, 0.2, 0.2, 0.2]"
9220,507.1651702474333,666202.3056181283,"[0.2, 0.2, 0.2, 0.2, 0.2]"
9221,712.3154873967532,995937.9057713153,"[0.2, 0.2, 0.2, 0.2, 0.2]"
9222,469.635040661527,858603.7261500156,"[0.2, 0.2, 0.2, 0.2, 0.2]"
9223,474.1461048805786,739838.9565067071,"[0.2, 0.2, 0.2, 0.2, 0.2]"
9224,484.77749147699524,382238.93577211525,"[0.2, 0.2, 0.2, 0.2, 0.2]"
9225,365.268999308658,931160.878271228,"[0.2, 0.2, 0.2, 0.2, 0.2]"
9226,249.15120276594268,563656.101431475,"[0.2, 0.2, 0.2, 0.2, 0.2]"
9227,225.28758602701748,517854.93181515276,"[0.2, 0.2, 0.2, 0.2, 0.2]"
9228,347.2696260876885,619533.7060806854,"[0.2, 0.2, 0.2, 0.2, 0.2]"
9229,259.4805447770252,788653.3212029445,"[0.2, 0.2, 0.2, 0.2, 0.2]"
9230,595.4788378708676,281854.94321099593,"[0.2, 0.2, 0.2, 0.2, 0.2]"
9231,937.7025470379042,301271.58950984944,"[0.2, 0.2, 0.2, 0.2, 0.2]"
9232,574.147964031866,221124.09303425494,"[0.2, 0.2, 0.2, 0.2, 0.2]"
9233,317.72725944684083,729312.0739523144,"[0.2, 0.2, 0.2, 0.2, 0.2]"
9234,825.2031469637649,990173.3202665952,"[0.2, 0.2, 0.2, 0.2, 0.2]"
9235,20.014879732183665,415806.8443813777,"[0.2, 0.2, 0.2, 0.2, 0.2]"
9236,736.0874424482848,149033.5054048901,"[0.2, 0.2, 0.2, 0.2, 0.2]"
9237,445.3479207892214,816019.7113945561,"[0.2, 0.2, 0.2, 0.2, 0.2]"
9238,811.029302389895,764733.624472111,"[0.2, 0.2, 0.2, 0.2, 0.2]"
9239,990.1371213792474,778928.537255312,"[0.2, 0.2, 0.2, 0.2, 0.2]"
9240,90.79865416270007,477083.47448044433,"[0.2, 0.2, 0.2, 0.2, 0.2]"
9241,597.7787345688783,853388.7893978081,"[0.2, 0.2, 0.2, 0.2, 0.2]"
9242,558.4157436624276,300058.9576079645,"[0.2, 0.2, 0.2, 0.2, 0.2]"
9243,372.4863521202646,859571.8943217536,"[0.2, 0.2, 0.2, 0.2, 0.2]"
9244,573.825925365059,760746.1601476216,"[0.2, 0.2, 0.2, 0.2, 0.2]"
9245,91.94899272828815,392416.84433648566,"[0.2, 0.2, 0.2, 0.2, 0.2]"
9246,161.192801945454,509049.9332513174,"[0.2, 0.2, 0.2, 0.2, 0.2]"
9247,832.7138919609976,963797.3968646909,"[0.2, 0.2, 0.2, 0.2, 0.2]"
9248,683.5370909808315,209726.20501265925,"[0.2, 0.2, 0.2, 0.2, 0.2]"
9249,749.2153135635364,269749.5740310225,"[0.2, 0.2, 0.2, 0.2, 0.2]"
9250,68.46585334632681,792252.657110044,"[0.2, 0.2, 0.2, 0.2, 0.2]"
9251,166.4838267188235,197096.31002513855,"[0.2, 0.2, 0.2, 0.2, 0.2]"
9252,281.9456469221646,192421.59338457044,"[0.2, 0.2, 0.2, 0.2, 0.2]"
9253,300.198031435622,872794.0185637986,"[0.2, 0.2, 0.2, 0.2, 0.2]"
9254,192.895986354772,180578.05984617822,"[0.2, 0.2, 0.2, 0.2, 0.2]"
9255,827.3861928738978,479326.1732766127,"[0.2, 0.2, 0.2, 0.2, 0.2]"
9256,645.7610443366775,935752.9636254816,"[0.2, 0.2, 0.2, 0.2, 0.2]"
9257,530.586413710233,325006.4559496046,"[0.2, 0.2, 0.2, 0.2, 0.2]"
9258,651.0996158525065,632292.1474702661,"[0.2, 0.2, 0.2, 0.2, 0.2]"
9259,385.568232902422,815487.1150050126,"[0.2, 0.2, 0.2, 0.2, 0.2]"
9260,196.86604938692201,427692.6456374688,"[0.2, 0.2, 0.2, 0.2, 0.2]"
9261,777.0889168231965,520251.03799695964,"[0.2, 0.2, 0.2, 0.2, 0.2]"
9262,616.7883330157314,281740.61985318596,"[0.2, 0.2, 0.2, 0.2, 0.2]"
9263,360.3867039062215,359048.37585313973,"[0.2, 0.2, 0.2, 0.2, 0.2]"
9264,293.23756358856866,968467.0124384374,"[0.2, 0.2, 0.2, 0.2, 0.2]"
9265,739.9870359967586,550221.5756609002,"[0.2, 0.2, 0.2, 0.2, 0.2]"
9266,672.3551538243357,941057.8155292247,"[0.2, 0.2, 0.2, 0.2, 0.2]"
9267,230.9159154027864,431439.8936402964,"[0.2, 0.2, 0.2, 0.2, 0.2]"
9268,57.7719677500164,414918.62418095866,"[0.2, 0.2, 0.2, 0.2, 0.2]"
9269,522.2003115904637,182530.3914222538,"[0.2, 0.2, 0.2, 0.2, 0.2]"
9270,298.9314967572324,753475.4145197663,"[0.2, 0.2, 0.2, 0.2, 0.2]"
9271,992.2491713214172,963212.508659099,"[0.2, 0.2, 0.2, 0.2, 0.2]"
9272,210.50330816445637,787299.9056195907,"[0.2, 0.2, 0.2, 0.2, 0.2]"
9273,889.2933283946412,283150.2142251764,"[0.2, 0.2, 0.2, 0.2, 0.2]"
9274,957.3847845600885,544920.4133811716,"[0.2, 0.2, 0.2, 0.2, 0.2]"
9275,197.47482184167507,762759.831178905,"[0.2, 0.2, 0.2, 0.2, 0.2]"
9276,572.3294164699594,351995.740921456,"[0.2, 0.2, 0.2, 0.2, 0.2]"
9277,957.4122187225882,738054.0384859174,"[0.2, 0.2, 0.2, 0.2, 0.2]"
9278,454.87303969080807,696233.3316818522,"[0.2, 0.2, 0.2, 0.2, 0.2]"
9279,206.92554125968397,437268.5063352479,"[0.2, 0.2, 0.2, 0.2, 0.2]"
9280,594.1269233030945,537274.3302991595,"[0.2, 0.2, 0.2, 0.2, 0.2]"
9281,119.19711277326118,427672.0929218227,"[0.2, 0.2, 0.2, 0.2, 0.2]"
9282,602.6622822819957,749700.1214634009,"[0.2, 0.2, 0.2, 0.2, 0.2]"
9283,17.014113154936627,225602.4626020433,"[0.2, 0.2, 0.2, 0.2, 0.2]"
9284,573.5245834353428,763940.8961461834,"[0.2, 0.2, 0.2, 0.2, 0.2]"
9285,51.40638374232959,153613.04068741974,"[0.2, 0.2, 0.2, 0.2, 0.2]"
9286,650.3287914951161,597609.421320091,"[0.2, 0.2, 0.2, 0.2, 0.2]"
9287,786.3797126235141,845126.4964587707,"[0.2, 0.2, 0.2, 0.2, 0.2]"
9288,827.9072938383553,967540.8881543452,"[0.2, 0.2, 0.2, 0.2, 0.2]"
9289,180.32716255461133,178840.68436582692,"[0.2, 0.2, 0.2, 0.2, 0.2]"
9290,649.9995638213426,131272.4058809071,"[0.2, 0.2, 0.2, 0.2, 0.2]"
9291,940.961804809733,570477.0123056304,"[0.2, 0.2, 0.2, 0.2, 0.2]"
9292,336.2314594007327,754853.0830370266,"[0.2, 0.2, 0.2, 0.2, 0.2]"
9293,185.58853389481612,846598.9674671951,"[0.2, 0.2, 0.2, 0.2, 0.2]"
9294,579.2142021652485,487537.48540365894,"[0.2, 0.2, 0.2, 0.2, 0.2]"
9295,601.7828553920651,819120.3190817529,"[0.2, 0.2, 0.2, 0.2, 0.2]"
9296,564.3489580360828,783070.4690919303,"[0.2, 0.2, 0.2, 0.2, 0.2]"
9297,635.6143413833562,570856.6543267316,"[0.2, 0.2, 0.2, 0.2, 0.2]"
9298,447.5238095403648,563014.4202314778,"[0.2, 0.2, 0.2, 0.2, 0.2]"
9299,527.112029437391,943784.124358631,"[0.2, 0.2, 0.2, 0.2, 0.2]"
9300,376.12693538297594,751478.9189679205,"[0.2, 0.2, 0.2, 0.2, 0.2]"
9301,607.4484640769235,760159.4509315107,"[0.2, 0.2, 0.2, 0.2, 0.2]"
9302,318.43121606880726,566516.1949945382,"[0.2, 0.2, 0.2, 0.2, 0.2]"
9303,624.3738135916276,896641.5987809772,"[0.2, 0.2, 0.2, 0.2, 0.2]"
9304,882.3439984544052,726037.3221889682,"[0.2, 0.2, 0.2, 0.2, 0.2]"
9305,682.299481372879,153415.042588426,"[0.2, 0.2, 0.2, 0.2, 0.2]"
9306,175.60208733069865,328070.8431849091,"[0.2, 0.2, 0.2, 0.2, 0.2]"
9307,745.1854715781326,743459.6328581315,"[0.2, 0.2, 0.2, 0.2, 0.2]"
9308,242.48790297725316,737327.0586580017,"[0.2, 0.2, 0.2, 0.2, 0.2]"
9309,398.5784508970828,603485.919461384,"[0.2, 0.2, 0.2, 0.2, 0.2]"
9310,362.91865428530014,893437.9054241648,"[0.2, 0.2, 0.2, 0.2, 0.2]"
9311,238.11431280240456,318334.5570568526,"[0.2, 0.2, 0.2, 0.2, 0.2]"
9312,905.3757409634972,262243.3403553031,"[0.2, 0.2, 0.2, 0.2, 0.2]"
9313,637.9478266115316,294047.7053576876,"[0.2, 0.2, 0.2, 0.2, 0.2]"
9314,486.8064844517729,474368.72291703196,"[0.2, 0.2, 0.2, 0.2, 0.2]"
9315,578.5190668333896,795588.9346283774,"[0.2, 0.2, 0.2, 0.2, 0.2]"
9316,262.02433385021845,459580.10747423006,"[0.2, 0.2, 0.2, 0.2, 0.2]"
9317,396.0803049175953,763689.2201816556,"[0.2, 0.2, 0.2, 0.2, 0.2]"
9318,713.4519267617865,305404.10689322173,"[0.2, 0.2, 0.2, 0.2, 0.2]"
9319,369.1508479119465,849789.2817438846,"[0.2, 0.2, 0.2, 0.2, 0.2]"
9320,606.601790775259,799263.6415962236,"[0.2, 0.2, 0.2, 0.2, 0.2]"
9321,82.91391438387583,623015.1751062241,"[0.2, 0.2, 0.2, 0.2, 0.2]"
9322,782.1305083156201,162395.66272376495,"[0.2, 0.2, 0.2, 0.2, 0.2]"
9323,194.65011778774542,192615.7571686743,"[0.2, 0.2, 0.2, 0.2, 0.2]"
9324,206.41261191826231,690897.5624197164,"[0.2, 0.2, 0.2, 0.2, 0.2]"
9325,683.9036636818363,257175.33839068087,"[0.2, 0.2, 0.2, 0.2, 0.2]"
9326,647.814953911213,157472.17294538653,"[0.2, 0.2, 0.2, 0.2, 0.2]"
9327,529.5473915001738,228958.77453827803,"[0.2, 0.2, 0.2, 0.2, 0.2]"
9328,526.2001909363231,813635.4960111358,"[0.2, 0.2, 0.2, 0.2, 0.2]"
9329,535.1954133098822,755246.7978577929,"[0.2, 0.2, 0.2, 0.2, 0.2]"
9330,732.1094447793299,633643.0173827591,"[0.2, 0.2, 0.2, 0.2, 0.2]"
9331,917.4805069173821,169313.0996722513,"[0.2, 0.2, 0.2, 0.2, 0.2]"
9332,861.1457572503598,326113.389200564,"[0.2, 0.2, 0.2, 0.2, 0.2]"
9333,621.0867009851291,624124.4802157341,"[0.2, 0.2, 0.2, 0.2, 0.2]"
9334,827.7376238066411,184549.14142124733,"[0.2, 0.2, 0.2, 0.2, 0.2]"
9335,425.83347046563784,172757.77808875815,"[0.2, 0.2, 0.2, 0.2, 0.2]"
9336,55.39942211598169,832842.495854788,"[0.2, 0.2, 0.2, 0.2, 0.2]"
9337,880.1394094485554,734351.3023115648,"[0.2, 0.2, 0.2, 0.2, 0.2]"
9338,789.6151364557926,687320.1310851994,"[0.2, 0.2, 0.2, 0.2, 0.2]"
9339,130.99910360709077,516869.07426557655,"[0.2, 0.2, 0.2, 0.2, 0.2]"
9340,438.7521560166367,175236.56393865636,"[0.2, 0.2, 0.2, 0.2, 0.2]"
9341,454.51333363715247,190663.6535442984,"[0.2, 0.2, 0.2, 0.2, 0.2]"
9342,983.5463056391676,455800.90863849665,"[0.2, 0.2, 0.2, 0.2, 0.2]"
9343,731.7938436874306,460685.63579439744,"[0.2, 0.2, 0.2, 0.2, 0.2]"
9344,605.9186511777583,363670.73028217885,"[0.2, 0.2, 0.2, 0.2, 0.2]"
9345,174.20049412445294,510006.5287632066,"[0.2, 0.2, 0.2, 0.2, 0.2]"
9346,222.67192226429373,976918.7975097571,"[0.2, 0.2, 0.2, 0.2, 0.2]"
9347,399.07588486593016,734104.4978300247,"[0.2, 0.2, 0.2, 0.2, 0.2]"
9348,924.7032504447835,951965.4432314007,"[0.2, 0.2, 0.2, 0.2, 0.2]"
9349,300.15012106065285,708815.8515918775,"[0.2, 0.2, 0.2, 0.2, 0.2]"
9350,612.7348475761081,834090.7517940649,"[0.2, 0.2, 0.2, 0.2, 0.2]"
9351,609.5837063181274,249223.0429033968,"[0.2, 0.2, 0.2, 0.2, 0.2]"
9352,852.8664974822825,378932.86484330817,"[0.2, 0.2, 0.2, 0.2, 0.2]"
9353,793.8928252156035,244950.41952639827,"[0.2, 0.2, 0.2, 0.2, 0.2]"
9354,716.3238458306723,837781.5249401184,"[0.2, 0.2, 0.2, 0.2, 0.2]"
9355,444.9989905158459,903907.3645516695,"[0.2, 0.2, 0.2, 0.2, 0.2]"
9356,573.645290228974,974692.1868502068,"[0.2, 0.2, 0.2, 0.2, 0.2]"
9357,718.6178914635472,245014.90718206734,"[0.2, 0.2, 0.2, 0.2, 0.2]"
9358,212.75463446233127,935237.625015989,"[0.2, 0.2, 0.2, 0.2, 0.2]"
9359,566.8561530844449,802386.119351905,"[0.2, 0.2, 0.2, 0.2, 0.2]"
9360,943.0813480285171,914179.0113546721,"[0.2, 0.2, 0.2, 0.2, 0.2]"
9361,199.87356497247345,156525.48813050133,"[0.2, 0.2, 0.2, 0.2, 0.2]"
9362,937.7385402189348,966993.4253188722,"[0.2, 0.2, 0.2, 0.2, 0.2]"
9363,216.94378470231877,983190.155184335,"[0.2, 0.2, 0.2, 0.2, 0.2]"
9364,926.991833626533,221366.55081711095,"[0.2, 0.2, 0.2, 0.2, 0.2]"
9365,203.72569493084436,929725.8490539376,"[0.2, 0.2, 0.2, 0.2, 0.2]"
9366,847.6719007381062,416498.32155232667,"[0.2, 0.2, 0.2, 0.2, 0.2]"
9367,181.61877837084887,315039.9914335093,"[0.2, 0.2, 0.2, 0.2, 0.2]"
9368,174.15117444708184,927613.207707819,"[0.2, 0.2, 0.2, 0.2, 0.2]"
9369,328.9438955729027,747661.7812353822,"[0.2, 0.2, 0.2, 0.2, 0.2]"
9370,440.12242397409386,579391.6205146776,"[0.2, 0.2, 0.2, 0.2, 0.2]"
9371,564.5640487334441,514069.3031243326,"[0.2, 0.2, 0.2, 0.2, 0.2]"
9372,849.4581727829564,228807.92550022897,"[0.2, 0.2, 0.2, 0.2, 0.2]"
9373,659.3562459093146,922430.0260749921,"[0.2, 0.2, 0.2, 0.2, 0.2]"
9374,368.56371577599026,173656.12098196306,"[0.2, 0.2, 0.2, 0.2, 0.2]"
9375,182.5466554279577,131657.20719023244,"[0.2, 0.2, 0.2, 0.2, 0.2]"
9376,125.72952180784134,408192.7525525536,"[0.2, 0.2, 0.2, 0.2, 0.2]"
9377,691.3107963101148,360436.9250096135,"[0.2, 0.2, 0.2, 0.2, 0.2]"
9378,211.90820714322166,298890.2130491812,"[0.2, 0.2, 0.2, 0.2, 0.2]"
9379,16.21861484380109,726869.823153701,"[0.2, 0.2, 0.2, 0.2, 0.2]"
9380,793.8336696940661,655228.3978342572,"[0.2, 0.2, 0.2, 0.2, 0.2]"
9381,231.110871615511,623004.9863895925,"[0.2, 0.2, 0.2, 0.2, 0.2]"
9382,283.4536208348113,551302.5386686265,"[0.2, 0.2, 0.2, 0.2, 0.2]"
9383,976.1086468555537,389079.1202824697,"[0.2, 0.2, 0.2, 0.2, 0.2]"
9384,833.4105970451792,286533.71472587157,"[0.2, 0.2, 0.2, 0.2, 0.2]"
9385,730.7952781743008,186815.92049607556,"[0.2, 0.2, 0.2, 0.2, 0.2]"
9386,174.55317793481527,532141.1621614783,"[0.2, 0.2, 0.2, 0.2, 0.2]"
9387,877.7459862864476,789604.9587952814,"[0.2, 0.2, 0.2, 0.2, 0.2]"
9388,477.55621794394597,540611.402611659,"[0.2, 0.2, 0.2, 0.2, 0.2]"
9389,910.0498135431112,214434.0916628443,"[0.2, 0.2, 0.2, 0.2, 0.2]"
9390,667.2472568966258,163290.62787047168,"[0.2, 0.2, 0.2, 0.2, 0.2]"
9391,390.04210673471715,670917.8119409716,"[0.2, 0.2, 0.2, 0.2, 0.2]"
9392,643.2112407704843,149247.6987541749,"[0.2, 0.2, 0.2, 0.2, 0.2]"
9393,370.84024734048006,742522.2179012373,"[0.2, 0.2, 0.2, 0.2, 0.2]"
9394,351.22905276277567,261649.76803550514,"[0.2, 0.2, 0.2, 0.2, 0.2]"
9395,626.3377944581423,158085.14019469917,"[0.2, 0.2, 0.2, 0.2, 0.2]"
9396,316.6394789796967,166469.7917688194,"[0.2, 0.2, 0.2, 0.2, 0.2]"
9397,325.89113095552034,930783.0395732658,"[0.2, 0.2, 0.2, 0.2, 0.2]"
9398,25.51387471619416,920214.8561441916,"[0.2, 0.2, 0.2, 0.2, 0.2]"
9399,264.46896337876717,493588.54010461917,"[0.2, 0.2, 0.2, 0.2, 0.2]"
9400,86.56118708750944,515590.3429839353,"[0.2, 0.2, 0.2, 0.2, 0.2]"
9401,903.8247684247091,565141.0114177691,"[0.2, 0.2, 0.2, 0.2, 0.2]"
9402,572.2025103151425,234369.39223285698,"[0.2, 0.2, 0.2, 0.2, 0.2]"
9403,635.2948935477018,470496.98156996234,"[0.2, 0.2, 0.2, 0.2, 0.2]"
9404,862.9248292788164,608806.2024142487,"[0.2, 0.2, 0.2, 0.2, 0.2]"
9405,631.9431441066363,263106.6570276291,"[0.2, 0.2, 0.2, 0.2, 0.2]"
9406,509.1426710180587,476076.70201686386,"[0.2, 0.2, 0.2, 0.2, 0.2]"
9407,262.7587641791199,409090.5009715859,"[0.2, 0.2, 0.2, 0.2, 0.2]"
9408,242.97978057583586,859332.0492620788,"[0.2, 0.2, 0.2, 0.2, 0.2]"
9409,390.0950539991672,250542.66009052895,"[0.2, 0.2, 0.2, 0.2, 0.2]"
9410,793.197166127734,126172.44926737121,"[0.2, 0.2, 0.2, 0.2, 0.2]"
9411,199.90552927388606,506732.08927329816,"[0.2, 0.2, 0.2, 0.2, 0.2]"
9412,411.1131241581653,781817.9809190965,"[0.2, 0.2, 0.2, 0.2, 0.2]"
9413,715.774728585514,254687.5016328878,"[0.2, 0.2, 0.2, 0.2, 0.2]"
9414,847.9887128565973,886370.0265693868,"[0.2, 0.2, 0.2, 0.2, 0.2]"
9415,513.9838547171787,283939.7520770531,"[0.2, 0.2, 0.2, 0.2, 0.2]"
9416,922.4474651420645,849974.882285027,"[0.2, 0.2, 0.2, 0.2, 0.2]"
9417,711.4234461387578,659719.9540143666,"[0.2, 0.2, 0.2, 0.2, 0.2]"
9418,779.3739588002716,955021.4287879493,"[0.2, 0.2, 0.2, 0.2, 0.2]"
9419,487.289407591044,250688.6200880187,"[0.2, 0.2, 0.2, 0.2, 0.2]"
9420,232.8806406062099,652372.7163246742,"[0.2, 0.2, 0.2, 0.2, 0.2]"
9421,212.26094273221344,774548.504607291,"[0.2, 0.2, 0.2, 0.2, 0.2]"
9422,849.1009867235553,146468.79298044267,"[0.2, 0.2, 0.2, 0.2, 0.2]"
9423,507.7504760226167,470215.1824760239,"[0.2, 0.2, 0.2, 0.2, 0.2]"
9424,203.09330284778636,658893.588775142,"[0.2, 0.2, 0.2, 0.2, 0.2]"
9425,363.7444269395489,534709.6836318276,"[0.2, 0.2, 0.2, 0.2, 0.2]"
9426,271.3219175067745,714034.9002326446,"[0.2, 0.2, 0.2, 0.2, 0.2]"
9427,590.2324025638525,326903.7289674368,"[0.2, 0.2, 0.2, 0.2, 0.2]"
9428,167.62603208824345,352224.79434057977,"[0.2, 0.2, 0.2, 0.2, 0.2]"
9429,484.42205429856887,479182.43986795226,"[0.2, 0.2, 0.2, 0.2, 0.2]"
9430,774.6015169542869,951920.2489755077,"[0.2, 0.2, 0.2, 0.2, 0.2]"
9431,788.3026040283943,304961.3586642562,"[0.2, 0.2, 0.2, 0.2, 0.2]"
9432,407.3126976672248,718393.5129919031,"[0.2, 0.2, 0.2, 0.2, 0.2]"
9433,963.112211806668,792049.2794189999,"[0.2, 0.2, 0.2, 0.2, 0.2]"
9434,459.04252535354993,687465.3003529743,"[0.2, 0.2, 0.2, 0.2, 0.2]"
9435,352.76725739255323,292556.76063622395,"[0.2, 0.2, 0.2, 0.2, 0.2]"
9436,655.0349516337361,469585.73952118674,"[0.2, 0.2, 0.2, 0.2, 0.2]"
9437,544.5700296796597,974518.028896295,"[0.2, 0.2, 0.2, 0.2, 0.2]"
9438,227.6914820906907,154978.2156986394,"[0.2, 0.2, 0.2, 0.2, 0.2]"
9439,386.57052972756577,635509.4981608167,"[0.2, 0.2, 0.2, 0.2, 0.2]"
9440,955.9983421777066,708561.7139170514,"[0.2, 0.2, 0.2, 0.2, 0.2]"
9441,909.6549964858177,408103.563753439,"[0.2, 0.2, 0.2, 0.2, 0.2]"
9442,937.6603240103061,615029.4373343808,"[0.2, 0.2, 0.2, 0.2, 0.2]"
9443,951.3485096423899,433342.70286460477,"[0.2, 0.2, 0.2, 0.2, 0.2]"
9444,154.59926094366497,134824.34319300353,"[0.2, 0.2, 0.2, 0.2, 0.2]"
9445,202.0549156248007,991062.1538940495,"[0.2, 0.2, 0.2, 0.2, 0.2]"
9446,32.29181333127546,787517.9120019949,"[0.2, 0.2, 0.2, 0.2, 0.2]"
9447,576.9671326486662,474805.24479127437,"[0.2, 0.2, 0.2, 0.2, 0.2]"
9448,774.9973354386096,551869.8907047557,"[0.2, 0.2, 0.2, 0.2, 0.2]"
9449,942.3263962973217,452413.1592242964,"[0.2, 0.2, 0.2, 0.2, 0.2]"
9450,927.8492085891876,608528.399249037,"[0.2, 0.2, 0.2, 0.2, 0.2]"
9451,743.702892577211,790534.2182568215,"[0.2, 0.2, 0.2, 0.2, 0.2]"
9452,159.64526792731937,752413.0957675199,"[0.2, 0.2, 0.2, 0.2, 0.2]"
9453,648.6399406584364,560922.9206829113,"[0.2, 0.2, 0.2, 0.2, 0.2]"
9454,633.8835850796976,665431.3976244197,"[0.2, 0.2, 0.2, 0.2, 0.2]"
9455,321.07378394730586,426655.6500399118,"[0.2, 0.2, 0.2, 0.2, 0.2]"
9456,137.22163672617137,691617.886957447,"[0.2, 0.2, 0.2, 0.2, 0.2]"
9457,927.7222332369399,770749.5250944796,"[0.2, 0.2, 0.2, 0.2, 0.2]"
9458,624.8513780014779,826957.2254071017,"[0.2, 0.2, 0.2, 0.2, 0.2]"
9459,987.4512858492196,620899.7943539848,"[0.2, 0.2, 0.2, 0.2, 0.2]"
9460,859.5187492462735,844050.1053606739,"[0.2, 0.2, 0.2, 0.2, 0.2]"
9461,586.8843077655656,632103.9748892653,"[0.2, 0.2, 0.2, 0.2, 0.2]"
9462,906.6422744165037,250131.43416556274,"[0.2, 0.2, 0.2, 0.2, 0.2]"
9463,913.4776287568202,957956.0865990254,"[0.2, 0.2, 0.2, 0.2, 0.2]"
9464,439.4992311212513,648390.9984552576,"[0.2, 0.2, 0.2, 0.2, 0.2]"
9465,180.8938214041625,708351.1910973524,"[0.2, 0.2, 0.2, 0.2, 0.2]"
9466,127.82693426994501,942306.905009922,"[0.2, 0.2, 0.2, 0.2, 0.2]"
9467,329.96052846259346,413924.2593418774,"[0.2, 0.2, 0.2, 0.2, 0.2]"
9468,922.7874065555385,932776.926762878,"[0.2, 0.2, 0.2, 0.2, 0.2]"
9469,198.1484306186947,594773.8469858551,"[0.2, 0.2, 0.2, 0.2, 0.2]"
9470,13.02623415852505,566324.1821856622,"[0.2, 0.2, 0.2, 0.2, 0.2]"
9471,346.9838493672102,844360.340967764,"[0.2, 0.2, 0.2, 0.2, 0.2]"
9472,465.4612553334386,126715.38930134382,"[0.2, 0.2, 0.2, 0.2, 0.2]"
9473,104.02271132321827,896306.944485774,"[0.2, 0.2, 0.2, 0.2, 0.2]"
9474,757.8135371101598,433790.38569627947,"[0.2, 0.2, 0.2, 0.2, 0.2]"
9475,140.33865584758868,275213.09242146334,"[0.2, 0.2, 0.2, 0.2, 0.2]"
9476,585.3338594451461,225032.5196892365,"[0.2, 0.2, 0.2, 0.2, 0.2]"
9477,696.42526830445,395218.2975884926,"[0.2, 0.2, 0.2, 0.2, 0.2]"
9478,874.6890896978119,127463.27507738024,"[0.2, 0.2, 0.2, 0.2, 0.2]"
9479,193.59181200878672,418095.36982679757,"[0.2, 0.2, 0.2, 0.2, 0.2]"
9480,532.4086874012816,402466.06251588167,"[0.2, 0.2, 0.2, 0.2, 0.2]"
9481,329.56151886823193,299346.82844904053,"[0.2, 0.2, 0.2, 0.2, 0.2]"
9482,72.58147100727952,782102.9911812408,"[0.2, 0.2, 0.2, 0.2, 0.2]"
9483,941.6998262610718,890090.794312673,"[0.2, 0.2, 0.2, 0.2, 0.2]"
9484,762.25692278821,254733.72869549374,"[0.2, 0.2, 0.2, 0.2, 0.2]"
9485,368.2717583678882,437573.1947274769,"[0.2, 0.2, 0.2, 0.2, 0.2]"
9486,733.666316198784,907936.9829166653,"[0.2, 0.2, 0.2, 0.2, 0.2]"
9487,555.5695191075731,699929.3863792971,"[0.2, 0.2, 0.2, 0.2, 0.2]"
9488,606.097642764598,500226.5929492272,"[0.2, 0.2, 0.2, 0.2, 0.2]"
9489,456.3020515368253,266075.1691790838,"[0.2, 0.2, 0.2, 0.2, 0.2]"
9490,747.0310670663334,344885.79122892645,"[0.2, 0.2, 0.2, 0.2, 0.2]"
9491,753.2230130296166,506904.72027744615,"[0.2, 0.2, 0.2, 0.2, 0.2]"
9492,778.7620487123821,202669.96502561588,"[0.2, 0.2, 0.2, 0.2, 0.2]"
9493,70.3436073214167,238967.01429885172,"[0.2, 0.2, 0.2, 0.2, 0.2]"
9494,20.268678221887583,800552.4570792131,"[0.2, 0.2, 0.2, 0.2, 0.2]"
9495,726.7891668357676,887685.4807152657,"[0.2, 0.2, 0.2, 0.2, 0.2]"
9496,980.3012660559141,330689.4656350721,"[0.2, 0.2, 0.2, 0.2, 0.2]"
9497,923.3848302402457,694581.4519393353,"[0.2, 0.2, 0.2, 0.2, 0.2]"
9498,75.9705270579603,724292.5749875162,"[0.2, 0.2, 0.2, 0.2, 0.2]"
9499,541.3184323911644,524731.889613352,"[0.2, 0.2, 0.2, 0.2, 0.2]"
9500,125.98185145225882,192482.6380733474,"[0.2, 0.2, 0.2, 0.2, 0.2]"
9501,18.012442137806758,882192.5490187252,"[0.2, 0.2, 0.2, 0.2, 0.2]"
9502,490.21836788132737,475265.29210770933,"[0.2, 0.2, 0.2, 0.2, 0.2]"
9503,477.223147937377,835379.358355193,"[0.2, 0.2, 0.2, 0.2, 0.2]"
9504,645.0404911324121,409380.40473164176,"[0.2, 0.2, 0.2, 0.2, 0.2]"
9505,346.67107765556307,739938.9021018329,"[0.2, 0.2, 0.2, 0.2, 0.2]"
9506,22.669292418437855,166555.07360860746,"[0.2, 0.2, 0.2, 0.2, 0.2]"
9507,235.13795398223763,176293.55365840433,"[0.2, 0.2, 0.2, 0.2, 0.2]"
9508,623.037193381188,220600.25854192098,"[0.2, 0.2, 0.2, 0.2, 0.2]"
9509,917.6879213754985,691578.6610076395,"[0.2, 0.2, 0.2, 0.2, 0.2]"
9510,661.7135333846182,987054.0855054397,"[0.2, 0.2, 0.2, 0.2, 0.2]"
9511,63.659761734772374,944787.7524796299,"[0.2, 0.2, 0.2, 0.2, 0.2]"
9512,364.56523589871176,762621.7295479386,"[0.2, 0.2, 0.2, 0.2, 0.2]"
9513,213.47903832773773,226602.02177465975,"[0.2, 0.2, 0.2, 0.2, 0.2]"
9514,755.1785054160505,966565.5688098307,"[0.2, 0.2, 0.2, 0.2, 0.2]"
9515,582.6231846607755,723522.9043432041,"[0.2, 0.2, 0.2, 0.2, 0.2]"
9516,368.8219754839086,340737.6710619479,"[0.2, 0.2, 0.2, 0.2, 0.2]"
9517,985.4120358767834,371491.72593611956,"[0.2, 0.2, 0.2, 0.2, 0.2]"
9518,290.85250424601367,968828.867212632,"[0.2, 0.2, 0.2, 0.2, 0.2]"
9519,134.3638193976758,553173.6296667748,"[0.2, 0.2, 0.2, 0.2, 0.2]"
9520,983.0367547940976,751048.7909039098,"[0.2, 0.2, 0.2, 0.2, 0.2]"
9521,987.9334751737719,171189.6684059916,"[0.2, 0.2, 0.2, 0.2, 0.2]"
9522,589.4016639442932,585039.7904859588,"[0.2, 0.2, 0.2, 0.2, 0.2]"
9523,621.3801804539205,554718.5215703964,"[0.2, 0.2, 0.2, 0.2, 0.2]"
9524,589.8980561886567,755091.7850459864,"[0.2, 0.2, 0.2, 0.2, 0.2]"
9525,911.602377685528,271495.0862961615,"[0.2, 0.2, 0.2, 0.2, 0.2]"
9526,887.8340559305532,730559.3722543532,"[0.2, 0.2, 0.2, 0.2, 0.2]"
9527,251.479131342718,635375.8821279422,"[0.2, 0.2, 0.2, 0.2, 0.2]"
9528,826.7784837078821,178309.46016131298,"[0.2, 0.2, 0.2, 0.2, 0.2]"
9529,706.3631981935276,382672.0323476106,"[0.2, 0.2, 0.2, 0.2, 0.2]"
9530,474.63448223519583,406151.4681865507,"[0.2, 0.2, 0.2, 0.2, 0.2]"
9531,900.4673384360124,732828.7331337031,"[0.2, 0.2, 0.2, 0.2, 0.2]"
9532,35.91876708382376,178647.3326531187,"[0.2, 0.2, 0.2, 0.2, 0.2]"
9533,84.94795603294271,758598.6408842481,"[0.2, 0.2, 0.2, 0.2, 0.2]"
9534,295.27567632266965,543062.5190127073,"[0.2, 0.2, 0.2, 0.2, 0.2]"
9535,626.3289158571712,313460.84318161546,"[0.2, 0.2, 0.2, 0.2, 0.2]"
9536,429.10064688602796,770237.9687224068,"[0.2, 0.2, 0.2, 0.2, 0.2]"
9537,304.80938146456504,687681.9173804659,"[0.2, 0.2, 0.2, 0.2, 0.2]"
9538,628.4906435567151,285303.0245940401,"[0.2, 0.2, 0.2, 0.2, 0.2]"
9539,652.6257429516139,647133.5867467369,"[0.2, 0.2, 0.2, 0.2, 0.2]"
9540,878.0693213026528,489597.0871018708,"[0.2, 0.2, 0.2, 0.2, 0.2]"
9541,927.2259367811478,503951.928257185,"[0.2, 0.2, 0.2, 0.2, 0.2]"
9542,474.11768789301556,263038.41991097433,"[0.2, 0.2, 0.2, 0.2, 0.2]"
9543,197.4000457542767,908481.6359411738,"[0.2, 0.2, 0.2, 0.2, 0.2]"
9544,851.3838030910408,166530.64655002183,"[0.2, 0.2, 0.2, 0.2, 0.2]"
9545,233.30454627852066,425978.66226658475,"[0.2, 0.2, 0.2, 0.2, 0.2]"
9546,952.3703660132093,408481.35032714426,"[0.2, 0.2, 0.2, 0.2, 0.2]"
9547,128.1450159843355,800011.2254791649,"[0.2, 0.2, 0.2, 0.2, 0.2]"
9548,485.46746007840153,642143.7039212215,"[0.2, 0.2, 0.2, 0.2, 0.2]"
9549,268.85707034918374,592928.5894807705,"[0.2, 0.2, 0.2, 0.2, 0.2]"
9550,121.3895202225237,715986.9093055066,"[0.2, 0.2, 0.2, 0.2, 0.2]"
9551,146.100747119488,349526.2796736716,"[0.2, 0.2, 0.2, 0.2, 0.2]"
9552,272.2186179687112,974586.1905354612,"[0.2, 0.2, 0.2, 0.2, 0.2]"
9553,78.90356596048082,491373.3321224817,"[0.2, 0.2, 0.2, 0.2, 0.2]"
9554,825.2933512025933,764155.7329243197,"[0.2, 0.2, 0.2, 0.2, 0.2]"
9555,647.5403963236998,205172.88025051495,"[0.2, 0.2, 0.2, 0.2, 0.2]"
9556,385.43643256913435,709598.8145253799,"[0.2, 0.2, 0.2, 0.2, 0.2]"
9557,482.6568367891364,569323.7623439038,"[0.2, 0.2, 0.2, 0.2, 0.2]"
9558,841.0594319699036,317550.1388000524,"[0.2, 0.2, 0.2, 0.2, 0.2]"
9559,34.631897205034335,636774.4379786556,"[0.2, 0.2, 0.2, 0.2, 0.2]"
9560,858.5738718580653,862122.5801974258,"[0.2, 0.2, 0.2, 0.2, 0.2]"
9561,256.2583532929543,198572.46026694364,"[0.2, 0.2, 0.2, 0.2, 0.2]"
9562,546.3351932696407,596479.3323040733,"[0.2, 0.2, 0.2, 0.2, 0.2]"
9563,903.9110561253115,732305.7376161951,"[0.2, 0.2, 0.2, 0.2, 0.2]"
9564,988.967355583839,483387.678202298,"[0.2, 0.2, 0.2, 0.2, 0.2]"
9565,684.0060483626767,160670.2622993529,"[0.2, 0.2, 0.2, 0.2, 0.2]"
9566,175.142616780357,192352.4126152125,"[0.2, 0.2, 0.2, 0.2, 0.2]"
9567,262.72727711926836,423447.2674564874,"[0.2, 0.2, 0.2, 0.2, 0.2]"
9568,899.1329727825355,934884.4408446661,"[0.2, 0.2, 0.2, 0.2, 0.2]"
9569,36.544171368352366,378890.39862909965,"[0.2, 0.2, 0.2, 0.2, 0.2]"
9570,794.7507167643037,582855.9452405479,"[0.2, 0.2, 0.2, 0.2, 0.2]"
9571,856.3497963059262,262659.1405829225,"[0.2, 0.2, 0.2, 0.2, 0.2]"
9572,17.82058047627439,909969.6867786644,"[0.2, 0.2, 0.2, 0.2, 0.2]"
9573,910.7497832181006,389755.25706716534,"[0.2, 0.2, 0.2, 0.2, 0.2]"
9574,720.2629377720126,878350.6521165853,"[0.2, 0.2, 0.2, 0.2, 0.2]"
9575,151.73861200222063,527809.5994260496,"[0.2, 0.2, 0.2, 0.2, 0.2]"
9576,56.64698748810603,417245.5601909764,"[0.2, 0.2, 0.2, 0.2, 0.2]"
9577,75.71914615114102,337423.1060174438,"[0.2, 0.2, 0.2, 0.2, 0.2]"
9578,735.3394493494277,741648.6850397278,"[0.2, 0.2, 0.2, 0.2, 0.2]"
9579,567.2203043981317,186566.53118084298,"[0.2, 0.2, 0.2, 0.2, 0.2]"
9580,98.95201184218959,285563.64352131926,"[0.2, 0.2, 0.2, 0.2, 0.2]"
9581,257.63042947345787,258152.1663920266,"[0.2, 0.2, 0.2, 0.2, 0.2]"
9582,970.6013100700301,863852.2228082863,"[0.2, 0.2, 0.2, 0.2, 0.2]"
9583,641.7412442513034,255997.48369797095,"[0.2, 0.2, 0.2, 0.2, 0.2]"
9584,507.4197230814126,904048.5328269852,"[0.2, 0.2, 0.2, 0.2, 0.2]"
9585,279.8397367105861,888622.1614752027,"[0.2, 0.2, 0.2, 0.2, 0.2]"
9586,414.5149138157911,989802.6859166963,"[0.2, 0.2, 0.2, 0.2, 0.2]"
9587,124.7813168907303,828557.4995528497,"[0.2, 0.2, 0.2, 0.2, 0.2]"
9588,750.4985968416042,568236.7417856099,"[0.2, 0.2, 0.2, 0.2, 0.2]"
9589,150.02920380654237,162915.96995729968,"[0.2, 0.2, 0.2, 0.2, 0.2]"
9590,542.274148210131,397856.5369204151,"[0.2, 0.2, 0.2, 0.2, 0.2]"
9591,15.024141173071802,805263.621520292,"[0.2, 0.2, 0.2, 0.2, 0.2]"
9592,433.3259356826458,968724.0915455665,"[0.2, 0.2, 0.2, 0.2, 0.2]"
9593,860.3403455112139,477517.8158230597,"[0.2, 0.2, 0.2, 0.2, 0.2]"
9594,446.9922403967125,990094.7580027963,"[0.2, 0.2, 0.2, 0.2, 0.2]"
9595,468.650315002846,565841.0373466229,"[0.2, 0.2, 0.2, 0.2, 0.2]"
9596,46.55153090981118,587147.8152719538,"[0.2, 0.2, 0.2, 0.2, 0.2]"
9597,640.2653364386509,575841.1853471617,"[0.2, 0.2, 0.2, 0.2, 0.2]"
9598,677.8785192980773,799141.8555465485,"[0.2, 0.2, 0.2, 0.2, 0.2]"
9599,25.765087334011497,908701.5553368247,"[0.2, 0.2, 0.2, 0.2, 0.2]"
9600,603.5621735362706,398482.6606816061,"[0.2, 0.2, 0.2, 0.2, 0.2]"
9601,971.1251695336148,493232.77026241185,"[0.2, 0.2, 0.2, 0.2, 0.2]"
9602,91.7093462032314,829140.2179906684,"[0.2, 0.2, 0.2, 0.2, 0.2]"
9603,951.9791787407745,148213.18222618476,"[0.2, 0.2, 0.2, 0.2, 0.2]"
9604,657.8186954087578,710323.2445515611,"[0.2, 0.2, 0.2, 0.2, 0.2]"
9605,767.0369754397451,541560.7607491149,"[0.2, 0.2, 0.2, 0.2, 0.2]"
9606,972.3940450425342,372389.9842126194,"[0.2, 0.2, 0.2, 0.2, 0.2]"
9607,935.6593472740899,560097.6728249101,"[0.2, 0.2, 0.2, 0.2, 0.2]"
9608,228.54839881028255,920380.8532673592,"[0.2, 0.2, 0.2, 0.2, 0.2]"
9609,620.8847252265653,956146.6547928045,"[0.2, 0.2, 0.2, 0.2, 0.2]"
9610,165.0141131442373,650991.4705855864,"[0.2, 0.2, 0.2, 0.2, 0.2]"
9611,177.27901730899038,337015.10271527566,"[0.2, 0.2, 0.2, 0.2, 0.2]"
9612,752.8385984884239,504024.831976724,"[0.2, 0.2, 0.2, 0.2, 0.2]"
9613,439.30360562910937,393272.8372601732,"[0.2, 0.2, 0.2, 0.2, 0.2]"
9614,550.8509241305485,123970.34158007379,"[0.2, 0.2, 0.2, 0.2, 0.2]"
9615,784.4210771581224,352853.8294197406,"[0.2, 0.2, 0.2, 0.2, 0.2]"
9616,178.93789110339128,428455.57369317487,"[0.2, 0.2, 0.2, 0.2, 0.2]"
9617,388.49651268722755,779917.6833517927,"[0.2, 0.2, 0.2, 0.2, 0.2]"
9618,229.4067652687031,539264.221363053,"[0.2, 0.2, 0.2, 0.2, 0.2]"
9619,476.46274431500945,835898.6635835954,"[0.2, 0.2, 0.2, 0.2, 0.2]"
9620,59.412019473208865,202182.8959689311,"[0.2, 0.2, 0.2, 0.2, 0.2]"
9621,354.06951165073144,307240.944676167,"[0.2, 0.2, 0.2, 0.2, 0.2]"
9622,467.68634822659806,687916.948166741,"[0.2, 0.2, 0.2, 0.2, 0.2]"
9623,204.28532213954995,904307.3539606134,"[0.2, 0.2, 0.2, 0.2, 0.2]"
9624,742.1615276418271,851614.5677416888,"[0.2, 0.2, 0.2, 0.2, 0.2]"
9625,841.655606035549,651995.1549845386,"[0.2, 0.2, 0.2, 0.2, 0.2]"
9626,237.7207127778761,561241.5560364441,"[0.2, 0.2, 0.2, 0.2, 0.2]"
9627,118.63280668314106,259786.44179896143,"[0.2, 0.2, 0.2, 0.2, 0.2]"
9628,773.4652940694957,193059.37695640372,"[0.2, 0.2, 0.2, 0.2, 0.2]"
9629,217.85126328683458,645292.8360550029,"[0.2, 0.2, 0.2, 0.2, 0.2]"
9630,96.26324320434934,683144.4455357916,"[0.2, 0.2, 0.2, 0.2, 0.2]"
9631,367.89711047845105,135325.07362661042,"[0.2, 0.2, 0.2, 0.2, 0.2]"
9632,144.46375768886764,824355.1526734928,"[0.2, 0.2, 0.2, 0.2, 0.2]"
9633,805.6850855930699,738093.1524169402,"[0.2, 0.2, 0.2, 0.2, 0.2]"
9634,298.17226518271855,467542.9088461144,"[0.2, 0.2, 0.2, 0.2, 0.2]"
9635,922.1296464226509,472626.25288336806,"[0.2, 0.2, 0.2, 0.2, 0.2]"
9636,720.1139875967714,296773.0845316889,"[0.2, 0.2, 0.2, 0.2, 0.2]"
9637,649.3300381149425,666955.9486477403,"[0.2, 0.2, 0.2, 0.2, 0.2]"
9638,342.7189245382573,587948.5347615264,"[0.2, 0.2, 0.2, 0.2, 0.2]"
9639,44.266129257011315,138936.79305911367,"[0.2, 0.2, 0.2, 0.2, 0.2]"
9640,289.77082299655945,761161.4151573862,"[0.2, 0.2, 0.2, 0.2, 0.2]"
9641,722.8680900571705,670069.3725191338,"[0.2, 0.2, 0.2, 0.2, 0.2]"
9642,991.2148388663736,199618.77047373564,"[0.2, 0.2, 0.2, 0.2, 0.2]"
9643,563.3012119833331,818837.9408603972,"[0.2, 0.2, 0.2, 0.2, 0.2]"
9644,947.1439298874878,704206.9975937385,"[0.2, 0.2, 0.2, 0.2, 0.2]"
9645,678.1695825598044,343188.51090976293,"[0.2, 0.2, 0.2, 0.2, 0.2]"
9646,712.2393568347849,880698.7916237048,"[0.2, 0.2, 0.2, 0.2, 0.2]"
9647,441.57616664993736,380600.96091109863,"[0.2, 0.2, 0.2, 0.2, 0.2]"
9648,500.6743880111374,325516.91921526636,"[0.2, 0.2, 0.2, 0.2, 0.2]"
9649,742.3447390142911,163258.16827164197,"[0.2, 0.2, 0.2, 0.2, 0.2]"
9650,827.9344686078935,926640.6175145196,"[0.2, 0.2, 0.2, 0.2, 0.2]"
9651,820.3063824992398,533418.7144685237,"[0.2, 0.2, 0.2, 0.2, 0.2]"
9652,132.81052361007107,213669.0466237824,"[0.2, 0.2, 0.2, 0.2, 0.2]"
9653,488.4563712460596,465044.19119009655,"[0.2, 0.2, 0.2, 0.2, 0.2]"
9654,121.80386334415967,627960.468327269,"[0.2, 0.2, 0.2, 0.2, 0.2]"
9655,316.78202697150124,740572.3178547843,"[0.2, 0.2, 0.2, 0.2, 0.2]"
9656,745.3601713042752,780324.4399717747,"[0.2, 0.2, 0.2, 0.2, 0.2]"
9657,75.95835412326676,447962.093050875,"[0.2, 0.2, 0.2, 0.2, 0.2]"
9658,802.3796914458435,124027.23750120294,"[0.2, 0.2, 0.2, 0.2, 0.2]"
9659,508.295792202857,236511.26643970032,"[0.2, 0.2, 0.2, 0.2, 0.2]"
9660,823.9490979207144,823500.5366267349,"[0.2, 0.2, 0.2, 0.2, 0.2]"
9661,181.01049855148085,176218.26134009368,"[0.2, 0.2, 0.2, 0.2, 0.2]"
9662,959.6162524539303,272589.3516892431,"[0.2, 0.2, 0.2, 0.2, 0.2]"
9663,603.4740105514046,268353.9342821507,"[0.2, 0.2, 0.2, 0.2, 0.2]"
9664,916.0844487397419,857223.9005588503,"[0.2, 0.2, 0.2, 0.2, 0.2]"
9665,227.00241871856764,542135.8345981638,"[0.2, 0.2, 0.2, 0.2, 0.2]"
9666,810.4253164752058,557868.4978319579,"[0.2, 0.2, 0.2, 0.2, 0.2]"
9667,399.0131939771442,662200.6244647334,"[0.2, 0.2, 0.2, 0.2, 0.2]"
9668,501.09030775756133,483304.91618516063,"[0.2, 0.2, 0.2, 0.2, 0.2]"
9669,651.1992374604691,794882.5850926377,"[0.2, 0.2, 0.2, 0.2, 0.2]"
9670,355.1561451938881,155324.11932693786,"[0.2, 0.2, 0.2, 0.2, 0.2]"
9671,391.8131511879597,298799.5914894677,"[0.2, 0.2, 0.2, 0.2, 0.2]"
9672,766.0290825399741,139931.98102551774,"[0.2, 0.2, 0.2, 0.2, 0.2]"
9673,910.9167762571941,701120.2799273508,"[0.2, 0.2, 0.2, 0.2, 0.2]"
9674,86.474000363047,593089.4990143641,"[0.2, 0.2, 0.2, 0.2, 0.2]"
9675,604.4419903338807,942400.7420751475,"[0.2, 0.2, 0.2, 0.2, 0.2]"
9676,455.9727359228393,303207.8424887754,"[0.2, 0.2, 0.2, 0.2, 0.2]"
9677,148.44701081865955,609253.2972026828,"[0.2, 0.2, 0.2, 0.2, 0.2]"
9678,625.0081667495112,689040.6154589348,"[0.2, 0.2, 0.2, 0.2, 0.2]"
9679,831.0845789396643,705872.1406975159,"[0.2, 0.2, 0.2, 0.2, 0.2]"
9680,44.54927812886686,889520.8112260287,"[0.2, 0.2, 0.2, 0.2, 0.2]"
9681,848.4383960350516,185792.96207562793,"[0.2, 0.2, 0.2, 0.2, 0.2]"
9682,892.4581382325499,273918.34102334984,"[0.2, 0.2, 0.2, 0.2, 0.2]"
9683,627.4456650176529,988589.5348268424,"[0.2, 0.2, 0.2, 0.2, 0.2]"
9684,325.89914782362524,326826.0298577262,"[0.2, 0.2, 0.2, 0.2, 0.2]"
9685,363.24933289916004,315715.8603898154,"[0.2, 0.2, 0.2, 0.2, 0.2]"
9686,303.3458647416846,300759.4790704548,"[0.2, 0.2, 0.2, 0.2, 0.2]"
9687,564.6768480607685,724090.9127024324,"[0.2, 0.2, 0.2, 0.2, 0.2]"
9688,189.3446156051131,510699.330513654,"[0.2, 0.2, 0.2, 0.2, 0.2]"
9689,995.7132436785184,746608.2040091577,"[0.2, 0.2, 0.2, 0.2, 0.2]"
9690,430.40116647555874,310920.60609901964,"[0.2, 0.2, 0.2, 0.2, 0.2]"
9691,286.61893559965193,669621.2170210693,"[0.2, 0.2, 0.2, 0.2, 0.2]"
9692,573.4255665924329,876129.1015368552,"[0.2, 0.2, 0.2, 0.2, 0.2]"
9693,893.9705399441724,417108.4087829443,"[0.2, 0.2, 0.2, 0.2, 0.2]"
9694,216.14865574148556,975492.3652622908,"[0.2, 0.2, 0.2, 0.2, 0.2]"
9695,891.0287316022943,474610.215253565,"[0.2, 0.2, 0.2, 0.2, 0.2]"
9696,661.6771009348195,235477.81552696452,"[0.2, 0.2, 0.2, 0.2, 0.2]"
9697,325.08187695379604,117802.71402045558,"[0.2, 0.2, 0.2, 0.2, 0.2]"
9698,499.4737176271185,307254.28908649227,"[0.2, 0.2, 0.2, 0.2, 0.2]"
9699,526.1864980423725,657353.2754660994,"[0.2, 0.2, 0.2, 0.2, 0.2]"
9700,213.45805563367045,489115.6568006789,"[0.2, 0.2, 0.2, 0.2, 0.2]"
9701,917.9752732781104,859621.5973871717,"[0.2, 0.2, 0.2, 0.2, 0.2]"
9702,955.8947248463285,552078.6952870304,"[0.2, 0.2, 0.2, 0.2, 0.2]"
9703,153.74858188265424,806697.0063733808,"[0.2, 0.2, 0.2, 0.2, 0.2]"
9704,503.1755478573568,143897.0460917819,"[0.2, 0.2, 0.2, 0.2, 0.2]"
9705,117.40736108727326,585669.6668259097,"[0.2, 0.2, 0.2, 0.2, 0.2]"
9706,215.91075837173298,626534.7314778166,"[0.2, 0.2, 0.2, 0.2, 0.2]"
9707,305.53204526785424,209539.32673784596,"[0.2, 0.2, 0.2, 0.2, 0.2]"
9708,963.7864852973643,990539.4636922496,"[0.2, 0.2, 0.2, 0.2, 0.2]"
9709,699.8478202474674,419902.6579674708,"[0.2, 0.2, 0.2, 0.2, 0.2]"
9710,682.9531989742045,753056.0277750895,"[0.2, 0.2, 0.2, 0.2, 0.2]"
9711,460.6651373664785,989786.6351036896,"[0.2, 0.2, 0.2, 0.2, 0.2]"
9712,850.9567611706148,472246.48807472043,"[0.2, 0.2, 0.2, 0.2, 0.2]"
9713,40.212809658315116,648916.918840078,"[0.2, 0.2, 0.2, 0.2, 0.2]"
9714,53.09744642388297,753601.0450636756,"[0.2, 0.2, 0.2, 0.2, 0.2]"
9715,439.0910763715852,167136.98091005755,"[0.2, 0.2, 0.2, 0.2, 0.2]"
9716,730.0516728473767,872731.4786324359,"[0.2, 0.2, 0.2, 0.2, 0.2]"
9717,669.4402074661896,308277.15528920596,"[0.2, 0.2, 0.2, 0.2, 0.2]"
9718,819.1323395294381,661806.8472123245,"[0.2, 0.2, 0.2, 0.2, 0.2]"
9719,615.4749319617874,954775.0743810323,"[0.2, 0.2, 0.2, 0.2, 0.2]"
9720,772.415023065472,572415.8905316526,"[0.2, 0.2, 0.2, 0.2, 0.2]"
9721,431.8994640621076,965042.8245936633,"[0.2, 0.2, 0.2, 0.2, 0.2]"
9722,232.46742692880838,768608.0890218578,"[0.2, 0.2, 0.2, 0.2, 0.2]"
9723,666.9026837333914,133899.12605866056,"[0.2, 0.2, 0.2, 0.2, 0.2]"
9724,822.6320723743567,794217.6433998239,"[0.2, 0.2, 0.2, 0.2, 0.2]"
9725,846.3088762509153,374231.2212474896,"[0.2, 0.2, 0.2, 0.2, 0.2]"
9726,536.0638461902904,101777.67841711514,"[0.2, 0.2, 0.2, 0.2, 0.2]"
9727,55.364925705723415,390242.2430563339,"[0.2, 0.2, 0.2, 0.2, 0.2]"
9728,732.1025010672837,362520.6251543379,"[0.2, 0.2, 0.2, 0.2, 0.2]"
9729,737.3741193904496,548397.5396132253,"[0.2, 0.2, 0.2, 0.2, 0.2]"
9730,43.037686482083444,197654.26377796513,"[0.2, 0.2, 0.2, 0.2, 0.2]"
9731,288.86843312059403,578680.8145238225,"[0.2, 0.2, 0.2, 0.2, 0.2]"
9732,765.0961612970501,626943.4000895456,"[0.2, 0.2, 0.2, 0.2, 0.2]"
9733,194.70610819927455,684981.7548440512,"[0.2, 0.2, 0.2, 0.2, 0.2]"
9734,31.781892890087633,493521.50140759087,"[0.2, 0.2, 0.2, 0.2, 0.2]"
9735,874.4629133101402,423219.73539596377,"[0.2, 0.2, 0.2, 0.2, 0.2]"
9736,563.855888334475,908067.0823840323,"[0.2, 0.2, 0.2, 0.2, 0.2]"
9737,243.5123886458258,607035.5659288517,"[0.2, 0.2, 0.2, 0.2, 0.2]"
9738,929.869472157377,697470.1773477974,"[0.2, 0.2, 0.2, 0.2, 0.2]"
9739,459.0341782388162,199296.236233853,"[0.2, 0.2, 0.2, 0.2, 0.2]"
9740,250.35429888646837,387604.94354069565,"[0.2, 0.2, 0.2, 0.2, 0.2]"
9741,598.5473496152432,212184.23804636067,"[0.2, 0.2, 0.2, 0.2, 0.2]"
9742,737.695700227497,930328.2928290224,"[0.2, 0.2, 0.2, 0.2, 0.2]"
9743,339.11919444984875,402141.6650886765,"[0.2, 0.2, 0.2, 0.2, 0.2]"
9744,454.3653113386474,652348.4219026717,"[0.2, 0.2, 0.2, 0.2, 0.2]"
9745,240.43614450905977,310587.8563028638,"[0.2, 0.2, 0.2, 0.2, 0.2]"
9746,664.48878778303,320911.9358665189,"[0.2, 0.2, 0.2, 0.2, 0.2]"
9747,928.3832269484135,139869.30240087054,"[0.2, 0.2, 0.2, 0.2, 0.2]"
9748,69.76934176635203,847342.9560097705,"[0.2, 0.2, 0.2, 0.2, 0.2]"
9749,151.707884457503,169973.32964855974,"[0.2, 0.2, 0.2, 0.2, 0.2]"
9750,338.86791780957105,380897.1318549361,"[0.2, 0.2, 0.2, 0.2, 0.2]"
9751,517.1078786511728,942343.3022456643,"[0.2, 0.2, 0.2, 0.2, 0.2]"
9752,350.1092713489278,481719.20638445637,"[0.2, 0.2, 0.2, 0.2, 0.2]"
9753,708.3161856162662,627445.5889887053,"[0.2, 0.2, 0.2, 0.2, 0.2]"
9754,240.6228481494852,778339.3432772721,"[0.2, 0.2, 0.2, 0.2, 0.2]"
9755,369.8978139452143,587299.0956379948,"[0.2, 0.2, 0.2, 0.2, 0.2]"
9756,543.0918332842006,855936.999961162,"[0.2, 0.2, 0.2, 0.2, 0.2]"
9757,32.54946010404677,257869.56181629296,"[0.2, 0.2, 0.2, 0.2, 0.2]"
9758,287.0336749864326,118170.90560395845,"[0.2, 0.2, 0.2, 0.2, 0.2]"
9759,902.6733779774868,846063.0369349377,"[0.2, 0.2, 0.2, 0.2, 0.2]"
9760,265.5904711573262,847790.8583350184,"[0.2, 0.2, 0.2, 0.2, 0.2]"
9761,410.9686234587365,229653.0066378921,"[0.2, 0.2, 0.2, 0.2, 0.2]"
9762,604.6232334291201,244071.19511264045,"[0.2, 0.2, 0.2, 0.2, 0.2]"
9763,901.145668134141,277347.7253976417,"[0.2, 0.2, 0.2, 0.2, 0.2]"
9764,27.109698800069623,854611.1519399605,"[0.2, 0.2, 0.2, 0.2, 0.2]"
9765,473.1748645062224,803285.5251241394,"[0.2, 0.2, 0.2, 0.2, 0.2]"
9766,562.8127383110619,809207.254056973,"[0.2, 0.2, 0.2, 0.2, 0.2]"
9767,306.24368827129217,962446.6543328017,"[0.2, 0.2, 0.2, 0.2, 0.2]"
9768,977.3956596693661,928978.9394429122,"[0.2, 0.2, 0.2, 0.2, 0.2]"
9769,542.972567489825,568963.821756751,"[0.2, 0.2, 0.2, 0.2, 0.2]"
9770,401.77078509266636,477160.1256379424,"[0.2, 0.2, 0.2, 0.2, 0.2]"
9771,154.44234705389695,262765.5832794574,"[0.2, 0.2, 0.2, 0.2, 0.2]"
9772,472.98552686686696,785313.254412548,"[0.2, 0.2, 0.2, 0.2, 0.2]"
9773,365.29914954695766,870233.9833351015,"[0.2, 0.2, 0.2, 0.2, 0.2]"
9774,898.227203372226,679631.6689149416,"[0.2, 0.2, 0.2, 0.2, 0.2]"
9775,697.5469585916791,632643.9051122327,"[0.2, 0.2, 0.2, 0.2, 0.2]"
9776,720.5925108999056,282023.29563743755,"[0.2, 0.2, 0.2, 0.2, 0.2]"
9777,66.03033595182009,997300.3257167307,"[0.2, 0.2, 0.2, 0.2, 0.2]"
9778,745.5581996071936,412552.050899291,"[0.2, 0.2, 0.2, 0.2, 0.2]"
9779,997.3776691402538,629571.6238227836,"[0.2, 0.2, 0.2, 0.2, 0.2]"
9780,424.4216126131794,308699.80359288736,"[0.2, 0.2, 0.2, 0.2, 0.2]"
9781,367.1996192837076,113430.83576226365,"[0.2, 0.2, 0.2, 0.2, 0.2]"
9782,580.3233851154663,480022.65027649375,"[0.2, 0.2, 0.2, 0.2, 0.2]"
9783,764.7791219675672,157139.55258476178,"[0.2, 0.2, 0.2, 0.2, 0.2]"
9784,418.5042694060166,804247.032498146,"[0.2, 0.2, 0.2, 0.2, 0.2]"
9785,296.0417968548276,209729.65681622073,"[0.2, 0.2, 0.2, 0.2, 0.2]"
9786,756.1233752192137,403288.9584505802,"[0.2, 0.2, 0.2, 0.2, 0.2]"
9787,739.8405534948146,471578.04252096126,"[0.2, 0.2, 0.2, 0.2, 0.2]"
9788,77.70790801231206,996197.5017806126,"[0.2, 0.2, 0.2, 0.2, 0.2]"
9789,518.0583383331291,725541.667478655,"[0.2, 0.2, 0.2, 0.2, 0.2]"
9790,400.7409492318253,917133.4177403551,"[0.2, 0.2, 0.2, 0.2, 0.2]"
9791,271.2282608015011,324174.26192438876,"[0.2, 0.2, 0.2, 0.2, 0.2]"
9792,54.03956131615841,613406.25307181,"[0.2, 0.2, 0.2, 0.2, 0.2]"
9793,696.3067860341837,931814.4240564678,"[0.2, 0.2, 0.2, 0.2, 0.2]"
9794,334.54686795280764,454708.0835763083,"[0.2, 0.2, 0.2, 0.2, 0.2]"
9795,826.7822713626445,513501.1359896001,"[0.2, 0.2, 0.2, 0.2, 0.2]"
9796,819.1559083134654,593163.9115230466,"[0.2, 0.2, 0.2, 0.2, 0.2]"
9797,277.82571085412076,563546.4624246778,"[0.2, 0.2, 0.2, 0.2, 0.2]"
9798,761.5689566597972,148637.45437235944,"[0.2, 0.2, 0.2, 0.2, 0.2]"
9799,14.06328521832262,854045.5172083711,"[0.2, 0.2, 0.2, 0.2, 0.2]"
9800,850.8023678092522,582444.1012454116,"[0.2, 0.2, 0.2, 0.2, 0.2]"
9801,451.25173390183056,101007.61276835775,"[0.2, 0.2, 0.2, 0.2, 0.2]"
9802,736.4324603346066,448969.72561242926,"[0.2, 0.2, 0.2, 0.2, 0.2]"
9803,595.8165235522521,335078.0107461661,"[0.2, 0.2, 0.2, 0.2, 0.2]"
9804,820.664162647026,666274.9438296015,"[0.2, 0.2, 0.2, 0.2, 0.2]"
9805,504.55296563155304,245665.32685068157,"[0.2, 0.2, 0.2, 0.2, 0.2]"
9806,633.0601573669238,328021.41549568693,"[0.2, 0.2, 0.2, 0.2, 0.2]"
9807,500.30730658343543,605494.4520378774,"[0.2, 0.2, 0.2, 0.2, 0.2]"
9808,316.3405243685225,521516.7752362947,"[0.2, 0.2, 0.2, 0.2, 0.2]"
9809,474.3829305999786,442326.5823458167,"[0.2, 0.2, 0.2, 0.2, 0.2]"
9810,59.08736039406558,583790.7304417174,"[0.2, 0.2, 0.2, 0.2, 0.2]"
9811,293.68412493472414,401978.504226335,"[0.2, 0.2, 0.2, 0.2, 0.2]"
9812,198.91601236633932,621736.0632977671,"[0.2, 0.2, 0.2, 0.2, 0.2]"
9813,884.5562120059063,547261.6103948446,"[0.2, 0.2, 0.2, 0.2, 0.2]"
9814,344.5557869827646,834836.4356002571,"[0.2, 0.2, 0.2, 0.2, 0.2]"
9815,422.34461514843497,893747.9563887622,"[0.2, 0.2, 0.2, 0.2, 0.2]"
9816,462.5427672948672,271307.5860713814,"[0.2, 0.2, 0.2, 0.2, 0.2]"
9817,76.21949574200633,331204.2753717409,"[0.2, 0.2, 0.2, 0.2, 0.2]"
9818,177.29628137635518,284896.07605267473,"[0.2, 0.2, 0.2, 0.2, 0.2]"
9819,969.2106854176835,325644.705093884,"[0.2, 0.2, 0.2, 0.2, 0.2]"
9820,243.92956352460342,125191.70915381654,"[0.2, 0.2, 0.2, 0.2, 0.2]"
9821,550.0270211339829,714188.3554525933,"[0.2, 0.2, 0.2, 0.2, 0.2]"
9822,60.428551575435,126927.23931486337,"[0.2, 0.2, 0.2, 0.2, 0.2]"
9823,809.3774142048442,355326.09336861596,"[0.2, 0.2, 0.2, 0.2, 0.2]"
9824,378.1381173125283,164210.91660953706,"[0.2, 0.2, 0.2, 0.2, 0.2]"
9825,114.18354568601461,358681.67213750427,"[0.2, 0.2, 0.2, 0.2, 0.2]"
9826,411.62597901168175,703701.010606582,"[0.2, 0.2, 0.2, 0.2, 0.2]"
9827,961.3796814708973,100099.7935120702,"[0.2, 0.2, 0.2, 0.2, 0.2]"
9828,91.46091893684748,360626.1464757591,"[0.2, 0.2, 0.2, 0.2, 0.2]"
9829,139.2021026764173,574841.4549650862,"[0.2, 0.2, 0.2, 0.2, 0.2]"
9830,810.4236540964612,873343.9939498976,"[0.2, 0.2, 0.2, 0.2, 0.2]"
9831,746.5500228747046,267643.95508685044,"[0.2, 0.2, 0.2, 0.2, 0.2]"
9832,907.8082353254171,959894.5180996689,"[0.2, 0.2, 0.2, 0.2, 0.2]"
9833,552.7887267700546,582497.4485229093,"[0.2, 0.2, 0.2, 0.2, 0.2]"
9834,233.72175927226394,642252.0922459123,"[0.2, 0.2, 0.2, 0.2, 0.2]"
9835,973.3802775034258,125643.98854368593,"[0.2, 0.2, 0.2, 0.2, 0.2]"
9836,206.7061856223195,656897.9186786199,"[0.2, 0.2, 0.2, 0.2, 0.2]"
9837,831.359861633549,165110.24335134868,"[0.2, 0.2, 0.2, 0.2, 0.2]"
9838,46.311485218416685,484368.70046228875,"[0.2, 0.2, 0.2, 0.2, 0.2]"
9839,617.986763100769,266938.281588837,"[0.2, 0.2, 0.2, 0.2, 0.2]"
9840,634.2410975270715,717554.6753660387,"[0.2, 0.2, 0.2, 0.2, 0.2]"
9841,87.04563365262048,861590.1061587665,"[0.2, 0.2, 0.2, 0.2, 0.2]"
9842,358.55606379824775,403796.44594886637,"[0.2, 0.2, 0.2, 0.2, 0.2]"
9843,238.31294634135034,921241.6293592615,"[0.2, 0.2, 0.2, 0.2, 0.2]"
9844,56.12209779199305,121041.62197134738,"[0.2, 0.2, 0.2, 0.2, 0.2]"
9845,292.09088635925303,790074.6143866789,"[0.2, 0.2, 0.2, 0.2, 0.2]"
9846,665.7957506088636,575584.5371566255,"[0.2, 0.2, 0.2, 0.2, 0.2]"
9847,10.21032747812894,179764.31391315354,"[0.2, 0.2, 0.2, 0.2, 0.2]"
9848,588.563750318645,366966.9031849097,"[0.2, 0.2, 0.2, 0.2, 0.2]"
9849,420.7570007662858,947770.5722341253,"[0.2, 0.2, 0.2, 0.2, 0.2]"
9850,299.54184496529143,203939.00269526648,"[0.2, 0.2, 0.2, 0.2, 0.2]"
9851,519.5346040170019,864486.3998209841,"[0.2, 0.2, 0.2, 0.2, 0.2]"
9852,642.0248583677588,458046.8876733653,"[0.2, 0.2, 0.2, 0.2, 0.2]"
9853,664.9513378231544,400466.3427275337,"[0.2, 0.2, 0.2, 0.2, 0.2]"
9854,500.3993655450803,818845.5970463413,"[0.2, 0.2, 0.2, 0.2, 0.2]"
9855,890.0511103326891,656659.514261354,"[0.2, 0.2, 0.2, 0.2, 0.2]"
9856,369.9564476104861,346142.26267614483,"[0.2, 0.2, 0.2, 0.2, 0.2]"
9857,937.5911517841151,899374.5988976813,"[0.2, 0.2, 0.2, 0.2, 0.2]"
9858,329.63965572245974,591454.0084632535,"[0.2, 0.2, 0.2, 0.2, 0.2]"
9859,949.4305797259539,993628.4657173759,"[0.2, 0.2, 0.2, 0.2, 0.2]"
9860,673.7897843965434,150552.75220235734,"[0.2, 0.2, 0.2, 0.2, 0.2]"
9861,408.15327002871567,739521.3303748593,"[0.2, 0.2, 0.2, 0.2, 0.2]"
9862,17.789738390544937,943678.5451594318,"[0.2, 0.2, 0.2, 0.2, 0.2]"
9863,848.9823475827909,872247.9662942772,"[0.2, 0.2, 0.2, 0.2, 0.2]"
9864,425.51133718073817,980359.1469291879,"[0.2, 0.2, 0.2, 0.2, 0.2]"
9865,745.3595228084604,311335.33876048203,"[0.2, 0.2, 0.2, 0.2, 0.2]"
9866,882.1666257151634,438561.44123438996,"[0.2, 0.2, 0.2, 0.2, 0.2]"
9867,134.46478470637368,170288.87941094342,"[0.2, 0.2, 0.2, 0.2, 0.2]"
9868,725.6129362885871,388996.35231189016,"[0.2, 0.2, 0.2, 0.2, 0.2]"
9869,334.4994695508964,127304.91522021973,"[0.2, 0.2, 0.2, 0.2, 0.2]"
9870,914.1588095852106,600907.0129908615,"[0.2, 0.2, 0.2, 0.2, 0.2]"
9871,200.57908262609385,827538.3893719218,"[0.2, 0.2, 0.2, 0.2, 0.2]"
9872,585.0581894848112,632116.3544135328,"[0.2, 0.2, 0.2, 0.2, 0.2]"
9873,979.1191745482876,509314.32749218063,"[0.2, 0.2, 0.2, 0.2, 0.2]"
9874,546.8410210724223,309602.9212872836,"[0.2, 0.2, 0.2, 0.2, 0.2]"
9875,256.5817267156111,363838.3032103182,"[0.2, 0.2, 0.2, 0.2, 0.2]"
9876,518.9466664411431,646300.2948651,"[0.2, 0.2, 0.2, 0.2, 0.2]"
9877,699.4540266919348,372866.0684511727,"[0.2, 0.2, 0.2, 0.2, 0.2]"
9878,348.29219683377244,679683.2259890735,"[0.2, 0.2, 0.2, 0.2, 0.2]"
9879,711.1624783648364,257013.72299881166,"[0.2, 0.2, 0.2, 0.2, 0.2]"
9880,109.3759565642794,649212.1889065759,"[0.2, 0.2, 0.2, 0.2, 0.2]"
9881,414.37052940281467,994488.555613092,"[0.2, 0.2, 0.2, 0.2, 0.2]"
9882,64.3106374878018,154498.11843531896,"[0.2, 0.2, 0.2, 0.2, 0.2]"
9883,24.071607311066913,959623.5729951893,"[0.2, 0.2, 0.2, 0.2, 0.2]"
9884,216.82509439834237,489419.90971950925,"[0.2, 0.2, 0.2, 0.2, 0.2]"
9885,772.9301235635711,162634.04857216874,"[0.2, 0.2, 0.2, 0.2, 0.2]"
9886,392.86157621749027,579417.3727690768,"[0.2, 0.2, 0.2, 0.2, 0.2]"
9887,852.7183471708927,302407.4688138325,"[0.2, 0.2, 0.2, 0.2, 0.2]"
9888,758.5736866702302,208924.9064688848,"[0.2, 0.2, 0.2, 0.2, 0.2]"
9889,352.5820055212408,438149.4907007302,"[0.2, 0.2, 0.2, 0.2, 0.2]"
9890,957.8581704957207,426242.4236173423,"[0.2, 0.2, 0.2, 0.2, 0.2]"
9891,753.2394687656481,719415.0483223988,"[0.2, 0.2, 0.2, 0.2, 0.2]"
9892,804.8082366651311,647851.1289380137,"[0.2, 0.2, 0.2, 0.2, 0.2]"
9893,16.26147747446089,932153.5918490646,"[0.2, 0.2, 0.2, 0.2, 0.2]"
9894,622.5165356747159,536428.7641395136,"[0.2, 0.2, 0.2, 0.2, 0.2]"
9895,712.3481160551457,736253.0150629642,"[0.2, 0.2, 0.2, 0.2, 0.2]"
9896,322.0476691933604,607453.940741004,"[0.2, 0.2, 0.2, 0.2, 0.2]"
9897,451.8772134437014,491268.35023313283,"[0.2, 0.2, 0.2, 0.2, 0.2]"
9898,590.1987754002915,920886.6330706466,"[0.2, 0.2, 0.2, 0.2, 0.2]"
9899,513.5657605398872,976588.6538986736,"[0.2, 0.2, 0.2, 0.2, 0.2]"
9900,930.6770949934825,851703.4368589642,"[0.2, 0.2, 0.2, 0.2, 0.2]"
9901,461.73960968950627,492671.77643769095,"[0.2, 0.2, 0.2, 0.2, 0.2]"
9902,881.6682715938563,953325.9764381754,"[0.2, 0.2, 0.2, 0.2, 0.2]"
9903,734.6282504202574,197294.79890280613,"[0.2, 0.2, 0.2, 0.2, 0.2]"
9904,287.5376253561765,265095.96453256486,"[0.2, 0.2, 0.2, 0.2, 0.2]"
9905,574.3622195431986,484346.22318882734,"[0.2, 0.2, 0.2, 0.2, 0.2]"
9906,459.38488578266464,507390.22857508797,"[0.2, 0.2, 0.2, 0.2, 0.2]"
9907,868.3253906536258,452445.10538586165,"[0.2, 0.2, 0.2, 0.2, 0.2]"
9908,116.25116602781085,313955.9363402677,"[0.2, 0.2, 0.2, 0.2, 0.2]"
9909,686.6329106721632,601491.8528386671,"[0.2, 0.2, 0.2, 0.2, 0.2]"
9910,632.7299838830115,202681.43757224985,"[0.2, 0.2, 0.2, 0.2, 0.2]"
9911,789.2668175651461,474351.9741713732,"[0.2, 0.2, 0.2, 0.2, 0.2]"
9912,446.3646431765549,458931.8896858284,"[0.2, 0.2, 0.2, 0.2, 0.2]"
9913,46.614296168417425,119182.51734119165,"[0.2, 0.2, 0.2, 0.2, 0.2]"
9914,263.5712282538568,757029.5339539616,"[0.2, 0.2, 0.2, 0.2, 0.2]"
9915,347.21422655415125,671171.6600386688,"[0.2, 0.2, 0.2, 0.2, 0.2]"
9916,744.9546645379085,752186.3755921972,"[0.2, 0.2, 0.2, 0.2, 0.2]"
9917,583.9528042731861,402499.3165566374,"[0.2, 0.2, 0.2, 0.2, 0.2]"
9918,180.33874461372474,964091.1293778871,"[0.2, 0.2, 0.2, 0.2, 0.2]"
9919,53.18147709053654,482230.39454349165,"[0.2, 0.2, 0.2, 0.2, 0.2]"
9920,911.5963250063623,654749.6414878858,"[0.2, 0.2, 0.2, 0.2, 0.2]"
9921,272.0352184312051,278165.97824733716,"[0.2, 0.2, 0.2, 0.2, 0.2]"
9922,834.2541427967133,732626.0987674844,"[0.2, 0.2, 0.2, 0.2, 0.2]"
9923,832.979005118716,207075.83507611448,"[0.2, 0.2, 0.2, 0.2, 0.2]"
9924,95.33483310297692,141067.32062869886,"[0.2, 0.2, 0.2, 0.2, 0.2]"
9925,194.8648476125251,620569.8247102287,"[0.2, 0.2, 0.2, 0.2, 0.2]"
9926,663.2617107372843,519723.68856020126,"[0.2, 0.2, 0.2, 0.2, 0.2]"
9927,193.2355181319867,659628.9614662648,"[0.2, 0.2, 0.2, 0.2, 0.2]"
9928,883.4449546427924,899362.3324256934,"[0.2, 0.2, 0.2, 0.2, 0.2]"
9929,299.1853030937563,588360.5762897355,"[0.2, 0.2, 0.2, 0.2, 0.2]"
9930,786.0272049180462,426114.9232284721,"[0.2, 0.2, 0.2, 0.2, 0.2]"
9931,661.6359075156403,357553.9780652449,"[0.2, 0.2, 0.2, 0.2, 0.2]"
9932,191.58081300209156,920902.5408634037,"[0.2, 0.2, 0.2, 0.2, 0.2]"
9933,481.00307274378514,122434.13085676791,"[0.2, 0.2, 0.2, 0.2, 0.2]"
9934,321.5332474303882,284076.47031368467,"[0.2, 0.2, 0.2, 0.2, 0.2]"
9935,776.2792024853121,509281.2873046503,"[0.2, 0.2, 0.2, 0.2, 0.2]"
9936,734.6824161835781,665744.0897354478,"[0.2, 0.2, 0.2, 0.2, 0.2]"
9937,392.42046825713106,708048.977759339,"[0.2, 0.2, 0.2, 0.2, 0.2]"
9938,276.68118939667164,754775.3769996673,"[0.2, 0.2, 0.2, 0.2, 0.2]"
9939,406.3608055670742,267711.1286656406,"[0.2, 0.2, 0.2, 0.2, 0.2]"
9940,565.6197307217487,156963.58960369384,"[0.2, 0.2, 0.2, 0.2, 0.2]"
9941,11.170123425995795,838544.7223441853,"[0.2, 0.2, 0.2, 0.2, 0.2]"
9942,534.8456030525913,472724.27097112586,"[0.2, 0.2, 0.2, 0.2, 0.2]"
9943,436.33133373787916,972065.3986762026,"[0.2, 0.2, 0.2, 0.2, 0.2]"
9944,754.6006375911695,578289.7339096721,"[0.2, 0.2, 0.2, 0.2, 0.2]"
9945,852.7585931037321,588982.3717586958,"[0.2, 0.2, 0.2, 0.2, 0.2]"
9946,582.8783931973898,886917.2224038327,"[0.2, 0.2, 0.2, 0.2, 0.2]"
9947,575.0605101587553,353109.10566653556,"[0.2, 0.2, 0.2, 0.2, 0.2]"
9948,908.789647807845,687678.8070808948,"[0.2, 0.2, 0.2, 0.2, 0.2]"
9949,705.6473142823701,672651.0536355489,"[0.2, 0.2, 0.2, 0.2, 0.2]"
9950,573.8874724100425,184781.95140414505,"[0.2, 0.2, 0.2, 0.2, 0.2]"
9951,339.157528163682,957486.0202164233,"[0.2, 0.2, 0.2, 0.2, 0.2]"
9952,201.2260926965512,316616.14218864206,"[0.2, 0.2, 0.2, 0.2, 0.2]"
9953,992.5754335266876,474993.58410151006,"[0.2, 0.2, 0.2, 0.2, 0.2]"
9954,493.4752650984059,752170.6507861542,"[0.2, 0.2, 0.2, 0.2, 0.2]"
9955,648.9047034194884,947127.3251234922,"[0.2, 0.2, 0.2, 0.2, 0.2]"
9956,941.5784735005267,654871.7661547987,"[0.2, 0.2, 0.2, 0.2, 0.2]"
9957,935.1183332466508,717134.3238470946,"[0.2, 0.2, 0.2, 0.2, 0.2]"
9958,105.02474960537025,623735.5395881361,"[0.2, 0.2, 0.2, 0.2, 0.2]"
9959,391.85648019837214,731987.6622896721,"[0.2, 0.2, 0.2, 0.2, 0.2]"
9960,670.3362373317921,944220.5922877907,"[0.2, 0.2, 0.2, 0.2, 0.2]"
9961,470.6938815386784,959485.9716575668,"[0.2, 0.2, 0.2, 0.2, 0.2]"
9962,426.51850101831354,289237.02215850825,"[0.2, 0.2, 0.2, 0.2, 0.2]"
9963,307.7534637692213,348858.67821313115,"[0.2, 0.2, 0.2, 0.2, 0.2]"
9964,585.4227987523968,652700.272273829,"[0.2, 0.2, 0.2, 0.2, 0.2]"
9965,666.5740966224756,513713.21708235366,"[0.2, 0.2, 0.2, 0.2, 0.2]"
9966,745.4038941447064,839036.0945216289,"[0.2, 0.2, 0.2, 0.2, 0.2]"
9967,264.0179843823486,451608.01137175976,"[0.2, 0.2, 0.2, 0.2, 0.2]"
9968,762.4805892193677,734018.9552748613,"[0.2, 0.2, 0.2, 0.2, 0.2]"
9969,288.9766377625659,988973.8285261737,"[0.2, 0.2, 0.2, 0.2, 0.2]"
9970,833.036899122483,442698.0167412838,"[0.2, 0.2, 0.2, 0.2, 0.2]"
9971,437.64564950058434,760036.4129478683,"[0.2, 0.2, 0.2, 0.2, 0.2]"
9972,207.1659697712579,628236.7122791205,"[0.2, 0.2, 0.2, 0.2, 0.2]"
9973,483.39400301816306,395828.5547738012,"[0.2, 0.2, 0.2, 0.2, 0.2]"
9974,365.26120202459464,722961.479352175,"[0.2, 0.2, 0.2, 0.2, 0.2]"
9975,224.8245821595598,630254.5499903858,"[0.2, 0.2, 0.2, 0.2, 0.2]"
9976,329.44285985237104,161403.96518384723,"[0.2, 0.2, 0.2, 0.2, 0.2]"
9977,347.9485270799852,254957.243782446,"[0.2, 0.2, 0.2, 0.2, 0.2]"
9978,596.6018943037834,438761.8158097844,"[0.2, 0.2, 0.2, 0.2, 0.2]"
9979,182.63113575925297,332791.8950316201,"[0.2, 0.2, 0.2, 0.2, 0.2]"
9980,248.1770713758765,296092.8580641716,"[0.2, 0.2, 0.2, 0.2, 0.2]"
9981,110.83758962887303,450175.69226834347,"[0.2, 0.2, 0.2, 0.2, 0.2]"
9982,522.4394241015036,407243.84885911254,"[0.2, 0.2, 0.2, 0.2, 0.2]"
9983,935.2163744244456,404294.94617188955,"[0.2, 0.2, 0.2, 0.2, 0.2]"
9984,455.0602018700668,533072.2170691014,"[0.2, 0.2, 0.2, 0.2, 0.2]"
9985,147.00737204824503,557994.8412832993,"[0.2, 0.2, 0.2, 0.2, 0.2]"
9986,387.0593584399171,444310.8932017281,"[0.2, 0.2, 0.2, 0.2, 0.2]"
9987,376.36394190767436,378341.8830905914,"[0.2, 0.2, 0.2, 0.2, 0.2]"
9988,15.897993059218,859160.5879948754,"[0.2, 0.2, 0.2, 0.2, 0.2]"
9989,619.5155825389278,159908.71820827195,"[0.2, 0.2, 0.2, 0.2, 0.2]"
9990,893.1094028906066,382741.4313739591,"[0.2, 0.2, 0.2, 0.2, 0.2]"
9991,670.8823656399054,653805.4460477328,"[0.2, 0.2, 0.2, 0.2, 0.2]"
9992,568.1879990557557,175505.85848172155,"[0.2, 0.2, 0.2, 0.2, 0.2]"
9993,694.67612222445,153471.73694315768,"[0.2, 0.2, 0.2, 0.2, 0.2]"
9994,177.0685670134408,960414.2327188195,"[0.2, 0.2, 0.2, 0.2, 0.2]"
9995,209.21399971905484,632301.5159481792,"[0.2, 0.2, 0.2, 0.2, 0.2]"
9996,358.3725110318224,842512.1488092128,"[0.2, 0.2, 0.2, 0.2, 0.2]"
9997,101.80434155292903,926498.2326869939,"[0.2, 0.2, 0.2, 0.2, 0.2]"
9998,461.6177600690449,218556.6218801341,"[0.2, 0.2, 0.2, 0.2, 0.2]"
9999,886.5707875763028,415764.5686282271,"[0.2, 0.2, 0.2, 0.2, 0.2]"
10000,931.0908673919243,384676.6606140737,"[0.2, 0.2, 0.2, 0.2, 0.2]"
10001,171.48995825834908,579178.6750092045,"[0.2, 0.2, 0.2, 0.2, 0.2]"
10002,360.18266096779854,255272.21653864044,"[0.2, 0.2, 0.2, 0.2, 0.2]"
10003,293.5139798036681,239451.52496737588,"[0.2, 0.2, 0.2, 0.2, 0.2]"
10004,25.221876701722934,520191.5088647709,"[0.2, 0.2, 0.2, 0.2, 0.2]"
10005,96.66679671889852,949093.5853009071,"[0.2, 0.2, 0.2, 0.2, 0.2]"
10006,504.6740443271813,660356.3040117115,"[0.2, 0.2, 0.2, 0.2, 0.2]"
10007,350.1124234236661,216048.41834791127,"[0.2, 0.2, 0.2, 0.2, 0.2]"
10008,816.0180374864816,924633.3499643127,"[0.2, 0.2, 0.2, 0.2, 0.2]"
10009,123.47271336073624,794824.4879753588,"[0.2, 0.2, 0.2, 0.2, 0.2]"
10010,951.9663864255785,501893.90221673134,"[0.2, 0.2, 0.2, 0.2, 0.2]"
10011,243.52078136079479,217397.49376532543,"[0.2, 0.2, 0.2, 0.2, 0.2]"
10012,361.7069442222117,985673.4879223261,"[0.2, 0.2, 0.2, 0.2, 0.2]"
10013,892.1756004958567,942921.5641192744,"[0.2, 0.2, 0.2, 0.2, 0.2]"
10014,741.2093589557359,868026.3564424214,"[0.2, 0.2, 0.2, 0.2, 0.2]"
10015,33.21262425745935,321976.1464410134,"[0.2, 0.2, 0.2, 0.2, 0.2]"
10016,441.2874079164943,697678.9440602355,"[0.2, 0.2, 0.2, 0.2, 0.2]"
10017,82.90900668642938,688664.1435903925,"[0.2, 0.2, 0.2, 0.2, 0.2]"
10018,808.7521322020806,115492.1954026957,"[0.2, 0.2, 0.2, 0.2, 0.2]"
10019,302.0300795608943,293643.4282475789,"[0.2, 0.2, 0.2, 0.2, 0.2]"
10020,657.9504711413376,800208.3087155799,"[0.2, 0.2, 0.2, 0.2, 0.2]"
10021,936.0953604269274,961637.1927602002,"[0.2, 0.2, 0.2, 0.2, 0.2]"
10022,699.0550845366944,381742.5552418198,"[0.2, 0.2, 0.2, 0.2, 0.2]"
10023,348.60545540071826,461957.92547483114,"[0.2, 0.2, 0.2, 0.2, 0.2]"
10024,216.0273093995964,540909.2228430718,"[0.2, 0.2, 0.2, 0.2, 0.2]"
10025,126.47192599059463,589793.1361798267,"[0.2, 0.2, 0.2, 0.2, 0.2]"
10026,733.43272794522,596534.0925313872,"[0.2, 0.2, 0.2, 0.2, 0.2]"
10027,845.933671184615,478506.1163785282,"[0.2, 0.2, 0.2, 0.2, 0.2]"
10028,224.04538730560037,804720.1124476392,"[0.2, 0.2, 0.2, 0.2, 0.2]"
10029,215.64972175318644,876472.714933836,"[0.2, 0.2, 0.2, 0.2, 0.2]"
10030,217.3533796314428,408715.84101587493,"[0.2, 0.2, 0.2, 0.2, 0.2]"
10031,676.438860469076,842776.9159944163,"[0.2, 0.2, 0.2, 0.2, 0.2]"
10032,988.3009313597372,623674.3100500032,"[0.2, 0.2, 0.2, 0.2, 0.2]"
10033,402.28381384144456,201623.4600846216,"[0.2, 0.2, 0.2, 0.2, 0.2]"
10034,57.91235138191641,652965.3925035041,"[0.2, 0.2, 0.2, 0.2, 0.2]"
10035,927.5971441608981,711886.0349180886,"[0.2, 0.2, 0.2, 0.2, 0.2]"
10036,923.8277525832352,611436.777849568,"[0.2, 0.2, 0.2, 0.2, 0.2]"
10037,81.06253664486248,693405.5904976497,"[0.2, 0.2, 0.2, 0.2, 0.2]"
10038,811.3364296761248,286943.6073130355,"[0.2, 0.2, 0.2, 0.2, 0.2]"
10039,728.8122460662626,793734.9468141695,"[0.2, 0.2, 0.2, 0.2, 0.2]"
10040,602.1427125659119,330148.4547207657,"[0.2, 0.2, 0.2, 0.2, 0.2]"
10041,537.1416420530209,146245.8785894252,"[0.2, 0.2, 0.2, 0.2, 0.2]"
10042,897.0899056610281,448322.59218155657,"[0.2, 0.2, 0.2, 0.2, 0.2]"
10043,855.0922859485497,150439.8484637127,"[0.2, 0.2, 0.2, 0.2, 0.2]"
10044,598.8177227487057,850944.8585478506,"[0.2, 0.2, 0.2, 0.2, 0.2]"
10045,662.8320040864639,288462.8344611501,"[0.2, 0.2, 0.2, 0.2, 0.2]"
10046,147.6798057116205,300045.33083657175,"[0.2, 0.2, 0.2, 0.2, 0.2]"
10047,855.856416728142,225430.99233615532,"[0.2, 0.2, 0.2, 0.2, 0.2]"
10048,844.0216966769102,280807.3089394434,"[0.2, 0.2, 0.2, 0.2, 0.2]"
10049,500.93959137577434,414811.385941113,"[0.2, 0.2, 0.2, 0.2, 0.2]"
10050,556.5333371437773,253993.10419524708,"[0.2, 0.2, 0.2, 0.2, 0.2]"
10051,126.74735199618547,597289.9915194684,"[0.2, 0.2, 0.2, 0.2, 0.2]"
10052,941.0818004963489,549716.2947629776,"[0.2, 0.2, 0.2, 0.2, 0.2]"
10053,164.69995582169463,922031.6340452061,"[0.2, 0.2, 0.2, 0.2, 0.2]"
10054,240.87343487372928,782628.803923331,"[0.2, 0.2, 0.2, 0.2, 0.2]"
10055,407.67099765154535,540716.9109117715,"[0.2, 0.2, 0.2, 0.2, 0.2]"
10056,487.53584258750374,224811.24872421514,"[0.2, 0.2, 0.2, 0.2, 0.2]"
10057,138.88953651719726,178303.41545756583,"[0.2, 0.2, 0.2, 0.2, 0.2]"
10058,666.2352458226816,207791.5805667615,"[0.2, 0.2, 0.2, 0.2, 0.2]"
10059,65.84530180719275,748686.87151662,"[0.2, 0.2, 0.2, 0.2, 0.2]"
10060,115.8869592515244,121398.13284196972,"[0.2, 0.2, 0.2, 0.2, 0.2]"
10061,675.1227438305128,445823.7751873726,"[0.2, 0.2, 0.2, 0.2, 0.2]"
10062,944.1516985803116,491294.57115793915,"[0.2, 0.2, 0.2, 0.2, 0.2]"
10063,494.1611047461,135392.56168828154,"[0.2, 0.2, 0.2, 0.2, 0.2]"
10064,513.6418550650227,454658.1102373622,"[0.2, 0.2, 0.2, 0.2, 0.2]"
10065,423.66890503602843,929202.8910737964,"[0.2, 0.2, 0.2, 0.2, 0.2]"
10066,38.11431308249585,228573.43105323467,"[0.2, 0.2, 0.2, 0.2, 0.2]"
10067,511.8162360267984,636818.0599793034,"[0.2, 0.2, 0.2, 0.2, 0.2]"
10068,371.30150298435876,412979.1887029222,"[0.2, 0.2, 0.2, 0.2, 0.2]"
10069,194.1056227899259,964830.8615476907,"[0.2, 0.2, 0.2, 0.2, 0.2]"
10070,372.9851296489286,816466.6438972217,"[0.2, 0.2, 0.2, 0.2, 0.2]"
10071,17.538085137425973,963376.3423985048,"[0.2, 0.2, 0.2, 0.2, 0.2]"
10072,987.7335980509116,941276.4733947389,"[0.2, 0.2, 0.2, 0.2, 0.2]"
10073,165.6801207610324,884028.6268127692,"[0.2, 0.2, 0.2, 0.2, 0.2]"
10074,265.403857707026,438435.39625275135,"[0.2, 0.2, 0.2, 0.2, 0.2]"
10075,612.7566349842101,428760.30117026693,"[0.2, 0.2, 0.2, 0.2, 0.2]"
10076,219.09056015806303,389530.1912699077,"[0.2, 0.2, 0.2, 0.2, 0.2]"
10077,673.5405394353685,339891.3710664335,"[0.2, 0.2, 0.2, 0.2, 0.2]"
10078,265.1108587225769,876272.0652303621,"[0.2, 0.2, 0.2, 0.2, 0.2]"
10079,366.4624792962243,594339.9171775521,"[0.2, 0.2, 0.2, 0.2, 0.2]"
10080,665.3945619779162,153457.6715298959,"[0.2, 0.2, 0.2, 0.2, 0.2]"
10081,256.4500770882287,386129.85226212075,"[0.2, 0.2, 0.2, 0.2, 0.2]"
10082,807.6853681845469,720582.0781834625,"[0.2, 0.2, 0.2, 0.2, 0.2]"
10083,954.6440367176705,959858.2922358715,"[0.2, 0.2, 0.2, 0.2, 0.2]"
10084,926.8327012208334,660240.3611239657,"[0.2, 0.2, 0.2, 0.2, 0.2]"
10085,391.61456588986204,946130.3395873413,"[0.2, 0.2, 0.2, 0.2, 0.2]"
10086,408.70469946324397,474773.6516629082,"[0.2, 0.2, 0.2, 0.2, 0.2]"
10087,370.66630961449675,949911.8700338252,"[0.2, 0.2, 0.2, 0.2, 0.2]"
10088,61.41706634877125,961252.6518711743,"[0.2, 0.2, 0.2, 0.2, 0.2]"
10089,380.68017807281745,559087.9175303645,"[0.2, 0.2, 0.2, 0.2, 0.2]"
10090,805.7665219427282,228248.13881655462,"[0.2, 0.2, 0.2, 0.2, 0.2]"
10091,431.9871706655487,654965.2330295343,"[0.2, 0.2, 0.2, 0.2, 0.2]"
10092,248.302154521513,290013.10199692764,"[0.2, 0.2, 0.2, 0.2, 0.2]"
10093,286.1023045233879,166153.1348927528,"[0.2, 0.2, 0.2, 0.2, 0.2]"
10094,504.49785365998827,342969.05249850685,"[0.2, 0.2, 0.2, 0.2, 0.2]"
10095,902.3321916407297,763638.0307823267,"[0.2, 0.2, 0.2, 0.2, 0.2]"
10096,733.6721616667568,474164.8116723067,"[0.2, 0.2, 0.2, 0.2, 0.2]"
10097,15.80408321266738,176997.9102838629,"[0.2, 0.2, 0.2, 0.2, 0.2]"
10098,961.0981217988539,264791.7583380125,"[0.2, 0.2, 0.2, 0.2, 0.2]"
10099,800.7643302599163,645316.2877984523,"[0.2, 0.2, 0.2, 0.2, 0.2]"
10100,233.1826305276236,630146.5976231099,"[0.2, 0.2, 0.2, 0.2, 0.2]"
10101,412.0627595583386,968082.5015047091,"[0.2, 0.2, 0.2, 0.2, 0.2]"
10102,569.0450858616779,778329.7590102132,"[0.2, 0.2, 0.2, 0.2, 0.2]"
10103,779.1298742486996,590919.6539530219,"[0.2, 0.2, 0.2, 0.2, 0.2]"
10104,198.68408015482476,203316.77443817057,"[0.2, 0.2, 0.2, 0.2, 0.2]"
10105,339.17316769470204,713200.2079961075,"[0.2, 0.2, 0.2, 0.2, 0.2]"
10106,356.50578041796086,528966.5764276976,"[0.2, 0.2, 0.2, 0.2, 0.2]"
10107,809.0354742377336,815046.1353941644,"[0.2, 0.2, 0.2, 0.2, 0.2]"
10108,955.6218631497132,442480.8450362908,"[0.2, 0.2, 0.2, 0.2, 0.2]"
10109,424.1456050907462,710699.618668854,"[0.2, 0.2, 0.2, 0.2, 0.2]"
10110,401.54418858639093,693156.6429008648,"[0.2, 0.2, 0.2, 0.2, 0.2]"
10111,392.8920212255451,974947.4755147294,"[0.2, 0.2, 0.2, 0.2, 0.2]"
10112,649.5969389512871,736519.8005437512,"[0.2, 0.2, 0.2, 0.2, 0.2]"
10113,449.776270410595,941851.5339669385,"[0.2, 0.2, 0.2, 0.2, 0.2]"
10114,124.60684871966944,974267.068490665,"[0.2, 0.2, 0.2, 0.2, 0.2]"
10115,140.65066896189603,454966.3045134303,"[0.2, 0.2, 0.2, 0.2, 0.2]"
10116,469.3086856500233,557985.2937926557,"[0.2, 0.2, 0.2, 0.2, 0.2]"
10117,194.01129266444934,157534.4094546514,"[0.2, 0.2, 0.2, 0.2, 0.2]"
10118,624.3948323877357,713686.5059392619,"[0.2, 0.2, 0.2, 0.2, 0.2]"
10119,410.5257813902791,298048.24359009846,"[0.2, 0.2, 0.2, 0.2, 0.2]"
10120,580.1006332391071,595858.6371417582,"[0.2, 0.2, 0.2, 0.2, 0.2]"
10121,590.2610199729527,993244.4988735789,"[0.2, 0.2, 0.2, 0.2, 0.2]"
10122,648.9853079802174,126657.83351604655,"[0.2, 0.2, 0.2, 0.2, 0.2]"
10123,93.3694364503114,748962.6870433833,"[0.2, 0.2, 0.2, 0.2, 0.2]"
10124,411.0503457653896,736194.5708361666,"[0.2, 0.2, 0.2, 0.2, 0.2]"
10125,737.8379177781878,920244.7019196608,"[0.2, 0.2, 0.2, 0.2, 0.2]"
10126,607.9103310759044,786290.6887003703,"[0.2, 0.2, 0.2, 0.2, 0.2]"
10127,209.93338607595166,953443.5444351523,"[0.2, 0.2, 0.2, 0.2, 0.2]"
10128,97.9958341618789,732791.2128495029,"[0.2, 0.2, 0.2, 0.2, 0.2]"
10129,80.57447192127421,947971.352573777,"[0.2, 0.2, 0.2, 0.2, 0.2]"
10130,64.2290119060354,996362.1758083212,"[0.2, 0.2, 0.2, 0.2, 0.2]"
10131,402.3864833529644,276686.48887810454,"[0.2, 0.2, 0.2, 0.2, 0.2]"
10132,382.8856415220216,348035.98024758766,"[0.2, 0.2, 0.2, 0.2, 0.2]"
10133,909.1236069058324,593571.2934279449,"[0.2, 0.2, 0.2, 0.2, 0.2]"
10134,121.78008228763267,435564.5007096943,"[0.2, 0.2, 0.2, 0.2, 0.2]"
10135,960.2023925307112,986072.0922573882,"[0.2, 0.2, 0.2, 0.2, 0.2]"
10136,741.8823597717022,905649.757070562,"[0.2, 0.2, 0.2, 0.2, 0.2]"
10137,786.5461472988688,874058.2269820033,"[0.2, 0.2, 0.2, 0.2, 0.2]"
10138,92.88148951828568,176558.77671889827,"[0.2, 0.2, 0.2, 0.2, 0.2]"
10139,350.3748189944977,548303.9925091525,"[0.2, 0.2, 0.2, 0.2, 0.2]"
10140,738.8016849388434,637078.6050071003,"[0.2, 0.2, 0.2, 0.2, 0.2]"
10141,770.3117930673061,157237.70885481752,"[0.2, 0.2, 0.2, 0.2, 0.2]"
10142,119.6282855180932,184144.7178158918,"[0.2, 0.2, 0.2, 0.2, 0.2]"
10143,345.77955103940917,174105.61024084792,"[0.2, 0.2, 0.2, 0.2, 0.2]"
10144,605.0972902206862,133393.38267924514,"[0.2, 0.2, 0.2, 0.2, 0.2]"
10145,555.9429535448947,930433.031788084,"[0.2, 0.2, 0.2, 0.2, 0.2]"
10146,987.2847961462356,937226.1358943658,"[0.2, 0.2, 0.2, 0.2, 0.2]"
10147,621.0453553787792,541095.775508689,"[0.2, 0.2, 0.2, 0.2, 0.2]"
10148,329.18029026838065,712301.6636162783,"[0.2, 0.2, 0.2, 0.2, 0.2]"
10149,891.6341117004729,278081.7159584578,"[0.2, 0.2, 0.2, 0.2, 0.2]"
10150,381.2067894839833,531688.0218083893,"[0.2, 0.2, 0.2, 0.2, 0.2]"
10151,568.6955776051823,843283.6780541827,"[0.2, 0.2, 0.2, 0.2, 0.2]"
10152,981.0182458987418,574388.547625936,"[0.2, 0.2, 0.2, 0.2, 0.2]"
10153,257.4718328229693,365376.11757014354,"[0.2, 0.2, 0.2, 0.2, 0.2]"
10154,347.8898048851377,507498.3445924495,"[0.2, 0.2, 0.2, 0.2, 0.2]"
10155,911.2417731594655,451789.06059847225,"[0.2, 0.2, 0.2, 0.2, 0.2]"
10156,290.1858559526496,965916.0506712806,"[0.2, 0.2, 0.2, 0.2, 0.2]"
10157,865.4237555895547,263249.70022243913,"[0.2, 0.2, 0.2, 0.2, 0.2]"
10158,756.7856974150235,757182.4067778678,"[0.2, 0.2, 0.2, 0.2, 0.2]"
10159,90.30229304035919,945873.3204994303,"[0.2, 0.2, 0.2, 0.2, 0.2]"
10160,979.5564224856092,905235.220367754,"[0.2, 0.2, 0.2, 0.2, 0.2]"
10161,54.30814100052667,140953.9219978053,"[0.2, 0.2, 0.2, 0.2, 0.2]"
10162,815.4473550846457,920407.4620902431,"[0.2, 0.2, 0.2, 0.2, 0.2]"
10163,830.9400837798897,843806.3473967719,"[0.2, 0.2, 0.2, 0.2, 0.2]"
10164,949.4708932892999,915433.6221101622,"[0.2, 0.2, 0.2, 0.2, 0.2]"
10165,196.38489781391945,129315.90721088281,"[0.2, 0.2, 0.2, 0.2, 0.2]"
10166,474.43789663047306,328669.3125729781,"[0.2, 0.2, 0.2, 0.2, 0.2]"
10167,395.2461342191356,152983.18101287738,"[0.2, 0.2, 0.2, 0.2, 0.2]"
10168,248.74924571341163,483207.0494705853,"[0.2, 0.2, 0.2, 0.2, 0.2]"
10169,316.2887477246286,967955.093813979,"[0.2, 0.2, 0.2, 0.2, 0.2]"
10170,260.22137440708275,336231.4287920307,"[0.2, 0.2, 0.2, 0.2, 0.2]"
10171,709.4740351632506,907277.2668662355,"[0.2, 0.2, 0.2, 0.2, 0.2]"
10172,77.87059571724528,172646.67553820316,"[0.2, 0.2, 0.2, 0.2, 0.2]"
10173,789.0471588463289,351572.2739455021,"[0.2, 0.2, 0.2, 0.2, 0.2]"
10174,537.1688611509434,408818.0508820334,"[0.2, 0.2, 0.2, 0.2, 0.2]"
10175,167.13440459349016,563880.961830038,"[0.2, 0.2, 0.2, 0.2, 0.2]"
10176,998.8618987944944,372892.9906874374,"[0.2, 0.2, 0.2, 0.2, 0.2]"
10177,72.08907309434179,619749.6821138128,"[0.2, 0.2, 0.2, 0.2, 0.2]"
10178,331.5295452930744,985374.468379538,"[0.2, 0.2, 0.2, 0.2, 0.2]"
10179,559.5147619214157,900230.6714061983,"[0.2, 0.2, 0.2, 0.2, 0.2]"
10180,628.2390014858489,411579.3743151793,"[0.2, 0.2, 0.2, 0.2, 0.2]"
10181,429.712678600585,448748.0760735349,"[0.2, 0.2, 0.2, 0.2, 0.2]"
10182,555.843890333032,572078.0845279404,"[0.2, 0.2, 0.2, 0.2, 0.2]"
10183,913.2529610196506,942200.2502134418,"[0.2, 0.2, 0.2, 0.2, 0.2]"
10184,132.60469927845136,132296.1549240849,"[0.2, 0.2, 0.2, 0.2, 0.2]"
10185,305.31219734823554,234166.65754771832,"[0.2, 0.2, 0.2, 0.2, 0.2]"
10186,102.10328396912462,996444.5807341312,"[0.2, 0.2, 0.2, 0.2, 0.2]"
10187,142.98626486754407,643013.6271789599,"[0.2, 0.2, 0.2, 0.2, 0.2]"
10188,679.5957384559499,457222.9215449917,"[0.2, 0.2, 0.2, 0.2, 0.2]"
10189,179.34003380005217,812954.027770448,"[0.2, 0.2, 0.2, 0.2, 0.2]"
10190,950.0550060193807,835267.901401783,"[0.2, 0.2, 0.2, 0.2, 0.2]"
10191,268.5594310554763,724653.476891017,"[0.2, 0.2, 0.2, 0.2, 0.2]"
10192,962.5281544781169,420421.6366179303,"[0.2, 0.2, 0.2, 0.2, 0.2]"
10193,21.12512080900637,130281.49157108477,"[0.2, 0.2, 0.2, 0.2, 0.2]"
10194,402.32746328181,352785.1611394229,"[0.2, 0.2, 0.2, 0.2, 0.2]"
10195,949.2312939525742,563587.285406325,"[0.2, 0.2, 0.2, 0.2, 0.2]"
10196,443.8048112819302,647330.4872665802,"[0.2, 0.2, 0.2, 0.2, 0.2]"
10197,843.3808164619026,766223.113418501,"[0.2, 0.2, 0.2, 0.2, 0.2]"
10198,514.7826849139494,114279.91109185579,"[0.2, 0.2, 0.2, 0.2, 0.2]"
10199,32.96647702032083,595220.3043253159,"[0.2, 0.2, 0.2, 0.2, 0.2]"
10200,338.8658439177658,285381.71849669365,"[0.2, 0.2, 0.2, 0.2, 0.2]"
10201,444.30481027697044,514861.81759162934,"[0.2, 0.2, 0.2, 0.2, 0.2]"
10202,518.7314408613491,805773.0461442531,"[0.2, 0.2, 0.2, 0.2, 0.2]"
10203,541.8717031033618,972920.1404195965,"[0.2, 0.2, 0.2, 0.2, 0.2]"
10204,450.03834637271694,830255.7012069165,"[0.2, 0.2, 0.2, 0.2, 0.2]"
10205,467.45158800357467,942860.3236413115,"[0.2, 0.2, 0.2, 0.2, 0.2]"
10206,713.7387199203855,291504.1454371769,"[0.2, 0.2, 0.2, 0.2, 0.2]"
10207,786.9667974939101,777316.0655311096,"[0.2, 0.2, 0.2, 0.2, 0.2]"
10208,424.56438405623516,151131.77587738598,"[0.2, 0.2, 0.2, 0.2, 0.2]"
10209,277.4111030863357,370915.27550347,"[0.2, 0.2, 0.2, 0.2, 0.2]"
10210,475.8001668875186,630241.3768899151,"[0.2, 0.2, 0.2, 0.2, 0.2]"
10211,258.1225230434433,925891.1796200876,"[0.2, 0.2, 0.2, 0.2, 0.2]"
10212,206.79225151440065,919072.9847675778,"[0.2, 0.2, 0.2, 0.2, 0.2]"
10213,246.8280287337283,583771.5853856945,"[0.2, 0.2, 0.2, 0.2, 0.2]"
10214,497.81663313770434,836731.6723025285,"[0.2, 0.2, 0.2, 0.2, 0.2]"
10215,388.93854846931475,512985.3447405414,"[0.2, 0.2, 0.2, 0.2, 0.2]"
10216,171.82863317589636,596702.769222264,"[0.2, 0.2, 0.2, 0.2, 0.2]"
10217,406.4039885587524,694748.7886509136,"[0.2, 0.2, 0.2, 0.2, 0.2]"
10218,776.4170934519004,815771.3297996995,"[0.2, 0.2, 0.2, 0.2, 0.2]"
10219,152.81345059251083,783607.3547059215,"[0.2, 0.2, 0.2, 0.2, 0.2]"
10220,725.2263429823406,600204.7507510027,"[0.2, 0.2, 0.2, 0.2, 0.2]"
10221,287.62953972585933,208136.53447282367,"[0.2, 0.2, 0.2, 0.2, 0.2]"
10222,722.4152847385981,288330.1646490765,"[0.2, 0.2, 0.2, 0.2, 0.2]"
10223,282.32941868855914,508756.6640438898,"[0.2, 0.2, 0.2, 0.2, 0.2]"
10224,808.8642957908961,232883.16653903082,"[0.2, 0.2, 0.2, 0.2, 0.2]"
10225,339.6272665594693,262151.46128792467,"[0.2, 0.2, 0.2, 0.2, 0.2]"
10226,936.7317491228821,420697.0824398537,"[0.2, 0.2, 0.2, 0.2, 0.2]"
10227,696.0268897461613,248524.55759491323,"[0.2, 0.2, 0.2, 0.2, 0.2]"
10228,410.40283569331154,466779.80208351096,"[0.2, 0.2, 0.2, 0.2, 0.2]"
10229,416.67498676352295,198991.7788015486,"[0.2, 0.2, 0.2, 0.2, 0.2]"
10230,952.8134540146332,555956.0859921025,"[0.2, 0.2, 0.2, 0.2, 0.2]"
10231,773.0892638210325,866253.9900358752,"[0.2, 0.2, 0.2, 0.2, 0.2]"
10232,410.10878084516605,668347.4765485297,"[0.2, 0.2, 0.2, 0.2, 0.2]"
10233,430.0916781021154,851918.4488621737,"[0.2, 0.2, 0.2, 0.2, 0.2]"
10234,61.02775604306013,186002.25055538502,"[0.2, 0.2, 0.2, 0.2, 0.2]"
10235,206.1974997200915,137577.08277076881,"[0.2, 0.2, 0.2, 0.2, 0.2]"
10236,247.37265575896984,249579.28761394607,"[0.2, 0.2, 0.2, 0.2, 0.2]"
10237,990.9772761885135,983020.8439078776,"[0.2, 0.2, 0.2, 0.2, 0.2]"
10238,818.0162311299385,775892.580532307,"[0.2, 0.2, 0.2, 0.2, 0.2]"
10239,698.5944230790623,164142.23840840257,"[0.2, 0.2, 0.2, 0.2, 0.2]"
10240,597.1216775887777,934407.1006322089,"[0.2, 0.2, 0.2, 0.2, 0.2]"
10241,57.50724100149027,564407.5700473473,"[0.2, 0.2, 0.2, 0.2, 0.2]"
10242,982.3261494140859,611330.383267608,"[0.2, 0.2, 0.2, 0.2, 0.2]"
10243,865.2366267284135,540474.886841407,"[0.2, 0.2, 0.2, 0.2, 0.2]"
10244,745.57897426142,103427.45511531431,"[0.2, 0.2, 0.2, 0.2, 0.2]"
10245,778.7445569428088,432311.3798400199,"[0.2, 0.2, 0.2, 0.2, 0.2]"
10246,278.71283778148717,332599.1732449486,"[0.2, 0.2, 0.2, 0.2, 0.2]"
10247,662.5183321829745,584859.4462502007,"[0.2, 0.2, 0.2, 0.2, 0.2]"
10248,147.1054214291936,697137.5121918742,"[0.2, 0.2, 0.2, 0.2, 0.2]"
10249,82.29077259076503,779309.4925008331,"[0.2, 0.2, 0.2, 0.2, 0.2]"
10250,782.8296891692283,200874.02511383977,"[0.2, 0.2, 0.2, 0.2, 0.2]"
10251,754.4326006687107,683569.5429128908,"[0.2, 0.2, 0.2, 0.2, 0.2]"
10252,113.43429354959221,834338.9143380407,"[0.2, 0.2, 0.2, 0.2, 0.2]"
10253,769.0835096823204,523082.9300114366,"[0.2, 0.2, 0.2, 0.2, 0.2]"
10254,75.000141758615,953317.4793734312,"[0.2, 0.2, 0.2, 0.2, 0.2]"
10255,868.7545369002557,645537.4459903566,"[0.2, 0.2, 0.2, 0.2, 0.2]"
10256,642.3283848194321,883807.7772316241,"[0.2, 0.2, 0.2, 0.2, 0.2]"
10257,416.25813878663723,614705.6957731781,"[0.2, 0.2, 0.2, 0.2, 0.2]"
10258,341.7208074302879,789950.8721206457,"[0.2, 0.2, 0.2, 0.2, 0.2]"
10259,868.636974583778,308287.9975606882,"[0.2, 0.2, 0.2, 0.2, 0.2]"
10260,295.8226906346099,504247.47027191846,"[0.2, 0.2, 0.2, 0.2, 0.2]"
10261,192.03715489011736,254046.06283570552,"[0.2, 0.2, 0.2, 0.2, 0.2]"
10262,744.2666943803914,800261.1576395242,"[0.2, 0.2, 0.2, 0.2, 0.2]"
10263,483.05428230467186,793357.9535699568,"[0.2, 0.2, 0.2, 0.2, 0.2]"
10264,370.6537907338387,234890.1187498193,"[0.2, 0.2, 0.2, 0.2, 0.2]"
10265,626.6745452161778,263340.42753075314,"[0.2, 0.2, 0.2, 0.2, 0.2]"
10266,858.2187843868008,833014.8892549578,"[0.2, 0.2, 0.2, 0.2, 0.2]"
10267,816.3064282624988,747077.4911585287,"[0.2, 0.2, 0.2, 0.2, 0.2]"
10268,748.8046353202448,154278.6875892657,"[0.2, 0.2, 0.2, 0.2, 0.2]"
10269,822.9694738526009,497423.1950699478,"[0.2, 0.2, 0.2, 0.2, 0.2]"
10270,469.3259603356329,319855.8512775124,"[0.2, 0.2, 0.2, 0.2, 0.2]"
10271,279.5425884815572,973158.9937367218,"[0.2, 0.2, 0.2, 0.2, 0.2]"
10272,172.69940916531993,226111.29746406822,"[0.2, 0.2, 0.2, 0.2, 0.2]"
10273,159.32749575642288,617628.7915617677,"[0.2, 0.2, 0.2, 0.2, 0.2]"
10274,688.0829372081403,609837.2183613151,"[0.2, 0.2, 0.2, 0.2, 0.2]"
10275,990.0201085161701,511526.93851827964,"[0.2, 0.2, 0.2, 0.2, 0.2]"
10276,746.7211429786711,675001.0623078316,"[0.2, 0.2, 0.2, 0.2, 0.2]"
10277,654.7434407084648,454349.0514728394,"[0.2, 0.2, 0.2, 0.2, 0.2]"
10278,515.7579505054523,982339.3168653678,"[0.2, 0.2, 0.2, 0.2, 0.2]"
10279,37.95668110380091,579164.0562288964,"[0.2, 0.2, 0.2, 0.2, 0.2]"
10280,170.12998788402393,447112.5375440337,"[0.2, 0.2, 0.2, 0.2, 0.2]"
10281,467.84343840625604,105571.3101488793,"[0.2, 0.2, 0.2, 0.2, 0.2]"
10282,995.8744882528015,633718.2725251595,"[0.2, 0.2, 0.2, 0.2, 0.2]"
10283,83.16189773851916,220091.4627355913,"[0.2, 0.2, 0.2, 0.2, 0.2]"
10284,498.41810089474257,881728.2058319573,"[0.2, 0.2, 0.2, 0.2, 0.2]"
10285,199.1427100188249,996092.2306535864,"[0.2, 0.2, 0.2, 0.2, 0.2]"
10286,850.8595596787645,443228.87867582677,"[0.2, 0.2, 0.2, 0.2, 0.2]"
10287,201.05948311798394,922808.9130256871,"[0.2, 0.2, 0.2, 0.2, 0.2]"
10288,421.33020197615826,307049.7542844209,"[0.2, 0.2, 0.2, 0.2, 0.2]"
10289,930.1764337608192,245271.47920222665,"[0.2, 0.2, 0.2, 0.2, 0.2]"
10290,982.0509283481452,170380.5841762779,"[0.2, 0.2, 0.2, 0.2, 0.2]"
10291,382.2266747750627,380145.5897152658,"[0.2, 0.2, 0.2, 0.2, 0.2]"
10292,886.1544276387033,222039.89687572003,"[0.2, 0.2, 0.2, 0.2, 0.2]"
10293,37.84969813180861,738538.26266882,"[0.2, 0.2, 0.2, 0.2, 0.2]"
10294,191.69577253823897,465777.8557391818,"[0.2, 0.2, 0.2, 0.2, 0.2]"
10295,353.85953525581385,591205.1973997507,"[0.2, 0.2, 0.2, 0.2, 0.2]"
10296,830.4719977766579,762218.2196939084,"[0.2, 0.2, 0.2, 0.2, 0.2]"
10297,910.9784480492467,473798.20522404875,"[0.2, 0.2, 0.2, 0.2, 0.2]"
10298,440.78883979496186,857133.3629090812,"[0.2, 0.2, 0.2, 0.2, 0.2]"
10299,690.3828361867611,693820.1247381491,"[0.2, 0.2, 0.2, 0.2, 0.2]"
10300,610.9860008251197,199268.28744060814,"[0.2, 0.2, 0.2, 0.2, 0.2]"
10301,823.3931622566441,465291.46398844745,"[0.2, 0.2, 0.2, 0.2, 0.2]"
10302,672.6673079604349,470156.02911282895,"[0.2, 0.2, 0.2, 0.2, 0.2]"
10303,182.2509755840346,260776.3637233064,"[0.2, 0.2, 0.2, 0.2, 0.2]"
10304,211.68225512119014,165162.90195997595,"[0.2, 0.2, 0.2, 0.2, 0.2]"
10305,13.626125211660085,841826.1356202255,"[0.2, 0.2, 0.2, 0.2, 0.2]"
10306,838.4286386819715,101491.21876280355,"[0.2, 0.2, 0.2, 0.2, 0.2]"
10307,794.2670259254195,691440.4600279493,"[0.2, 0.2, 0.2, 0.2, 0.2]"
10308,795.0053215166839,201957.9829444557,"[0.2, 0.2, 0.2, 0.2, 0.2]"
10309,520.4755803172536,461790.8311084687,"[0.2, 0.2, 0.2, 0.2, 0.2]"
10310,303.87918256009,120735.56108222932,"[0.2, 0.2, 0.2, 0.2, 0.2]"
10311,875.1447538739618,653753.7795088134,"[0.2, 0.2, 0.2, 0.2, 0.2]"
10312,724.5617717112933,366241.4254073862,"[0.2, 0.2, 0.2, 0.2, 0.2]"
10313,784.3598346597147,831973.0283098748,"[0.2, 0.2, 0.2, 0.2, 0.2]"
10314,442.3828820933952,206089.10473047115,"[0.2, 0.2, 0.2, 0.2, 0.2]"
10315,426.89594234048974,277829.7799661064,"[0.2, 0.2, 0.2, 0.2, 0.2]"
10316,732.5015858064916,390508.90457319096,"[0.2, 0.2, 0.2, 0.2, 0.2]"
10317,367.4935455400569,920581.9118524079,"[0.2, 0.2, 0.2, 0.2, 0.2]"
10318,309.918803011391,943017.8365434246,"[0.2, 0.2, 0.2, 0.2, 0.2]"
10319,653.5599695018533,671124.2920962224,"[0.2, 0.2, 0.2, 0.2, 0.2]"
10320,795.0156503732653,850410.2567766423,"[0.2, 0.2, 0.2, 0.2, 0.2]"
10321,309.0189430261165,390757.6386404652,"[0.2, 0.2, 0.2, 0.2, 0.2]"
10322,752.3179987986999,494591.76481114683,"[0.2, 0.2, 0.2, 0.2, 0.2]"
10323,962.7280276722312,121955.20498293368,"[0.2, 0.2, 0.2, 0.2, 0.2]"
10324,505.8868086947834,749127.2278029562,"[0.2, 0.2, 0.2, 0.2, 0.2]"
10325,270.90418360137835,471941.16957846365,"[0.2, 0.2, 0.2, 0.2, 0.2]"
10326,721.9718621367972,849927.793208557,"[0.2, 0.2, 0.2, 0.2, 0.2]"
10327,705.465465989982,600913.647974018,"[0.2, 0.2, 0.2, 0.2, 0.2]"
10328,485.8588443521753,377850.0246019912,"[0.2, 0.2, 0.2, 0.2, 0.2]"
10329,221.79372794525955,236692.64796217682,"[0.2, 0.2, 0.2, 0.2, 0.2]"
10330,865.4812732824308,613507.7197616412,"[0.2, 0.2, 0.2, 0.2, 0.2]"
10331,215.68163673350656,612776.6933678018,"[0.2, 0.2, 0.2, 0.2, 0.2]"
10332,596.1891784769581,325933.56837778684,"[0.2, 0.2, 0.2, 0.2, 0.2]"
10333,476.1689006296175,514887.45652924187,"[0.2, 0.2, 0.2, 0.2, 0.2]"
10334,256.5133085147203,617327.1873187576,"[0.2, 0.2, 0.2, 0.2, 0.2]"
10335,891.124612972191,905412.0761270974,"[0.2, 0.2, 0.2, 0.2, 0.2]"
10336,410.4361244183077,429725.41555412696,"[0.2, 0.2, 0.2, 0.2, 0.2]"
10337,473.39617788756107,680272.2829693198,"[0.2, 0.2, 0.2, 0.2, 0.2]"
10338,848.3366091878798,825152.316954579,"[0.2, 0.2, 0.2, 0.2, 0.2]"
10339,51.13768751057253,243158.31121203615,"[0.2, 0.2, 0.2, 0.2, 0.2]"
10340,858.6477569440461,450576.8238610256,"[0.2, 0.2, 0.2, 0.2, 0.2]"
10341,558.0780060154292,305835.2666690187,"[0.2, 0.2, 0.2, 0.2, 0.2]"
10342,709.5677079098499,124262.89310093169,"[0.2, 0.2, 0.2, 0.2, 0.2]"
10343,420.19262478663967,991648.0213522877,"[0.2, 0.2, 0.2, 0.2, 0.2]"
10344,886.0920075081347,738136.8823522229,"[0.2, 0.2, 0.2, 0.2, 0.2]"
10345,756.8747727763069,372685.9935799022,"[0.2, 0.2, 0.2, 0.2, 0.2]"
10346,220.39372273502724,428533.50527685235,"[0.2, 0.2, 0.2, 0.2, 0.2]"
10347,787.4305101134412,199421.79625189517,"[0.2, 0.2, 0.2, 0.2, 0.2]"
10348,211.8076737164208,735766.6951981805,"[0.2, 0.2, 0.2, 0.2, 0.2]"
10349,354.47015881822546,960933.0608055672,"[0.2, 0.2, 0.2, 0.2, 0.2]"
10350,815.4132595838042,988421.5396506154,"[0.2, 0.2, 0.2, 0.2, 0.2]"
10351,36.7167130229912,401338.3078388559,"[0.2, 0.2, 0.2, 0.2, 0.2]"
10352,666.8589722608541,806366.6790608264,"[0.2, 0.2, 0.2, 0.2, 0.2]"
10353,488.2873878176314,586009.4319182604,"[0.2, 0.2, 0.2, 0.2, 0.2]"
10354,371.0127225119495,780275.4720510953,"[0.2, 0.2, 0.2, 0.2, 0.2]"
10355,369.14753635064767,428116.05926847283,"[0.2, 0.2, 0.2, 0.2, 0.2]"
10356,107.88663051341818,607042.9441492753,"[0.2, 0.2, 0.2, 0.2, 0.2]"
10357,60.0051084732104,439270.080562819,"[0.2, 0.2, 0.2, 0.2, 0.2]"
10358,244.1742979206996,126743.72257900996,"[0.2, 0.2, 0.2, 0.2, 0.2]"
10359,925.2974574334831,196161.12010382744,"[0.2, 0.2, 0.2, 0.2, 0.2]"
10360,985.8416691623106,517443.4411585976,"[0.2, 0.2, 0.2, 0.2, 0.2]"
10361,515.9403575583686,627486.3006375122,"[0.2, 0.2, 0.2, 0.2, 0.2]"
10362,104.20054107527517,138682.6961152075,"[0.2, 0.2, 0.2, 0.2, 0.2]"
10363,910.9139238380862,758793.7324155075,"[0.2, 0.2, 0.2, 0.2, 0.2]"
10364,828.8535972945166,630201.6519349242,"[0.2, 0.2, 0.2, 0.2, 0.2]"
10365,210.4840861403873,914710.0468595743,"[0.2, 0.2, 0.2, 0.2, 0.2]"
10366,633.324792104082,500225.2458214049,"[0.2, 0.2, 0.2, 0.2, 0.2]"
10367,658.1692064874728,249832.0845589569,"[0.2, 0.2, 0.2, 0.2, 0.2]"
10368,457.22409759017523,321860.08865024964,"[0.2, 0.2, 0.2, 0.2, 0.2]"
10369,289.3519379768095,541857.1173096064,"[0.2, 0.2, 0.2, 0.2, 0.2]"
10370,297.173251600828,800164.178419122,"[0.2, 0.2, 0.2, 0.2, 0.2]"
10371,954.523281698285,319193.2995361702,"[0.2, 0.2, 0.2, 0.2, 0.2]"
10372,869.1166174771275,695989.0438411584,"[0.2, 0.2, 0.2, 0.2, 0.2]"
10373,858.0217770113024,102838.24568228672,"[0.2, 0.2, 0.2, 0.2, 0.2]"
10374,184.57536453328245,657410.8101336632,"[0.2, 0.2, 0.2, 0.2, 0.2]"
10375,814.8938151334061,885038.1647590256,"[0.2, 0.2, 0.2, 0.2, 0.2]"
10376,512.5704751527669,752361.9407787643,"[0.2, 0.2, 0.2, 0.2, 0.2]"
10377,302.308413513272,369744.02046149503,"[0.2, 0.2, 0.2, 0.2, 0.2]"
10378,652.8502126664386,187537.3270662835,"[0.2, 0.2, 0.2, 0.2, 0.2]"
10379,546.8745281492326,731131.7317373153,"[0.2, 0.2, 0.2, 0.2, 0.2]"
10380,920.471719693014,837804.754493683,"[0.2, 0.2, 0.2, 0.2, 0.2]"
10381,351.58223106223267,984023.0740329408,"[0.2, 0.2, 0.2, 0.2, 0.2]"
10382,815.8423995686179,624718.3557683674,"[0.2, 0.2, 0.2, 0.2, 0.2]"
10383,683.4913840181871,201769.22118522937,"[0.2, 0.2, 0.2, 0.2, 0.2]"
10384,883.14513848948,372113.3524128811,"[0.2, 0.2, 0.2, 0.2, 0.2]"
10385,422.32396618911685,111208.57547686584,"[0.2, 0.2, 0.2, 0.2, 0.2]"
10386,617.2215960727602,306245.8785608796,"[0.2, 0.2, 0.2, 0.2, 0.2]"
10387,334.5946902465074,554637.4864242715,"[0.2, 0.2, 0.2, 0.2, 0.2]"
10388,208.40605971320304,848964.0407995986,"[0.2, 0.2, 0.2, 0.2, 0.2]"
10389,665.2887163025817,819085.9966088294,"[0.2, 0.2, 0.2, 0.2, 0.2]"
10390,482.5854400532937,555171.9581914532,"[0.2, 0.2, 0.2, 0.2, 0.2]"
10391,778.7537122318682,143309.7722945052,"[0.2, 0.2, 0.2, 0.2, 0.2]"
10392,662.5970110699637,923204.0530273772,"[0.2, 0.2, 0.2, 0.2, 0.2]"
10393,852.2899779251828,675825.8436984066,"[0.2, 0.2, 0.2, 0.2, 0.2]"
10394,802.5116480605744,880380.9467223607,"[0.2, 0.2, 0.2, 0.2, 0.2]"
10395,778.1012001317857,347974.8456264372,"[0.2, 0.2, 0.2, 0.2, 0.2]"
10396,877.7628101156762,777309.775612413,"[0.2, 0.2, 0.2, 0.2, 0.2]"
10397,117.74094740492029,561783.8133206491,"[0.2, 0.2, 0.2, 0.2, 0.2]"
10398,904.9643170895055,469951.1590484254,"[0.2, 0.2, 0.2, 0.2, 0.2]"
10399,701.7673816883312,725989.6470182424,"[0.2, 0.2, 0.2, 0.2, 0.2]"
10400,20.044876793891312,580189.4339421394,"[0.2, 0.2, 0.2, 0.2, 0.2]"
10401,79.04888512468297,370991.9309344279,"[0.2, 0.2, 0.2, 0.2, 0.2]"
10402,888.8972200759549,288148.24598337046,"[0.2, 0.2, 0.2, 0.2, 0.2]"
10403,625.0289523107299,992223.0934347592,"[0.2, 0.2, 0.2, 0.2, 0.2]"
10404,801.373668431094,511269.2478052065,"[0.2, 0.2, 0.2, 0.2, 0.2]"
10405,672.4492740873817,516422.24063230574,"[0.2, 0.2, 0.2, 0.2, 0.2]"
10406,865.8337326446576,594526.6879991118,"[0.2, 0.2, 0.2, 0.2, 0.2]"
10407,77.16365104400539,209953.49642618798,"[0.2, 0.2, 0.2, 0.2, 0.2]"
10408,69.33033164157499,465567.268622462,"[0.2, 0.2, 0.2, 0.2, 0.2]"
10409,598.0842404639774,391762.5299323711,"[0.2, 0.2, 0.2, 0.2, 0.2]"
10410,351.53546241799967,431166.7912555636,"[0.2, 0.2, 0.2, 0.2, 0.2]"
10411,867.6108238192692,612989.6507610951,"[0.2, 0.2, 0.2, 0.2, 0.2]"
10412,395.1656976646074,496655.1432962948,"[0.2, 0.2, 0.2, 0.2, 0.2]"
10413,621.4148389788508,512957.69506403414,"[0.2, 0.2, 0.2, 0.2, 0.2]"
10414,531.7112781024426,780775.2677799162,"[0.2, 0.2, 0.2, 0.2, 0.2]"
10415,169.2391737555057,383513.7730847945,"[0.2, 0.2, 0.2, 0.2, 0.2]"
10416,152.34099892823002,342990.5128947302,"[0.2, 0.2, 0.2, 0.2, 0.2]"
10417,220.68213087410632,412059.6905615861,"[0.2, 0.2, 0.2, 0.2, 0.2]"
10418,894.4399662682658,381732.9909249877,"[0.2, 0.2, 0.2, 0.2, 0.2]"
10419,903.3430161694873,743688.2458794884,"[0.2, 0.2, 0.2, 0.2, 0.2]"
10420,277.25545454974895,362099.8214371734,"[0.2, 0.2, 0.2, 0.2, 0.2]"
10421,856.5112396558955,588650.4137833287,"[0.2, 0.2, 0.2, 0.2, 0.2]"
10422,55.440667203609735,900020.5259007367,"[0.2, 0.2, 0.2, 0.2, 0.2]"
10423,658.445621940128,940052.0713946846,"[0.2, 0.2, 0.2, 0.2, 0.2]"
10424,497.05820907577436,176995.47839694069,"[0.2, 0.2, 0.2, 0.2, 0.2]"
10425,959.2390347832853,554076.1046087774,"[0.2, 0.2, 0.2, 0.2, 0.2]"
10426,65.63744038992803,756079.8290218418,"[0.2, 0.2, 0.2, 0.2, 0.2]"
10427,314.3787058680087,515760.528111424,"[0.2, 0.2, 0.2, 0.2, 0.2]"
10428,884.4209091812482,141252.19909550744,"[0.2, 0.2, 0.2, 0.2, 0.2]"
10429,365.8426263617119,407563.3677745644,"[0.2, 0.2, 0.2, 0.2, 0.2]"
10430,626.1719431903855,575035.3059180616,"[0.2, 0.2, 0.2, 0.2, 0.2]"
10431,362.9051082747887,855469.2298002973,"[0.2, 0.2, 0.2, 0.2, 0.2]"
10432,746.673421104447,216831.02916671275,"[0.2, 0.2, 0.2, 0.2, 0.2]"
10433,851.9795092482165,961544.1267790303,"[0.2, 0.2, 0.2, 0.2, 0.2]"
10434,209.6120385689739,427042.56967731996,"[0.2, 0.2, 0.2, 0.2, 0.2]"
10435,564.4559146725554,388185.296253465,"[0.2, 0.2, 0.2, 0.2, 0.2]"
10436,68.44007490551273,218012.59006653156,"[0.2, 0.2, 0.2, 0.2, 0.2]"
10437,621.560280049695,541813.9174549791,"[0.2, 0.2, 0.2, 0.2, 0.2]"
10438,901.5441074062786,227219.19782676798,"[0.2, 0.2, 0.2, 0.2, 0.2]"
10439,920.4272940051256,270217.6728914202,"[0.2, 0.2, 0.2, 0.2, 0.2]"
10440,999.2325728621961,410748.5579714432,"[0.2, 0.2, 0.2, 0.2, 0.2]"
10441,269.732568733357,647811.0077506735,"[0.2, 0.2, 0.2, 0.2, 0.2]"
10442,887.4154670898635,303421.69240864174,"[0.2, 0.2, 0.2, 0.2, 0.2]"
10443,598.3674328936075,860856.5345022351,"[0.2, 0.2, 0.2, 0.2, 0.2]"
10444,283.62269262673925,380921.70445115195,"[0.2, 0.2, 0.2, 0.2, 0.2]"
10445,680.9046244972521,964073.9955973463,"[0.2, 0.2, 0.2, 0.2, 0.2]"
10446,731.1127826905678,295594.4814083568,"[0.2, 0.2, 0.2, 0.2, 0.2]"
10447,570.8713952584767,423129.2247150814,"[0.2, 0.2, 0.2, 0.2, 0.2]"
10448,840.8345685191124,978942.5935924099,"[0.2, 0.2, 0.2, 0.2, 0.2]"
10449,817.2466906090516,909954.9101222767,"[0.2, 0.2, 0.2, 0.2, 0.2]"
10450,331.3643498410984,358028.5237948834,"[0.2, 0.2, 0.2, 0.2, 0.2]"
10451,927.350004243943,102186.3168022099,"[0.2, 0.2, 0.2, 0.2, 0.2]"
10452,524.8561666695842,611708.5142015901,"[0.2, 0.2, 0.2, 0.2, 0.2]"
10453,86.54183165991053,157144.2440461844,"[0.2, 0.2, 0.2, 0.2, 0.2]"
10454,173.84899283904306,853371.5957500708,"[0.2, 0.2, 0.2, 0.2, 0.2]"
10455,115.33036817609946,755102.8397467973,"[0.2, 0.2, 0.2, 0.2, 0.2]"
10456,933.8313382025626,800497.2912265649,"[0.2, 0.2, 0.2, 0.2, 0.2]"
10457,427.4132235160054,814944.0790622359,"[0.2, 0.2, 0.2, 0.2, 0.2]"
10458,54.56515191819502,250141.163088605,"[0.2, 0.2, 0.2, 0.2, 0.2]"
10459,346.9294531339904,472223.77039799077,"[0.2, 0.2, 0.2, 0.2, 0.2]"
10460,609.0970045181406,440000.23934360954,"[0.2, 0.2, 0.2, 0.2, 0.2]"
10461,630.4818458619385,824233.253105507,"[0.2, 0.2, 0.2, 0.2, 0.2]"
10462,701.4823803058628,156600.448851947,"[0.2, 0.2, 0.2, 0.2, 0.2]"
10463,628.4719154482427,881206.7740120854,"[0.2, 0.2, 0.2, 0.2, 0.2]"
10464,524.2412391672857,703093.5366277201,"[0.2, 0.2, 0.2, 0.2, 0.2]"
10465,443.99014494177527,714046.2454194832,"[0.2, 0.2, 0.2, 0.2, 0.2]"
10466,262.2143143033082,774711.9735964702,"[0.2, 0.2, 0.2, 0.2, 0.2]"
10467,826.5804676278598,347513.54461494845,"[0.2, 0.2, 0.2, 0.2, 0.2]"
10468,63.983031914597305,968537.1839755162,"[0.2, 0.2, 0.2, 0.2, 0.2]"
10469,723.9455442178379,639966.7165182651,"[0.2, 0.2, 0.2, 0.2, 0.2]"
10470,41.78896912475112,942406.1612883186,"[0.2, 0.2, 0.2, 0.2, 0.2]"
10471,811.2378753797561,583414.7746342911,"[0.2, 0.2, 0.2, 0.2, 0.2]"
10472,806.6438852893444,603547.162332454,"[0.2, 0.2, 0.2, 0.2, 0.2]"
10473,775.6800887438266,100974.89744130056,"[0.2, 0.2, 0.2, 0.2, 0.2]"
10474,421.88403725786515,479124.7636196427,"[0.2, 0.2, 0.2, 0.2, 0.2]"
10475,122.32708466690868,478471.11552232783,"[0.2, 0.2, 0.2, 0.2, 0.2]"
10476,93.76840970494715,410729.3965149178,"[0.2, 0.2, 0.2, 0.2, 0.2]"
10477,403.0651016503775,596337.4810567484,"[0.2, 0.2, 0.2, 0.2, 0.2]"
10478,454.27731414023265,769508.3117480904,"[0.2, 0.2, 0.2, 0.2, 0.2]"
10479,113.07050206520002,168087.65878451616,"[0.2, 0.2, 0.2, 0.2, 0.2]"
10480,967.2328877371563,733688.1038524855,"[0.2, 0.2, 0.2, 0.2, 0.2]"
10481,198.84768860201766,783494.8613887626,"[0.2, 0.2, 0.2, 0.2, 0.2]"
10482,551.8729223699605,814808.5370810056,"[0.2, 0.2, 0.2, 0.2, 0.2]"
10483,978.6653077870101,588310.3136588624,"[0.2, 0.2, 0.2, 0.2, 0.2]"
10484,87.25771554474463,429455.02890776226,"[0.2, 0.2, 0.2, 0.2, 0.2]"
10485,250.42698979615938,255991.60050551486,"[0.2, 0.2, 0.2, 0.2, 0.2]"
10486,637.4606689632363,184867.31360601616,"[0.2, 0.2, 0.2, 0.2, 0.2]"
10487,779.1179068141715,947532.0393117504,"[0.2, 0.2, 0.2, 0.2, 0.2]"
10488,554.8253958121879,675028.2469388802,"[0.2, 0.2, 0.2, 0.2, 0.2]"
10489,56.451849897804514,702033.3592782805,"[0.2, 0.2, 0.2, 0.2, 0.2]"
10490,496.98328131659844,795094.3658147674,"[0.2, 0.2, 0.2, 0.2, 0.2]"
10491,992.0024014705889,161246.1956883109,"[0.2, 0.2, 0.2, 0.2, 0.2]"
10492,747.2228371958269,787298.1246697409,"[0.2, 0.2, 0.2, 0.2, 0.2]"
10493,392.9762560266116,805740.4684202746,"[0.2, 0.2, 0.2, 0.2, 0.2]"
10494,139.75918038042724,245741.37365949218,"[0.2, 0.2, 0.2, 0.2, 0.2]"
10495,712.6714928921114,684846.4872601825,"[0.2, 0.2, 0.2, 0.2, 0.2]"
10496,414.5162480496065,537351.5089670077,"[0.2, 0.2, 0.2, 0.2, 0.2]"
10497,882.1840924633595,667228.1938356304,"[0.2, 0.2, 0.2, 0.2, 0.2]"
10498,527.2863357760322,815609.714434917,"[0.2, 0.2, 0.2, 0.2, 0.2]"
10499,534.3697649983156,723209.6938158694,"[0.2, 0.2, 0.2, 0.2, 0.2]"
10500,10.76867299254089,436873.5517489726,"[0.2, 0.2, 0.2, 0.2, 0.2]"
10501,683.6378675921223,802662.2404950093,"[0.2, 0.2, 0.2, 0.2, 0.2]"
10502,535.5065007849729,226437.84249200195,"[0.2, 0.2, 0.2, 0.2, 0.2]"
10503,635.112107125542,483753.69834189815,"[0.2, 0.2, 0.2, 0.2, 0.2]"
10504,556.2077395337895,499409.18870115123,"[0.2, 0.2, 0.2, 0.2, 0.2]"
10505,24.785760167353573,426230.73855089146,"[0.2, 0.2, 0.2, 0.2, 0.2]"
10506,405.0909130343043,208625.4443586072,"[0.2, 0.2, 0.2, 0.2, 0.2]"
10507,149.0211051515649,827389.9990067744,"[0.2, 0.2, 0.2, 0.2, 0.2]"
10508,521.4964990515593,128879.84793118072,"[0.2, 0.2, 0.2, 0.2, 0.2]"
10509,373.3928228932473,726741.8256545893,"[0.2, 0.2, 0.2, 0.2, 0.2]"
10510,78.56633261154418,497141.3098151391,"[0.2, 0.2, 0.2, 0.2, 0.2]"
10511,579.7797204166792,158643.409602498,"[0.2, 0.2, 0.2, 0.2, 0.2]"
10512,982.246900224326,663520.3341143683,"[0.2, 0.2, 0.2, 0.2, 0.2]"
10513,566.5676681327177,574060.7106076753,"[0.2, 0.2, 0.2, 0.2, 0.2]"
10514,629.4918831111723,518751.4876380969,"[0.2, 0.2, 0.2, 0.2, 0.2]"
10515,410.7901039600388,858213.3135005818,"[0.2, 0.2, 0.2, 0.2, 0.2]"
10516,368.1838758599859,746999.9343429736,"[0.2, 0.2, 0.2, 0.2, 0.2]"
10517,534.1895044217799,402844.33686860336,"[0.2, 0.2, 0.2, 0.2, 0.2]"
10518,882.2301257351529,978153.5368416001,"[0.2, 0.2, 0.2, 0.2, 0.2]"
10519,341.1960692368254,349506.2351251552,"[0.2, 0.2, 0.2, 0.2, 0.2]"
10520,889.8697202578935,272243.7944481963,"[0.2, 0.2, 0.2, 0.2, 0.2]"
10521,630.3962345910521,466213.6503465114,"[0.2, 0.2, 0.2, 0.2, 0.2]"
10522,430.42362007440477,162120.6910246577,"[0.2, 0.2, 0.2, 0.2, 0.2]"
10523,201.96911520526805,216608.22792182676,"[0.2, 0.2, 0.2, 0.2, 0.2]"
10524,930.509970537644,419277.5536832405,"[0.2, 0.2, 0.2, 0.2, 0.2]"
10525,290.5401977390516,547955.5203713238,"[0.2, 0.2, 0.2, 0.2, 0.2]"
10526,757.7233669450627,375014.32825002825,"[0.2, 0.2, 0.2, 0.2, 0.2]"
10527,25.048324457881385,188750.33118017076,"[0.2, 0.2, 0.2, 0.2, 0.2]"
10528,211.01862874093464,413609.2324347624,"[0.2, 0.2, 0.2, 0.2, 0.2]"
10529,64.03833468801403,335266.09037716454,"[0.2, 0.2, 0.2, 0.2, 0.2]"
10530,981.489075633531,550144.3596506314,"[0.2, 0.2, 0.2, 0.2, 0.2]"
10531,195.23811132251882,538114.3464658875,"[0.2, 0.2, 0.2, 0.2, 0.2]"
10532,940.4530830072304,172379.974658426,"[0.2, 0.2, 0.2, 0.2, 0.2]"
10533,181.19246266998897,580229.9830763028,"[0.2, 0.2, 0.2, 0.2, 0.2]"
10534,471.43978196952133,402615.8051768196,"[0.2, 0.2, 0.2, 0.2, 0.2]"
10535,627.0771408298588,104189.36120550337,"[0.2, 0.2, 0.2, 0.2, 0.2]"
10536,360.5507128528754,304216.9238210777,"[0.2, 0.2, 0.2, 0.2, 0.2]"
10537,502.12845937825034,336165.5904456092,"[0.2, 0.2, 0.2, 0.2, 0.2]"
10538,144.88091205930402,202177.3061643,"[0.2, 0.2, 0.2, 0.2, 0.2]"
10539,407.42183141826695,295229.6244299575,"[0.2, 0.2, 0.2, 0.2, 0.2]"
10540,263.14527981403694,566520.4460621905,"[0.2, 0.2, 0.2, 0.2, 0.2]"
10541,501.5841157384418,777569.2778388202,"[0.2, 0.2, 0.2, 0.2, 0.2]"
10542,651.048239552272,290519.16327952803,"[0.2, 0.2, 0.2, 0.2, 0.2]"
10543,927.7525328986316,708065.3735862513,"[0.2, 0.2, 0.2, 0.2, 0.2]"
10544,963.483288654796,995908.408235966,"[0.2, 0.2, 0.2, 0.2, 0.2]"
10545,26.263680582575965,197627.34029355072,"[0.2, 0.2, 0.2, 0.2, 0.2]"
10546,568.4999986031739,595749.4026559631,"[0.2, 0.2, 0.2, 0.2, 0.2]"
10547,166.07143077297263,250620.41752469755,"[0.2, 0.2, 0.2, 0.2, 0.2]"
10548,330.0855885447781,731572.4737433849,"[0.2, 0.2, 0.2, 0.2, 0.2]"
10549,207.9898832609138,363251.39560627495,"[0.2, 0.2, 0.2, 0.2, 0.2]"
10550,305.1693053663433,302171.7088522727,"[0.2, 0.2, 0.2, 0.2, 0.2]"
10551,825.0298923830029,770105.5241706744,"[0.2, 0.2, 0.2, 0.2, 0.2]"
10552,90.8924541581617,948220.997405561,"[0.2, 0.2, 0.2, 0.2, 0.2]"
10553,675.558257869626,346869.1623473906,"[0.2, 0.2, 0.2, 0.2, 0.2]"
10554,609.453056338199,759735.0529615727,"[0.2, 0.2, 0.2, 0.2, 0.2]"
10555,697.7266275833641,472418.95853645937,"[0.2, 0.2, 0.2, 0.2, 0.2]"
10556,56.25899709260484,723080.7634823166,"[0.2, 0.2, 0.2, 0.2, 0.2]"
10557,341.4204998451034,991372.0467183205,"[0.2, 0.2, 0.2, 0.2, 0.2]"
10558,743.6965147147016,983175.7950205554,"[0.2, 0.2, 0.2, 0.2, 0.2]"
10559,877.5397303123714,800175.9359593451,"[0.2, 0.2, 0.2, 0.2, 0.2]"
10560,482.0821925103426,314812.6904752739,"[0.2, 0.2, 0.2, 0.2, 0.2]"
10561,257.3315256767993,699569.9487354405,"[0.2, 0.2, 0.2, 0.2, 0.2]"
10562,861.1616033256264,835819.9776236655,"[0.2, 0.2, 0.2, 0.2, 0.2]"
10563,374.7049502355592,435743.5048242761,"[0.2, 0.2, 0.2, 0.2, 0.2]"
10564,528.7587421727304,608792.55735125,"[0.2, 0.2, 0.2, 0.2, 0.2]"
10565,14.295117772139621,578740.0454739173,"[0.2, 0.2, 0.2, 0.2, 0.2]"
10566,660.9037539532335,653303.2703016195,"[0.2, 0.2, 0.2, 0.2, 0.2]"
10567,145.24977899949536,119776.42467105658,"[0.2, 0.2, 0.2, 0.2, 0.2]"
10568,465.5338959021318,351521.9654792597,"[0.2, 0.2, 0.2, 0.2, 0.2]"
10569,463.40426885394226,490262.67697949347,"[0.2, 0.2, 0.2, 0.2, 0.2]"
10570,164.511166703907,889461.269430452,"[0.2, 0.2, 0.2, 0.2, 0.2]"
10571,269.9000929148983,977759.0940645175,"[0.2, 0.2, 0.2, 0.2, 0.2]"
10572,837.3954174392669,346969.7205131116,"[0.2, 0.2, 0.2, 0.2, 0.2]"
10573,156.7375301935447,746469.3957548495,"[0.2, 0.2, 0.2, 0.2, 0.2]"
10574,952.5970221744786,453003.2046833006,"[0.2, 0.2, 0.2, 0.2, 0.2]"
10575,709.9339365018061,775419.3585418105,"[0.2, 0.2, 0.2, 0.2, 0.2]"
10576,673.6867728565591,581606.6521612692,"[0.2, 0.2, 0.2, 0.2, 0.2]"
10577,790.8956383553141,544092.1915027599,"[0.2, 0.2, 0.2, 0.2, 0.2]"
10578,203.06669044909714,959350.3593705711,"[0.2, 0.2, 0.2, 0.2, 0.2]"
10579,326.828029023303,504363.02209559473,"[0.2, 0.2, 0.2, 0.2, 0.2]"
10580,124.10092624520216,722816.3172666333,"[0.2, 0.2, 0.2, 0.2, 0.2]"
10581,221.48932626061176,124792.25251522877,"[0.2, 0.2, 0.2, 0.2, 0.2]"
10582,751.1313853125376,240326.39879863107,"[0.2, 0.2, 0.2, 0.2, 0.2]"
10583,231.83246570469393,716608.2354203223,"[0.2, 0.2, 0.2, 0.2, 0.2]"
10584,506.12321141412394,289295.6006954777,"[0.2, 0.2, 0.2, 0.2, 0.2]"
10585,943.6162543526721,952673.308998916,"[0.2, 0.2, 0.2, 0.2, 0.2]"
10586,607.7346073847009,203521.72365798615,"[0.2, 0.2, 0.2, 0.2, 0.2]"
10587,837.6442225267654,586447.3426946776,"[0.2, 0.2, 0.2, 0.2, 0.2]"
10588,571.297433683336,810159.6850169268,"[0.2, 0.2, 0.2, 0.2, 0.2]"
10589,825.9154804285942,219962.13432551053,"[0.2, 0.2, 0.2, 0.2, 0.2]"
10590,781.9079407846193,455681.9503582786,"[0.2, 0.2, 0.2, 0.2, 0.2]"
10591,171.88751632316553,720388.3540800997,"[0.2, 0.2, 0.2, 0.2, 0.2]"
10592,430.4491855548426,483786.31896390894,"[0.2, 0.2, 0.2, 0.2, 0.2]"
10593,816.5964479622443,564073.3969691182,"[0.2, 0.2, 0.2, 0.2, 0.2]"
10594,621.6577215039181,896866.2803335986,"[0.2, 0.2, 0.2, 0.2, 0.2]"
10595,426.6471164735935,187705.46443927198,"[0.2, 0.2, 0.2, 0.2, 0.2]"
10596,489.11942944203594,444801.4108237347,"[0.2, 0.2, 0.2, 0.2, 0.2]"
10597,331.5853623238243,411427.49231256417,"[0.2, 0.2, 0.2, 0.2, 0.2]"
10598,978.7068168456467,592396.665287476,"[0.2, 0.2, 0.2, 0.2, 0.2]"
10599,763.4533602986784,836495.2453109494,"[0.2, 0.2, 0.2, 0.2, 0.2]"
10600,694.7610587937722,702437.3389732236,"[0.2, 0.2, 0.2, 0.2, 0.2]"
10601,180.62784988511612,326500.10687932384,"[0.2, 0.2, 0.2, 0.2, 0.2]"
10602,734.7003013569305,890327.9761071836,"[0.2, 0.2, 0.2, 0.2, 0.2]"
10603,117.48570997969367,951770.4086276849,"[0.2, 0.2, 0.2, 0.2, 0.2]"
10604,44.436230862376085,434642.98270784516,"[0.2, 0.2, 0.2, 0.2, 0.2]"
10605,945.0580306543833,613460.6565775485,"[0.2, 0.2, 0.2, 0.2, 0.2]"
10606,746.7705561070555,369692.7201607659,"[0.2, 0.2, 0.2, 0.2, 0.2]"
10607,507.5519429524067,412270.84483823285,"[0.2, 0.2, 0.2, 0.2, 0.2]"
10608,727.1253888695165,757349.4691785407,"[0.2, 0.2, 0.2, 0.2, 0.2]"
10609,881.4630486257671,730546.4556140866,"[0.2, 0.2, 0.2, 0.2, 0.2]"
10610,148.28138283165515,118323.37377742724,"[0.2, 0.2, 0.2, 0.2, 0.2]"
10611,648.5253698974252,747524.0801582285,"[0.2, 0.2, 0.2, 0.2, 0.2]"
10612,240.1621275215138,950854.343936904,"[0.2, 0.2, 0.2, 0.2, 0.2]"
10613,554.9680927159055,462645.45855837135,"[0.2, 0.2, 0.2, 0.2, 0.2]"
10614,846.5968124802109,153984.7208194173,"[0.2, 0.2, 0.2, 0.2, 0.2]"
10615,981.3390599914378,605301.1749478711,"[0.2, 0.2, 0.2, 0.2, 0.2]"
10616,158.22064638043875,638688.6855767771,"[0.2, 0.2, 0.2, 0.2, 0.2]"
10617,178.22912183094328,798939.438788758,"[0.2, 0.2, 0.2, 0.2, 0.2]"
10618,418.2883598913533,410464.5687390297,"[0.2, 0.2, 0.2, 0.2, 0.2]"
10619,98.35519496409812,184542.43958882854,"[0.2, 0.2, 0.2, 0.2, 0.2]"
10620,887.2600977894467,972720.6509335485,"[0.2, 0.2, 0.2, 0.2, 0.2]"
10621,657.9722553142545,376603.38907675777,"[0.2, 0.2, 0.2, 0.2, 0.2]"
10622,372.5543847815,950324.4700321421,"[0.2, 0.2, 0.2, 0.2, 0.2]"
10623,952.3483985262457,536003.9369561668,"[0.2, 0.2, 0.2, 0.2, 0.2]"
10624,501.3489939327853,274646.1697464397,"[0.2, 0.2, 0.2, 0.2, 0.2]"
10625,563.2800520137055,837875.182357966,"[0.2, 0.2, 0.2, 0.2, 0.2]"
10626,890.9143525843656,505414.53820259235,"[0.2, 0.2, 0.2, 0.2, 0.2]"
10627,908.9418876816275,172351.02039623086,"[0.2, 0.2, 0.2, 0.2, 0.2]"
10628,592.819899606503,943371.6492188182,"[0.2, 0.2, 0.2, 0.2, 0.2]"
10629,239.68136744331744,749664.6949798606,"[0.2, 0.2, 0.2, 0.2, 0.2]"
10630,893.4231025253654,760624.0688565059,"[0.2, 0.2, 0.2, 0.2, 0.2]"
10631,173.48932003799194,823048.4715533254,"[0.2, 0.2, 0.2, 0.2, 0.2]"
10632,514.0880291026833,274929.23099162075,"[0.2, 0.2, 0.2, 0.2, 0.2]"
10633,20.60610689091185,674708.7983929159,"[0.2, 0.2, 0.2, 0.2, 0.2]"
10634,571.8869289871236,856788.5240569985,"[0.2, 0.2, 0.2, 0.2, 0.2]"
10635,923.4973517040138,853449.8760592479,"[0.2, 0.2, 0.2, 0.2, 0.2]"
10636,498.77520174883136,920963.9598363374,"[0.2, 0.2, 0.2, 0.2, 0.2]"
10637,370.3827594554027,889282.3007687445,"[0.2, 0.2, 0.2, 0.2, 0.2]"
10638,174.87847770142565,281658.659585485,"[0.2, 0.2, 0.2, 0.2, 0.2]"
10639,790.7571367124374,282097.79341281403,"[0.2, 0.2, 0.2, 0.2, 0.2]"
10640,703.425243009485,404569.41319919867,"[0.2, 0.2, 0.2, 0.2, 0.2]"
10641,341.26787092345336,327869.04350555374,"[0.2, 0.2, 0.2, 0.2, 0.2]"
10642,980.0159521346029,332119.9786473781,"[0.2, 0.2, 0.2, 0.2, 0.2]"
10643,988.067949573619,114385.97638735888,"[0.2, 0.2, 0.2, 0.2, 0.2]"
10644,215.43640412962046,464673.3087485164,"[0.2, 0.2, 0.2, 0.2, 0.2]"
10645,985.7345243345871,967157.540451947,"[0.2, 0.2, 0.2, 0.2, 0.2]"
10646,229.3450783669036,410604.71718237834,"[0.2, 0.2, 0.2, 0.2, 0.2]"
10647,803.2413565805631,760051.8321166907,"[0.2, 0.2, 0.2, 0.2, 0.2]"
10648,423.92384979929034,763279.4468841343,"[0.2, 0.2, 0.2, 0.2, 0.2]"
10649,784.8189024630625,283472.359547393,"[0.2, 0.2, 0.2, 0.2, 0.2]"
10650,214.87121569424392,980935.3644090341,"[0.2, 0.2, 0.2, 0.2, 0.2]"
10651,448.4381800624492,342731.689404282,"[0.2, 0.2, 0.2, 0.2, 0.2]"
10652,878.278703235669,294698.1231595492,"[0.2, 0.2, 0.2, 0.2, 0.2]"
10653,100.94357783703688,969311.8489285215,"[0.2, 0.2, 0.2, 0.2, 0.2]"
10654,56.80638149539182,334828.1846267028,"[0.2, 0.2, 0.2, 0.2, 0.2]"
10655,567.161419519913,560186.0260032513,"[0.2, 0.2, 0.2, 0.2, 0.2]"
10656,595.7416588939582,302230.66945202346,"[0.2, 0.2, 0.2, 0.2, 0.2]"
10657,670.4519399617421,339612.6138052164,"[0.2, 0.2, 0.2, 0.2, 0.2]"
10658,305.6503431936719,299987.07393231615,"[0.2, 0.2, 0.2, 0.2, 0.2]"
10659,910.9091318935688,532110.8310648105,"[0.2, 0.2, 0.2, 0.2, 0.2]"
10660,213.47984804543614,875375.8106644017,"[0.2, 0.2, 0.2, 0.2, 0.2]"
10661,396.5178787390278,611424.7381452166,"[0.2, 0.2, 0.2, 0.2, 0.2]"
10662,825.7511524904537,660896.2981164173,"[0.2, 0.2, 0.2, 0.2, 0.2]"
10663,664.8721670335767,407272.7851102151,"[0.2, 0.2, 0.2, 0.2, 0.2]"
10664,125.61757196423468,665642.5009341532,"[0.2, 0.2, 0.2, 0.2, 0.2]"
10665,588.6675819653092,880765.9459477175,"[0.2, 0.2, 0.2, 0.2, 0.2]"
10666,529.4299814123469,661322.0077811371,"[0.2, 0.2, 0.2, 0.2, 0.2]"
10667,293.76549100752857,149448.5222321956,"[0.2, 0.2, 0.2, 0.2, 0.2]"
10668,319.2474049612694,952464.6161597301,"[0.2, 0.2, 0.2, 0.2, 0.2]"
10669,431.4736196826103,267211.1604989361,"[0.2, 0.2, 0.2, 0.2, 0.2]"
10670,170.15002471932956,251756.28863866735,"[0.2, 0.2, 0.2, 0.2, 0.2]"
10671,860.1577103839426,159656.8514662989,"[0.2, 0.2, 0.2, 0.2, 0.2]"
10672,754.9485046942252,862917.4441672744,"[0.2, 0.2, 0.2, 0.2, 0.2]"
10673,537.7913695151365,172674.71231278795,"[0.2, 0.2, 0.2, 0.2, 0.2]"
10674,442.46850879792834,692092.3841112087,"[0.2, 0.2, 0.2, 0.2, 0.2]"
10675,365.3602531880486,212275.46118718357,"[0.2, 0.2, 0.2, 0.2, 0.2]"
10676,966.9382660490343,930811.4792935885,"[0.2, 0.2, 0.2, 0.2, 0.2]"
10677,294.71228114128627,588104.5468950435,"[0.2, 0.2, 0.2, 0.2, 0.2]"
10678,559.3023539731106,919153.7344122638,"[0.2, 0.2, 0.2, 0.2, 0.2]"
10679,723.0082859051338,412181.0500396367,"[0.2, 0.2, 0.2, 0.2, 0.2]"
10680,598.5753870877247,700770.3542735644,"[0.2, 0.2, 0.2, 0.2, 0.2]"
10681,342.140852116038,338213.337062406,"[0.2, 0.2, 0.2, 0.2, 0.2]"
10682,23.336025888721313,251317.03142496324,"[0.2, 0.2, 0.2, 0.2, 0.2]"
10683,285.8550710548606,373011.40741646936,"[0.2, 0.2, 0.2, 0.2, 0.2]"
10684,523.3153131036912,353349.37614990736,"[0.2, 0.2, 0.2, 0.2, 0.2]"
10685,244.8514574390964,709235.4490872928,"[0.2, 0.2, 0.2, 0.2, 0.2]"
10686,566.1365437987813,834843.8715627444,"[0.2, 0.2, 0.2, 0.2, 0.2]"
10687,522.1060454186455,773310.005045841,"[0.2, 0.2, 0.2, 0.2, 0.2]"
10688,430.4315362864616,521507.04585354973,"[0.2, 0.2, 0.2, 0.2, 0.2]"
10689,125.53887396431233,335830.5436280845,"[0.2, 0.2, 0.2, 0.2, 0.2]"
10690,87.2832021338821,791860.8992924389,"[0.2, 0.2, 0.2, 0.2, 0.2]"
10691,240.7975388807993,810310.5073207072,"[0.2, 0.2, 0.2, 0.2, 0.2]"
10692,721.9880624792216,827033.8412642992,"[0.2, 0.2, 0.2, 0.2, 0.2]"
10693,355.95076726157106,993091.0115691891,"[0.2, 0.2, 0.2, 0.2, 0.2]"
10694,602.3152717578506,867475.461524336,"[0.2, 0.2, 0.2, 0.2, 0.2]"
10695,628.3939511131853,162522.6116193664,"[0.2, 0.2, 0.2, 0.2, 0.2]"
10696,530.7048677633927,924350.2596330362,"[0.2, 0.2, 0.2, 0.2, 0.2]"
10697,905.8262625461858,906902.59759799,"[0.2, 0.2, 0.2, 0.2, 0.2]"
10698,736.4974786317423,844443.9746137571,"[0.2, 0.2, 0.2, 0.2, 0.2]"
10699,663.1458763764751,956645.4816726047,"[0.2, 0.2, 0.2, 0.2, 0.2]"
10700,936.9117790264478,466603.67931363086,"[0.2, 0.2, 0.2, 0.2, 0.2]"
10701,643.5295243449289,497077.53506501584,"[0.2, 0.2, 0.2, 0.2, 0.2]"
10702,857.60843277918,604561.0505013145,"[0.2, 0.2, 0.2, 0.2, 0.2]"
10703,864.0333793970535,856886.1473433456,"[0.2, 0.2, 0.2, 0.2, 0.2]"
10704,271.4122292299271,302807.5478055881,"[0.2, 0.2, 0.2, 0.2, 0.2]"
10705,116.76902047203778,784538.6426336895,"[0.2, 0.2, 0.2, 0.2, 0.2]"
10706,913.3809284114782,246546.38104677945,"[0.2, 0.2, 0.2, 0.2, 0.2]"
10707,109.27514915477319,938906.5383822515,"[0.2, 0.2, 0.2, 0.2, 0.2]"
10708,252.42298052344006,944914.0102839993,"[0.2, 0.2, 0.2, 0.2, 0.2]"
10709,407.2587335256163,936596.6862969107,"[0.2, 0.2, 0.2, 0.2, 0.2]"
10710,382.93997065175415,873563.3035163023,"[0.2, 0.2, 0.2, 0.2, 0.2]"
10711,974.0843811283845,759706.9550785085,"[0.2, 0.2, 0.2, 0.2, 0.2]"
10712,527.1392085754012,802823.6340283271,"[0.2, 0.2, 0.2, 0.2, 0.2]"
10713,925.2825625796718,291233.09563129186,"[0.2, 0.2, 0.2, 0.2, 0.2]"
10714,760.0359839287611,805426.3380763282,"[0.2, 0.2, 0.2, 0.2, 0.2]"
10715,311.62297800733387,897098.4043885589,"[0.2, 0.2, 0.2, 0.2, 0.2]"
10716,193.2789010655409,561444.0837758884,"[0.2, 0.2, 0.2, 0.2, 0.2]"
10717,563.3891631524124,877381.1965491353,"[0.2, 0.2, 0.2, 0.2, 0.2]"
10718,893.8736268400268,184756.81317025214,"[0.2, 0.2, 0.2, 0.2, 0.2]"
10719,290.17709969354974,185289.44563704607,"[0.2, 0.2, 0.2, 0.2, 0.2]"
10720,417.6195324360524,712792.7770371333,"[0.2, 0.2, 0.2, 0.2, 0.2]"
10721,553.1402562908473,794676.1209663424,"[0.2, 0.2, 0.2, 0.2, 0.2]"
10722,959.98122004081,702259.0773565285,"[0.2, 0.2, 0.2, 0.2, 0.2]"
10723,516.5261388708188,815300.9700888754,"[0.2, 0.2, 0.2, 0.2, 0.2]"
10724,348.03210555306913,225544.51627249597,"[0.2, 0.2, 0.2, 0.2, 0.2]"
10725,873.6767993260469,464001.7244160723,"[0.2, 0.2, 0.2, 0.2, 0.2]"
10726,315.036626598902,671306.1777011334,"[0.2, 0.2, 0.2, 0.2, 0.2]"
10727,690.0679074250129,342834.5782710073,"[0.2, 0.2, 0.2, 0.2, 0.2]"
10728,587.1291191440773,315466.46964706527,"[0.2, 0.2, 0.2, 0.2, 0.2]"
10729,632.4887273292366,663024.2786663902,"[0.2, 0.2, 0.2, 0.2, 0.2]"
10730,939.302871052715,980830.638745199,"[0.2, 0.2, 0.2, 0.2, 0.2]"
10731,568.7621335111697,746765.3184948186,"[0.2, 0.2, 0.2, 0.2, 0.2]"
10732,927.8398733357462,550506.688159764,"[0.2, 0.2, 0.2, 0.2, 0.2]"
10733,324.463984505539,580728.4594695545,"[0.2, 0.2, 0.2, 0.2, 0.2]"
10734,273.31262828321246,195921.8681675794,"[0.2, 0.2, 0.2, 0.2, 0.2]"
10735,143.03199662437143,583799.7936899972,"[0.2, 0.2, 0.2, 0.2, 0.2]"
10736,713.0362321691788,164421.6363211958,"[0.2, 0.2, 0.2, 0.2, 0.2]"
10737,178.8448254477935,960839.0034435792,"[0.2, 0.2, 0.2, 0.2, 0.2]"
10738,701.2022877718175,982260.3720199344,"[0.2, 0.2, 0.2, 0.2, 0.2]"
10739,181.0573645113348,912467.8916639466,"[0.2, 0.2, 0.2, 0.2, 0.2]"
10740,776.7966006310254,162298.00045253147,"[0.2, 0.2, 0.2, 0.2, 0.2]"
10741,909.3679016990714,244961.52904722525,"[0.2, 0.2, 0.2, 0.2, 0.2]"
10742,479.9247543151114,660976.1906730324,"[0.2, 0.2, 0.2, 0.2, 0.2]"
10743,639.3071922506583,585389.0370181412,"[0.2, 0.2, 0.2, 0.2, 0.2]"
10744,805.9702546365601,306730.320618012,"[0.2, 0.2, 0.2, 0.2, 0.2]"
10745,859.7949162579941,999569.554327774,"[0.2, 0.2, 0.2, 0.2, 0.2]"
10746,733.8307001345677,638970.4173552583,"[0.2, 0.2, 0.2, 0.2, 0.2]"
10747,391.4117484973651,634094.9849212356,"[0.2, 0.2, 0.2, 0.2, 0.2]"
10748,739.7783025282223,355734.0827167606,"[0.2, 0.2, 0.2, 0.2, 0.2]"
10749,797.359368572636,597343.8572914791,"[0.2, 0.2, 0.2, 0.2, 0.2]"
10750,998.8300229682065,911543.4750304322,"[0.2, 0.2, 0.2, 0.2, 0.2]"
10751,578.5207584614178,883189.8797942629,"[0.2, 0.2, 0.2, 0.2, 0.2]"
10752,401.17663900171834,775060.7682394007,"[0.2, 0.2, 0.2, 0.2, 0.2]"
10753,656.4441578643313,570252.8101269541,"[0.2, 0.2, 0.2, 0.2, 0.2]"
10754,284.1449360205815,122290.38340166556,"[0.2, 0.2, 0.2, 0.2, 0.2]"
10755,533.6613774808172,264351.0475046081,"[0.2, 0.2, 0.2, 0.2, 0.2]"
10756,441.22648891647054,337754.1685693598,"[0.2, 0.2, 0.2, 0.2, 0.2]"
10757,524.5393340091017,334651.7389353608,"[0.2, 0.2, 0.2, 0.2, 0.2]"
10758,160.69687913187497,963840.6749931852,"[0.2, 0.2, 0.2, 0.2, 0.2]"
10759,445.9899854914362,732841.2269577641,"[0.2, 0.2, 0.2, 0.2, 0.2]"
10760,117.88733014934495,301624.10656015674,"[0.2, 0.2, 0.2, 0.2, 0.2]"
10761,923.19308000675,817565.8752295509,"[0.2, 0.2, 0.2, 0.2, 0.2]"
10762,248.23033374770873,168348.72396450286,"[0.2, 0.2, 0.2, 0.2, 0.2]"
10763,234.47074124798155,469124.9730972499,"[0.2, 0.2, 0.2, 0.2, 0.2]"
10764,626.9925733189172,343587.72946386575,"[0.2, 0.2, 0.2, 0.2, 0.2]"
10765,478.71852349521237,575683.2062269875,"[0.2, 0.2, 0.2, 0.2, 0.2]"
10766,372.12973831407027,113463.5063547359,"[0.2, 0.2, 0.2, 0.2, 0.2]"
10767,385.6027785924431,379597.1956594757,"[0.2, 0.2, 0.2, 0.2, 0.2]"
10768,610.9936468135086,456108.4699994638,"[0.2, 0.2, 0.2, 0.2, 0.2]"
10769,15.165266321309689,232500.8813334938,"[0.2, 0.2, 0.2, 0.2, 0.2]"
10770,88.43436540404376,300652.4561634009,"[0.2, 0.2, 0.2, 0.2, 0.2]"
10771,638.2444685756035,214799.9847362967,"[0.2, 0.2, 0.2, 0.2, 0.2]"
10772,856.750355988666,253870.3546696599,"[0.2, 0.2, 0.2, 0.2, 0.2]"
10773,228.89432523616142,847874.341565585,"[0.2, 0.2, 0.2, 0.2, 0.2]"
10774,847.6053659255477,486605.1737317276,"[0.2, 0.2, 0.2, 0.2, 0.2]"
10775,806.6276652618941,934867.8000329584,"[0.2, 0.2, 0.2, 0.2, 0.2]"
10776,636.9188429435441,714951.8782354859,"[0.2, 0.2, 0.2, 0.2, 0.2]"
10777,882.3417303998426,145978.06252313784,"[0.2, 0.2, 0.2, 0.2, 0.2]"
10778,836.214351932097,487697.73052778485,"[0.2, 0.2, 0.2, 0.2, 0.2]"
10779,880.8233140629658,352285.05218059063,"[0.2, 0.2, 0.2, 0.2, 0.2]"
10780,660.9171372562822,589973.2659299886,"[0.2, 0.2, 0.2, 0.2, 0.2]"
10781,234.52768981974748,152823.7162618103,"[0.2, 0.2, 0.2, 0.2, 0.2]"
10782,496.3055701701141,802113.5904676755,"[0.2, 0.2, 0.2, 0.2, 0.2]"
10783,625.7141162990293,759540.1847073436,"[0.2, 0.2, 0.2, 0.2, 0.2]"
10784,938.5164149827727,383758.8133974454,"[0.2, 0.2, 0.2, 0.2, 0.2]"
10785,598.5691634248218,564363.6270373828,"[0.2, 0.2, 0.2, 0.2, 0.2]"
10786,720.877180563702,969560.743516439,"[0.2, 0.2, 0.2, 0.2, 0.2]"
10787,915.7124469785454,612369.7330293739,"[0.2, 0.2, 0.2, 0.2, 0.2]"
10788,743.2032312974688,282371.8282072515,"[0.2, 0.2, 0.2, 0.2, 0.2]"
10789,662.2466121873613,878780.807191154,"[0.2, 0.2, 0.2, 0.2, 0.2]"
10790,338.30422935857007,397709.4867546803,"[0.2, 0.2, 0.2, 0.2, 0.2]"
10791,531.1773640424859,585460.5543586898,"[0.2, 0.2, 0.2, 0.2, 0.2]"
10792,830.5318209015702,485611.98509330826,"[0.2, 0.2, 0.2, 0.2, 0.2]"
10793,56.08048602253498,151850.06655764056,"[0.2, 0.2, 0.2, 0.2, 0.2]"
10794,56.91996538313852,366669.37436496915,"[0.2, 0.2, 0.2, 0.2, 0.2]"
10795,616.2475711455212,969659.7376819209,"[0.2, 0.2, 0.2, 0.2, 0.2]"
10796,712.1946912077048,697198.2601666392,"[0.2, 0.2, 0.2, 0.2, 0.2]"
10797,19.696382781080704,454586.19857350894,"[0.2, 0.2, 0.2, 0.2, 0.2]"
10798,816.6868800947072,327745.24331979733,"[0.2, 0.2, 0.2, 0.2, 0.2]"
10799,211.21817116119678,498047.6395272175,"[0.2, 0.2, 0.2, 0.2, 0.2]"
10800,954.6037376634613,371833.08123739867,"[0.2, 0.2, 0.2, 0.2, 0.2]"
10801,487.81776266210437,339740.2311962276,"[0.2, 0.2, 0.2, 0.2, 0.2]"
10802,386.77246344483837,450569.14811975247,"[0.2, 0.2, 0.2, 0.2, 0.2]"
10803,735.7585646788147,794064.1121345605,"[0.2, 0.2, 0.2, 0.2, 0.2]"
10804,831.464581859557,880828.026681555,"[0.2, 0.2, 0.2, 0.2, 0.2]"
10805,752.0871009651732,657170.157325455,"[0.2, 0.2, 0.2, 0.2, 0.2]"
10806,545.3188433368396,396510.88352549373,"[0.2, 0.2, 0.2, 0.2, 0.2]"
10807,825.0958692115213,938144.003165212,"[0.2, 0.2, 0.2, 0.2, 0.2]"
10808,454.796519266481,953196.2835624886,"[0.2, 0.2, 0.2, 0.2, 0.2]"
10809,103.99160457673611,732198.4454077538,"[0.2, 0.2, 0.2, 0.2, 0.2]"
10810,925.3227290144047,332050.88102904614,"[0.2, 0.2, 0.2, 0.2, 0.2]"
10811,106.71662021124237,497099.8900419688,"[0.2, 0.2, 0.2, 0.2, 0.2]"
10812,33.85270787251062,749472.888045037,"[0.2, 0.2, 0.2, 0.2, 0.2]"
10813,542.8271642220487,478292.28716661566,"[0.2, 0.2, 0.2, 0.2, 0.2]"
10814,465.7814539989665,875888.6877345188,"[0.2, 0.2, 0.2, 0.2, 0.2]"
10815,23.978260346161886,457747.77650170826,"[0.2, 0.2, 0.2, 0.2, 0.2]"
10816,214.84136056552197,840820.2558832342,"[0.2, 0.2, 0.2, 0.2, 0.2]"
10817,818.473906302246,154561.2029715596,"[0.2, 0.2, 0.2, 0.2, 0.2]"
10818,686.293034072436,410183.9991441557,"[0.2, 0.2, 0.2, 0.2, 0.2]"
10819,755.1731507286298,939639.0687955248,"[0.2, 0.2, 0.2, 0.2, 0.2]"
10820,656.621648441023,661135.6028273196,"[0.2, 0.2, 0.2, 0.2, 0.2]"
10821,877.89601106898,468674.6912080334,"[0.2, 0.2, 0.2, 0.2, 0.2]"
10822,55.50245304497336,112217.59512812489,"[0.2, 0.2, 0.2, 0.2, 0.2]"
10823,496.04067840798785,373095.39691408444,"[0.2, 0.2, 0.2, 0.2, 0.2]"
10824,510.5487657342971,973114.6744696139,"[0.2, 0.2, 0.2, 0.2, 0.2]"
10825,314.82069700538455,983814.7444735883,"[0.2, 0.2, 0.2, 0.2, 0.2]"
10826,685.3210703509636,652057.111164062,"[0.2, 0.2, 0.2, 0.2, 0.2]"
10827,86.84427488448604,349304.6822412495,"[0.2, 0.2, 0.2, 0.2, 0.2]"
10828,327.05786813278075,965894.4101960713,"[0.2, 0.2, 0.2, 0.2, 0.2]"
10829,358.89456069247814,420433.1698260763,"[0.2, 0.2, 0.2, 0.2, 0.2]"
10830,825.6350994689778,929762.2373208284,"[0.2, 0.2, 0.2, 0.2, 0.2]"
10831,594.6197046882609,572742.6111490985,"[0.2, 0.2, 0.2, 0.2, 0.2]"
10832,47.0323523976491,724485.3636723979,"[0.2, 0.2, 0.2, 0.2, 0.2]"
10833,689.1701970824067,489720.7195500473,"[0.2, 0.2, 0.2, 0.2, 0.2]"
10834,336.3149796940184,753994.7447398714,"[0.2, 0.2, 0.2, 0.2, 0.2]"
10835,297.7645794410026,951547.0862027695,"[0.2, 0.2, 0.2, 0.2, 0.2]"
10836,930.7128088920642,615846.6783058371,"[0.2, 0.2, 0.2, 0.2, 0.2]"
10837,641.5727522983539,749066.8100763231,"[0.2, 0.2, 0.2, 0.2, 0.2]"
10838,582.6516369955589,726260.5056612191,"[0.2, 0.2, 0.2, 0.2, 0.2]"
10839,251.56205619488196,809491.1752859,"[0.2, 0.2, 0.2, 0.2, 0.2]"
10840,458.1558567405046,124807.56704409793,"[0.2, 0.2, 0.2, 0.2, 0.2]"
10841,371.99380695113314,301059.05066243646,"[0.2, 0.2, 0.2, 0.2, 0.2]"
10842,11.823872592032622,206517.88920792908,"[0.2, 0.2, 0.2, 0.2, 0.2]"
10843,172.81557602253153,649210.5189281234,"[0.2, 0.2, 0.2, 0.2, 0.2]"
10844,586.8340255820482,510252.7212857332,"[0.2, 0.2, 0.2, 0.2, 0.2]"
10845,960.3842445949308,600117.3643302585,"[0.2, 0.2, 0.2, 0.2, 0.2]"
10846,222.24283724616822,438515.47846177407,"[0.2, 0.2, 0.2, 0.2, 0.2]"
10847,105.57877914340904,896925.6469284454,"[0.2, 0.2, 0.2, 0.2, 0.2]"
10848,509.2432844418942,678034.3887647972,"[0.2, 0.2, 0.2, 0.2, 0.2]"
10849,626.7281783216417,180928.64880169928,"[0.2, 0.2, 0.2, 0.2, 0.2]"
10850,119.17084758909049,302981.41061609116,"[0.2, 0.2, 0.2, 0.2, 0.2]"
10851,954.1650991789132,360013.98541970935,"[0.2, 0.2, 0.2, 0.2, 0.2]"
10852,606.3799002028816,269474.6150156715,"[0.2, 0.2, 0.2, 0.2, 0.2]"
10853,427.1762861858526,507479.1758179063,"[0.2, 0.2, 0.2, 0.2, 0.2]"
10854,140.84732852987048,263327.1281109204,"[0.2, 0.2, 0.2, 0.2, 0.2]"
10855,274.52239034227046,418220.8122694193,"[0.2, 0.2, 0.2, 0.2, 0.2]"
10856,97.50871387708915,643128.4055882044,"[0.2, 0.2, 0.2, 0.2, 0.2]"
10857,271.5030765754117,596511.4897215677,"[0.2, 0.2, 0.2, 0.2, 0.2]"
10858,961.7360196197442,147628.35096618946,"[0.2, 0.2, 0.2, 0.2, 0.2]"
10859,52.22895695627795,854328.0045355604,"[0.2, 0.2, 0.2, 0.2, 0.2]"
10860,923.0704014357397,546469.3194409553,"[0.2, 0.2, 0.2, 0.2, 0.2]"
10861,478.6191099648991,751444.0333753744,"[0.2, 0.2, 0.2, 0.2, 0.2]"
10862,559.0725812017946,965718.9071042996,"[0.2, 0.2, 0.2, 0.2, 0.2]"
10863,622.1995252420409,101175.8992724624,"[0.2, 0.2, 0.2, 0.2, 0.2]"
10864,979.0445332820932,586561.3553105296,"[0.2, 0.2, 0.2, 0.2, 0.2]"
10865,490.7138984459233,702331.4751318687,"[0.2, 0.2, 0.2, 0.2, 0.2]"
10866,140.20201763393294,746933.3738964662,"[0.2, 0.2, 0.2, 0.2, 0.2]"
10867,995.9014290132775,366069.96482193534,"[0.2, 0.2, 0.2, 0.2, 0.2]"
10868,47.17368324644114,471444.28823193547,"[0.2, 0.2, 0.2, 0.2, 0.2]"
10869,108.32288058399838,693546.7345324208,"[0.2, 0.2, 0.2, 0.2, 0.2]"
10870,851.6652461605513,350517.792029199,"[0.2, 0.2, 0.2, 0.2, 0.2]"
10871,441.1589745804077,618089.2500845613,"[0.2, 0.2, 0.2, 0.2, 0.2]"
10872,245.9977894089609,469915.802864117,"[0.2, 0.2, 0.2, 0.2, 0.2]"
10873,229.8839511871053,469358.3300455126,"[0.2, 0.2, 0.2, 0.2, 0.2]"
10874,545.119593343246,955005.3148509996,"[0.2, 0.2, 0.2, 0.2, 0.2]"
10875,468.2537688874863,833484.5995953965,"[0.2, 0.2, 0.2, 0.2, 0.2]"
10876,624.4365353877162,266783.5406762318,"[0.2, 0.2, 0.2, 0.2, 0.2]"
10877,54.32574210986764,319258.067329782,"[0.2, 0.2, 0.2, 0.2, 0.2]"
10878,46.48145430067213,321835.792333804,"[0.2, 0.2, 0.2, 0.2, 0.2]"
10879,261.37537391489695,988049.6539544573,"[0.2, 0.2, 0.2, 0.2, 0.2]"
10880,707.1984680593009,123433.1689186631,"[0.2, 0.2, 0.2, 0.2, 0.2]"
10881,991.9698750284925,683538.3376154412,"[0.2, 0.2, 0.2, 0.2, 0.2]"
10882,922.7712508117241,699948.6833247677,"[0.2, 0.2, 0.2, 0.2, 0.2]"
10883,569.3578982127408,166145.38352221737,"[0.2, 0.2, 0.2, 0.2, 0.2]"
10884,687.5807757750314,437624.9643242379,"[0.2, 0.2, 0.2, 0.2, 0.2]"
10885,490.25074128998926,366818.89671498456,"[0.2, 0.2, 0.2, 0.2, 0.2]"
10886,875.3485421263657,562488.3608980428,"[0.2, 0.2, 0.2, 0.2, 0.2]"
10887,756.5638366683506,594293.1784350935,"[0.2, 0.2, 0.2, 0.2, 0.2]"
10888,931.7465844258332,262656.6845887101,"[0.2, 0.2, 0.2, 0.2, 0.2]"
10889,120.06486615600377,834061.4569883319,"[0.2, 0.2, 0.2, 0.2, 0.2]"
10890,16.34017066520153,744488.1886999562,"[0.2, 0.2, 0.2, 0.2, 0.2]"
10891,515.9326599016485,336625.10606742534,"[0.2, 0.2, 0.2, 0.2, 0.2]"
10892,752.4243295332427,567322.2861532215,"[0.2, 0.2, 0.2, 0.2, 0.2]"
10893,651.4961042969652,273950.12445688783,"[0.2, 0.2, 0.2, 0.2, 0.2]"
10894,425.48338338110955,194749.62957205588,"[0.2, 0.2, 0.2, 0.2, 0.2]"
10895,730.3282313662235,619497.9691429387,"[0.2, 0.2, 0.2, 0.2, 0.2]"
10896,281.4976083811855,170260.56548239267,"[0.2, 0.2, 0.2, 0.2, 0.2]"
10897,126.82180161843606,200189.9981182901,"[0.2, 0.2, 0.2, 0.2, 0.2]"
10898,746.9745882606458,700079.287629788,"[0.2, 0.2, 0.2, 0.2, 0.2]"
10899,815.7777807670255,299828.02247823926,"[0.2, 0.2, 0.2, 0.2, 0.2]"
10900,310.12042058764786,170969.1551281673,"[0.2, 0.2, 0.2, 0.2, 0.2]"
10901,705.822169224657,930795.6043610327,"[0.2, 0.2, 0.2, 0.2, 0.2]"
10902,574.4315546606898,804302.4662296956,"[0.2, 0.2, 0.2, 0.2, 0.2]"
10903,652.4282048716119,833002.366239816,"[0.2, 0.2, 0.2, 0.2, 0.2]"
10904,187.70028309403588,381467.7453919542,"[0.2, 0.2, 0.2, 0.2, 0.2]"
10905,486.20233014206207,719126.9463377027,"[0.2, 0.2, 0.2, 0.2, 0.2]"
10906,628.4646415645605,299000.58725389553,"[0.2, 0.2, 0.2, 0.2, 0.2]"
10907,470.55614124193806,698531.2667986911,"[0.2, 0.2, 0.2, 0.2, 0.2]"
10908,783.2329888436276,489735.869018582,"[0.2, 0.2, 0.2, 0.2, 0.2]"
10909,913.1520735938126,281290.10970756534,"[0.2, 0.2, 0.2, 0.2, 0.2]"
10910,207.4473470231476,230969.07221786887,"[0.2, 0.2, 0.2, 0.2, 0.2]"
10911,302.1510786840094,884483.0128800233,"[0.2, 0.2, 0.2, 0.2, 0.2]"
10912,348.06760410730595,118401.6204914057,"[0.2, 0.2, 0.2, 0.2, 0.2]"
10913,653.4324516026562,758020.9996426414,"[0.2, 0.2, 0.2, 0.2, 0.2]"
10914,114.08080496563147,564451.2050404311,"[0.2, 0.2, 0.2, 0.2, 0.2]"
10915,786.2353004577702,793441.5168563714,"[0.2, 0.2, 0.2, 0.2, 0.2]"
10916,896.9725502632537,763480.7461271104,"[0.2, 0.2, 0.2, 0.2, 0.2]"
10917,690.3525123063985,179560.3023579381,"[0.2, 0.2, 0.2, 0.2, 0.2]"
10918,351.1925329270422,422271.1056701148,"[0.2, 0.2, 0.2, 0.2, 0.2]"
10919,581.4716074922626,125243.18802761019,"[0.2, 0.2, 0.2, 0.2, 0.2]"
10920,398.72797014068703,461545.78782566666,"[0.2, 0.2, 0.2, 0.2, 0.2]"
10921,293.2743094989657,126209.89878630002,"[0.2, 0.2, 0.2, 0.2, 0.2]"
10922,219.55523863612842,463160.3880041656,"[0.2, 0.2, 0.2, 0.2, 0.2]"
10923,257.570088910488,316612.08348584623,"[0.2, 0.2, 0.2, 0.2, 0.2]"
10924,798.687990080951,448459.8411055195,"[0.2, 0.2, 0.2, 0.2, 0.2]"
10925,408.66917187751284,551061.1614777342,"[0.2, 0.2, 0.2, 0.2, 0.2]"
10926,98.77790540152071,983827.627506352,"[0.2, 0.2, 0.2, 0.2, 0.2]"
10927,696.9828491835855,856377.9366552798,"[0.2, 0.2, 0.2, 0.2, 0.2]"
10928,666.0955399828853,291253.0059926597,"[0.2, 0.2, 0.2, 0.2, 0.2]"
10929,85.66350420917176,480060.7691030748,"[0.2, 0.2, 0.2, 0.2, 0.2]"
10930,956.5391790466067,906798.9021705113,"[0.2, 0.2, 0.2, 0.2, 0.2]"
10931,350.9432641798243,739290.5328636636,"[0.2, 0.2, 0.2, 0.2, 0.2]"
10932,628.1074553517078,985493.2418984653,"[0.2, 0.2, 0.2, 0.2, 0.2]"
10933,330.5469862395972,945090.7468410287,"[0.2, 0.2, 0.2, 0.2, 0.2]"
10934,631.8204819891236,440146.574314975,"[0.2, 0.2, 0.2, 0.2, 0.2]"
10935,932.2950455283147,620577.6638255272,"[0.2, 0.2, 0.2, 0.2, 0.2]"
10936,707.586778720044,599163.456089925,"[0.2, 0.2, 0.2, 0.2, 0.2]"
10937,662.4122537900749,837606.58866028,"[0.2, 0.2, 0.2, 0.2, 0.2]"
10938,691.5802875737571,626741.1972577367,"[0.2, 0.2, 0.2, 0.2, 0.2]"
10939,280.6499563493694,708318.9247585014,"[0.2, 0.2, 0.2, 0.2, 0.2]"
10940,392.4043948336062,581513.1256715753,"[0.2, 0.2, 0.2, 0.2, 0.2]"
10941,915.2999957144161,597869.4840687693,"[0.2, 0.2, 0.2, 0.2, 0.2]"
10942,10.869985742311055,720678.0742592328,"[0.2, 0.2, 0.2, 0.2, 0.2]"
10943,378.9948579369988,961976.6425127811,"[0.2, 0.2, 0.2, 0.2, 0.2]"
10944,367.93700771539085,760066.4465267953,"[0.2, 0.2, 0.2, 0.2, 0.2]"
10945,321.32895454356867,251338.92468315948,"[0.2, 0.2, 0.2, 0.2, 0.2]"
10946,601.4717421883786,990312.7106445006,"[0.2, 0.2, 0.2, 0.2, 0.2]"
10947,516.577430534622,580239.7766448501,"[0.2, 0.2, 0.2, 0.2, 0.2]"
10948,938.695865173753,160165.4455995864,"[0.2, 0.2, 0.2, 0.2, 0.2]"
10949,138.3607875631597,797717.5685583416,"[0.2, 0.2, 0.2, 0.2, 0.2]"
10950,382.92650775192334,799499.5581079456,"[0.2, 0.2, 0.2, 0.2, 0.2]"
10951,76.64183364687307,388804.6386381532,"[0.2, 0.2, 0.2, 0.2, 0.2]"
10952,179.12895056926382,531968.9043885191,"[0.2, 0.2, 0.2, 0.2, 0.2]"
10953,476.3235240226848,874538.081165436,"[0.2, 0.2, 0.2, 0.2, 0.2]"
10954,528.3007711329014,415503.10997141426,"[0.2, 0.2, 0.2, 0.2, 0.2]"
10955,617.3234689306921,347573.6833485112,"[0.2, 0.2, 0.2, 0.2, 0.2]"
10956,964.8807502663699,966451.693272005,"[0.2, 0.2, 0.2, 0.2, 0.2]"
10957,692.8323851827813,458310.83259617555,"[0.2, 0.2, 0.2, 0.2, 0.2]"
10958,855.5515299392272,457351.5212656488,"[0.2, 0.2, 0.2, 0.2, 0.2]"
10959,752.871048648376,472865.5188836886,"[0.2, 0.2, 0.2, 0.2, 0.2]"
10960,843.0023591463224,348542.5422589604,"[0.2, 0.2, 0.2, 0.2, 0.2]"
10961,758.7108789537521,587113.9685245794,"[0.2, 0.2, 0.2, 0.2, 0.2]"
10962,217.6289113449956,251718.3845097146,"[0.2, 0.2, 0.2, 0.2, 0.2]"
10963,565.6522713934846,351929.4020908155,"[0.2, 0.2, 0.2, 0.2, 0.2]"
10964,26.7944954985713,355040.56147462316,"[0.2, 0.2, 0.2, 0.2, 0.2]"
10965,386.9915025242908,786469.9861864476,"[0.2, 0.2, 0.2, 0.2, 0.2]"
10966,332.6647300775002,389247.36096610443,"[0.2, 0.2, 0.2, 0.2, 0.2]"
10967,653.1174516466821,995460.1951491132,"[0.2, 0.2, 0.2, 0.2, 0.2]"
10968,495.615644070314,452572.320068909,"[0.2, 0.2, 0.2, 0.2, 0.2]"
10969,259.5073909796236,852372.9436454377,"[0.2, 0.2, 0.2, 0.2, 0.2]"
10970,367.826617838016,919032.5151689645,"[0.2, 0.2, 0.2, 0.2, 0.2]"
10971,733.1410854068524,284213.7699678131,"[0.2, 0.2, 0.2, 0.2, 0.2]"
10972,259.32496999124055,782032.6865528175,"[0.2, 0.2, 0.2, 0.2, 0.2]"
10973,684.176134698376,283974.65954355046,"[0.2, 0.2, 0.2, 0.2, 0.2]"
10974,357.2626038468987,504999.57580987905,"[0.2, 0.2, 0.2, 0.2, 0.2]"
10975,988.889028661841,220226.92484524494,"[0.2, 0.2, 0.2, 0.2, 0.2]"
10976,669.3319613514677,499973.54059442464,"[0.2, 0.2, 0.2, 0.2, 0.2]"
10977,474.45355658197764,476122.0085942211,"[0.2, 0.2, 0.2, 0.2, 0.2]"
10978,634.2006136486068,382547.97010398563,"[0.2, 0.2, 0.2, 0.2, 0.2]"
10979,629.5716675919018,700833.3704538834,"[0.2, 0.2, 0.2, 0.2, 0.2]"
10980,978.3588102265645,207105.44488555694,"[0.2, 0.2, 0.2, 0.2, 0.2]"
10981,23.76691478989618,782876.24495297,"[0.2, 0.2, 0.2, 0.2, 0.2]"
10982,309.5166101217919,334442.55982498464,"[0.2, 0.2, 0.2, 0.2, 0.2]"
10983,166.81725077704544,961864.8551040781,"[0.2, 0.2, 0.2, 0.2, 0.2]"
10984,342.58360284631937,310316.5332705794,"[0.2, 0.2, 0.2, 0.2, 0.2]"
10985,217.67214370911762,834804.1803427475,"[0.2, 0.2, 0.2, 0.2, 0.2]"
10986,743.1229649958468,595097.886227858,"[0.2, 0.2, 0.2, 0.2, 0.2]"
10987,761.8953943073382,202325.26359445506,"[0.2, 0.2, 0.2, 0.2, 0.2]"
10988,830.8669630513429,238535.52748266875,"[0.2, 0.2, 0.2, 0.2, 0.2]"
10989,523.655782073993,775751.5103865614,"[0.2, 0.2, 0.2, 0.2, 0.2]"
10990,971.7952744884225,298193.09117493156,"[0.2, 0.2, 0.2, 0.2, 0.2]"
10991,595.5000406657581,756560.1867301688,"[0.2, 0.2, 0.2, 0.2, 0.2]"
10992,605.1678547142199,115634.82219216826,"[0.2, 0.2, 0.2, 0.2, 0.2]"
10993,951.4056519845325,158458.49418956926,"[0.2, 0.2, 0.2, 0.2, 0.2]"
10994,450.03942111741236,205911.79445751896,"[0.2, 0.2, 0.2, 0.2, 0.2]"
10995,814.4402029005482,773619.7143990791,"[0.2, 0.2, 0.2, 0.2, 0.2]"
10996,277.8215195943617,479260.62709924084,"[0.2, 0.2, 0.2, 0.2, 0.2]"
10997,508.6974741526748,242950.8652177097,"[0.2, 0.2, 0.2, 0.2, 0.2]"
10998,434.8025246914164,536685.9622411195,"[0.2, 0.2, 0.2, 0.2, 0.2]"
10999,671.8129750065058,891613.5736660528,"[0.2, 0.2, 0.2, 0.2, 0.2]"
11000,415.1742276009053,589631.1480098569,"[0.2, 0.2, 0.2, 0.2, 0.2]"
11001,76.12354383794626,431613.8328100927,"[0.2, 0.2, 0.2, 0.2, 0.2]"
11002,599.5234680922136,125478.94168387612,"[0.2, 0.2, 0.2, 0.2, 0.2]"
11003,199.31897403421408,750778.4050979001,"[0.2, 0.2, 0.2, 0.2, 0.2]"
11004,272.74807284014435,846270.9354885259,"[0.2, 0.2, 0.2, 0.2, 0.2]"
11005,962.1721446289164,261455.4054022856,"[0.2, 0.2, 0.2, 0.2, 0.2]"
11006,895.3616122273907,534000.1829395585,"[0.2, 0.2, 0.2, 0.2, 0.2]"
11007,149.73090745058803,263364.58610837493,"[0.2, 0.2, 0.2, 0.2, 0.2]"
11008,51.349570739174816,601116.4938588508,"[0.2, 0.2, 0.2, 0.2, 0.2]"
11009,294.91147299178175,638782.4786639168,"[0.2, 0.2, 0.2, 0.2, 0.2]"
11010,151.66063416853183,595207.2727869601,"[0.2, 0.2, 0.2, 0.2, 0.2]"
11011,389.3731625096057,105529.61275822781,"[0.2, 0.2, 0.2, 0.2, 0.2]"
11012,797.7179894877077,240305.29515451734,"[0.2, 0.2, 0.2, 0.2, 0.2]"
11013,284.8069383101114,875014.9091034767,"[0.2, 0.2, 0.2, 0.2, 0.2]"
11014,355.4405795333849,761794.5757327721,"[0.2, 0.2, 0.2, 0.2, 0.2]"
11015,345.99946418853625,988188.6012965569,"[0.2, 0.2, 0.2, 0.2, 0.2]"
11016,141.8702600599999,822040.2204958592,"[0.2, 0.2, 0.2, 0.2, 0.2]"
11017,349.4112026073774,709302.22420595,"[0.2, 0.2, 0.2, 0.2, 0.2]"
11018,838.1960755536317,469515.6287552105,"[0.2, 0.2, 0.2, 0.2, 0.2]"
11019,589.6075065853751,205836.96165279462,"[0.2, 0.2, 0.2, 0.2, 0.2]"
11020,353.11067856869306,678693.2058594393,"[0.2, 0.2, 0.2, 0.2, 0.2]"
11021,896.3090649505205,278204.0865546948,"[0.2, 0.2, 0.2, 0.2, 0.2]"
11022,498.78199174903875,817239.0434953996,"[0.2, 0.2, 0.2, 0.2, 0.2]"
11023,52.58264071360283,109311.41985869026,"[0.2, 0.2, 0.2, 0.2, 0.2]"
11024,976.3860237074293,660235.0151661115,"[0.2, 0.2, 0.2, 0.2, 0.2]"
11025,928.1439307499415,838621.3852724106,"[0.2, 0.2, 0.2, 0.2, 0.2]"
11026,270.64632622095513,747007.7140730947,"[0.2, 0.2, 0.2, 0.2, 0.2]"
11027,355.5763609293759,225531.57719857647,"[0.2, 0.2, 0.2, 0.2, 0.2]"
11028,81.85767015140476,874252.8944465368,"[0.2, 0.2, 0.2, 0.2, 0.2]"
11029,651.2551383536539,243185.0997498059,"[0.2, 0.2, 0.2, 0.2, 0.2]"
11030,598.2895030175293,264934.0998159791,"[0.2, 0.2, 0.2, 0.2, 0.2]"
11031,950.5614177864795,325159.51667811064,"[0.2, 0.2, 0.2, 0.2, 0.2]"
11032,887.2111720577788,893059.8664000616,"[0.2, 0.2, 0.2, 0.2, 0.2]"
11033,396.5053046118155,847518.327708312,"[0.2, 0.2, 0.2, 0.2, 0.2]"
11034,615.6127761620257,869875.4129851272,"[0.2, 0.2, 0.2, 0.2, 0.2]"
11035,961.3063829090199,595681.9116623465,"[0.2, 0.2, 0.2, 0.2, 0.2]"
11036,728.1125083370621,310123.9003972693,"[0.2, 0.2, 0.2, 0.2, 0.2]"
11037,328.6115546752708,217746.2570985224,"[0.2, 0.2, 0.2, 0.2, 0.2]"
11038,880.5798854139924,354634.0316374926,"[0.2, 0.2, 0.2, 0.2, 0.2]"
11039,217.5707623575082,587031.9179031863,"[0.2, 0.2, 0.2, 0.2, 0.2]"
11040,321.4141895710823,452447.72515644727,"[0.2, 0.2, 0.2, 0.2, 0.2]"
11041,412.59233757714827,700067.6077186123,"[0.2, 0.2, 0.2, 0.2, 0.2]"
11042,964.3091933074509,375424.2265428007,"[0.2, 0.2, 0.2, 0.2, 0.2]"
11043,882.689691628287,480419.8231125555,"[0.2, 0.2, 0.2, 0.2, 0.2]"
11044,427.72295837737926,584917.4504287455,"[0.2, 0.2, 0.2, 0.2, 0.2]"
11045,606.6327488107755,351927.6814666014,"[0.2, 0.2, 0.2, 0.2, 0.2]"
11046,564.5388450136064,363765.5225509574,"[0.2, 0.2, 0.2, 0.2, 0.2]"
11047,436.9705493595887,194327.64264455263,"[0.2, 0.2, 0.2, 0.2, 0.2]"
11048,997.0839413454122,423775.1338646195,"[0.2, 0.2, 0.2, 0.2, 0.2]"
11049,713.375148737574,396388.54084763693,"[0.2, 0.2, 0.2, 0.2, 0.2]"
11050,105.37957835364882,949272.7217076308,"[0.2, 0.2, 0.2, 0.2, 0.2]"
11051,430.6206979949993,393366.1914644534,"[0.2, 0.2, 0.2, 0.2, 0.2]"
11052,546.8689957013468,326613.1138506501,"[0.2, 0.2, 0.2, 0.2, 0.2]"
11053,788.1290845921463,146019.84808139812,"[0.2, 0.2, 0.2, 0.2, 0.2]"
11054,631.7455520118993,575600.5971574888,"[0.2, 0.2, 0.2, 0.2, 0.2]"
11055,723.6830832822928,453740.4747756194,"[0.2, 0.2, 0.2, 0.2, 0.2]"
11056,931.6828075074052,393613.4340325087,"[0.2, 0.2, 0.2, 0.2, 0.2]"
11057,65.7098103792188,834384.9174736447,"[0.2, 0.2, 0.2, 0.2, 0.2]"
11058,42.92815982203783,288029.9235510279,"[0.2, 0.2, 0.2, 0.2, 0.2]"
11059,273.85949462595795,217404.63404954324,"[0.2, 0.2, 0.2, 0.2, 0.2]"
11060,100.27428622725074,856028.9128796228,"[0.2, 0.2, 0.2, 0.2, 0.2]"
11061,911.3728437895992,517084.35635992605,"[0.2, 0.2, 0.2, 0.2, 0.2]"
11062,343.2891877109762,215723.95847945532,"[0.2, 0.2, 0.2, 0.2, 0.2]"
11063,897.0139270343542,664934.3561279501,"[0.2, 0.2, 0.2, 0.2, 0.2]"
11064,424.0540629305993,299332.41753798,"[0.2, 0.2, 0.2, 0.2, 0.2]"
11065,692.0889849433264,581657.8143310703,"[0.2, 0.2, 0.2, 0.2, 0.2]"
11066,549.6711283559073,968166.9465170482,"[0.2, 0.2, 0.2, 0.2, 0.2]"
11067,931.4019705926428,625796.3985740094,"[0.2, 0.2, 0.2, 0.2, 0.2]"
11068,418.5421502381441,741094.886645598,"[0.2, 0.2, 0.2, 0.2, 0.2]"
11069,944.2306613044099,792922.3024682356,"[0.2, 0.2, 0.2, 0.2, 0.2]"
11070,624.5908826674329,327755.5552139722,"[0.2, 0.2, 0.2, 0.2, 0.2]"
11071,30.888599689027426,764592.220024636,"[0.2, 0.2, 0.2, 0.2, 0.2]"
11072,603.5440588603573,915518.4244214294,"[0.2, 0.2, 0.2, 0.2, 0.2]"
11073,635.4040703970696,957623.4984631028,"[0.2, 0.2, 0.2, 0.2, 0.2]"
11074,550.7013748255006,919425.6773886592,"[0.2, 0.2, 0.2, 0.2, 0.2]"
11075,779.532512559625,898523.2744431627,"[0.2, 0.2, 0.2, 0.2, 0.2]"
11076,585.6784198958682,320631.7763117049,"[0.2, 0.2, 0.2, 0.2, 0.2]"
11077,747.4885021407139,680283.7747111837,"[0.2, 0.2, 0.2, 0.2, 0.2]"
11078,970.931071130535,659523.3909362061,"[0.2, 0.2, 0.2, 0.2, 0.2]"
11079,677.4007534681969,388905.32837942446,"[0.2, 0.2, 0.2, 0.2, 0.2]"
11080,731.6845853848666,949503.3793396415,"[0.2, 0.2, 0.2, 0.2, 0.2]"
11081,531.0132248303776,748327.8164297882,"[0.2, 0.2, 0.2, 0.2, 0.2]"
11082,823.7412260416727,316822.9922488509,"[0.2, 0.2, 0.2, 0.2, 0.2]"
11083,854.3860074350583,859423.3718638052,"[0.2, 0.2, 0.2, 0.2, 0.2]"
11084,591.5418270932638,815761.8992042636,"[0.2, 0.2, 0.2, 0.2, 0.2]"
11085,64.74061637333338,242133.65885965512,"[0.2, 0.2, 0.2, 0.2, 0.2]"
11086,385.965185744977,798219.9020895077,"[0.2, 0.2, 0.2, 0.2, 0.2]"
11087,257.23680872449387,651928.2380269663,"[0.2, 0.2, 0.2, 0.2, 0.2]"
11088,979.8684209468166,367309.7559718677,"[0.2, 0.2, 0.2, 0.2, 0.2]"
11089,564.0529221953841,510869.0942972489,"[0.2, 0.2, 0.2, 0.2, 0.2]"
11090,974.5597961756932,565599.0500849764,"[0.2, 0.2, 0.2, 0.2, 0.2]"
11091,859.6214455359376,414102.5493476061,"[0.2, 0.2, 0.2, 0.2, 0.2]"
11092,775.0813869176833,640920.3104719126,"[0.2, 0.2, 0.2, 0.2, 0.2]"
11093,830.9606332460861,217639.4812941632,"[0.2, 0.2, 0.2, 0.2, 0.2]"
11094,425.29774420071334,841372.3563888614,"[0.2, 0.2, 0.2, 0.2, 0.2]"
11095,455.09384980498936,197978.00194889473,"[0.2, 0.2, 0.2, 0.2, 0.2]"
11096,150.83471444015734,817916.5617474444,"[0.2, 0.2, 0.2, 0.2, 0.2]"
11097,573.6420646837403,153272.4450634026,"[0.2, 0.2, 0.2, 0.2, 0.2]"
11098,511.1244159775227,529851.2226681678,"[0.2, 0.2, 0.2, 0.2, 0.2]"
11099,243.16080062979228,600841.1286607448,"[0.2, 0.2, 0.2, 0.2, 0.2]"
11100,294.4298861418242,420512.8001851957,"[0.2, 0.2, 0.2, 0.2, 0.2]"
11101,643.008635718177,242228.4266399307,"[0.2, 0.2, 0.2, 0.2, 0.2]"
11102,823.289958913714,251654.33168319293,"[0.2, 0.2, 0.2, 0.2, 0.2]"
11103,313.3096158386403,161233.16667662206,"[0.2, 0.2, 0.2, 0.2, 0.2]"
11104,239.0391808368404,405852.8879376878,"[0.2, 0.2, 0.2, 0.2, 0.2]"
11105,48.852432019514175,400450.5812421569,"[0.2, 0.2, 0.2, 0.2, 0.2]"
11106,804.6818788454348,152997.69780703582,"[0.2, 0.2, 0.2, 0.2, 0.2]"
11107,999.9804499099095,736562.7605136146,"[0.2, 0.2, 0.2, 0.2, 0.2]"
11108,190.24470698779513,138512.19987900506,"[0.2, 0.2, 0.2, 0.2, 0.2]"
11109,885.4173809513256,814394.0111580413,"[0.2, 0.2, 0.2, 0.2, 0.2]"
11110,757.0104719626971,748996.5718854517,"[0.2, 0.2, 0.2, 0.2, 0.2]"
11111,48.82340012542936,120104.31496609023,"[0.2, 0.2, 0.2, 0.2, 0.2]"
11112,164.1330039035513,276614.15164967196,"[0.2, 0.2, 0.2, 0.2, 0.2]"
11113,44.25073604832671,932371.7731627994,"[0.2, 0.2, 0.2, 0.2, 0.2]"
11114,424.57770566976916,536561.0178773048,"[0.2, 0.2, 0.2, 0.2, 0.2]"
11115,765.851153149793,533683.2375158196,"[0.2, 0.2, 0.2, 0.2, 0.2]"
11116,929.5195077773168,157283.03260951844,"[0.2, 0.2, 0.2, 0.2, 0.2]"
11117,844.3171714755952,152649.74872532365,"[0.2, 0.2, 0.2, 0.2, 0.2]"
11118,680.8175815191943,700926.8413458734,"[0.2, 0.2, 0.2, 0.2, 0.2]"
11119,217.84530344299236,859507.4559107112,"[0.2, 0.2, 0.2, 0.2, 0.2]"
11120,940.6459010394469,394616.2334035604,"[0.2, 0.2, 0.2, 0.2, 0.2]"
11121,181.92848735843742,767031.1316355083,"[0.2, 0.2, 0.2, 0.2, 0.2]"
11122,602.2749997189995,190715.4175910573,"[0.2, 0.2, 0.2, 0.2, 0.2]"
11123,146.37319139263377,148321.06362042984,"[0.2, 0.2, 0.2, 0.2, 0.2]"
11124,356.3034899622365,815771.6736817687,"[0.2, 0.2, 0.2, 0.2, 0.2]"
11125,245.7491548846689,242510.63354126472,"[0.2, 0.2, 0.2, 0.2, 0.2]"
11126,328.2745047970488,535807.1161236953,"[0.2, 0.2, 0.2, 0.2, 0.2]"
11127,469.09570297888274,740019.2329150937,"[0.2, 0.2, 0.2, 0.2, 0.2]"
11128,109.42401340259163,564053.3893502806,"[0.2, 0.2, 0.2, 0.2, 0.2]"
11129,251.33766044116146,288636.2062797822,"[0.2, 0.2, 0.2, 0.2, 0.2]"
11130,448.989438138506,156786.47654786956,"[0.2, 0.2, 0.2, 0.2, 0.2]"
11131,380.83066719659007,598326.972753997,"[0.2, 0.2, 0.2, 0.2, 0.2]"
11132,466.45305525009235,613870.2165626532,"[0.2, 0.2, 0.2, 0.2, 0.2]"
11133,835.2658331773473,418708.0125267749,"[0.2, 0.2, 0.2, 0.2, 0.2]"
11134,174.86580091627596,912617.9429031875,"[0.2, 0.2, 0.2, 0.2, 0.2]"
11135,360.30825828868905,160308.71602534002,"[0.2, 0.2, 0.2, 0.2, 0.2]"
11136,647.3497717834781,857730.1197856881,"[0.2, 0.2, 0.2, 0.2, 0.2]"
11137,968.622857447125,675713.2788142447,"[0.2, 0.2, 0.2, 0.2, 0.2]"
11138,145.59002012433095,983835.9549196129,"[0.2, 0.2, 0.2, 0.2, 0.2]"
11139,815.2263880321927,161732.45412077854,"[0.2, 0.2, 0.2, 0.2, 0.2]"
11140,144.1748112662119,389846.3573193778,"[0.2, 0.2, 0.2, 0.2, 0.2]"
11141,800.9330886983532,335185.61037545174,"[0.2, 0.2, 0.2, 0.2, 0.2]"
11142,219.65165703629935,466190.49899431685,"[0.2, 0.2, 0.2, 0.2, 0.2]"
11143,349.7774124462791,967600.7297095169,"[0.2, 0.2, 0.2, 0.2, 0.2]"
11144,875.5813459811345,720916.8463183828,"[0.2, 0.2, 0.2, 0.2, 0.2]"
11145,779.6932640267785,210508.37351027175,"[0.2, 0.2, 0.2, 0.2, 0.2]"
11146,178.60889097054252,516949.7261384833,"[0.2, 0.2, 0.2, 0.2, 0.2]"
11147,817.761427774613,249406.55825204967,"[0.2, 0.2, 0.2, 0.2, 0.2]"
11148,613.1959388910054,275150.99542245537,"[0.2, 0.2, 0.2, 0.2, 0.2]"
11149,613.7894367309268,117071.73630735691,"[0.2, 0.2, 0.2, 0.2, 0.2]"
11150,987.8380483415576,825721.3957157633,"[0.2, 0.2, 0.2, 0.2, 0.2]"
11151,499.0015172861513,708081.4521816457,"[0.2, 0.2, 0.2, 0.2, 0.2]"
11152,890.6468891974416,527123.1845702818,"[0.2, 0.2, 0.2, 0.2, 0.2]"
11153,86.44761438776396,448369.87488293234,"[0.2, 0.2, 0.2, 0.2, 0.2]"
11154,95.8932652693822,530740.3488446564,"[0.2, 0.2, 0.2, 0.2, 0.2]"
11155,167.48049690374538,176492.26955385774,"[0.2, 0.2, 0.2, 0.2, 0.2]"
11156,705.7535524632825,609279.3837036318,"[0.2, 0.2, 0.2, 0.2, 0.2]"
11157,642.2654006582103,307431.0868964981,"[0.2, 0.2, 0.2, 0.2, 0.2]"
11158,971.2373910886264,363224.4112863325,"[0.2, 0.2, 0.2, 0.2, 0.2]"
11159,271.1791016010165,384607.4874864705,"[0.2, 0.2, 0.2, 0.2, 0.2]"
11160,851.6104725098877,399147.99352592207,"[0.2, 0.2, 0.2, 0.2, 0.2]"
11161,350.8469237089561,583254.1505516466,"[0.2, 0.2, 0.2, 0.2, 0.2]"
11162,737.8471656219376,968020.1672453147,"[0.2, 0.2, 0.2, 0.2, 0.2]"
11163,418.2798415592304,171090.91996138866,"[0.2, 0.2, 0.2, 0.2, 0.2]"
11164,500.2495745712389,319446.4655460592,"[0.2, 0.2, 0.2, 0.2, 0.2]"
11165,762.9924624383207,192277.27600242972,"[0.2, 0.2, 0.2, 0.2, 0.2]"
11166,635.8310353719921,150276.22536259133,"[0.2, 0.2, 0.2, 0.2, 0.2]"
11167,737.1349294419142,370874.04142767994,"[0.2, 0.2, 0.2, 0.2, 0.2]"
11168,488.1022541730442,191015.29246267653,"[0.2, 0.2, 0.2, 0.2, 0.2]"
11169,905.3985681544136,511757.50204920536,"[0.2, 0.2, 0.2, 0.2, 0.2]"
11170,141.1894250956508,810677.0825321771,"[0.2, 0.2, 0.2, 0.2, 0.2]"
11171,121.18673481709179,516596.86350430263,"[0.2, 0.2, 0.2, 0.2, 0.2]"
11172,725.1207912273563,382843.972375423,"[0.2, 0.2, 0.2, 0.2, 0.2]"
11173,15.657478005783855,456831.61601935665,"[0.2, 0.2, 0.2, 0.2, 0.2]"
11174,617.4875064105837,528839.9341045727,"[0.2, 0.2, 0.2, 0.2, 0.2]"
11175,207.55646897729417,853455.2511558505,"[0.2, 0.2, 0.2, 0.2, 0.2]"
11176,886.6632141237715,952581.959143305,"[0.2, 0.2, 0.2, 0.2, 0.2]"
11177,20.460011059326057,844199.0678007945,"[0.2, 0.2, 0.2, 0.2, 0.2]"
11178,605.6090644155518,752555.9685484406,"[0.2, 0.2, 0.2, 0.2, 0.2]"
11179,955.7351547582741,248004.9404866748,"[0.2, 0.2, 0.2, 0.2, 0.2]"
11180,806.4574591736664,365575.812876035,"[0.2, 0.2, 0.2, 0.2, 0.2]"
11181,19.562235792823,964393.2444582839,"[0.2, 0.2, 0.2, 0.2, 0.2]"
11182,406.3078459859247,601785.3883541462,"[0.2, 0.2, 0.2, 0.2, 0.2]"
11183,734.9607945719728,656740.8453702256,"[0.2, 0.2, 0.2, 0.2, 0.2]"
11184,240.4002791400346,574581.2437091547,"[0.2, 0.2, 0.2, 0.2, 0.2]"
11185,448.06634670169575,374179.4918722252,"[0.2, 0.2, 0.2, 0.2, 0.2]"
11186,153.6416290954546,644790.502444274,"[0.2, 0.2, 0.2, 0.2, 0.2]"
11187,634.4276344119789,779370.9402524014,"[0.2, 0.2, 0.2, 0.2, 0.2]"
11188,778.948759804597,341430.23854582326,"[0.2, 0.2, 0.2, 0.2, 0.2]"
11189,259.40020157995946,732908.0474909829,"[0.2, 0.2, 0.2, 0.2, 0.2]"
11190,272.0936777559662,120472.53533417311,"[0.2, 0.2, 0.2, 0.2, 0.2]"
11191,405.16546479662185,142423.83540599424,"[0.2, 0.2, 0.2, 0.2, 0.2]"
11192,271.02517486734337,565775.1368047663,"[0.2, 0.2, 0.2, 0.2, 0.2]"
11193,952.9996833516217,955011.6293878136,"[0.2, 0.2, 0.2, 0.2, 0.2]"
11194,325.48658957357037,618569.0830182335,"[0.2, 0.2, 0.2, 0.2, 0.2]"
11195,436.9172536487851,435485.83294911135,"[0.2, 0.2, 0.2, 0.2, 0.2]"
11196,421.84312794042114,611366.6247744628,"[0.2, 0.2, 0.2, 0.2, 0.2]"
11197,626.4591503645241,891132.6672226136,"[0.2, 0.2, 0.2, 0.2, 0.2]"
11198,553.5574481873867,733845.6173747398,"[0.2, 0.2, 0.2, 0.2, 0.2]"
11199,670.4170964532634,183125.23446332407,"[0.2, 0.2, 0.2, 0.2, 0.2]"
11200,534.0728951807923,695813.7630981029,"[0.2, 0.2, 0.2, 0.2, 0.2]"
11201,51.616117404073016,493256.2430314255,"[0.2, 0.2, 0.2, 0.2, 0.2]"
11202,943.1018692866375,156158.3341499571,"[0.2, 0.2, 0.2, 0.2, 0.2]"
11203,29.07884767053512,865397.9360500082,"[0.2, 0.2, 0.2, 0.2, 0.2]"
11204,405.8902536478994,323213.7941801979,"[0.2, 0.2, 0.2, 0.2, 0.2]"
11205,383.13739058444014,873377.0644024655,"[0.2, 0.2, 0.2, 0.2, 0.2]"
11206,27.85633470908713,932771.0125687533,"[0.2, 0.2, 0.2, 0.2, 0.2]"
11207,577.171222533614,571675.8541973953,"[0.2, 0.2, 0.2, 0.2, 0.2]"
11208,922.5987819707865,296892.11956971616,"[0.2, 0.2, 0.2, 0.2, 0.2]"
11209,794.8944802866207,836675.1571355518,"[0.2, 0.2, 0.2, 0.2, 0.2]"
11210,331.6433211729252,344505.68328446196,"[0.2, 0.2, 0.2, 0.2, 0.2]"
11211,639.5932061863344,775000.0173510372,"[0.2, 0.2, 0.2, 0.2, 0.2]"
11212,803.5337133723164,442791.9495539212,"[0.2, 0.2, 0.2, 0.2, 0.2]"
11213,224.09584226817185,102993.42233456943,"[0.2, 0.2, 0.2, 0.2, 0.2]"
11214,213.96108870960157,255056.91889032724,"[0.2, 0.2, 0.2, 0.2, 0.2]"
11215,650.301483492445,569439.9046007213,"[0.2, 0.2, 0.2, 0.2, 0.2]"
11216,426.98498000054207,553691.5329179409,"[0.2, 0.2, 0.2, 0.2, 0.2]"
11217,625.0535478466437,820472.5572901693,"[0.2, 0.2, 0.2, 0.2, 0.2]"
11218,651.0052508949357,387291.6037695134,"[0.2, 0.2, 0.2, 0.2, 0.2]"
11219,441.81578911476976,146825.62783655187,"[0.2, 0.2, 0.2, 0.2, 0.2]"
11220,880.5412117728827,977520.8096323063,"[0.2, 0.2, 0.2, 0.2, 0.2]"
11221,516.823571997564,923180.9329904476,"[0.2, 0.2, 0.2, 0.2, 0.2]"
11222,953.7155448330539,209384.8631698066,"[0.2, 0.2, 0.2, 0.2, 0.2]"
11223,360.8333066982797,405860.1311061685,"[0.2, 0.2, 0.2, 0.2, 0.2]"
11224,234.34541545346138,507975.6700865104,"[0.2, 0.2, 0.2, 0.2, 0.2]"
11225,581.8654359452947,167305.2884567243,"[0.2, 0.2, 0.2, 0.2, 0.2]"
11226,564.4663899673895,352208.65188829147,"[0.2, 0.2, 0.2, 0.2, 0.2]"
11227,467.1057439561263,310764.9571691758,"[0.2, 0.2, 0.2, 0.2, 0.2]"
11228,98.08433047357592,290061.71093167143,"[0.2, 0.2, 0.2, 0.2, 0.2]"
11229,103.45228777354343,557782.1846157453,"[0.2, 0.2, 0.2, 0.2, 0.2]"
11230,917.536041984344,640580.978950365,"[0.2, 0.2, 0.2, 0.2, 0.2]"
11231,64.64766085380884,868737.6486884027,"[0.2, 0.2, 0.2, 0.2, 0.2]"
11232,657.9035586764448,916273.7730648072,"[0.2, 0.2, 0.2, 0.2, 0.2]"
11233,118.27621084321422,793183.131538741,"[0.2, 0.2, 0.2, 0.2, 0.2]"
11234,779.8999285407864,898835.4533668221,"[0.2, 0.2, 0.2, 0.2, 0.2]"
11235,294.12212034408697,624847.4248277124,"[0.2, 0.2, 0.2, 0.2, 0.2]"
11236,101.55868621238784,242708.38840705727,"[0.2, 0.2, 0.2, 0.2, 0.2]"
11237,788.1377953189493,951828.8499852292,"[0.2, 0.2, 0.2, 0.2, 0.2]"
11238,60.12209341530781,838776.5904816025,"[0.2, 0.2, 0.2, 0.2, 0.2]"
11239,545.0343196019559,175051.12982021476,"[0.2, 0.2, 0.2, 0.2, 0.2]"
11240,525.9489104930885,789918.2300789364,"[0.2, 0.2, 0.2, 0.2, 0.2]"
11241,696.0873053444273,466561.28731972707,"[0.2, 0.2, 0.2, 0.2, 0.2]"
11242,642.3205389236326,945327.1851691874,"[0.2, 0.2, 0.2, 0.2, 0.2]"
11243,840.7532251922923,709485.7791389873,"[0.2, 0.2, 0.2, 0.2, 0.2]"
11244,662.3391565597856,472941.74315018626,"[0.2, 0.2, 0.2, 0.2, 0.2]"
11245,607.4367639049406,681637.7013277356,"[0.2, 0.2, 0.2, 0.2, 0.2]"
11246,158.89848147204518,988228.0490564583,"[0.2, 0.2, 0.2, 0.2, 0.2]"
11247,869.7758002599928,239888.4429633206,"[0.2, 0.2, 0.2, 0.2, 0.2]"
11248,729.7697820702533,685340.4486742223,"[0.2, 0.2, 0.2, 0.2, 0.2]"
11249,466.2270678790308,706717.532880013,"[0.2, 0.2, 0.2, 0.2, 0.2]"
11250,272.66577271015177,718627.4317966539,"[0.2, 0.2, 0.2, 0.2, 0.2]"
11251,113.04731465145295,197560.14932771382,"[0.2, 0.2, 0.2, 0.2, 0.2]"
11252,281.03166323959573,250819.35734781966,"[0.2, 0.2, 0.2, 0.2, 0.2]"
11253,123.56650644740482,238287.85997953775,"[0.2, 0.2, 0.2, 0.2, 0.2]"
11254,766.4437942753167,531095.9676953858,"[0.2, 0.2, 0.2, 0.2, 0.2]"
11255,396.7146857665341,269855.16099724744,"[0.2, 0.2, 0.2, 0.2, 0.2]"
11256,166.8185078239136,833201.1607122491,"[0.2, 0.2, 0.2, 0.2, 0.2]"
11257,955.139951711826,166298.06008363207,"[0.2, 0.2, 0.2, 0.2, 0.2]"
11258,643.5087933284733,927439.6572612696,"[0.2, 0.2, 0.2, 0.2, 0.2]"
11259,633.8845712747651,186677.2878950612,"[0.2, 0.2, 0.2, 0.2, 0.2]"
11260,141.7262897543055,222260.61122105047,"[0.2, 0.2, 0.2, 0.2, 0.2]"
11261,909.6752749326035,126487.9506032184,"[0.2, 0.2, 0.2, 0.2, 0.2]"
11262,578.5975064065216,583993.5788506585,"[0.2, 0.2, 0.2, 0.2, 0.2]"
11263,915.0837440993242,168180.15734839474,"[0.2, 0.2, 0.2, 0.2, 0.2]"
11264,638.5956837935598,290140.92223396746,"[0.2, 0.2, 0.2, 0.2, 0.2]"
11265,89.2090440942791,434200.28135134606,"[0.2, 0.2, 0.2, 0.2, 0.2]"
11266,250.85660059745885,471005.05785085016,"[0.2, 0.2, 0.2, 0.2, 0.2]"
11267,15.224146374087551,846536.1690077484,"[0.2, 0.2, 0.2, 0.2, 0.2]"
11268,912.2040023346784,114986.35180764487,"[0.2, 0.2, 0.2, 0.2, 0.2]"
11269,431.5632952120705,726335.3536183615,"[0.2, 0.2, 0.2, 0.2, 0.2]"
11270,736.6112034375751,967958.7308556312,"[0.2, 0.2, 0.2, 0.2, 0.2]"
11271,897.2455373157817,412406.8458855996,"[0.2, 0.2, 0.2, 0.2, 0.2]"
11272,546.0455343420159,124086.93248389092,"[0.2, 0.2, 0.2, 0.2, 0.2]"
11273,255.3964061397526,360488.1198031198,"[0.2, 0.2, 0.2, 0.2, 0.2]"
11274,132.20234260214045,477694.26971822506,"[0.2, 0.2, 0.2, 0.2, 0.2]"
11275,857.0139082129132,916808.5176409974,"[0.2, 0.2, 0.2, 0.2, 0.2]"
11276,304.42633060497985,112238.5758107803,"[0.2, 0.2, 0.2, 0.2, 0.2]"
11277,166.1012217963241,995722.5199746833,"[0.2, 0.2, 0.2, 0.2, 0.2]"
11278,509.17920938821067,971567.7986667575,"[0.2, 0.2, 0.2, 0.2, 0.2]"
11279,831.28421885521,215693.2192352636,"[0.2, 0.2, 0.2, 0.2, 0.2]"
11280,408.0442702476141,441674.3174976708,"[0.2, 0.2, 0.2, 0.2, 0.2]"
11281,558.4854434551675,702138.9152938041,"[0.2, 0.2, 0.2, 0.2, 0.2]"
11282,582.7550355717225,760599.4758312395,"[0.2, 0.2, 0.2, 0.2, 0.2]"
11283,687.2414549078613,693712.8565107657,"[0.2, 0.2, 0.2, 0.2, 0.2]"
11284,448.7916398379634,379151.39648749615,"[0.2, 0.2, 0.2, 0.2, 0.2]"
11285,350.73345723149424,362868.1790268057,"[0.2, 0.2, 0.2, 0.2, 0.2]"
11286,129.20691571446258,512343.1371042356,"[0.2, 0.2, 0.2, 0.2, 0.2]"
11287,859.2372390350077,944399.2275479039,"[0.2, 0.2, 0.2, 0.2, 0.2]"
11288,926.2592352289176,193935.6796599335,"[0.2, 0.2, 0.2, 0.2, 0.2]"
11289,959.3564992886809,298141.09718447865,"[0.2, 0.2, 0.2, 0.2, 0.2]"
11290,163.4904525726484,522297.0257415002,"[0.2, 0.2, 0.2, 0.2, 0.2]"
11291,805.2457834251921,462460.4378512458,"[0.2, 0.2, 0.2, 0.2, 0.2]"
11292,884.1046450131441,402844.5371150807,"[0.2, 0.2, 0.2, 0.2, 0.2]"
11293,714.2796023769484,229127.5368033196,"[0.2, 0.2, 0.2, 0.2, 0.2]"
11294,444.3322225994698,168969.0090719486,"[0.2, 0.2, 0.2, 0.2, 0.2]"
11295,212.15425612614942,246450.71477449877,"[0.2, 0.2, 0.2, 0.2, 0.2]"
11296,217.45478973838652,500838.4594632653,"[0.2, 0.2, 0.2, 0.2, 0.2]"
11297,393.6337265654573,298280.5907441328,"[0.2, 0.2, 0.2, 0.2, 0.2]"
11298,820.0324421363986,898651.8603186654,"[0.2, 0.2, 0.2, 0.2, 0.2]"
11299,370.56502405530506,256846.4334886922,"[0.2, 0.2, 0.2, 0.2, 0.2]"
11300,58.19894489565506,121782.83915155496,"[0.2, 0.2, 0.2, 0.2, 0.2]"
11301,358.116631684081,228151.601446757,"[0.2, 0.2, 0.2, 0.2, 0.2]"
11302,111.54646425514505,262873.10227288713,"[0.2, 0.2, 0.2, 0.2, 0.2]"
11303,796.0186597357259,207173.56926283624,"[0.2, 0.2, 0.2, 0.2, 0.2]"
11304,109.17124570976277,794551.0556862103,"[0.2, 0.2, 0.2, 0.2, 0.2]"
11305,19.322836507454475,627171.6543424252,"[0.2, 0.2, 0.2, 0.2, 0.2]"
11306,273.1999570182781,692543.810898622,"[0.2, 0.2, 0.2, 0.2, 0.2]"
11307,572.5159677814054,474274.2374504421,"[0.2, 0.2, 0.2, 0.2, 0.2]"
11308,42.46308858009444,657529.6394757744,"[0.2, 0.2, 0.2, 0.2, 0.2]"
11309,106.43597593961859,542800.719116004,"[0.2, 0.2, 0.2, 0.2, 0.2]"
11310,709.7230300115796,627473.7921870295,"[0.2, 0.2, 0.2, 0.2, 0.2]"
11311,315.18049289860977,503916.15347554744,"[0.2, 0.2, 0.2, 0.2, 0.2]"
11312,16.55900463633118,104045.94392737889,"[0.2, 0.2, 0.2, 0.2, 0.2]"
11313,73.96690403172119,171863.88103883923,"[0.2, 0.2, 0.2, 0.2, 0.2]"
11314,756.9011141582052,539418.3290637236,"[0.2, 0.2, 0.2, 0.2, 0.2]"
11315,703.5640871385123,421811.3722300762,"[0.2, 0.2, 0.2, 0.2, 0.2]"
11316,168.87779573634035,461191.2882823978,"[0.2, 0.2, 0.2, 0.2, 0.2]"
11317,382.375867886025,561107.2449826181,"[0.2, 0.2, 0.2, 0.2, 0.2]"
11318,740.8362251538215,890318.5166310122,"[0.2, 0.2, 0.2, 0.2, 0.2]"
11319,799.2547960588169,968710.3878146281,"[0.2, 0.2, 0.2, 0.2, 0.2]"
11320,485.3560135338041,866581.4146459596,"[0.2, 0.2, 0.2, 0.2, 0.2]"
11321,941.837630312739,477049.29875309125,"[0.2, 0.2, 0.2, 0.2, 0.2]"
11322,792.6620385411642,708274.2360169083,"[0.2, 0.2, 0.2, 0.2, 0.2]"
11323,274.0050713793922,355314.17484355695,"[0.2, 0.2, 0.2, 0.2, 0.2]"
11324,555.7376173599428,850772.404963639,"[0.2, 0.2, 0.2, 0.2, 0.2]"
11325,340.91555055875807,693915.4364889545,"[0.2, 0.2, 0.2, 0.2, 0.2]"
11326,651.6675764103966,537501.8732354091,"[0.2, 0.2, 0.2, 0.2, 0.2]"
11327,297.73831839162375,798990.687860147,"[0.2, 0.2, 0.2, 0.2, 0.2]"
11328,569.6389044078567,989945.0137298241,"[0.2, 0.2, 0.2, 0.2, 0.2]"
11329,733.1294083431677,723515.9910933118,"[0.2, 0.2, 0.2, 0.2, 0.2]"
11330,818.5039106705092,924296.1865022337,"[0.2, 0.2, 0.2, 0.2, 0.2]"
11331,569.3153480772055,499931.1412978378,"[0.2, 0.2, 0.2, 0.2, 0.2]"
11332,320.892757496147,430565.1762345704,"[0.2, 0.2, 0.2, 0.2, 0.2]"
11333,585.1103839942081,762600.5471753008,"[0.2, 0.2, 0.2, 0.2, 0.2]"
11334,78.5735068725359,203726.25568801444,"[0.2, 0.2, 0.2, 0.2, 0.2]"
11335,867.9845008582668,169030.83282659668,"[0.2, 0.2, 0.2, 0.2, 0.2]"
11336,658.5337964598235,456706.5547525743,"[0.2, 0.2, 0.2, 0.2, 0.2]"
11337,60.6001061330189,856501.6762715445,"[0.2, 0.2, 0.2, 0.2, 0.2]"
11338,508.19103031372805,812540.2609970479,"[0.2, 0.2, 0.2, 0.2, 0.2]"
11339,161.3587425251998,425970.3656387402,"[0.2, 0.2, 0.2, 0.2, 0.2]"
11340,110.124578492805,723292.8366740822,"[0.2, 0.2, 0.2, 0.2, 0.2]"
11341,649.303783729885,179379.82291616395,"[0.2, 0.2, 0.2, 0.2, 0.2]"
11342,82.24656560090737,729408.6533826028,"[0.2, 0.2, 0.2, 0.2, 0.2]"
11343,530.0822250753405,750019.1817956257,"[0.2, 0.2, 0.2, 0.2, 0.2]"
11344,691.7277838447685,296312.3949760464,"[0.2, 0.2, 0.2, 0.2, 0.2]"
11345,334.58191788078324,965044.6849082485,"[0.2, 0.2, 0.2, 0.2, 0.2]"
11346,98.64452599226685,660380.1261780448,"[0.2, 0.2, 0.2, 0.2, 0.2]"
11347,363.9473396627137,204730.2752895556,"[0.2, 0.2, 0.2, 0.2, 0.2]"
11348,32.27168212822548,698962.1927537699,"[0.2, 0.2, 0.2, 0.2, 0.2]"
11349,700.8595007005594,607086.6336230284,"[0.2, 0.2, 0.2, 0.2, 0.2]"
11350,475.4499456143519,988607.2849123441,"[0.2, 0.2, 0.2, 0.2, 0.2]"
11351,495.51902631170435,536654.1554207536,"[0.2, 0.2, 0.2, 0.2, 0.2]"
11352,874.1381365419418,875119.8392343519,"[0.2, 0.2, 0.2, 0.2, 0.2]"
11353,605.6706406989201,769774.7758618593,"[0.2, 0.2, 0.2, 0.2, 0.2]"
11354,686.9194765590331,982866.0625066342,"[0.2, 0.2, 0.2, 0.2, 0.2]"
11355,750.9615206595624,551036.7730618131,"[0.2, 0.2, 0.2, 0.2, 0.2]"
11356,998.1538324039217,426509.25644614804,"[0.2, 0.2, 0.2, 0.2, 0.2]"
11357,531.0060059929776,581000.5373318596,"[0.2, 0.2, 0.2, 0.2, 0.2]"
11358,687.6203286333837,115491.14833301623,"[0.2, 0.2, 0.2, 0.2, 0.2]"
11359,254.59199478918543,514286.48313908617,"[0.2, 0.2, 0.2, 0.2, 0.2]"
11360,660.3300313163368,907760.2326189403,"[0.2, 0.2, 0.2, 0.2, 0.2]"
11361,692.2117953028353,508775.49609940377,"[0.2, 0.2, 0.2, 0.2, 0.2]"
11362,884.818970598653,945532.7097781722,"[0.2, 0.2, 0.2, 0.2, 0.2]"
11363,89.00745112018879,143063.6301445394,"[0.2, 0.2, 0.2, 0.2, 0.2]"
11364,939.7426638293338,755162.2678429394,"[0.2, 0.2, 0.2, 0.2, 0.2]"
11365,12.981250101769499,763805.8860372684,"[0.2, 0.2, 0.2, 0.2, 0.2]"
11366,536.1721180487405,531060.4950862989,"[0.2, 0.2, 0.2, 0.2, 0.2]"
11367,354.5097448160602,476276.7653342551,"[0.2, 0.2, 0.2, 0.2, 0.2]"
11368,998.2340062366002,733057.9573626074,"[0.2, 0.2, 0.2, 0.2, 0.2]"
11369,718.7526199055818,865181.0717614914,"[0.2, 0.2, 0.2, 0.2, 0.2]"
11370,452.9038987804742,689260.8253620262,"[0.2, 0.2, 0.2, 0.2, 0.2]"
11371,355.36385083630347,120392.14523163153,"[0.2, 0.2, 0.2, 0.2, 0.2]"
11372,518.8493080108556,827186.8195982004,"[0.2, 0.2, 0.2, 0.2, 0.2]"
11373,785.9169853101881,538734.5340825389,"[0.2, 0.2, 0.2, 0.2, 0.2]"
11374,733.625315464687,193056.63326625427,"[0.2, 0.2, 0.2, 0.2, 0.2]"
11375,976.754828689949,432323.9795788554,"[0.2, 0.2, 0.2, 0.2, 0.2]"
11376,418.6793644850076,537133.3754462356,"[0.2, 0.2, 0.2, 0.2, 0.2]"
11377,191.31601851966272,719402.4108043354,"[0.2, 0.2, 0.2, 0.2, 0.2]"
11378,485.1309620801227,141738.35119832828,"[0.2, 0.2, 0.2, 0.2, 0.2]"
11379,700.6031616656713,254007.91991757197,"[0.2, 0.2, 0.2, 0.2, 0.2]"
11380,592.1551834169053,721414.4164054004,"[0.2, 0.2, 0.2, 0.2, 0.2]"
11381,285.1630667954156,116787.75091244628,"[0.2, 0.2, 0.2, 0.2, 0.2]"
11382,455.0654597920529,852460.6677545346,"[0.2, 0.2, 0.2, 0.2, 0.2]"
11383,106.36877526252715,949021.9952728112,"[0.2, 0.2, 0.2, 0.2, 0.2]"
11384,157.81515608538987,427916.35671182553,"[0.2, 0.2, 0.2, 0.2, 0.2]"
11385,30.21320969798549,635351.0911562655,"[0.2, 0.2, 0.2, 0.2, 0.2]"
11386,351.8309370883595,666827.1896716955,"[0.2, 0.2, 0.2, 0.2, 0.2]"
11387,869.7081718798182,879832.1010411251,"[0.2, 0.2, 0.2, 0.2, 0.2]"
11388,123.50187543276492,944679.0438740508,"[0.2, 0.2, 0.2, 0.2, 0.2]"
11389,114.74489967150042,902455.3623151099,"[0.2, 0.2, 0.2, 0.2, 0.2]"
11390,103.55245505463033,722697.9108302968,"[0.2, 0.2, 0.2, 0.2, 0.2]"
11391,439.7027076339497,224224.4581151486,"[0.2, 0.2, 0.2, 0.2, 0.2]"
11392,663.5440311477665,316231.46321853506,"[0.2, 0.2, 0.2, 0.2, 0.2]"
11393,106.98252248997933,105865.84228763699,"[0.2, 0.2, 0.2, 0.2, 0.2]"
11394,747.0444496448908,856349.7518768944,"[0.2, 0.2, 0.2, 0.2, 0.2]"
11395,417.24095786968564,628334.4643592126,"[0.2, 0.2, 0.2, 0.2, 0.2]"
11396,98.17390916409042,909562.2944679903,"[0.2, 0.2, 0.2, 0.2, 0.2]"
11397,295.6561365778855,428654.08005271875,"[0.2, 0.2, 0.2, 0.2, 0.2]"
11398,881.5809946090218,973100.0077689003,"[0.2, 0.2, 0.2, 0.2, 0.2]"
11399,130.24304417839315,943857.693625404,"[0.2, 0.2, 0.2, 0.2, 0.2]"
11400,554.8979783618165,668905.9656637694,"[0.2, 0.2, 0.2, 0.2, 0.2]"
11401,183.30544555796467,660913.337088023,"[0.2, 0.2, 0.2, 0.2, 0.2]"
11402,953.4368205712497,778689.2264305903,"[0.2, 0.2, 0.2, 0.2, 0.2]"
11403,987.4462788446715,106799.94176739865,"[0.2, 0.2, 0.2, 0.2, 0.2]"
11404,83.93872504850128,643635.0314498651,"[0.2, 0.2, 0.2, 0.2, 0.2]"
11405,796.6575380437159,716024.9791013463,"[0.2, 0.2, 0.2, 0.2, 0.2]"
11406,281.3694372231849,807643.8226657114,"[0.2, 0.2, 0.2, 0.2, 0.2]"
11407,890.2643831267426,556628.712681578,"[0.2, 0.2, 0.2, 0.2, 0.2]"
11408,740.0192521491116,986213.6256538229,"[0.2, 0.2, 0.2, 0.2, 0.2]"
11409,920.7096123359495,633174.7853641706,"[0.2, 0.2, 0.2, 0.2, 0.2]"
11410,364.3025178715603,576166.7037143384,"[0.2, 0.2, 0.2, 0.2, 0.2]"
11411,680.4855293547395,388270.83904315956,"[0.2, 0.2, 0.2, 0.2, 0.2]"
11412,915.5301547575676,344813.70289269165,"[0.2, 0.2, 0.2, 0.2, 0.2]"
11413,107.74229068695001,409833.1096167507,"[0.2, 0.2, 0.2, 0.2, 0.2]"
11414,162.44430501581357,377992.0635027627,"[0.2, 0.2, 0.2, 0.2, 0.2]"
11415,849.9830120615003,560744.2520182602,"[0.2, 0.2, 0.2, 0.2, 0.2]"
11416,165.29254441015289,152414.4044598181,"[0.2, 0.2, 0.2, 0.2, 0.2]"
11417,32.35835544335518,853579.6490656048,"[0.2, 0.2, 0.2, 0.2, 0.2]"
11418,439.9810836628986,810308.698201664,"[0.2, 0.2, 0.2, 0.2, 0.2]"
11419,659.6239484292677,945451.9952357622,"[0.2, 0.2, 0.2, 0.2, 0.2]"
11420,800.306617041541,940694.1852035223,"[0.2, 0.2, 0.2, 0.2, 0.2]"
11421,752.66327573266,138287.71961097635,"[0.2, 0.2, 0.2, 0.2, 0.2]"
11422,741.2607665123135,748510.9170203895,"[0.2, 0.2, 0.2, 0.2, 0.2]"
11423,505.67534789278886,163054.83675356145,"[0.2, 0.2, 0.2, 0.2, 0.2]"
11424,438.2095102224958,940979.8661600911,"[0.2, 0.2, 0.2, 0.2, 0.2]"
11425,148.87660706658556,796350.9377710421,"[0.2, 0.2, 0.2, 0.2, 0.2]"
11426,898.7804133270247,236320.7076765816,"[0.2, 0.2, 0.2, 0.2, 0.2]"
11427,242.32339393069728,499631.22141830146,"[0.2, 0.2, 0.2, 0.2, 0.2]"
11428,67.25544575889867,310169.97086703486,"[0.2, 0.2, 0.2, 0.2, 0.2]"
11429,384.01411147941735,372587.2262963777,"[0.2, 0.2, 0.2, 0.2, 0.2]"
11430,738.9746897304925,448908.45327569195,"[0.2, 0.2, 0.2, 0.2, 0.2]"
11431,477.25948764240525,770501.7950574068,"[0.2, 0.2, 0.2, 0.2, 0.2]"
11432,94.24911583039082,407995.4308508215,"[0.2, 0.2, 0.2, 0.2, 0.2]"
11433,903.2969574956007,833109.5179769082,"[0.2, 0.2, 0.2, 0.2, 0.2]"
11434,93.65325170890318,400630.17531347,"[0.2, 0.2, 0.2, 0.2, 0.2]"
11435,253.02506298488646,862140.0212665318,"[0.2, 0.2, 0.2, 0.2, 0.2]"
11436,106.4774850454875,657856.3896166377,"[0.2, 0.2, 0.2, 0.2, 0.2]"
11437,913.0697579340663,987764.2554895396,"[0.2, 0.2, 0.2, 0.2, 0.2]"
11438,682.4583667417464,805640.1328239695,"[0.2, 0.2, 0.2, 0.2, 0.2]"
11439,754.5869754320317,357746.1544759763,"[0.2, 0.2, 0.2, 0.2, 0.2]"
11440,900.9429386586017,467108.37687469047,"[0.2, 0.2, 0.2, 0.2, 0.2]"
11441,394.75818446538227,497121.5574477406,"[0.2, 0.2, 0.2, 0.2, 0.2]"
11442,425.7011823531454,307608.78891242447,"[0.2, 0.2, 0.2, 0.2, 0.2]"
11443,992.3800604493774,395368.090918231,"[0.2, 0.2, 0.2, 0.2, 0.2]"
11444,469.25887529286103,348788.0278381775,"[0.2, 0.2, 0.2, 0.2, 0.2]"
11445,564.4943453635651,901223.6586969278,"[0.2, 0.2, 0.2, 0.2, 0.2]"
11446,111.46397307750114,973290.1333751627,"[0.2, 0.2, 0.2, 0.2, 0.2]"
11447,690.6034556063836,109995.40389994661,"[0.2, 0.2, 0.2, 0.2, 0.2]"
11448,702.1063416354648,722750.4128391495,"[0.2, 0.2, 0.2, 0.2, 0.2]"
11449,986.4980978931216,231983.49288838234,"[0.2, 0.2, 0.2, 0.2, 0.2]"
11450,836.4540785460616,225087.71655574028,"[0.2, 0.2, 0.2, 0.2, 0.2]"
11451,807.9027410973462,420740.1915003421,"[0.2, 0.2, 0.2, 0.2, 0.2]"
11452,843.3135740915759,657143.6725870034,"[0.2, 0.2, 0.2, 0.2, 0.2]"
11453,99.53151233622073,259859.46653140712,"[0.2, 0.2, 0.2, 0.2, 0.2]"
11454,122.92358032969119,994655.7706672811,"[0.2, 0.2, 0.2, 0.2, 0.2]"
11455,845.9472878564627,330408.9907603612,"[0.2, 0.2, 0.2, 0.2, 0.2]"
11456,729.5353142518311,933645.203070045,"[0.2, 0.2, 0.2, 0.2, 0.2]"
11457,190.44252701294462,984702.2912045419,"[0.2, 0.2, 0.2, 0.2, 0.2]"
11458,606.5341730148502,140233.92031078736,"[0.2, 0.2, 0.2, 0.2, 0.2]"
11459,457.1686413303182,752466.8448275182,"[0.2, 0.2, 0.2, 0.2, 0.2]"
11460,58.99233154692277,965532.8560901812,"[0.2, 0.2, 0.2, 0.2, 0.2]"
11461,784.5983687351812,445472.0863653529,"[0.2, 0.2, 0.2, 0.2, 0.2]"
11462,964.7769564291839,183534.3594493047,"[0.2, 0.2, 0.2, 0.2, 0.2]"
11463,561.7695841956258,238956.4066776697,"[0.2, 0.2, 0.2, 0.2, 0.2]"
11464,352.43570157553455,902081.9720042733,"[0.2, 0.2, 0.2, 0.2, 0.2]"
11465,996.1283333864557,871132.8089915741,"[0.2, 0.2, 0.2, 0.2, 0.2]"
11466,540.6766787455041,525282.0788262038,"[0.2, 0.2, 0.2, 0.2, 0.2]"
11467,212.79803568324365,661818.8831418939,"[0.2, 0.2, 0.2, 0.2, 0.2]"
11468,632.5975980764684,143611.70811763307,"[0.2, 0.2, 0.2, 0.2, 0.2]"
11469,743.3978618912085,716152.208521849,"[0.2, 0.2, 0.2, 0.2, 0.2]"
11470,612.2134604592472,108227.81061959469,"[0.2, 0.2, 0.2, 0.2, 0.2]"
11471,160.44458260366102,618025.5878560354,"[0.2, 0.2, 0.2, 0.2, 0.2]"
11472,235.9458744672414,466927.2362200624,"[0.2, 0.2, 0.2, 0.2, 0.2]"
11473,236.55134968115217,916770.2164891678,"[0.2, 0.2, 0.2, 0.2, 0.2]"
11474,941.0518263080809,889754.0305065396,"[0.2, 0.2, 0.2, 0.2, 0.2]"
11475,813.4669947471726,498889.9787178138,"[0.2, 0.2, 0.2, 0.2, 0.2]"
11476,659.3264336045154,695936.6924452984,"[0.2, 0.2, 0.2, 0.2, 0.2]"
11477,889.9264169312826,959838.4948362767,"[0.2, 0.2, 0.2, 0.2, 0.2]"
11478,68.76637073884775,545722.5193774835,"[0.2, 0.2, 0.2, 0.2, 0.2]"
11479,946.8142761750962,142160.9771898974,"[0.2, 0.2, 0.2, 0.2, 0.2]"
11480,253.32790552925545,664198.9939588177,"[0.2, 0.2, 0.2, 0.2, 0.2]"
11481,28.781650973517017,939499.5148083253,"[0.2, 0.2, 0.2, 0.2, 0.2]"
11482,488.46900674384773,806074.0587295975,"[0.2, 0.2, 0.2, 0.2, 0.2]"
11483,721.9334748766889,642111.3210350975,"[0.2, 0.2, 0.2, 0.2, 0.2]"
11484,254.54587643722067,844064.6314584472,"[0.2, 0.2, 0.2, 0.2, 0.2]"
11485,535.9144601813948,733912.2683062596,"[0.2, 0.2, 0.2, 0.2, 0.2]"
11486,151.69980856786992,792516.1831829436,"[0.2, 0.2, 0.2, 0.2, 0.2]"
11487,329.4563266585902,832303.8022915083,"[0.2, 0.2, 0.2, 0.2, 0.2]"
11488,277.85724471825625,778406.3888770586,"[0.2, 0.2, 0.2, 0.2, 0.2]"
11489,93.33843352896915,390303.30759895267,"[0.2, 0.2, 0.2, 0.2, 0.2]"
11490,495.67114724079505,507325.6286785217,"[0.2, 0.2, 0.2, 0.2, 0.2]"
11491,893.1727221996405,458238.40498279076,"[0.2, 0.2, 0.2, 0.2, 0.2]"
11492,234.40094474988214,813690.5328596578,"[0.2, 0.2, 0.2, 0.2, 0.2]"
11493,127.60160401674412,697799.4032299601,"[0.2, 0.2, 0.2, 0.2, 0.2]"
11494,107.92452649810114,854268.0013185758,"[0.2, 0.2, 0.2, 0.2, 0.2]"
11495,68.6464708227432,680835.9233200683,"[0.2, 0.2, 0.2, 0.2, 0.2]"
11496,337.06251223158677,329894.3871881288,"[0.2, 0.2, 0.2, 0.2, 0.2]"
11497,350.5440189037912,223524.4960250429,"[0.2, 0.2, 0.2, 0.2, 0.2]"
11498,325.4877452537269,131127.00306560047,"[0.2, 0.2, 0.2, 0.2, 0.2]"
11499,780.1694645131602,193674.42477020348,"[0.2, 0.2, 0.2, 0.2, 0.2]"
11500,114.61863609416447,820743.5043423331,"[0.2, 0.2, 0.2, 0.2, 0.2]"
11501,86.17000918893169,217054.43685367587,"[0.2, 0.2, 0.2, 0.2, 0.2]"
11502,222.42040143637274,830579.6820846476,"[0.2, 0.2, 0.2, 0.2, 0.2]"
11503,345.5357759328075,181213.36427256608,"[0.2, 0.2, 0.2, 0.2, 0.2]"
11504,926.3568166238156,839368.9598570254,"[0.2, 0.2, 0.2, 0.2, 0.2]"
11505,954.9537238798371,434666.5004161295,"[0.2, 0.2, 0.2, 0.2, 0.2]"
11506,621.3384203619254,114110.73119214014,"[0.2, 0.2, 0.2, 0.2, 0.2]"
11507,235.0360298447593,327695.94051127427,"[0.2, 0.2, 0.2, 0.2, 0.2]"
11508,556.0824935212006,540874.105157178,"[0.2, 0.2, 0.2, 0.2, 0.2]"
11509,189.00771345898548,577795.5840804467,"[0.2, 0.2, 0.2, 0.2, 0.2]"
11510,16.634831500988998,431761.208961723,"[0.2, 0.2, 0.2, 0.2, 0.2]"
11511,334.2788910780102,396136.7932093248,"[0.2, 0.2, 0.2, 0.2, 0.2]"
11512,411.93863779079953,154355.10553734185,"[0.2, 0.2, 0.2, 0.2, 0.2]"
11513,48.15616315176637,479729.7116589826,"[0.2, 0.2, 0.2, 0.2, 0.2]"
11514,446.73849510930654,486818.03712121194,"[0.2, 0.2, 0.2, 0.2, 0.2]"
11515,516.2451030301777,327625.29315165547,"[0.2, 0.2, 0.2, 0.2, 0.2]"
11516,211.01280692731166,783762.4745793772,"[0.2, 0.2, 0.2, 0.2, 0.2]"
11517,480.66250646907366,652896.3888027533,"[0.2, 0.2, 0.2, 0.2, 0.2]"
11518,475.51481067634785,139617.82363912615,"[0.2, 0.2, 0.2, 0.2, 0.2]"
11519,745.5061881572126,771453.8720658674,"[0.2, 0.2, 0.2, 0.2, 0.2]"
11520,875.9471311879664,519387.52878493734,"[0.2, 0.2, 0.2, 0.2, 0.2]"
11521,401.69787206048994,105281.65349797475,"[0.2, 0.2, 0.2, 0.2, 0.2]"
11522,914.0588064380066,925447.9020773175,"[0.2, 0.2, 0.2, 0.2, 0.2]"
11523,420.3031529362815,563882.8403759408,"[0.2, 0.2, 0.2, 0.2, 0.2]"
11524,594.1575237485287,404451.04861725454,"[0.2, 0.2, 0.2, 0.2, 0.2]"
11525,480.58282687685943,398205.11882560473,"[0.2, 0.2, 0.2, 0.2, 0.2]"
11526,848.0755019302115,165656.18545932567,"[0.2, 0.2, 0.2, 0.2, 0.2]"
11527,176.81159401174284,885399.5155891568,"[0.2, 0.2, 0.2, 0.2, 0.2]"
11528,904.6502644453913,880048.3857452129,"[0.2, 0.2, 0.2, 0.2, 0.2]"
11529,633.23524617932,727609.4437037953,"[0.2, 0.2, 0.2, 0.2, 0.2]"
11530,741.0987593208848,534468.3244881905,"[0.2, 0.2, 0.2, 0.2, 0.2]"
11531,854.7683447892183,603882.5980710369,"[0.2, 0.2, 0.2, 0.2, 0.2]"
11532,263.2206944368879,672053.2479124157,"[0.2, 0.2, 0.2, 0.2, 0.2]"
11533,657.8616557217205,913648.68472481,"[0.2, 0.2, 0.2, 0.2, 0.2]"
11534,401.20046462501193,188737.74924060746,"[0.2, 0.2, 0.2, 0.2, 0.2]"
11535,845.1184598353892,474831.29120539647,"[0.2, 0.2, 0.2, 0.2, 0.2]"
11536,177.8846282452748,581785.4131261548,"[0.2, 0.2, 0.2, 0.2, 0.2]"
11537,720.061497178164,475442.3580516441,"[0.2, 0.2, 0.2, 0.2, 0.2]"
11538,513.6716131072501,680580.5752055591,"[0.2, 0.2, 0.2, 0.2, 0.2]"
11539,976.1050859622559,164549.5763529359,"[0.2, 0.2, 0.2, 0.2, 0.2]"
11540,263.14683606753033,717552.1486254089,"[0.2, 0.2, 0.2, 0.2, 0.2]"
11541,890.2319217908279,975962.4845040417,"[0.2, 0.2, 0.2, 0.2, 0.2]"
11542,181.31074926338303,367068.90007199725,"[0.2, 0.2, 0.2, 0.2, 0.2]"
11543,450.62718136829574,283698.636692379,"[0.2, 0.2, 0.2, 0.2, 0.2]"
11544,846.8293231970866,802911.7997440476,"[0.2, 0.2, 0.2, 0.2, 0.2]"
11545,349.874351423703,605870.632534004,"[0.2, 0.2, 0.2, 0.2, 0.2]"
11546,631.076277095469,428179.2320372209,"[0.2, 0.2, 0.2, 0.2, 0.2]"
11547,922.8061822576187,981644.0520421192,"[0.2, 0.2, 0.2, 0.2, 0.2]"
11548,370.7229271695833,376315.64127850434,"[0.2, 0.2, 0.2, 0.2, 0.2]"
11549,385.7611809831921,206634.37622520383,"[0.2, 0.2, 0.2, 0.2, 0.2]"
11550,122.19416412579946,932107.3300651343,"[0.2, 0.2, 0.2, 0.2, 0.2]"
11551,531.2828109708206,343228.1735883581,"[0.2, 0.2, 0.2, 0.2, 0.2]"
11552,615.9821830576255,750829.1401616415,"[0.2, 0.2, 0.2, 0.2, 0.2]"
11553,707.0735947786702,570302.7526494646,"[0.2, 0.2, 0.2, 0.2, 0.2]"
11554,395.2354274326158,741477.9823557208,"[0.2, 0.2, 0.2, 0.2, 0.2]"
11555,546.6314558952499,282750.524818185,"[0.2, 0.2, 0.2, 0.2, 0.2]"
11556,553.0221392735818,732485.3598579068,"[0.2, 0.2, 0.2, 0.2, 0.2]"
11557,335.1387924518536,662106.0936116554,"[0.2, 0.2, 0.2, 0.2, 0.2]"
11558,640.5872884165416,189548.03269085663,"[0.2, 0.2, 0.2, 0.2, 0.2]"
11559,799.468332983059,457736.2929955195,"[0.2, 0.2, 0.2, 0.2, 0.2]"
11560,831.276700689955,664272.1097513537,"[0.2, 0.2, 0.2, 0.2, 0.2]"
11561,186.85471161398422,924263.9368282564,"[0.2, 0.2, 0.2, 0.2, 0.2]"
11562,888.4158019155423,305594.9487265651,"[0.2, 0.2, 0.2, 0.2, 0.2]"
11563,855.0725776588131,870408.7782439945,"[0.2, 0.2, 0.2, 0.2, 0.2]"
11564,254.49102778555982,962699.5249583717,"[0.2, 0.2, 0.2, 0.2, 0.2]"
11565,330.10037287681394,278852.0116300125,"[0.2, 0.2, 0.2, 0.2, 0.2]"
11566,717.0062583970118,913904.5406410339,"[0.2, 0.2, 0.2, 0.2, 0.2]"
11567,703.6421230779961,628310.6129042573,"[0.2, 0.2, 0.2, 0.2, 0.2]"
11568,376.0402578537703,432780.221046639,"[0.2, 0.2, 0.2, 0.2, 0.2]"
11569,15.098589810283178,891736.7909884339,"[0.2, 0.2, 0.2, 0.2, 0.2]"
11570,945.4347994695133,210334.99003320062,"[0.2, 0.2, 0.2, 0.2, 0.2]"
11571,686.5371470178567,319775.6073079115,"[0.2, 0.2, 0.2, 0.2, 0.2]"
11572,985.7728239979393,648075.7183668785,"[0.2, 0.2, 0.2, 0.2, 0.2]"
11573,963.6239477963409,408605.8111174149,"[0.2, 0.2, 0.2, 0.2, 0.2]"
11574,751.9678066161973,454202.9930339114,"[0.2, 0.2, 0.2, 0.2, 0.2]"
11575,92.45656196192327,487753.87558728136,"[0.2, 0.2, 0.2, 0.2, 0.2]"
11576,158.89385841856839,781356.2034991501,"[0.2, 0.2, 0.2, 0.2, 0.2]"
11577,92.71739924865811,347861.33583955484,"[0.2, 0.2, 0.2, 0.2, 0.2]"
11578,687.1718589137469,772418.8524544467,"[0.2, 0.2, 0.2, 0.2, 0.2]"
11579,935.7039337830515,240055.09916341613,"[0.2, 0.2, 0.2, 0.2, 0.2]"
11580,686.734847080137,931341.4163609692,"[0.2, 0.2, 0.2, 0.2, 0.2]"
11581,225.91179342405684,994585.6347829155,"[0.2, 0.2, 0.2, 0.2, 0.2]"
11582,461.53694842480104,580617.1611927678,"[0.2, 0.2, 0.2, 0.2, 0.2]"
11583,964.335367229571,416687.08432530577,"[0.2, 0.2, 0.2, 0.2, 0.2]"
11584,498.1245555473533,875620.4230313951,"[0.2, 0.2, 0.2, 0.2, 0.2]"
11585,297.72065138225037,479906.1434677861,"[0.2, 0.2, 0.2, 0.2, 0.2]"
11586,506.38509638570804,610430.9267378894,"[0.2, 0.2, 0.2, 0.2, 0.2]"
11587,531.8613925060214,887393.836907448,"[0.2, 0.2, 0.2, 0.2, 0.2]"
11588,842.4986704234398,939671.6172862137,"[0.2, 0.2, 0.2, 0.2, 0.2]"
11589,837.1790581711223,583744.4862383355,"[0.2, 0.2, 0.2, 0.2, 0.2]"
11590,795.4642589815833,273880.92556556244,"[0.2, 0.2, 0.2, 0.2, 0.2]"
11591,420.2687326821146,393459.61465025536,"[0.2, 0.2, 0.2, 0.2, 0.2]"
11592,578.8354535036386,222079.79768035267,"[0.2, 0.2, 0.2, 0.2, 0.2]"
11593,646.8098551543321,827668.2443841457,"[0.2, 0.2, 0.2, 0.2, 0.2]"
11594,196.79348547426403,719586.5615306216,"[0.2, 0.2, 0.2, 0.2, 0.2]"
11595,79.9822270773078,595379.5037563889,"[0.2, 0.2, 0.2, 0.2, 0.2]"
11596,504.9975750513608,857410.1333042785,"[0.2, 0.2, 0.2, 0.2, 0.2]"
11597,152.27089803274544,129064.46459869048,"[0.2, 0.2, 0.2, 0.2, 0.2]"
11598,915.8469836017912,777872.4279894294,"[0.2, 0.2, 0.2, 0.2, 0.2]"
11599,679.0271811360069,999623.7524458976,"[0.2, 0.2, 0.2, 0.2, 0.2]"
11600,40.02692462544216,970071.2019427667,"[0.2, 0.2, 0.2, 0.2, 0.2]"
11601,606.0338963033522,423290.54765729175,"[0.2, 0.2, 0.2, 0.2, 0.2]"
11602,501.89613264431364,899038.5637780989,"[0.2, 0.2, 0.2, 0.2, 0.2]"
11603,527.30169911926,610151.7968680549,"[0.2, 0.2, 0.2, 0.2, 0.2]"
11604,665.9659894220165,159517.61527682512,"[0.2, 0.2, 0.2, 0.2, 0.2]"
11605,43.36390604012937,870958.5164688067,"[0.2, 0.2, 0.2, 0.2, 0.2]"
11606,853.873628859391,611669.1111909032,"[0.2, 0.2, 0.2, 0.2, 0.2]"
11607,817.7055628340822,233182.03998293026,"[0.2, 0.2, 0.2, 0.2, 0.2]"
11608,539.3821696682529,177491.70138884257,"[0.2, 0.2, 0.2, 0.2, 0.2]"
11609,273.58724715908494,500723.1290704182,"[0.2, 0.2, 0.2, 0.2, 0.2]"
11610,109.45170164257117,486222.1504718542,"[0.2, 0.2, 0.2, 0.2, 0.2]"
11611,183.90590515574075,171007.78839706938,"[0.2, 0.2, 0.2, 0.2, 0.2]"
11612,508.2908156771651,169511.59971800708,"[0.2, 0.2, 0.2, 0.2, 0.2]"
11613,828.300431713977,101841.32067954639,"[0.2, 0.2, 0.2, 0.2, 0.2]"
11614,663.9879816648386,332712.3275122928,"[0.2, 0.2, 0.2, 0.2, 0.2]"
11615,912.023403395971,967446.6447098532,"[0.2, 0.2, 0.2, 0.2, 0.2]"
11616,669.2477856715145,394949.9057016549,"[0.2, 0.2, 0.2, 0.2, 0.2]"
11617,909.2346428150428,463218.1821017197,"[0.2, 0.2, 0.2, 0.2, 0.2]"
11618,406.7171063993949,760940.7884953787,"[0.2, 0.2, 0.2, 0.2, 0.2]"
11619,181.6141238003973,824092.406733872,"[0.2, 0.2, 0.2, 0.2, 0.2]"
11620,651.1670545434855,406929.0061932616,"[0.2, 0.2, 0.2, 0.2, 0.2]"
11621,620.287110627778,336141.0093559157,"[0.2, 0.2, 0.2, 0.2, 0.2]"
11622,59.794836626702256,338800.7231463855,"[0.2, 0.2, 0.2, 0.2, 0.2]"
11623,291.00854217969896,147598.3680979227,"[0.2, 0.2, 0.2, 0.2, 0.2]"
11624,999.0401470415699,354390.46717667906,"[0.2, 0.2, 0.2, 0.2, 0.2]"
11625,521.4504542801167,627430.6780461973,"[0.2, 0.2, 0.2, 0.2, 0.2]"
11626,631.5115775818285,914402.5350778237,"[0.2, 0.2, 0.2, 0.2, 0.2]"
11627,858.2287315498637,313904.78171613044,"[0.2, 0.2, 0.2, 0.2, 0.2]"
11628,731.4201328247432,157530.7698226728,"[0.2, 0.2, 0.2, 0.2, 0.2]"
11629,945.7013786909891,718670.3461322257,"[0.2, 0.2, 0.2, 0.2, 0.2]"
11630,183.0407526657589,896703.6521910268,"[0.2, 0.2, 0.2, 0.2, 0.2]"
11631,483.687643539657,918330.096182547,"[0.2, 0.2, 0.2, 0.2, 0.2]"
11632,693.2770511526758,876399.3877438534,"[0.2, 0.2, 0.2, 0.2, 0.2]"
11633,603.3045701730788,403244.65371149185,"[0.2, 0.2, 0.2, 0.2, 0.2]"
11634,191.70126387725244,268159.4062348118,"[0.2, 0.2, 0.2, 0.2, 0.2]"
11635,502.3245693395846,642142.5004638816,"[0.2, 0.2, 0.2, 0.2, 0.2]"
11636,414.09472070886073,470341.82730236324,"[0.2, 0.2, 0.2, 0.2, 0.2]"
11637,339.6927822612508,995760.7631392932,"[0.2, 0.2, 0.2, 0.2, 0.2]"
11638,649.5011460906168,216499.6398871086,"[0.2, 0.2, 0.2, 0.2, 0.2]"
11639,631.2285551318752,565927.8819409132,"[0.2, 0.2, 0.2, 0.2, 0.2]"
11640,981.3619399409378,895750.3576635785,"[0.2, 0.2, 0.2, 0.2, 0.2]"
11641,898.6949369615104,374293.4932055509,"[0.2, 0.2, 0.2, 0.2, 0.2]"
11642,103.73562252307264,451162.6004379534,"[0.2, 0.2, 0.2, 0.2, 0.2]"
11643,377.2689468152526,949476.4477063791,"[0.2, 0.2, 0.2, 0.2, 0.2]"
11644,58.59734734853256,419077.4748815425,"[0.2, 0.2, 0.2, 0.2, 0.2]"
11645,320.6247133487737,361277.3110413875,"[0.2, 0.2, 0.2, 0.2, 0.2]"
11646,891.2160681285618,139327.22290670205,"[0.2, 0.2, 0.2, 0.2, 0.2]"
11647,437.6776320786609,854439.7069260353,"[0.2, 0.2, 0.2, 0.2, 0.2]"
11648,31.52325774029697,879865.9303917137,"[0.2, 0.2, 0.2, 0.2, 0.2]"
11649,392.5290819483967,748443.5914544666,"[0.2, 0.2, 0.2, 0.2, 0.2]"
11650,547.7114765669434,799644.3371174969,"[0.2, 0.2, 0.2, 0.2, 0.2]"
11651,112.09679063386312,440356.76734727237,"[0.2, 0.2, 0.2, 0.2, 0.2]"
11652,405.2875920540474,408724.9412840059,"[0.2, 0.2, 0.2, 0.2, 0.2]"
11653,709.1772493808807,971507.2276622588,"[0.2, 0.2, 0.2, 0.2, 0.2]"
11654,832.760823028469,253417.88413903755,"[0.2, 0.2, 0.2, 0.2, 0.2]"
11655,853.5064229463719,975158.4392787702,"[0.2, 0.2, 0.2, 0.2, 0.2]"
11656,181.82387017944149,511489.0315087562,"[0.2, 0.2, 0.2, 0.2, 0.2]"
11657,439.62033970779777,694916.1365881924,"[0.2, 0.2, 0.2, 0.2, 0.2]"
11658,344.0895300201975,938231.4821562412,"[0.2, 0.2, 0.2, 0.2, 0.2]"
11659,915.3231713330229,407390.9702896938,"[0.2, 0.2, 0.2, 0.2, 0.2]"
11660,876.5591406314846,191818.07377908155,"[0.2, 0.2, 0.2, 0.2, 0.2]"
11661,54.8603976780552,682511.0466522176,"[0.2, 0.2, 0.2, 0.2, 0.2]"
11662,761.5571585146031,723501.9274273107,"[0.2, 0.2, 0.2, 0.2, 0.2]"
11663,858.0110629824229,567822.4867842759,"[0.2, 0.2, 0.2, 0.2, 0.2]"
11664,699.8942120278962,234303.7082527624,"[0.2, 0.2, 0.2, 0.2, 0.2]"
11665,778.962646237294,277139.51069659146,"[0.2, 0.2, 0.2, 0.2, 0.2]"
11666,619.2617692851468,557778.5727568788,"[0.2, 0.2, 0.2, 0.2, 0.2]"
11667,69.34839696476163,122145.33660259929,"[0.2, 0.2, 0.2, 0.2, 0.2]"
11668,628.9817027999816,720540.3228251154,"[0.2, 0.2, 0.2, 0.2, 0.2]"
11669,601.9938247226887,410551.2048888915,"[0.2, 0.2, 0.2, 0.2, 0.2]"
11670,744.9948970874805,613270.8744715917,"[0.2, 0.2, 0.2, 0.2, 0.2]"
11671,698.1981421094727,418690.5764053752,"[0.2, 0.2, 0.2, 0.2, 0.2]"
11672,457.03096381610834,177881.63099816593,"[0.2, 0.2, 0.2, 0.2, 0.2]"
11673,881.5788704155277,262215.6199944787,"[0.2, 0.2, 0.2, 0.2, 0.2]"
11674,412.15158400188375,803985.7099996023,"[0.2, 0.2, 0.2, 0.2, 0.2]"
11675,282.9599349001886,983071.286119373,"[0.2, 0.2, 0.2, 0.2, 0.2]"
11676,529.6061207982257,698077.1299736178,"[0.2, 0.2, 0.2, 0.2, 0.2]"
11677,660.1129573048665,867465.8462605388,"[0.2, 0.2, 0.2, 0.2, 0.2]"
11678,26.28117313513917,735327.6773323923,"[0.2, 0.2, 0.2, 0.2, 0.2]"
11679,363.161124861184,762501.908584516,"[0.2, 0.2, 0.2, 0.2, 0.2]"
11680,255.0633962221291,198880.5977189893,"[0.2, 0.2, 0.2, 0.2, 0.2]"
11681,457.0928069912597,313071.82124036166,"[0.2, 0.2, 0.2, 0.2, 0.2]"
11682,114.23862291352397,548389.1809706136,"[0.2, 0.2, 0.2, 0.2, 0.2]"
11683,595.9671667370975,823885.9994249885,"[0.2, 0.2, 0.2, 0.2, 0.2]"
11684,802.8550681586559,245748.0984294322,"[0.2, 0.2, 0.2, 0.2, 0.2]"
11685,534.0348328738352,829168.9805485785,"[0.2, 0.2, 0.2, 0.2, 0.2]"
11686,579.9838331697337,901666.9375307647,"[0.2, 0.2, 0.2, 0.2, 0.2]"
11687,85.93430388697408,752228.3218927545,"[0.2, 0.2, 0.2, 0.2, 0.2]"
11688,323.84251236763646,896682.737826349,"[0.2, 0.2, 0.2, 0.2, 0.2]"
11689,920.7272429675926,571349.9085080529,"[0.2, 0.2, 0.2, 0.2, 0.2]"
11690,510.0548094996213,544713.5432606149,"[0.2, 0.2, 0.2, 0.2, 0.2]"
11691,651.4741026127249,474480.9086079415,"[0.2, 0.2, 0.2, 0.2, 0.2]"
11692,94.42183223575859,568082.8653225023,"[0.2, 0.2, 0.2, 0.2, 0.2]"
11693,606.1711963251046,354221.0074829017,"[0.2, 0.2, 0.2, 0.2, 0.2]"
11694,276.770481797385,848667.9722738289,"[0.2, 0.2, 0.2, 0.2, 0.2]"
11695,789.4486758655993,191916.57522911488,"[0.2, 0.2, 0.2, 0.2, 0.2]"
11696,646.9316661250888,961719.760483657,"[0.2, 0.2, 0.2, 0.2, 0.2]"
11697,405.142206598727,617415.1137543782,"[0.2, 0.2, 0.2, 0.2, 0.2]"
11698,617.5738979816647,131776.14290927234,"[0.2, 0.2, 0.2, 0.2, 0.2]"
11699,538.6441705967259,604782.4069605257,"[0.2, 0.2, 0.2, 0.2, 0.2]"
11700,365.39073217535264,201079.77263194654,"[0.2, 0.2, 0.2, 0.2, 0.2]"
11701,159.1620666373214,152865.8927549219,"[0.2, 0.2, 0.2, 0.2, 0.2]"
11702,183.8798755399589,285012.89475331083,"[0.2, 0.2, 0.2, 0.2, 0.2]"
11703,680.8920406381677,261978.99733304896,"[0.2, 0.2, 0.2, 0.2, 0.2]"
11704,206.89034460095456,589488.1842417262,"[0.2, 0.2, 0.2, 0.2, 0.2]"
11705,451.4650540619196,671423.806301698,"[0.2, 0.2, 0.2, 0.2, 0.2]"
11706,667.5283039526146,828339.9825783941,"[0.2, 0.2, 0.2, 0.2, 0.2]"
11707,45.83990802727856,908110.359488891,"[0.2, 0.2, 0.2, 0.2, 0.2]"
11708,595.8292657994056,578647.4452370921,"[0.2, 0.2, 0.2, 0.2, 0.2]"
11709,706.0754445460329,623218.4157297814,"[0.2, 0.2, 0.2, 0.2, 0.2]"
11710,353.24570936065646,740784.5704269725,"[0.2, 0.2, 0.2, 0.2, 0.2]"
11711,181.04384923405178,372106.01845517755,"[0.2, 0.2, 0.2, 0.2, 0.2]"
11712,57.67783491796754,740018.2904574104,"[0.2, 0.2, 0.2, 0.2, 0.2]"
11713,369.56415974225274,986006.7026983296,"[0.2, 0.2, 0.2, 0.2, 0.2]"
11714,19.126605135618227,282692.28510019055,"[0.2, 0.2, 0.2, 0.2, 0.2]"
11715,529.9793329934378,545812.2721997557,"[0.2, 0.2, 0.2, 0.2, 0.2]"
11716,814.3181940360465,125399.42374678838,"[0.2, 0.2, 0.2, 0.2, 0.2]"
11717,322.2729105670768,174713.62790748995,"[0.2, 0.2, 0.2, 0.2, 0.2]"
11718,190.38316343227558,385327.83409864426,"[0.2, 0.2, 0.2, 0.2, 0.2]"
11719,132.66959399013913,663235.7099547803,"[0.2, 0.2, 0.2, 0.2, 0.2]"
11720,826.0059276945477,540536.7094624338,"[0.2, 0.2, 0.2, 0.2, 0.2]"
11721,257.1399709322781,869516.3478102039,"[0.2, 0.2, 0.2, 0.2, 0.2]"
11722,779.626422185681,395260.7123222966,"[0.2, 0.2, 0.2, 0.2, 0.2]"
11723,142.51813721392486,390702.5628232276,"[0.2, 0.2, 0.2, 0.2, 0.2]"
11724,171.4579247936199,158063.7216160493,"[0.2, 0.2, 0.2, 0.2, 0.2]"
11725,492.5354810972383,289760.274017739,"[0.2, 0.2, 0.2, 0.2, 0.2]"
11726,686.3928422936224,805230.0932085282,"[0.2, 0.2, 0.2, 0.2, 0.2]"
11727,289.0487707604667,995027.3157104766,"[0.2, 0.2, 0.2, 0.2, 0.2]"
11728,543.0193013777725,497848.92680194735,"[0.2, 0.2, 0.2, 0.2, 0.2]"
11729,463.58085920066924,832762.1415923266,"[0.2, 0.2, 0.2, 0.2, 0.2]"
11730,830.9740964767901,576289.3697748128,"[0.2, 0.2, 0.2, 0.2, 0.2]"
11731,355.4122393719119,870758.6240811002,"[0.2, 0.2, 0.2, 0.2, 0.2]"
11732,243.60702451365106,701728.327070774,"[0.2, 0.2, 0.2, 0.2, 0.2]"
11733,109.3465713487331,576157.9121349627,"[0.2, 0.2, 0.2, 0.2, 0.2]"
11734,380.3068168362403,349488.164235047,"[0.2, 0.2, 0.2, 0.2, 0.2]"
11735,316.04588407880414,592530.9571939397,"[0.2, 0.2, 0.2, 0.2, 0.2]"
11736,808.9386711084163,324207.16757135256,"[0.2, 0.2, 0.2, 0.2, 0.2]"
11737,149.67665277326935,950456.3621648127,"[0.2, 0.2, 0.2, 0.2, 0.2]"
11738,495.9434647239968,820046.6186054437,"[0.2, 0.2, 0.2, 0.2, 0.2]"
11739,999.7074257874334,878276.8581670653,"[0.2, 0.2, 0.2, 0.2, 0.2]"
11740,713.19916632702,565228.1585201864,"[0.2, 0.2, 0.2, 0.2, 0.2]"
11741,404.460316895768,705121.198904118,"[0.2, 0.2, 0.2, 0.2, 0.2]"
11742,392.0063297129952,261148.50511342235,"[0.2, 0.2, 0.2, 0.2, 0.2]"
11743,396.53431596901555,764841.6722712956,"[0.2, 0.2, 0.2, 0.2, 0.2]"
11744,105.20934993567386,688182.1512796367,"[0.2, 0.2, 0.2, 0.2, 0.2]"
11745,431.94086681233244,454778.31461714284,"[0.2, 0.2, 0.2, 0.2, 0.2]"
11746,198.57721534138471,442587.6463688127,"[0.2, 0.2, 0.2, 0.2, 0.2]"
11747,203.41973829005926,610352.4990234163,"[0.2, 0.2, 0.2, 0.2, 0.2]"
11748,863.7659063688945,879819.7557106387,"[0.2, 0.2, 0.2, 0.2, 0.2]"
11749,377.8186049621319,154793.54107002844,"[0.2, 0.2, 0.2, 0.2, 0.2]"
11750,47.75997647625548,332028.8523579269,"[0.2, 0.2, 0.2, 0.2, 0.2]"
11751,162.8799816547826,797474.2935930364,"[0.2, 0.2, 0.2, 0.2, 0.2]"
11752,273.6860052160085,643962.0362109303,"[0.2, 0.2, 0.2, 0.2, 0.2]"
11753,19.983379171053258,909593.7406984172,"[0.2, 0.2, 0.2, 0.2, 0.2]"
11754,84.46968385409714,315793.458976867,"[0.2, 0.2, 0.2, 0.2, 0.2]"
11755,585.5746050130501,254056.49022154912,"[0.2, 0.2, 0.2, 0.2, 0.2]"
11756,452.7456803052782,472281.82670855126,"[0.2, 0.2, 0.2, 0.2, 0.2]"
11757,498.7133486603761,486407.2481775769,"[0.2, 0.2, 0.2, 0.2, 0.2]"
11758,979.469800447802,709832.2197284944,"[0.2, 0.2, 0.2, 0.2, 0.2]"
11759,461.61414355130046,443280.93460503704,"[0.2, 0.2, 0.2, 0.2, 0.2]"
11760,188.98961625774476,877595.9065521825,"[0.2, 0.2, 0.2, 0.2, 0.2]"
11761,87.08872078333148,778415.9552023783,"[0.2, 0.2, 0.2, 0.2, 0.2]"
11762,258.2211052207887,847120.8305355493,"[0.2, 0.2, 0.2, 0.2, 0.2]"
11763,917.6658509979903,398006.7798641698,"[0.2, 0.2, 0.2, 0.2, 0.2]"
11764,316.49287995246993,562020.5754172646,"[0.2, 0.2, 0.2, 0.2, 0.2]"
11765,658.533325643036,187773.29952906934,"[0.2, 0.2, 0.2, 0.2, 0.2]"
11766,348.5815515445179,767822.7347235403,"[0.2, 0.2, 0.2, 0.2, 0.2]"
11767,502.9982316729204,105162.85354245605,"[0.2, 0.2, 0.2, 0.2, 0.2]"
11768,930.6971320087581,285052.25422158395,"[0.2, 0.2, 0.2, 0.2, 0.2]"
11769,384.23620953986506,444012.5807016017,"[0.2, 0.2, 0.2, 0.2, 0.2]"
11770,864.6279131612912,813141.0345223241,"[0.2, 0.2, 0.2, 0.2, 0.2]"
11771,390.54454675073674,784380.6247603965,"[0.2, 0.2, 0.2, 0.2, 0.2]"
11772,753.4004006177958,536106.8001376663,"[0.2, 0.2, 0.2, 0.2, 0.2]"
11773,421.5992331865271,365779.0597498954,"[0.2, 0.2, 0.2, 0.2, 0.2]"
11774,638.5466232951877,311363.876347038,"[0.2, 0.2, 0.2, 0.2, 0.2]"
11775,531.6202244388257,848731.0949881524,"[0.2, 0.2, 0.2, 0.2, 0.2]"
11776,402.8110700876105,942563.1702939504,"[0.2, 0.2, 0.2, 0.2, 0.2]"
11777,869.6065829640487,966761.8003942771,"[0.2, 0.2, 0.2, 0.2, 0.2]"
11778,870.8110581163382,377547.6857361888,"[0.2, 0.2, 0.2, 0.2, 0.2]"
11779,838.2592223967758,467232.79557694437,"[0.2, 0.2, 0.2, 0.2, 0.2]"
11780,501.5145363286383,732685.3454565366,"[0.2, 0.2, 0.2, 0.2, 0.2]"
11781,290.1242138028504,400528.76933646883,"[0.2, 0.2, 0.2, 0.2, 0.2]"
11782,272.03892820372675,201597.22293083082,"[0.2, 0.2, 0.2, 0.2, 0.2]"
11783,598.9520674848284,940406.8876011566,"[0.2, 0.2, 0.2, 0.2, 0.2]"
11784,902.5058854858058,416459.3057195532,"[0.2, 0.2, 0.2, 0.2, 0.2]"
11785,873.5530378757984,854096.5360234712,"[0.2, 0.2, 0.2, 0.2, 0.2]"
11786,857.7692773088328,482659.8483538865,"[0.2, 0.2, 0.2, 0.2, 0.2]"
11787,915.5074451476792,970730.0170591942,"[0.2, 0.2, 0.2, 0.2, 0.2]"
11788,61.780310647884406,631348.4081604169,"[0.2, 0.2, 0.2, 0.2, 0.2]"
11789,49.25083500566827,638097.7609177455,"[0.2, 0.2, 0.2, 0.2, 0.2]"
11790,166.53642434779937,570079.0046510291,"[0.2, 0.2, 0.2, 0.2, 0.2]"
11791,778.9498835074209,509119.61768368364,"[0.2, 0.2, 0.2, 0.2, 0.2]"
11792,72.70517178161172,976883.5888884013,"[0.2, 0.2, 0.2, 0.2, 0.2]"
11793,208.51265107171542,376177.00004664215,"[0.2, 0.2, 0.2, 0.2, 0.2]"
11794,756.0857912542335,710102.4249783752,"[0.2, 0.2, 0.2, 0.2, 0.2]"
11795,767.3595207408775,573707.3309994608,"[0.2, 0.2, 0.2, 0.2, 0.2]"
11796,108.50180916484207,835437.2315101644,"[0.2, 0.2, 0.2, 0.2, 0.2]"
11797,92.46123278450324,155398.51472719377,"[0.2, 0.2, 0.2, 0.2, 0.2]"
11798,852.1316869933183,853325.2811054963,"[0.2, 0.2, 0.2, 0.2, 0.2]"
11799,82.19297140194703,854614.2665509363,"[0.2, 0.2, 0.2, 0.2, 0.2]"
11800,115.93431398034241,338277.58284086373,"[0.2, 0.2, 0.2, 0.2, 0.2]"
11801,385.94295219201484,683030.2257540044,"[0.2, 0.2, 0.2, 0.2, 0.2]"
11802,307.504426877005,160320.53599341694,"[0.2, 0.2, 0.2, 0.2, 0.2]"
11803,398.789813844651,210084.73113294115,"[0.2, 0.2, 0.2, 0.2, 0.2]"
11804,181.53091006771993,784057.1701590074,"[0.2, 0.2, 0.2, 0.2, 0.2]"
11805,202.8301651762222,249238.15260445426,"[0.2, 0.2, 0.2, 0.2, 0.2]"
11806,984.5690349350823,677595.4802915694,"[0.2, 0.2, 0.2, 0.2, 0.2]"
11807,807.7660778138066,867461.1018242263,"[0.2, 0.2, 0.2, 0.2, 0.2]"
11808,164.66985594905847,841079.90137873,"[0.2, 0.2, 0.2, 0.2, 0.2]"
11809,201.4684986203264,998770.6232696149,"[0.2, 0.2, 0.2, 0.2, 0.2]"
11810,302.55575563225744,503368.91617387993,"[0.2, 0.2, 0.2, 0.2, 0.2]"
11811,627.5634229582863,580122.3019799541,"[0.2, 0.2, 0.2, 0.2, 0.2]"
11812,36.37401925089175,473553.2134564671,"[0.2, 0.2, 0.2, 0.2, 0.2]"
11813,984.5242389240406,924924.5500295125,"[0.2, 0.2, 0.2, 0.2, 0.2]"
11814,934.528064078173,989783.0096031049,"[0.2, 0.2, 0.2, 0.2, 0.2]"
11815,577.9382262953775,250907.6311888404,"[0.2, 0.2, 0.2, 0.2, 0.2]"
11816,627.6664394546584,800317.2269284823,"[0.2, 0.2, 0.2, 0.2, 0.2]"
11817,335.718928217462,951837.6861234804,"[0.2, 0.2, 0.2, 0.2, 0.2]"
11818,320.29996311310373,846998.3855555502,"[0.2, 0.2, 0.2, 0.2, 0.2]"
11819,88.48833951965834,716200.2942348688,"[0.2, 0.2, 0.2, 0.2, 0.2]"
11820,213.60462180639468,147990.19033146274,"[0.2, 0.2, 0.2, 0.2, 0.2]"
11821,306.5609583559985,903101.3843000234,"[0.2, 0.2, 0.2, 0.2, 0.2]"
11822,210.3613798231383,920889.970956163,"[0.2, 0.2, 0.2, 0.2, 0.2]"
11823,289.97143652103597,179485.02623906435,"[0.2, 0.2, 0.2, 0.2, 0.2]"
11824,996.8078907430214,734886.9132338081,"[0.2, 0.2, 0.2, 0.2, 0.2]"
11825,285.8919524920787,778815.156348737,"[0.2, 0.2, 0.2, 0.2, 0.2]"
11826,75.77635508569077,865951.2583043902,"[0.2, 0.2, 0.2, 0.2, 0.2]"
11827,122.2145239438483,378934.0433616275,"[0.2, 0.2, 0.2, 0.2, 0.2]"
11828,535.3572206097296,665396.8069604788,"[0.2, 0.2, 0.2, 0.2, 0.2]"
11829,585.9224512947019,692409.6271649784,"[0.2, 0.2, 0.2, 0.2, 0.2]"
11830,491.16671617900454,822439.3734331921,"[0.2, 0.2, 0.2, 0.2, 0.2]"
11831,457.0026789868472,398448.97875820217,"[0.2, 0.2, 0.2, 0.2, 0.2]"
11832,602.8742775123408,135208.8224176862,"[0.2, 0.2, 0.2, 0.2, 0.2]"
11833,75.42724377700534,297524.3644648123,"[0.2, 0.2, 0.2, 0.2, 0.2]"
11834,541.7293614734331,507908.01718403964,"[0.2, 0.2, 0.2, 0.2, 0.2]"
11835,805.5913685234426,614462.7677962785,"[0.2, 0.2, 0.2, 0.2, 0.2]"
11836,137.41077511681772,407324.61847903824,"[0.2, 0.2, 0.2, 0.2, 0.2]"
11837,43.70023388825692,543300.8705614222,"[0.2, 0.2, 0.2, 0.2, 0.2]"
11838,169.60756261245174,979889.9825139946,"[0.2, 0.2, 0.2, 0.2, 0.2]"
11839,324.29639947735194,943827.537287966,"[0.2, 0.2, 0.2, 0.2, 0.2]"
11840,30.055994786698836,664106.077921925,"[0.2, 0.2, 0.2, 0.2, 0.2]"
11841,383.1096780830214,420824.0407482935,"[0.2, 0.2, 0.2, 0.2, 0.2]"
11842,387.6225943135965,732962.5837423784,"[0.2, 0.2, 0.2, 0.2, 0.2]"
11843,608.4614147979092,338499.8755810603,"[0.2, 0.2, 0.2, 0.2, 0.2]"
11844,723.0811621054241,170598.39308590192,"[0.2, 0.2, 0.2, 0.2, 0.2]"
11845,979.6772050678178,253872.9837482985,"[0.2, 0.2, 0.2, 0.2, 0.2]"
11846,795.2879511110187,768811.9511106659,"[0.2, 0.2, 0.2, 0.2, 0.2]"
11847,276.2122747915903,631681.0574306549,"[0.2, 0.2, 0.2, 0.2, 0.2]"
11848,108.09518810887033,147227.6608455894,"[0.2, 0.2, 0.2, 0.2, 0.2]"
11849,877.5257404881767,905315.5399597224,"[0.2, 0.2, 0.2, 0.2, 0.2]"
11850,601.5045563320456,969566.4822221546,"[0.2, 0.2, 0.2, 0.2, 0.2]"
11851,102.73268281587052,110662.85743841917,"[0.2, 0.2, 0.2, 0.2, 0.2]"
11852,730.6352307801365,507954.8729620474,"[0.2, 0.2, 0.2, 0.2, 0.2]"
11853,347.37687797899633,219416.8572740252,"[0.2, 0.2, 0.2, 0.2, 0.2]"
11854,167.6234615131063,872114.7918194556,"[0.2, 0.2, 0.2, 0.2, 0.2]"
11855,543.340871634308,543641.8536185401,"[0.2, 0.2, 0.2, 0.2, 0.2]"
11856,343.64090002031253,704169.4838126134,"[0.2, 0.2, 0.2, 0.2, 0.2]"
11857,757.6474140102832,484344.054770954,"[0.2, 0.2, 0.2, 0.2, 0.2]"
11858,136.59778882698134,256370.08417991368,"[0.2, 0.2, 0.2, 0.2, 0.2]"
11859,72.98057612703252,202830.50896015472,"[0.2, 0.2, 0.2, 0.2, 0.2]"
11860,603.3110801631557,675307.9069551243,"[0.2, 0.2, 0.2, 0.2, 0.2]"
11861,261.117389452137,774668.5891356665,"[0.2, 0.2, 0.2, 0.2, 0.2]"
11862,358.39914597554076,306690.0732183588,"[0.2, 0.2, 0.2, 0.2, 0.2]"
11863,255.10494805281982,551485.4422727061,"[0.2, 0.2, 0.2, 0.2, 0.2]"
11864,308.1741396500356,899642.527869606,"[0.2, 0.2, 0.2, 0.2, 0.2]"
11865,413.75140242869685,366945.559341056,"[0.2, 0.2, 0.2, 0.2, 0.2]"
11866,237.0940301473299,555426.5985417634,"[0.2, 0.2, 0.2, 0.2, 0.2]"
11867,627.440191804172,977416.9440510918,"[0.2, 0.2, 0.2, 0.2, 0.2]"
11868,854.41152551209,824280.6836954599,"[0.2, 0.2, 0.2, 0.2, 0.2]"
11869,332.25188732091675,608389.3779500723,"[0.2, 0.2, 0.2, 0.2, 0.2]"
11870,197.28613234777802,329453.9069545121,"[0.2, 0.2, 0.2, 0.2, 0.2]"
11871,145.08134552571832,278205.24885764346,"[0.2, 0.2, 0.2, 0.2, 0.2]"
11872,156.38672473654697,164128.93263803737,"[0.2, 0.2, 0.2, 0.2, 0.2]"
11873,715.982927104576,313918.6557571485,"[0.2, 0.2, 0.2, 0.2, 0.2]"
11874,417.17437971498174,927610.0109660637,"[0.2, 0.2, 0.2, 0.2, 0.2]"
11875,216.44224052758346,847902.5595944108,"[0.2, 0.2, 0.2, 0.2, 0.2]"
11876,738.5838572842978,361910.83932487096,"[0.2, 0.2, 0.2, 0.2, 0.2]"
11877,855.94991400486,708985.3902311971,"[0.2, 0.2, 0.2, 0.2, 0.2]"
11878,265.61063424575457,857487.2534218366,"[0.2, 0.2, 0.2, 0.2, 0.2]"
11879,427.5949799584376,867728.7511526477,"[0.2, 0.2, 0.2, 0.2, 0.2]"
11880,315.60684448452514,907037.2657909632,"[0.2, 0.2, 0.2, 0.2, 0.2]"
11881,45.47919024259436,638397.534080285,"[0.2, 0.2, 0.2, 0.2, 0.2]"
11882,142.14419660394776,660603.8840067061,"[0.2, 0.2, 0.2, 0.2, 0.2]"
11883,213.3780704403779,544487.0228080114,"[0.2, 0.2, 0.2, 0.2, 0.2]"
11884,768.2614051105342,105656.53992677787,"[0.2, 0.2, 0.2, 0.2, 0.2]"
11885,340.6175125249668,698608.0079690033,"[0.2, 0.2, 0.2, 0.2, 0.2]"
11886,478.49048133256235,441936.5262344122,"[0.2, 0.2, 0.2, 0.2, 0.2]"
11887,500.23054978619086,549785.8067333673,"[0.2, 0.2, 0.2, 0.2, 0.2]"
11888,855.694202582448,445033.8056387926,"[0.2, 0.2, 0.2, 0.2, 0.2]"
11889,371.94293420808555,508789.72645278653,"[0.2, 0.2, 0.2, 0.2, 0.2]"
11890,180.75507343937025,569215.5903866165,"[0.2, 0.2, 0.2, 0.2, 0.2]"
11891,891.5621871651766,583153.400588719,"[0.2, 0.2, 0.2, 0.2, 0.2]"
11892,498.9402903795959,194605.0377282771,"[0.2, 0.2, 0.2, 0.2, 0.2]"
11893,900.8461398169159,237421.43176497426,"[0.2, 0.2, 0.2, 0.2, 0.2]"
11894,927.3540525902092,375017.73553046957,"[0.2, 0.2, 0.2, 0.2, 0.2]"
11895,364.97077058715803,608700.9471636687,"[0.2, 0.2, 0.2, 0.2, 0.2]"
11896,914.4969497917798,646956.1275010271,"[0.2, 0.2, 0.2, 0.2, 0.2]"
11897,37.104821236083,701637.9786930011,"[0.2, 0.2, 0.2, 0.2, 0.2]"
11898,581.6147596756001,968458.5780176441,"[0.2, 0.2, 0.2, 0.2, 0.2]"
11899,675.850934879597,348238.7188759595,"[0.2, 0.2, 0.2, 0.2, 0.2]"
11900,422.1103463506858,318140.8144709427,"[0.2, 0.2, 0.2, 0.2, 0.2]"
11901,858.4599906858549,148404.71124243032,"[0.2, 0.2, 0.2, 0.2, 0.2]"
11902,224.59108586203172,371478.1314905313,"[0.2, 0.2, 0.2, 0.2, 0.2]"
11903,858.5994550272217,358793.91259208106,"[0.2, 0.2, 0.2, 0.2, 0.2]"
11904,193.09519227425983,713744.9599368356,"[0.2, 0.2, 0.2, 0.2, 0.2]"
11905,800.4586298082535,980739.9440472838,"[0.2, 0.2, 0.2, 0.2, 0.2]"
11906,731.709787024004,699362.4165812281,"[0.2, 0.2, 0.2, 0.2, 0.2]"
11907,188.53073100579175,571528.2983592101,"[0.2, 0.2, 0.2, 0.2, 0.2]"
11908,771.2060202142909,663241.9341687417,"[0.2, 0.2, 0.2, 0.2, 0.2]"
11909,566.6307476200468,413671.5043243093,"[0.2, 0.2, 0.2, 0.2, 0.2]"
11910,623.9384609684887,263116.5466122243,"[0.2, 0.2, 0.2, 0.2, 0.2]"
11911,507.6208403389702,536972.4010422397,"[0.2, 0.2, 0.2, 0.2, 0.2]"
11912,161.57621956695442,601224.1275512555,"[0.2, 0.2, 0.2, 0.2, 0.2]"
11913,760.1797233248301,534268.7484202606,"[0.2, 0.2, 0.2, 0.2, 0.2]"
11914,197.28597360835653,669124.7898453838,"[0.2, 0.2, 0.2, 0.2, 0.2]"
11915,633.8843467869273,906785.4723334069,"[0.2, 0.2, 0.2, 0.2, 0.2]"
11916,839.2085444966357,920895.1051277692,"[0.2, 0.2, 0.2, 0.2, 0.2]"
11917,188.3556998848046,286266.45856998407,"[0.2, 0.2, 0.2, 0.2, 0.2]"
11918,193.09258527712694,418729.95198314846,"[0.2, 0.2, 0.2, 0.2, 0.2]"
11919,878.3954408005557,619141.989545773,"[0.2, 0.2, 0.2, 0.2, 0.2]"
11920,276.086647627313,262414.35335985303,"[0.2, 0.2, 0.2, 0.2, 0.2]"
11921,553.4304546164503,762241.0008379939,"[0.2, 0.2, 0.2, 0.2, 0.2]"
11922,738.5203655943641,646703.0341918509,"[0.2, 0.2, 0.2, 0.2, 0.2]"
11923,55.46690154583456,286663.81477420236,"[0.2, 0.2, 0.2, 0.2, 0.2]"
11924,589.3829542148449,793445.7815243871,"[0.2, 0.2, 0.2, 0.2, 0.2]"
11925,769.3453657139712,636196.9941568958,"[0.2, 0.2, 0.2, 0.2, 0.2]"
11926,576.2649288540391,555837.3830145758,"[0.2, 0.2, 0.2, 0.2, 0.2]"
11927,48.28489339967579,861174.5562758956,"[0.2, 0.2, 0.2, 0.2, 0.2]"
11928,439.8492902924301,813971.1855882098,"[0.2, 0.2, 0.2, 0.2, 0.2]"
11929,751.5174833248375,353999.375051605,"[0.2, 0.2, 0.2, 0.2, 0.2]"
11930,511.8520873578633,766759.4911695704,"[0.2, 0.2, 0.2, 0.2, 0.2]"
11931,111.67235968470312,423353.80017756665,"[0.2, 0.2, 0.2, 0.2, 0.2]"
11932,947.0343878680816,193927.0686076187,"[0.2, 0.2, 0.2, 0.2, 0.2]"
11933,995.7225627219763,835798.4029251098,"[0.2, 0.2, 0.2, 0.2, 0.2]"
11934,140.03321437267545,213838.5744603239,"[0.2, 0.2, 0.2, 0.2, 0.2]"
11935,316.6095267565701,257961.44222542673,"[0.2, 0.2, 0.2, 0.2, 0.2]"
11936,790.4823808454777,150175.4860452499,"[0.2, 0.2, 0.2, 0.2, 0.2]"
11937,108.14459863083387,644683.3879113788,"[0.2, 0.2, 0.2, 0.2, 0.2]"
11938,731.4055947217861,375327.44142955507,"[0.2, 0.2, 0.2, 0.2, 0.2]"
11939,131.61396774934877,186302.01480762888,"[0.2, 0.2, 0.2, 0.2, 0.2]"
11940,312.329806692437,833764.537287847,"[0.2, 0.2, 0.2, 0.2, 0.2]"
11941,39.39098630493636,276892.8935917099,"[0.2, 0.2, 0.2, 0.2, 0.2]"
11942,224.63872336060783,233432.80129516276,"[0.2, 0.2, 0.2, 0.2, 0.2]"
11943,253.91194830232465,670521.450112773,"[0.2, 0.2, 0.2, 0.2, 0.2]"
11944,399.62692964304534,843382.3695950069,"[0.2, 0.2, 0.2, 0.2, 0.2]"
11945,609.9824031387114,435246.3667316494,"[0.2, 0.2, 0.2, 0.2, 0.2]"
11946,917.5227004734106,213203.28923516383,"[0.2, 0.2, 0.2, 0.2, 0.2]"
11947,672.3702143972413,823522.0891205637,"[0.2, 0.2, 0.2, 0.2, 0.2]"
11948,77.96271298981482,180590.46723948538,"[0.2, 0.2, 0.2, 0.2, 0.2]"
11949,647.4050401809087,158891.100757466,"[0.2, 0.2, 0.2, 0.2, 0.2]"
11950,562.2473009914124,256126.16107376516,"[0.2, 0.2, 0.2, 0.2, 0.2]"
11951,662.5297415577614,370905.24426297145,"[0.2, 0.2, 0.2, 0.2, 0.2]"
11952,627.7316938476565,145646.47668394068,"[0.2, 0.2, 0.2, 0.2, 0.2]"
11953,751.0514646285394,404991.33164708974,"[0.2, 0.2, 0.2, 0.2, 0.2]"
11954,14.516505784053248,332273.18340197334,"[0.2, 0.2, 0.2, 0.2, 0.2]"
11955,34.065944556564986,125225.95272919213,"[0.2, 0.2, 0.2, 0.2, 0.2]"
11956,823.994692014667,131162.39669328384,"[0.2, 0.2, 0.2, 0.2, 0.2]"
11957,931.3988846079851,675878.1947023998,"[0.2, 0.2, 0.2, 0.2, 0.2]"
11958,24.27199300602075,935617.0297589264,"[0.2, 0.2, 0.2, 0.2, 0.2]"
11959,929.0975126458277,950355.5943957483,"[0.2, 0.2, 0.2, 0.2, 0.2]"
11960,683.6568247119767,220851.66346908722,"[0.2, 0.2, 0.2, 0.2, 0.2]"
11961,921.6470315582679,111930.33825544367,"[0.2, 0.2, 0.2, 0.2, 0.2]"
11962,745.985515247645,763501.536647719,"[0.2, 0.2, 0.2, 0.2, 0.2]"
11963,805.043173258171,530683.9356338457,"[0.2, 0.2, 0.2, 0.2, 0.2]"
11964,646.1246632848594,792595.9735995734,"[0.2, 0.2, 0.2, 0.2, 0.2]"
11965,986.8457359870241,580131.0191795258,"[0.2, 0.2, 0.2, 0.2, 0.2]"
11966,918.7668478351682,871876.3094244355,"[0.2, 0.2, 0.2, 0.2, 0.2]"
11967,795.0499475217096,910775.528766414,"[0.2, 0.2, 0.2, 0.2, 0.2]"
11968,201.47059761107045,206144.20529586915,"[0.2, 0.2, 0.2, 0.2, 0.2]"
11969,995.012554073089,900227.6127649372,"[0.2, 0.2, 0.2, 0.2, 0.2]"
11970,289.0814284756186,782379.9051798328,"[0.2, 0.2, 0.2, 0.2, 0.2]"
11971,393.57471120434946,476586.44906147796,"[0.2, 0.2, 0.2, 0.2, 0.2]"
11972,331.17739685822704,357524.1870352675,"[0.2, 0.2, 0.2, 0.2, 0.2]"
11973,668.1638428501883,327457.0104441921,"[0.2, 0.2, 0.2, 0.2, 0.2]"
11974,166.4678195580163,223582.31830372204,"[0.2, 0.2, 0.2, 0.2, 0.2]"
11975,667.0489856202597,104658.61227798925,"[0.2, 0.2, 0.2, 0.2, 0.2]"
11976,796.9053699939369,318564.95964097395,"[0.2, 0.2, 0.2, 0.2, 0.2]"
11977,238.4263827728644,456217.74900976743,"[0.2, 0.2, 0.2, 0.2, 0.2]"
11978,339.673767371514,841883.1398075352,"[0.2, 0.2, 0.2, 0.2, 0.2]"
11979,27.325440841936956,425756.02330572286,"[0.2, 0.2, 0.2, 0.2, 0.2]"
11980,71.31056499360281,788704.7139156545,"[0.2, 0.2, 0.2, 0.2, 0.2]"
11981,875.8096767816219,116500.69697266287,"[0.2, 0.2, 0.2, 0.2, 0.2]"
11982,801.3929192724539,668848.2293307191,"[0.2, 0.2, 0.2, 0.2, 0.2]"
11983,478.8276572388097,424151.95322564687,"[0.2, 0.2, 0.2, 0.2, 0.2]"
11984,647.7296861849676,543917.8852647672,"[0.2, 0.2, 0.2, 0.2, 0.2]"
11985,454.2015899280531,352606.4091178705,"[0.2, 0.2, 0.2, 0.2, 0.2]"
11986,450.895373487477,405979.27315373754,"[0.2, 0.2, 0.2, 0.2, 0.2]"
11987,730.6018163677618,949083.8816906861,"[0.2, 0.2, 0.2, 0.2, 0.2]"
11988,358.79301056499344,287092.9408989969,"[0.2, 0.2, 0.2, 0.2, 0.2]"
11989,326.0285996437795,915186.0074198273,"[0.2, 0.2, 0.2, 0.2, 0.2]"
11990,765.2165923726185,696846.1473408515,"[0.2, 0.2, 0.2, 0.2, 0.2]"
11991,316.35720236733897,549503.2550590187,"[0.2, 0.2, 0.2, 0.2, 0.2]"
11992,338.57903028403257,857581.0885804452,"[0.2, 0.2, 0.2, 0.2, 0.2]"
11993,749.9141824362565,332639.4867443396,"[0.2, 0.2, 0.2, 0.2, 0.2]"
11994,790.5403421954453,499549.3928892759,"[0.2, 0.2, 0.2, 0.2, 0.2]"
11995,426.1105012769458,996421.5060729611,"[0.2, 0.2, 0.2, 0.2, 0.2]"
11996,93.49382198488955,986577.1054623587,"[0.2, 0.2, 0.2, 0.2, 0.2]"
11997,896.4815016712893,261187.4695874832,"[0.2, 0.2, 0.2, 0.2, 0.2]"
11998,46.81612841147757,612620.8186112776,"[0.2, 0.2, 0.2, 0.2, 0.2]"
11999,134.21305114673777,102153.59966619642,"[0.2, 0.2, 0.2, 0.2, 0.2]"
12000,844.4715728809126,847615.0409029612,"[0.2, 0.2, 0.2, 0.2, 0.2]"
12001,358.0010816493368,626052.9885803187,"[0.2, 0.2, 0.2, 0.2, 0.2]"
12002,261.7746941260345,420624.15844178887,"[0.2, 0.2, 0.2, 0.2, 0.2]"
12003,887.1273460046582,179624.27835340067,"[0.2, 0.2, 0.2, 0.2, 0.2]"
12004,91.38286646504199,756728.049683139,"[0.2, 0.2, 0.2, 0.2, 0.2]"
12005,365.8778604597785,645794.3967943472,"[0.2, 0.2, 0.2, 0.2, 0.2]"
12006,467.5932578244727,727681.1211155237,"[0.2, 0.2, 0.2, 0.2, 0.2]"
12007,471.9464875863377,648685.3726721507,"[0.2, 0.2, 0.2, 0.2, 0.2]"
12008,62.885367385568,630736.2710074355,"[0.2, 0.2, 0.2, 0.2, 0.2]"
12009,585.2210636658641,669861.5327792527,"[0.2, 0.2, 0.2, 0.2, 0.2]"
12010,458.9994883157,205938.2844861674,"[0.2, 0.2, 0.2, 0.2, 0.2]"
12011,777.2705045557361,619273.1916751857,"[0.2, 0.2, 0.2, 0.2, 0.2]"
12012,42.90021113083183,361177.8595656742,"[0.2, 0.2, 0.2, 0.2, 0.2]"
12013,887.1683114294894,128347.92656618403,"[0.2, 0.2, 0.2, 0.2, 0.2]"
12014,502.4267947445464,292028.78224778513,"[0.2, 0.2, 0.2, 0.2, 0.2]"
12015,876.9178651075265,647900.2176811954,"[0.2, 0.2, 0.2, 0.2, 0.2]"
12016,181.58702014385477,290448.5534383452,"[0.2, 0.2, 0.2, 0.2, 0.2]"
12017,982.9657037532957,903019.7544886706,"[0.2, 0.2, 0.2, 0.2, 0.2]"
12018,999.314850934949,445524.9215572617,"[0.2, 0.2, 0.2, 0.2, 0.2]"
12019,11.838632323145005,954680.8890601916,"[0.2, 0.2, 0.2, 0.2, 0.2]"
12020,550.4012735754696,198409.5718623374,"[0.2, 0.2, 0.2, 0.2, 0.2]"
12021,562.8518257532638,755962.3277867164,"[0.2, 0.2, 0.2, 0.2, 0.2]"
12022,513.3662399655854,295608.5309273263,"[0.2, 0.2, 0.2, 0.2, 0.2]"
12023,604.8645048956258,871891.7754626126,"[0.2, 0.2, 0.2, 0.2, 0.2]"
12024,82.4411927382564,319062.3560706597,"[0.2, 0.2, 0.2, 0.2, 0.2]"
12025,424.2483956789273,662994.0196270208,"[0.2, 0.2, 0.2, 0.2, 0.2]"
12026,321.57867331908005,535286.5035322867,"[0.2, 0.2, 0.2, 0.2, 0.2]"
12027,283.2296203208749,963500.8693240371,"[0.2, 0.2, 0.2, 0.2, 0.2]"
12028,86.17355789560547,202105.28947455419,"[0.2, 0.2, 0.2, 0.2, 0.2]"
12029,168.43825063739783,904346.1989097076,"[0.2, 0.2, 0.2, 0.2, 0.2]"
12030,710.2898657444972,990366.1558481856,"[0.2, 0.2, 0.2, 0.2, 0.2]"
12031,584.2428138882505,786812.0446244632,"[0.2, 0.2, 0.2, 0.2, 0.2]"
12032,568.6410307712853,481783.48426730727,"[0.2, 0.2, 0.2, 0.2, 0.2]"
12033,963.0810158887573,701778.105008143,"[0.2, 0.2, 0.2, 0.2, 0.2]"
12034,597.619495811297,944495.7103828829,"[0.2, 0.2, 0.2, 0.2, 0.2]"
12035,577.6637329692848,306224.15226043086,"[0.2, 0.2, 0.2, 0.2, 0.2]"
12036,102.88527981424359,875453.1328360785,"[0.2, 0.2, 0.2, 0.2, 0.2]"
12037,271.9196639936504,863111.9781803939,"[0.2, 0.2, 0.2, 0.2, 0.2]"
12038,646.0367965322158,446369.8799130991,"[0.2, 0.2, 0.2, 0.2, 0.2]"
12039,922.6680089795548,725324.818351109,"[0.2, 0.2, 0.2, 0.2, 0.2]"
12040,83.03731837637841,867374.161246887,"[0.2, 0.2, 0.2, 0.2, 0.2]"
12041,714.1653692841185,220621.42576033363,"[0.2, 0.2, 0.2, 0.2, 0.2]"
12042,438.38868870097923,662322.1587521374,"[0.2, 0.2, 0.2, 0.2, 0.2]"
12043,763.0468609699317,706098.7647289354,"[0.2, 0.2, 0.2, 0.2, 0.2]"
12044,749.0204922846617,837992.7674932028,"[0.2, 0.2, 0.2, 0.2, 0.2]"
12045,378.36179766511447,760159.384651119,"[0.2, 0.2, 0.2, 0.2, 0.2]"
12046,190.06559198048447,306994.39849314874,"[0.2, 0.2, 0.2, 0.2, 0.2]"
12047,945.1816045912195,690113.8403643369,"[0.2, 0.2, 0.2, 0.2, 0.2]"
12048,906.6364835695664,527025.8997364121,"[0.2, 0.2, 0.2, 0.2, 0.2]"
12049,915.1564473523047,709813.3919673271,"[0.2, 0.2, 0.2, 0.2, 0.2]"
12050,554.772798167133,167801.28350630787,"[0.2, 0.2, 0.2, 0.2, 0.2]"
12051,196.0465724625271,996995.0105418065,"[0.2, 0.2, 0.2, 0.2, 0.2]"
12052,738.267015966587,900856.9954933586,"[0.2, 0.2, 0.2, 0.2, 0.2]"
12053,41.041803630145196,699658.4354072886,"[0.2, 0.2, 0.2, 0.2, 0.2]"
12054,812.0882399668981,239297.8795990262,"[0.2, 0.2, 0.2, 0.2, 0.2]"
12055,794.6465326027142,977247.950072409,"[0.2, 0.2, 0.2, 0.2, 0.2]"
12056,227.68355403161078,425183.2028508347,"[0.2, 0.2, 0.2, 0.2, 0.2]"
12057,246.3882317224371,513942.8271684968,"[0.2, 0.2, 0.2, 0.2, 0.2]"
12058,504.78560738070405,537828.7927932045,"[0.2, 0.2, 0.2, 0.2, 0.2]"
12059,622.2685237010957,205784.89202775623,"[0.2, 0.2, 0.2, 0.2, 0.2]"
12060,195.66277366429333,577551.1867887755,"[0.2, 0.2, 0.2, 0.2, 0.2]"
12061,809.2013009127422,373329.13724484656,"[0.2, 0.2, 0.2, 0.2, 0.2]"
12062,825.4048368760037,623877.0928660135,"[0.2, 0.2, 0.2, 0.2, 0.2]"
12063,892.4473453265728,489024.62869332044,"[0.2, 0.2, 0.2, 0.2, 0.2]"
12064,151.74355540452146,770442.6331402672,"[0.2, 0.2, 0.2, 0.2, 0.2]"
12065,952.6890404180997,123027.37932314497,"[0.2, 0.2, 0.2, 0.2, 0.2]"
12066,141.3428753287252,179538.2075327265,"[0.2, 0.2, 0.2, 0.2, 0.2]"
12067,245.54187283902255,981181.3889720401,"[0.2, 0.2, 0.2, 0.2, 0.2]"
12068,362.55021747263913,523499.85528500687,"[0.2, 0.2, 0.2, 0.2, 0.2]"
12069,411.89609075464244,851005.0884301021,"[0.2, 0.2, 0.2, 0.2, 0.2]"
12070,227.11692330574402,307541.4619513957,"[0.2, 0.2, 0.2, 0.2, 0.2]"
12071,258.93208804574726,527126.1497368095,"[0.2, 0.2, 0.2, 0.2, 0.2]"
12072,232.8262168292345,599998.0000731817,"[0.2, 0.2, 0.2, 0.2, 0.2]"
12073,633.6408438595141,578317.9459738415,"[0.2, 0.2, 0.2, 0.2, 0.2]"
12074,955.226269922241,618054.1755739339,"[0.2, 0.2, 0.2, 0.2, 0.2]"
12075,443.5177281088992,515884.7605898927,"[0.2, 0.2, 0.2, 0.2, 0.2]"
12076,394.33185383993316,673468.2951503694,"[0.2, 0.2, 0.2, 0.2, 0.2]"
12077,404.5506389147707,746337.4266024901,"[0.2, 0.2, 0.2, 0.2, 0.2]"
12078,227.05277494245075,109563.72887252654,"[0.2, 0.2, 0.2, 0.2, 0.2]"
12079,688.7866941346167,381284.13069927454,"[0.2, 0.2, 0.2, 0.2, 0.2]"
12080,139.72679002704763,323864.1756514027,"[0.2, 0.2, 0.2, 0.2, 0.2]"
12081,896.9325321478842,732036.0726737166,"[0.2, 0.2, 0.2, 0.2, 0.2]"
12082,237.12066313518906,229525.33424443606,"[0.2, 0.2, 0.2, 0.2, 0.2]"
12083,279.9146978128105,719895.8195927988,"[0.2, 0.2, 0.2, 0.2, 0.2]"
12084,322.63934177249934,524714.1945371543,"[0.2, 0.2, 0.2, 0.2, 0.2]"
12085,314.662769192472,208977.73909753287,"[0.2, 0.2, 0.2, 0.2, 0.2]"
12086,200.51967447319205,301326.09588698565,"[0.2, 0.2, 0.2, 0.2, 0.2]"
12087,434.55052185367003,370176.15636840614,"[0.2, 0.2, 0.2, 0.2, 0.2]"
12088,645.2792781994008,901626.7845020335,"[0.2, 0.2, 0.2, 0.2, 0.2]"
12089,773.6577215654756,380341.2528619312,"[0.2, 0.2, 0.2, 0.2, 0.2]"
12090,186.80280018536962,330699.4009948466,"[0.2, 0.2, 0.2, 0.2, 0.2]"
12091,28.87677755970762,154835.48293806048,"[0.2, 0.2, 0.2, 0.2, 0.2]"
12092,970.523062483919,806943.4216457871,"[0.2, 0.2, 0.2, 0.2, 0.2]"
12093,328.2927505724449,337339.89712743915,"[0.2, 0.2, 0.2, 0.2, 0.2]"
12094,980.0187012293217,744428.2289377814,"[0.2, 0.2, 0.2, 0.2, 0.2]"
12095,382.6089477887673,459187.5082849356,"[0.2, 0.2, 0.2, 0.2, 0.2]"
12096,514.3662651313393,880938.7544069249,"[0.2, 0.2, 0.2, 0.2, 0.2]"
12097,222.42186878468897,323643.0259213111,"[0.2, 0.2, 0.2, 0.2, 0.2]"
12098,530.754599635437,207124.7236647263,"[0.2, 0.2, 0.2, 0.2, 0.2]"
12099,376.2319650064343,528611.0318671628,"[0.2, 0.2, 0.2, 0.2, 0.2]"
12100,958.6344194906834,137273.91755288583,"[0.2, 0.2, 0.2, 0.2, 0.2]"
12101,401.56569424853666,438912.75880168664,"[0.2, 0.2, 0.2, 0.2, 0.2]"
12102,351.06470491891946,928626.0436167442,"[0.2, 0.2, 0.2, 0.2, 0.2]"
12103,134.95210698913007,876506.2986312653,"[0.2, 0.2, 0.2, 0.2, 0.2]"
12104,294.7450954779912,297280.6605500602,"[0.2, 0.2, 0.2, 0.2, 0.2]"
12105,335.3348723017055,833535.2400355609,"[0.2, 0.2, 0.2, 0.2, 0.2]"
12106,399.53016451872475,639642.8093277963,"[0.2, 0.2, 0.2, 0.2, 0.2]"
12107,585.1109860937358,892914.3558127224,"[0.2, 0.2, 0.2, 0.2, 0.2]"
12108,718.5323687454543,950606.0894399609,"[0.2, 0.2, 0.2, 0.2, 0.2]"
12109,79.02260322709428,910761.356703039,"[0.2, 0.2, 0.2, 0.2, 0.2]"
12110,980.6015718667009,576197.8264288837,"[0.2, 0.2, 0.2, 0.2, 0.2]"
12111,854.3788312562806,261809.07886494396,"[0.2, 0.2, 0.2, 0.2, 0.2]"
12112,300.1638372480622,155563.0386260948,"[0.2, 0.2, 0.2, 0.2, 0.2]"
12113,369.3806031509304,421270.2088707433,"[0.2, 0.2, 0.2, 0.2, 0.2]"
12114,348.28553217771247,443698.0365061009,"[0.2, 0.2, 0.2, 0.2, 0.2]"
12115,539.2620700286541,433206.8534820078,"[0.2, 0.2, 0.2, 0.2, 0.2]"
12116,673.1237310334429,335646.03193827905,"[0.2, 0.2, 0.2, 0.2, 0.2]"
12117,57.95572701837851,928920.7625871373,"[0.2, 0.2, 0.2, 0.2, 0.2]"
12118,219.2448892048165,731544.3431149209,"[0.2, 0.2, 0.2, 0.2, 0.2]"
12119,965.4246185733543,348042.2109249752,"[0.2, 0.2, 0.2, 0.2, 0.2]"
12120,864.7468176893991,573362.4209970722,"[0.2, 0.2, 0.2, 0.2, 0.2]"
12121,287.96672344250663,193964.06235608156,"[0.2, 0.2, 0.2, 0.2, 0.2]"
12122,643.7184268749324,689937.526150611,"[0.2, 0.2, 0.2, 0.2, 0.2]"
12123,290.2472330422615,785955.2585257165,"[0.2, 0.2, 0.2, 0.2, 0.2]"
12124,534.3594744260035,887676.0777311785,"[0.2, 0.2, 0.2, 0.2, 0.2]"
12125,255.292447626311,408475.6769025664,"[0.2, 0.2, 0.2, 0.2, 0.2]"
12126,166.486737654444,889327.2465580783,"[0.2, 0.2, 0.2, 0.2, 0.2]"
12127,775.9625433616318,912332.7645456634,"[0.2, 0.2, 0.2, 0.2, 0.2]"
12128,937.5087721282932,974763.5060109259,"[0.2, 0.2, 0.2, 0.2, 0.2]"
12129,928.732851736947,152417.6330915221,"[0.2, 0.2, 0.2, 0.2, 0.2]"
12130,21.44638727594342,825248.6187539222,"[0.2, 0.2, 0.2, 0.2, 0.2]"
12131,396.35455864385796,322422.76633652544,"[0.2, 0.2, 0.2, 0.2, 0.2]"
12132,750.6337695130319,268608.8187082802,"[0.2, 0.2, 0.2, 0.2, 0.2]"
12133,476.51240396285397,203886.1382596005,"[0.2, 0.2, 0.2, 0.2, 0.2]"
12134,73.12587641128431,932899.6518854155,"[0.2, 0.2, 0.2, 0.2, 0.2]"
12135,120.97096176333285,440617.67768261716,"[0.2, 0.2, 0.2, 0.2, 0.2]"
12136,575.9875162489843,751016.9163319867,"[0.2, 0.2, 0.2, 0.2, 0.2]"
12137,608.9116224921188,809898.4187258116,"[0.2, 0.2, 0.2, 0.2, 0.2]"
12138,346.52957774466853,971354.616507345,"[0.2, 0.2, 0.2, 0.2, 0.2]"
12139,636.671538792603,768885.8529386818,"[0.2, 0.2, 0.2, 0.2, 0.2]"
12140,65.32494586249246,164323.75580261584,"[0.2, 0.2, 0.2, 0.2, 0.2]"
12141,982.406815868733,242730.8439688694,"[0.2, 0.2, 0.2, 0.2, 0.2]"
12142,100.03682280882478,872757.749515838,"[0.2, 0.2, 0.2, 0.2, 0.2]"
12143,440.81920252207703,918672.9601584084,"[0.2, 0.2, 0.2, 0.2, 0.2]"
12144,952.4038381059363,991342.5642873385,"[0.2, 0.2, 0.2, 0.2, 0.2]"
12145,194.729334323067,581133.6545461501,"[0.2, 0.2, 0.2, 0.2, 0.2]"
12146,323.85755813402375,775533.4291692261,"[0.2, 0.2, 0.2, 0.2, 0.2]"
12147,262.54446143520005,578728.1987649348,"[0.2, 0.2, 0.2, 0.2, 0.2]"
12148,552.0757103032767,298108.34394132847,"[0.2, 0.2, 0.2, 0.2, 0.2]"
12149,900.7395355126935,282615.6869365142,"[0.2, 0.2, 0.2, 0.2, 0.2]"
12150,589.6691922377707,249737.88052577493,"[0.2, 0.2, 0.2, 0.2, 0.2]"
12151,895.195401220647,685991.6196917712,"[0.2, 0.2, 0.2, 0.2, 0.2]"
12152,482.8512144964553,696712.2120912113,"[0.2, 0.2, 0.2, 0.2, 0.2]"
12153,366.7394701631,101069.81622400429,"[0.2, 0.2, 0.2, 0.2, 0.2]"
12154,831.1919297156751,453277.62277082284,"[0.2, 0.2, 0.2, 0.2, 0.2]"
12155,329.44762034268166,261785.82552804556,"[0.2, 0.2, 0.2, 0.2, 0.2]"
12156,653.9043523396974,772486.4142886573,"[0.2, 0.2, 0.2, 0.2, 0.2]"
12157,573.4685620113409,250524.5916947282,"[0.2, 0.2, 0.2, 0.2, 0.2]"
12158,652.5923972729819,826404.2937010269,"[0.2, 0.2, 0.2, 0.2, 0.2]"
12159,491.55730470364705,671130.4060524604,"[0.2, 0.2, 0.2, 0.2, 0.2]"
12160,677.2627848603667,807556.0807825474,"[0.2, 0.2, 0.2, 0.2, 0.2]"
12161,770.9901275107642,269826.57549509103,"[0.2, 0.2, 0.2, 0.2, 0.2]"
12162,532.0176191110216,585102.0920755004,"[0.2, 0.2, 0.2, 0.2, 0.2]"
12163,820.099593984134,348976.1298385622,"[0.2, 0.2, 0.2, 0.2, 0.2]"
12164,505.6323527418511,801536.7511274321,"[0.2, 0.2, 0.2, 0.2, 0.2]"
12165,85.25062407365998,123544.39068825322,"[0.2, 0.2, 0.2, 0.2, 0.2]"
12166,188.76726376859244,615027.9901815187,"[0.2, 0.2, 0.2, 0.2, 0.2]"
12167,570.4289929095409,711540.0871070349,"[0.2, 0.2, 0.2, 0.2, 0.2]"
12168,43.806248734276046,943865.6306607582,"[0.2, 0.2, 0.2, 0.2, 0.2]"
12169,260.8847658730375,870809.5502765,"[0.2, 0.2, 0.2, 0.2, 0.2]"
12170,44.5947731821931,480905.0418725505,"[0.2, 0.2, 0.2, 0.2, 0.2]"
12171,105.28515112908241,350315.22112850915,"[0.2, 0.2, 0.2, 0.2, 0.2]"
12172,398.3443173013378,843158.8062233402,"[0.2, 0.2, 0.2, 0.2, 0.2]"
12173,696.2283024107868,793576.7027402433,"[0.2, 0.2, 0.2, 0.2, 0.2]"
12174,552.4972308155678,961731.1600631425,"[0.2, 0.2, 0.2, 0.2, 0.2]"
12175,113.37022023336846,218207.22238936112,"[0.2, 0.2, 0.2, 0.2, 0.2]"
12176,846.5112952518017,455656.44569769606,"[0.2, 0.2, 0.2, 0.2, 0.2]"
12177,927.2841113880494,107033.05887798959,"[0.2, 0.2, 0.2, 0.2, 0.2]"
12178,364.2201048628748,639592.6685637349,"[0.2, 0.2, 0.2, 0.2, 0.2]"
12179,731.8159551047943,543557.6309044193,"[0.2, 0.2, 0.2, 0.2, 0.2]"
12180,50.83357795077912,155941.1697389311,"[0.2, 0.2, 0.2, 0.2, 0.2]"
12181,312.41848682111464,181997.74375621742,"[0.2, 0.2, 0.2, 0.2, 0.2]"
12182,625.5532203443768,920746.1327799999,"[0.2, 0.2, 0.2, 0.2, 0.2]"
12183,32.34381898670913,733135.5034880647,"[0.2, 0.2, 0.2, 0.2, 0.2]"
12184,851.9530064606989,325643.21127894963,"[0.2, 0.2, 0.2, 0.2, 0.2]"
12185,809.7018205270687,342399.8634016166,"[0.2, 0.2, 0.2, 0.2, 0.2]"
12186,533.6354093356299,743163.6374757531,"[0.2, 0.2, 0.2, 0.2, 0.2]"
12187,758.5393475728644,809122.8068936164,"[0.2, 0.2, 0.2, 0.2, 0.2]"
12188,952.3566962418007,156025.48067195856,"[0.2, 0.2, 0.2, 0.2, 0.2]"
12189,655.325213294123,528024.166776392,"[0.2, 0.2, 0.2, 0.2, 0.2]"
12190,82.94178383199458,418382.89973639394,"[0.2, 0.2, 0.2, 0.2, 0.2]"
12191,84.70323160005736,350905.2521307793,"[0.2, 0.2, 0.2, 0.2, 0.2]"
12192,238.31452758206896,876924.6907981684,"[0.2, 0.2, 0.2, 0.2, 0.2]"
12193,400.94377794460183,729912.5781753033,"[0.2, 0.2, 0.2, 0.2, 0.2]"
12194,210.93335310047965,300833.74505561654,"[0.2, 0.2, 0.2, 0.2, 0.2]"
12195,678.2158595861774,216034.58925317024,"[0.2, 0.2, 0.2, 0.2, 0.2]"
12196,395.13557176703694,673046.0443696309,"[0.2, 0.2, 0.2, 0.2, 0.2]"
12197,112.82924205273018,477948.5748716943,"[0.2, 0.2, 0.2, 0.2, 0.2]"
12198,178.56774304367272,913995.3780496735,"[0.2, 0.2, 0.2, 0.2, 0.2]"
12199,789.2129306850745,640830.3842603272,"[0.2, 0.2, 0.2, 0.2, 0.2]"
12200,236.1065619750917,842631.5887785106,"[0.2, 0.2, 0.2, 0.2, 0.2]"
12201,433.1609933898105,129448.70728165383,"[0.2, 0.2, 0.2, 0.2, 0.2]"
12202,369.0337809988048,190989.49338874972,"[0.2, 0.2, 0.2, 0.2, 0.2]"
12203,731.8595473432136,848457.4660747797,"[0.2, 0.2, 0.2, 0.2, 0.2]"
12204,221.423457749345,894292.8143167975,"[0.2, 0.2, 0.2, 0.2, 0.2]"
12205,195.80390312306687,942881.1578675818,"[0.2, 0.2, 0.2, 0.2, 0.2]"
12206,151.39333342313395,228596.91267022723,"[0.2, 0.2, 0.2, 0.2, 0.2]"
12207,850.545436870176,474655.15946208814,"[0.2, 0.2, 0.2, 0.2, 0.2]"
12208,51.13291166082095,480276.83203512186,"[0.2, 0.2, 0.2, 0.2, 0.2]"
12209,449.55371840184375,647940.5560992734,"[0.2, 0.2, 0.2, 0.2, 0.2]"
12210,581.8413724386269,140418.20907541757,"[0.2, 0.2, 0.2, 0.2, 0.2]"
12211,219.4511633395312,759720.3866734409,"[0.2, 0.2, 0.2, 0.2, 0.2]"
12212,458.35984673777625,620331.7821137537,"[0.2, 0.2, 0.2, 0.2, 0.2]"
12213,357.4993316556595,402402.1981818318,"[0.2, 0.2, 0.2, 0.2, 0.2]"
12214,345.6509246529109,999232.2001840994,"[0.2, 0.2, 0.2, 0.2, 0.2]"
12215,608.2905214987809,800894.7060365769,"[0.2, 0.2, 0.2, 0.2, 0.2]"
12216,599.7328200786194,546354.1762223463,"[0.2, 0.2, 0.2, 0.2, 0.2]"
12217,765.9175534327092,660962.8769312599,"[0.2, 0.2, 0.2, 0.2, 0.2]"
12218,942.0367789808594,568978.0102930001,"[0.2, 0.2, 0.2, 0.2, 0.2]"
12219,801.5058425979013,596259.7343405448,"[0.2, 0.2, 0.2, 0.2, 0.2]"
12220,653.4602876584506,357103.37407468003,"[0.2, 0.2, 0.2, 0.2, 0.2]"
12221,213.27160217587775,238821.08590382434,"[0.2, 0.2, 0.2, 0.2, 0.2]"
12222,776.7890994087139,988408.8422428743,"[0.2, 0.2, 0.2, 0.2, 0.2]"
12223,169.20841812158218,539632.2450716464,"[0.2, 0.2, 0.2, 0.2, 0.2]"
12224,742.9765471310474,832842.5906210195,"[0.2, 0.2, 0.2, 0.2, 0.2]"
12225,944.0448538268009,671785.6369339663,"[0.2, 0.2, 0.2, 0.2, 0.2]"
12226,405.5882786750337,668532.6049641588,"[0.2, 0.2, 0.2, 0.2, 0.2]"
12227,952.1862890401093,516776.9284941686,"[0.2, 0.2, 0.2, 0.2, 0.2]"
12228,936.839021215644,668992.5560044874,"[0.2, 0.2, 0.2, 0.2, 0.2]"
12229,674.7158563401606,422268.9150071607,"[0.2, 0.2, 0.2, 0.2, 0.2]"
12230,210.66190779081052,467605.48529160616,"[0.2, 0.2, 0.2, 0.2, 0.2]"
12231,39.36515584595914,239371.79650600592,"[0.2, 0.2, 0.2, 0.2, 0.2]"
12232,376.1590081939092,995886.1406957076,"[0.2, 0.2, 0.2, 0.2, 0.2]"
12233,295.7319339339291,577564.2383122591,"[0.2, 0.2, 0.2, 0.2, 0.2]"
12234,663.5177342971812,700591.9670353082,"[0.2, 0.2, 0.2, 0.2, 0.2]"
12235,133.26558294295864,575467.4895837738,"[0.2, 0.2, 0.2, 0.2, 0.2]"
12236,898.2032789379255,218558.7596156306,"[0.2, 0.2, 0.2, 0.2, 0.2]"
12237,266.9175013068754,747549.0267580061,"[0.2, 0.2, 0.2, 0.2, 0.2]"
12238,481.24694226631937,476353.046843165,"[0.2, 0.2, 0.2, 0.2, 0.2]"
12239,264.71425195477946,442841.75460757216,"[0.2, 0.2, 0.2, 0.2, 0.2]"
12240,954.9027996589009,471513.68077437475,"[0.2, 0.2, 0.2, 0.2, 0.2]"
12241,395.5668190266811,277522.64703011257,"[0.2, 0.2, 0.2, 0.2, 0.2]"
12242,771.7666497796123,506265.72645030206,"[0.2, 0.2, 0.2, 0.2, 0.2]"
12243,604.4835304996066,391047.922873378,"[0.2, 0.2, 0.2, 0.2, 0.2]"
12244,945.7664477085613,660041.850523614,"[0.2, 0.2, 0.2, 0.2, 0.2]"
12245,952.4670409012924,708098.1881273894,"[0.2, 0.2, 0.2, 0.2, 0.2]"
12246,924.1523630685869,431890.2652184659,"[0.2, 0.2, 0.2, 0.2, 0.2]"
12247,348.30686052024595,869387.2747241202,"[0.2, 0.2, 0.2, 0.2, 0.2]"
12248,361.781082755651,193077.47836277995,"[0.2, 0.2, 0.2, 0.2, 0.2]"
12249,193.00752478564732,410214.4772760562,"[0.2, 0.2, 0.2, 0.2, 0.2]"
12250,439.3157248775251,954996.2290483295,"[0.2, 0.2, 0.2, 0.2, 0.2]"
12251,357.4364585915856,797342.5096062947,"[0.2, 0.2, 0.2, 0.2, 0.2]"
12252,468.6806791492774,805459.4620821819,"[0.2, 0.2, 0.2, 0.2, 0.2]"
12253,541.5855759368229,965144.8894332248,"[0.2, 0.2, 0.2, 0.2, 0.2]"
12254,908.7692351594336,602596.8191223696,"[0.2, 0.2, 0.2, 0.2, 0.2]"
12255,366.8122342519224,846596.1936690878,"[0.2, 0.2, 0.2, 0.2, 0.2]"
12256,134.69599790545283,673971.7148659307,"[0.2, 0.2, 0.2, 0.2, 0.2]"
12257,804.5262465854515,681987.960267338,"[0.2, 0.2, 0.2, 0.2, 0.2]"
12258,707.3501735635638,636764.8403745788,"[0.2, 0.2, 0.2, 0.2, 0.2]"
12259,355.0631335891543,347310.5197518666,"[0.2, 0.2, 0.2, 0.2, 0.2]"
12260,501.39381546036196,799008.458743178,"[0.2, 0.2, 0.2, 0.2, 0.2]"
12261,897.7117322369519,912772.15008908,"[0.2, 0.2, 0.2, 0.2, 0.2]"
12262,906.860590618669,514222.82440693525,"[0.2, 0.2, 0.2, 0.2, 0.2]"
12263,992.445049563149,319206.10098351794,"[0.2, 0.2, 0.2, 0.2, 0.2]"
12264,21.6280066527705,419097.7630437819,"[0.2, 0.2, 0.2, 0.2, 0.2]"
12265,82.41660712916749,971335.6686556371,"[0.2, 0.2, 0.2, 0.2, 0.2]"
12266,326.9684525096978,161932.77137420906,"[0.2, 0.2, 0.2, 0.2, 0.2]"
12267,457.3876630644585,931408.2235827511,"[0.2, 0.2, 0.2, 0.2, 0.2]"
12268,705.540906945562,762770.7387981856,"[0.2, 0.2, 0.2, 0.2, 0.2]"
12269,462.35054023072206,706428.1567843759,"[0.2, 0.2, 0.2, 0.2, 0.2]"
12270,699.5864834074908,907090.7937939313,"[0.2, 0.2, 0.2, 0.2, 0.2]"
12271,149.70684361828668,193487.49339505035,"[0.2, 0.2, 0.2, 0.2, 0.2]"
12272,927.739814614202,997329.915167157,"[0.2, 0.2, 0.2, 0.2, 0.2]"
12273,869.9487777663203,580363.0257988372,"[0.2, 0.2, 0.2, 0.2, 0.2]"
12274,830.3017418791198,730339.6813669709,"[0.2, 0.2, 0.2, 0.2, 0.2]"
12275,191.89380958529622,554372.7379706218,"[0.2, 0.2, 0.2, 0.2, 0.2]"
12276,344.8301611089039,902574.1294963737,"[0.2, 0.2, 0.2, 0.2, 0.2]"
12277,988.2389844603979,852725.1299572729,"[0.2, 0.2, 0.2, 0.2, 0.2]"
12278,104.10062057634845,199103.8620474332,"[0.2, 0.2, 0.2, 0.2, 0.2]"
12279,794.6224436138552,266850.4076856101,"[0.2, 0.2, 0.2, 0.2, 0.2]"
12280,317.1983502940412,503833.55665866216,"[0.2, 0.2, 0.2, 0.2, 0.2]"
12281,278.0359839213775,821383.8029491291,"[0.2, 0.2, 0.2, 0.2, 0.2]"
12282,869.1667666549588,574457.1775467945,"[0.2, 0.2, 0.2, 0.2, 0.2]"
12283,69.1898076674122,748483.1853201499,"[0.2, 0.2, 0.2, 0.2, 0.2]"
12284,940.5450735896476,387907.711822853,"[0.2, 0.2, 0.2, 0.2, 0.2]"
12285,716.871791769772,977800.114341148,"[0.2, 0.2, 0.2, 0.2, 0.2]"
12286,500.56815217797725,303675.61269660376,"[0.2, 0.2, 0.2, 0.2, 0.2]"
12287,541.0839635575414,236096.74104117372,"[0.2, 0.2, 0.2, 0.2, 0.2]"
12288,468.46851628999974,597628.5089621327,"[0.2, 0.2, 0.2, 0.2, 0.2]"
12289,809.0053051649261,981281.7073550157,"[0.2, 0.2, 0.2, 0.2, 0.2]"
12290,849.4628592644173,520324.2967033816,"[0.2, 0.2, 0.2, 0.2, 0.2]"
12291,596.8471064355929,158534.68957795622,"[0.2, 0.2, 0.2, 0.2, 0.2]"
12292,828.6246622683476,337053.41202345525,"[0.2, 0.2, 0.2, 0.2, 0.2]"
12293,158.39707684139861,466769.8532179579,"[0.2, 0.2, 0.2, 0.2, 0.2]"
12294,821.6462800180823,131212.8966677424,"[0.2, 0.2, 0.2, 0.2, 0.2]"
12295,240.5011067060281,929160.2731247784,"[0.2, 0.2, 0.2, 0.2, 0.2]"
12296,762.7619941243307,801105.4239003358,"[0.2, 0.2, 0.2, 0.2, 0.2]"
12297,779.1835146772004,149519.02240049012,"[0.2, 0.2, 0.2, 0.2, 0.2]"
12298,729.5481606582131,657684.5166861726,"[0.2, 0.2, 0.2, 0.2, 0.2]"
12299,56.831476008407655,682068.955799091,"[0.2, 0.2, 0.2, 0.2, 0.2]"
12300,853.9717459932816,957302.1796153369,"[0.2, 0.2, 0.2, 0.2, 0.2]"
12301,762.1487361910227,259482.42201762207,"[0.2, 0.2, 0.2, 0.2, 0.2]"
12302,325.7852788589537,565857.3860289538,"[0.2, 0.2, 0.2, 0.2, 0.2]"
12303,130.65552100867978,821432.2215903453,"[0.2, 0.2, 0.2, 0.2, 0.2]"
12304,670.0574374671163,432749.916925138,"[0.2, 0.2, 0.2, 0.2, 0.2]"
12305,751.5551611834,119661.71613755266,"[0.2, 0.2, 0.2, 0.2, 0.2]"
12306,103.42978987532831,964697.7416802926,"[0.2, 0.2, 0.2, 0.2, 0.2]"
12307,630.1146969126589,122843.7299680129,"[0.2, 0.2, 0.2, 0.2, 0.2]"
12308,655.8201624659117,683783.8568171099,"[0.2, 0.2, 0.2, 0.2, 0.2]"
12309,104.62835311807562,457441.9561234328,"[0.2, 0.2, 0.2, 0.2, 0.2]"
12310,638.4931824474081,731560.6916056587,"[0.2, 0.2, 0.2, 0.2, 0.2]"
12311,147.99173701759477,981281.9593057116,"[0.2, 0.2, 0.2, 0.2, 0.2]"
12312,952.8825617769703,127716.00953632595,"[0.2, 0.2, 0.2, 0.2, 0.2]"
12313,423.5410515116012,494522.0364849704,"[0.2, 0.2, 0.2, 0.2, 0.2]"
12314,763.2745914070313,865450.0199733599,"[0.2, 0.2, 0.2, 0.2, 0.2]"
12315,757.5574217096903,916128.9496545133,"[0.2, 0.2, 0.2, 0.2, 0.2]"
12316,231.13024310480148,106189.9625739863,"[0.2, 0.2, 0.2, 0.2, 0.2]"
12317,925.094112080692,997884.9320956919,"[0.2, 0.2, 0.2, 0.2, 0.2]"
12318,922.558362031585,967722.6464787879,"[0.2, 0.2, 0.2, 0.2, 0.2]"
12319,981.4503712576171,684511.8206869141,"[0.2, 0.2, 0.2, 0.2, 0.2]"
12320,148.11101878308523,306507.44583735615,"[0.2, 0.2, 0.2, 0.2, 0.2]"
12321,38.39040764566785,897263.2467939424,"[0.2, 0.2, 0.2, 0.2, 0.2]"
12322,962.5219390221482,554929.9037612388,"[0.2, 0.2, 0.2, 0.2, 0.2]"
12323,749.476323337761,218964.95358748344,"[0.2, 0.2, 0.2, 0.2, 0.2]"
12324,177.60076504587607,816481.0666993792,"[0.2, 0.2, 0.2, 0.2, 0.2]"
12325,936.6586389734296,264254.6678706245,"[0.2, 0.2, 0.2, 0.2, 0.2]"
12326,913.6309326282976,868351.1771111634,"[0.2, 0.2, 0.2, 0.2, 0.2]"
12327,561.7903448212958,662508.2347076563,"[0.2, 0.2, 0.2, 0.2, 0.2]"
12328,860.3675642591519,305399.38850838365,"[0.2, 0.2, 0.2, 0.2, 0.2]"
12329,81.50268364690471,586528.5943187736,"[0.2, 0.2, 0.2, 0.2, 0.2]"
12330,112.27262280005903,255840.2808307725,"[0.2, 0.2, 0.2, 0.2, 0.2]"
12331,632.3893589388794,180125.59319207817,"[0.2, 0.2, 0.2, 0.2, 0.2]"
12332,653.9663433153161,422126.62957734294,"[0.2, 0.2, 0.2, 0.2, 0.2]"
12333,153.8657786751655,181791.97282453417,"[0.2, 0.2, 0.2, 0.2, 0.2]"
12334,649.8282042700687,835892.5164379883,"[0.2, 0.2, 0.2, 0.2, 0.2]"
12335,670.8162857304732,937621.1968774443,"[0.2, 0.2, 0.2, 0.2, 0.2]"
12336,134.7267032176085,516669.83206775575,"[0.2, 0.2, 0.2, 0.2, 0.2]"
12337,389.0879748393571,628250.6054305456,"[0.2, 0.2, 0.2, 0.2, 0.2]"
12338,901.0914859532323,322292.2821553669,"[0.2, 0.2, 0.2, 0.2, 0.2]"
12339,43.344300819734784,317062.5383014617,"[0.2, 0.2, 0.2, 0.2, 0.2]"
12340,840.5197770635135,979991.2633687456,"[0.2, 0.2, 0.2, 0.2, 0.2]"
12341,618.5335019139084,255326.45652945823,"[0.2, 0.2, 0.2, 0.2, 0.2]"
12342,682.5008367446511,317246.6139113652,"[0.2, 0.2, 0.2, 0.2, 0.2]"
12343,820.1361763077003,230889.8839787896,"[0.2, 0.2, 0.2, 0.2, 0.2]"
12344,981.4612201373943,287179.5221832623,"[0.2, 0.2, 0.2, 0.2, 0.2]"
12345,791.1192883952474,586584.1202287404,"[0.2, 0.2, 0.2, 0.2, 0.2]"
12346,876.9947894724186,904328.5235680718,"[0.2, 0.2, 0.2, 0.2, 0.2]"
12347,374.30619635582934,104343.63300792375,"[0.2, 0.2, 0.2, 0.2, 0.2]"
12348,104.621218476487,225333.88447614427,"[0.2, 0.2, 0.2, 0.2, 0.2]"
12349,769.9846088530987,648575.5569881912,"[0.2, 0.2, 0.2, 0.2, 0.2]"
12350,635.9921422642716,588051.3830872597,"[0.2, 0.2, 0.2, 0.2, 0.2]"
12351,670.7515449102312,320798.29019790585,"[0.2, 0.2, 0.2, 0.2, 0.2]"
12352,200.91170759795062,518611.14450327406,"[0.2, 0.2, 0.2, 0.2, 0.2]"
12353,34.09218351928699,284550.00357860397,"[0.2, 0.2, 0.2, 0.2, 0.2]"
12354,937.8262994580253,405535.7868008406,"[0.2, 0.2, 0.2, 0.2, 0.2]"
12355,385.12913244717413,208925.4765736519,"[0.2, 0.2, 0.2, 0.2, 0.2]"
12356,305.9934704476445,422091.9688167286,"[0.2, 0.2, 0.2, 0.2, 0.2]"
12357,107.11542412082004,769670.9010352559,"[0.2, 0.2, 0.2, 0.2, 0.2]"
12358,915.226755796164,339053.74938844447,"[0.2, 0.2, 0.2, 0.2, 0.2]"
12359,362.35974500594057,275955.18592846947,"[0.2, 0.2, 0.2, 0.2, 0.2]"
12360,33.00223709122176,832432.6891733272,"[0.2, 0.2, 0.2, 0.2, 0.2]"
12361,27.265736174163955,122210.49660145737,"[0.2, 0.2, 0.2, 0.2, 0.2]"
12362,929.8301431597123,408631.42116606055,"[0.2, 0.2, 0.2, 0.2, 0.2]"
12363,626.5610661169311,505322.6894412075,"[0.2, 0.2, 0.2, 0.2, 0.2]"
12364,258.5713495160027,671679.7785645544,"[0.2, 0.2, 0.2, 0.2, 0.2]"
12365,967.7727259229752,235434.712242194,"[0.2, 0.2, 0.2, 0.2, 0.2]"
12366,633.7853334738803,878308.9455904895,"[0.2, 0.2, 0.2, 0.2, 0.2]"
12367,244.80950400926275,558636.3917036378,"[0.2, 0.2, 0.2, 0.2, 0.2]"
12368,824.5567353431154,744981.0488886987,"[0.2, 0.2, 0.2, 0.2, 0.2]"
12369,683.8086289122485,584380.7978736951,"[0.2, 0.2, 0.2, 0.2, 0.2]"
12370,618.3857014195246,384116.5419394517,"[0.2, 0.2, 0.2, 0.2, 0.2]"
12371,57.904732498019094,459052.66136773006,"[0.2, 0.2, 0.2, 0.2, 0.2]"
12372,789.0312040139476,973290.8074133038,"[0.2, 0.2, 0.2, 0.2, 0.2]"
12373,549.1921602858755,997857.1263299064,"[0.2, 0.2, 0.2, 0.2, 0.2]"
12374,107.38528045670341,484985.56965054135,"[0.2, 0.2, 0.2, 0.2, 0.2]"
12375,741.26248441842,600618.333442535,"[0.2, 0.2, 0.2, 0.2, 0.2]"
12376,428.2736732811801,951803.848070266,"[0.2, 0.2, 0.2, 0.2, 0.2]"
12377,970.3316392899627,993132.2534334954,"[0.2, 0.2, 0.2, 0.2, 0.2]"
12378,428.9421503421967,932249.8109986369,"[0.2, 0.2, 0.2, 0.2, 0.2]"
12379,979.603871707238,352839.3451132524,"[0.2, 0.2, 0.2, 0.2, 0.2]"
12380,273.30050882132787,775249.1876009356,"[0.2, 0.2, 0.2, 0.2, 0.2]"
12381,588.6796033354817,577440.3339394352,"[0.2, 0.2, 0.2, 0.2, 0.2]"
12382,758.0477937830753,967328.9272241326,"[0.2, 0.2, 0.2, 0.2, 0.2]"
12383,219.04513304148333,379895.80860417185,"[0.2, 0.2, 0.2, 0.2, 0.2]"
12384,246.1774833581249,668727.5266617258,"[0.2, 0.2, 0.2, 0.2, 0.2]"
12385,868.1240059188649,970224.3117032577,"[0.2, 0.2, 0.2, 0.2, 0.2]"
12386,979.145119803647,233785.6825897428,"[0.2, 0.2, 0.2, 0.2, 0.2]"
12387,250.9420031052088,499450.10328560614,"[0.2, 0.2, 0.2, 0.2, 0.2]"
12388,908.4606171078185,125003.01689736714,"[0.2, 0.2, 0.2, 0.2, 0.2]"
12389,57.757862064332684,349597.0855164281,"[0.2, 0.2, 0.2, 0.2, 0.2]"
12390,692.6113323887042,636137.0834193967,"[0.2, 0.2, 0.2, 0.2, 0.2]"
12391,672.2112433805731,337453.8675353947,"[0.2, 0.2, 0.2, 0.2, 0.2]"
12392,97.56114024423161,709516.1906003526,"[0.2, 0.2, 0.2, 0.2, 0.2]"
12393,106.3327113943575,949569.699261686,"[0.2, 0.2, 0.2, 0.2, 0.2]"
12394,777.9296139870872,475163.1502480686,"[0.2, 0.2, 0.2, 0.2, 0.2]"
12395,283.1474858816463,531269.3766978249,"[0.2, 0.2, 0.2, 0.2, 0.2]"
12396,670.9614454698166,389115.95119138464,"[0.2, 0.2, 0.2, 0.2, 0.2]"
12397,785.4563649941888,826710.665176935,"[0.2, 0.2, 0.2, 0.2, 0.2]"
12398,489.2844078850356,779620.8042985869,"[0.2, 0.2, 0.2, 0.2, 0.2]"
12399,156.72716739065584,722847.3228740423,"[0.2, 0.2, 0.2, 0.2, 0.2]"
12400,449.44735709609006,173238.52331357048,"[0.2, 0.2, 0.2, 0.2, 0.2]"
12401,601.4188274671612,361507.2338050448,"[0.2, 0.2, 0.2, 0.2, 0.2]"
12402,11.802966551224152,881208.1177748375,"[0.2, 0.2, 0.2, 0.2, 0.2]"
12403,693.4972457960496,742107.1918458982,"[0.2, 0.2, 0.2, 0.2, 0.2]"
12404,551.3086323767862,722149.6581923598,"[0.2, 0.2, 0.2, 0.2, 0.2]"
12405,411.22901466491675,438324.10291734093,"[0.2, 0.2, 0.2, 0.2, 0.2]"
12406,945.4817680098786,350774.00957650994,"[0.2, 0.2, 0.2, 0.2, 0.2]"
12407,743.4586160008839,887844.8617461665,"[0.2, 0.2, 0.2, 0.2, 0.2]"
12408,904.3409647490304,382748.0340591357,"[0.2, 0.2, 0.2, 0.2, 0.2]"
12409,941.7464516001102,975809.9932578807,"[0.2, 0.2, 0.2, 0.2, 0.2]"
12410,919.2246869538077,491392.1422134521,"[0.2, 0.2, 0.2, 0.2, 0.2]"
12411,34.93900536446375,435260.9235281144,"[0.2, 0.2, 0.2, 0.2, 0.2]"
12412,791.5879610769308,536110.0148853372,"[0.2, 0.2, 0.2, 0.2, 0.2]"
12413,557.2044098952359,967586.8033856443,"[0.2, 0.2, 0.2, 0.2, 0.2]"
12414,17.54214735358878,213231.43118340158,"[0.2, 0.2, 0.2, 0.2, 0.2]"
12415,761.0526847293355,479719.3674304589,"[0.2, 0.2, 0.2, 0.2, 0.2]"
12416,468.5080526555196,400736.5170632891,"[0.2, 0.2, 0.2, 0.2, 0.2]"
12417,537.5083409667996,935638.1352766069,"[0.2, 0.2, 0.2, 0.2, 0.2]"
12418,726.4265085758824,806760.0078031904,"[0.2, 0.2, 0.2, 0.2, 0.2]"
12419,442.1811390526829,612236.3664466338,"[0.2, 0.2, 0.2, 0.2, 0.2]"
12420,824.0262749484947,930708.1002010616,"[0.2, 0.2, 0.2, 0.2, 0.2]"
12421,601.4619373867891,763257.8217752435,"[0.2, 0.2, 0.2, 0.2, 0.2]"
12422,607.8463901641103,163619.24913409166,"[0.2, 0.2, 0.2, 0.2, 0.2]"
12423,668.0820033297025,835678.9060722016,"[0.2, 0.2, 0.2, 0.2, 0.2]"
12424,962.1881138440756,124112.7445891875,"[0.2, 0.2, 0.2, 0.2, 0.2]"
12425,745.0044424145965,768111.6321226985,"[0.2, 0.2, 0.2, 0.2, 0.2]"
12426,457.00881202681063,682192.2234784827,"[0.2, 0.2, 0.2, 0.2, 0.2]"
12427,663.8697496748234,229571.85444019095,"[0.2, 0.2, 0.2, 0.2, 0.2]"
12428,599.8695479303276,671918.6013948036,"[0.2, 0.2, 0.2, 0.2, 0.2]"
12429,46.10371338565882,308098.1349309711,"[0.2, 0.2, 0.2, 0.2, 0.2]"
12430,720.2991148488777,327929.4734056263,"[0.2, 0.2, 0.2, 0.2, 0.2]"
12431,472.3266679611126,889020.2041426281,"[0.2, 0.2, 0.2, 0.2, 0.2]"
12432,398.8234277795825,379082.1646923907,"[0.2, 0.2, 0.2, 0.2, 0.2]"
12433,542.845649102771,817599.4578993854,"[0.2, 0.2, 0.2, 0.2, 0.2]"
12434,928.7205541191262,408688.4753409499,"[0.2, 0.2, 0.2, 0.2, 0.2]"
12435,254.23538306208783,653751.3778796477,"[0.2, 0.2, 0.2, 0.2, 0.2]"
12436,270.67125215525823,903921.7254591974,"[0.2, 0.2, 0.2, 0.2, 0.2]"
12437,194.70217445260158,111593.17579264425,"[0.2, 0.2, 0.2, 0.2, 0.2]"
12438,365.45352395826217,145346.50565441075,"[0.2, 0.2, 0.2, 0.2, 0.2]"
12439,854.5444221188732,971164.8258071158,"[0.2, 0.2, 0.2, 0.2, 0.2]"
12440,617.3739826136215,176179.55612578918,"[0.2, 0.2, 0.2, 0.2, 0.2]"
12441,703.2545657946749,717854.9755082751,"[0.2, 0.2, 0.2, 0.2, 0.2]"
12442,699.3824216327203,703076.6787154948,"[0.2, 0.2, 0.2, 0.2, 0.2]"
12443,341.22593358337207,601694.5686402831,"[0.2, 0.2, 0.2, 0.2, 0.2]"
12444,731.7502100191172,743544.4937327097,"[0.2, 0.2, 0.2, 0.2, 0.2]"
12445,983.6672082619655,497583.23573313875,"[0.2, 0.2, 0.2, 0.2, 0.2]"
12446,606.6770630313606,467181.4035168878,"[0.2, 0.2, 0.2, 0.2, 0.2]"
12447,370.8995701139565,539262.6896540895,"[0.2, 0.2, 0.2, 0.2, 0.2]"
12448,945.427912706651,112178.23597309801,"[0.2, 0.2, 0.2, 0.2, 0.2]"
12449,304.5275741613573,220733.08656449866,"[0.2, 0.2, 0.2, 0.2, 0.2]"
12450,198.10749236768356,230132.85622191397,"[0.2, 0.2, 0.2, 0.2, 0.2]"
12451,693.3811526960204,122515.10294644718,"[0.2, 0.2, 0.2, 0.2, 0.2]"
12452,234.84770023821034,108514.93173266805,"[0.2, 0.2, 0.2, 0.2, 0.2]"
12453,157.98742287660832,276356.28961530165,"[0.2, 0.2, 0.2, 0.2, 0.2]"
12454,635.5926326883726,159790.95281907605,"[0.2, 0.2, 0.2, 0.2, 0.2]"
12455,197.31326089448532,532033.303677222,"[0.2, 0.2, 0.2, 0.2, 0.2]"
12456,427.06928012273175,521629.31818561273,"[0.2, 0.2, 0.2, 0.2, 0.2]"
12457,24.953941062111635,824798.1401860757,"[0.2, 0.2, 0.2, 0.2, 0.2]"
12458,456.45761808558836,401501.4895892575,"[0.2, 0.2, 0.2, 0.2, 0.2]"
12459,857.3637158331364,953771.4908253803,"[0.2, 0.2, 0.2, 0.2, 0.2]"
12460,416.0819757541427,165342.97756722808,"[0.2, 0.2, 0.2, 0.2, 0.2]"
12461,805.3214456401543,335051.51813369547,"[0.2, 0.2, 0.2, 0.2, 0.2]"
12462,54.882887587875445,315838.1506416069,"[0.2, 0.2, 0.2, 0.2, 0.2]"
12463,366.8002763311575,159679.81278400868,"[0.2, 0.2, 0.2, 0.2, 0.2]"
12464,339.9905993666011,737267.4401912658,"[0.2, 0.2, 0.2, 0.2, 0.2]"
12465,597.94915162145,783715.8419596924,"[0.2, 0.2, 0.2, 0.2, 0.2]"
12466,507.30272634522913,463244.07653427013,"[0.2, 0.2, 0.2, 0.2, 0.2]"
12467,421.9447446451512,100503.30605783837,"[0.2, 0.2, 0.2, 0.2, 0.2]"
12468,649.1649041904941,720377.4958471808,"[0.2, 0.2, 0.2, 0.2, 0.2]"
12469,427.6779362742817,378253.1996437794,"[0.2, 0.2, 0.2, 0.2, 0.2]"
12470,492.1789374582024,202244.2624235096,"[0.2, 0.2, 0.2, 0.2, 0.2]"
12471,714.9429062364076,555969.9184436568,"[0.2, 0.2, 0.2, 0.2, 0.2]"
12472,879.9175962533305,854646.3448331344,"[0.2, 0.2, 0.2, 0.2, 0.2]"
12473,123.78819991986182,539683.2743215496,"[0.2, 0.2, 0.2, 0.2, 0.2]"
12474,341.447819416826,947313.6972667917,"[0.2, 0.2, 0.2, 0.2, 0.2]"
12475,103.32775591948115,155949.86911258593,"[0.2, 0.2, 0.2, 0.2, 0.2]"
12476,660.2348890615398,381618.63178975985,"[0.2, 0.2, 0.2, 0.2, 0.2]"
12477,280.71455766086183,874021.2805967112,"[0.2, 0.2, 0.2, 0.2, 0.2]"
12478,271.5200262257409,346935.26831196295,"[0.2, 0.2, 0.2, 0.2, 0.2]"
12479,503.2684260527222,990211.5175671225,"[0.2, 0.2, 0.2, 0.2, 0.2]"
12480,463.6058545412265,253798.0439720161,"[0.2, 0.2, 0.2, 0.2, 0.2]"
12481,28.730895678254825,128585.9893307939,"[0.2, 0.2, 0.2, 0.2, 0.2]"
12482,767.3447486847634,364970.5758874088,"[0.2, 0.2, 0.2, 0.2, 0.2]"
12483,298.0065067442588,320797.69865769584,"[0.2, 0.2, 0.2, 0.2, 0.2]"
12484,818.8240800122834,210156.30549867998,"[0.2, 0.2, 0.2, 0.2, 0.2]"
12485,940.4613429447944,507401.63598180114,"[0.2, 0.2, 0.2, 0.2, 0.2]"
12486,304.75452499798354,420958.95155637147,"[0.2, 0.2, 0.2, 0.2, 0.2]"
12487,562.3043081417862,511686.9889592326,"[0.2, 0.2, 0.2, 0.2, 0.2]"
12488,90.67234313606421,808966.0791712512,"[0.2, 0.2, 0.2, 0.2, 0.2]"
12489,81.86600772194383,844179.3340038203,"[0.2, 0.2, 0.2, 0.2, 0.2]"
12490,710.4257268169176,369627.263168471,"[0.2, 0.2, 0.2, 0.2, 0.2]"
12491,252.56355600442643,343521.2066117355,"[0.2, 0.2, 0.2, 0.2, 0.2]"
12492,718.9420757441262,156191.8598185305,"[0.2, 0.2, 0.2, 0.2, 0.2]"
12493,99.49490899789811,219216.07690741617,"[0.2, 0.2, 0.2, 0.2, 0.2]"
12494,669.938472206039,262030.06151218468,"[0.2, 0.2, 0.2, 0.2, 0.2]"
12495,565.4777315183895,372615.12575413927,"[0.2, 0.2, 0.2, 0.2, 0.2]"
12496,760.8999973986683,468914.8609119249,"[0.2, 0.2, 0.2, 0.2, 0.2]"
12497,319.6412284207351,156013.12441257498,"[0.2, 0.2, 0.2, 0.2, 0.2]"
12498,280.5933426295825,358902.2125099576,"[0.2, 0.2, 0.2, 0.2, 0.2]"
12499,674.3774971544713,971666.6875565376,"[0.2, 0.2, 0.2, 0.2, 0.2]"
12500,526.296320827313,514590.02150055516,"[0.2, 0.2, 0.2, 0.2, 0.2]"
12501,751.9634809571387,729242.9341766118,"[0.2, 0.2, 0.2, 0.2, 0.2]"
12502,311.7850652745339,447505.0057974687,"[0.2, 0.2, 0.2, 0.2, 0.2]"
12503,302.010968759759,160632.52412347196,"[0.2, 0.2, 0.2, 0.2, 0.2]"
12504,341.3090023200732,109287.85731709731,"[0.2, 0.2, 0.2, 0.2, 0.2]"
12505,626.0810015463222,228815.30453897623,"[0.2, 0.2, 0.2, 0.2, 0.2]"
12506,425.91339187244483,548439.5046008772,"[0.2, 0.2, 0.2, 0.2, 0.2]"
12507,873.2301233323517,866020.1466883632,"[0.2, 0.2, 0.2, 0.2, 0.2]"
12508,478.8289728204705,921118.4535943185,"[0.2, 0.2, 0.2, 0.2, 0.2]"
12509,606.0060379522937,975621.1695514759,"[0.2, 0.2, 0.2, 0.2, 0.2]"
12510,249.55885508085646,525713.9464363588,"[0.2, 0.2, 0.2, 0.2, 0.2]"
12511,168.62197691011414,861664.4246479555,"[0.2, 0.2, 0.2, 0.2, 0.2]"
12512,967.4504529187584,691130.7458604106,"[0.2, 0.2, 0.2, 0.2, 0.2]"
12513,210.0695410044143,212689.23055871626,"[0.2, 0.2, 0.2, 0.2, 0.2]"
12514,462.26302653757864,501428.2226079463,"[0.2, 0.2, 0.2, 0.2, 0.2]"
12515,73.70673604692792,943083.0524668907,"[0.2, 0.2, 0.2, 0.2, 0.2]"
12516,986.6091481660326,786551.3904129396,"[0.2, 0.2, 0.2, 0.2, 0.2]"
12517,97.87147443632107,785327.8358290773,"[0.2, 0.2, 0.2, 0.2, 0.2]"
12518,668.6033306849702,816846.2716633,"[0.2, 0.2, 0.2, 0.2, 0.2]"
12519,938.0087071453427,146344.39099725324,"[0.2, 0.2, 0.2, 0.2, 0.2]"
12520,172.05189541122866,243689.9787981787,"[0.2, 0.2, 0.2, 0.2, 0.2]"
12521,792.8085825632888,441029.87865312677,"[0.2, 0.2, 0.2, 0.2, 0.2]"
12522,76.67144774754861,567424.0024013149,"[0.2, 0.2, 0.2, 0.2, 0.2]"
12523,262.37983611688276,832609.6787732356,"[0.2, 0.2, 0.2, 0.2, 0.2]"
12524,592.9754270645495,839143.281512031,"[0.2, 0.2, 0.2, 0.2, 0.2]"
12525,273.0291874193538,732283.8633777958,"[0.2, 0.2, 0.2, 0.2, 0.2]"
12526,65.20572087355507,570453.78691911,"[0.2, 0.2, 0.2, 0.2, 0.2]"
12527,443.3191144652058,705155.131947608,"[0.2, 0.2, 0.2, 0.2, 0.2]"
12528,440.54135666728934,608395.661414091,"[0.2, 0.2, 0.2, 0.2, 0.2]"
12529,591.109985308549,710175.2501686347,"[0.2, 0.2, 0.2, 0.2, 0.2]"
12530,926.6557322478175,205293.81903241633,"[0.2, 0.2, 0.2, 0.2, 0.2]"
12531,52.796296329227424,434047.0720800454,"[0.2, 0.2, 0.2, 0.2, 0.2]"
12532,332.50306541242287,755867.8870751864,"[0.2, 0.2, 0.2, 0.2, 0.2]"
12533,750.217801705452,109809.823632635,"[0.2, 0.2, 0.2, 0.2, 0.2]"
12534,231.2268414400034,308508.3163022001,"[0.2, 0.2, 0.2, 0.2, 0.2]"
12535,179.93524091910513,996262.1787155372,"[0.2, 0.2, 0.2, 0.2, 0.2]"
12536,621.8249810052517,376483.3926728398,"[0.2, 0.2, 0.2, 0.2, 0.2]"
12537,549.0929142246321,659234.1141260357,"[0.2, 0.2, 0.2, 0.2, 0.2]"
12538,447.9515011316258,261348.98845648303,"[0.2, 0.2, 0.2, 0.2, 0.2]"
12539,14.031944289601212,220556.96248218085,"[0.2, 0.2, 0.2, 0.2, 0.2]"
12540,676.5432858778486,621834.1347635721,"[0.2, 0.2, 0.2, 0.2, 0.2]"
12541,375.11039528140725,524464.621671932,"[0.2, 0.2, 0.2, 0.2, 0.2]"
12542,519.3660507023008,286089.40619776165,"[0.2, 0.2, 0.2, 0.2, 0.2]"
12543,246.2225681423867,336958.8707845928,"[0.2, 0.2, 0.2, 0.2, 0.2]"
12544,220.5632603471683,137880.67462297715,"[0.2, 0.2, 0.2, 0.2, 0.2]"
12545,744.2299809626444,370164.8306267328,"[0.2, 0.2, 0.2, 0.2, 0.2]"
12546,635.7311325535394,972784.5503815608,"[0.2, 0.2, 0.2, 0.2, 0.2]"
12547,474.02863948797756,886484.0195609956,"[0.2, 0.2, 0.2, 0.2, 0.2]"
12548,286.570955216866,495611.4908049089,"[0.2, 0.2, 0.2, 0.2, 0.2]"
12549,967.561365150981,302871.634298551,"[0.2, 0.2, 0.2, 0.2, 0.2]"
12550,231.72254549899262,143883.93583755338,"[0.2, 0.2, 0.2, 0.2, 0.2]"
12551,79.82655914640907,377897.052640252,"[0.2, 0.2, 0.2, 0.2, 0.2]"
12552,399.29976713125376,936680.2169528595,"[0.2, 0.2, 0.2, 0.2, 0.2]"
12553,412.4086783877162,292862.89416549716,"[0.2, 0.2, 0.2, 0.2, 0.2]"
12554,929.1033160122462,446559.25596531626,"[0.2, 0.2, 0.2, 0.2, 0.2]"
12555,405.42387377919465,194996.70400436595,"[0.2, 0.2, 0.2, 0.2, 0.2]"
12556,126.20330806957033,431842.8644221234,"[0.2, 0.2, 0.2, 0.2, 0.2]"
12557,18.554810955646808,126146.09132196162,"[0.2, 0.2, 0.2, 0.2, 0.2]"
12558,321.16242876365357,769470.5062859067,"[0.2, 0.2, 0.2, 0.2, 0.2]"
12559,167.06249383456807,545625.1318139748,"[0.2, 0.2, 0.2, 0.2, 0.2]"
12560,878.7701879369454,767323.7583908433,"[0.2, 0.2, 0.2, 0.2, 0.2]"
12561,380.65702532713345,914669.6186512818,"[0.2, 0.2, 0.2, 0.2, 0.2]"
12562,16.917524850955907,620795.4880011766,"[0.2, 0.2, 0.2, 0.2, 0.2]"
12563,273.19693651548016,958267.6413986383,"[0.2, 0.2, 0.2, 0.2, 0.2]"
12564,204.29168063700138,349407.41424447036,"[0.2, 0.2, 0.2, 0.2, 0.2]"
12565,135.79289024060296,373187.01736363757,"[0.2, 0.2, 0.2, 0.2, 0.2]"
12566,702.1400221432714,855956.4399696875,"[0.2, 0.2, 0.2, 0.2, 0.2]"
12567,537.3720087139446,426559.34660526144,"[0.2, 0.2, 0.2, 0.2, 0.2]"
12568,277.5692632143481,157961.55176692866,"[0.2, 0.2, 0.2, 0.2, 0.2]"
12569,635.8525988635818,773487.6217314386,"[0.2, 0.2, 0.2, 0.2, 0.2]"
12570,347.6946111226803,281067.64499141485,"[0.2, 0.2, 0.2, 0.2, 0.2]"
12571,312.5059144582353,143535.53992186495,"[0.2, 0.2, 0.2, 0.2, 0.2]"
12572,918.6307565465635,482316.38860374194,"[0.2, 0.2, 0.2, 0.2, 0.2]"
12573,400.50221053038183,691105.6149590721,"[0.2, 0.2, 0.2, 0.2, 0.2]"
12574,428.90616436309057,558441.6987975828,"[0.2, 0.2, 0.2, 0.2, 0.2]"
12575,283.5025236734003,835187.0562403086,"[0.2, 0.2, 0.2, 0.2, 0.2]"
12576,222.12612248242365,834216.7013917053,"[0.2, 0.2, 0.2, 0.2, 0.2]"
12577,517.0793268290296,783750.6460548895,"[0.2, 0.2, 0.2, 0.2, 0.2]"
12578,271.08636218901194,437721.2714074617,"[0.2, 0.2, 0.2, 0.2, 0.2]"
12579,704.330345087399,576472.6135422345,"[0.2, 0.2, 0.2, 0.2, 0.2]"
12580,525.4466035339353,652065.3921354673,"[0.2, 0.2, 0.2, 0.2, 0.2]"
12581,646.1575629424491,847188.4340462392,"[0.2, 0.2, 0.2, 0.2, 0.2]"
12582,90.58750110890442,640926.8358938085,"[0.2, 0.2, 0.2, 0.2, 0.2]"
12583,879.3820985303953,786348.7068652444,"[0.2, 0.2, 0.2, 0.2, 0.2]"
12584,556.8059487628029,682636.0881684319,"[0.2, 0.2, 0.2, 0.2, 0.2]"
12585,629.0025730891336,593025.7274039993,"[0.2, 0.2, 0.2, 0.2, 0.2]"
12586,977.751060266112,707160.714365494,"[0.2, 0.2, 0.2, 0.2, 0.2]"
12587,129.03884139375265,850625.7035167638,"[0.2, 0.2, 0.2, 0.2, 0.2]"
12588,370.61542029583745,148526.31446630275,"[0.2, 0.2, 0.2, 0.2, 0.2]"
12589,842.0298795363891,551542.4564994113,"[0.2, 0.2, 0.2, 0.2, 0.2]"
12590,680.9757983944288,752795.3946893384,"[0.2, 0.2, 0.2, 0.2, 0.2]"
12591,122.47368517166441,931898.543760506,"[0.2, 0.2, 0.2, 0.2, 0.2]"
12592,68.8268084418222,702207.9151272835,"[0.2, 0.2, 0.2, 0.2, 0.2]"
12593,609.8493977360318,426103.00299209676,"[0.2, 0.2, 0.2, 0.2, 0.2]"
12594,298.71365439868424,257667.765080019,"[0.2, 0.2, 0.2, 0.2, 0.2]"
12595,266.5777909606345,950739.6923311452,"[0.2, 0.2, 0.2, 0.2, 0.2]"
12596,408.56745770102356,958646.6305860647,"[0.2, 0.2, 0.2, 0.2, 0.2]"
12597,192.2205637836131,266656.9096187371,"[0.2, 0.2, 0.2, 0.2, 0.2]"
12598,416.68612637066644,444773.00079485815,"[0.2, 0.2, 0.2, 0.2, 0.2]"
12599,987.6825386106192,791055.7289523572,"[0.2, 0.2, 0.2, 0.2, 0.2]"
12600,99.53682742913418,974365.0999380131,"[0.2, 0.2, 0.2, 0.2, 0.2]"
12601,942.8548652857482,460711.87669443013,"[0.2, 0.2, 0.2, 0.2, 0.2]"
12602,891.4747455972823,478404.8420452432,"[0.2, 0.2, 0.2, 0.2, 0.2]"
12603,115.42180693045006,707963.3001844194,"[0.2, 0.2, 0.2, 0.2, 0.2]"
12604,898.0028011472938,263974.9975073626,"[0.2, 0.2, 0.2, 0.2, 0.2]"
12605,928.2682662037315,919117.9877985572,"[0.2, 0.2, 0.2, 0.2, 0.2]"
12606,113.5074197002498,230525.21613138108,"[0.2, 0.2, 0.2, 0.2, 0.2]"
12607,917.0072789623298,837902.4420285166,"[0.2, 0.2, 0.2, 0.2, 0.2]"
12608,326.77658809592526,332413.1736079175,"[0.2, 0.2, 0.2, 0.2, 0.2]"
12609,492.8651734578924,452366.9730182037,"[0.2, 0.2, 0.2, 0.2, 0.2]"
12610,965.1219120005455,254630.36463770326,"[0.2, 0.2, 0.2, 0.2, 0.2]"
12611,83.15583780184966,609596.1561485702,"[0.2, 0.2, 0.2, 0.2, 0.2]"
12612,578.3064529585706,695243.9460017506,"[0.2, 0.2, 0.2, 0.2, 0.2]"
12613,994.8700219795279,299750.91548460606,"[0.2, 0.2, 0.2, 0.2, 0.2]"
12614,164.37013226329958,305075.3755603186,"[0.2, 0.2, 0.2, 0.2, 0.2]"
12615,974.0701952593498,747280.7698820926,"[0.2, 0.2, 0.2, 0.2, 0.2]"
12616,573.8410072638467,467280.4774444598,"[0.2, 0.2, 0.2, 0.2, 0.2]"
12617,957.37315236277,954013.9548632101,"[0.2, 0.2, 0.2, 0.2, 0.2]"
12618,558.0954416305475,616479.152481983,"[0.2, 0.2, 0.2, 0.2, 0.2]"
12619,456.53013050125827,188521.07345161488,"[0.2, 0.2, 0.2, 0.2, 0.2]"
12620,763.6930771588607,732328.3111898646,"[0.2, 0.2, 0.2, 0.2, 0.2]"
12621,890.9716927326236,627473.8433495475,"[0.2, 0.2, 0.2, 0.2, 0.2]"
12622,701.9210120549258,546299.4517570378,"[0.2, 0.2, 0.2, 0.2, 0.2]"
12623,699.8021040154096,882897.6418277557,"[0.2, 0.2, 0.2, 0.2, 0.2]"
12624,121.59212241594905,400447.5444522077,"[0.2, 0.2, 0.2, 0.2, 0.2]"
12625,291.974372216544,917972.4532187663,"[0.2, 0.2, 0.2, 0.2, 0.2]"
12626,128.79096835555026,386984.20553444984,"[0.2, 0.2, 0.2, 0.2, 0.2]"
12627,569.803169248586,714173.042673147,"[0.2, 0.2, 0.2, 0.2, 0.2]"
12628,372.97970497328737,492775.7695305794,"[0.2, 0.2, 0.2, 0.2, 0.2]"
12629,189.83077478926646,489921.45043679164,"[0.2, 0.2, 0.2, 0.2, 0.2]"
12630,271.93461044587525,350994.7891924849,"[0.2, 0.2, 0.2, 0.2, 0.2]"
12631,220.43787972791452,289018.090631396,"[0.2, 0.2, 0.2, 0.2, 0.2]"
12632,624.0490205170157,104315.68642663103,"[0.2, 0.2, 0.2, 0.2, 0.2]"
12633,764.5810393441454,433408.46647477977,"[0.2, 0.2, 0.2, 0.2, 0.2]"
12634,889.407685849613,237000.11439393545,"[0.2, 0.2, 0.2, 0.2, 0.2]"
12635,588.8495868158185,697517.6979574367,"[0.2, 0.2, 0.2, 0.2, 0.2]"
12636,47.523534013592574,806928.7724681864,"[0.2, 0.2, 0.2, 0.2, 0.2]"
12637,133.49780610825871,696521.5915532903,"[0.2, 0.2, 0.2, 0.2, 0.2]"
12638,166.54720336698827,499534.99844508234,"[0.2, 0.2, 0.2, 0.2, 0.2]"
12639,889.9717745163672,240987.02329432336,"[0.2, 0.2, 0.2, 0.2, 0.2]"
12640,147.96162743070977,921953.7114986622,"[0.2, 0.2, 0.2, 0.2, 0.2]"
12641,336.5842404703073,449197.7298745084,"[0.2, 0.2, 0.2, 0.2, 0.2]"
12642,660.2014399804472,999871.0211414475,"[0.2, 0.2, 0.2, 0.2, 0.2]"
12643,310.4404645949767,527021.0184154353,"[0.2, 0.2, 0.2, 0.2, 0.2]"
12644,921.8767578892482,556981.1553949002,"[0.2, 0.2, 0.2, 0.2, 0.2]"
12645,562.5059727656525,880840.5606208988,"[0.2, 0.2, 0.2, 0.2, 0.2]"
12646,195.64870782764947,132488.8470969378,"[0.2, 0.2, 0.2, 0.2, 0.2]"
12647,248.90224838513856,370399.339533557,"[0.2, 0.2, 0.2, 0.2, 0.2]"
12648,364.181611656057,719179.098355551,"[0.2, 0.2, 0.2, 0.2, 0.2]"
12649,792.9566185739316,761069.5573332771,"[0.2, 0.2, 0.2, 0.2, 0.2]"
12650,610.4589256385399,194277.27710910988,"[0.2, 0.2, 0.2, 0.2, 0.2]"
12651,730.0422631305273,174008.4794325424,"[0.2, 0.2, 0.2, 0.2, 0.2]"
12652,266.9513052956797,612185.237590051,"[0.2, 0.2, 0.2, 0.2, 0.2]"
12653,26.545552839987526,899595.3883742566,"[0.2, 0.2, 0.2, 0.2, 0.2]"
12654,141.70484801083273,149870.86633721512,"[0.2, 0.2, 0.2, 0.2, 0.2]"
12655,362.0332082352272,961240.8351733525,"[0.2, 0.2, 0.2, 0.2, 0.2]"
12656,919.1572725337603,738495.3950714439,"[0.2, 0.2, 0.2, 0.2, 0.2]"
12657,586.2678339161668,912651.0901748829,"[0.2, 0.2, 0.2, 0.2, 0.2]"
12658,404.00803274292895,596195.6442034987,"[0.2, 0.2, 0.2, 0.2, 0.2]"
12659,853.8404001843857,478823.0711901755,"[0.2, 0.2, 0.2, 0.2, 0.2]"
12660,431.59154957315866,841945.342763336,"[0.2, 0.2, 0.2, 0.2, 0.2]"
12661,444.0065071674142,873328.8449560325,"[0.2, 0.2, 0.2, 0.2, 0.2]"
12662,604.9091407601437,412833.37074325065,"[0.2, 0.2, 0.2, 0.2, 0.2]"
12663,457.08841100682156,173077.6481819817,"[0.2, 0.2, 0.2, 0.2, 0.2]"
12664,383.15880238755705,753404.7055399672,"[0.2, 0.2, 0.2, 0.2, 0.2]"
12665,557.1123143489051,889121.2188642031,"[0.2, 0.2, 0.2, 0.2, 0.2]"
12666,869.8804785416409,545150.9783423723,"[0.2, 0.2, 0.2, 0.2, 0.2]"
12667,711.423309432493,469765.85837799276,"[0.2, 0.2, 0.2, 0.2, 0.2]"
12668,417.23163489271,890578.8602658507,"[0.2, 0.2, 0.2, 0.2, 0.2]"
12669,179.71816706828503,969172.0305007779,"[0.2, 0.2, 0.2, 0.2, 0.2]"
12670,710.0893913498148,110738.7510437291,"[0.2, 0.2, 0.2, 0.2, 0.2]"
12671,506.0620150275433,473900.27648834896,"[0.2, 0.2, 0.2, 0.2, 0.2]"
12672,99.40942677061489,654100.1217252163,"[0.2, 0.2, 0.2, 0.2, 0.2]"
12673,287.3975645618304,295395.7097187093,"[0.2, 0.2, 0.2, 0.2, 0.2]"
12674,973.248864998026,772163.6808302947,"[0.2, 0.2, 0.2, 0.2, 0.2]"
12675,223.56732483018874,383850.5286197603,"[0.2, 0.2, 0.2, 0.2, 0.2]"
12676,170.88746765089545,964307.7677716352,"[0.2, 0.2, 0.2, 0.2, 0.2]"
12677,907.5306990058891,302486.65453010635,"[0.2, 0.2, 0.2, 0.2, 0.2]"
12678,89.98276531587014,851741.7002958494,"[0.2, 0.2, 0.2, 0.2, 0.2]"
12679,68.69210235061881,573758.7493669722,"[0.2, 0.2, 0.2, 0.2, 0.2]"
12680,860.8514553818401,776460.3364917464,"[0.2, 0.2, 0.2, 0.2, 0.2]"
12681,32.894942979185345,950339.5264742444,"[0.2, 0.2, 0.2, 0.2, 0.2]"
12682,951.5464872236179,744646.6380880729,"[0.2, 0.2, 0.2, 0.2, 0.2]"
12683,773.0166153178558,792862.6899537893,"[0.2, 0.2, 0.2, 0.2, 0.2]"
12684,863.6160528650794,360116.46819745254,"[0.2, 0.2, 0.2, 0.2, 0.2]"
12685,619.5990803929151,802255.0827555062,"[0.2, 0.2, 0.2, 0.2, 0.2]"
12686,714.5108229437957,566473.61002497,"[0.2, 0.2, 0.2, 0.2, 0.2]"
12687,297.3350585474724,732742.014379801,"[0.2, 0.2, 0.2, 0.2, 0.2]"
12688,953.2753847305958,386806.1993117678,"[0.2, 0.2, 0.2, 0.2, 0.2]"
12689,305.9226312154625,504808.0546914314,"[0.2, 0.2, 0.2, 0.2, 0.2]"
12690,765.1801113766147,966636.9648397288,"[0.2, 0.2, 0.2, 0.2, 0.2]"
12691,359.98904950313045,300371.72058644524,"[0.2, 0.2, 0.2, 0.2, 0.2]"
12692,158.9081915872248,887745.9498238545,"[0.2, 0.2, 0.2, 0.2, 0.2]"
12693,735.0214763844489,862053.6502463381,"[0.2, 0.2, 0.2, 0.2, 0.2]"
12694,739.2204450064891,552172.9437489099,"[0.2, 0.2, 0.2, 0.2, 0.2]"
12695,403.0763775511236,766577.7205980468,"[0.2, 0.2, 0.2, 0.2, 0.2]"
12696,301.665314772489,616728.151434573,"[0.2, 0.2, 0.2, 0.2, 0.2]"
12697,460.4671108171188,843315.045041722,"[0.2, 0.2, 0.2, 0.2, 0.2]"
12698,237.3300314102866,214373.5997383131,"[0.2, 0.2, 0.2, 0.2, 0.2]"
12699,531.4509758501438,571743.8882582622,"[0.2, 0.2, 0.2, 0.2, 0.2]"
12700,947.5378471732628,302293.36140400346,"[0.2, 0.2, 0.2, 0.2, 0.2]"
12701,842.0103011380781,125702.09371427944,"[0.2, 0.2, 0.2, 0.2, 0.2]"
12702,967.2526796794808,222637.91978745908,"[0.2, 0.2, 0.2, 0.2, 0.2]"
12703,587.7479794764467,718347.8356653964,"[0.2, 0.2, 0.2, 0.2, 0.2]"
12704,527.657652800016,214781.46319629299,"[0.2, 0.2, 0.2, 0.2, 0.2]"
12705,18.016339240208453,740882.4936093063,"[0.2, 0.2, 0.2, 0.2, 0.2]"
12706,936.276714768799,839856.7717091248,"[0.2, 0.2, 0.2, 0.2, 0.2]"
12707,388.55492712958903,168025.41483563464,"[0.2, 0.2, 0.2, 0.2, 0.2]"
12708,763.2354171833655,400069.4886527662,"[0.2, 0.2, 0.2, 0.2, 0.2]"
12709,323.5571477871685,430187.6743506435,"[0.2, 0.2, 0.2, 0.2, 0.2]"
12710,828.9124787893268,538946.1588756153,"[0.2, 0.2, 0.2, 0.2, 0.2]"
12711,364.6268185291696,676729.8410571961,"[0.2, 0.2, 0.2, 0.2, 0.2]"
12712,766.4282529555875,673004.7704662733,"[0.2, 0.2, 0.2, 0.2, 0.2]"
12713,653.5615043005354,940334.4228996448,"[0.2, 0.2, 0.2, 0.2, 0.2]"
12714,779.3449995131845,467297.4182343723,"[0.2, 0.2, 0.2, 0.2, 0.2]"
12715,565.6585811133618,833386.1321873514,"[0.2, 0.2, 0.2, 0.2, 0.2]"
12716,253.63743083767696,597647.3311974213,"[0.2, 0.2, 0.2, 0.2, 0.2]"
12717,191.15775372233628,463303.6514459057,"[0.2, 0.2, 0.2, 0.2, 0.2]"
12718,151.61353104914997,955159.0213070218,"[0.2, 0.2, 0.2, 0.2, 0.2]"
12719,506.48950383093865,781689.0337337938,"[0.2, 0.2, 0.2, 0.2, 0.2]"
12720,37.268870109886784,212546.93222853495,"[0.2, 0.2, 0.2, 0.2, 0.2]"
12721,418.7986642790967,811012.8243066261,"[0.2, 0.2, 0.2, 0.2, 0.2]"
12722,570.3899612318977,169788.40570052614,"[0.2, 0.2, 0.2, 0.2, 0.2]"
12723,360.42943144059643,338462.0322642949,"[0.2, 0.2, 0.2, 0.2, 0.2]"
12724,107.41991749380664,318392.0910619276,"[0.2, 0.2, 0.2, 0.2, 0.2]"
12725,913.0884524226901,222833.98976035672,"[0.2, 0.2, 0.2, 0.2, 0.2]"
12726,406.14699089190594,705215.6718993593,"[0.2, 0.2, 0.2, 0.2, 0.2]"
12727,543.960957326053,432124.75754277577,"[0.2, 0.2, 0.2, 0.2, 0.2]"
12728,675.8417784843585,497863.4525061688,"[0.2, 0.2, 0.2, 0.2, 0.2]"
12729,706.7379216897472,328425.60555744875,"[0.2, 0.2, 0.2, 0.2, 0.2]"
12730,488.2242306287465,921580.5171150276,"[0.2, 0.2, 0.2, 0.2, 0.2]"
12731,11.276202850589891,268186.774230225,"[0.2, 0.2, 0.2, 0.2, 0.2]"
12732,844.7827163784369,116691.46107462511,"[0.2, 0.2, 0.2, 0.2, 0.2]"
12733,206.9312280985211,920245.8363326478,"[0.2, 0.2, 0.2, 0.2, 0.2]"
12734,203.0480492710531,380010.94976438134,"[0.2, 0.2, 0.2, 0.2, 0.2]"
12735,177.62926574218451,196018.28490176803,"[0.2, 0.2, 0.2, 0.2, 0.2]"
12736,385.3764047685885,242638.49855515285,"[0.2, 0.2, 0.2, 0.2, 0.2]"
12737,172.76237309134729,376540.362836943,"[0.2, 0.2, 0.2, 0.2, 0.2]"
12738,822.2876830735428,240879.24018227772,"[0.2, 0.2, 0.2, 0.2, 0.2]"
12739,317.57428676069026,863236.3366381665,"[0.2, 0.2, 0.2, 0.2, 0.2]"
12740,646.1122737842264,348008.89773887256,"[0.2, 0.2, 0.2, 0.2, 0.2]"
12741,817.589852435681,396650.5514283944,"[0.2, 0.2, 0.2, 0.2, 0.2]"
12742,889.4728190488958,654458.4183005121,"[0.2, 0.2, 0.2, 0.2, 0.2]"
12743,571.6975140916093,427319.8815043397,"[0.2, 0.2, 0.2, 0.2, 0.2]"
12744,403.0497551508979,960602.6392445298,"[0.2, 0.2, 0.2, 0.2, 0.2]"
12745,219.16362644161748,738354.8216425275,"[0.2, 0.2, 0.2, 0.2, 0.2]"
12746,135.92181909863126,367544.05802722904,"[0.2, 0.2, 0.2, 0.2, 0.2]"
12747,831.3762460153291,420232.529292885,"[0.2, 0.2, 0.2, 0.2, 0.2]"
12748,396.1668746544071,279008.1795962206,"[0.2, 0.2, 0.2, 0.2, 0.2]"
12749,17.705427566079308,937869.424591848,"[0.2, 0.2, 0.2, 0.2, 0.2]"
12750,550.9335945967823,846047.1975572838,"[0.2, 0.2, 0.2, 0.2, 0.2]"
12751,294.5039066855667,912879.4736583724,"[0.2, 0.2, 0.2, 0.2, 0.2]"
12752,876.5255321275952,511315.9525670544,"[0.2, 0.2, 0.2, 0.2, 0.2]"
12753,834.8489951551104,795419.9756085017,"[0.2, 0.2, 0.2, 0.2, 0.2]"
12754,432.14284769277214,406852.8585852896,"[0.2, 0.2, 0.2, 0.2, 0.2]"
12755,827.8999091521047,592749.5931947432,"[0.2, 0.2, 0.2, 0.2, 0.2]"
12756,16.092068726369867,308763.37736892776,"[0.2, 0.2, 0.2, 0.2, 0.2]"
12757,196.60739868216044,276798.86941075185,"[0.2, 0.2, 0.2, 0.2, 0.2]"
12758,805.0066286696056,612132.0827447427,"[0.2, 0.2, 0.2, 0.2, 0.2]"
12759,306.2932716837683,303030.2382964515,"[0.2, 0.2, 0.2, 0.2, 0.2]"
12760,407.35382600531983,282391.68831764394,"[0.2, 0.2, 0.2, 0.2, 0.2]"
12761,769.1069726265545,814282.8206116549,"[0.2, 0.2, 0.2, 0.2, 0.2]"
12762,876.3724855945954,888151.4863470987,"[0.2, 0.2, 0.2, 0.2, 0.2]"
12763,564.3493630565729,312130.1594933037,"[0.2, 0.2, 0.2, 0.2, 0.2]"
12764,855.7028340987324,785698.163060034,"[0.2, 0.2, 0.2, 0.2, 0.2]"
12765,448.9830834991435,443328.89872496057,"[0.2, 0.2, 0.2, 0.2, 0.2]"
12766,850.1811324583516,551032.7382156766,"[0.2, 0.2, 0.2, 0.2, 0.2]"
12767,463.84868736119415,637831.1957008437,"[0.2, 0.2, 0.2, 0.2, 0.2]"
12768,769.5227791982273,629560.2440654157,"[0.2, 0.2, 0.2, 0.2, 0.2]"
12769,14.21872803611332,347710.5561218064,"[0.2, 0.2, 0.2, 0.2, 0.2]"
12770,668.7313594681016,118662.59844941588,"[0.2, 0.2, 0.2, 0.2, 0.2]"
12771,368.14701987910865,874219.4000580439,"[0.2, 0.2, 0.2, 0.2, 0.2]"
12772,407.9817513774108,337912.48654476495,"[0.2, 0.2, 0.2, 0.2, 0.2]"
12773,826.7811774750876,483758.1448386205,"[0.2, 0.2, 0.2, 0.2, 0.2]"
12774,211.53410879288208,725454.2787154332,"[0.2, 0.2, 0.2, 0.2, 0.2]"
12775,368.90840017143495,520769.5051503462,"[0.2, 0.2, 0.2, 0.2, 0.2]"
12776,199.41460633856985,285955.717323259,"[0.2, 0.2, 0.2, 0.2, 0.2]"
12777,262.5725600235501,564632.8574754111,"[0.2, 0.2, 0.2, 0.2, 0.2]"
12778,992.333632086339,358944.3587157899,"[0.2, 0.2, 0.2, 0.2, 0.2]"
12779,712.3950676849356,919795.552439528,"[0.2, 0.2, 0.2, 0.2, 0.2]"
12780,979.0193529644457,787494.899233101,"[0.2, 0.2, 0.2, 0.2, 0.2]"
12781,427.73912479025,209126.21035577287,"[0.2, 0.2, 0.2, 0.2, 0.2]"
12782,945.0468023424767,620312.5314428495,"[0.2, 0.2, 0.2, 0.2, 0.2]"
12783,331.25278907516633,155204.83135531552,"[0.2, 0.2, 0.2, 0.2, 0.2]"
12784,914.7076870385032,794941.8546740043,"[0.2, 0.2, 0.2, 0.2, 0.2]"
12785,452.6986035969925,150856.9238872932,"[0.2, 0.2, 0.2, 0.2, 0.2]"
12786,403.24163967819317,675009.8725639592,"[0.2, 0.2, 0.2, 0.2, 0.2]"
12787,501.15819741445915,868288.6199528162,"[0.2, 0.2, 0.2, 0.2, 0.2]"
12788,408.487681012123,205073.53555373586,"[0.2, 0.2, 0.2, 0.2, 0.2]"
12789,339.86920298506897,383416.01952708483,"[0.2, 0.2, 0.2, 0.2, 0.2]"
12790,765.1856597396894,482197.9159667991,"[0.2, 0.2, 0.2, 0.2, 0.2]"
12791,243.9611039824287,412022.6777767085,"[0.2, 0.2, 0.2, 0.2, 0.2]"
12792,71.3158832115952,182171.87769336352,"[0.2, 0.2, 0.2, 0.2, 0.2]"
12793,553.172709396316,795495.7201104715,"[0.2, 0.2, 0.2, 0.2, 0.2]"
12794,322.39756392316525,893174.6005489116,"[0.2, 0.2, 0.2, 0.2, 0.2]"
12795,683.3291495232584,367644.69473446906,"[0.2, 0.2, 0.2, 0.2, 0.2]"
12796,496.80666477280874,558001.5380004925,"[0.2, 0.2, 0.2, 0.2, 0.2]"
12797,703.668437135794,464597.46617301414,"[0.2, 0.2, 0.2, 0.2, 0.2]"
12798,53.04675998458556,173578.30138368122,"[0.2, 0.2, 0.2, 0.2, 0.2]"
12799,356.2819872660504,294624.1287239189,"[0.2, 0.2, 0.2, 0.2, 0.2]"
12800,262.68556156029314,451067.29765092424,"[0.2, 0.2, 0.2, 0.2, 0.2]"
12801,521.2027769119978,463281.6424746528,"[0.2, 0.2, 0.2, 0.2, 0.2]"
12802,827.1273085715104,439899.16538034985,"[0.2, 0.2, 0.2, 0.2, 0.2]"
12803,777.4232436368738,824556.8430796206,"[0.2, 0.2, 0.2, 0.2, 0.2]"
12804,184.19044953504263,558499.6562245726,"[0.2, 0.2, 0.2, 0.2, 0.2]"
12805,660.395717530973,641539.2567999987,"[0.2, 0.2, 0.2, 0.2, 0.2]"
12806,535.7166454757289,205126.5436762324,"[0.2, 0.2, 0.2, 0.2, 0.2]"
12807,414.0789437070843,961201.8816360479,"[0.2, 0.2, 0.2, 0.2, 0.2]"
12808,434.40627773887485,935069.757249582,"[0.2, 0.2, 0.2, 0.2, 0.2]"
12809,150.031177592348,109460.66029955435,"[0.2, 0.2, 0.2, 0.2, 0.2]"
12810,360.68801712471554,101429.93199919848,"[0.2, 0.2, 0.2, 0.2, 0.2]"
12811,574.799218666971,215707.39627554972,"[0.2, 0.2, 0.2, 0.2, 0.2]"
12812,713.2354836944465,833208.8219071332,"[0.2, 0.2, 0.2, 0.2, 0.2]"
12813,319.806478595583,639249.004321936,"[0.2, 0.2, 0.2, 0.2, 0.2]"
12814,603.8205817254687,964975.6465992077,"[0.2, 0.2, 0.2, 0.2, 0.2]"
12815,339.2714807377858,878632.5148786048,"[0.2, 0.2, 0.2, 0.2, 0.2]"
12816,885.1731807759018,761865.6634586081,"[0.2, 0.2, 0.2, 0.2, 0.2]"
12817,501.992775038719,369051.9709723223,"[0.2, 0.2, 0.2, 0.2, 0.2]"
12818,126.3356465753492,231025.11079026852,"[0.2, 0.2, 0.2, 0.2, 0.2]"
12819,182.32762239686343,113367.3054736614,"[0.2, 0.2, 0.2, 0.2, 0.2]"
12820,330.96133144043745,852457.5474624914,"[0.2, 0.2, 0.2, 0.2, 0.2]"
12821,291.0802392847699,151285.10644776246,"[0.2, 0.2, 0.2, 0.2, 0.2]"
12822,965.1195209976164,322470.7439319667,"[0.2, 0.2, 0.2, 0.2, 0.2]"
12823,481.43505477001287,656669.0974716034,"[0.2, 0.2, 0.2, 0.2, 0.2]"
12824,127.20254488527306,556197.2422272686,"[0.2, 0.2, 0.2, 0.2, 0.2]"
12825,629.5220692097466,103799.31810224695,"[0.2, 0.2, 0.2, 0.2, 0.2]"
12826,215.10190021210417,558693.6986321858,"[0.2, 0.2, 0.2, 0.2, 0.2]"
12827,264.0373511458561,280239.80627831747,"[0.2, 0.2, 0.2, 0.2, 0.2]"
12828,410.87266251442765,866735.4142036156,"[0.2, 0.2, 0.2, 0.2, 0.2]"
12829,846.3512066344268,983528.4796986334,"[0.2, 0.2, 0.2, 0.2, 0.2]"
12830,650.2435481810536,392842.39008580806,"[0.2, 0.2, 0.2, 0.2, 0.2]"
12831,408.5961987805005,395541.2940296893,"[0.2, 0.2, 0.2, 0.2, 0.2]"
12832,617.2150980701781,791312.2573394682,"[0.2, 0.2, 0.2, 0.2, 0.2]"
12833,100.85017385950788,222244.97145790613,"[0.2, 0.2, 0.2, 0.2, 0.2]"
12834,542.9585443707234,418430.0013685702,"[0.2, 0.2, 0.2, 0.2, 0.2]"
12835,152.77490018905655,206278.03662263643,"[0.2, 0.2, 0.2, 0.2, 0.2]"
12836,675.4096067392321,845480.4395926271,"[0.2, 0.2, 0.2, 0.2, 0.2]"
12837,701.7311469749702,564650.6325574839,"[0.2, 0.2, 0.2, 0.2, 0.2]"
12838,853.854275582972,458877.42137515184,"[0.2, 0.2, 0.2, 0.2, 0.2]"
12839,475.28247035424135,994877.7073946528,"[0.2, 0.2, 0.2, 0.2, 0.2]"
12840,480.39945769783367,541568.7085613931,"[0.2, 0.2, 0.2, 0.2, 0.2]"
12841,207.85481231666245,606653.0043668202,"[0.2, 0.2, 0.2, 0.2, 0.2]"
12842,641.0537473744216,508977.7764819386,"[0.2, 0.2, 0.2, 0.2, 0.2]"
12843,153.89517237439017,175149.08001576044,"[0.2, 0.2, 0.2, 0.2, 0.2]"
12844,931.5955358695475,197271.5071129455,"[0.2, 0.2, 0.2, 0.2, 0.2]"
12845,978.1779520062734,385587.1094015185,"[0.2, 0.2, 0.2, 0.2, 0.2]"
12846,20.967880171490666,558013.0153052008,"[0.2, 0.2, 0.2, 0.2, 0.2]"
12847,15.2378694330372,228239.84688731155,"[0.2, 0.2, 0.2, 0.2, 0.2]"
12848,767.2461331684375,349880.4632972565,"[0.2, 0.2, 0.2, 0.2, 0.2]"
12849,158.8715848085298,748221.2717515234,"[0.2, 0.2, 0.2, 0.2, 0.2]"
12850,228.01579121994806,425231.49546504935,"[0.2, 0.2, 0.2, 0.2, 0.2]"
12851,131.79078328770584,486741.9856745754,"[0.2, 0.2, 0.2, 0.2, 0.2]"
12852,540.1139966877096,742087.1189343657,"[0.2, 0.2, 0.2, 0.2, 0.2]"
12853,52.30209669378493,767867.3494736456,"[0.2, 0.2, 0.2, 0.2, 0.2]"
12854,248.41216245113662,246597.41893595248,"[0.2, 0.2, 0.2, 0.2, 0.2]"
12855,994.9910093767035,696569.95861294,"[0.2, 0.2, 0.2, 0.2, 0.2]"
12856,814.7449511732841,273526.30686974176,"[0.2, 0.2, 0.2, 0.2, 0.2]"
12857,204.90353275734842,280947.5462621659,"[0.2, 0.2, 0.2, 0.2, 0.2]"
12858,871.4150634995646,819567.1162139955,"[0.2, 0.2, 0.2, 0.2, 0.2]"
12859,357.03733122625096,858891.4485842814,"[0.2, 0.2, 0.2, 0.2, 0.2]"
12860,486.01286283513747,266127.9816437522,"[0.2, 0.2, 0.2, 0.2, 0.2]"
12861,719.628485621023,949851.1054952183,"[0.2, 0.2, 0.2, 0.2, 0.2]"
12862,992.2990086447522,372531.8112292371,"[0.2, 0.2, 0.2, 0.2, 0.2]"
12863,587.7475568037388,834586.2665512266,"[0.2, 0.2, 0.2, 0.2, 0.2]"
12864,115.19187788771286,771487.1132482042,"[0.2, 0.2, 0.2, 0.2, 0.2]"
12865,330.2729657007346,133880.32803200098,"[0.2, 0.2, 0.2, 0.2, 0.2]"
12866,184.76929924120063,518094.22261129593,"[0.2, 0.2, 0.2, 0.2, 0.2]"
12867,806.9295181244738,482133.8164204354,"[0.2, 0.2, 0.2, 0.2, 0.2]"
12868,190.16220363884696,707108.2216489906,"[0.2, 0.2, 0.2, 0.2, 0.2]"
12869,241.63432275208166,787964.1837286873,"[0.2, 0.2, 0.2, 0.2, 0.2]"
12870,823.33773524534,421914.9365519674,"[0.2, 0.2, 0.2, 0.2, 0.2]"
12871,10.37431130232526,730945.5648357723,"[0.2, 0.2, 0.2, 0.2, 0.2]"
12872,529.4183837000459,444237.3811920547,"[0.2, 0.2, 0.2, 0.2, 0.2]"
12873,154.50081793940276,469333.69436848984,"[0.2, 0.2, 0.2, 0.2, 0.2]"
12874,26.914150164529058,125140.66281000541,"[0.2, 0.2, 0.2, 0.2, 0.2]"
12875,953.5518554655927,776989.4490547869,"[0.2, 0.2, 0.2, 0.2, 0.2]"
12876,562.3989323265052,106096.63410511089,"[0.2, 0.2, 0.2, 0.2, 0.2]"
12877,190.1289479968054,480952.52225735417,"[0.2, 0.2, 0.2, 0.2, 0.2]"
12878,282.4218440763585,197932.6110148703,"[0.2, 0.2, 0.2, 0.2, 0.2]"
12879,704.3748682451368,231688.87856050325,"[0.2, 0.2, 0.2, 0.2, 0.2]"
12880,110.63619505606768,513534.18749901315,"[0.2, 0.2, 0.2, 0.2, 0.2]"
12881,576.840838135913,596955.1996715253,"[0.2, 0.2, 0.2, 0.2, 0.2]"
12882,421.31129483145753,701409.6817367525,"[0.2, 0.2, 0.2, 0.2, 0.2]"
12883,898.7823596282133,587323.8754566452,"[0.2, 0.2, 0.2, 0.2, 0.2]"
12884,539.1488049263031,980428.0043256615,"[0.2, 0.2, 0.2, 0.2, 0.2]"
12885,163.31804216843472,780847.0962212455,"[0.2, 0.2, 0.2, 0.2, 0.2]"
12886,629.9932638116273,700746.4248908948,"[0.2, 0.2, 0.2, 0.2, 0.2]"
12887,598.9002753626326,826984.4326878608,"[0.2, 0.2, 0.2, 0.2, 0.2]"
12888,698.9847314710623,403528.1643934714,"[0.2, 0.2, 0.2, 0.2, 0.2]"
12889,227.22984477621407,112676.40520293721,"[0.2, 0.2, 0.2, 0.2, 0.2]"
12890,623.7704191373107,265747.7188581967,"[0.2, 0.2, 0.2, 0.2, 0.2]"
12891,371.1423423704991,372513.13064224424,"[0.2, 0.2, 0.2, 0.2, 0.2]"
12892,518.0008617424257,666475.1470686671,"[0.2, 0.2, 0.2, 0.2, 0.2]"
12893,633.7663085406733,953714.4178843702,"[0.2, 0.2, 0.2, 0.2, 0.2]"
12894,527.569923170056,994257.1394059183,"[0.2, 0.2, 0.2, 0.2, 0.2]"
12895,142.61607414802327,268691.4372501258,"[0.2, 0.2, 0.2, 0.2, 0.2]"
12896,934.5429180887043,594159.6640923053,"[0.2, 0.2, 0.2, 0.2, 0.2]"
12897,674.3955730837754,427744.6221240845,"[0.2, 0.2, 0.2, 0.2, 0.2]"
12898,477.4161134028818,549982.280043385,"[0.2, 0.2, 0.2, 0.2, 0.2]"
12899,368.1808926294204,583781.5908584839,"[0.2, 0.2, 0.2, 0.2, 0.2]"
12900,252.25739678261235,632262.2835826725,"[0.2, 0.2, 0.2, 0.2, 0.2]"
12901,754.4409877218442,783572.6331335001,"[0.2, 0.2, 0.2, 0.2, 0.2]"
12902,99.08271386241944,471420.95424345747,"[0.2, 0.2, 0.2, 0.2, 0.2]"
12903,66.83126045535762,114686.35050459624,"[0.2, 0.2, 0.2, 0.2, 0.2]"
12904,261.0172538533833,528381.5952382676,"[0.2, 0.2, 0.2, 0.2, 0.2]"
12905,660.368546783669,881716.9770853809,"[0.2, 0.2, 0.2, 0.2, 0.2]"
12906,699.132725922868,167854.42297484473,"[0.2, 0.2, 0.2, 0.2, 0.2]"
12907,668.3404627022031,245140.50306214925,"[0.2, 0.2, 0.2, 0.2, 0.2]"
12908,811.3582652031162,397844.2260197679,"[0.2, 0.2, 0.2, 0.2, 0.2]"
12909,848.8625172897529,273837.9727998685,"[0.2, 0.2, 0.2, 0.2, 0.2]"
12910,86.99022635189085,920923.54211274,"[0.2, 0.2, 0.2, 0.2, 0.2]"
12911,803.7202943837586,221191.12037301404,"[0.2, 0.2, 0.2, 0.2, 0.2]"
12912,820.7722775999207,986712.3574119428,"[0.2, 0.2, 0.2, 0.2, 0.2]"
12913,114.88696403050842,294518.66978230426,"[0.2, 0.2, 0.2, 0.2, 0.2]"
12914,342.4048335152829,583514.4064136981,"[0.2, 0.2, 0.2, 0.2, 0.2]"
12915,647.9628836693456,603289.8833912639,"[0.2, 0.2, 0.2, 0.2, 0.2]"
12916,671.9470195224833,141107.3742148908,"[0.2, 0.2, 0.2, 0.2, 0.2]"
12917,603.2760792582181,683458.9329019687,"[0.2, 0.2, 0.2, 0.2, 0.2]"
12918,336.335508755753,315679.97422202944,"[0.2, 0.2, 0.2, 0.2, 0.2]"
12919,478.23774068103154,311042.25700464624,"[0.2, 0.2, 0.2, 0.2, 0.2]"
12920,686.7899522508962,965514.6381364806,"[0.2, 0.2, 0.2, 0.2, 0.2]"
12921,392.8282321616885,368792.17405898054,"[0.2, 0.2, 0.2, 0.2, 0.2]"
12922,140.34990606589125,191744.55391228475,"[0.2, 0.2, 0.2, 0.2, 0.2]"
12923,806.1097644405036,795036.8177346928,"[0.2, 0.2, 0.2, 0.2, 0.2]"
12924,803.4284595434169,937602.8416753986,"[0.2, 0.2, 0.2, 0.2, 0.2]"
12925,680.6284684962328,585814.212411107,"[0.2, 0.2, 0.2, 0.2, 0.2]"
12926,871.3105563468807,143501.65468856666,"[0.2, 0.2, 0.2, 0.2, 0.2]"
12927,623.9876671913339,872643.5194976334,"[0.2, 0.2, 0.2, 0.2, 0.2]"
12928,521.835628665225,776415.902610745,"[0.2, 0.2, 0.2, 0.2, 0.2]"
12929,336.0814345725565,918357.8565786479,"[0.2, 0.2, 0.2, 0.2, 0.2]"
12930,515.0007133755876,885959.3543942154,"[0.2, 0.2, 0.2, 0.2, 0.2]"
12931,390.29780466537875,178334.86539778963,"[0.2, 0.2, 0.2, 0.2, 0.2]"
12932,163.18637585621224,615271.3269238747,"[0.2, 0.2, 0.2, 0.2, 0.2]"
12933,216.16818396134465,521850.99478181003,"[0.2, 0.2, 0.2, 0.2, 0.2]"
12934,268.8872158797346,845074.961067705,"[0.2, 0.2, 0.2, 0.2, 0.2]"
12935,786.7298993862573,910465.1212500023,"[0.2, 0.2, 0.2, 0.2, 0.2]"
12936,617.5121228675978,613464.1549092303,"[0.2, 0.2, 0.2, 0.2, 0.2]"
12937,472.42118390197015,796738.3887859725,"[0.2, 0.2, 0.2, 0.2, 0.2]"
12938,216.69169598512985,981081.8749840716,"[0.2, 0.2, 0.2, 0.2, 0.2]"
12939,460.996783922866,412936.5740118575,"[0.2, 0.2, 0.2, 0.2, 0.2]"
12940,995.8658690631592,880488.3317409062,"[0.2, 0.2, 0.2, 0.2, 0.2]"
12941,979.4659596841242,243569.8472610713,"[0.2, 0.2, 0.2, 0.2, 0.2]"
12942,292.3884100674804,900115.9565845254,"[0.2, 0.2, 0.2, 0.2, 0.2]"
12943,540.7353675760623,985564.2096669957,"[0.2, 0.2, 0.2, 0.2, 0.2]"
12944,723.8483758683844,360832.22814269364,"[0.2, 0.2, 0.2, 0.2, 0.2]"
12945,757.7744931355211,697924.5290025325,"[0.2, 0.2, 0.2, 0.2, 0.2]"
12946,394.3166992879733,663899.2162122244,"[0.2, 0.2, 0.2, 0.2, 0.2]"
12947,746.5472263859259,513068.9825370456,"[0.2, 0.2, 0.2, 0.2, 0.2]"
12948,934.38119662576,437706.5397658283,"[0.2, 0.2, 0.2, 0.2, 0.2]"
12949,740.4327448697733,677044.7435139457,"[0.2, 0.2, 0.2, 0.2, 0.2]"
12950,204.56071726454545,500928.6528589823,"[0.2, 0.2, 0.2, 0.2, 0.2]"
12951,417.41584340583023,874230.9559317017,"[0.2, 0.2, 0.2, 0.2, 0.2]"
12952,95.72072300202208,521447.86754352314,"[0.2, 0.2, 0.2, 0.2, 0.2]"
12953,683.5620346539032,748320.6240521721,"[0.2, 0.2, 0.2, 0.2, 0.2]"
12954,580.0254297060058,443516.58822913305,"[0.2, 0.2, 0.2, 0.2, 0.2]"
12955,66.19046655416206,119301.55583511798,"[0.2, 0.2, 0.2, 0.2, 0.2]"
12956,819.586800521405,972616.7200872393,"[0.2, 0.2, 0.2, 0.2, 0.2]"
12957,176.00985365393933,481344.6658922809,"[0.2, 0.2, 0.2, 0.2, 0.2]"
12958,765.4976038973322,312235.58750825276,"[0.2, 0.2, 0.2, 0.2, 0.2]"
12959,838.4578858850386,612602.7930751584,"[0.2, 0.2, 0.2, 0.2, 0.2]"
12960,635.2372522124393,543072.5681978833,"[0.2, 0.2, 0.2, 0.2, 0.2]"
12961,474.39609621345835,933735.9354915097,"[0.2, 0.2, 0.2, 0.2, 0.2]"
12962,193.66008973978998,118211.67592612556,"[0.2, 0.2, 0.2, 0.2, 0.2]"
12963,301.78667112088306,988201.4890220768,"[0.2, 0.2, 0.2, 0.2, 0.2]"
12964,416.97111104477125,189819.87436917546,"[0.2, 0.2, 0.2, 0.2, 0.2]"
12965,631.9581578119912,305981.5123477578,"[0.2, 0.2, 0.2, 0.2, 0.2]"
12966,605.9246911940952,361064.1048049559,"[0.2, 0.2, 0.2, 0.2, 0.2]"
12967,741.684912876622,998462.6501040459,"[0.2, 0.2, 0.2, 0.2, 0.2]"
12968,945.8616953534963,603259.1847314169,"[0.2, 0.2, 0.2, 0.2, 0.2]"
12969,622.1625474618615,701152.4608595244,"[0.2, 0.2, 0.2, 0.2, 0.2]"
12970,431.401505216064,619977.5419550857,"[0.2, 0.2, 0.2, 0.2, 0.2]"
12971,262.74383060728087,401018.31420635397,"[0.2, 0.2, 0.2, 0.2, 0.2]"
12972,914.6907557114553,609672.4304499099,"[0.2, 0.2, 0.2, 0.2, 0.2]"
12973,479.84975920258705,215329.56403465453,"[0.2, 0.2, 0.2, 0.2, 0.2]"
12974,60.23766616025684,306930.1646186933,"[0.2, 0.2, 0.2, 0.2, 0.2]"
12975,10.384907627822527,212325.05920218473,"[0.2, 0.2, 0.2, 0.2, 0.2]"
12976,614.4402400375578,827507.6825435448,"[0.2, 0.2, 0.2, 0.2, 0.2]"
12977,447.12749791367787,735880.2234701745,"[0.2, 0.2, 0.2, 0.2, 0.2]"
12978,745.3107689409844,997761.534563485,"[0.2, 0.2, 0.2, 0.2, 0.2]"
12979,738.5720497033926,565077.3695192531,"[0.2, 0.2, 0.2, 0.2, 0.2]"
12980,745.0278966752426,837501.6752974478,"[0.2, 0.2, 0.2, 0.2, 0.2]"
12981,487.6745982963367,879969.8896611906,"[0.2, 0.2, 0.2, 0.2, 0.2]"
12982,128.3507720464447,544385.8800391646,"[0.2, 0.2, 0.2, 0.2, 0.2]"
12983,155.99709686725186,899390.8965274714,"[0.2, 0.2, 0.2, 0.2, 0.2]"
12984,897.9157080402738,408032.6676434967,"[0.2, 0.2, 0.2, 0.2, 0.2]"
12985,865.9590467319493,426758.4070585159,"[0.2, 0.2, 0.2, 0.2, 0.2]"
12986,674.0851594268817,231381.88560827202,"[0.2, 0.2, 0.2, 0.2, 0.2]"
12987,797.263305051626,204880.9652473345,"[0.2, 0.2, 0.2, 0.2, 0.2]"
12988,998.7589362934142,924428.2586995222,"[0.2, 0.2, 0.2, 0.2, 0.2]"
12989,268.6917313936162,209728.71497223584,"[0.2, 0.2, 0.2, 0.2, 0.2]"
12990,842.5170938426387,231657.42320382048,"[0.2, 0.2, 0.2, 0.2, 0.2]"
12991,235.66189502051583,485696.71830582723,"[0.2, 0.2, 0.2, 0.2, 0.2]"
12992,631.5899511317865,731346.9525814888,"[0.2, 0.2, 0.2, 0.2, 0.2]"
12993,763.4373736814634,393466.42009489506,"[0.2, 0.2, 0.2, 0.2, 0.2]"
12994,43.63519281358928,322610.78421942936,"[0.2, 0.2, 0.2, 0.2, 0.2]"
12995,464.8264529159446,467904.0450225711,"[0.2, 0.2, 0.2, 0.2, 0.2]"
12996,946.4890362540091,198898.03554180893,"[0.2, 0.2, 0.2, 0.2, 0.2]"
12997,724.4200259257422,980874.8322072979,"[0.2, 0.2, 0.2, 0.2, 0.2]"
12998,605.9551531540808,691704.0633696208,"[0.2, 0.2, 0.2, 0.2, 0.2]"
12999,389.52547909926244,418170.0805019471,"[0.2, 0.2, 0.2, 0.2, 0.2]"
13000,114.20846027430767,790897.3212177214,"[0.2, 0.2, 0.2, 0.2, 0.2]"
13001,755.7654428106338,902196.4778834527,"[0.2, 0.2, 0.2, 0.2, 0.2]"
13002,434.26730671248686,861589.9935889615,"[0.2, 0.2, 0.2, 0.2, 0.2]"
13003,628.5748620575994,157863.52984185598,"[0.2, 0.2, 0.2, 0.2, 0.2]"
13004,982.134413276354,171563.1551286521,"[0.2, 0.2, 0.2, 0.2, 0.2]"
13005,395.36865187935706,314735.1687239193,"[0.2, 0.2, 0.2, 0.2, 0.2]"
13006,556.8432334756658,836088.0085009274,"[0.2, 0.2, 0.2, 0.2, 0.2]"
13007,194.2290972268415,284275.5098542263,"[0.2, 0.2, 0.2, 0.2, 0.2]"
13008,531.1800640273073,716112.6859746263,"[0.2, 0.2, 0.2, 0.2, 0.2]"
13009,394.1922136299382,845064.8589699799,"[0.2, 0.2, 0.2, 0.2, 0.2]"
13010,911.6045664988981,137787.946099523,"[0.2, 0.2, 0.2, 0.2, 0.2]"
13011,634.1193373374193,835132.4261375839,"[0.2, 0.2, 0.2, 0.2, 0.2]"
13012,291.8109950693658,745599.1427775396,"[0.2, 0.2, 0.2, 0.2, 0.2]"
13013,205.32087301979075,378167.7812404577,"[0.2, 0.2, 0.2, 0.2, 0.2]"
13014,286.91833924034756,222251.24987123403,"[0.2, 0.2, 0.2, 0.2, 0.2]"
13015,24.458274238794765,568250.1468470148,"[0.2, 0.2, 0.2, 0.2, 0.2]"
13016,967.7029939784335,562336.6242009646,"[0.2, 0.2, 0.2, 0.2, 0.2]"
13017,507.1437161968724,283441.7420576579,"[0.2, 0.2, 0.2, 0.2, 0.2]"
13018,953.4147059871027,423757.08467780525,"[0.2, 0.2, 0.2, 0.2, 0.2]"
13019,637.1493934306643,842990.3574521105,"[0.2, 0.2, 0.2, 0.2, 0.2]"
13020,365.5914006866308,847605.8143052706,"[0.2, 0.2, 0.2, 0.2, 0.2]"
13021,812.3168671962668,383109.1142470771,"[0.2, 0.2, 0.2, 0.2, 0.2]"
13022,639.7165599845365,902578.9716504635,"[0.2, 0.2, 0.2, 0.2, 0.2]"
13023,714.7328776327637,563147.6304132112,"[0.2, 0.2, 0.2, 0.2, 0.2]"
13024,532.5418436061195,954097.3761931795,"[0.2, 0.2, 0.2, 0.2, 0.2]"
13025,672.8698420242703,147583.2330240686,"[0.2, 0.2, 0.2, 0.2, 0.2]"
13026,150.5506247432311,632496.4355909218,"[0.2, 0.2, 0.2, 0.2, 0.2]"
13027,159.9666365589186,531710.6301816861,"[0.2, 0.2, 0.2, 0.2, 0.2]"
13028,618.5792526680628,314273.94012648566,"[0.2, 0.2, 0.2, 0.2, 0.2]"
13029,305.9925251380372,656307.2964450798,"[0.2, 0.2, 0.2, 0.2, 0.2]"
13030,673.5140795615804,818638.8727382272,"[0.2, 0.2, 0.2, 0.2, 0.2]"
13031,810.4075936509292,433388.244883415,"[0.2, 0.2, 0.2, 0.2, 0.2]"
13032,26.653659334721954,153297.7661325728,"[0.2, 0.2, 0.2, 0.2, 0.2]"
13033,886.1532131809147,790372.2646089372,"[0.2, 0.2, 0.2, 0.2, 0.2]"
13034,799.0676420244612,351150.397678289,"[0.2, 0.2, 0.2, 0.2, 0.2]"
13035,600.5342476335304,460287.93001009244,"[0.2, 0.2, 0.2, 0.2, 0.2]"
13036,261.0458605269888,228681.46992070792,"[0.2, 0.2, 0.2, 0.2, 0.2]"
13037,305.37338166963804,197771.285887642,"[0.2, 0.2, 0.2, 0.2, 0.2]"
13038,124.08839737173068,489634.7074159603,"[0.2, 0.2, 0.2, 0.2, 0.2]"
13039,212.05531297106614,231223.66516256338,"[0.2, 0.2, 0.2, 0.2, 0.2]"
13040,308.6544114819268,210748.09759871912,"[0.2, 0.2, 0.2, 0.2, 0.2]"
13041,724.2548705894252,138691.48304892273,"[0.2, 0.2, 0.2, 0.2, 0.2]"
13042,448.4437496404067,648358.8634112825,"[0.2, 0.2, 0.2, 0.2, 0.2]"
13043,289.8803239399316,750612.9710799404,"[0.2, 0.2, 0.2, 0.2, 0.2]"
13044,649.0324958497231,827157.79180787,"[0.2, 0.2, 0.2, 0.2, 0.2]"
13045,878.5481236253194,889773.2487948801,"[0.2, 0.2, 0.2, 0.2, 0.2]"
13046,909.5051398521815,643182.628646871,"[0.2, 0.2, 0.2, 0.2, 0.2]"
13047,803.9848717834686,802465.585027817,"[0.2, 0.2, 0.2, 0.2, 0.2]"
13048,924.2822055189959,434203.89513149,"[0.2, 0.2, 0.2, 0.2, 0.2]"
13049,774.6361709618216,355598.0891227118,"[0.2, 0.2, 0.2, 0.2, 0.2]"
13050,858.4718597236019,191511.78620531765,"[0.2, 0.2, 0.2, 0.2, 0.2]"
13051,361.5285998687754,439863.80151338386,"[0.2, 0.2, 0.2, 0.2, 0.2]"
13052,346.13131514448156,142231.05142355,"[0.2, 0.2, 0.2, 0.2, 0.2]"
13053,201.23010621880852,460565.4081364454,"[0.2, 0.2, 0.2, 0.2, 0.2]"
13054,945.3597431351387,703854.8205015656,"[0.2, 0.2, 0.2, 0.2, 0.2]"
13055,653.5464796269758,132304.02475762344,"[0.2, 0.2, 0.2, 0.2, 0.2]"
13056,808.3741178558644,739650.5638615437,"[0.2, 0.2, 0.2, 0.2, 0.2]"
13057,715.6038988068389,128431.22515277224,"[0.2, 0.2, 0.2, 0.2, 0.2]"
13058,484.6145962409914,449670.27421281656,"[0.2, 0.2, 0.2, 0.2, 0.2]"
13059,459.63311670898946,474941.00146647345,"[0.2, 0.2, 0.2, 0.2, 0.2]"
13060,40.874186428162005,685238.7043566989,"[0.2, 0.2, 0.2, 0.2, 0.2]"
13061,967.0455832581674,797201.8262051746,"[0.2, 0.2, 0.2, 0.2, 0.2]"
13062,386.0567359695149,125003.4925855326,"[0.2, 0.2, 0.2, 0.2, 0.2]"
13063,402.9913010080967,850033.6946915778,"[0.2, 0.2, 0.2, 0.2, 0.2]"
13064,880.0593309318396,813971.38295253,"[0.2, 0.2, 0.2, 0.2, 0.2]"
13065,168.44923174673286,995472.4700772236,"[0.2, 0.2, 0.2, 0.2, 0.2]"
13066,719.7341998225353,201847.00606828975,"[0.2, 0.2, 0.2, 0.2, 0.2]"
13067,642.3303331569963,315084.6802212831,"[0.2, 0.2, 0.2, 0.2, 0.2]"
13068,593.9343618975306,245607.5661111685,"[0.2, 0.2, 0.2, 0.2, 0.2]"
13069,483.45832815835905,291316.96419266536,"[0.2, 0.2, 0.2, 0.2, 0.2]"
13070,917.3339056196852,342663.58372420917,"[0.2, 0.2, 0.2, 0.2, 0.2]"
13071,353.0028117760181,978208.2802113191,"[0.2, 0.2, 0.2, 0.2, 0.2]"
13072,851.9036240364691,930096.5550801749,"[0.2, 0.2, 0.2, 0.2, 0.2]"
13073,671.7072990863167,498055.8142536408,"[0.2, 0.2, 0.2, 0.2, 0.2]"
13074,179.82742303883936,793537.8376598638,"[0.2, 0.2, 0.2, 0.2, 0.2]"
13075,862.7151018425294,475932.9060493513,"[0.2, 0.2, 0.2, 0.2, 0.2]"
13076,677.9003668154621,942549.0182213082,"[0.2, 0.2, 0.2, 0.2, 0.2]"
13077,104.30253450878438,872404.7360867879,"[0.2, 0.2, 0.2, 0.2, 0.2]"
13078,398.23078278310055,474674.5679981543,"[0.2, 0.2, 0.2, 0.2, 0.2]"
13079,279.5173505300338,489251.14102990547,"[0.2, 0.2, 0.2, 0.2, 0.2]"
13080,722.7157412486457,200508.93708776386,"[0.2, 0.2, 0.2, 0.2, 0.2]"
13081,359.78210849640607,213776.2312110499,"[0.2, 0.2, 0.2, 0.2, 0.2]"
13082,111.52576931224013,997608.8215750377,"[0.2, 0.2, 0.2, 0.2, 0.2]"
13083,138.55325146893182,489498.99095842446,"[0.2, 0.2, 0.2, 0.2, 0.2]"
13084,361.47192087877835,247945.58076067004,"[0.2, 0.2, 0.2, 0.2, 0.2]"
13085,21.557197912223632,326140.7325590572,"[0.2, 0.2, 0.2, 0.2, 0.2]"
13086,127.510036946842,254106.00576572597,"[0.2, 0.2, 0.2, 0.2, 0.2]"
13087,660.6491897246003,417017.6093611635,"[0.2, 0.2, 0.2, 0.2, 0.2]"
13088,505.0719063305379,700950.6893638056,"[0.2, 0.2, 0.2, 0.2, 0.2]"
13089,312.0613830165451,868119.670875716,"[0.2, 0.2, 0.2, 0.2, 0.2]"
13090,313.3543095668923,489540.84280629514,"[0.2, 0.2, 0.2, 0.2, 0.2]"
13091,274.529945176578,414580.26583970914,"[0.2, 0.2, 0.2, 0.2, 0.2]"
13092,535.6686484941778,858458.9822023927,"[0.2, 0.2, 0.2, 0.2, 0.2]"
13093,642.0190055933905,466484.41487604403,"[0.2, 0.2, 0.2, 0.2, 0.2]"
13094,521.7661329903617,328109.99718307087,"[0.2, 0.2, 0.2, 0.2, 0.2]"
13095,860.6538108700526,242858.73487092805,"[0.2, 0.2, 0.2, 0.2, 0.2]"
13096,999.4347650549056,105377.06659144931,"[0.2, 0.2, 0.2, 0.2, 0.2]"
13097,621.6277875395732,131901.21792367517,"[0.2, 0.2, 0.2, 0.2, 0.2]"
13098,994.8187069538692,631654.5740293548,"[0.2, 0.2, 0.2, 0.2, 0.2]"
13099,586.0373048825098,589954.9446978429,"[0.2, 0.2, 0.2, 0.2, 0.2]"
13100,45.707087620951825,827492.6947870089,"[0.2, 0.2, 0.2, 0.2, 0.2]"
13101,915.8664670918092,609561.4154286386,"[0.2, 0.2, 0.2, 0.2, 0.2]"
13102,932.4498224077388,100064.16467066313,"[0.2, 0.2, 0.2, 0.2, 0.2]"
13103,955.3474108225727,493148.66596782557,"[0.2, 0.2, 0.2, 0.2, 0.2]"
13104,394.07138269798804,947079.3873470669,"[0.2, 0.2, 0.2, 0.2, 0.2]"
13105,689.2349818832826,182066.38367831009,"[0.2, 0.2, 0.2, 0.2, 0.2]"
13106,27.77561771310238,249736.07352461363,"[0.2, 0.2, 0.2, 0.2, 0.2]"
13107,411.7070041455039,225166.1604416379,"[0.2, 0.2, 0.2, 0.2, 0.2]"
13108,568.4243148932064,438159.72332082695,"[0.2, 0.2, 0.2, 0.2, 0.2]"
13109,254.48034059883304,469079.3502281884,"[0.2, 0.2, 0.2, 0.2, 0.2]"
13110,736.7017971716009,474128.1823548835,"[0.2, 0.2, 0.2, 0.2, 0.2]"
13111,121.36375342239101,914919.3035122374,"[0.2, 0.2, 0.2, 0.2, 0.2]"
13112,397.66147116310697,751999.7770741562,"[0.2, 0.2, 0.2, 0.2, 0.2]"
13113,592.672346328702,545278.1069706863,"[0.2, 0.2, 0.2, 0.2, 0.2]"
13114,914.8391594416817,569343.4303668749,"[0.2, 0.2, 0.2, 0.2, 0.2]"
13115,213.0544517636798,673962.7419474219,"[0.2, 0.2, 0.2, 0.2, 0.2]"
13116,922.2097812535822,407895.73670606845,"[0.2, 0.2, 0.2, 0.2, 0.2]"
13117,317.09692935689355,396776.83777539333,"[0.2, 0.2, 0.2, 0.2, 0.2]"
13118,16.378313920935575,487192.4536842169,"[0.2, 0.2, 0.2, 0.2, 0.2]"
13119,820.8225848962898,374248.0086360197,"[0.2, 0.2, 0.2, 0.2, 0.2]"
13120,607.2309671546865,653379.0513341607,"[0.2, 0.2, 0.2, 0.2, 0.2]"
13121,366.4716537864363,627810.0793778525,"[0.2, 0.2, 0.2, 0.2, 0.2]"
13122,20.72419425259686,990668.3283125636,"[0.2, 0.2, 0.2, 0.2, 0.2]"
13123,126.29312112509865,575469.5302440764,"[0.2, 0.2, 0.2, 0.2, 0.2]"
13124,506.4790590210353,927995.9285907047,"[0.2, 0.2, 0.2, 0.2, 0.2]"
13125,435.51524491372203,298677.13014424825,"[0.2, 0.2, 0.2, 0.2, 0.2]"
13126,147.11390042962967,518684.3787984454,"[0.2, 0.2, 0.2, 0.2, 0.2]"
13127,457.10977506271894,711200.1266629313,"[0.2, 0.2, 0.2, 0.2, 0.2]"
13128,180.61617304297656,944959.7312449344,"[0.2, 0.2, 0.2, 0.2, 0.2]"
13129,541.9272534248431,947311.2256883687,"[0.2, 0.2, 0.2, 0.2, 0.2]"
13130,612.1608465452271,611715.0831191242,"[0.2, 0.2, 0.2, 0.2, 0.2]"
13131,769.0708028398299,602474.9185305886,"[0.2, 0.2, 0.2, 0.2, 0.2]"
13132,315.3369290730252,959053.813468549,"[0.2, 0.2, 0.2, 0.2, 0.2]"
13133,207.476441065853,392642.3840333939,"[0.2, 0.2, 0.2, 0.2, 0.2]"
13134,126.97951906970627,404706.0152420302,"[0.2, 0.2, 0.2, 0.2, 0.2]"
13135,684.1225086910981,188991.19244096824,"[0.2, 0.2, 0.2, 0.2, 0.2]"
13136,371.0409482557705,593003.4682131894,"[0.2, 0.2, 0.2, 0.2, 0.2]"
13137,168.4501905479712,984283.6632063976,"[0.2, 0.2, 0.2, 0.2, 0.2]"
13138,196.97967688593116,577020.5785020941,"[0.2, 0.2, 0.2, 0.2, 0.2]"
13139,40.46012075161774,373203.1108775674,"[0.2, 0.2, 0.2, 0.2, 0.2]"
13140,897.6440666727748,271454.1987113354,"[0.2, 0.2, 0.2, 0.2, 0.2]"
13141,184.29792291403476,488023.8005874398,"[0.2, 0.2, 0.2, 0.2, 0.2]"
13142,793.1499543900477,367246.45453706477,"[0.2, 0.2, 0.2, 0.2, 0.2]"
13143,320.1997105902036,926968.198779299,"[0.2, 0.2, 0.2, 0.2, 0.2]"
13144,115.44968520595941,296018.58327166905,"[0.2, 0.2, 0.2, 0.2, 0.2]"
13145,992.5423330485287,348271.4432686571,"[0.2, 0.2, 0.2, 0.2, 0.2]"
13146,629.1068212082829,790077.8427297841,"[0.2, 0.2, 0.2, 0.2, 0.2]"
13147,571.8595841857414,336216.47400354635,"[0.2, 0.2, 0.2, 0.2, 0.2]"
13148,920.4761471955621,353892.45763673383,"[0.2, 0.2, 0.2, 0.2, 0.2]"
13149,121.8037502588841,406843.6375938279,"[0.2, 0.2, 0.2, 0.2, 0.2]"
13150,91.46957584520278,517136.1417361867,"[0.2, 0.2, 0.2, 0.2, 0.2]"
13151,741.274140650413,532645.0685190648,"[0.2, 0.2, 0.2, 0.2, 0.2]"
13152,157.8457900785543,990077.7705898884,"[0.2, 0.2, 0.2, 0.2, 0.2]"
13153,901.381206011135,724425.3923597996,"[0.2, 0.2, 0.2, 0.2, 0.2]"
13154,945.381095798629,796162.5308975552,"[0.2, 0.2, 0.2, 0.2, 0.2]"
13155,844.9540258560875,597658.5829483923,"[0.2, 0.2, 0.2, 0.2, 0.2]"
13156,954.7544585821998,659353.9499513317,"[0.2, 0.2, 0.2, 0.2, 0.2]"
13157,708.8354544215631,513111.34741121775,"[0.2, 0.2, 0.2, 0.2, 0.2]"
13158,593.630673357381,129700.38390013241,"[0.2, 0.2, 0.2, 0.2, 0.2]"
13159,759.9406419476892,587773.1258044376,"[0.2, 0.2, 0.2, 0.2, 0.2]"
13160,467.71529007338495,511864.6103356593,"[0.2, 0.2, 0.2, 0.2, 0.2]"
13161,746.3149648207224,588359.5980253398,"[0.2, 0.2, 0.2, 0.2, 0.2]"
13162,497.58266036822914,328834.28117110464,"[0.2, 0.2, 0.2, 0.2, 0.2]"
13163,157.5634417934116,297835.91150738345,"[0.2, 0.2, 0.2, 0.2, 0.2]"
13164,16.3192956240476,901367.3952159472,"[0.2, 0.2, 0.2, 0.2, 0.2]"
13165,880.16517943903,664975.0361901717,"[0.2, 0.2, 0.2, 0.2, 0.2]"
13166,624.4384114638606,957973.5463806378,"[0.2, 0.2, 0.2, 0.2, 0.2]"
13167,305.13141399757933,688750.3180301726,"[0.2, 0.2, 0.2, 0.2, 0.2]"
13168,427.7599975062828,125548.75777664024,"[0.2, 0.2, 0.2, 0.2, 0.2]"
13169,757.6935108416642,805759.859472269,"[0.2, 0.2, 0.2, 0.2, 0.2]"
13170,102.87844454700281,653203.0489497726,"[0.2, 0.2, 0.2, 0.2, 0.2]"
13171,286.3318982164263,155628.62427661833,"[0.2, 0.2, 0.2, 0.2, 0.2]"
13172,555.8805310615314,687913.8036298264,"[0.2, 0.2, 0.2, 0.2, 0.2]"
13173,133.15891738610935,717341.5239878506,"[0.2, 0.2, 0.2, 0.2, 0.2]"
13174,192.13199180652882,490358.5223262658,"[0.2, 0.2, 0.2, 0.2, 0.2]"
13175,494.0102894301379,215853.18595226697,"[0.2, 0.2, 0.2, 0.2, 0.2]"
13176,441.6151797344892,712887.2530223231,"[0.2, 0.2, 0.2, 0.2, 0.2]"
13177,200.59771222111056,789454.0653753792,"[0.2, 0.2, 0.2, 0.2, 0.2]"
13178,984.0061096383497,107592.3937106133,"[0.2, 0.2, 0.2, 0.2, 0.2]"
13179,780.302354154051,173280.07672059705,"[0.2, 0.2, 0.2, 0.2, 0.2]"
13180,223.73702759340142,617759.1855494906,"[0.2, 0.2, 0.2, 0.2, 0.2]"
13181,456.4308432711121,675759.7721611445,"[0.2, 0.2, 0.2, 0.2, 0.2]"
13182,442.57667264855985,373297.0716603818,"[0.2, 0.2, 0.2, 0.2, 0.2]"
13183,265.6146577548975,767186.4506037731,"[0.2, 0.2, 0.2, 0.2, 0.2]"
13184,626.1724086505816,989870.9761116788,"[0.2, 0.2, 0.2, 0.2, 0.2]"
13185,717.6860955853689,284356.88471156964,"[0.2, 0.2, 0.2, 0.2, 0.2]"
13186,984.6548698860686,442087.578142454,"[0.2, 0.2, 0.2, 0.2, 0.2]"
13187,531.5551476289975,551000.2512460947,"[0.2, 0.2, 0.2, 0.2, 0.2]"
13188,574.7245234254473,698909.6653454341,"[0.2, 0.2, 0.2, 0.2, 0.2]"
13189,202.96159154025756,553529.6221552072,"[0.2, 0.2, 0.2, 0.2, 0.2]"
13190,462.2699473903317,231382.62947570917,"[0.2, 0.2, 0.2, 0.2, 0.2]"
13191,319.0338047473057,994416.1558678052,"[0.2, 0.2, 0.2, 0.2, 0.2]"
13192,106.05498782674842,287772.0176455917,"[0.2, 0.2, 0.2, 0.2, 0.2]"
13193,369.8437379506223,235397.72733601235,"[0.2, 0.2, 0.2, 0.2, 0.2]"
13194,467.8765790413274,722023.8860906305,"[0.2, 0.2, 0.2, 0.2, 0.2]"
13195,765.8260578590683,842368.3029225902,"[0.2, 0.2, 0.2, 0.2, 0.2]"
13196,384.103365784364,201450.17280415405,"[0.2, 0.2, 0.2, 0.2, 0.2]"
13197,421.9555904497238,111802.1307570118,"[0.2, 0.2, 0.2, 0.2, 0.2]"
13198,711.1576682212096,821296.6978452379,"[0.2, 0.2, 0.2, 0.2, 0.2]"
13199,884.6849011688058,372651.97019597306,"[0.2, 0.2, 0.2, 0.2, 0.2]"
13200,143.23911969978906,533305.525329471,"[0.2, 0.2, 0.2, 0.2, 0.2]"
13201,287.84262617935417,268120.44678278023,"[0.2, 0.2, 0.2, 0.2, 0.2]"
13202,459.6192567298396,433195.2737927334,"[0.2, 0.2, 0.2, 0.2, 0.2]"
13203,102.74579638024777,985317.4843725325,"[0.2, 0.2, 0.2, 0.2, 0.2]"
13204,833.4883357340008,892772.4049784747,"[0.2, 0.2, 0.2, 0.2, 0.2]"
13205,551.2003467848539,184894.0463464342,"[0.2, 0.2, 0.2, 0.2, 0.2]"
13206,962.0507549147287,747182.1119467019,"[0.2, 0.2, 0.2, 0.2, 0.2]"
13207,436.552755204646,303411.3689237508,"[0.2, 0.2, 0.2, 0.2, 0.2]"
13208,188.03766607115853,380357.6016599801,"[0.2, 0.2, 0.2, 0.2, 0.2]"
13209,97.90272860819489,595008.2638896976,"[0.2, 0.2, 0.2, 0.2, 0.2]"
13210,720.8379835896867,429684.5965598935,"[0.2, 0.2, 0.2, 0.2, 0.2]"
13211,33.56268818873513,592763.590866865,"[0.2, 0.2, 0.2, 0.2, 0.2]"
13212,76.51957551888441,136668.62056665638,"[0.2, 0.2, 0.2, 0.2, 0.2]"
13213,357.30987029575334,282599.7798737121,"[0.2, 0.2, 0.2, 0.2, 0.2]"
13214,24.725908969245285,924151.4863116539,"[0.2, 0.2, 0.2, 0.2, 0.2]"
13215,631.5431789262918,783642.0144634063,"[0.2, 0.2, 0.2, 0.2, 0.2]"
13216,805.6261191533799,152638.49896299923,"[0.2, 0.2, 0.2, 0.2, 0.2]"
13217,370.8337865051294,326517.4183600632,"[0.2, 0.2, 0.2, 0.2, 0.2]"
13218,351.1937554708313,533711.9633527694,"[0.2, 0.2, 0.2, 0.2, 0.2]"
13219,450.67200756376553,797582.2001852144,"[0.2, 0.2, 0.2, 0.2, 0.2]"
13220,39.04110303319001,586532.6629302674,"[0.2, 0.2, 0.2, 0.2, 0.2]"
13221,675.5439931458809,805909.4394747064,"[0.2, 0.2, 0.2, 0.2, 0.2]"
13222,896.2812223681069,977939.3036789743,"[0.2, 0.2, 0.2, 0.2, 0.2]"
13223,785.8355862371249,382780.5623936269,"[0.2, 0.2, 0.2, 0.2, 0.2]"
13224,43.693644446477165,258295.14762742043,"[0.2, 0.2, 0.2, 0.2, 0.2]"
13225,919.0166980917322,587326.6743535339,"[0.2, 0.2, 0.2, 0.2, 0.2]"
13226,41.85526060249539,925938.7200093245,"[0.2, 0.2, 0.2, 0.2, 0.2]"
13227,277.02591080246714,680991.837865233,"[0.2, 0.2, 0.2, 0.2, 0.2]"
13228,197.14176119036273,730235.2226177681,"[0.2, 0.2, 0.2, 0.2, 0.2]"
13229,126.25709562062879,918685.7662584044,"[0.2, 0.2, 0.2, 0.2, 0.2]"
13230,509.90829689583006,891150.3251598392,"[0.2, 0.2, 0.2, 0.2, 0.2]"
13231,715.9594146060033,330083.4829613526,"[0.2, 0.2, 0.2, 0.2, 0.2]"
13232,492.37779852612573,672847.0902075857,"[0.2, 0.2, 0.2, 0.2, 0.2]"
13233,750.0794124078504,667771.2253251841,"[0.2, 0.2, 0.2, 0.2, 0.2]"
13234,934.8701655326713,266870.8492170776,"[0.2, 0.2, 0.2, 0.2, 0.2]"
13235,953.7188729030084,906239.7569208097,"[0.2, 0.2, 0.2, 0.2, 0.2]"
13236,577.0303038345689,993692.5476125487,"[0.2, 0.2, 0.2, 0.2, 0.2]"
13237,85.81549367415336,653405.7562273921,"[0.2, 0.2, 0.2, 0.2, 0.2]"
13238,986.6230643828184,193322.05739906486,"[0.2, 0.2, 0.2, 0.2, 0.2]"
13239,190.4400332776382,519412.42757139384,"[0.2, 0.2, 0.2, 0.2, 0.2]"
13240,717.2393965820502,513825.3031840148,"[0.2, 0.2, 0.2, 0.2, 0.2]"
13241,965.0519021988708,737023.4286876874,"[0.2, 0.2, 0.2, 0.2, 0.2]"
13242,868.2079213443249,898076.6382195315,"[0.2, 0.2, 0.2, 0.2, 0.2]"
13243,628.1538056726946,871961.2325832198,"[0.2, 0.2, 0.2, 0.2, 0.2]"
13244,273.05300955316727,782424.3710992362,"[0.2, 0.2, 0.2, 0.2, 0.2]"
13245,19.939768107000997,217158.08591728972,"[0.2, 0.2, 0.2, 0.2, 0.2]"
13246,118.42649880761489,760384.8906042222,"[0.2, 0.2, 0.2, 0.2, 0.2]"
13247,511.3474370575562,604022.2609833425,"[0.2, 0.2, 0.2, 0.2, 0.2]"
13248,723.2995323678076,567499.9521294654,"[0.2, 0.2, 0.2, 0.2, 0.2]"
13249,846.680344078788,229198.51168325744,"[0.2, 0.2, 0.2, 0.2, 0.2]"
13250,157.4815031772444,268377.06195206556,"[0.2, 0.2, 0.2, 0.2, 0.2]"
13251,999.1244863772764,236389.4549412601,"[0.2, 0.2, 0.2, 0.2, 0.2]"
13252,332.59431115931284,592685.8721108038,"[0.2, 0.2, 0.2, 0.2, 0.2]"
13253,256.0844784547111,162211.61754087123,"[0.2, 0.2, 0.2, 0.2, 0.2]"
13254,513.495995210506,289874.72301673924,"[0.2, 0.2, 0.2, 0.2, 0.2]"
13255,342.16698620445067,692806.027400128,"[0.2, 0.2, 0.2, 0.2, 0.2]"
13256,515.9810508306986,300641.6843820072,"[0.2, 0.2, 0.2, 0.2, 0.2]"
13257,832.0225407568986,973997.1240996636,"[0.2, 0.2, 0.2, 0.2, 0.2]"
13258,804.0917082362052,590718.0995260731,"[0.2, 0.2, 0.2, 0.2, 0.2]"
13259,903.5845359788998,370673.12958576897,"[0.2, 0.2, 0.2, 0.2, 0.2]"
13260,531.8737833514193,319677.8571918014,"[0.2, 0.2, 0.2, 0.2, 0.2]"
13261,69.25972274739225,491132.3910323543,"[0.2, 0.2, 0.2, 0.2, 0.2]"
13262,431.43390927814045,399164.9572493457,"[0.2, 0.2, 0.2, 0.2, 0.2]"
13263,541.6987793990215,612903.9550267182,"[0.2, 0.2, 0.2, 0.2, 0.2]"
13264,437.0661040625968,782603.2831674089,"[0.2, 0.2, 0.2, 0.2, 0.2]"
13265,249.4210305297662,912551.0919818033,"[0.2, 0.2, 0.2, 0.2, 0.2]"
13266,741.5821716135325,809017.2731610141,"[0.2, 0.2, 0.2, 0.2, 0.2]"
13267,510.303114374005,857476.2436656599,"[0.2, 0.2, 0.2, 0.2, 0.2]"
13268,830.2918078311385,320110.6726713375,"[0.2, 0.2, 0.2, 0.2, 0.2]"
13269,588.8285364805395,586865.4764874738,"[0.2, 0.2, 0.2, 0.2, 0.2]"
13270,706.904557712013,958743.3053762642,"[0.2, 0.2, 0.2, 0.2, 0.2]"
13271,28.038284764062336,193268.83395622938,"[0.2, 0.2, 0.2, 0.2, 0.2]"
13272,228.05250596962878,524575.2732601387,"[0.2, 0.2, 0.2, 0.2, 0.2]"
13273,285.30371342906693,532145.0342757916,"[0.2, 0.2, 0.2, 0.2, 0.2]"
13274,398.9148854509786,339238.7586482179,"[0.2, 0.2, 0.2, 0.2, 0.2]"
13275,953.8107946333091,663566.9325223533,"[0.2, 0.2, 0.2, 0.2, 0.2]"
13276,733.2443523788013,801638.9212814711,"[0.2, 0.2, 0.2, 0.2, 0.2]"
13277,334.91287751957753,913254.8084323488,"[0.2, 0.2, 0.2, 0.2, 0.2]"
13278,538.4102331152457,753844.508577256,"[0.2, 0.2, 0.2, 0.2, 0.2]"
13279,172.3126977622053,721411.1351685334,"[0.2, 0.2, 0.2, 0.2, 0.2]"
13280,483.8484574653614,768676.7595945701,"[0.2, 0.2, 0.2, 0.2, 0.2]"
13281,59.429936653037586,990991.4312539184,"[0.2, 0.2, 0.2, 0.2, 0.2]"
13282,590.2230143624713,866047.3529755676,"[0.2, 0.2, 0.2, 0.2, 0.2]"
13283,199.0935803415591,322495.71979424485,"[0.2, 0.2, 0.2, 0.2, 0.2]"
13284,585.1742862691437,862313.7704348294,"[0.2, 0.2, 0.2, 0.2, 0.2]"
13285,261.27566692088806,741880.6797665076,"[0.2, 0.2, 0.2, 0.2, 0.2]"
13286,763.5285677065004,511445.39930667786,"[0.2, 0.2, 0.2, 0.2, 0.2]"
13287,748.4647251982818,200148.8647112415,"[0.2, 0.2, 0.2, 0.2, 0.2]"
13288,484.87612043235225,618804.9962240523,"[0.2, 0.2, 0.2, 0.2, 0.2]"
13289,646.8229927818013,542592.9598030162,"[0.2, 0.2, 0.2, 0.2, 0.2]"
13290,379.704618165858,508501.48326285655,"[0.2, 0.2, 0.2, 0.2, 0.2]"
13291,113.0791636632449,808961.5455825736,"[0.2, 0.2, 0.2, 0.2, 0.2]"
13292,58.10388347379651,823250.1731227973,"[0.2, 0.2, 0.2, 0.2, 0.2]"
13293,11.46288175886509,926995.7624043075,"[0.2, 0.2, 0.2, 0.2, 0.2]"
13294,959.6033679042497,414334.38968164765,"[0.2, 0.2, 0.2, 0.2, 0.2]"
13295,260.99571708264045,258231.26571572534,"[0.2, 0.2, 0.2, 0.2, 0.2]"
13296,148.66087280518056,464170.53771280684,"[0.2, 0.2, 0.2, 0.2, 0.2]"
13297,813.3553035939354,217334.999019754,"[0.2, 0.2, 0.2, 0.2, 0.2]"
13298,683.5780583001286,255395.20802046958,"[0.2, 0.2, 0.2, 0.2, 0.2]"
13299,757.9557037314925,563694.8334928576,"[0.2, 0.2, 0.2, 0.2, 0.2]"
13300,180.40579787037856,168954.9634739678,"[0.2, 0.2, 0.2, 0.2, 0.2]"
13301,670.083910538334,636809.5021044156,"[0.2, 0.2, 0.2, 0.2, 0.2]"
13302,179.64006617552351,220964.00417583756,"[0.2, 0.2, 0.2, 0.2, 0.2]"
13303,876.0944763929401,985914.0861210006,"[0.2, 0.2, 0.2, 0.2, 0.2]"
13304,366.09690293705694,601764.1826602783,"[0.2, 0.2, 0.2, 0.2, 0.2]"
13305,744.7819042524853,383687.207687972,"[0.2, 0.2, 0.2, 0.2, 0.2]"
13306,221.31053925705575,542652.6455450294,"[0.2, 0.2, 0.2, 0.2, 0.2]"
13307,213.81978696682194,573635.5863294721,"[0.2, 0.2, 0.2, 0.2, 0.2]"
13308,911.729018647305,345162.5677695527,"[0.2, 0.2, 0.2, 0.2, 0.2]"
13309,54.48176505426289,551472.1413354098,"[0.2, 0.2, 0.2, 0.2, 0.2]"
13310,847.3642174423337,448788.42996994645,"[0.2, 0.2, 0.2, 0.2, 0.2]"
13311,368.6720458273394,183859.58356184766,"[0.2, 0.2, 0.2, 0.2, 0.2]"
13312,561.6958827130957,765785.003454417,"[0.2, 0.2, 0.2, 0.2, 0.2]"
13313,349.6914410620574,356646.1231276861,"[0.2, 0.2, 0.2, 0.2, 0.2]"
13314,320.7942689650507,636528.6379327793,"[0.2, 0.2, 0.2, 0.2, 0.2]"
13315,765.1161577976483,652041.0070694656,"[0.2, 0.2, 0.2, 0.2, 0.2]"
13316,116.84290757091844,399522.53036099335,"[0.2, 0.2, 0.2, 0.2, 0.2]"
13317,476.877373446844,270570.99555137777,"[0.2, 0.2, 0.2, 0.2, 0.2]"
13318,645.4363642604424,591524.3967645026,"[0.2, 0.2, 0.2, 0.2, 0.2]"
13319,617.6990885331473,850460.9118463745,"[0.2, 0.2, 0.2, 0.2, 0.2]"
13320,920.1234029820672,493185.51845635165,"[0.2, 0.2, 0.2, 0.2, 0.2]"
13321,217.2155584335585,990033.7744153659,"[0.2, 0.2, 0.2, 0.2, 0.2]"
13322,557.4206609813299,655010.5716904678,"[0.2, 0.2, 0.2, 0.2, 0.2]"
13323,933.1233156067904,773297.1559232587,"[0.2, 0.2, 0.2, 0.2, 0.2]"
13324,444.10184716688207,614827.7182025225,"[0.2, 0.2, 0.2, 0.2, 0.2]"
13325,512.7788118799103,479064.77975828294,"[0.2, 0.2, 0.2, 0.2, 0.2]"
13326,340.830302871327,699947.9790526137,"[0.2, 0.2, 0.2, 0.2, 0.2]"
13327,619.5475599718915,660911.910464172,"[0.2, 0.2, 0.2, 0.2, 0.2]"
13328,961.797969550717,556990.4469396146,"[0.2, 0.2, 0.2, 0.2, 0.2]"
13329,129.78452459361515,548511.9054875486,"[0.2, 0.2, 0.2, 0.2, 0.2]"
13330,825.3482383830654,956877.7883748267,"[0.2, 0.2, 0.2, 0.2, 0.2]"
13331,322.2620532059535,238024.2685694833,"[0.2, 0.2, 0.2, 0.2, 0.2]"
13332,725.2527708236883,652369.5636958831,"[0.2, 0.2, 0.2, 0.2, 0.2]"
13333,965.6098606572939,207340.5294505062,"[0.2, 0.2, 0.2, 0.2, 0.2]"
13334,903.3620089628571,885880.5936008114,"[0.2, 0.2, 0.2, 0.2, 0.2]"
13335,581.0435870583246,304765.0285525046,"[0.2, 0.2, 0.2, 0.2, 0.2]"
13336,995.7315191979333,113875.66744293929,"[0.2, 0.2, 0.2, 0.2, 0.2]"
13337,151.94404339210163,277282.49501148955,"[0.2, 0.2, 0.2, 0.2, 0.2]"
13338,575.1546220697121,494524.4537807336,"[0.2, 0.2, 0.2, 0.2, 0.2]"
13339,799.6485857401841,975379.113231274,"[0.2, 0.2, 0.2, 0.2, 0.2]"
13340,420.74103625262546,591828.0271406702,"[0.2, 0.2, 0.2, 0.2, 0.2]"
13341,588.584262685948,719541.1850909307,"[0.2, 0.2, 0.2, 0.2, 0.2]"
13342,487.77860419910684,654075.8085785923,"[0.2, 0.2, 0.2, 0.2, 0.2]"
13343,28.516270891746224,422271.64041143464,"[0.2, 0.2, 0.2, 0.2, 0.2]"
13344,491.2361061411005,601348.656647419,"[0.2, 0.2, 0.2, 0.2, 0.2]"
13345,788.806455817941,784186.6953544212,"[0.2, 0.2, 0.2, 0.2, 0.2]"
13346,205.6276177381277,920550.0727343486,"[0.2, 0.2, 0.2, 0.2, 0.2]"
13347,240.94653174472722,346283.420832008,"[0.2, 0.2, 0.2, 0.2, 0.2]"
13348,123.00419282622322,937123.8558417549,"[0.2, 0.2, 0.2, 0.2, 0.2]"
13349,59.555245822045265,717412.5691212534,"[0.2, 0.2, 0.2, 0.2, 0.2]"
13350,296.1960636686619,436287.38228094776,"[0.2, 0.2, 0.2, 0.2, 0.2]"
13351,575.4480784599838,170164.52794499215,"[0.2, 0.2, 0.2, 0.2, 0.2]"
13352,484.655602901307,677905.7827182964,"[0.2, 0.2, 0.2, 0.2, 0.2]"
13353,492.9576272350693,725480.0611402201,"[0.2, 0.2, 0.2, 0.2, 0.2]"
13354,131.20539060414205,106212.24294075265,"[0.2, 0.2, 0.2, 0.2, 0.2]"
13355,863.8021999766158,243376.04856550615,"[0.2, 0.2, 0.2, 0.2, 0.2]"
13356,603.3197608108771,210426.86073767964,"[0.2, 0.2, 0.2, 0.2, 0.2]"
13357,121.93205106522602,388593.22591982357,"[0.2, 0.2, 0.2, 0.2, 0.2]"
13358,99.01681315221447,650109.757157438,"[0.2, 0.2, 0.2, 0.2, 0.2]"
13359,364.07443612574116,845441.2307929958,"[0.2, 0.2, 0.2, 0.2, 0.2]"
13360,163.2220847513726,182240.33585211862,"[0.2, 0.2, 0.2, 0.2, 0.2]"
13361,130.44734605071045,442664.5764445462,"[0.2, 0.2, 0.2, 0.2, 0.2]"
13362,530.1675549452714,278120.8999179244,"[0.2, 0.2, 0.2, 0.2, 0.2]"
13363,308.73650242990834,655374.4559511248,"[0.2, 0.2, 0.2, 0.2, 0.2]"
13364,209.804089706942,889791.0164723834,"[0.2, 0.2, 0.2, 0.2, 0.2]"
13365,198.3294570915726,590822.8496185757,"[0.2, 0.2, 0.2, 0.2, 0.2]"
13366,847.4440716548761,378887.7283104113,"[0.2, 0.2, 0.2, 0.2, 0.2]"
13367,125.48568456240884,198761.7930687435,"[0.2, 0.2, 0.2, 0.2, 0.2]"
13368,94.52908107157505,340119.3001300208,"[0.2, 0.2, 0.2, 0.2, 0.2]"
13369,553.2313841900557,954058.4750033555,"[0.2, 0.2, 0.2, 0.2, 0.2]"
13370,979.2267437429545,111084.01205042063,"[0.2, 0.2, 0.2, 0.2, 0.2]"
13371,299.75174868776685,133607.314074951,"[0.2, 0.2, 0.2, 0.2, 0.2]"
13372,246.64368772859223,849657.8513927319,"[0.2, 0.2, 0.2, 0.2, 0.2]"
13373,528.4539472661444,137370.3489332776,"[0.2, 0.2, 0.2, 0.2, 0.2]"
13374,244.61708363044784,758925.159002836,"[0.2, 0.2, 0.2, 0.2, 0.2]"
13375,396.51263364905026,857456.3549017286,"[0.2, 0.2, 0.2, 0.2, 0.2]"
13376,440.2880403818515,994890.2992355017,"[0.2, 0.2, 0.2, 0.2, 0.2]"
13377,167.6767777286015,873776.2845688772,"[0.2, 0.2, 0.2, 0.2, 0.2]"
13378,437.18154677302186,481117.8731458241,"[0.2, 0.2, 0.2, 0.2, 0.2]"
13379,41.8899182699425,478056.9002828171,"[0.2, 0.2, 0.2, 0.2, 0.2]"
13380,986.2969866306374,117294.29286503211,"[0.2, 0.2, 0.2, 0.2, 0.2]"
13381,242.56803249119469,191244.93967783637,"[0.2, 0.2, 0.2, 0.2, 0.2]"
13382,961.6205149367693,667722.4166312724,"[0.2, 0.2, 0.2, 0.2, 0.2]"
13383,20.502488134925915,551949.2359606271,"[0.2, 0.2, 0.2, 0.2, 0.2]"
13384,936.1966669579965,935495.8750372675,"[0.2, 0.2, 0.2, 0.2, 0.2]"
13385,409.37303152525124,360744.4672516968,"[0.2, 0.2, 0.2, 0.2, 0.2]"
13386,36.85667640985447,424241.5976648046,"[0.2, 0.2, 0.2, 0.2, 0.2]"
13387,627.6163314554788,412096.0107778089,"[0.2, 0.2, 0.2, 0.2, 0.2]"
13388,36.27183122596375,404548.4654572682,"[0.2, 0.2, 0.2, 0.2, 0.2]"
13389,810.2448407640585,303271.568462373,"[0.2, 0.2, 0.2, 0.2, 0.2]"
13390,934.5607306962464,452119.1572950856,"[0.2, 0.2, 0.2, 0.2, 0.2]"
13391,58.90946488934573,370796.5400224541,"[0.2, 0.2, 0.2, 0.2, 0.2]"
13392,590.1468671952304,472294.1125172622,"[0.2, 0.2, 0.2, 0.2, 0.2]"
13393,84.50960115726572,578091.9627218544,"[0.2, 0.2, 0.2, 0.2, 0.2]"
13394,710.704461105879,192670.19526653353,"[0.2, 0.2, 0.2, 0.2, 0.2]"
13395,820.3810914270196,674723.0352537957,"[0.2, 0.2, 0.2, 0.2, 0.2]"
13396,296.70731089589526,371016.76552482124,"[0.2, 0.2, 0.2, 0.2, 0.2]"
13397,494.0165673495296,845857.7613771359,"[0.2, 0.2, 0.2, 0.2, 0.2]"
13398,723.8501779721071,801960.4838420228,"[0.2, 0.2, 0.2, 0.2, 0.2]"
13399,959.1990144242488,269186.9989789951,"[0.2, 0.2, 0.2, 0.2, 0.2]"
13400,441.96815426168865,166194.17477338738,"[0.2, 0.2, 0.2, 0.2, 0.2]"
13401,637.4591873628626,349116.9605314073,"[0.2, 0.2, 0.2, 0.2, 0.2]"
13402,464.19140840110276,555546.1518334799,"[0.2, 0.2, 0.2, 0.2, 0.2]"
13403,386.6770204139685,471468.9274586234,"[0.2, 0.2, 0.2, 0.2, 0.2]"
13404,749.4933337256807,739264.9393916421,"[0.2, 0.2, 0.2, 0.2, 0.2]"
13405,141.47892113038307,209476.8738909365,"[0.2, 0.2, 0.2, 0.2, 0.2]"
13406,625.8078563896894,117194.53363888571,"[0.2, 0.2, 0.2, 0.2, 0.2]"
13407,220.4233042674925,351708.64555767085,"[0.2, 0.2, 0.2, 0.2, 0.2]"
13408,175.2295378436204,679190.9542284217,"[0.2, 0.2, 0.2, 0.2, 0.2]"
13409,545.5652304603376,751204.9041077748,"[0.2, 0.2, 0.2, 0.2, 0.2]"
13410,676.7673535869078,301959.25971335784,"[0.2, 0.2, 0.2, 0.2, 0.2]"
13411,22.51296130776697,491439.7084852787,"[0.2, 0.2, 0.2, 0.2, 0.2]"
13412,201.8993431506227,430044.28218141315,"[0.2, 0.2, 0.2, 0.2, 0.2]"
13413,113.79486934798555,874066.1061054026,"[0.2, 0.2, 0.2, 0.2, 0.2]"
13414,56.196226127434755,943960.31161773,"[0.2, 0.2, 0.2, 0.2, 0.2]"
13415,359.84848978376147,447017.74476656993,"[0.2, 0.2, 0.2, 0.2, 0.2]"
13416,854.1592228475408,511229.40553951106,"[0.2, 0.2, 0.2, 0.2, 0.2]"
13417,766.4337806725322,465659.34796402574,"[0.2, 0.2, 0.2, 0.2, 0.2]"
13418,770.1977213915828,232208.6958635756,"[0.2, 0.2, 0.2, 0.2, 0.2]"
13419,974.5678901029369,890436.8525539639,"[0.2, 0.2, 0.2, 0.2, 0.2]"
13420,951.4430906693235,412154.88428294816,"[0.2, 0.2, 0.2, 0.2, 0.2]"
13421,349.8566508169542,625337.9575721079,"[0.2, 0.2, 0.2, 0.2, 0.2]"
13422,286.8838923913532,848302.3295897115,"[0.2, 0.2, 0.2, 0.2, 0.2]"
13423,59.97683305081081,581310.7079636578,"[0.2, 0.2, 0.2, 0.2, 0.2]"
13424,672.1249549727441,775049.5779373248,"[0.2, 0.2, 0.2, 0.2, 0.2]"
13425,403.19314109513533,193692.5268180157,"[0.2, 0.2, 0.2, 0.2, 0.2]"
13426,995.834943695441,328315.09054010425,"[0.2, 0.2, 0.2, 0.2, 0.2]"
13427,658.7129840747318,373277.85711245396,"[0.2, 0.2, 0.2, 0.2, 0.2]"
13428,10.888353528085577,213968.40859617403,"[0.2, 0.2, 0.2, 0.2, 0.2]"
13429,661.853694033351,676718.486925718,"[0.2, 0.2, 0.2, 0.2, 0.2]"
13430,610.9492482133129,982995.2692412678,"[0.2, 0.2, 0.2, 0.2, 0.2]"
13431,713.8584832737981,229915.35648122113,"[0.2, 0.2, 0.2, 0.2, 0.2]"
13432,543.8802105178694,800881.7887883091,"[0.2, 0.2, 0.2, 0.2, 0.2]"
13433,70.72448572071899,819545.7188059137,"[0.2, 0.2, 0.2, 0.2, 0.2]"
13434,901.0903825311179,967148.5416822304,"[0.2, 0.2, 0.2, 0.2, 0.2]"
13435,586.6212738286415,614738.7977797682,"[0.2, 0.2, 0.2, 0.2, 0.2]"
13436,17.0240544977613,331289.13789260376,"[0.2, 0.2, 0.2, 0.2, 0.2]"
13437,650.0954511846862,641013.0029439521,"[0.2, 0.2, 0.2, 0.2, 0.2]"
13438,384.5009621102456,333040.24699532974,"[0.2, 0.2, 0.2, 0.2, 0.2]"
13439,722.7311311761052,307492.92651109025,"[0.2, 0.2, 0.2, 0.2, 0.2]"
13440,976.2842939871205,395038.1268608326,"[0.2, 0.2, 0.2, 0.2, 0.2]"
13441,506.89020586493234,679266.8396490703,"[0.2, 0.2, 0.2, 0.2, 0.2]"
13442,261.2745138181508,308076.56863391807,"[0.2, 0.2, 0.2, 0.2, 0.2]"
13443,422.70031252659123,148389.5715952398,"[0.2, 0.2, 0.2, 0.2, 0.2]"
13444,647.6079443473997,527843.7755480524,"[0.2, 0.2, 0.2, 0.2, 0.2]"
13445,871.5943441743256,304221.43237536715,"[0.2, 0.2, 0.2, 0.2, 0.2]"
13446,982.3627555739141,251696.38919769856,"[0.2, 0.2, 0.2, 0.2, 0.2]"
13447,810.8012807954971,114788.1275892794,"[0.2, 0.2, 0.2, 0.2, 0.2]"
13448,495.81553291239345,524107.5080930028,"[0.2, 0.2, 0.2, 0.2, 0.2]"
13449,627.6180780027966,115289.0545753171,"[0.2, 0.2, 0.2, 0.2, 0.2]"
13450,792.2637310100907,951561.7666308571,"[0.2, 0.2, 0.2, 0.2, 0.2]"
13451,607.3892404713142,721216.6167454366,"[0.2, 0.2, 0.2, 0.2, 0.2]"
13452,571.4155469841422,152723.34349256306,"[0.2, 0.2, 0.2, 0.2, 0.2]"
13453,784.9661085263101,951961.9047444236,"[0.2, 0.2, 0.2, 0.2, 0.2]"
13454,695.9829154801726,298128.1535568244,"[0.2, 0.2, 0.2, 0.2, 0.2]"
13455,304.2562610247878,868132.0717771866,"[0.2, 0.2, 0.2, 0.2, 0.2]"
13456,377.30095313642516,170421.19640249747,"[0.2, 0.2, 0.2, 0.2, 0.2]"
13457,588.8628121999175,415362.4616968643,"[0.2, 0.2, 0.2, 0.2, 0.2]"
13458,63.55140753045689,119716.98751838953,"[0.2, 0.2, 0.2, 0.2, 0.2]"
13459,824.2762573724925,981557.9319530921,"[0.2, 0.2, 0.2, 0.2, 0.2]"
13460,760.0457931766285,176140.68974985852,"[0.2, 0.2, 0.2, 0.2, 0.2]"
13461,283.4823200799076,822539.4978183423,"[0.2, 0.2, 0.2, 0.2, 0.2]"
13462,97.73178292817929,461711.07103686995,"[0.2, 0.2, 0.2, 0.2, 0.2]"
13463,818.3666954186849,325155.62785636575,"[0.2, 0.2, 0.2, 0.2, 0.2]"
13464,448.31654514938583,516596.2746372829,"[0.2, 0.2, 0.2, 0.2, 0.2]"
13465,916.9535304885148,662279.7768017346,"[0.2, 0.2, 0.2, 0.2, 0.2]"
13466,907.234261684224,857960.0853978076,"[0.2, 0.2, 0.2, 0.2, 0.2]"
13467,109.59913517610931,253603.6272120383,"[0.2, 0.2, 0.2, 0.2, 0.2]"
13468,98.65751287040158,251720.6987462468,"[0.2, 0.2, 0.2, 0.2, 0.2]"
13469,729.1757014147968,592730.2977979761,"[0.2, 0.2, 0.2, 0.2, 0.2]"
13470,742.5962843425922,319556.8702599716,"[0.2, 0.2, 0.2, 0.2, 0.2]"
13471,141.7556904883414,799590.704829731,"[0.2, 0.2, 0.2, 0.2, 0.2]"
13472,39.38794590798974,521800.38590751437,"[0.2, 0.2, 0.2, 0.2, 0.2]"
13473,820.2090306357583,195875.71668890232,"[0.2, 0.2, 0.2, 0.2, 0.2]"
13474,146.6466252302006,527351.8330448659,"[0.2, 0.2, 0.2, 0.2, 0.2]"
13475,835.5366647073015,654605.3797225028,"[0.2, 0.2, 0.2, 0.2, 0.2]"
13476,859.6956943265733,194052.6631004473,"[0.2, 0.2, 0.2, 0.2, 0.2]"
13477,595.4093002294901,168931.79796682016,"[0.2, 0.2, 0.2, 0.2, 0.2]"
13478,584.9137813912023,443297.49331403885,"[0.2, 0.2, 0.2, 0.2, 0.2]"
13479,592.0683137342915,520618.4555034836,"[0.2, 0.2, 0.2, 0.2, 0.2]"
13480,687.7763079055001,963043.968568085,"[0.2, 0.2, 0.2, 0.2, 0.2]"
13481,305.4629396045016,641326.971720493,"[0.2, 0.2, 0.2, 0.2, 0.2]"
13482,109.22480638935592,818242.578808945,"[0.2, 0.2, 0.2, 0.2, 0.2]"
13483,472.1133955275245,189616.4598346445,"[0.2, 0.2, 0.2, 0.2, 0.2]"
13484,561.8858071773938,731657.5271758356,"[0.2, 0.2, 0.2, 0.2, 0.2]"
13485,165.0933374741911,714947.3632515921,"[0.2, 0.2, 0.2, 0.2, 0.2]"
13486,160.02294416969076,819634.6694125518,"[0.2, 0.2, 0.2, 0.2, 0.2]"
13487,727.6147184371798,539305.6325833728,"[0.2, 0.2, 0.2, 0.2, 0.2]"
13488,962.4209975018739,666974.1935013678,"[0.2, 0.2, 0.2, 0.2, 0.2]"
13489,610.9994121644016,767604.9682309265,"[0.2, 0.2, 0.2, 0.2, 0.2]"
13490,692.8516426690654,868874.2879819305,"[0.2, 0.2, 0.2, 0.2, 0.2]"
13491,947.7637123673996,823483.0689704317,"[0.2, 0.2, 0.2, 0.2, 0.2]"
13492,290.48997379108687,389930.148942441,"[0.2, 0.2, 0.2, 0.2, 0.2]"
13493,847.7522451117896,948696.6326275141,"[0.2, 0.2, 0.2, 0.2, 0.2]"
13494,285.6401213475293,291989.65418783284,"[0.2, 0.2, 0.2, 0.2, 0.2]"
13495,926.7271769968474,143541.82317160946,"[0.2, 0.2, 0.2, 0.2, 0.2]"
13496,732.2772024562773,498620.0467351302,"[0.2, 0.2, 0.2, 0.2, 0.2]"
13497,220.40746121822312,518277.46646727325,"[0.2, 0.2, 0.2, 0.2, 0.2]"
13498,694.623012051995,175242.00589583255,"[0.2, 0.2, 0.2, 0.2, 0.2]"
13499,131.24358403118742,408090.2666744443,"[0.2, 0.2, 0.2, 0.2, 0.2]"
13500,278.61761620030484,737685.163420042,"[0.2, 0.2, 0.2, 0.2, 0.2]"
13501,683.6007917382942,594473.1038553722,"[0.2, 0.2, 0.2, 0.2, 0.2]"
13502,379.9587465405817,293036.67744018044,"[0.2, 0.2, 0.2, 0.2, 0.2]"
13503,555.7738953970801,508683.20137600286,"[0.2, 0.2, 0.2, 0.2, 0.2]"
13504,390.6573333579336,144360.98882776842,"[0.2, 0.2, 0.2, 0.2, 0.2]"
13505,436.85303380222246,631388.1127479912,"[0.2, 0.2, 0.2, 0.2, 0.2]"
13506,279.2215926456827,869153.2679194346,"[0.2, 0.2, 0.2, 0.2, 0.2]"
13507,103.82353161577481,618357.4935966143,"[0.2, 0.2, 0.2, 0.2, 0.2]"
13508,217.5513320608593,651192.114537826,"[0.2, 0.2, 0.2, 0.2, 0.2]"
13509,959.9685121486941,895246.211634769,"[0.2, 0.2, 0.2, 0.2, 0.2]"
13510,742.9548267150095,114702.22465571703,"[0.2, 0.2, 0.2, 0.2, 0.2]"
13511,894.1144670562319,122642.01639225121,"[0.2, 0.2, 0.2, 0.2, 0.2]"
13512,714.7867968846441,950168.4217877928,"[0.2, 0.2, 0.2, 0.2, 0.2]"
13513,182.74371326918393,865018.2243119337,"[0.2, 0.2, 0.2, 0.2, 0.2]"
13514,214.62971268999814,946394.4435803947,"[0.2, 0.2, 0.2, 0.2, 0.2]"
13515,576.3116721883124,759424.4278068796,"[0.2, 0.2, 0.2, 0.2, 0.2]"
13516,886.0525762857678,810682.4768134735,"[0.2, 0.2, 0.2, 0.2, 0.2]"
13517,426.2926415298334,353852.49531443225,"[0.2, 0.2, 0.2, 0.2, 0.2]"
13518,632.6472131536278,353185.785735904,"[0.2, 0.2, 0.2, 0.2, 0.2]"
13519,174.27509567608104,265148.5608934181,"[0.2, 0.2, 0.2, 0.2, 0.2]"
13520,265.3274281352781,750573.1637111014,"[0.2, 0.2, 0.2, 0.2, 0.2]"
13521,465.2946194589236,572319.8288516952,"[0.2, 0.2, 0.2, 0.2, 0.2]"
13522,452.60597700946363,288382.28422085627,"[0.2, 0.2, 0.2, 0.2, 0.2]"
13523,779.8987448646584,785628.7566638511,"[0.2, 0.2, 0.2, 0.2, 0.2]"
13524,711.4863760183807,382861.74144500995,"[0.2, 0.2, 0.2, 0.2, 0.2]"
13525,861.6819293453659,239233.65235101437,"[0.2, 0.2, 0.2, 0.2, 0.2]"
13526,485.8050084107926,902013.9640113012,"[0.2, 0.2, 0.2, 0.2, 0.2]"
13527,793.9300955683651,642343.0519958237,"[0.2, 0.2, 0.2, 0.2, 0.2]"
13528,155.61268861191823,422517.24513503554,"[0.2, 0.2, 0.2, 0.2, 0.2]"
13529,361.4658614848307,169917.89314460987,"[0.2, 0.2, 0.2, 0.2, 0.2]"
13530,343.9282455808824,838352.1116355056,"[0.2, 0.2, 0.2, 0.2, 0.2]"
13531,460.3593721096253,704383.9593408472,"[0.2, 0.2, 0.2, 0.2, 0.2]"
13532,779.2901481611091,565659.5195902007,"[0.2, 0.2, 0.2, 0.2, 0.2]"
13533,918.6007868641449,513306.7756994381,"[0.2, 0.2, 0.2, 0.2, 0.2]"
13534,121.07683556130944,113128.09378759176,"[0.2, 0.2, 0.2, 0.2, 0.2]"
13535,165.03360494024724,713754.9503492486,"[0.2, 0.2, 0.2, 0.2, 0.2]"
13536,440.4100096570711,687580.4700063807,"[0.2, 0.2, 0.2, 0.2, 0.2]"
13537,587.1309524068522,699064.203475587,"[0.2, 0.2, 0.2, 0.2, 0.2]"
13538,725.4063615446947,830866.1442160363,"[0.2, 0.2, 0.2, 0.2, 0.2]"
13539,821.5164478444215,401825.2806186291,"[0.2, 0.2, 0.2, 0.2, 0.2]"
13540,398.44993464934214,916832.3658549516,"[0.2, 0.2, 0.2, 0.2, 0.2]"
13541,400.5804900935434,436626.509625996,"[0.2, 0.2, 0.2, 0.2, 0.2]"
13542,233.07021155025544,222945.49895106905,"[0.2, 0.2, 0.2, 0.2, 0.2]"
13543,836.9452805105587,131338.75168153847,"[0.2, 0.2, 0.2, 0.2, 0.2]"
13544,662.8494829571824,529574.0571769273,"[0.2, 0.2, 0.2, 0.2, 0.2]"
13545,774.764869955449,878109.4974187011,"[0.2, 0.2, 0.2, 0.2, 0.2]"
13546,377.9982628084177,959453.279858565,"[0.2, 0.2, 0.2, 0.2, 0.2]"
13547,447.30193093095266,558139.605923559,"[0.2, 0.2, 0.2, 0.2, 0.2]"
13548,976.2384571424948,747363.0266297112,"[0.2, 0.2, 0.2, 0.2, 0.2]"
13549,847.945875013531,423589.2858655875,"[0.2, 0.2, 0.2, 0.2, 0.2]"
13550,499.5158049932009,571757.2245953399,"[0.2, 0.2, 0.2, 0.2, 0.2]"
13551,447.0099103144681,821289.969031044,"[0.2, 0.2, 0.2, 0.2, 0.2]"
13552,291.08312567414094,767752.4782754008,"[0.2, 0.2, 0.2, 0.2, 0.2]"
13553,643.1814208889409,867443.0553842792,"[0.2, 0.2, 0.2, 0.2, 0.2]"
13554,698.7641146512659,382203.7620879831,"[0.2, 0.2, 0.2, 0.2, 0.2]"
13555,750.0720065253988,358403.5433493816,"[0.2, 0.2, 0.2, 0.2, 0.2]"
13556,361.7217779069283,261095.3818224234,"[0.2, 0.2, 0.2, 0.2, 0.2]"
13557,456.1507956640903,398529.86686737236,"[0.2, 0.2, 0.2, 0.2, 0.2]"
13558,940.1674504754047,383413.1035540804,"[0.2, 0.2, 0.2, 0.2, 0.2]"
13559,775.2922183439366,518637.56845577573,"[0.2, 0.2, 0.2, 0.2, 0.2]"
13560,702.8914513039153,917383.3654732151,"[0.2, 0.2, 0.2, 0.2, 0.2]"
13561,479.5275623510331,810482.0306792569,"[0.2, 0.2, 0.2, 0.2, 0.2]"
13562,999.9947637139696,130293.49314587156,"[0.2, 0.2, 0.2, 0.2, 0.2]"
13563,979.4801177818167,893816.8176781418,"[0.2, 0.2, 0.2, 0.2, 0.2]"
13564,600.8287149841811,849555.044576438,"[0.2, 0.2, 0.2, 0.2, 0.2]"
13565,612.9461159975673,699538.618172461,"[0.2, 0.2, 0.2, 0.2, 0.2]"
13566,460.43116649146486,224340.94065038522,"[0.2, 0.2, 0.2, 0.2, 0.2]"
13567,600.7001996330206,922567.5554463752,"[0.2, 0.2, 0.2, 0.2, 0.2]"
13568,441.2298584087106,348551.83025313064,"[0.2, 0.2, 0.2, 0.2, 0.2]"
13569,812.3001286618405,565142.5776943036,"[0.2, 0.2, 0.2, 0.2, 0.2]"
13570,188.9176509074397,875611.9055299402,"[0.2, 0.2, 0.2, 0.2, 0.2]"
13571,90.7288699494107,820980.8378139497,"[0.2, 0.2, 0.2, 0.2, 0.2]"
13572,441.6966225863298,638637.9004955239,"[0.2, 0.2, 0.2, 0.2, 0.2]"
13573,475.91504645212143,518580.47751174826,"[0.2, 0.2, 0.2, 0.2, 0.2]"
13574,261.15689519288014,758442.9847607063,"[0.2, 0.2, 0.2, 0.2, 0.2]"
13575,499.69806422889377,779673.8840580117,"[0.2, 0.2, 0.2, 0.2, 0.2]"
13576,162.13745377276922,912634.1405788708,"[0.2, 0.2, 0.2, 0.2, 0.2]"
13577,180.21942474006383,507824.2295696066,"[0.2, 0.2, 0.2, 0.2, 0.2]"
13578,945.2029043602781,173502.5384877876,"[0.2, 0.2, 0.2, 0.2, 0.2]"
13579,529.1947725010837,262808.36041485553,"[0.2, 0.2, 0.2, 0.2, 0.2]"
13580,380.8014018276043,694300.8892421135,"[0.2, 0.2, 0.2, 0.2, 0.2]"
13581,786.5848054112296,108260.89851187865,"[0.2, 0.2, 0.2, 0.2, 0.2]"
13582,16.70628072395352,867547.3215421091,"[0.2, 0.2, 0.2, 0.2, 0.2]"
13583,510.9312882761268,706040.572865769,"[0.2, 0.2, 0.2, 0.2, 0.2]"
13584,542.3200311227235,229948.64680803134,"[0.2, 0.2, 0.2, 0.2, 0.2]"
13585,667.8260624911957,961386.4497935328,"[0.2, 0.2, 0.2, 0.2, 0.2]"
13586,836.3954252589882,297596.3426851153,"[0.2, 0.2, 0.2, 0.2, 0.2]"
13587,755.8250426343903,883262.6418751747,"[0.2, 0.2, 0.2, 0.2, 0.2]"
13588,503.9846569902529,531066.1650016488,"[0.2, 0.2, 0.2, 0.2, 0.2]"
13589,79.58125404319973,144344.58270254795,"[0.2, 0.2, 0.2, 0.2, 0.2]"
13590,97.33017595989037,806163.5066540261,"[0.2, 0.2, 0.2, 0.2, 0.2]"
13591,484.07614503679264,531614.6856334525,"[0.2, 0.2, 0.2, 0.2, 0.2]"
13592,568.3522976688985,251338.10802575888,"[0.2, 0.2, 0.2, 0.2, 0.2]"
13593,185.86473586485803,761746.3218226816,"[0.2, 0.2, 0.2, 0.2, 0.2]"
13594,127.3824066784749,748070.5462901724,"[0.2, 0.2, 0.2, 0.2, 0.2]"
13595,896.8081004621738,289088.65643394215,"[0.2, 0.2, 0.2, 0.2, 0.2]"
13596,171.5546007469144,599156.9664842811,"[0.2, 0.2, 0.2, 0.2, 0.2]"
13597,609.0766816189835,603850.6140898862,"[0.2, 0.2, 0.2, 0.2, 0.2]"
13598,285.6532333995451,941730.9712270092,"[0.2, 0.2, 0.2, 0.2, 0.2]"
13599,557.5455933494226,472058.51550012646,"[0.2, 0.2, 0.2, 0.2, 0.2]"
13600,139.4313802691431,971392.5045767201,"[0.2, 0.2, 0.2, 0.2, 0.2]"
13601,638.9320134246906,462744.0634052869,"[0.2, 0.2, 0.2, 0.2, 0.2]"
13602,33.06853961830966,921331.3615277042,"[0.2, 0.2, 0.2, 0.2, 0.2]"
13603,22.765520066931572,748988.2361052763,"[0.2, 0.2, 0.2, 0.2, 0.2]"
13604,573.1882533457112,901579.1716725876,"[0.2, 0.2, 0.2, 0.2, 0.2]"
13605,285.2083817795442,431076.49296941864,"[0.2, 0.2, 0.2, 0.2, 0.2]"
13606,969.9753514211093,376630.7610730176,"[0.2, 0.2, 0.2, 0.2, 0.2]"
13607,407.8572067313492,546027.1450348885,"[0.2, 0.2, 0.2, 0.2, 0.2]"
13608,543.6863237698445,575276.149007381,"[0.2, 0.2, 0.2, 0.2, 0.2]"
13609,810.6390382018492,994207.8585526507,"[0.2, 0.2, 0.2, 0.2, 0.2]"
13610,904.0077257114297,918756.8562901753,"[0.2, 0.2, 0.2, 0.2, 0.2]"
13611,928.0043902336845,667272.8872125682,"[0.2, 0.2, 0.2, 0.2, 0.2]"
13612,816.5190154345054,317713.194732422,"[0.2, 0.2, 0.2, 0.2, 0.2]"
13613,240.48366957725813,804146.2040784606,"[0.2, 0.2, 0.2, 0.2, 0.2]"
13614,356.61710761106747,991802.7011421998,"[0.2, 0.2, 0.2, 0.2, 0.2]"
13615,16.02996743388779,297865.5446479973,"[0.2, 0.2, 0.2, 0.2, 0.2]"
13616,396.48383909416214,441168.9546303568,"[0.2, 0.2, 0.2, 0.2, 0.2]"
13617,962.5176736748037,174043.4873328808,"[0.2, 0.2, 0.2, 0.2, 0.2]"
13618,127.8710316540761,276436.5649029842,"[0.2, 0.2, 0.2, 0.2, 0.2]"
13619,466.99911616227723,183285.36295893905,"[0.2, 0.2, 0.2, 0.2, 0.2]"
13620,149.12990184019984,132326.01127117025,"[0.2, 0.2, 0.2, 0.2, 0.2]"
13621,342.03290919131837,428978.2726100955,"[0.2, 0.2, 0.2, 0.2, 0.2]"
13622,435.7613010750745,604571.4173458244,"[0.2, 0.2, 0.2, 0.2, 0.2]"
13623,62.61651444829446,841750.4644657985,"[0.2, 0.2, 0.2, 0.2, 0.2]"
13624,923.9242435031969,473203.5142628783,"[0.2, 0.2, 0.2, 0.2, 0.2]"
13625,365.7699220711288,216979.87262748304,"[0.2, 0.2, 0.2, 0.2, 0.2]"
13626,566.1440447317577,893107.1684687387,"[0.2, 0.2, 0.2, 0.2, 0.2]"
13627,356.09770554779993,503002.09523646615,"[0.2, 0.2, 0.2, 0.2, 0.2]"
13628,540.3182341892347,986595.1173547582,"[0.2, 0.2, 0.2, 0.2, 0.2]"
13629,606.0165234184102,528172.6131420882,"[0.2, 0.2, 0.2, 0.2, 0.2]"
13630,399.17291642931275,783706.7073875235,"[0.2, 0.2, 0.2, 0.2, 0.2]"
13631,333.8383129113119,636249.6323693886,"[0.2, 0.2, 0.2, 0.2, 0.2]"
13632,654.3317932551934,650962.2840051769,"[0.2, 0.2, 0.2, 0.2, 0.2]"
13633,915.31536190651,394248.02194269246,"[0.2, 0.2, 0.2, 0.2, 0.2]"
13634,692.9332476152811,978768.9020981082,"[0.2, 0.2, 0.2, 0.2, 0.2]"
13635,301.55845910183757,793033.9015967974,"[0.2, 0.2, 0.2, 0.2, 0.2]"
13636,136.4729650324869,506903.98806524,"[0.2, 0.2, 0.2, 0.2, 0.2]"
13637,124.2984081721263,529774.551904108,"[0.2, 0.2, 0.2, 0.2, 0.2]"
13638,90.3592463877022,729575.3602938037,"[0.2, 0.2, 0.2, 0.2, 0.2]"
13639,320.2141045512029,681472.2296092733,"[0.2, 0.2, 0.2, 0.2, 0.2]"
13640,930.1198303230148,793507.1780067665,"[0.2, 0.2, 0.2, 0.2, 0.2]"
13641,915.9624256412319,908909.7233830756,"[0.2, 0.2, 0.2, 0.2, 0.2]"
13642,461.9667779502317,808048.5851666582,"[0.2, 0.2, 0.2, 0.2, 0.2]"
13643,784.0258618571722,866254.9645778484,"[0.2, 0.2, 0.2, 0.2, 0.2]"
13644,92.58121496579463,437680.461572407,"[0.2, 0.2, 0.2, 0.2, 0.2]"
13645,67.44239444778863,649582.7571813129,"[0.2, 0.2, 0.2, 0.2, 0.2]"
13646,138.54112247644446,306373.084596562,"[0.2, 0.2, 0.2, 0.2, 0.2]"
13647,125.77948589470887,340494.9084495377,"[0.2, 0.2, 0.2, 0.2, 0.2]"
13648,797.3031669877633,711103.2400867562,"[0.2, 0.2, 0.2, 0.2, 0.2]"
13649,266.2846001766292,838217.8693588799,"[0.2, 0.2, 0.2, 0.2, 0.2]"
13650,117.6411848443201,420912.0286799909,"[0.2, 0.2, 0.2, 0.2, 0.2]"
13651,169.07034380358954,503081.32892080897,"[0.2, 0.2, 0.2, 0.2, 0.2]"
13652,989.153435326055,559052.7711094666,"[0.2, 0.2, 0.2, 0.2, 0.2]"
13653,628.1982598738379,690427.7108594886,"[0.2, 0.2, 0.2, 0.2, 0.2]"
13654,264.46375094717484,952351.4002344771,"[0.2, 0.2, 0.2, 0.2, 0.2]"
13655,228.17044465867238,678750.858504052,"[0.2, 0.2, 0.2, 0.2, 0.2]"
13656,482.39851415752037,736770.8598723279,"[0.2, 0.2, 0.2, 0.2, 0.2]"
13657,354.5072250423763,393008.5145854738,"[0.2, 0.2, 0.2, 0.2, 0.2]"
13658,169.42718715563313,898421.6059501255,"[0.2, 0.2, 0.2, 0.2, 0.2]"
13659,397.26215793192165,506308.04038329737,"[0.2, 0.2, 0.2, 0.2, 0.2]"
13660,824.5116064644764,286582.0759511201,"[0.2, 0.2, 0.2, 0.2, 0.2]"
13661,930.3024499373118,522224.8038930319,"[0.2, 0.2, 0.2, 0.2, 0.2]"
13662,444.42988909691564,255972.59258694344,"[0.2, 0.2, 0.2, 0.2, 0.2]"
13663,891.6157467405532,702871.2840368465,"[0.2, 0.2, 0.2, 0.2, 0.2]"
13664,23.170469857999848,890026.6381341649,"[0.2, 0.2, 0.2, 0.2, 0.2]"
13665,609.169672606877,777778.6313804908,"[0.2, 0.2, 0.2, 0.2, 0.2]"
13666,145.17439296416464,837900.7197677988,"[0.2, 0.2, 0.2, 0.2, 0.2]"
13667,481.19941849036985,363187.13527390896,"[0.2, 0.2, 0.2, 0.2, 0.2]"
13668,663.7694191211532,294955.6988833862,"[0.2, 0.2, 0.2, 0.2, 0.2]"
13669,745.5882660124901,542525.9971892987,"[0.2, 0.2, 0.2, 0.2, 0.2]"
13670,421.5067564700634,150593.458597971,"[0.2, 0.2, 0.2, 0.2, 0.2]"
13671,131.2156236858121,389235.3671847316,"[0.2, 0.2, 0.2, 0.2, 0.2]"
13672,310.8102960100247,656181.1704759237,"[0.2, 0.2, 0.2, 0.2, 0.2]"
13673,840.7040201594557,109942.5307247933,"[0.2, 0.2, 0.2, 0.2, 0.2]"
13674,254.57574866248947,624357.3229524844,"[0.2, 0.2, 0.2, 0.2, 0.2]"
13675,51.16143635254644,949903.1934648234,"[0.2, 0.2, 0.2, 0.2, 0.2]"
13676,998.299763664457,401070.21196832386,"[0.2, 0.2, 0.2, 0.2, 0.2]"
13677,346.67139039220734,784087.2166272867,"[0.2, 0.2, 0.2, 0.2, 0.2]"
13678,677.9002015024225,607468.9470561257,"[0.2, 0.2, 0.2, 0.2, 0.2]"
13679,368.34759557807655,835353.6916496276,"[0.2, 0.2, 0.2, 0.2, 0.2]"
13680,523.4502433323171,825764.0647415598,"[0.2, 0.2, 0.2, 0.2, 0.2]"
13681,126.34159939451897,139446.01794618706,"[0.2, 0.2, 0.2, 0.2, 0.2]"
13682,993.1423483906941,641603.5463752978,"[0.2, 0.2, 0.2, 0.2, 0.2]"
13683,435.07968100777134,758427.8752946702,"[0.2, 0.2, 0.2, 0.2, 0.2]"
13684,962.5755373341987,593322.9080547439,"[0.2, 0.2, 0.2, 0.2, 0.2]"
13685,654.2371732087934,991562.693281117,"[0.2, 0.2, 0.2, 0.2, 0.2]"
13686,17.010164528297878,389716.0449518479,"[0.2, 0.2, 0.2, 0.2, 0.2]"
13687,825.9914707652806,997352.008727998,"[0.2, 0.2, 0.2, 0.2, 0.2]"
13688,165.98073919654178,147492.53192020644,"[0.2, 0.2, 0.2, 0.2, 0.2]"
13689,530.7413176353872,825322.4932434631,"[0.2, 0.2, 0.2, 0.2, 0.2]"
13690,241.96235700597012,135713.4238273388,"[0.2, 0.2, 0.2, 0.2, 0.2]"
13691,162.95340536024554,437989.8612249195,"[0.2, 0.2, 0.2, 0.2, 0.2]"
13692,630.980217416979,130989.07934591432,"[0.2, 0.2, 0.2, 0.2, 0.2]"
13693,841.6093851276652,318769.2642129519,"[0.2, 0.2, 0.2, 0.2, 0.2]"
13694,813.1938487971188,696982.3298380529,"[0.2, 0.2, 0.2, 0.2, 0.2]"
13695,959.5257642342001,640272.8515707945,"[0.2, 0.2, 0.2, 0.2, 0.2]"
13696,728.1218292401453,944305.4856060427,"[0.2, 0.2, 0.2, 0.2, 0.2]"
13697,346.4768361233864,324887.0104843988,"[0.2, 0.2, 0.2, 0.2, 0.2]"
13698,352.61900959169736,868393.9288219564,"[0.2, 0.2, 0.2, 0.2, 0.2]"
13699,289.06633990846916,833755.420158252,"[0.2, 0.2, 0.2, 0.2, 0.2]"
13700,809.3574072139277,922983.4655820151,"[0.2, 0.2, 0.2, 0.2, 0.2]"
13701,433.9286619340273,335212.8386257388,"[0.2, 0.2, 0.2, 0.2, 0.2]"
13702,576.5481025520463,414678.6479926204,"[0.2, 0.2, 0.2, 0.2, 0.2]"
13703,880.7053583641969,305576.50016062893,"[0.2, 0.2, 0.2, 0.2, 0.2]"
13704,718.417645609341,816631.3687125281,"[0.2, 0.2, 0.2, 0.2, 0.2]"
13705,103.16153453003626,268648.3584879809,"[0.2, 0.2, 0.2, 0.2, 0.2]"
13706,797.0148517419611,241724.09052600779,"[0.2, 0.2, 0.2, 0.2, 0.2]"
13707,634.9897030652942,441939.25374372094,"[0.2, 0.2, 0.2, 0.2, 0.2]"
13708,682.9912044885392,340815.33452146035,"[0.2, 0.2, 0.2, 0.2, 0.2]"
13709,563.9211056101459,202539.11296384718,"[0.2, 0.2, 0.2, 0.2, 0.2]"
13710,71.36701340847283,262512.6770349889,"[0.2, 0.2, 0.2, 0.2, 0.2]"
13711,677.0406433221249,388931.89825288963,"[0.2, 0.2, 0.2, 0.2, 0.2]"
13712,875.6669467260965,512470.5740457285,"[0.2, 0.2, 0.2, 0.2, 0.2]"
13713,259.38895149001553,535842.8174912937,"[0.2, 0.2, 0.2, 0.2, 0.2]"
13714,339.83371830986437,592292.394794669,"[0.2, 0.2, 0.2, 0.2, 0.2]"
13715,438.18865772591136,594615.356183016,"[0.2, 0.2, 0.2, 0.2, 0.2]"
13716,478.2848400258976,164257.59112678212,"[0.2, 0.2, 0.2, 0.2, 0.2]"
13717,761.7814085511612,503603.94105226174,"[0.2, 0.2, 0.2, 0.2, 0.2]"
13718,858.6311246705322,324134.2525005024,"[0.2, 0.2, 0.2, 0.2, 0.2]"
13719,432.8455425212371,970253.5069842531,"[0.2, 0.2, 0.2, 0.2, 0.2]"
13720,972.9475502839562,145720.50835117322,"[0.2, 0.2, 0.2, 0.2, 0.2]"
13721,927.8680012092601,412605.9063113357,"[0.2, 0.2, 0.2, 0.2, 0.2]"
13722,617.3282008327404,389188.4510002255,"[0.2, 0.2, 0.2, 0.2, 0.2]"
13723,679.3563814660149,543390.934148608,"[0.2, 0.2, 0.2, 0.2, 0.2]"
13724,163.5474169428406,292432.92602437775,"[0.2, 0.2, 0.2, 0.2, 0.2]"
13725,863.3655759291149,724919.4023825437,"[0.2, 0.2, 0.2, 0.2, 0.2]"
13726,232.11971461797202,701680.0660226147,"[0.2, 0.2, 0.2, 0.2, 0.2]"
13727,991.5952482690791,579480.1410434137,"[0.2, 0.2, 0.2, 0.2, 0.2]"
13728,493.02253960277886,996504.2551416914,"[0.2, 0.2, 0.2, 0.2, 0.2]"
13729,280.07465584041927,110646.46887355318,"[0.2, 0.2, 0.2, 0.2, 0.2]"
13730,668.4910966957274,573054.9654731306,"[0.2, 0.2, 0.2, 0.2, 0.2]"
13731,148.78486072517782,281909.0809576174,"[0.2, 0.2, 0.2, 0.2, 0.2]"
13732,289.2907958878289,867842.4885892775,"[0.2, 0.2, 0.2, 0.2, 0.2]"
13733,523.9242193507451,855136.4607970956,"[0.2, 0.2, 0.2, 0.2, 0.2]"
13734,718.9740834979623,663985.773694625,"[0.2, 0.2, 0.2, 0.2, 0.2]"
13735,386.2890172965255,449385.902926775,"[0.2, 0.2, 0.2, 0.2, 0.2]"
13736,445.93424901858856,394263.44383801136,"[0.2, 0.2, 0.2, 0.2, 0.2]"
13737,183.04122288695336,465557.6922996057,"[0.2, 0.2, 0.2, 0.2, 0.2]"
13738,314.09450870138363,549954.3978173917,"[0.2, 0.2, 0.2, 0.2, 0.2]"
13739,172.90849828265806,198056.12410680493,"[0.2, 0.2, 0.2, 0.2, 0.2]"
13740,556.453386023982,186805.32631899486,"[0.2, 0.2, 0.2, 0.2, 0.2]"
13741,275.93791468120844,423151.7120204926,"[0.2, 0.2, 0.2, 0.2, 0.2]"
13742,74.38389406742117,273931.2160864756,"[0.2, 0.2, 0.2, 0.2, 0.2]"
13743,223.29634539133613,711103.8612633349,"[0.2, 0.2, 0.2, 0.2, 0.2]"
13744,865.3516106701654,847898.447910511,"[0.2, 0.2, 0.2, 0.2, 0.2]"
13745,764.9080401963838,217621.83400452122,"[0.2, 0.2, 0.2, 0.2, 0.2]"
13746,758.5562096334269,814939.8736335001,"[0.2, 0.2, 0.2, 0.2, 0.2]"
13747,707.8333891889591,859043.5990213057,"[0.2, 0.2, 0.2, 0.2, 0.2]"
13748,847.0263174080334,345288.39784014545,"[0.2, 0.2, 0.2, 0.2, 0.2]"
13749,630.4054159998118,913454.0931192817,"[0.2, 0.2, 0.2, 0.2, 0.2]"
13750,446.5657699436759,557508.4558156283,"[0.2, 0.2, 0.2, 0.2, 0.2]"
13751,731.7624063419684,364846.6846652677,"[0.2, 0.2, 0.2, 0.2, 0.2]"
13752,251.60669287453499,330698.4820668966,"[0.2, 0.2, 0.2, 0.2, 0.2]"
13753,832.7277726533322,431823.4790097646,"[0.2, 0.2, 0.2, 0.2, 0.2]"
13754,259.17982516747986,868647.3039999831,"[0.2, 0.2, 0.2, 0.2, 0.2]"
13755,393.9494325608076,951117.3460431315,"[0.2, 0.2, 0.2, 0.2, 0.2]"
13756,408.98654205328455,922209.6471843594,"[0.2, 0.2, 0.2, 0.2, 0.2]"
13757,553.2556631890918,372552.41599258274,"[0.2, 0.2, 0.2, 0.2, 0.2]"
13758,306.8053743135139,816449.667950556,"[0.2, 0.2, 0.2, 0.2, 0.2]"
13759,778.4224401485908,755836.3896594387,"[0.2, 0.2, 0.2, 0.2, 0.2]"
13760,701.8524854862745,599216.6166083569,"[0.2, 0.2, 0.2, 0.2, 0.2]"
13761,318.16910221276095,249339.66473201997,"[0.2, 0.2, 0.2, 0.2, 0.2]"
13762,733.7988785262042,414139.14924095373,"[0.2, 0.2, 0.2, 0.2, 0.2]"
13763,288.83881192651864,544205.4710009154,"[0.2, 0.2, 0.2, 0.2, 0.2]"
13764,776.8534064223622,808147.3861174197,"[0.2, 0.2, 0.2, 0.2, 0.2]"
13765,513.1150750309828,442008.33015631075,"[0.2, 0.2, 0.2, 0.2, 0.2]"
13766,581.7213679538355,456787.40054020187,"[0.2, 0.2, 0.2, 0.2, 0.2]"
13767,754.6482665746979,502572.7244593931,"[0.2, 0.2, 0.2, 0.2, 0.2]"
13768,999.7078279102814,162168.3119899396,"[0.2, 0.2, 0.2, 0.2, 0.2]"
13769,649.7340951951159,469403.91736775934,"[0.2, 0.2, 0.2, 0.2, 0.2]"
13770,62.77602376235624,501192.0554790241,"[0.2, 0.2, 0.2, 0.2, 0.2]"
13771,163.20559658362467,834797.9752321307,"[0.2, 0.2, 0.2, 0.2, 0.2]"
13772,802.4337978623053,405795.1073682262,"[0.2, 0.2, 0.2, 0.2, 0.2]"
13773,200.36405787630622,588638.7014777844,"[0.2, 0.2, 0.2, 0.2, 0.2]"
13774,663.7913174951284,844062.0772106758,"[0.2, 0.2, 0.2, 0.2, 0.2]"
13775,567.9385100716826,144678.300111466,"[0.2, 0.2, 0.2, 0.2, 0.2]"
13776,393.42574175259483,668882.6447059966,"[0.2, 0.2, 0.2, 0.2, 0.2]"
13777,914.526423429743,512096.0443243178,"[0.2, 0.2, 0.2, 0.2, 0.2]"
13778,549.788274457086,569369.7643654379,"[0.2, 0.2, 0.2, 0.2, 0.2]"
13779,554.7651903199543,612614.7015678186,"[0.2, 0.2, 0.2, 0.2, 0.2]"
13780,843.7430638741258,587716.2117507625,"[0.2, 0.2, 0.2, 0.2, 0.2]"
13781,961.9543294713013,305444.09682543576,"[0.2, 0.2, 0.2, 0.2, 0.2]"
13782,809.6492242911371,701565.0919878457,"[0.2, 0.2, 0.2, 0.2, 0.2]"
13783,32.34830140940987,529562.6434164392,"[0.2, 0.2, 0.2, 0.2, 0.2]"
13784,198.31058728241098,798624.9524042505,"[0.2, 0.2, 0.2, 0.2, 0.2]"
13785,10.627114797041944,151859.89649658927,"[0.2, 0.2, 0.2, 0.2, 0.2]"
13786,386.8517650374709,278589.6923467264,"[0.2, 0.2, 0.2, 0.2, 0.2]"
13787,85.5437603355859,247909.72088375044,"[0.2, 0.2, 0.2, 0.2, 0.2]"
13788,472.7395606266021,232049.8694321835,"[0.2, 0.2, 0.2, 0.2, 0.2]"
13789,761.3895636422226,618756.2539404812,"[0.2, 0.2, 0.2, 0.2, 0.2]"
13790,831.4837623241855,700119.9893708974,"[0.2, 0.2, 0.2, 0.2, 0.2]"
13791,679.6816448068226,526759.6056513886,"[0.2, 0.2, 0.2, 0.2, 0.2]"
13792,464.0517063865463,831621.9641605442,"[0.2, 0.2, 0.2, 0.2, 0.2]"
13793,643.0421291886396,266529.1425832098,"[0.2, 0.2, 0.2, 0.2, 0.2]"
13794,268.65535606481154,677519.2510324086,"[0.2, 0.2, 0.2, 0.2, 0.2]"
13795,569.2015956770733,735183.2425490821,"[0.2, 0.2, 0.2, 0.2, 0.2]"
13796,992.0749582293062,839447.2397852553,"[0.2, 0.2, 0.2, 0.2, 0.2]"
13797,160.78100095126314,313154.10245808744,"[0.2, 0.2, 0.2, 0.2, 0.2]"
13798,842.6105244430552,183578.24270594772,"[0.2, 0.2, 0.2, 0.2, 0.2]"
13799,239.37193318593089,683642.8138561883,"[0.2, 0.2, 0.2, 0.2, 0.2]"
13800,987.7880670930576,643623.8789377756,"[0.2, 0.2, 0.2, 0.2, 0.2]"
13801,211.738550193604,502130.97865003784,"[0.2, 0.2, 0.2, 0.2, 0.2]"
13802,859.784328969559,381934.08536985546,"[0.2, 0.2, 0.2, 0.2, 0.2]"
13803,962.8801247587397,524934.2934482186,"[0.2, 0.2, 0.2, 0.2, 0.2]"
13804,871.6022165202247,220348.71332676912,"[0.2, 0.2, 0.2, 0.2, 0.2]"
13805,620.4796340765905,866663.7025086917,"[0.2, 0.2, 0.2, 0.2, 0.2]"
13806,298.5718714131699,221714.00405565102,"[0.2, 0.2, 0.2, 0.2, 0.2]"
13807,392.3352084643435,978502.1593613165,"[0.2, 0.2, 0.2, 0.2, 0.2]"
13808,512.4943597017947,572986.2571255404,"[0.2, 0.2, 0.2, 0.2, 0.2]"
13809,105.8600735630285,344321.68026118976,"[0.2, 0.2, 0.2, 0.2, 0.2]"
13810,808.0008170554174,719500.8172898645,"[0.2, 0.2, 0.2, 0.2, 0.2]"
13811,489.009481979355,305562.868917444,"[0.2, 0.2, 0.2, 0.2, 0.2]"
13812,300.28096396602547,113153.85232483225,"[0.2, 0.2, 0.2, 0.2, 0.2]"
13813,24.948393355903196,638695.7392620157,"[0.2, 0.2, 0.2, 0.2, 0.2]"
13814,410.5845211012792,470527.149402136,"[0.2, 0.2, 0.2, 0.2, 0.2]"
13815,379.6339040476388,961557.69971528,"[0.2, 0.2, 0.2, 0.2, 0.2]"
13816,770.8212508687843,521963.42627317086,"[0.2, 0.2, 0.2, 0.2, 0.2]"
13817,646.289345546447,190291.10033838917,"[0.2, 0.2, 0.2, 0.2, 0.2]"
13818,147.8746113257662,127464.37855629157,"[0.2, 0.2, 0.2, 0.2, 0.2]"
13819,868.6818836804504,293758.12916976603,"[0.2, 0.2, 0.2, 0.2, 0.2]"
13820,843.2197205188452,327737.8519163457,"[0.2, 0.2, 0.2, 0.2, 0.2]"
13821,301.8897154779078,853567.5378107344,"[0.2, 0.2, 0.2, 0.2, 0.2]"
13822,456.937963398243,116549.29514507548,"[0.2, 0.2, 0.2, 0.2, 0.2]"
13823,145.40546209149232,524423.4100401828,"[0.2, 0.2, 0.2, 0.2, 0.2]"
13824,991.8633914514027,221751.7602242806,"[0.2, 0.2, 0.2, 0.2, 0.2]"
13825,86.48465398705231,480997.33525924775,"[0.2, 0.2, 0.2, 0.2, 0.2]"
13826,825.2323673009414,839363.458502801,"[0.2, 0.2, 0.2, 0.2, 0.2]"
13827,606.3955630204239,721582.0379546124,"[0.2, 0.2, 0.2, 0.2, 0.2]"
13828,379.5732201690752,519679.53468469175,"[0.2, 0.2, 0.2, 0.2, 0.2]"
13829,561.3776530226604,531676.8605173817,"[0.2, 0.2, 0.2, 0.2, 0.2]"
13830,513.8904634200699,409313.5671094807,"[0.2, 0.2, 0.2, 0.2, 0.2]"
13831,925.1738691403289,407432.38441506005,"[0.2, 0.2, 0.2, 0.2, 0.2]"
13832,722.8453748188142,227043.1765689433,"[0.2, 0.2, 0.2, 0.2, 0.2]"
13833,117.70305651818731,925036.911943229,"[0.2, 0.2, 0.2, 0.2, 0.2]"
13834,556.8281765186041,608226.0233764793,"[0.2, 0.2, 0.2, 0.2, 0.2]"
13835,911.7205528348848,709100.9597247101,"[0.2, 0.2, 0.2, 0.2, 0.2]"
13836,349.53794402429355,881593.2785617554,"[0.2, 0.2, 0.2, 0.2, 0.2]"
13837,564.7225038191398,708987.3256094904,"[0.2, 0.2, 0.2, 0.2, 0.2]"
13838,360.28530481612796,277994.7959591082,"[0.2, 0.2, 0.2, 0.2, 0.2]"
13839,975.244239965004,830837.4231308731,"[0.2, 0.2, 0.2, 0.2, 0.2]"
13840,270.3003219568721,844922.5209873248,"[0.2, 0.2, 0.2, 0.2, 0.2]"
13841,994.4539554363524,830872.2715396176,"[0.2, 0.2, 0.2, 0.2, 0.2]"
13842,19.68060345474623,812816.8574526781,"[0.2, 0.2, 0.2, 0.2, 0.2]"
13843,163.31498649616702,308643.04359527765,"[0.2, 0.2, 0.2, 0.2, 0.2]"
13844,681.3412595727267,274164.5291205917,"[0.2, 0.2, 0.2, 0.2, 0.2]"
13845,902.4246463966965,834687.1098798836,"[0.2, 0.2, 0.2, 0.2, 0.2]"
13846,27.7776213538343,928418.1778231616,"[0.2, 0.2, 0.2, 0.2, 0.2]"
13847,664.9772477818896,784362.4637832638,"[0.2, 0.2, 0.2, 0.2, 0.2]"
13848,419.8072553972731,924389.8458488028,"[0.2, 0.2, 0.2, 0.2, 0.2]"
13849,266.45635263831946,242082.1241250657,"[0.2, 0.2, 0.2, 0.2, 0.2]"
13850,905.552751621574,476521.68862303055,"[0.2, 0.2, 0.2, 0.2, 0.2]"
13851,50.858142008181986,107790.7137102334,"[0.2, 0.2, 0.2, 0.2, 0.2]"
13852,609.5053720514444,693667.5575484927,"[0.2, 0.2, 0.2, 0.2, 0.2]"
13853,916.7262677138086,243307.55516696128,"[0.2, 0.2, 0.2, 0.2, 0.2]"
13854,964.0936227122581,437534.79693336255,"[0.2, 0.2, 0.2, 0.2, 0.2]"
13855,42.62072432524376,737892.7871712081,"[0.2, 0.2, 0.2, 0.2, 0.2]"
13856,275.7472263029051,215078.17447525356,"[0.2, 0.2, 0.2, 0.2, 0.2]"
13857,905.4193554604776,332259.3354836124,"[0.2, 0.2, 0.2, 0.2, 0.2]"
13858,545.2245788460929,782704.3412859545,"[0.2, 0.2, 0.2, 0.2, 0.2]"
13859,149.43532510570466,971706.2993576418,"[0.2, 0.2, 0.2, 0.2, 0.2]"
13860,970.1508258712829,836590.1869877952,"[0.2, 0.2, 0.2, 0.2, 0.2]"
13861,766.6053062784899,573562.4026313713,"[0.2, 0.2, 0.2, 0.2, 0.2]"
13862,265.68532227168544,697822.8024075108,"[0.2, 0.2, 0.2, 0.2, 0.2]"
13863,907.0662065150966,407503.73865704716,"[0.2, 0.2, 0.2, 0.2, 0.2]"
13864,613.8990108159269,127617.03802230398,"[0.2, 0.2, 0.2, 0.2, 0.2]"
13865,526.872035409514,173713.9997485927,"[0.2, 0.2, 0.2, 0.2, 0.2]"
13866,431.49100109769995,695831.4515153553,"[0.2, 0.2, 0.2, 0.2, 0.2]"
13867,269.10152489508704,851503.4931000412,"[0.2, 0.2, 0.2, 0.2, 0.2]"
13868,36.16185681705386,265084.51066298765,"[0.2, 0.2, 0.2, 0.2, 0.2]"
13869,912.8945837940108,928993.255424201,"[0.2, 0.2, 0.2, 0.2, 0.2]"
13870,704.8106244510464,849864.9635723205,"[0.2, 0.2, 0.2, 0.2, 0.2]"
13871,839.83572217423,756008.2968782583,"[0.2, 0.2, 0.2, 0.2, 0.2]"
13872,303.7908544050033,870266.7759687614,"[0.2, 0.2, 0.2, 0.2, 0.2]"
13873,373.70198538656587,251829.5460140815,"[0.2, 0.2, 0.2, 0.2, 0.2]"
13874,635.7826736547894,161345.019056226,"[0.2, 0.2, 0.2, 0.2, 0.2]"
13875,592.7251256385941,317097.8956868441,"[0.2, 0.2, 0.2, 0.2, 0.2]"
13876,950.2176402984275,889077.0294166717,"[0.2, 0.2, 0.2, 0.2, 0.2]"
13877,25.545344830765963,343330.7827158516,"[0.2, 0.2, 0.2, 0.2, 0.2]"
13878,573.3548743176763,338430.56513875874,"[0.2, 0.2, 0.2, 0.2, 0.2]"
13879,495.38700069715327,433795.91637176316,"[0.2, 0.2, 0.2, 0.2, 0.2]"
13880,909.2421870877475,654405.2650136931,"[0.2, 0.2, 0.2, 0.2, 0.2]"
13881,327.00103245188296,142915.93515966958,"[0.2, 0.2, 0.2, 0.2, 0.2]"
13882,514.2225463778051,636938.8930293118,"[0.2, 0.2, 0.2, 0.2, 0.2]"
13883,883.1263334746806,131642.58658824294,"[0.2, 0.2, 0.2, 0.2, 0.2]"
13884,77.59712024311138,176005.03181849478,"[0.2, 0.2, 0.2, 0.2, 0.2]"
13885,131.61323187577392,790502.5343156763,"[0.2, 0.2, 0.2, 0.2, 0.2]"
13886,169.75377064044324,152377.37067485173,"[0.2, 0.2, 0.2, 0.2, 0.2]"
13887,275.0503480834971,491158.7626815441,"[0.2, 0.2, 0.2, 0.2, 0.2]"
13888,287.4722737819478,774111.2906307116,"[0.2, 0.2, 0.2, 0.2, 0.2]"
13889,280.7593728829424,882070.5017415386,"[0.2, 0.2, 0.2, 0.2, 0.2]"
13890,694.9025904833134,746084.4408514256,"[0.2, 0.2, 0.2, 0.2, 0.2]"
13891,610.7410604639169,657152.9265405969,"[0.2, 0.2, 0.2, 0.2, 0.2]"
13892,617.5486342156145,981634.357312731,"[0.2, 0.2, 0.2, 0.2, 0.2]"
13893,460.80782498305865,464693.2917364967,"[0.2, 0.2, 0.2, 0.2, 0.2]"
13894,92.32651213576258,104709.78320263162,"[0.2, 0.2, 0.2, 0.2, 0.2]"
13895,293.6719249140837,170388.25078543092,"[0.2, 0.2, 0.2, 0.2, 0.2]"
13896,823.6232482033487,733447.0920549281,"[0.2, 0.2, 0.2, 0.2, 0.2]"
13897,204.04985906381384,229053.67089466585,"[0.2, 0.2, 0.2, 0.2, 0.2]"
13898,651.5735003225773,997027.0835166977,"[0.2, 0.2, 0.2, 0.2, 0.2]"
13899,179.45711406113463,285827.8320609189,"[0.2, 0.2, 0.2, 0.2, 0.2]"
13900,402.92181728131146,353269.00413517177,"[0.2, 0.2, 0.2, 0.2, 0.2]"
13901,841.4152820483663,851573.4899133985,"[0.2, 0.2, 0.2, 0.2, 0.2]"
13902,934.7506887227006,770517.5324495353,"[0.2, 0.2, 0.2, 0.2, 0.2]"
13903,256.61167490935225,212506.72720701565,"[0.2, 0.2, 0.2, 0.2, 0.2]"
13904,751.2036822878081,852859.4227812483,"[0.2, 0.2, 0.2, 0.2, 0.2]"
13905,566.0727219935226,692849.2282956918,"[0.2, 0.2, 0.2, 0.2, 0.2]"
13906,697.0205983403736,525217.8357873386,"[0.2, 0.2, 0.2, 0.2, 0.2]"
13907,800.5523919863115,738672.4005101036,"[0.2, 0.2, 0.2, 0.2, 0.2]"
13908,534.923897336302,801854.0545827985,"[0.2, 0.2, 0.2, 0.2, 0.2]"
13909,737.9981823103324,742958.9816520069,"[0.2, 0.2, 0.2, 0.2, 0.2]"
13910,368.17387441257557,326520.19698904414,"[0.2, 0.2, 0.2, 0.2, 0.2]"
13911,185.12988871154468,883933.8516358001,"[0.2, 0.2, 0.2, 0.2, 0.2]"
13912,233.3797021931347,723219.6893195931,"[0.2, 0.2, 0.2, 0.2, 0.2]"
13913,309.64398782853056,811406.8263676505,"[0.2, 0.2, 0.2, 0.2, 0.2]"
13914,409.80944101519754,745026.8469358713,"[0.2, 0.2, 0.2, 0.2, 0.2]"
13915,887.3368033421752,325781.2256913454,"[0.2, 0.2, 0.2, 0.2, 0.2]"
13916,861.979685877953,104903.06524903672,"[0.2, 0.2, 0.2, 0.2, 0.2]"
13917,509.8563828155932,483697.0824745251,"[0.2, 0.2, 0.2, 0.2, 0.2]"
13918,586.3944497345617,491570.0979270607,"[0.2, 0.2, 0.2, 0.2, 0.2]"
13919,554.4123991442361,954646.1093475454,"[0.2, 0.2, 0.2, 0.2, 0.2]"
13920,464.8192449846412,651673.7989322223,"[0.2, 0.2, 0.2, 0.2, 0.2]"
13921,554.961406027107,223688.41850557184,"[0.2, 0.2, 0.2, 0.2, 0.2]"
13922,44.41637754608575,448187.5278933664,"[0.2, 0.2, 0.2, 0.2, 0.2]"
13923,877.9575924017425,545981.669396335,"[0.2, 0.2, 0.2, 0.2, 0.2]"
13924,815.3865216699103,802209.6191048817,"[0.2, 0.2, 0.2, 0.2, 0.2]"
13925,721.7938541111886,807941.8570577805,"[0.2, 0.2, 0.2, 0.2, 0.2]"
13926,319.9112949341355,905921.2413746977,"[0.2, 0.2, 0.2, 0.2, 0.2]"
13927,496.5699605578658,850183.413488533,"[0.2, 0.2, 0.2, 0.2, 0.2]"
13928,176.27800307130707,341152.7421111763,"[0.2, 0.2, 0.2, 0.2, 0.2]"
13929,374.6319810653516,886233.4917111263,"[0.2, 0.2, 0.2, 0.2, 0.2]"
13930,590.7177812372253,329475.5840488575,"[0.2, 0.2, 0.2, 0.2, 0.2]"
13931,296.01790958075,753340.512648876,"[0.2, 0.2, 0.2, 0.2, 0.2]"
13932,381.5675504313667,670787.5408773555,"[0.2, 0.2, 0.2, 0.2, 0.2]"
13933,157.15660575814564,344051.9382955427,"[0.2, 0.2, 0.2, 0.2, 0.2]"
13934,997.5118549360759,290498.46509455726,"[0.2, 0.2, 0.2, 0.2, 0.2]"
13935,242.45656513923527,525893.3265720841,"[0.2, 0.2, 0.2, 0.2, 0.2]"
13936,518.4057354192862,133607.79289627558,"[0.2, 0.2, 0.2, 0.2, 0.2]"
13937,625.4957549852021,664873.5655356301,"[0.2, 0.2, 0.2, 0.2, 0.2]"
13938,430.25476023269744,820611.6917541646,"[0.2, 0.2, 0.2, 0.2, 0.2]"
13939,576.9136735523688,298096.66076113144,"[0.2, 0.2, 0.2, 0.2, 0.2]"
13940,75.31858154094067,247625.63059733965,"[0.2, 0.2, 0.2, 0.2, 0.2]"
13941,918.3380123778255,827117.9314278757,"[0.2, 0.2, 0.2, 0.2, 0.2]"
13942,68.54155626577986,648850.8953056475,"[0.2, 0.2, 0.2, 0.2, 0.2]"
13943,335.2068328212876,835256.8211643316,"[0.2, 0.2, 0.2, 0.2, 0.2]"
13944,991.7053020822874,975945.5801999405,"[0.2, 0.2, 0.2, 0.2, 0.2]"
13945,237.1711928973441,693970.159060633,"[0.2, 0.2, 0.2, 0.2, 0.2]"
13946,857.1905981869162,377980.94633450045,"[0.2, 0.2, 0.2, 0.2, 0.2]"
13947,248.95078636254493,179211.3629771077,"[0.2, 0.2, 0.2, 0.2, 0.2]"
13948,14.043728371157556,201673.49287474994,"[0.2, 0.2, 0.2, 0.2, 0.2]"
13949,42.09632262872984,884245.6261145497,"[0.2, 0.2, 0.2, 0.2, 0.2]"
13950,435.2015958326819,620496.4452078817,"[0.2, 0.2, 0.2, 0.2, 0.2]"
13951,251.26027849778163,101662.47964399861,"[0.2, 0.2, 0.2, 0.2, 0.2]"
13952,411.2521581413441,432857.80179749103,"[0.2, 0.2, 0.2, 0.2, 0.2]"
13953,756.6472222407724,618963.7673439074,"[0.2, 0.2, 0.2, 0.2, 0.2]"
13954,133.75573776389024,811620.2390362357,"[0.2, 0.2, 0.2, 0.2, 0.2]"
13955,294.39496376771797,518463.3679392437,"[0.2, 0.2, 0.2, 0.2, 0.2]"
13956,560.2994315687023,499693.24874051835,"[0.2, 0.2, 0.2, 0.2, 0.2]"
13957,599.6095107098675,510751.3660233183,"[0.2, 0.2, 0.2, 0.2, 0.2]"
13958,74.94823875028742,117976.2927768875,"[0.2, 0.2, 0.2, 0.2, 0.2]"
13959,183.97667442265225,962839.421804012,"[0.2, 0.2, 0.2, 0.2, 0.2]"
13960,838.355937579743,255567.3112218971,"[0.2, 0.2, 0.2, 0.2, 0.2]"
13961,44.65760711564233,476084.5192223412,"[0.2, 0.2, 0.2, 0.2, 0.2]"
13962,946.5562728378559,597025.4728344614,"[0.2, 0.2, 0.2, 0.2, 0.2]"
13963,11.14309762093524,900088.6824859602,"[0.2, 0.2, 0.2, 0.2, 0.2]"
13964,535.2758495433609,424324.1750743679,"[0.2, 0.2, 0.2, 0.2, 0.2]"
13965,565.1812777417367,730535.9002823065,"[0.2, 0.2, 0.2, 0.2, 0.2]"
13966,542.858002769291,604296.292533081,"[0.2, 0.2, 0.2, 0.2, 0.2]"
13967,427.2727375356888,901253.4408838494,"[0.2, 0.2, 0.2, 0.2, 0.2]"
13968,344.97170406551663,194511.2651973933,"[0.2, 0.2, 0.2, 0.2, 0.2]"
13969,925.545020571544,286152.55666927155,"[0.2, 0.2, 0.2, 0.2, 0.2]"
13970,421.78272579350113,730628.2135971623,"[0.2, 0.2, 0.2, 0.2, 0.2]"
13971,156.6216320146627,913876.4030723937,"[0.2, 0.2, 0.2, 0.2, 0.2]"
13972,593.7455342573455,917445.4910219738,"[0.2, 0.2, 0.2, 0.2, 0.2]"
13973,87.4026673528036,858003.6398221818,"[0.2, 0.2, 0.2, 0.2, 0.2]"
13974,366.17059771507223,992377.1771593372,"[0.2, 0.2, 0.2, 0.2, 0.2]"
13975,127.57690501062072,490012.30780444294,"[0.2, 0.2, 0.2, 0.2, 0.2]"
13976,611.7505511659477,762395.0835948753,"[0.2, 0.2, 0.2, 0.2, 0.2]"
13977,441.6563681814566,452083.76320560055,"[0.2, 0.2, 0.2, 0.2, 0.2]"
13978,33.68674151351088,464424.31751833495,"[0.2, 0.2, 0.2, 0.2, 0.2]"
13979,181.9017934271065,690089.3659352523,"[0.2, 0.2, 0.2, 0.2, 0.2]"
13980,642.7131502347016,729142.9303163948,"[0.2, 0.2, 0.2, 0.2, 0.2]"
13981,513.064289756482,521010.1554874522,"[0.2, 0.2, 0.2, 0.2, 0.2]"
13982,331.14765354125313,655169.3032702482,"[0.2, 0.2, 0.2, 0.2, 0.2]"
13983,146.5919725248713,305040.8149913582,"[0.2, 0.2, 0.2, 0.2, 0.2]"
13984,910.2611653294285,663824.7801588554,"[0.2, 0.2, 0.2, 0.2, 0.2]"
13985,56.41026056017766,842933.8086768478,"[0.2, 0.2, 0.2, 0.2, 0.2]"
13986,685.1297508027402,880794.4310059936,"[0.2, 0.2, 0.2, 0.2, 0.2]"
13987,536.3375155279927,873574.2120809752,"[0.2, 0.2, 0.2, 0.2, 0.2]"
13988,733.3250851604151,325607.77766637417,"[0.2, 0.2, 0.2, 0.2, 0.2]"
13989,353.9068838868634,572601.4481813947,"[0.2, 0.2, 0.2, 0.2, 0.2]"
13990,656.7578119132562,749920.5818480054,"[0.2, 0.2, 0.2, 0.2, 0.2]"
13991,897.4783802923865,905123.4274791485,"[0.2, 0.2, 0.2, 0.2, 0.2]"
13992,291.79450164958433,619446.0876460096,"[0.2, 0.2, 0.2, 0.2, 0.2]"
13993,964.5097574206243,727452.9106266968,"[0.2, 0.2, 0.2, 0.2, 0.2]"
13994,980.4536026329732,387614.0640260058,"[0.2, 0.2, 0.2, 0.2, 0.2]"
13995,943.1670783564738,185334.14437748375,"[0.2, 0.2, 0.2, 0.2, 0.2]"
13996,345.73737447185874,463663.9896922482,"[0.2, 0.2, 0.2, 0.2, 0.2]"
13997,564.3426353662535,830939.7653631017,"[0.2, 0.2, 0.2, 0.2, 0.2]"
13998,184.9473729958488,546455.1116483901,"[0.2, 0.2, 0.2, 0.2, 0.2]"
13999,704.3174895071601,526189.5740703405,"[0.2, 0.2, 0.2, 0.2, 0.2]"
14000,476.00471204040906,126575.21563258982,"[0.2, 0.2, 0.2, 0.2, 0.2]"
14001,491.3703559400666,924299.9604808657,"[0.2, 0.2, 0.2, 0.2, 0.2]"
14002,382.1420385427196,777034.5601770309,"[0.2, 0.2, 0.2, 0.2, 0.2]"
14003,463.9390864796916,733971.8264198125,"[0.2, 0.2, 0.2, 0.2, 0.2]"
14004,584.6171440001399,764108.6283142369,"[0.2, 0.2, 0.2, 0.2, 0.2]"
14005,800.2344987671036,388502.9699710919,"[0.2, 0.2, 0.2, 0.2, 0.2]"
14006,491.8704605968345,661000.1679356588,"[0.2, 0.2, 0.2, 0.2, 0.2]"
14007,549.2380678007324,764227.1283592886,"[0.2, 0.2, 0.2, 0.2, 0.2]"
14008,955.8935954116562,860166.3835017594,"[0.2, 0.2, 0.2, 0.2, 0.2]"
14009,374.09654670210557,439916.07924764586,"[0.2, 0.2, 0.2, 0.2, 0.2]"
14010,179.42643560895812,825992.3794603996,"[0.2, 0.2, 0.2, 0.2, 0.2]"
14011,791.560557221385,554231.09630668,"[0.2, 0.2, 0.2, 0.2, 0.2]"
14012,935.3982408029877,959906.1326230293,"[0.2, 0.2, 0.2, 0.2, 0.2]"
14013,484.5334424603437,570475.6205329373,"[0.2, 0.2, 0.2, 0.2, 0.2]"
14014,742.0397590950884,524384.5676954917,"[0.2, 0.2, 0.2, 0.2, 0.2]"
14015,856.3648903766142,961100.7754334282,"[0.2, 0.2, 0.2, 0.2, 0.2]"
14016,688.0457350072196,217714.86954965058,"[0.2, 0.2, 0.2, 0.2, 0.2]"
14017,244.933917403615,179465.55978128023,"[0.2, 0.2, 0.2, 0.2, 0.2]"
14018,699.6146887918363,758344.9457964209,"[0.2, 0.2, 0.2, 0.2, 0.2]"
14019,439.93295592208426,482164.615229102,"[0.2, 0.2, 0.2, 0.2, 0.2]"
14020,605.8306152882642,974376.7320393524,"[0.2, 0.2, 0.2, 0.2, 0.2]"
14021,251.576936033801,472952.3643204364,"[0.2, 0.2, 0.2, 0.2, 0.2]"
14022,11.734056180391278,832259.8160396047,"[0.2, 0.2, 0.2, 0.2, 0.2]"
14023,978.5817389877009,237144.56375850734,"[0.2, 0.2, 0.2, 0.2, 0.2]"
14024,397.5628800289346,260749.64684247682,"[0.2, 0.2, 0.2, 0.2, 0.2]"
14025,940.4916701810388,412335.658095506,"[0.2, 0.2, 0.2, 0.2, 0.2]"
14026,516.3839369257423,287519.69669512723,"[0.2, 0.2, 0.2, 0.2, 0.2]"
14027,279.35277201899896,218993.19885561225,"[0.2, 0.2, 0.2, 0.2, 0.2]"
14028,223.2708418683176,482239.32156263915,"[0.2, 0.2, 0.2, 0.2, 0.2]"
14029,584.0636193979789,891372.9473177135,"[0.2, 0.2, 0.2, 0.2, 0.2]"
14030,123.63918566705412,968192.0465387444,"[0.2, 0.2, 0.2, 0.2, 0.2]"
14031,193.35126174186863,111756.13936862712,"[0.2, 0.2, 0.2, 0.2, 0.2]"
14032,133.297714564785,992437.9069748388,"[0.2, 0.2, 0.2, 0.2, 0.2]"
14033,134.8737728997284,491550.95896071143,"[0.2, 0.2, 0.2, 0.2, 0.2]"
14034,622.7585401014719,641890.1619364704,"[0.2, 0.2, 0.2, 0.2, 0.2]"
14035,631.5767308914833,561764.434222535,"[0.2, 0.2, 0.2, 0.2, 0.2]"
14036,535.961188954937,439599.0030754988,"[0.2, 0.2, 0.2, 0.2, 0.2]"
14037,375.2924635112737,872481.6509743497,"[0.2, 0.2, 0.2, 0.2, 0.2]"
14038,291.0120595855898,226587.1247041964,"[0.2, 0.2, 0.2, 0.2, 0.2]"
14039,622.3863647983617,819519.9012545466,"[0.2, 0.2, 0.2, 0.2, 0.2]"
14040,325.7986562535527,950649.0233971307,"[0.2, 0.2, 0.2, 0.2, 0.2]"
14041,129.36980578959108,425009.36575891316,"[0.2, 0.2, 0.2, 0.2, 0.2]"
14042,210.95665526308426,841443.1189155666,"[0.2, 0.2, 0.2, 0.2, 0.2]"
14043,398.094600979469,841439.824065441,"[0.2, 0.2, 0.2, 0.2, 0.2]"
14044,654.7468056966114,684265.4601882179,"[0.2, 0.2, 0.2, 0.2, 0.2]"
14045,835.6701753296453,808281.8482155817,"[0.2, 0.2, 0.2, 0.2, 0.2]"
14046,184.0874951757544,699230.6728972528,"[0.2, 0.2, 0.2, 0.2, 0.2]"
14047,735.2761165189931,751870.4194545973,"[0.2, 0.2, 0.2, 0.2, 0.2]"
14048,29.486056013673227,872075.669997404,"[0.2, 0.2, 0.2, 0.2, 0.2]"
14049,151.6822548590325,495451.8241333716,"[0.2, 0.2, 0.2, 0.2, 0.2]"
14050,55.67647079732134,255346.9728036128,"[0.2, 0.2, 0.2, 0.2, 0.2]"
14051,573.9326171678715,537903.0663643747,"[0.2, 0.2, 0.2, 0.2, 0.2]"
14052,278.2562944295937,991801.3448148617,"[0.2, 0.2, 0.2, 0.2, 0.2]"
14053,42.87013392011717,173293.33425255748,"[0.2, 0.2, 0.2, 0.2, 0.2]"
14054,337.9063877492511,328432.567424422,"[0.2, 0.2, 0.2, 0.2, 0.2]"
14055,171.87469394731824,987706.7719021847,"[0.2, 0.2, 0.2, 0.2, 0.2]"
14056,763.1214643467363,282246.57530158514,"[0.2, 0.2, 0.2, 0.2, 0.2]"
14057,508.1244564379863,736609.2578753391,"[0.2, 0.2, 0.2, 0.2, 0.2]"
14058,419.1898407803441,249753.95092771982,"[0.2, 0.2, 0.2, 0.2, 0.2]"
14059,801.9392203980002,784215.7525872526,"[0.2, 0.2, 0.2, 0.2, 0.2]"
14060,279.8486403561336,868915.8005305002,"[0.2, 0.2, 0.2, 0.2, 0.2]"
14061,494.5322111965852,160206.51959429673,"[0.2, 0.2, 0.2, 0.2, 0.2]"
14062,572.8589248141259,624862.5816669803,"[0.2, 0.2, 0.2, 0.2, 0.2]"
14063,191.03982421401346,959028.0847749474,"[0.2, 0.2, 0.2, 0.2, 0.2]"
14064,832.6779489014507,932506.4203269708,"[0.2, 0.2, 0.2, 0.2, 0.2]"
14065,516.8300857628972,547944.880152371,"[0.2, 0.2, 0.2, 0.2, 0.2]"
14066,570.5575990129665,903627.9705718106,"[0.2, 0.2, 0.2, 0.2, 0.2]"
14067,931.3702335904121,281760.4542367555,"[0.2, 0.2, 0.2, 0.2, 0.2]"
14068,655.2493642502226,865658.903110004,"[0.2, 0.2, 0.2, 0.2, 0.2]"
14069,264.3503622422296,233834.5616778556,"[0.2, 0.2, 0.2, 0.2, 0.2]"
14070,186.21294211176783,412283.1351628184,"[0.2, 0.2, 0.2, 0.2, 0.2]"
14071,795.5440994930535,219232.82086405976,"[0.2, 0.2, 0.2, 0.2, 0.2]"
14072,30.71662148518201,627558.182959461,"[0.2, 0.2, 0.2, 0.2, 0.2]"
14073,126.62950457634415,495622.5691980331,"[0.2, 0.2, 0.2, 0.2, 0.2]"
14074,193.8383026918217,924464.3761362041,"[0.2, 0.2, 0.2, 0.2, 0.2]"
14075,434.22381837130183,769188.3705691332,"[0.2, 0.2, 0.2, 0.2, 0.2]"
14076,799.7002463032968,202603.05314164,"[0.2, 0.2, 0.2, 0.2, 0.2]"
14077,60.445499277368576,542511.9189683567,"[0.2, 0.2, 0.2, 0.2, 0.2]"
14078,917.1560503840054,399079.4211754424,"[0.2, 0.2, 0.2, 0.2, 0.2]"
14079,644.4987630012362,568688.7287819844,"[0.2, 0.2, 0.2, 0.2, 0.2]"
14080,187.48761036254248,826613.595342546,"[0.2, 0.2, 0.2, 0.2, 0.2]"
14081,410.06979385155455,241483.9589755373,"[0.2, 0.2, 0.2, 0.2, 0.2]"
14082,756.8716717823065,157520.63173649085,"[0.2, 0.2, 0.2, 0.2, 0.2]"
14083,743.766002377086,741736.889190573,"[0.2, 0.2, 0.2, 0.2, 0.2]"
14084,206.85453832584216,203217.62493253674,"[0.2, 0.2, 0.2, 0.2, 0.2]"
14085,484.0066550426602,462788.9100252754,"[0.2, 0.2, 0.2, 0.2, 0.2]"
14086,649.5598983373787,747606.1600025044,"[0.2, 0.2, 0.2, 0.2, 0.2]"
14087,950.1644606089988,946410.7174404368,"[0.2, 0.2, 0.2, 0.2, 0.2]"
14088,626.0614961207704,710919.8587722417,"[0.2, 0.2, 0.2, 0.2, 0.2]"
14089,145.1606363622047,138847.39570003762,"[0.2, 0.2, 0.2, 0.2, 0.2]"
14090,238.75788714922194,727139.9961357026,"[0.2, 0.2, 0.2, 0.2, 0.2]"
14091,613.0909651503229,632492.9716759177,"[0.2, 0.2, 0.2, 0.2, 0.2]"
14092,179.14446132808536,767290.5896804152,"[0.2, 0.2, 0.2, 0.2, 0.2]"
14093,736.3835549853839,737224.4350672155,"[0.2, 0.2, 0.2, 0.2, 0.2]"
14094,25.53509755459275,796348.4662304957,"[0.2, 0.2, 0.2, 0.2, 0.2]"
14095,107.91697521700932,653888.1549829544,"[0.2, 0.2, 0.2, 0.2, 0.2]"
14096,57.08130623762066,262005.88495528622,"[0.2, 0.2, 0.2, 0.2, 0.2]"
14097,905.861016405763,288340.620662305,"[0.2, 0.2, 0.2, 0.2, 0.2]"
14098,146.71828757076898,794581.7156462261,"[0.2, 0.2, 0.2, 0.2, 0.2]"
14099,309.67510744670346,642549.1482496773,"[0.2, 0.2, 0.2, 0.2, 0.2]"
14100,597.7048730484958,365469.720771772,"[0.2, 0.2, 0.2, 0.2, 0.2]"
14101,24.80642956092931,267628.0578439368,"[0.2, 0.2, 0.2, 0.2, 0.2]"
14102,644.1095603405764,230444.72542923904,"[0.2, 0.2, 0.2, 0.2, 0.2]"
14103,122.2847935342862,200279.49409518973,"[0.2, 0.2, 0.2, 0.2, 0.2]"
14104,144.79395313614924,176277.34103101515,"[0.2, 0.2, 0.2, 0.2, 0.2]"
14105,54.69521295181346,425420.8444919358,"[0.2, 0.2, 0.2, 0.2, 0.2]"
14106,238.76182233246954,737684.9894068874,"[0.2, 0.2, 0.2, 0.2, 0.2]"
14107,946.3485577636999,531748.0903601309,"[0.2, 0.2, 0.2, 0.2, 0.2]"
14108,172.4731899127671,360319.72860333975,"[0.2, 0.2, 0.2, 0.2, 0.2]"
14109,747.9481348920232,676514.4210600986,"[0.2, 0.2, 0.2, 0.2, 0.2]"
14110,318.1877446785789,910021.9032574145,"[0.2, 0.2, 0.2, 0.2, 0.2]"
14111,234.81076070387437,611684.4771745598,"[0.2, 0.2, 0.2, 0.2, 0.2]"
14112,314.0223352623841,742573.7831195346,"[0.2, 0.2, 0.2, 0.2, 0.2]"
14113,337.16507123130054,895726.0645642094,"[0.2, 0.2, 0.2, 0.2, 0.2]"
14114,382.81628431188796,649883.74348754,"[0.2, 0.2, 0.2, 0.2, 0.2]"
14115,800.1356281746542,724717.6078643806,"[0.2, 0.2, 0.2, 0.2, 0.2]"
14116,245.11465129059314,223062.88698354585,"[0.2, 0.2, 0.2, 0.2, 0.2]"
14117,126.69516138606714,896211.378725652,"[0.2, 0.2, 0.2, 0.2, 0.2]"
14118,562.7774224970094,842683.16336123,"[0.2, 0.2, 0.2, 0.2, 0.2]"
14119,575.6473690680554,157161.40208860158,"[0.2, 0.2, 0.2, 0.2, 0.2]"
14120,405.0661814817232,418724.7157549412,"[0.2, 0.2, 0.2, 0.2, 0.2]"
14121,538.0442383660485,573187.07201993,"[0.2, 0.2, 0.2, 0.2, 0.2]"
14122,85.58471821104854,242070.81763631952,"[0.2, 0.2, 0.2, 0.2, 0.2]"
14123,290.0983461805359,517954.56067378906,"[0.2, 0.2, 0.2, 0.2, 0.2]"
14124,152.3688980230332,227548.5744993916,"[0.2, 0.2, 0.2, 0.2, 0.2]"
14125,590.5554016595403,908629.9251000775,"[0.2, 0.2, 0.2, 0.2, 0.2]"
14126,445.549337617915,305741.8096254509,"[0.2, 0.2, 0.2, 0.2, 0.2]"
14127,815.1707948840866,261623.70678484373,"[0.2, 0.2, 0.2, 0.2, 0.2]"
14128,657.1174908286384,849241.9127222409,"[0.2, 0.2, 0.2, 0.2, 0.2]"
14129,60.280664410673836,906170.5123691123,"[0.2, 0.2, 0.2, 0.2, 0.2]"
14130,433.20233135893477,964793.6193918313,"[0.2, 0.2, 0.2, 0.2, 0.2]"
14131,122.49320824156007,714401.1665923785,"[0.2, 0.2, 0.2, 0.2, 0.2]"
14132,539.3555118571563,122151.13880517878,"[0.2, 0.2, 0.2, 0.2, 0.2]"
14133,138.54741458227852,681245.3580679259,"[0.2, 0.2, 0.2, 0.2, 0.2]"
14134,853.3096273289385,931063.0936730691,"[0.2, 0.2, 0.2, 0.2, 0.2]"
14135,453.0965245661219,375061.64751512057,"[0.2, 0.2, 0.2, 0.2, 0.2]"
14136,431.6462028431668,566263.4199613247,"[0.2, 0.2, 0.2, 0.2, 0.2]"
14137,799.7822923247379,831609.5827224316,"[0.2, 0.2, 0.2, 0.2, 0.2]"
14138,728.2303398190644,582332.3308938728,"[0.2, 0.2, 0.2, 0.2, 0.2]"
14139,448.1113956118359,558930.585981532,"[0.2, 0.2, 0.2, 0.2, 0.2]"
14140,153.82995328195565,679173.1325214473,"[0.2, 0.2, 0.2, 0.2, 0.2]"
14141,121.0668294978014,598656.3965944061,"[0.2, 0.2, 0.2, 0.2, 0.2]"
14142,961.0370038916782,427176.3263302567,"[0.2, 0.2, 0.2, 0.2, 0.2]"
14143,536.8419846130255,822813.5224512133,"[0.2, 0.2, 0.2, 0.2, 0.2]"
14144,118.93687936980449,171595.116514211,"[0.2, 0.2, 0.2, 0.2, 0.2]"
14145,174.88134452538657,320856.76206872857,"[0.2, 0.2, 0.2, 0.2, 0.2]"
14146,517.7119087134521,869612.7371553184,"[0.2, 0.2, 0.2, 0.2, 0.2]"
14147,416.4569385247345,243562.3289303646,"[0.2, 0.2, 0.2, 0.2, 0.2]"
14148,94.40092367021832,398945.7397672255,"[0.2, 0.2, 0.2, 0.2, 0.2]"
14149,339.96826781875814,260804.70282489408,"[0.2, 0.2, 0.2, 0.2, 0.2]"
14150,33.37056851754269,217471.80215745757,"[0.2, 0.2, 0.2, 0.2, 0.2]"
14151,678.7978323458397,733869.8905794176,"[0.2, 0.2, 0.2, 0.2, 0.2]"
14152,86.46260912567415,743637.0983773598,"[0.2, 0.2, 0.2, 0.2, 0.2]"
14153,387.9140522659305,856890.9866491319,"[0.2, 0.2, 0.2, 0.2, 0.2]"
14154,41.13430889479762,543171.2594870713,"[0.2, 0.2, 0.2, 0.2, 0.2]"
14155,61.91011330814074,393158.64213697216,"[0.2, 0.2, 0.2, 0.2, 0.2]"
14156,209.582938477653,650148.6771067336,"[0.2, 0.2, 0.2, 0.2, 0.2]"
14157,344.8885678416012,553982.9100856194,"[0.2, 0.2, 0.2, 0.2, 0.2]"
14158,998.2240449078918,915184.7666703998,"[0.2, 0.2, 0.2, 0.2, 0.2]"
14159,782.8686520088842,637955.9827534964,"[0.2, 0.2, 0.2, 0.2, 0.2]"
14160,339.5948060742,431526.0916040176,"[0.2, 0.2, 0.2, 0.2, 0.2]"
14161,533.8786248248904,779305.0608327179,"[0.2, 0.2, 0.2, 0.2, 0.2]"
14162,272.8896431998184,426278.5358528592,"[0.2, 0.2, 0.2, 0.2, 0.2]"
14163,746.328865366781,724427.9144694835,"[0.2, 0.2, 0.2, 0.2, 0.2]"
14164,942.1850419452218,653431.3072149049,"[0.2, 0.2, 0.2, 0.2, 0.2]"
14165,244.05447330461666,594638.047330072,"[0.2, 0.2, 0.2, 0.2, 0.2]"
14166,31.120792159454183,913169.7264366074,"[0.2, 0.2, 0.2, 0.2, 0.2]"
14167,286.1504712923158,232422.50254538094,"[0.2, 0.2, 0.2, 0.2, 0.2]"
14168,734.7073633729221,630658.2349950754,"[0.2, 0.2, 0.2, 0.2, 0.2]"
14169,109.96111999009015,727682.9925867424,"[0.2, 0.2, 0.2, 0.2, 0.2]"
14170,817.4527849928953,532075.455170563,"[0.2, 0.2, 0.2, 0.2, 0.2]"
14171,446.4635395344879,495858.78635795356,"[0.2, 0.2, 0.2, 0.2, 0.2]"
14172,485.19346323859463,365940.217213274,"[0.2, 0.2, 0.2, 0.2, 0.2]"
14173,196.33658928595966,418366.18778626877,"[0.2, 0.2, 0.2, 0.2, 0.2]"
14174,223.71562402801905,242118.64706843582,"[0.2, 0.2, 0.2, 0.2, 0.2]"
14175,609.5934918710602,202257.8953059936,"[0.2, 0.2, 0.2, 0.2, 0.2]"
14176,214.65182313210818,836880.0790217356,"[0.2, 0.2, 0.2, 0.2, 0.2]"
14177,399.22005078917505,419617.6995115896,"[0.2, 0.2, 0.2, 0.2, 0.2]"
14178,141.58764200803236,549353.5250194237,"[0.2, 0.2, 0.2, 0.2, 0.2]"
14179,453.30917839349064,934860.2080531189,"[0.2, 0.2, 0.2, 0.2, 0.2]"
14180,238.29269057117415,920238.5255332317,"[0.2, 0.2, 0.2, 0.2, 0.2]"
14181,934.2729555675387,530266.8214391167,"[0.2, 0.2, 0.2, 0.2, 0.2]"
14182,71.5568504406591,216982.62402577652,"[0.2, 0.2, 0.2, 0.2, 0.2]"
14183,329.4454296018751,743774.8090600068,"[0.2, 0.2, 0.2, 0.2, 0.2]"
14184,411.71851176376987,781393.6188101699,"[0.2, 0.2, 0.2, 0.2, 0.2]"
14185,222.5444335426895,487934.902772634,"[0.2, 0.2, 0.2, 0.2, 0.2]"
14186,103.01942822610772,336839.3244569972,"[0.2, 0.2, 0.2, 0.2, 0.2]"
14187,269.8896524373786,198967.55087030825,"[0.2, 0.2, 0.2, 0.2, 0.2]"
14188,545.244281813299,693403.6749407954,"[0.2, 0.2, 0.2, 0.2, 0.2]"
14189,113.34465883958454,893889.1017636985,"[0.2, 0.2, 0.2, 0.2, 0.2]"
14190,111.83524325717484,148232.40511649288,"[0.2, 0.2, 0.2, 0.2, 0.2]"
14191,949.6743794281995,997586.705488954,"[0.2, 0.2, 0.2, 0.2, 0.2]"
14192,449.61414334833444,835226.3896644088,"[0.2, 0.2, 0.2, 0.2, 0.2]"
14193,444.9678305263095,403410.6515895589,"[0.2, 0.2, 0.2, 0.2, 0.2]"
14194,160.8404586442513,746904.7086059387,"[0.2, 0.2, 0.2, 0.2, 0.2]"
14195,49.27771579680038,954616.897360824,"[0.2, 0.2, 0.2, 0.2, 0.2]"
14196,716.1723636542271,316895.19576187956,"[0.2, 0.2, 0.2, 0.2, 0.2]"
14197,811.9031523548782,456571.56945502816,"[0.2, 0.2, 0.2, 0.2, 0.2]"
14198,509.5231145160487,959074.2677312845,"[0.2, 0.2, 0.2, 0.2, 0.2]"
14199,399.7605476070376,836407.0919437279,"[0.2, 0.2, 0.2, 0.2, 0.2]"
14200,344.40569138000217,149119.9013783664,"[0.2, 0.2, 0.2, 0.2, 0.2]"
14201,556.4849805729802,718760.5508992355,"[0.2, 0.2, 0.2, 0.2, 0.2]"
14202,807.0908369385465,165870.280639509,"[0.2, 0.2, 0.2, 0.2, 0.2]"
14203,700.7300882214414,454307.48333505116,"[0.2, 0.2, 0.2, 0.2, 0.2]"
14204,168.5541435233588,788282.746116383,"[0.2, 0.2, 0.2, 0.2, 0.2]"
14205,90.4309761766163,619883.5688155608,"[0.2, 0.2, 0.2, 0.2, 0.2]"
14206,465.3563657088438,596686.2995723918,"[0.2, 0.2, 0.2, 0.2, 0.2]"
14207,738.2426178749588,927437.4812131412,"[0.2, 0.2, 0.2, 0.2, 0.2]"
14208,753.8876074756288,103390.8943559918,"[0.2, 0.2, 0.2, 0.2, 0.2]"
14209,717.3744494324267,819627.7360040363,"[0.2, 0.2, 0.2, 0.2, 0.2]"
14210,882.8561946617547,791523.5180864666,"[0.2, 0.2, 0.2, 0.2, 0.2]"
14211,267.58070402881106,257856.19067341692,"[0.2, 0.2, 0.2, 0.2, 0.2]"
14212,772.7841677696055,367512.9418011837,"[0.2, 0.2, 0.2, 0.2, 0.2]"
14213,542.4758204506533,443674.87411428033,"[0.2, 0.2, 0.2, 0.2, 0.2]"
14214,183.0556215457706,732980.1007470692,"[0.2, 0.2, 0.2, 0.2, 0.2]"
14215,603.7538839837331,232608.6842402264,"[0.2, 0.2, 0.2, 0.2, 0.2]"
14216,941.8848138926294,306796.4289094347,"[0.2, 0.2, 0.2, 0.2, 0.2]"
14217,109.64929405062674,593853.5741090169,"[0.2, 0.2, 0.2, 0.2, 0.2]"
14218,892.8615022440607,577287.0778424367,"[0.2, 0.2, 0.2, 0.2, 0.2]"
14219,915.7963613483853,891810.2717201863,"[0.2, 0.2, 0.2, 0.2, 0.2]"
14220,220.06145343050522,407729.37431236973,"[0.2, 0.2, 0.2, 0.2, 0.2]"
14221,619.7677114234267,514591.9876505516,"[0.2, 0.2, 0.2, 0.2, 0.2]"
14222,485.4874220601795,679320.7830640217,"[0.2, 0.2, 0.2, 0.2, 0.2]"
14223,461.42297433107683,413906.6563489719,"[0.2, 0.2, 0.2, 0.2, 0.2]"
14224,236.784557560875,429693.020297127,"[0.2, 0.2, 0.2, 0.2, 0.2]"
14225,884.1203329871131,906553.5325613553,"[0.2, 0.2, 0.2, 0.2, 0.2]"
14226,629.6981122145883,909080.7515247624,"[0.2, 0.2, 0.2, 0.2, 0.2]"
14227,479.99930238268115,610618.5685823907,"[0.2, 0.2, 0.2, 0.2, 0.2]"
14228,951.7823625892491,309470.17506504676,"[0.2, 0.2, 0.2, 0.2, 0.2]"
14229,700.9744495184582,213674.59370977365,"[0.2, 0.2, 0.2, 0.2, 0.2]"
14230,950.3200784704858,456657.58529148326,"[0.2, 0.2, 0.2, 0.2, 0.2]"
14231,800.5314649809537,546624.8778552182,"[0.2, 0.2, 0.2, 0.2, 0.2]"
14232,542.7722817391536,968905.154655839,"[0.2, 0.2, 0.2, 0.2, 0.2]"
14233,631.6502194403266,455735.00151724915,"[0.2, 0.2, 0.2, 0.2, 0.2]"
14234,777.8167588362111,338291.90083499963,"[0.2, 0.2, 0.2, 0.2, 0.2]"
14235,673.9525951785158,362706.46000509185,"[0.2, 0.2, 0.2, 0.2, 0.2]"
14236,465.3850456549822,173381.0438264251,"[0.2, 0.2, 0.2, 0.2, 0.2]"
14237,382.3711304643274,323191.8031796637,"[0.2, 0.2, 0.2, 0.2, 0.2]"
14238,227.39723519707516,912538.7563120227,"[0.2, 0.2, 0.2, 0.2, 0.2]"
14239,709.5409199815565,223100.52476548406,"[0.2, 0.2, 0.2, 0.2, 0.2]"
14240,984.7030486776537,865685.4376137165,"[0.2, 0.2, 0.2, 0.2, 0.2]"
14241,490.82840015407044,277362.4867578114,"[0.2, 0.2, 0.2, 0.2, 0.2]"
14242,681.1980167137043,660181.2655006646,"[0.2, 0.2, 0.2, 0.2, 0.2]"
14243,886.6554046461019,291563.4795091278,"[0.2, 0.2, 0.2, 0.2, 0.2]"
14244,882.302775601585,919914.000861131,"[0.2, 0.2, 0.2, 0.2, 0.2]"
14245,165.84067881943105,467624.91946649476,"[0.2, 0.2, 0.2, 0.2, 0.2]"
14246,345.8916865826981,714457.8633270118,"[0.2, 0.2, 0.2, 0.2, 0.2]"
14247,291.86572839286185,425078.71075403556,"[0.2, 0.2, 0.2, 0.2, 0.2]"
14248,897.9197323613199,243055.44883855456,"[0.2, 0.2, 0.2, 0.2, 0.2]"
14249,663.95421251526,778578.2608955674,"[0.2, 0.2, 0.2, 0.2, 0.2]"
14250,103.43626639019797,256469.30690067666,"[0.2, 0.2, 0.2, 0.2, 0.2]"
14251,158.77667547369282,754199.098342442,"[0.2, 0.2, 0.2, 0.2, 0.2]"
14252,878.1687677967029,295632.5006895835,"[0.2, 0.2, 0.2, 0.2, 0.2]"
14253,503.6508758632746,771665.8679321834,"[0.2, 0.2, 0.2, 0.2, 0.2]"
14254,389.46627506335795,213895.55807351146,"[0.2, 0.2, 0.2, 0.2, 0.2]"
14255,178.22733817717642,551030.9251429265,"[0.2, 0.2, 0.2, 0.2, 0.2]"
14256,198.16136928922455,629487.3197979188,"[0.2, 0.2, 0.2, 0.2, 0.2]"
14257,941.9042092817624,378533.8772112706,"[0.2, 0.2, 0.2, 0.2, 0.2]"
14258,900.1730451632019,828079.0406751464,"[0.2, 0.2, 0.2, 0.2, 0.2]"
14259,127.4017098528595,135317.49624469609,"[0.2, 0.2, 0.2, 0.2, 0.2]"
14260,510.73886270558825,934127.3304269108,"[0.2, 0.2, 0.2, 0.2, 0.2]"
14261,651.6427631979278,760482.8602359333,"[0.2, 0.2, 0.2, 0.2, 0.2]"
14262,192.77966932788206,457852.68605695607,"[0.2, 0.2, 0.2, 0.2, 0.2]"
14263,934.3714899190024,371139.8400169056,"[0.2, 0.2, 0.2, 0.2, 0.2]"
14264,256.89205814261646,780778.4194455289,"[0.2, 0.2, 0.2, 0.2, 0.2]"
14265,231.6930033040265,101561.86713275673,"[0.2, 0.2, 0.2, 0.2, 0.2]"
14266,325.69387320311847,515126.7299767088,"[0.2, 0.2, 0.2, 0.2, 0.2]"
14267,98.60140683692578,951834.802072786,"[0.2, 0.2, 0.2, 0.2, 0.2]"
14268,456.7037259153275,812331.0164885564,"[0.2, 0.2, 0.2, 0.2, 0.2]"
14269,482.99687477156635,620916.566410901,"[0.2, 0.2, 0.2, 0.2, 0.2]"
14270,973.3258405652654,570337.4590243392,"[0.2, 0.2, 0.2, 0.2, 0.2]"
14271,677.8941793290908,106576.78454114895,"[0.2, 0.2, 0.2, 0.2, 0.2]"
14272,286.78324135140815,999353.2985542526,"[0.2, 0.2, 0.2, 0.2, 0.2]"
14273,467.586414863478,338070.220874261,"[0.2, 0.2, 0.2, 0.2, 0.2]"
14274,728.5623090796997,802064.8269539876,"[0.2, 0.2, 0.2, 0.2, 0.2]"
14275,200.39972090261696,961186.2875417373,"[0.2, 0.2, 0.2, 0.2, 0.2]"
14276,516.7580695540834,629315.3559122147,"[0.2, 0.2, 0.2, 0.2, 0.2]"
14277,952.408020197623,842978.2454258878,"[0.2, 0.2, 0.2, 0.2, 0.2]"
14278,694.7102540056612,129879.50753067988,"[0.2, 0.2, 0.2, 0.2, 0.2]"
14279,758.9057186690973,765034.1514367161,"[0.2, 0.2, 0.2, 0.2, 0.2]"
14280,887.6297283044264,224613.9048535446,"[0.2, 0.2, 0.2, 0.2, 0.2]"
14281,811.5581237122967,367012.7426064833,"[0.2, 0.2, 0.2, 0.2, 0.2]"
14282,905.260559588362,467580.37790749804,"[0.2, 0.2, 0.2, 0.2, 0.2]"
14283,598.4326763990559,221833.78109536646,"[0.2, 0.2, 0.2, 0.2, 0.2]"
14284,401.4882228648946,135421.68185081845,"[0.2, 0.2, 0.2, 0.2, 0.2]"
14285,373.6395530026935,734580.5379773211,"[0.2, 0.2, 0.2, 0.2, 0.2]"
14286,373.53549291704417,931173.1958571943,"[0.2, 0.2, 0.2, 0.2, 0.2]"
14287,672.2358189552406,540802.2118758433,"[0.2, 0.2, 0.2, 0.2, 0.2]"
14288,852.3228861198237,892820.0252670308,"[0.2, 0.2, 0.2, 0.2, 0.2]"
14289,12.721089371454966,109568.49929256982,"[0.2, 0.2, 0.2, 0.2, 0.2]"
14290,284.9029936233362,656133.8341960873,"[0.2, 0.2, 0.2, 0.2, 0.2]"
14291,360.2278440433273,490850.5110082857,"[0.2, 0.2, 0.2, 0.2, 0.2]"
14292,709.6736357688229,464865.90674223984,"[0.2, 0.2, 0.2, 0.2, 0.2]"
14293,391.2577150613638,868182.6415701896,"[0.2, 0.2, 0.2, 0.2, 0.2]"
14294,200.16814038437306,871975.4206732366,"[0.2, 0.2, 0.2, 0.2, 0.2]"
14295,831.6266477016632,705361.5158326898,"[0.2, 0.2, 0.2, 0.2, 0.2]"
14296,557.5598798917532,795159.0076839052,"[0.2, 0.2, 0.2, 0.2, 0.2]"
14297,536.8497336322741,655685.752851905,"[0.2, 0.2, 0.2, 0.2, 0.2]"
14298,965.1287207449283,683072.9282295782,"[0.2, 0.2, 0.2, 0.2, 0.2]"
14299,786.3592197085006,848803.859295797,"[0.2, 0.2, 0.2, 0.2, 0.2]"
14300,709.5764146628494,558337.6624280465,"[0.2, 0.2, 0.2, 0.2, 0.2]"
14301,140.97047839438181,943923.4736427652,"[0.2, 0.2, 0.2, 0.2, 0.2]"
14302,281.87610235764436,271595.6776199859,"[0.2, 0.2, 0.2, 0.2, 0.2]"
14303,144.2258419744505,760632.9877156217,"[0.2, 0.2, 0.2, 0.2, 0.2]"
14304,493.2019642851659,490588.2665245663,"[0.2, 0.2, 0.2, 0.2, 0.2]"
14305,420.4496517863171,928800.0632839409,"[0.2, 0.2, 0.2, 0.2, 0.2]"
14306,446.9604010264264,100680.10067201468,"[0.2, 0.2, 0.2, 0.2, 0.2]"
14307,970.7249986518806,947459.1189783212,"[0.2, 0.2, 0.2, 0.2, 0.2]"
14308,176.09228588275388,835810.7105601056,"[0.2, 0.2, 0.2, 0.2, 0.2]"
14309,752.8723434856988,701760.2389234819,"[0.2, 0.2, 0.2, 0.2, 0.2]"
14310,526.2659594302063,133732.6456034113,"[0.2, 0.2, 0.2, 0.2, 0.2]"
14311,434.9646715732934,556538.454909932,"[0.2, 0.2, 0.2, 0.2, 0.2]"
14312,134.97894789378802,547358.5473267108,"[0.2, 0.2, 0.2, 0.2, 0.2]"
14313,778.0670744740961,844443.3489588228,"[0.2, 0.2, 0.2, 0.2, 0.2]"
14314,364.7044695606811,384381.8266770062,"[0.2, 0.2, 0.2, 0.2, 0.2]"
14315,708.5256771623739,833873.8680703759,"[0.2, 0.2, 0.2, 0.2, 0.2]"
14316,32.75807946346382,644877.6239719312,"[0.2, 0.2, 0.2, 0.2, 0.2]"
14317,11.136307536298325,167917.09217177692,"[0.2, 0.2, 0.2, 0.2, 0.2]"
14318,700.1058758092628,339520.16149697336,"[0.2, 0.2, 0.2, 0.2, 0.2]"
14319,159.41091186725228,701046.003601939,"[0.2, 0.2, 0.2, 0.2, 0.2]"
14320,81.47441777572271,306002.82067848963,"[0.2, 0.2, 0.2, 0.2, 0.2]"
14321,20.75595494644984,135670.7680160892,"[0.2, 0.2, 0.2, 0.2, 0.2]"
14322,825.6637291695514,665942.0478752338,"[0.2, 0.2, 0.2, 0.2, 0.2]"
14323,370.13077132632856,213400.6789405053,"[0.2, 0.2, 0.2, 0.2, 0.2]"
14324,787.3840278463271,763816.8018699344,"[0.2, 0.2, 0.2, 0.2, 0.2]"
14325,145.49497186077133,643062.9620028682,"[0.2, 0.2, 0.2, 0.2, 0.2]"
14326,889.2622152512068,259192.16837442984,"[0.2, 0.2, 0.2, 0.2, 0.2]"
14327,857.074685114564,608760.5659091702,"[0.2, 0.2, 0.2, 0.2, 0.2]"
14328,907.6152758906208,952822.4389578047,"[0.2, 0.2, 0.2, 0.2, 0.2]"
14329,350.0101949017793,138418.15463376406,"[0.2, 0.2, 0.2, 0.2, 0.2]"
14330,771.3701786633382,969799.2941641937,"[0.2, 0.2, 0.2, 0.2, 0.2]"
14331,955.9753806426189,107349.03423561122,"[0.2, 0.2, 0.2, 0.2, 0.2]"
14332,527.7181957134535,643945.9135850824,"[0.2, 0.2, 0.2, 0.2, 0.2]"
14333,449.5312884611083,608404.0597424371,"[0.2, 0.2, 0.2, 0.2, 0.2]"
14334,94.44699070038186,374135.7239822838,"[0.2, 0.2, 0.2, 0.2, 0.2]"
14335,511.908705971669,908681.6200705983,"[0.2, 0.2, 0.2, 0.2, 0.2]"
14336,908.2895249898525,721672.9978525316,"[0.2, 0.2, 0.2, 0.2, 0.2]"
14337,483.83801106545036,271439.5665049843,"[0.2, 0.2, 0.2, 0.2, 0.2]"
14338,246.80831131745174,915174.2796318653,"[0.2, 0.2, 0.2, 0.2, 0.2]"
14339,764.6537561829061,505725.68392326793,"[0.2, 0.2, 0.2, 0.2, 0.2]"
14340,38.59679977104609,374420.79111695447,"[0.2, 0.2, 0.2, 0.2, 0.2]"
14341,582.491783565721,823596.3666637467,"[0.2, 0.2, 0.2, 0.2, 0.2]"
14342,600.071222192339,933612.7536007329,"[0.2, 0.2, 0.2, 0.2, 0.2]"
14343,72.94545724173892,546566.5532270975,"[0.2, 0.2, 0.2, 0.2, 0.2]"
14344,230.69555917952982,921200.589096697,"[0.2, 0.2, 0.2, 0.2, 0.2]"
14345,874.8113643941267,534767.6081996192,"[0.2, 0.2, 0.2, 0.2, 0.2]"
14346,235.42270518300057,697960.3054265691,"[0.2, 0.2, 0.2, 0.2, 0.2]"
14347,235.2678786142672,407336.69366866315,"[0.2, 0.2, 0.2, 0.2, 0.2]"
14348,367.36603090055905,933083.6027560739,"[0.2, 0.2, 0.2, 0.2, 0.2]"
14349,589.6274600610486,103933.68326234099,"[0.2, 0.2, 0.2, 0.2, 0.2]"
14350,89.46109756033367,329161.1668010206,"[0.2, 0.2, 0.2, 0.2, 0.2]"
14351,235.62250967449924,386609.9675669032,"[0.2, 0.2, 0.2, 0.2, 0.2]"
14352,383.24616868003073,924393.7947771023,"[0.2, 0.2, 0.2, 0.2, 0.2]"
14353,277.76664223945824,690383.4717931962,"[0.2, 0.2, 0.2, 0.2, 0.2]"
14354,712.3224258296077,853601.052859984,"[0.2, 0.2, 0.2, 0.2, 0.2]"
14355,536.8696703637495,698428.7425143289,"[0.2, 0.2, 0.2, 0.2, 0.2]"
14356,943.6744451712931,259168.0987250906,"[0.2, 0.2, 0.2, 0.2, 0.2]"
14357,355.0497166754385,724090.3951295291,"[0.2, 0.2, 0.2, 0.2, 0.2]"
14358,830.3789092514597,695770.1533961587,"[0.2, 0.2, 0.2, 0.2, 0.2]"
14359,851.0280798323323,850698.5624170733,"[0.2, 0.2, 0.2, 0.2, 0.2]"
14360,716.450164437947,116028.16879670421,"[0.2, 0.2, 0.2, 0.2, 0.2]"
14361,700.612732774664,941013.7857947884,"[0.2, 0.2, 0.2, 0.2, 0.2]"
14362,313.74223564651345,913281.4925922711,"[0.2, 0.2, 0.2, 0.2, 0.2]"
14363,76.00759087049482,665699.6327004171,"[0.2, 0.2, 0.2, 0.2, 0.2]"
14364,419.5524036951299,657298.5088339817,"[0.2, 0.2, 0.2, 0.2, 0.2]"
14365,617.1114169306038,312897.9809213425,"[0.2, 0.2, 0.2, 0.2, 0.2]"
14366,445.27026524570664,353372.71673578135,"[0.2, 0.2, 0.2, 0.2, 0.2]"
14367,323.4143918113445,538530.1953857157,"[0.2, 0.2, 0.2, 0.2, 0.2]"
14368,582.1120777407255,141871.73884707244,"[0.2, 0.2, 0.2, 0.2, 0.2]"
14369,508.8906174945448,754176.2337402873,"[0.2, 0.2, 0.2, 0.2, 0.2]"
14370,517.2827388757298,927958.6403210764,"[0.2, 0.2, 0.2, 0.2, 0.2]"
14371,113.127553794723,610811.8167151578,"[0.2, 0.2, 0.2, 0.2, 0.2]"
14372,968.6684792892373,807218.6410859519,"[0.2, 0.2, 0.2, 0.2, 0.2]"
14373,743.4079913005307,995672.8961817425,"[0.2, 0.2, 0.2, 0.2, 0.2]"
14374,323.8451034342882,819195.6544486517,"[0.2, 0.2, 0.2, 0.2, 0.2]"
14375,922.0674547779805,569300.7223597385,"[0.2, 0.2, 0.2, 0.2, 0.2]"
14376,361.2808565078354,112651.4611904092,"[0.2, 0.2, 0.2, 0.2, 0.2]"
14377,953.7462790889824,523984.93485975405,"[0.2, 0.2, 0.2, 0.2, 0.2]"
14378,165.41077451647155,641642.3004971509,"[0.2, 0.2, 0.2, 0.2, 0.2]"
14379,592.1633366739638,173684.4624960013,"[0.2, 0.2, 0.2, 0.2, 0.2]"
14380,150.5087473732946,287491.51188090385,"[0.2, 0.2, 0.2, 0.2, 0.2]"
14381,597.9693867020453,616101.1323472834,"[0.2, 0.2, 0.2, 0.2, 0.2]"
14382,732.4331913808778,686862.0182877944,"[0.2, 0.2, 0.2, 0.2, 0.2]"
14383,406.7512655944261,265081.07505299867,"[0.2, 0.2, 0.2, 0.2, 0.2]"
14384,13.256029012580335,520700.2379427108,"[0.2, 0.2, 0.2, 0.2, 0.2]"
14385,144.75627744118316,967631.9973147193,"[0.2, 0.2, 0.2, 0.2, 0.2]"
14386,190.23314264521824,889495.7270154568,"[0.2, 0.2, 0.2, 0.2, 0.2]"
14387,171.11160948507825,326651.60065292614,"[0.2, 0.2, 0.2, 0.2, 0.2]"
14388,29.367864865605952,115159.73043066335,"[0.2, 0.2, 0.2, 0.2, 0.2]"
14389,390.7597867712811,901974.4480661665,"[0.2, 0.2, 0.2, 0.2, 0.2]"
14390,436.712652041435,908467.3810352937,"[0.2, 0.2, 0.2, 0.2, 0.2]"
14391,661.2811170688273,419772.38519925566,"[0.2, 0.2, 0.2, 0.2, 0.2]"
14392,257.93068592760176,491854.06654702115,"[0.2, 0.2, 0.2, 0.2, 0.2]"
14393,728.4865132229585,844997.014180872,"[0.2, 0.2, 0.2, 0.2, 0.2]"
14394,368.36938680776717,747034.0480685158,"[0.2, 0.2, 0.2, 0.2, 0.2]"
14395,290.6396615118723,681568.7973355443,"[0.2, 0.2, 0.2, 0.2, 0.2]"
14396,953.8008048482052,234258.86101739004,"[0.2, 0.2, 0.2, 0.2, 0.2]"
14397,384.2709837374408,315425.98125341604,"[0.2, 0.2, 0.2, 0.2, 0.2]"
14398,362.7293006270614,128157.66238038446,"[0.2, 0.2, 0.2, 0.2, 0.2]"
14399,472.6532943407046,792915.1029336712,"[0.2, 0.2, 0.2, 0.2, 0.2]"
14400,989.7816498916872,945423.2962127797,"[0.2, 0.2, 0.2, 0.2, 0.2]"
14401,857.5509480216955,917568.8674238623,"[0.2, 0.2, 0.2, 0.2, 0.2]"
14402,688.4096375577207,494370.52479219495,"[0.2, 0.2, 0.2, 0.2, 0.2]"
14403,688.4061013735482,656323.7537629403,"[0.2, 0.2, 0.2, 0.2, 0.2]"
14404,134.54199578023744,610068.7661340149,"[0.2, 0.2, 0.2, 0.2, 0.2]"
14405,497.74969720199005,544833.894658842,"[0.2, 0.2, 0.2, 0.2, 0.2]"
14406,473.6288142012054,574663.7927989934,"[0.2, 0.2, 0.2, 0.2, 0.2]"
14407,58.155660359648635,370734.71688382817,"[0.2, 0.2, 0.2, 0.2, 0.2]"
14408,353.0395976783153,638851.7404430355,"[0.2, 0.2, 0.2, 0.2, 0.2]"
14409,385.59108913462416,790152.9297345061,"[0.2, 0.2, 0.2, 0.2, 0.2]"
14410,524.2655213044217,889811.9560063075,"[0.2, 0.2, 0.2, 0.2, 0.2]"
14411,347.3715350048377,886828.2445192746,"[0.2, 0.2, 0.2, 0.2, 0.2]"
14412,336.63116544841216,442182.43411390134,"[0.2, 0.2, 0.2, 0.2, 0.2]"
14413,415.39042193596697,713999.9942773248,"[0.2, 0.2, 0.2, 0.2, 0.2]"
14414,930.8478582819786,668788.1016932494,"[0.2, 0.2, 0.2, 0.2, 0.2]"
14415,913.1373134753554,962731.2528565333,"[0.2, 0.2, 0.2, 0.2, 0.2]"
14416,372.31018994041744,925464.8355689048,"[0.2, 0.2, 0.2, 0.2, 0.2]"
14417,960.3031748078768,505720.85603614704,"[0.2, 0.2, 0.2, 0.2, 0.2]"
14418,199.43995044657723,275614.3525765931,"[0.2, 0.2, 0.2, 0.2, 0.2]"
14419,455.7094032027817,409375.3395419758,"[0.2, 0.2, 0.2, 0.2, 0.2]"
14420,900.7235935422245,230026.99077702133,"[0.2, 0.2, 0.2, 0.2, 0.2]"
14421,253.77353398508185,318364.941687588,"[0.2, 0.2, 0.2, 0.2, 0.2]"
14422,395.2242631403629,309138.88349039445,"[0.2, 0.2, 0.2, 0.2, 0.2]"
14423,240.83429536210323,871839.7598442741,"[0.2, 0.2, 0.2, 0.2, 0.2]"
14424,138.57332522481107,450563.9839487925,"[0.2, 0.2, 0.2, 0.2, 0.2]"
14425,215.6095749871239,243382.55794030314,"[0.2, 0.2, 0.2, 0.2, 0.2]"
14426,187.98869453544765,756943.1833586314,"[0.2, 0.2, 0.2, 0.2, 0.2]"
14427,130.06611396820887,927208.6071955761,"[0.2, 0.2, 0.2, 0.2, 0.2]"
14428,879.857108081414,839856.9730997465,"[0.2, 0.2, 0.2, 0.2, 0.2]"
14429,612.5353787272971,636036.2876328651,"[0.2, 0.2, 0.2, 0.2, 0.2]"
14430,120.73757760220418,129315.00404539023,"[0.2, 0.2, 0.2, 0.2, 0.2]"
14431,229.91115571595464,319812.8255464408,"[0.2, 0.2, 0.2, 0.2, 0.2]"
14432,885.7767532520675,766047.2788162754,"[0.2, 0.2, 0.2, 0.2, 0.2]"
14433,399.5283125895987,503275.42635135946,"[0.2, 0.2, 0.2, 0.2, 0.2]"
14434,392.4750778585386,975273.4299573542,"[0.2, 0.2, 0.2, 0.2, 0.2]"
14435,522.1010919849068,443430.9184840463,"[0.2, 0.2, 0.2, 0.2, 0.2]"
14436,534.5220812444377,956275.0150842554,"[0.2, 0.2, 0.2, 0.2, 0.2]"
14437,136.19941241770974,723600.8462351467,"[0.2, 0.2, 0.2, 0.2, 0.2]"
14438,273.994990041015,260174.4542503575,"[0.2, 0.2, 0.2, 0.2, 0.2]"
14439,896.5170649536594,977007.6802258529,"[0.2, 0.2, 0.2, 0.2, 0.2]"
14440,689.4194771257626,274512.79652969656,"[0.2, 0.2, 0.2, 0.2, 0.2]"
14441,692.3281984321111,577615.2322327116,"[0.2, 0.2, 0.2, 0.2, 0.2]"
14442,806.9378881655887,265513.22377516236,"[0.2, 0.2, 0.2, 0.2, 0.2]"
14443,571.1054525104212,997026.1406553485,"[0.2, 0.2, 0.2, 0.2, 0.2]"
14444,55.07709530030838,167109.94862116023,"[0.2, 0.2, 0.2, 0.2, 0.2]"
14445,709.2221289475724,264771.5420867127,"[0.2, 0.2, 0.2, 0.2, 0.2]"
14446,119.52912035519063,151059.86266206155,"[0.2, 0.2, 0.2, 0.2, 0.2]"
14447,924.6815027890758,878685.5625812797,"[0.2, 0.2, 0.2, 0.2, 0.2]"
14448,30.810197152300706,835746.3473342577,"[0.2, 0.2, 0.2, 0.2, 0.2]"
14449,941.3418434090348,281575.45193971717,"[0.2, 0.2, 0.2, 0.2, 0.2]"
14450,393.5255108772872,543116.5046264915,"[0.2, 0.2, 0.2, 0.2, 0.2]"
14451,997.4214428576607,968039.8451701333,"[0.2, 0.2, 0.2, 0.2, 0.2]"
14452,169.5572532719316,822025.0920123846,"[0.2, 0.2, 0.2, 0.2, 0.2]"
14453,623.920114627468,442042.0102559312,"[0.2, 0.2, 0.2, 0.2, 0.2]"
14454,349.6662329671473,329626.20254061837,"[0.2, 0.2, 0.2, 0.2, 0.2]"
14455,793.1901753149804,805588.0841332286,"[0.2, 0.2, 0.2, 0.2, 0.2]"
14456,191.59101519381184,420781.0306494032,"[0.2, 0.2, 0.2, 0.2, 0.2]"
14457,351.84980070495436,209632.85870792766,"[0.2, 0.2, 0.2, 0.2, 0.2]"
14458,744.7995041684314,855416.7955273807,"[0.2, 0.2, 0.2, 0.2, 0.2]"
14459,719.5960731649577,431209.08419117826,"[0.2, 0.2, 0.2, 0.2, 0.2]"
14460,71.64929986047746,330424.29959734995,"[0.2, 0.2, 0.2, 0.2, 0.2]"
14461,373.73170682746104,806807.3666989917,"[0.2, 0.2, 0.2, 0.2, 0.2]"
14462,620.3720986903595,327085.8466254682,"[0.2, 0.2, 0.2, 0.2, 0.2]"
14463,776.7546881281645,461621.49543477595,"[0.2, 0.2, 0.2, 0.2, 0.2]"
14464,176.72447101795314,924876.7888944797,"[0.2, 0.2, 0.2, 0.2, 0.2]"
14465,508.82659638412576,988278.6305248698,"[0.2, 0.2, 0.2, 0.2, 0.2]"
14466,863.1692853622526,446356.2141005941,"[0.2, 0.2, 0.2, 0.2, 0.2]"
14467,905.9208397829672,362830.3582783071,"[0.2, 0.2, 0.2, 0.2, 0.2]"
14468,309.2288295916581,318299.34837230196,"[0.2, 0.2, 0.2, 0.2, 0.2]"
14469,678.6438210282618,305633.8616589371,"[0.2, 0.2, 0.2, 0.2, 0.2]"
14470,55.72648311078778,104669.4320776181,"[0.2, 0.2, 0.2, 0.2, 0.2]"
14471,289.832616846336,924666.7911731191,"[0.2, 0.2, 0.2, 0.2, 0.2]"
14472,935.8061979549358,964357.296245488,"[0.2, 0.2, 0.2, 0.2, 0.2]"
14473,285.1985068351922,954944.9859013543,"[0.2, 0.2, 0.2, 0.2, 0.2]"
14474,918.987347243108,182675.60970927292,"[0.2, 0.2, 0.2, 0.2, 0.2]"
14475,136.149882688766,431423.83195239096,"[0.2, 0.2, 0.2, 0.2, 0.2]"
14476,727.6067450604523,999438.4463437106,"[0.2, 0.2, 0.2, 0.2, 0.2]"
14477,196.355161513512,618967.2600841409,"[0.2, 0.2, 0.2, 0.2, 0.2]"
14478,575.5604751869122,649767.7334381662,"[0.2, 0.2, 0.2, 0.2, 0.2]"
14479,284.4063481492038,816130.5591297783,"[0.2, 0.2, 0.2, 0.2, 0.2]"
14480,679.3669421394249,260248.45948172203,"[0.2, 0.2, 0.2, 0.2, 0.2]"
14481,121.21023826451562,685924.4366040132,"[0.2, 0.2, 0.2, 0.2, 0.2]"
14482,446.64338614084136,804553.0213799544,"[0.2, 0.2, 0.2, 0.2, 0.2]"
14483,383.1575010747833,524302.756268719,"[0.2, 0.2, 0.2, 0.2, 0.2]"
14484,19.773349171914298,674456.2218199047,"[0.2, 0.2, 0.2, 0.2, 0.2]"
14485,706.1102715599737,306982.1558738587,"[0.2, 0.2, 0.2, 0.2, 0.2]"
14486,352.1595351141511,794883.6588089148,"[0.2, 0.2, 0.2, 0.2, 0.2]"
14487,758.0524126488546,535991.453270207,"[0.2, 0.2, 0.2, 0.2, 0.2]"
14488,660.8385054573346,552812.0798071525,"[0.2, 0.2, 0.2, 0.2, 0.2]"
14489,697.8252672919729,996837.7970507401,"[0.2, 0.2, 0.2, 0.2, 0.2]"
14490,380.8654822512116,885657.0860126803,"[0.2, 0.2, 0.2, 0.2, 0.2]"
14491,746.1804189397449,106418.96446831479,"[0.2, 0.2, 0.2, 0.2, 0.2]"
14492,99.61413160651752,218692.9302295148,"[0.2, 0.2, 0.2, 0.2, 0.2]"
14493,720.5294463844648,718514.7186443132,"[0.2, 0.2, 0.2, 0.2, 0.2]"
14494,933.5097759820093,107420.67583672854,"[0.2, 0.2, 0.2, 0.2, 0.2]"
14495,839.0391497161369,938184.0534256031,"[0.2, 0.2, 0.2, 0.2, 0.2]"
14496,581.142567117851,779104.2902679853,"[0.2, 0.2, 0.2, 0.2, 0.2]"
14497,199.92895575338446,306224.01594048843,"[0.2, 0.2, 0.2, 0.2, 0.2]"
14498,655.9855296621574,873135.0837230798,"[0.2, 0.2, 0.2, 0.2, 0.2]"
14499,339.7729711135158,654176.5773165408,"[0.2, 0.2, 0.2, 0.2, 0.2]"
14500,903.5189126081724,282625.92688811105,"[0.2, 0.2, 0.2, 0.2, 0.2]"
14501,829.7993816795042,870677.0018066436,"[0.2, 0.2, 0.2, 0.2, 0.2]"
14502,341.9541525021666,348699.8314489057,"[0.2, 0.2, 0.2, 0.2, 0.2]"
14503,480.28096686991,551227.3679101684,"[0.2, 0.2, 0.2, 0.2, 0.2]"
14504,199.56837020334675,393478.78050430276,"[0.2, 0.2, 0.2, 0.2, 0.2]"
14505,169.47220134003916,812290.5577755067,"[0.2, 0.2, 0.2, 0.2, 0.2]"
14506,132.15701817410084,236095.06552311074,"[0.2, 0.2, 0.2, 0.2, 0.2]"
14507,866.2378563354873,213600.49012006973,"[0.2, 0.2, 0.2, 0.2, 0.2]"
14508,280.99827918760536,292796.1226148841,"[0.2, 0.2, 0.2, 0.2, 0.2]"
14509,496.1662138511477,181437.91896386744,"[0.2, 0.2, 0.2, 0.2, 0.2]"
14510,520.3965907723168,717699.5391382322,"[0.2, 0.2, 0.2, 0.2, 0.2]"
14511,359.0727012118123,896783.9284281887,"[0.2, 0.2, 0.2, 0.2, 0.2]"
14512,558.5976929985698,467195.98265602044,"[0.2, 0.2, 0.2, 0.2, 0.2]"
14513,491.9466837844368,833529.0415624082,"[0.2, 0.2, 0.2, 0.2, 0.2]"
14514,730.4860386245309,520280.832372579,"[0.2, 0.2, 0.2, 0.2, 0.2]"
14515,840.4575143887699,292603.05870799994,"[0.2, 0.2, 0.2, 0.2, 0.2]"
14516,822.7200343777123,274635.4890801428,"[0.2, 0.2, 0.2, 0.2, 0.2]"
14517,984.0032584805545,520308.45145790477,"[0.2, 0.2, 0.2, 0.2, 0.2]"
14518,401.36324619358237,475528.1109666279,"[0.2, 0.2, 0.2, 0.2, 0.2]"
14519,821.4505244805638,592180.439076893,"[0.2, 0.2, 0.2, 0.2, 0.2]"
14520,737.7960888753925,540492.244586608,"[0.2, 0.2, 0.2, 0.2, 0.2]"
14521,651.6770572210281,828995.1164552581,"[0.2, 0.2, 0.2, 0.2, 0.2]"
14522,230.719352597904,633262.6204586074,"[0.2, 0.2, 0.2, 0.2, 0.2]"
14523,750.1862977102674,641767.6605995381,"[0.2, 0.2, 0.2, 0.2, 0.2]"
14524,660.0998450219129,750771.4259355081,"[0.2, 0.2, 0.2, 0.2, 0.2]"
14525,538.167675486767,746509.2478783438,"[0.2, 0.2, 0.2, 0.2, 0.2]"
14526,476.1933879833926,486782.0853625774,"[0.2, 0.2, 0.2, 0.2, 0.2]"
14527,800.4016737945102,526725.6129495767,"[0.2, 0.2, 0.2, 0.2, 0.2]"
14528,117.56846295059854,623891.787791421,"[0.2, 0.2, 0.2, 0.2, 0.2]"
14529,682.1603430920151,359206.78332201275,"[0.2, 0.2, 0.2, 0.2, 0.2]"
14530,864.5232136862155,584398.956693309,"[0.2, 0.2, 0.2, 0.2, 0.2]"
14531,588.68264377602,131251.0800101654,"[0.2, 0.2, 0.2, 0.2, 0.2]"
14532,825.9753849824413,917202.9064676831,"[0.2, 0.2, 0.2, 0.2, 0.2]"
14533,316.4322714293052,324065.0246731745,"[0.2, 0.2, 0.2, 0.2, 0.2]"
14534,186.8449746758493,558954.6042137241,"[0.2, 0.2, 0.2, 0.2, 0.2]"
14535,327.0641917174498,145100.1184358754,"[0.2, 0.2, 0.2, 0.2, 0.2]"
14536,849.4782991761376,692613.4558221673,"[0.2, 0.2, 0.2, 0.2, 0.2]"
14537,922.4744152148786,430666.58390700043,"[0.2, 0.2, 0.2, 0.2, 0.2]"
14538,74.03320824818721,134610.59379893343,"[0.2, 0.2, 0.2, 0.2, 0.2]"
14539,374.09330800518075,521562.88536090415,"[0.2, 0.2, 0.2, 0.2, 0.2]"
14540,833.600282651118,428154.38679197966,"[0.2, 0.2, 0.2, 0.2, 0.2]"
14541,717.8131821991877,493796.75210727553,"[0.2, 0.2, 0.2, 0.2, 0.2]"
14542,632.969903642997,353499.40262913564,"[0.2, 0.2, 0.2, 0.2, 0.2]"
14543,671.6019049244302,473037.9457681284,"[0.2, 0.2, 0.2, 0.2, 0.2]"
14544,890.161623159923,391556.42448394606,"[0.2, 0.2, 0.2, 0.2, 0.2]"
14545,373.70252949761283,483332.81121468195,"[0.2, 0.2, 0.2, 0.2, 0.2]"
14546,28.675944382572375,562237.7351265568,"[0.2, 0.2, 0.2, 0.2, 0.2]"
14547,889.2444861186805,316493.04026154056,"[0.2, 0.2, 0.2, 0.2, 0.2]"
14548,257.42099110423464,769478.3737624912,"[0.2, 0.2, 0.2, 0.2, 0.2]"
14549,186.33054029997948,906654.0363326757,"[0.2, 0.2, 0.2, 0.2, 0.2]"
14550,611.3656240223195,591039.624309052,"[0.2, 0.2, 0.2, 0.2, 0.2]"
14551,161.9235933046118,566673.2144105965,"[0.2, 0.2, 0.2, 0.2, 0.2]"
14552,714.3081545425147,902915.2685693146,"[0.2, 0.2, 0.2, 0.2, 0.2]"
14553,445.55509556902757,470930.4206572531,"[0.2, 0.2, 0.2, 0.2, 0.2]"
14554,902.3578305986631,265192.8172501715,"[0.2, 0.2, 0.2, 0.2, 0.2]"
14555,902.1950643972135,214720.42425854356,"[0.2, 0.2, 0.2, 0.2, 0.2]"
14556,770.3949422677483,813602.9986660709,"[0.2, 0.2, 0.2, 0.2, 0.2]"
14557,229.5976962250577,367984.5436020256,"[0.2, 0.2, 0.2, 0.2, 0.2]"
14558,103.91801975102491,270081.3101306541,"[0.2, 0.2, 0.2, 0.2, 0.2]"
14559,274.17055639988047,275808.02888148464,"[0.2, 0.2, 0.2, 0.2, 0.2]"
14560,786.0224433381279,465836.2271823756,"[0.2, 0.2, 0.2, 0.2, 0.2]"
14561,802.7173325917857,309282.7185769966,"[0.2, 0.2, 0.2, 0.2, 0.2]"
14562,483.9874715947379,210432.50290517643,"[0.2, 0.2, 0.2, 0.2, 0.2]"
14563,142.06519837469008,344382.39568288054,"[0.2, 0.2, 0.2, 0.2, 0.2]"
14564,89.30379408553193,861041.261520491,"[0.2, 0.2, 0.2, 0.2, 0.2]"
14565,674.4302649329544,632352.8339975771,"[0.2, 0.2, 0.2, 0.2, 0.2]"
14566,735.0903888377753,514669.8560141153,"[0.2, 0.2, 0.2, 0.2, 0.2]"
14567,207.67200357626166,252297.57129362292,"[0.2, 0.2, 0.2, 0.2, 0.2]"
14568,277.6821732787242,212504.15846973017,"[0.2, 0.2, 0.2, 0.2, 0.2]"
14569,139.30722990181567,383070.08811737335,"[0.2, 0.2, 0.2, 0.2, 0.2]"
14570,782.6854502562262,375654.37202778406,"[0.2, 0.2, 0.2, 0.2, 0.2]"
14571,407.5432642382406,138393.46441553606,"[0.2, 0.2, 0.2, 0.2, 0.2]"
14572,752.5289726500955,197130.57311506371,"[0.2, 0.2, 0.2, 0.2, 0.2]"
14573,775.6073450601604,793315.2005005172,"[0.2, 0.2, 0.2, 0.2, 0.2]"
14574,653.718414077102,267386.45095699944,"[0.2, 0.2, 0.2, 0.2, 0.2]"
14575,807.7413464505836,355330.44154931576,"[0.2, 0.2, 0.2, 0.2, 0.2]"
14576,553.8761891247465,118663.43854679634,"[0.2, 0.2, 0.2, 0.2, 0.2]"
14577,478.4386106660884,985022.6271912027,"[0.2, 0.2, 0.2, 0.2, 0.2]"
14578,589.2087110387963,767934.7932475631,"[0.2, 0.2, 0.2, 0.2, 0.2]"
14579,320.4674696406618,251944.11596395684,"[0.2, 0.2, 0.2, 0.2, 0.2]"
14580,212.16690475916056,738210.3356298358,"[0.2, 0.2, 0.2, 0.2, 0.2]"
14581,64.03588152872972,917225.5180851428,"[0.2, 0.2, 0.2, 0.2, 0.2]"
14582,643.3268788302215,103023.61587957435,"[0.2, 0.2, 0.2, 0.2, 0.2]"
14583,386.35422423096105,910618.2726730393,"[0.2, 0.2, 0.2, 0.2, 0.2]"
14584,739.896119861682,576141.9454264006,"[0.2, 0.2, 0.2, 0.2, 0.2]"
14585,213.10279328233037,696871.2155828016,"[0.2, 0.2, 0.2, 0.2, 0.2]"
14586,575.5756097880434,473531.3824967373,"[0.2, 0.2, 0.2, 0.2, 0.2]"
14587,610.6299147589241,857763.425297914,"[0.2, 0.2, 0.2, 0.2, 0.2]"
14588,304.84947646312037,237701.04956910116,"[0.2, 0.2, 0.2, 0.2, 0.2]"
14589,212.2188997634282,312008.6851105634,"[0.2, 0.2, 0.2, 0.2, 0.2]"
14590,246.42650539525292,745687.9713904324,"[0.2, 0.2, 0.2, 0.2, 0.2]"
14591,602.6877237813087,262384.1559824561,"[0.2, 0.2, 0.2, 0.2, 0.2]"
14592,232.78375416076648,400004.9408813233,"[0.2, 0.2, 0.2, 0.2, 0.2]"
14593,168.7950321429001,497364.71068429283,"[0.2, 0.2, 0.2, 0.2, 0.2]"
14594,572.0353120898023,667233.4524486347,"[0.2, 0.2, 0.2, 0.2, 0.2]"
14595,428.70685961639566,319570.52996228926,"[0.2, 0.2, 0.2, 0.2, 0.2]"
14596,763.358229666028,635302.0053106848,"[0.2, 0.2, 0.2, 0.2, 0.2]"
14597,623.3832356239299,180483.85189743876,"[0.2, 0.2, 0.2, 0.2, 0.2]"
14598,440.1578089631598,631597.4212038679,"[0.2, 0.2, 0.2, 0.2, 0.2]"
14599,745.4564921577856,283733.7853918988,"[0.2, 0.2, 0.2, 0.2, 0.2]"
14600,650.1590022329473,640466.6460020668,"[0.2, 0.2, 0.2, 0.2, 0.2]"
14601,349.99963968435554,684971.3563548871,"[0.2, 0.2, 0.2, 0.2, 0.2]"
14602,223.0909190912836,492554.5259866637,"[0.2, 0.2, 0.2, 0.2, 0.2]"
14603,919.997713925922,966128.9552828745,"[0.2, 0.2, 0.2, 0.2, 0.2]"
14604,58.00623908759969,265509.98897487635,"[0.2, 0.2, 0.2, 0.2, 0.2]"
14605,774.615887471234,744569.9404749228,"[0.2, 0.2, 0.2, 0.2, 0.2]"
14606,630.1235455602285,481923.0342662313,"[0.2, 0.2, 0.2, 0.2, 0.2]"
14607,166.9304517294966,279521.9341003583,"[0.2, 0.2, 0.2, 0.2, 0.2]"
14608,859.8915413750179,783313.3169789916,"[0.2, 0.2, 0.2, 0.2, 0.2]"
14609,526.5214852038957,790892.9580691453,"[0.2, 0.2, 0.2, 0.2, 0.2]"
14610,336.48530277658705,577948.6788323792,"[0.2, 0.2, 0.2, 0.2, 0.2]"
14611,366.1629038266661,581519.5742084305,"[0.2, 0.2, 0.2, 0.2, 0.2]"
14612,933.9476094028777,558362.462495191,"[0.2, 0.2, 0.2, 0.2, 0.2]"
14613,662.4567355298723,407071.6327664755,"[0.2, 0.2, 0.2, 0.2, 0.2]"
14614,445.96215618542874,538872.9371662231,"[0.2, 0.2, 0.2, 0.2, 0.2]"
14615,659.3692035060328,497597.6752369263,"[0.2, 0.2, 0.2, 0.2, 0.2]"
14616,474.0575934568034,846520.5617679738,"[0.2, 0.2, 0.2, 0.2, 0.2]"
14617,195.1601477204218,679180.423152431,"[0.2, 0.2, 0.2, 0.2, 0.2]"
14618,35.433585058231,946168.9392862718,"[0.2, 0.2, 0.2, 0.2, 0.2]"
14619,307.5196639932306,946868.5268211545,"[0.2, 0.2, 0.2, 0.2, 0.2]"
14620,505.9687123029123,764637.033065555,"[0.2, 0.2, 0.2, 0.2, 0.2]"
14621,882.0115231016059,366828.24714609404,"[0.2, 0.2, 0.2, 0.2, 0.2]"
14622,752.3017212725147,847684.261974652,"[0.2, 0.2, 0.2, 0.2, 0.2]"
14623,70.84082828771615,550531.6478557732,"[0.2, 0.2, 0.2, 0.2, 0.2]"
14624,710.2987437503816,536235.9183375689,"[0.2, 0.2, 0.2, 0.2, 0.2]"
14625,440.4927258476021,437476.3263567154,"[0.2, 0.2, 0.2, 0.2, 0.2]"
14626,254.94926466976895,569241.666324618,"[0.2, 0.2, 0.2, 0.2, 0.2]"
14627,574.5641094217076,128283.31359522782,"[0.2, 0.2, 0.2, 0.2, 0.2]"
14628,912.5609482084885,535643.2803250868,"[0.2, 0.2, 0.2, 0.2, 0.2]"
14629,971.8636929523128,172598.6769093028,"[0.2, 0.2, 0.2, 0.2, 0.2]"
14630,460.85129738290925,811850.5738403223,"[0.2, 0.2, 0.2, 0.2, 0.2]"
14631,182.11306528279852,930740.5909184776,"[0.2, 0.2, 0.2, 0.2, 0.2]"
14632,792.7169408844204,252300.7824828192,"[0.2, 0.2, 0.2, 0.2, 0.2]"
14633,393.5025713653539,312396.7154121321,"[0.2, 0.2, 0.2, 0.2, 0.2]"
14634,333.54818056065756,411101.5048201013,"[0.2, 0.2, 0.2, 0.2, 0.2]"
14635,897.7768150371126,189308.12678971427,"[0.2, 0.2, 0.2, 0.2, 0.2]"
14636,952.4090631684619,629739.7287520829,"[0.2, 0.2, 0.2, 0.2, 0.2]"
14637,531.8291805859333,528589.0803630992,"[0.2, 0.2, 0.2, 0.2, 0.2]"
14638,278.77684465343435,661649.429880489,"[0.2, 0.2, 0.2, 0.2, 0.2]"
14639,174.80423233274036,901037.0729443101,"[0.2, 0.2, 0.2, 0.2, 0.2]"
14640,313.63817435260324,692538.6019160867,"[0.2, 0.2, 0.2, 0.2, 0.2]"
14641,187.24754718245043,216498.5913829943,"[0.2, 0.2, 0.2, 0.2, 0.2]"
14642,313.13199177030884,783736.8358126965,"[0.2, 0.2, 0.2, 0.2, 0.2]"
14643,21.544290625136036,317854.40373504924,"[0.2, 0.2, 0.2, 0.2, 0.2]"
14644,773.7241575705239,937471.1367855861,"[0.2, 0.2, 0.2, 0.2, 0.2]"
14645,772.3548614081848,247980.80655067338,"[0.2, 0.2, 0.2, 0.2, 0.2]"
14646,666.0939418176062,736963.084139081,"[0.2, 0.2, 0.2, 0.2, 0.2]"
14647,489.1944366852497,663186.0628887251,"[0.2, 0.2, 0.2, 0.2, 0.2]"
14648,249.45367756784162,710775.4840919776,"[0.2, 0.2, 0.2, 0.2, 0.2]"
14649,508.30777143596305,489851.7498603827,"[0.2, 0.2, 0.2, 0.2, 0.2]"
14650,20.628161834163443,698078.4469955186,"[0.2, 0.2, 0.2, 0.2, 0.2]"
14651,867.343194674529,706333.9921458787,"[0.2, 0.2, 0.2, 0.2, 0.2]"
14652,10.99948772719641,508287.0327433197,"[0.2, 0.2, 0.2, 0.2, 0.2]"
14653,829.7897040533252,194284.91410898307,"[0.2, 0.2, 0.2, 0.2, 0.2]"
14654,764.2060257110111,222230.36111338827,"[0.2, 0.2, 0.2, 0.2, 0.2]"
14655,119.58983968555494,374467.79833788075,"[0.2, 0.2, 0.2, 0.2, 0.2]"
14656,836.5433627232479,768940.6229826469,"[0.2, 0.2, 0.2, 0.2, 0.2]"
14657,93.20298196280804,907441.2832546773,"[0.2, 0.2, 0.2, 0.2, 0.2]"
14658,829.8111807834304,337150.8847515326,"[0.2, 0.2, 0.2, 0.2, 0.2]"
14659,670.3041498870067,742916.5783873616,"[0.2, 0.2, 0.2, 0.2, 0.2]"
14660,601.0776706397603,477198.8851273305,"[0.2, 0.2, 0.2, 0.2, 0.2]"
14661,277.25577182832626,769683.6624327487,"[0.2, 0.2, 0.2, 0.2, 0.2]"
14662,546.7869276701895,121654.61585936368,"[0.2, 0.2, 0.2, 0.2, 0.2]"
14663,269.02392273790497,920323.1663932431,"[0.2, 0.2, 0.2, 0.2, 0.2]"
14664,893.5869377779278,148131.51301175583,"[0.2, 0.2, 0.2, 0.2, 0.2]"
14665,610.9317565946549,227491.07782897406,"[0.2, 0.2, 0.2, 0.2, 0.2]"
14666,616.3379544133509,631489.3100647504,"[0.2, 0.2, 0.2, 0.2, 0.2]"
14667,497.77901552152684,997893.3065725308,"[0.2, 0.2, 0.2, 0.2, 0.2]"
14668,321.8210454586707,252946.2438325594,"[0.2, 0.2, 0.2, 0.2, 0.2]"
14669,826.3037265600819,841618.0563804869,"[0.2, 0.2, 0.2, 0.2, 0.2]"
14670,271.9638596639237,633562.1174044281,"[0.2, 0.2, 0.2, 0.2, 0.2]"
14671,677.9211964044149,719172.710617863,"[0.2, 0.2, 0.2, 0.2, 0.2]"
14672,334.586858968175,982423.9191124223,"[0.2, 0.2, 0.2, 0.2, 0.2]"
14673,994.9667006138894,572908.7601697003,"[0.2, 0.2, 0.2, 0.2, 0.2]"
14674,543.1948937467916,583271.5536809636,"[0.2, 0.2, 0.2, 0.2, 0.2]"
14675,623.9323857531219,341745.42955688376,"[0.2, 0.2, 0.2, 0.2, 0.2]"
14676,76.15614817072814,921415.1631288598,"[0.2, 0.2, 0.2, 0.2, 0.2]"
14677,138.12324442332593,844237.5616337175,"[0.2, 0.2, 0.2, 0.2, 0.2]"
14678,266.82971963591024,484801.77176260774,"[0.2, 0.2, 0.2, 0.2, 0.2]"
14679,704.1041322048409,372665.170707144,"[0.2, 0.2, 0.2, 0.2, 0.2]"
14680,587.7718280731461,782255.0305946647,"[0.2, 0.2, 0.2, 0.2, 0.2]"
14681,860.8215824159465,815041.4794559182,"[0.2, 0.2, 0.2, 0.2, 0.2]"
14682,671.7191130618152,947611.0936825405,"[0.2, 0.2, 0.2, 0.2, 0.2]"
14683,613.9178301388814,441406.46600728994,"[0.2, 0.2, 0.2, 0.2, 0.2]"
14684,880.1493394308263,752508.3038926545,"[0.2, 0.2, 0.2, 0.2, 0.2]"
14685,980.045728309831,892273.2326020102,"[0.2, 0.2, 0.2, 0.2, 0.2]"
14686,888.5077614061689,144650.48626781366,"[0.2, 0.2, 0.2, 0.2, 0.2]"
14687,95.24073359865771,444008.4688806351,"[0.2, 0.2, 0.2, 0.2, 0.2]"
14688,848.3050410635981,431489.3955291641,"[0.2, 0.2, 0.2, 0.2, 0.2]"
14689,722.2905965100679,381938.1826825735,"[0.2, 0.2, 0.2, 0.2, 0.2]"
14690,699.0381336180143,730179.1092243333,"[0.2, 0.2, 0.2, 0.2, 0.2]"
14691,669.5478064335447,473701.28326256416,"[0.2, 0.2, 0.2, 0.2, 0.2]"
14692,808.1864330270556,331240.259877483,"[0.2, 0.2, 0.2, 0.2, 0.2]"
14693,742.6537345474887,503331.2063217694,"[0.2, 0.2, 0.2, 0.2, 0.2]"
14694,505.87529415490513,960395.6626567806,"[0.2, 0.2, 0.2, 0.2, 0.2]"
14695,11.295356685403954,352074.0914195498,"[0.2, 0.2, 0.2, 0.2, 0.2]"
14696,329.1213942973482,579904.3844787374,"[0.2, 0.2, 0.2, 0.2, 0.2]"
14697,888.1574925607541,924219.7165804919,"[0.2, 0.2, 0.2, 0.2, 0.2]"
14698,934.7836646269152,335972.9084274834,"[0.2, 0.2, 0.2, 0.2, 0.2]"
14699,244.5702913114567,693272.1827425002,"[0.2, 0.2, 0.2, 0.2, 0.2]"
14700,874.7768895297928,517918.9817786855,"[0.2, 0.2, 0.2, 0.2, 0.2]"
14701,570.3989135352715,846016.3169693901,"[0.2, 0.2, 0.2, 0.2, 0.2]"
14702,444.1086440787513,411347.9678867406,"[0.2, 0.2, 0.2, 0.2, 0.2]"
14703,682.5400292711404,627487.4766278897,"[0.2, 0.2, 0.2, 0.2, 0.2]"
14704,594.411651647723,517206.3601326392,"[0.2, 0.2, 0.2, 0.2, 0.2]"
14705,982.9503835273424,894421.4162058457,"[0.2, 0.2, 0.2, 0.2, 0.2]"
14706,299.19094480475405,576852.7953165493,"[0.2, 0.2, 0.2, 0.2, 0.2]"
14707,500.64753308499826,659646.6810687623,"[0.2, 0.2, 0.2, 0.2, 0.2]"
14708,719.3885410026394,636530.1437949236,"[0.2, 0.2, 0.2, 0.2, 0.2]"
14709,239.01035394617665,527910.7740023038,"[0.2, 0.2, 0.2, 0.2, 0.2]"
14710,558.3273295742054,447102.69871335145,"[0.2, 0.2, 0.2, 0.2, 0.2]"
14711,817.7119063291494,194149.51450610638,"[0.2, 0.2, 0.2, 0.2, 0.2]"
14712,539.6044786919426,287462.51051445503,"[0.2, 0.2, 0.2, 0.2, 0.2]"
14713,285.7603313125437,200496.17788308696,"[0.2, 0.2, 0.2, 0.2, 0.2]"
14714,416.5312629832352,755880.9675899352,"[0.2, 0.2, 0.2, 0.2, 0.2]"
14715,781.336405616974,307641.38909458707,"[0.2, 0.2, 0.2, 0.2, 0.2]"
14716,51.48667859998368,772004.4072219,"[0.2, 0.2, 0.2, 0.2, 0.2]"
14717,446.169268850369,897853.1768943045,"[0.2, 0.2, 0.2, 0.2, 0.2]"
14718,916.3047066345472,685624.2771795318,"[0.2, 0.2, 0.2, 0.2, 0.2]"
14719,207.35523688677955,822059.2753743307,"[0.2, 0.2, 0.2, 0.2, 0.2]"
14720,830.7220048833381,887771.7740886966,"[0.2, 0.2, 0.2, 0.2, 0.2]"
14721,583.4792962570583,334254.59709954425,"[0.2, 0.2, 0.2, 0.2, 0.2]"
14722,554.4829011568098,722243.26106632,"[0.2, 0.2, 0.2, 0.2, 0.2]"
14723,841.0691988642532,273082.4422690499,"[0.2, 0.2, 0.2, 0.2, 0.2]"
14724,574.2546422581271,870894.4467688699,"[0.2, 0.2, 0.2, 0.2, 0.2]"
14725,860.2933863970051,558204.1992635898,"[0.2, 0.2, 0.2, 0.2, 0.2]"
14726,121.50456451228719,789235.6952915444,"[0.2, 0.2, 0.2, 0.2, 0.2]"
14727,909.0176401721407,746963.6620591875,"[0.2, 0.2, 0.2, 0.2, 0.2]"
14728,784.5119507139351,215916.44402478612,"[0.2, 0.2, 0.2, 0.2, 0.2]"
14729,952.9257430918701,149022.7261562908,"[0.2, 0.2, 0.2, 0.2, 0.2]"
14730,53.354335909731816,741125.0575276638,"[0.2, 0.2, 0.2, 0.2, 0.2]"
14731,677.7206930513206,159588.45056527408,"[0.2, 0.2, 0.2, 0.2, 0.2]"
14732,522.7289155752027,834556.99173978,"[0.2, 0.2, 0.2, 0.2, 0.2]"
14733,432.149081907308,465769.8437417563,"[0.2, 0.2, 0.2, 0.2, 0.2]"
14734,120.45605548702413,687614.0397344509,"[0.2, 0.2, 0.2, 0.2, 0.2]"
14735,11.613174765909859,716751.8755952836,"[0.2, 0.2, 0.2, 0.2, 0.2]"
14736,25.66954928322285,828232.430004328,"[0.2, 0.2, 0.2, 0.2, 0.2]"
14737,925.4547402084936,486209.0056157877,"[0.2, 0.2, 0.2, 0.2, 0.2]"
14738,139.26294108364237,457604.0609278076,"[0.2, 0.2, 0.2, 0.2, 0.2]"
14739,408.4723193780373,423781.1318084631,"[0.2, 0.2, 0.2, 0.2, 0.2]"
14740,902.3967859234447,271350.2408819299,"[0.2, 0.2, 0.2, 0.2, 0.2]"
14741,477.807746943959,947576.7328207467,"[0.2, 0.2, 0.2, 0.2, 0.2]"
14742,532.4666473748698,534348.2732921487,"[0.2, 0.2, 0.2, 0.2, 0.2]"
14743,23.797724210952126,166737.7675152773,"[0.2, 0.2, 0.2, 0.2, 0.2]"
14744,471.1718022862218,202552.32355264644,"[0.2, 0.2, 0.2, 0.2, 0.2]"
14745,168.7656071806624,702178.3142765493,"[0.2, 0.2, 0.2, 0.2, 0.2]"
14746,888.7239599615049,542734.1879437815,"[0.2, 0.2, 0.2, 0.2, 0.2]"
14747,682.265905594153,320077.5001268111,"[0.2, 0.2, 0.2, 0.2, 0.2]"
14748,711.025836708545,929640.8713567149,"[0.2, 0.2, 0.2, 0.2, 0.2]"
14749,339.10501192695824,131422.29836742947,"[0.2, 0.2, 0.2, 0.2, 0.2]"
14750,475.32466052970017,953145.8732150011,"[0.2, 0.2, 0.2, 0.2, 0.2]"
14751,110.21273277314963,785741.7745504807,"[0.2, 0.2, 0.2, 0.2, 0.2]"
14752,89.00674173415057,282216.8999123745,"[0.2, 0.2, 0.2, 0.2, 0.2]"
14753,679.289276435214,515884.7276652189,"[0.2, 0.2, 0.2, 0.2, 0.2]"
14754,915.0693477570752,374213.60680922103,"[0.2, 0.2, 0.2, 0.2, 0.2]"
14755,709.1000773923639,456189.33277568506,"[0.2, 0.2, 0.2, 0.2, 0.2]"
14756,862.6209547090177,818991.1090621429,"[0.2, 0.2, 0.2, 0.2, 0.2]"
14757,388.00028431151685,943391.7103191734,"[0.2, 0.2, 0.2, 0.2, 0.2]"
14758,224.7298794808903,799538.8803032673,"[0.2, 0.2, 0.2, 0.2, 0.2]"
14759,249.34834797924154,668150.2529172947,"[0.2, 0.2, 0.2, 0.2, 0.2]"
14760,696.7756110389325,460125.6158666298,"[0.2, 0.2, 0.2, 0.2, 0.2]"
14761,151.9187221169353,577625.913193632,"[0.2, 0.2, 0.2, 0.2, 0.2]"
14762,984.5679933650349,278923.3985376975,"[0.2, 0.2, 0.2, 0.2, 0.2]"
14763,786.1932930814455,686416.2432866346,"[0.2, 0.2, 0.2, 0.2, 0.2]"
14764,300.12763335929606,383774.1155147533,"[0.2, 0.2, 0.2, 0.2, 0.2]"
14765,957.4435519459003,792009.5877997797,"[0.2, 0.2, 0.2, 0.2, 0.2]"
14766,36.3634979411693,273500.67082593206,"[0.2, 0.2, 0.2, 0.2, 0.2]"
14767,391.3252991305602,809488.5582597005,"[0.2, 0.2, 0.2, 0.2, 0.2]"
14768,521.2600759872823,540681.542706154,"[0.2, 0.2, 0.2, 0.2, 0.2]"
14769,219.19883026122736,641017.2057423926,"[0.2, 0.2, 0.2, 0.2, 0.2]"
14770,940.175890186024,579707.8260563618,"[0.2, 0.2, 0.2, 0.2, 0.2]"
14771,623.5468878087623,340364.9059844434,"[0.2, 0.2, 0.2, 0.2, 0.2]"
14772,110.67786158995035,920728.9724259826,"[0.2, 0.2, 0.2, 0.2, 0.2]"
14773,315.66556628403447,239552.15951442355,"[0.2, 0.2, 0.2, 0.2, 0.2]"
14774,715.775416973805,763240.8685779371,"[0.2, 0.2, 0.2, 0.2, 0.2]"
14775,948.3264807488827,774565.5360787289,"[0.2, 0.2, 0.2, 0.2, 0.2]"
14776,696.9374930337766,842436.4811407157,"[0.2, 0.2, 0.2, 0.2, 0.2]"
14777,483.29556895728103,252549.49977551814,"[0.2, 0.2, 0.2, 0.2, 0.2]"
14778,26.586163979306498,132320.62551268146,"[0.2, 0.2, 0.2, 0.2, 0.2]"
14779,829.7384541071508,857256.7952710334,"[0.2, 0.2, 0.2, 0.2, 0.2]"
14780,139.2404095170137,747776.8376434866,"[0.2, 0.2, 0.2, 0.2, 0.2]"
14781,309.35712797414783,916181.6993237385,"[0.2, 0.2, 0.2, 0.2, 0.2]"
14782,376.4121340795311,535381.4831665393,"[0.2, 0.2, 0.2, 0.2, 0.2]"
14783,162.95497943364086,552386.1804958662,"[0.2, 0.2, 0.2, 0.2, 0.2]"
14784,597.1145554320532,930181.8736101002,"[0.2, 0.2, 0.2, 0.2, 0.2]"
14785,845.8580849461025,350432.7301353644,"[0.2, 0.2, 0.2, 0.2, 0.2]"
14786,390.87711056427,129775.13989048332,"[0.2, 0.2, 0.2, 0.2, 0.2]"
14787,328.418577877765,219062.98812014243,"[0.2, 0.2, 0.2, 0.2, 0.2]"
14788,399.72701279714977,909118.9113627486,"[0.2, 0.2, 0.2, 0.2, 0.2]"
14789,784.564234908323,142539.45911845856,"[0.2, 0.2, 0.2, 0.2, 0.2]"
14790,108.30379076944648,649861.0686451608,"[0.2, 0.2, 0.2, 0.2, 0.2]"
14791,929.7456914524454,206912.03138486756,"[0.2, 0.2, 0.2, 0.2, 0.2]"
14792,674.3810335064964,392418.5134816931,"[0.2, 0.2, 0.2, 0.2, 0.2]"
14793,316.95100378778363,784599.6519985753,"[0.2, 0.2, 0.2, 0.2, 0.2]"
14794,229.77500820841158,394112.4806904202,"[0.2, 0.2, 0.2, 0.2, 0.2]"
14795,761.7787661118671,256886.80530023482,"[0.2, 0.2, 0.2, 0.2, 0.2]"
14796,345.24663383986723,511594.4933925897,"[0.2, 0.2, 0.2, 0.2, 0.2]"
14797,675.6682837479952,788478.1369218042,"[0.2, 0.2, 0.2, 0.2, 0.2]"
14798,466.5756017110803,604148.609743468,"[0.2, 0.2, 0.2, 0.2, 0.2]"
14799,11.311886988345169,573225.0966968411,"[0.2, 0.2, 0.2, 0.2, 0.2]"
14800,592.6534952710375,547636.2779981475,"[0.2, 0.2, 0.2, 0.2, 0.2]"
14801,508.58771411063293,636861.9932259556,"[0.2, 0.2, 0.2, 0.2, 0.2]"
14802,289.65329860181686,524806.536094553,"[0.2, 0.2, 0.2, 0.2, 0.2]"
14803,117.41990970384391,933374.8942336923,"[0.2, 0.2, 0.2, 0.2, 0.2]"
14804,276.3248032907669,518519.6460102294,"[0.2, 0.2, 0.2, 0.2, 0.2]"
14805,815.1399267359745,374202.58245418617,"[0.2, 0.2, 0.2, 0.2, 0.2]"
14806,967.7164027434575,411757.1601819765,"[0.2, 0.2, 0.2, 0.2, 0.2]"
14807,21.889086638075003,582547.9560528436,"[0.2, 0.2, 0.2, 0.2, 0.2]"
14808,653.9903911904214,260669.05843335338,"[0.2, 0.2, 0.2, 0.2, 0.2]"
14809,502.83304419433136,426118.2798649808,"[0.2, 0.2, 0.2, 0.2, 0.2]"
14810,87.95333748915647,372877.16152074997,"[0.2, 0.2, 0.2, 0.2, 0.2]"
14811,383.4350125052241,779056.969880051,"[0.2, 0.2, 0.2, 0.2, 0.2]"
14812,424.67991325877847,624371.9139303267,"[0.2, 0.2, 0.2, 0.2, 0.2]"
14813,625.6499063869531,315449.39858417655,"[0.2, 0.2, 0.2, 0.2, 0.2]"
14814,489.11637758124186,590702.4685983814,"[0.2, 0.2, 0.2, 0.2, 0.2]"
14815,212.01946892828266,357435.77037899813,"[0.2, 0.2, 0.2, 0.2, 0.2]"
14816,780.2910867491294,320635.71977831237,"[0.2, 0.2, 0.2, 0.2, 0.2]"
14817,742.4964021800871,295569.96780813625,"[0.2, 0.2, 0.2, 0.2, 0.2]"
14818,280.13800780102594,650095.9869713316,"[0.2, 0.2, 0.2, 0.2, 0.2]"
14819,470.5615665041603,642601.5254907515,"[0.2, 0.2, 0.2, 0.2, 0.2]"
14820,775.7950005231286,711835.0501926224,"[0.2, 0.2, 0.2, 0.2, 0.2]"
14821,560.7371914571173,350600.8412370597,"[0.2, 0.2, 0.2, 0.2, 0.2]"
14822,244.6293506098991,895604.0207066011,"[0.2, 0.2, 0.2, 0.2, 0.2]"
14823,355.46557659420193,760784.5476048442,"[0.2, 0.2, 0.2, 0.2, 0.2]"
14824,468.4981487224728,468881.1465630963,"[0.2, 0.2, 0.2, 0.2, 0.2]"
14825,511.0202709336169,347560.30503182614,"[0.2, 0.2, 0.2, 0.2, 0.2]"
14826,656.7378901952341,483114.4580114607,"[0.2, 0.2, 0.2, 0.2, 0.2]"
14827,100.91120581558863,487390.41608749144,"[0.2, 0.2, 0.2, 0.2, 0.2]"
14828,210.5623599467352,663385.1686907917,"[0.2, 0.2, 0.2, 0.2, 0.2]"
14829,602.8309060700911,264510.5970598704,"[0.2, 0.2, 0.2, 0.2, 0.2]"
14830,724.0334651103622,608499.8200145508,"[0.2, 0.2, 0.2, 0.2, 0.2]"
14831,958.552835236664,201093.19423254515,"[0.2, 0.2, 0.2, 0.2, 0.2]"
14832,691.5223234886171,324295.9273053315,"[0.2, 0.2, 0.2, 0.2, 0.2]"
14833,33.43391087851921,974849.6920237473,"[0.2, 0.2, 0.2, 0.2, 0.2]"
14834,110.1160331187214,758436.837731378,"[0.2, 0.2, 0.2, 0.2, 0.2]"
14835,85.6331967279537,742291.9300234222,"[0.2, 0.2, 0.2, 0.2, 0.2]"
14836,925.7834191900247,965148.6622061349,"[0.2, 0.2, 0.2, 0.2, 0.2]"
14837,563.7494624033469,624968.3074556456,"[0.2, 0.2, 0.2, 0.2, 0.2]"
14838,288.5182348495858,431276.22611453186,"[0.2, 0.2, 0.2, 0.2, 0.2]"
14839,875.0226765965399,583442.1134751141,"[0.2, 0.2, 0.2, 0.2, 0.2]"
14840,912.8272930789954,474422.80083079473,"[0.2, 0.2, 0.2, 0.2, 0.2]"
14841,911.1155576045792,405851.18612507585,"[0.2, 0.2, 0.2, 0.2, 0.2]"
14842,517.4218152136926,892282.0116047235,"[0.2, 0.2, 0.2, 0.2, 0.2]"
14843,749.0481735241357,959573.1546146021,"[0.2, 0.2, 0.2, 0.2, 0.2]"
14844,406.54403766436155,574716.7261468982,"[0.2, 0.2, 0.2, 0.2, 0.2]"
14845,414.4209040890174,565409.7974164565,"[0.2, 0.2, 0.2, 0.2, 0.2]"
14846,552.754163809077,810302.7635171863,"[0.2, 0.2, 0.2, 0.2, 0.2]"
14847,629.316071090937,602914.1583605304,"[0.2, 0.2, 0.2, 0.2, 0.2]"
14848,275.07461382719424,287821.3579021189,"[0.2, 0.2, 0.2, 0.2, 0.2]"
14849,623.1177628852134,161530.1954581307,"[0.2, 0.2, 0.2, 0.2, 0.2]"
14850,31.519768979247168,734731.3800326207,"[0.2, 0.2, 0.2, 0.2, 0.2]"
14851,904.3383692790536,253837.63693711496,"[0.2, 0.2, 0.2, 0.2, 0.2]"
14852,65.9858412118073,325847.6405623603,"[0.2, 0.2, 0.2, 0.2, 0.2]"
14853,45.958942718120916,232491.9742800621,"[0.2, 0.2, 0.2, 0.2, 0.2]"
14854,674.9773284679999,620602.7233956745,"[0.2, 0.2, 0.2, 0.2, 0.2]"
14855,260.03827208369603,348627.7846354573,"[0.2, 0.2, 0.2, 0.2, 0.2]"
14856,566.4933408804568,806018.9414833246,"[0.2, 0.2, 0.2, 0.2, 0.2]"
14857,259.7096280478116,738403.127895072,"[0.2, 0.2, 0.2, 0.2, 0.2]"
14858,462.2069525072538,269937.4948945873,"[0.2, 0.2, 0.2, 0.2, 0.2]"
14859,891.6284807444101,840129.5042171514,"[0.2, 0.2, 0.2, 0.2, 0.2]"
14860,985.3799020044642,123785.54636431254,"[0.2, 0.2, 0.2, 0.2, 0.2]"
14861,652.2082924176594,171019.51418238878,"[0.2, 0.2, 0.2, 0.2, 0.2]"
14862,866.887432582164,522046.30456420576,"[0.2, 0.2, 0.2, 0.2, 0.2]"
14863,399.0660507797,963501.56508061,"[0.2, 0.2, 0.2, 0.2, 0.2]"
14864,882.8249268051579,292397.1199968321,"[0.2, 0.2, 0.2, 0.2, 0.2]"
14865,545.5415065649578,783151.5120820933,"[0.2, 0.2, 0.2, 0.2, 0.2]"
14866,692.7230140457364,640613.4293272613,"[0.2, 0.2, 0.2, 0.2, 0.2]"
14867,662.2918212025312,525659.2643671661,"[0.2, 0.2, 0.2, 0.2, 0.2]"
14868,428.2779953875001,808876.8553284906,"[0.2, 0.2, 0.2, 0.2, 0.2]"
14869,752.1977301847193,901751.4327076526,"[0.2, 0.2, 0.2, 0.2, 0.2]"
14870,744.0713316372954,905318.6590875708,"[0.2, 0.2, 0.2, 0.2, 0.2]"
14871,922.0145599023031,352060.40035064175,"[0.2, 0.2, 0.2, 0.2, 0.2]"
14872,911.0833479159107,441570.1874943401,"[0.2, 0.2, 0.2, 0.2, 0.2]"
14873,657.5247979295548,459084.53688128677,"[0.2, 0.2, 0.2, 0.2, 0.2]"
14874,175.70938984596438,310007.44298165495,"[0.2, 0.2, 0.2, 0.2, 0.2]"
14875,930.2326185306003,295318.4333476142,"[0.2, 0.2, 0.2, 0.2, 0.2]"
14876,241.4060804114994,797242.486444896,"[0.2, 0.2, 0.2, 0.2, 0.2]"
14877,343.7737884894673,710888.611840161,"[0.2, 0.2, 0.2, 0.2, 0.2]"
14878,723.4754637258902,478776.6981965121,"[0.2, 0.2, 0.2, 0.2, 0.2]"
14879,628.6649653281556,916399.6940104073,"[0.2, 0.2, 0.2, 0.2, 0.2]"
14880,220.4230953373425,138370.37346483732,"[0.2, 0.2, 0.2, 0.2, 0.2]"
14881,743.7388893297452,802020.4967537305,"[0.2, 0.2, 0.2, 0.2, 0.2]"
14882,874.6823258958096,957236.0031118066,"[0.2, 0.2, 0.2, 0.2, 0.2]"
14883,178.29450022739678,363717.6431587152,"[0.2, 0.2, 0.2, 0.2, 0.2]"
14884,48.60759744720834,683395.0455104591,"[0.2, 0.2, 0.2, 0.2, 0.2]"
14885,975.5638178350879,795290.8513159705,"[0.2, 0.2, 0.2, 0.2, 0.2]"
14886,244.22742265718514,824702.0726098171,"[0.2, 0.2, 0.2, 0.2, 0.2]"
14887,752.3042864770769,819519.2948567659,"[0.2, 0.2, 0.2, 0.2, 0.2]"
14888,371.2884546513703,239274.01062347225,"[0.2, 0.2, 0.2, 0.2, 0.2]"
14889,546.2178945655668,785326.2780064188,"[0.2, 0.2, 0.2, 0.2, 0.2]"
14890,913.7909637034267,955833.5694574226,"[0.2, 0.2, 0.2, 0.2, 0.2]"
14891,74.12330785723344,140064.8504730031,"[0.2, 0.2, 0.2, 0.2, 0.2]"
14892,306.81745259517953,532755.3343931139,"[0.2, 0.2, 0.2, 0.2, 0.2]"
14893,546.0524058675775,545015.5095136866,"[0.2, 0.2, 0.2, 0.2, 0.2]"
14894,692.0758746166169,177900.76364871042,"[0.2, 0.2, 0.2, 0.2, 0.2]"
14895,190.65943731122053,375737.42249710247,"[0.2, 0.2, 0.2, 0.2, 0.2]"
14896,150.74164847985648,530223.3971773997,"[0.2, 0.2, 0.2, 0.2, 0.2]"
14897,189.7516233170335,725027.1778063821,"[0.2, 0.2, 0.2, 0.2, 0.2]"
14898,496.4011494515261,109352.06036936902,"[0.2, 0.2, 0.2, 0.2, 0.2]"
14899,234.612124937709,985095.9726629221,"[0.2, 0.2, 0.2, 0.2, 0.2]"
14900,688.6761612218735,281685.3629198031,"[0.2, 0.2, 0.2, 0.2, 0.2]"
14901,580.164247631635,592472.4228254647,"[0.2, 0.2, 0.2, 0.2, 0.2]"
14902,110.0576953136408,961607.517980259,"[0.2, 0.2, 0.2, 0.2, 0.2]"
14903,826.5181033856866,436481.8232510044,"[0.2, 0.2, 0.2, 0.2, 0.2]"
14904,347.9935319572851,219535.2713353731,"[0.2, 0.2, 0.2, 0.2, 0.2]"
14905,778.8028800850752,668637.3605848339,"[0.2, 0.2, 0.2, 0.2, 0.2]"
14906,104.06850054831509,162462.8384165871,"[0.2, 0.2, 0.2, 0.2, 0.2]"
14907,363.2592670796901,800824.1378890898,"[0.2, 0.2, 0.2, 0.2, 0.2]"
14908,331.96797617687605,884922.4569312035,"[0.2, 0.2, 0.2, 0.2, 0.2]"
14909,318.0062464744072,586191.6653778794,"[0.2, 0.2, 0.2, 0.2, 0.2]"
14910,988.3566279708731,771578.3162972594,"[0.2, 0.2, 0.2, 0.2, 0.2]"
14911,615.688789199531,892797.625923669,"[0.2, 0.2, 0.2, 0.2, 0.2]"
14912,798.3274723206458,299061.2932500283,"[0.2, 0.2, 0.2, 0.2, 0.2]"
14913,399.34576347908296,341109.4719917488,"[0.2, 0.2, 0.2, 0.2, 0.2]"
14914,136.05287752230106,402705.68123489694,"[0.2, 0.2, 0.2, 0.2, 0.2]"
14915,844.8411550208518,102579.41736406922,"[0.2, 0.2, 0.2, 0.2, 0.2]"
14916,934.1867884108261,679368.311011203,"[0.2, 0.2, 0.2, 0.2, 0.2]"
14917,288.7668257980074,591663.494586328,"[0.2, 0.2, 0.2, 0.2, 0.2]"
14918,26.652837901086123,953371.3972372242,"[0.2, 0.2, 0.2, 0.2, 0.2]"
14919,21.820702835639104,512947.8589272968,"[0.2, 0.2, 0.2, 0.2, 0.2]"
14920,813.3060786845324,458918.58425123384,"[0.2, 0.2, 0.2, 0.2, 0.2]"
14921,441.83432837118465,405348.94811471226,"[0.2, 0.2, 0.2, 0.2, 0.2]"
14922,817.67473292857,344614.88026573276,"[0.2, 0.2, 0.2, 0.2, 0.2]"
14923,305.31438367523447,570357.9288017974,"[0.2, 0.2, 0.2, 0.2, 0.2]"
14924,957.9478214738893,660618.9825412035,"[0.2, 0.2, 0.2, 0.2, 0.2]"
14925,255.67027340546753,828419.6455694874,"[0.2, 0.2, 0.2, 0.2, 0.2]"
14926,154.96578470594122,793350.6033104848,"[0.2, 0.2, 0.2, 0.2, 0.2]"
14927,829.7202269974415,841921.0614317259,"[0.2, 0.2, 0.2, 0.2, 0.2]"
14928,285.0535041188417,160082.59358797548,"[0.2, 0.2, 0.2, 0.2, 0.2]"
14929,34.187628593565734,457883.06166694866,"[0.2, 0.2, 0.2, 0.2, 0.2]"
14930,846.9396927834061,885443.4623490006,"[0.2, 0.2, 0.2, 0.2, 0.2]"
14931,183.67055751306663,102492.51581216842,"[0.2, 0.2, 0.2, 0.2, 0.2]"
14932,422.0630782037956,305259.7608852009,"[0.2, 0.2, 0.2, 0.2, 0.2]"
14933,570.1039215824873,240404.06261733186,"[0.2, 0.2, 0.2, 0.2, 0.2]"
14934,541.7670599908378,250704.2921820927,"[0.2, 0.2, 0.2, 0.2, 0.2]"
14935,122.73494653073749,272795.3867717159,"[0.2, 0.2, 0.2, 0.2, 0.2]"
14936,786.6441130283388,594593.2047365906,"[0.2, 0.2, 0.2, 0.2, 0.2]"
14937,817.3467478243897,397896.70935817336,"[0.2, 0.2, 0.2, 0.2, 0.2]"
14938,952.2040597118498,344504.74444671907,"[0.2, 0.2, 0.2, 0.2, 0.2]"
14939,947.4117290502594,834521.1281170062,"[0.2, 0.2, 0.2, 0.2, 0.2]"
14940,844.3444525302662,375727.56243007403,"[0.2, 0.2, 0.2, 0.2, 0.2]"
14941,514.8018478645552,853225.1349829483,"[0.2, 0.2, 0.2, 0.2, 0.2]"
14942,217.19266855157196,945870.5123120608,"[0.2, 0.2, 0.2, 0.2, 0.2]"
14943,251.14587747243394,621745.2424162757,"[0.2, 0.2, 0.2, 0.2, 0.2]"
14944,688.2391699724424,578931.6701493884,"[0.2, 0.2, 0.2, 0.2, 0.2]"
14945,267.5351640915416,137140.7048212148,"[0.2, 0.2, 0.2, 0.2, 0.2]"
14946,942.8576323949974,163800.48205660895,"[0.2, 0.2, 0.2, 0.2, 0.2]"
14947,440.66667058546847,786186.2387655592,"[0.2, 0.2, 0.2, 0.2, 0.2]"
14948,951.0983766850576,901995.2312894335,"[0.2, 0.2, 0.2, 0.2, 0.2]"
14949,588.8466781654334,445723.667844975,"[0.2, 0.2, 0.2, 0.2, 0.2]"
14950,870.3629196044312,286588.4969751126,"[0.2, 0.2, 0.2, 0.2, 0.2]"
14951,43.41977989615842,724557.4161351293,"[0.2, 0.2, 0.2, 0.2, 0.2]"
14952,998.6294970586592,716487.0349680592,"[0.2, 0.2, 0.2, 0.2, 0.2]"
14953,133.7735795668499,446248.7689591592,"[0.2, 0.2, 0.2, 0.2, 0.2]"
14954,42.12172292328728,680698.6658722499,"[0.2, 0.2, 0.2, 0.2, 0.2]"
14955,758.8036789494035,139654.5877782238,"[0.2, 0.2, 0.2, 0.2, 0.2]"
14956,672.4031150600462,880600.072409055,"[0.2, 0.2, 0.2, 0.2, 0.2]"
14957,292.3414321905865,246415.28156236518,"[0.2, 0.2, 0.2, 0.2, 0.2]"
14958,805.857654945498,359494.21633768163,"[0.2, 0.2, 0.2, 0.2, 0.2]"
14959,734.4841415202511,966410.2321387407,"[0.2, 0.2, 0.2, 0.2, 0.2]"
14960,485.85795049822553,302427.1392957211,"[0.2, 0.2, 0.2, 0.2, 0.2]"
14961,747.99713727569,108921.97469596173,"[0.2, 0.2, 0.2, 0.2, 0.2]"
14962,320.99117214736884,201812.83010579192,"[0.2, 0.2, 0.2, 0.2, 0.2]"
14963,926.2456019331644,958916.7508952166,"[0.2, 0.2, 0.2, 0.2, 0.2]"
14964,428.7852111580274,412642.1253506062,"[0.2, 0.2, 0.2, 0.2, 0.2]"
14965,605.5815683107263,683347.064643975,"[0.2, 0.2, 0.2, 0.2, 0.2]"
14966,540.3238507593811,834518.9947675901,"[0.2, 0.2, 0.2, 0.2, 0.2]"
14967,224.49424814704656,478636.14437387977,"[0.2, 0.2, 0.2, 0.2, 0.2]"
14968,518.227561842165,562729.3444850636,"[0.2, 0.2, 0.2, 0.2, 0.2]"
14969,853.5821148795661,692220.7772111841,"[0.2, 0.2, 0.2, 0.2, 0.2]"
14970,23.132370379852897,418636.50693997083,"[0.2, 0.2, 0.2, 0.2, 0.2]"
14971,371.85908049890025,470863.83588878444,"[0.2, 0.2, 0.2, 0.2, 0.2]"
14972,590.2129265590814,439924.1210884025,"[0.2, 0.2, 0.2, 0.2, 0.2]"
14973,492.12146232987664,457440.7607985534,"[0.2, 0.2, 0.2, 0.2, 0.2]"
14974,923.0630071779718,384009.4432004021,"[0.2, 0.2, 0.2, 0.2, 0.2]"
14975,545.2569424076258,273384.2294273806,"[0.2, 0.2, 0.2, 0.2, 0.2]"
14976,765.3549270387723,580930.8515730582,"[0.2, 0.2, 0.2, 0.2, 0.2]"
14977,897.8898687174695,278240.7583004906,"[0.2, 0.2, 0.2, 0.2, 0.2]"
14978,912.0875729194606,865839.1477825813,"[0.2, 0.2, 0.2, 0.2, 0.2]"
14979,161.6261092064224,963836.8275124194,"[0.2, 0.2, 0.2, 0.2, 0.2]"
14980,940.1490778433604,245104.65341888546,"[0.2, 0.2, 0.2, 0.2, 0.2]"
14981,221.16343797016617,404263.99952215975,"[0.2, 0.2, 0.2, 0.2, 0.2]"
14982,634.199344418244,363004.6871093281,"[0.2, 0.2, 0.2, 0.2, 0.2]"
14983,302.23185617679644,269661.23536449455,"[0.2, 0.2, 0.2, 0.2, 0.2]"
14984,134.8246286684959,957879.5001238881,"[0.2, 0.2, 0.2, 0.2, 0.2]"
14985,897.8750618214395,271034.1755693038,"[0.2, 0.2, 0.2, 0.2, 0.2]"
14986,668.029613378623,650558.145447177,"[0.2, 0.2, 0.2, 0.2, 0.2]"
14987,687.5341692152773,751037.3557279069,"[0.2, 0.2, 0.2, 0.2, 0.2]"
14988,619.7656427667067,244600.17528241075,"[0.2, 0.2, 0.2, 0.2, 0.2]"
14989,631.9445905631109,248781.79547334148,"[0.2, 0.2, 0.2, 0.2, 0.2]"
14990,629.5873472419472,518800.3852574224,"[0.2, 0.2, 0.2, 0.2, 0.2]"
14991,13.006708408909262,533014.5994433477,"[0.2, 0.2, 0.2, 0.2, 0.2]"
14992,972.4567676557393,415446.3823559609,"[0.2, 0.2, 0.2, 0.2, 0.2]"
14993,893.0089395907276,727758.379923822,"[0.2, 0.2, 0.2, 0.2, 0.2]"
14994,443.91327635458833,531718.0142756009,"[0.2, 0.2, 0.2, 0.2, 0.2]"
14995,528.9038833109553,891143.6051730644,"[0.2, 0.2, 0.2, 0.2, 0.2]"
14996,197.85192897529376,885421.2938320903,"[0.2, 0.2, 0.2, 0.2, 0.2]"
14997,853.0609417271484,479882.3408521009,"[0.2, 0.2, 0.2, 0.2, 0.2]"
14998,926.1653334497437,293198.11770099425,"[0.2, 0.2, 0.2, 0.2, 0.2]"
14999,593.9774454506562,460646.1947529053,"[0.2, 0.2, 0.2, 0.2, 0.2]"
# ('Ethane', 'Propane', 'N-Butane', 'N-Hexane', 'Heptane')\n