,T,P,zs
47925,710.2475207144538,357991.4351795666,"[0.3724639101134205, 0.4156675540453663, 0.2118685358412131]"
21936,125.9798610900337,474768.8086969115,"[0.012442463782647744, 0.7644123695412662, 0.22314516667608605]"
43753,863.963642973287,186420.25644760765,"[0.30548281547287115, 0.5109451313746242, 0.1835720531525047]"
23426,951.8223857892862,172041.27387230325,"[0.05730911652479794, 0.503570542936375, 0.43912034053882704]"
39233,420.60745429075786,183866.8059872558,"[0.32854488851442243, 0.3640658705323583, 0.3073892409532193]"
7606,568.3918583506278,700438.5502409784,"[0.35478197411060686, 0.03228002268616453, 0.6129380032032288]"
23123,903.59601851127,708990.8008416625,"[0.8846887497262197, 0.11099729765159447, 0.00431395262218591]"
21547,951.6497814447875,290918.8414493395,"[0.8843945254171921, 0.08781313213496082, 0.027792342447847097]"
46143,278.7818978819933,529617.762934143,"[0.1310584311886376, 0.09510610973853732, 0.7738354590728251]"
38453,189.25653219541715,735402.9717009139,"[0.4939676866901007, 0.06661445409196669, 0.4394178592179327]"
45823,107.59141559011138,885185.2185906303,"[0.016231630277545313, 0.7091078975100011, 0.2746604722124535]"
29381,400.24316244821546,438864.0916239165,"[0.04462015361582455, 0.1356527253185725, 0.819727121065603]"
29988,868.553379077149,817785.8921958369,"[0.18547975453627963, 0.3759430678251737, 0.43857717763854676]"
3978,451.1630744881536,661941.3021558648,"[0.08321477814323298, 0.6306364045095751, 0.28614881734719194]"
14372,330.8326690386004,664178.2704553589,"[0.4674628815950342, 0.010656487721081223, 0.5218806306838846]"
41896,702.4143663341481,549072.9475697041,"[0.6766698934439447, 0.26483046838094987, 0.058499638175105395]"
48388,51.81401985112525,629140.0025463201,"[0.43194081667256995, 0.27401968001210153, 0.2940395033153285]"
14362,459.8904504882922,674772.3002949911,"[0.04250055505078044, 0.9191179596451544, 0.03838148530406511]"
31053,244.5075925864939,301364.9929358092,"[0.0760359594687998, 0.09954584558807938, 0.8244181949431209]"
41665,161.03496991065103,165733.22924623266,"[0.5547785001336872, 0.3059545922338, 0.1392669076325128]"
37230,696.8849200159517,987915.6551358546,"[0.06162715041262288, 0.2558163270468094, 0.6825565225405676]"
8293,30.17105702346523,551583.3567304043,"[0.034015194958665625, 0.0780667768911882, 0.8879180281501462]"
30829,579.1415854786162,314451.1515652765,"[0.24336953357386296, 0.39258034199045433, 0.3640501244356826]"
681,330.2267313228367,694613.2827874834,"[0.24316247565488378, 0.08803214999296696, 0.6688053743521493]"
26216,205.5776876174837,100596.65850482848,"[0.02064202005550306, 0.3572456500878923, 0.6221123298566046]"
22730,506.4251203903804,309976.4558055449,"[0.4841920264327813, 0.03816281875252191, 0.4776451548146968]"
2798,484.617589214016,311162.68090041453,"[0.9128038069986066, 0.0241338970451605, 0.06306229595623292]"
46133,21.010059710073232,412243.9419780941,"[0.2914743855217876, 0.20664237590120674, 0.5018832385770056]"
44030,92.28458809690387,545000.9630388157,"[0.27356872897509277, 0.44405532900825545, 0.2823759420166517]"
49962,344.8751788024284,242441.04913027005,"[0.7921869309826322, 0.20721859073195412, 0.0005944782854136079]"
24862,432.02811380096927,671919.1051410208,"[0.15851884844669828, 0.43798961043508516, 0.40349154111821645]"
18956,801.8585948681714,495341.3661153361,"[0.0889795754880053, 0.7112567251344972, 0.19976369937749744]"
14003,281.33490964930974,973344.0465610226,"[0.2781749826791984, 0.10541378374885968, 0.6164112335719418]"
45742,804.9941295509549,706866.9049140334,"[0.028597631994583202, 0.5981445787423388, 0.3732577892630778]"
22702,196.90690277574225,428639.9158944671,"[0.17372066605504916, 0.49137250058065396, 0.334906833364297]"
16363,708.2069115712102,428972.6057737172,"[0.21230371243306057, 0.3593260783020184, 0.4283702092649212]"
5092,707.6928083027233,429576.2653331678,"[0.17459216935907237, 0.4906114600556463, 0.33479637058528133]"
47271,937.0778752838888,734995.5154773917,"[0.09058518124032108, 0.6599813161353945, 0.2494335026242844]"
26868,458.4381125198539,965944.1659674604,"[0.41450042879781535, 0.15705747268273643, 0.42844209851944826]"
15571,45.87608028776454,270685.1215970954,"[0.08249189277540867, 0.15754803721436117, 0.7599600700102301]"
31075,54.66046916312703,915952.8811644616,"[0.17824656518864396, 0.18748023823109217, 0.6342731965802638]"
22703,43.99866035614818,502993.51318593154,"[0.5344844218808918, 0.22798255108448823, 0.23753302703461987]"
3878,455.2532696316365,438062.6159217406,"[0.39682138761413427, 0.19603816749176914, 0.40714044489409656]"
119,629.0769042957234,125867.78907250962,"[0.2931102370691454, 0.34725352904669193, 0.35963623388416255]"
22445,492.41034526306726,952079.3581603504,"[0.5673335765574027, 0.339112249867603, 0.09355417357499413]"
48935,424.9324928348871,390250.3393443766,"[0.06503892792813275, 0.6986976176604536, 0.2362634544114137]"
49128,899.4348867526428,639190.1084276283,"[0.7400591416623981, 0.14406743559130628, 0.11587342274629565]"
34230,405.76014370388987,947765.9451291655,"[0.06069666878697525, 0.3346420142597212, 0.6046613169533036]"
14118,427.7904206686727,449720.5659536287,"[0.6591525986653807, 0.08357824169516774, 0.25726915963945174]"
35607,77.4484603731149,567018.0444282934,"[0.813400906825166, 0.09640740825012442, 0.09019168492470946]"
40650,44.16617717241401,105383.69527864316,"[0.0886774097353434, 0.4774825667409423, 0.43384002352371426]"
16,210.01039862187724,577602.914453086,"[0.11626869929038894, 0.6649785602608896, 0.21875274044872145]"
2040,423.80592086073887,362624.1752390689,"[0.8837273110297709, 0.07773133418686906, 0.03854135478336015]"
33230,600.9897810252302,926957.8842975348,"[0.40725495321234056, 0.3553463864227711, 0.2373986603648883]"
18045,961.5256054762984,356263.569222628,"[0.08070051236174139, 0.8986190035695053, 0.02068048406875331]"
8664,244.4406374545725,390857.2020746944,"[0.5114465880827308, 0.06923406068651004, 0.41931935123075914]"
34218,975.5915143264344,368645.0142968921,"[0.7193309771371952, 0.21567720808250965, 0.06499181478029524]"
1777,678.0862037991374,378305.43761810433,"[0.6692788328316298, 0.17269764476152577, 0.15802352240684442]"
23479,232.2112293546012,771908.7459825597,"[0.031648134677992816, 0.20215825625078612, 0.766193609071221]"
17680,16.42630086875414,721149.0348988783,"[0.6833250400080019, 0.2403315984665811, 0.07634336152541682]"
9277,172.9301091780323,243981.50333515555,"[0.0505214153549561, 0.027907879143628994, 0.9215707055014151]"
36781,385.505852344904,473334.73489609873,"[0.3890892943438989, 0.19430264565639294, 0.41660805999970824]"
28839,393.0047960935887,688068.6421042418,"[0.04765120546412233, 0.6008845509117982, 0.3514642436240796]"
40670,860.265475959913,807071.9722189541,"[0.33828677292225184, 0.17124180755329962, 0.4904714195244486]"
45721,435.7392029213453,909718.6238434748,"[0.5304976091445147, 0.2170344797548824, 0.2524679111006028]"
42338,64.02927432312786,199936.1133567525,"[0.32688793831651036, 0.5972382501451478, 0.07587381153834175]"
40980,482.7510471515226,685166.7453043775,"[0.022725751198876203, 0.34519545785615535, 0.6320787909449685]"
5023,48.16012110829232,934101.6112293792,"[0.5000362776588645, 0.23459222824028492, 0.26537149410085054]"
16954,365.87619177628864,267678.6682943944,"[0.0023664490269456706, 0.022801562992740228, 0.974831987980314]"
21488,786.0679559553517,942046.2620324716,"[0.25340832255154805, 0.6479963966867791, 0.09859528076167302]"
47739,216.2959169628589,804721.6300038779,"[0.6852920410570601, 0.3068636531998177, 0.007844305743122258]"
12264,85.82719954479272,503568.3200264584,"[0.020747472074624376, 0.6877565264841045, 0.2914960014412712]"
226,887.8425075658853,909342.2579829136,"[0.6980036392210422, 0.05562553447556651, 0.2463708263033913]"
21029,286.9498352624601,708793.0636384174,"[0.0011407579981430928, 0.9581934590860945, 0.04066578291576235]"
39071,102.37719724466272,264155.16907616146,"[0.25890310575061043, 0.3827146116380167, 0.35838228261137284]"
37110,228.28706923200417,133310.78541646048,"[0.3231078958052932, 0.6156283148326654, 0.06126378936204142]"
717,474.6289768808141,780905.0422391221,"[0.07222905971195599, 0.8337048126042647, 0.09406612768377928]"
6102,658.77401841187,649027.1262149628,"[0.5394136538289245, 0.23306978682272256, 0.22751655934835277]"
45183,183.8411058084124,865103.3034271767,"[0.15528172352896616, 0.37458407170880326, 0.4701342047622307]"
557,977.4350244469572,821215.7525259405,"[0.202182598725364, 0.5575688532790511, 0.24024854799558484]"
36595,733.0309276881027,871738.4862754086,"[0.30640765100328965, 0.06396643672273133, 0.6296259122739791]"
47038,683.399091911362,985173.8697081855,"[0.04775191891679446, 0.8828638736039064, 0.06938420747929896]"
44057,493.166076407121,598113.1006548173,"[0.1549830951396366, 0.2864673080666598, 0.5585495967937035]"
18064,913.7388738190538,830536.3931414337,"[0.1440395414390461, 0.8136502264271973, 0.04231023213375667]"
45051,116.2952254352471,678384.9454139983,"[0.4708556854332238, 0.4475911306192615, 0.08155318394751467]"
38649,114.8521617232638,136932.42233656615,"[0.12413644185404409, 0.7842139441059854, 0.09164961403997042]"
21821,379.81341261033066,868559.0289147318,"[0.43511325343301177, 0.03618310038766605, 0.5287036461793223]"
25600,699.6235438746451,285838.2767971788,"[0.1366129023613859, 0.38311268236657947, 0.48027441527203457]"
10699,585.4317825105624,214700.1834249452,"[0.3558480843388077, 0.013264996056223407, 0.6308869196049689]"
27287,229.4510864508763,109509.72890271744,"[0.4611417379702462, 0.393877442393575, 0.14498081963617873]"
47657,641.2691755788818,650124.2646628444,"[0.48385207602426555, 0.061872661359834984, 0.45427526261589946]"
30368,322.41896610345697,744962.797174386,"[0.30718796141983473, 0.5876231400608587, 0.10518889851930661]"
3846,887.8430318236938,745849.9764175263,"[0.45044644307687476, 0.3710666521923294, 0.17848690473079587]"
36659,775.2853612251977,434977.8309084107,"[0.22490045932131292, 0.3678588482740744, 0.40724069240461275]"
5862,647.5217852755363,496960.2491045047,"[0.13989121109567798, 0.22783749540236484, 0.6322712935019571]"
16804,955.2642794094209,640723.4810182053,"[0.02248096775682871, 0.3320150155122869, 0.6455040167308843]"
38998,568.2561636646582,801055.5467073293,"[0.14881178742287612, 0.3260934451268275, 0.5250947674502965]"
17601,555.6206990863234,979472.5574505236,"[0.7449196738846277, 0.04367255330295153, 0.21140777281242074]"
8365,116.25884649101364,245572.819097333,"[0.13608708973593575, 0.40240471662278543, 0.46150819364127876]"
48875,815.6170421744185,880597.1303687539,"[0.130020030827272, 0.5000423415479336, 0.3699376276247945]"
10154,765.0736556318074,196490.87008018864,"[0.47320031312136934, 0.3801162839067901, 0.14668340297184063]"
36460,457.0156713094255,113457.37877351369,"[0.23949953508167565, 0.387728108829222, 0.3727723560891022]"
10722,929.4907561234544,131393.43967949552,"[0.16851615314351479, 0.648943791162165, 0.18254005569432025]"
38962,374.5918091174166,426846.889298106,"[0.27587048226493666, 0.45895186788472186, 0.2651776498503413]"
2900,341.006782738004,117911.67319814795,"[0.6190503278695505, 0.18610057580915898, 0.1948490963212905]"
30029,702.4384198944359,144301.9686064597,"[0.054350654860541574, 0.41229772828629063, 0.5333516168531679]"
12475,600.6799738763552,650848.7072334759,"[0.738517896256063, 0.23939932369277728, 0.022082780051159785]"
35545,883.9587620032661,587810.8032232048,"[0.2745108367723865, 0.3843627976796605, 0.3411263655479529]"
12998,873.2125713816364,251629.7946793226,"[0.4288134406513225, 0.14720133091265425, 0.42398522843602326]"
37451,175.7945152380572,941574.970399598,"[0.0975586951007262, 0.8687914746161852, 0.033649830283088565]"
34606,440.129031269891,627139.3464727902,"[0.21906531115921604, 0.7551480720856055, 0.025786616755178415]"
7480,829.084634440404,617217.2837526298,"[0.12412023958031528, 0.3881744766544576, 0.48770528376522704]"
18833,559.8388953512282,553041.2001921078,"[0.028685980610898082, 0.39271357849974764, 0.5786004408893545]"
45526,142.58409278002514,551782.4704935998,"[0.015421056676394448, 0.8991585371545558, 0.08542040616904983]"
25010,375.6174260890298,423943.3128236616,"[0.170765393436689, 0.15715177077960168, 0.6720828357837093]"
35043,567.952228610485,514243.3882137824,"[0.29748490315408394, 0.38631458995928003, 0.3162005068866361]"
47269,597.893050177211,431555.9711106459,"[0.33046259090233027, 0.14455437337167396, 0.5249830357259959]"
39263,350.34994447922924,694192.3718318472,"[0.2850834501593067, 0.1278840238714429, 0.5870325259692506]"
19550,468.6564116711484,738144.7074805441,"[0.4364787787038393, 0.2734147982814319, 0.29010642301472894]"
9396,224.69040831440344,581950.4365664844,"[0.5181659562097841, 0.050652517256022836, 0.43118152653419317]"
22463,866.0256753969933,853171.322806331,"[0.3983048027432232, 0.5598632856649496, 0.04183191159182725]"
24212,573.3034098507519,830230.2198955202,"[0.1767566400499883, 0.8037978067050775, 0.01944555324493426]"
37716,528.9293255124487,371529.64972234337,"[0.4067020585344093, 0.08985610819044347, 0.503441833275147]"
1085,466.38917616750473,795075.8003743562,"[0.637810805558109, 0.1578572001223794, 0.20433199431951168]"
1917,492.1276600541461,640589.9311137141,"[0.1319798572157724, 0.27362636484539293, 0.5943937779388347]"
5275,881.9784433488386,975430.4889819092,"[0.11946808459505537, 0.7901636945343198, 0.0903682208706248]"
32162,143.81266365119518,475487.6595130722,"[0.3249379297615795, 0.054580148186476815, 0.6204819220519435]"
32689,250.1641643334349,407881.1271398169,"[0.4815150499999392, 0.4139755560330008, 0.10450939396706]"
15446,871.5350501781113,824782.3073528057,"[0.036025081148920224, 0.37935066867367384, 0.5846242501774058]"
26244,484.1324193937709,903430.891208437,"[0.26314076707331513, 0.46547825243963936, 0.2713809804870456]"
31928,701.0063634446369,611905.6603467205,"[0.33061611787742046, 0.10362855965496486, 0.5657553224676145]"
15937,169.28728807433575,876870.0136350518,"[0.5790036958454869, 0.3047425544769679, 0.11625374967754513]"
34682,513.7014956334207,554773.376106288,"[0.6579456009696305, 0.06760011906131953, 0.27445427996904986]"
11458,856.2612443935684,911830.1104831592,"[0.7637647659204829, 0.16962207450588987, 0.06661315957362711]"
20212,734.5037737992918,365591.23282418674,"[0.21121587884778853, 0.7875613002695716, 0.0012228208826398279]"
3232,912.8567978817342,854405.5497375987,"[0.1138879560236057, 0.3646873078607355, 0.5214247361156589]"
14871,801.0236840518138,878178.3036592816,"[0.059572863289624065, 0.24298403013321807, 0.697443106577158]"
33822,556.8017060588086,383013.41737059614,"[0.25525851459066023, 0.527214057228516, 0.21752742818082388]"
30389,802.0086548517043,829382.7318437945,"[0.7051613782588511, 0.27089171369319814, 0.023946908047950823]"
15241,321.74289616940524,728761.2292147451,"[0.6473909207792278, 0.006942867392426923, 0.34566621182834545]"
45021,835.6699923378735,161578.2364261267,"[0.2560558948447919, 0.07126053482991156, 0.6726835703252967]"
3160,807.3935238378689,445941.4837302288,"[0.4634345434092533, 0.2085212106612933, 0.32804424592945336]"
43209,786.7920908184647,843914.2515104945,"[0.34461434718057987, 0.5881287733053101, 0.06725687951411016]"
20865,392.2519087392594,695093.9019470051,"[0.3512043843039432, 0.26636896642773583, 0.3824266492683211]"
22328,86.51359400924196,787346.8783264544,"[0.24335564131116072, 0.3981923031629729, 0.3584520555258664]"
33531,366.81540180435087,184603.71616515532,"[0.6266899262050135, 0.3078526004302528, 0.0654574733647338]"
45070,300.502694038771,962710.2325227694,"[0.29361863333879434, 0.5039023344595248, 0.20247903220168084]"
20756,655.4356576864524,457113.9218955941,"[0.08008326083999016, 0.8511287689316728, 0.068787970228337]"
6505,413.97760428617227,501967.27796127787,"[0.4706422967311181, 0.08894575685547532, 0.4404119464134066]"
41263,319.2578221822208,610023.992040443,"[0.1306692492169817, 0.029090554976900735, 0.8402401958061175]"
47288,543.7881564143305,313206.0314559509,"[0.1422613519117934, 0.7607610315226727, 0.09697761656553382]"
34617,656.8914088208578,489366.970523566,"[0.6184953829280343, 0.062335969022117015, 0.31916864804984857]"
45257,195.68319603949308,434793.5806906092,"[0.08472914310883418, 0.18500863462541162, 0.7302622222657542]"
5101,718.5283100113626,898657.4445640781,"[0.2975159830161065, 0.6906632315973263, 0.011820785386567091]"
28380,813.2910816508712,665205.9882338868,"[0.42366853570550816, 0.4869612208580251, 0.08937024343646668]"
29417,185.58684509396812,634654.8156495707,"[0.09377402746921672, 0.21739437349652452, 0.6888315990342588]"
36335,619.2404342167771,169391.2645747161,"[0.332441087634591, 0.5554475120873236, 0.11211140027808518]"
41884,303.248968874728,112156.53054260404,"[0.11750298744514912, 0.21910382678077028, 0.6633931857740806]"
16934,238.64117920770508,648582.2113043831,"[0.7537937789643828, 0.20814049709323243, 0.03806572394238481]"
44729,740.6804241721654,421131.0210443658,"[0.12131602480320128, 0.030760644761879424, 0.8479233304349193]"
39877,295.97212925400567,738580.2027388474,"[0.3498364368531459, 0.23859996226460145, 0.41156360088225263]"
11740,794.0210328209364,777229.2065613997,"[0.01266730279682202, 0.8996331481423332, 0.08769954906084494]"
11199,441.46140783703913,825167.3379356797,"[0.6894967366598909, 0.08353120614427849, 0.2269720571958304]"
26662,619.0545879816619,674411.2190684302,"[0.030787596695622733, 0.21534590159290373, 0.7538665017114734]"
3257,94.53124785540538,424271.3727510657,"[0.6007651568326657, 0.045298582998690634, 0.3539362601686435]"
31659,928.7926472737036,160975.2282593548,"[0.027388579893732053, 0.7697327620196814, 0.20287865808658648]"
34891,708.5790405386747,834161.3617679978,"[0.8130855306085192, 0.18319101094485726, 0.003723458446623476]"
45779,612.8882463974574,979673.398260347,"[0.03185879919126938, 0.9019147966892228, 0.0662264041195078]"
5071,10.585652637918203,108244.37323245867,"[0.10110203144648315, 0.6149477953193351, 0.2839501732341817]"
1090,495.5518364370454,799240.4676076367,"[0.3052050788632196, 0.14216552333549284, 0.5526293978012875]"
678,759.9436659305716,611735.5058324758,"[0.8941643038440336, 0.058028942375593744, 0.04780675378037275]"
21464,89.18772145698196,338278.9387497158,"[0.06523624323932163, 0.2770545029275573, 0.6577092538331213]"
26628,37.30872232189925,786265.968377127,"[0.131742527217789, 0.34515883785989626, 0.5230986349223146]"
352,287.5489769781235,847599.4939828872,"[0.022693593560394118, 0.21277994294094682, 0.764526463498659]"
20740,244.4577046039533,180175.85672667972,"[0.020233690415734546, 0.5838147877589938, 0.39595152182527177]"
38052,646.8337494935919,421963.429647619,"[0.22227333996091317, 0.16420943958968043, 0.6135172204494065]"
8308,548.4929499083797,101692.9512673488,"[0.22000774550934427, 0.5972575925625497, 0.182734661928106]"
24331,234.1763445707275,367228.1917513791,"[0.37941817828271207, 0.46819368925765786, 0.15238813245962998]"
2939,326.52371992736084,829687.7286624837,"[0.18858820841932436, 0.3565163639964041, 0.4548954275842716]"
6695,512.1316137330329,462680.46027765615,"[0.2861656744096567, 0.5330430875168549, 0.1807912380734885]"
36263,692.8019551810717,704565.0698645437,"[0.2533357788577289, 0.17547724143938237, 0.5711869797028888]"
38946,54.53163315224598,542430.2838387308,"[0.4703176668145328, 0.16711814892399363, 0.36256418426147363]"
33023,150.49522282315357,221496.95647548191,"[0.588540527880242, 0.25564749999563186, 0.15581197212412612]"
9633,781.8392159045401,959496.1682693476,"[0.5860045296569418, 0.14859249701512, 0.2654029733279383]"
20783,709.3723910318396,859637.7339765377,"[0.692575814165711, 0.2518526364477516, 0.055571549386537376]"
1810,617.2836413537278,867550.5545688462,"[0.2800491131647914, 0.6826268682909027, 0.03732401854430588]"
9127,954.5718360415516,430554.49011546886,"[0.18920915528075422, 0.30097029313405316, 0.5098205515851926]"
35457,111.47416060621208,717932.2935943517,"[0.06016373811950185, 0.1107347289747698, 0.8291015329057283]"
41253,588.6606139342532,332957.98653362715,"[0.37583453457020405, 0.03841797283778902, 0.585747492592007]"
20960,603.6152088093676,716991.8532086036,"[0.07191816379123249, 0.21940134356527674, 0.7086804926434908]"
5702,63.2091110121784,130285.19450976736,"[0.12317146555483335, 0.5013153488564926, 0.3755131855886741]"
17371,232.13642666815625,302471.93511569186,"[0.025368922940492155, 0.6188274483775547, 0.35580362868195303]"
24576,33.58869632743837,130770.98632434204,"[0.03589340851674341, 0.17108098429014737, 0.7930256071931093]"
19710,672.2629994592675,316038.4502297862,"[0.28093372683611423, 0.16035382044578825, 0.5587124527180976]"
47665,816.9142313800205,653875.3464517462,"[0.27491207602847434, 0.426809537603052, 0.29827838636847376]"
29973,581.1136703990844,559143.0830740989,"[0.23897290276009525, 0.02109594762972521, 0.7399311496101795]"
5519,450.82041006130567,415610.5573275042,"[0.09696589884121928, 0.5917988472022717, 0.311235253956509]"
11700,82.35223745304887,344709.4673244702,"[0.7254140473842636, 0.16570332966457124, 0.10888262295116512]"
4687,685.3151565590949,487974.7831605853,"[0.5998504757034065, 0.14951824029458885, 0.25063128400200463]"
43068,398.611995078494,937564.6261193076,"[0.19766146162406178, 0.6062409863004132, 0.19609755207552493]"
15773,152.5247052301758,460467.30035588384,"[0.022151058418527044, 0.7741377096438805, 0.20371123193759239]"
36929,99.98954827549944,975113.843503698,"[0.8524953733923692, 0.11149899601098454, 0.036005630596646195]"
46698,96.16320018814372,766326.0884313564,"[0.18248972894199456, 0.36985416625732503, 0.4476561048006804]"
9865,531.7296745391919,224625.3210277364,"[0.23325546182712822, 0.585799973998178, 0.18094456417469387]"
29027,581.259859521251,269035.9650388996,"[0.34257528986559005, 0.24749091367678192, 0.409933796457628]"
15520,302.14722861207645,944794.3334611933,"[0.031738512383624344, 0.8378629026800274, 0.13039858493634843]"
26089,436.76083963246697,249132.3352537957,"[0.4363865868689632, 0.039650656262775384, 0.5239627568682613]"
41319,786.5246271611283,104510.413459999,"[0.5856403996978009, 0.07367730728221558, 0.34068229301998365]"
4231,69.46684565251715,639512.3152592266,"[0.572271043985551, 0.22857650696404555, 0.19915244905040352]"
2653,659.0586566613682,484687.65823482303,"[0.12570163724733915, 0.26001969965653626, 0.6142786630961248]"
46685,165.67721290282802,926322.241995562,"[0.685030210374259, 0.21173422277509427, 0.10323556685064644]"
46792,799.3036701566267,743449.7591096006,"[0.4772993009496721, 0.30040066418399497, 0.22230003486633307]"
37889,135.58788831764068,462091.1238864009,"[0.0548684098931218, 0.23062318638986085, 0.7145084037170173]"
35094,679.7958388104623,593545.5947923996,"[0.22083026092581323, 0.6381843315674339, 0.14098540750675292]"
46579,666.1916978416165,949551.6046898544,"[0.49048947317547653, 0.4198912240245225, 0.08961930280000088]"
40984,199.64726723566704,595784.6109065083,"[0.23855773992563714, 0.0790529334745417, 0.6823893265998212]"
388,948.4789711028294,398032.3261258114,"[0.24876957093285842, 0.5334916315874458, 0.21773879747969574]"
7149,51.81874468147398,852120.7249842351,"[0.43815798200030753, 0.4869634020405721, 0.07487861595912015]"
25383,466.7154859136177,137885.6224547978,"[0.35857067977388485, 0.2987910658549437, 0.34263825437117135]"
37824,438.9485433295468,955856.1110079532,"[0.0542833867767019, 0.3888332300065711, 0.5568833832167268]"
3993,89.05449468987207,743809.9276338265,"[0.43597461276572286, 0.03689994527381356, 0.5271254419604636]"
5751,805.962074329285,176536.43143956238,"[0.40481123830769056, 0.4699337403371773, 0.12525502135513206]"
17144,917.2107393321384,902881.6107334152,"[0.007568915543199933, 0.6213018132093646, 0.37112927124743533]"
16620,916.1266049619755,599487.5516013146,"[0.27364660161844784, 0.16090032016871528, 0.5654530782128369]"
28769,963.6780298892515,295219.40164490324,"[0.6383118386679876, 0.03850601409272469, 0.32318214723928773]"
7464,379.0953897046549,287438.8013616502,"[0.04948790324638811, 0.8729472009397955, 0.07756489581381643]"
43351,515.5407842954434,959324.5133357552,"[0.626106920064808, 0.29824599506317423, 0.07564708487201784]"
40098,93.65567714575572,729820.3378129771,"[0.3661033058311109, 0.5007295209621326, 0.13316717320675647]"
15129,836.3029117315194,794611.6747846506,"[0.2679473220273511, 0.5667809828293539, 0.16527169514329507]"
36285,88.63309239215954,773792.1550704874,"[0.13481730154120755, 0.2621037946955806, 0.6030789037632119]"
28776,678.9523030659648,732288.9433961341,"[0.26564572293254085, 0.5116312451990854, 0.22272303186837364]"
40112,380.056100770149,656079.5436456243,"[0.4051261759523068, 0.3104374301375002, 0.284436393910193]"
26640,403.36729692675743,696367.1359073045,"[0.06734055741867576, 0.5283138610801352, 0.40434558150118904]"
27196,311.8930866055469,747900.750253266,"[0.6067807635992695, 0.288764355852838, 0.10445488054789252]"
1613,701.3372644210607,504154.7260574544,"[0.43225067461393, 0.2101577202882936, 0.3575916050977764]"
48704,863.2257510279771,434370.1681046026,"[0.09759088535074058, 0.3213951216821057, 0.5810139929671536]"
26484,179.52347761692047,828779.9296344992,"[0.39725172293781347, 0.40580387947009305, 0.1969443975920934]"
33649,23.38050325068635,235790.62545942084,"[0.7331972768280396, 0.2094251466954743, 0.057377576476486086]"
1408,366.6808523017651,827980.5473945794,"[0.02547916582783493, 0.19577040199649665, 0.7787504321756685]"
16932,615.5477914857945,970771.1730601874,"[0.3241349676505503, 0.41204296440279103, 0.26382206794665874]"
25481,547.1116631663995,519537.41520149785,"[0.31191185961466356, 0.03864035548166824, 0.6494477849036683]"
7034,797.7627444299277,275895.27057148423,"[0.14228774846198877, 0.4393164927608412, 0.4183957587771699]"
35843,745.7030740232422,726550.6459997175,"[0.5840022965526469, 0.1760333339280349, 0.23996436951931815]"
37516,207.5861436613381,124169.30044136844,"[0.05445450605184345, 0.03870013064359485, 0.9068453633045617]"
13147,549.810105450072,447719.8699669643,"[0.2584130243907162, 0.6276190351998672, 0.11396794040941671]"
15806,738.6231950532118,396063.7670606077,"[0.6482717580255215, 0.20131143673182733, 0.15041680524265133]"
30315,188.55490009172533,781325.2915800615,"[0.25198253960469913, 0.14119506606560933, 0.6068223943296915]"
7359,524.2866154290999,565493.636993113,"[0.10029370945523765, 0.48493707140268694, 0.41476921914207554]"
41601,162.10243046085526,532834.3128945599,"[0.05451951223901962, 0.39599028424367644, 0.5494902035173039]"
37552,117.71395303546888,323067.9568909401,"[0.37709309192980855, 0.3290509010207908, 0.2938560070494006]"
34581,589.3485426736545,172353.36326427932,"[0.36544681137932383, 0.541970728640596, 0.09258245998008009]"
43172,334.04639724622973,176696.91008637202,"[0.2632807785157862, 0.5187627415504993, 0.21795647993371442]"
40222,288.1590450038548,309632.8501669445,"[0.12712724040216472, 0.8407584175859428, 0.03211434201189247]"
38042,396.0921736238991,263844.464742642,"[0.7803062063721385, 0.08614002407165447, 0.13355376955620704]"
26383,241.6502497177616,820166.3936116841,"[0.02604488141350858, 0.9463333311721909, 0.027621787414300575]"
26038,144.53321654677458,898378.9883602441,"[0.011857066869379967, 0.1421314967702702, 0.8460114363603499]"
16187,529.1537108014132,909010.1772037138,"[0.31865852597651234, 0.46566836640157494, 0.21567310762191275]"
27664,967.612922953192,988980.0393911316,"[0.06352103478109122, 0.9290452529615139, 0.007433712257394933]"
34375,515.9103369367241,187093.3787556849,"[0.17099882267544342, 0.054326875754806256, 0.7746743015697501]"
21571,473.87272471684906,791524.101640699,"[0.2541293100005242, 0.05910733390272464, 0.686763356096751]"
16480,981.4736827942288,412834.85219258606,"[0.6716509353638488, 0.15719407506846905, 0.17115498956768208]"
19615,257.2976900262444,600042.5141110278,"[0.5309304562905418, 0.3433305777023203, 0.12573896600713808]"
34833,492.1415797427369,461097.0372395148,"[0.17200527138223998, 0.801591850281601, 0.02640287833615922]"
7960,420.1375943989997,861855.4796797626,"[0.3018629489509299, 0.003331759049459812, 0.6948052919996103]"
10203,727.8899736193762,406918.4963812738,"[0.5995076911430346, 0.3603956670929306, 0.04009664176403472]"
38083,525.2212686030117,728951.7992570834,"[0.2046489719995292, 0.603866414507967, 0.19148461349250373]"
32473,334.4477762953655,443618.1511623069,"[0.07743318845484803, 0.6764644300449573, 0.24610238150019467]"
20555,345.3193237963589,888872.1297414852,"[0.8036326791052042, 0.1415383100607334, 0.05482901083406237]"
8561,761.1276456733038,927438.2819967614,"[0.6664709959718451, 0.26777778317600476, 0.06575122085215028]"
35244,640.1436295690019,974752.3827125096,"[0.755040462207884, 0.24034576813952505, 0.004613769652590982]"
6503,328.2424522752033,672633.3826015264,"[0.435629482908993, 0.2706653550309295, 0.2937051620600776]"
13292,39.06505881194957,210182.02819076672,"[0.021911757622759792, 0.7021172400859752, 0.27597100229126525]"
15839,134.7278911904586,297679.63649950846,"[0.6342770540454512, 0.04474646173171283, 0.3209764842228359]"
11357,641.2613797410404,650188.5372331211,"[0.9041357202895562, 0.06769766739504085, 0.02816661231540301]"
33577,942.955074159291,118722.79508762268,"[0.35955459022195063, 0.6054812645605329, 0.03496414521751643]"
45075,79.77311238284229,594419.1253972012,"[0.7541129241437678, 0.20077859969259915, 0.04510847616363296]"
45040,699.671913258706,987780.987970374,"[0.46468004952117853, 0.29261894476596895, 0.2427010057128526]"
22595,215.66232725364577,373662.8461870959,"[0.05031681434988596, 0.4936432422606666, 0.4560399433894474]"
9428,882.8763604937133,367495.7352231888,"[0.27852273178590065, 0.44415815959437566, 0.2773191086197237]"
45698,693.7775159979817,644034.2435684144,"[0.43495158752354407, 0.12414307456174083, 0.44090533791471503]"
7287,736.5647442475906,681709.0881228201,"[0.2778384175677783, 0.2813340052842178, 0.4408275771480038]"
13789,678.2307844034542,692901.3498928272,"[0.12930771111349454, 0.0023683997408014707, 0.8683238891457041]"
46830,102.91226570223398,416658.1188899827,"[0.028712777382003233, 0.293141243966573, 0.6781459786514239]"
3895,384.4623786370019,172704.93871587922,"[0.7124751248862639, 0.07570039131704778, 0.21182448379668836]"
4099,959.5622759327374,160230.64973902446,"[0.3729324782038769, 0.29190311630185944, 0.33516440549426363]"
27169,522.2333904216681,296411.93647002906,"[0.32893318296361135, 0.5591464550966094, 0.11192036193977911]"
16886,935.6371026373492,615445.0952478213,"[0.0006615228910419101, 0.10240301707556806, 0.89693546003339]"
2971,329.93412833789364,208970.2702625411,"[0.739439619066094, 0.22478071146588058, 0.035779669468025625]"
17565,111.9272547241008,830346.3006383294,"[0.048934042180043366, 0.7375880561179331, 0.21347790170202352]"
23771,273.0878704147496,144665.63174328083,"[0.7076539697540104, 0.13928284666554788, 0.15306318358044177]"
29797,338.05820478684694,732049.636962257,"[0.16112489503924812, 0.5689085352077391, 0.26996656975301286]"
49083,335.927138044682,950290.1453698424,"[0.5903457728422935, 0.09314006814273164, 0.31651415901497487]"
26982,801.5073397820662,505012.2543997397,"[0.02856494287042194, 0.42817701709408956, 0.5432580400354884]"
49490,178.17009627414066,484312.0920680355,"[0.22290669096886803, 0.14334002174397928, 0.6337532872871526]"
22695,665.4542938681003,339340.92726054334,"[0.8855055372270144, 0.08826767624857484, 0.026226786524410715]"
13131,826.0210465115915,355138.4161195059,"[0.11591192487918511, 0.16206282760102036, 0.7220252475197946]"
28277,676.4778147688337,722045.1848966656,"[0.10546374538695213, 0.629779746490307, 0.2647565081227409]"
10761,154.31745618911597,636288.7404969863,"[0.24528845358418844, 0.18805304439904064, 0.566658502016771]"
48630,446.59503493585424,637898.693987595,"[0.7049060842972966, 0.24041439119950908, 0.05467952450319435]"
9718,500.2284966179527,960232.7291584272,"[0.19993073196182193, 0.6250015323611054, 0.1750677356770726]"
295,910.099136441242,470262.5654957671,"[0.42731903096976975, 0.18620128746896353, 0.3864796815612667]"
22320,104.91863518482468,237103.68584251788,"[0.2756203811461025, 0.13181669530603926, 0.5925629235478581]"
23434,726.9487772113564,292740.4433146373,"[0.3966678269555518, 0.5365226679857666, 0.06680950505868163]"
7090,170.5647657831611,832509.2961501501,"[0.10863315305961173, 0.48102045586519887, 0.41034639107518933]"
4382,740.7420743614109,581877.2462938359,"[0.5614241383667727, 0.4162873327763013, 0.022288528856925865]"
29549,37.88730554425498,440748.9206774668,"[0.05141055179894826, 0.6814895934954551, 0.2670998547055967]"
46562,348.83101665419457,128214.66612408108,"[0.6094938087375774, 0.3014349996870226, 0.0890711915753999]"
19090,758.3184658822767,411657.3350503112,"[0.6010128165413106, 0.12729281390571395, 0.2716943695529756]"
25027,680.3402518834794,940450.6453308308,"[0.21503815125424416, 0.4115166986830803, 0.3734451500626754]"
26335,657.0561095363938,808144.0699695423,"[0.39849529832233826, 0.3890722314786409, 0.2124324701990208]"
23292,846.5062545655048,645608.5218864229,"[0.06911753003559296, 0.05000094428092642, 0.8808815256834808]"
19350,593.6559775447894,663456.3369566619,"[0.17214884103578185, 0.7146269296980805, 0.11322422926613752]"
11374,243.30051138958387,210556.13701239772,"[0.09710428605008482, 0.47072084709801537, 0.4321748668518998]"
6967,657.3210603936524,365106.8203543534,"[0.1412621722747229, 0.5500661579750402, 0.30867166975023674]"
20972,980.8356433657974,459525.4644545363,"[0.26335045003744056, 0.597662623125774, 0.13898692683678535]"
10247,188.9359743085481,412728.41884602513,"[0.572746800361548, 0.21408988564260267, 0.2131633139958493]"
19603,409.782250737398,480433.4566776302,"[0.34463963118030966, 0.18455395614802275, 0.4708064126716676]"
45703,44.2168327663864,973230.718601324,"[0.46890687194149383, 0.23337473436878084, 0.29771839368972536]"
4106,888.4462171900756,600656.7063083067,"[0.5038324483361865, 0.001631572737229659, 0.49453597892658385]"
21188,449.0708056592913,303066.572599789,"[0.23295904717999452, 0.5796707909966357, 0.1873701618233699]"
28063,154.71313196857122,396120.4516629151,"[0.32358476657218355, 0.613563044787299, 0.06285218864051748]"
15285,551.8013081450958,350455.1565271616,"[0.36617928585085585, 0.16986766043980955, 0.4639530537093346]"
41807,843.9785108432275,167186.0308354214,"[0.7483552980127076, 0.10509324105753526, 0.14655146092975715]"
46901,849.9087808514905,497274.1644292891,"[0.495308561402745, 0.13223876639509433, 0.3724526722021606]"
27564,541.0967763176634,881546.5007059313,"[0.47196781656302, 0.17955097819288668, 0.3484812052440932]"
37950,908.9589315151932,340932.25659946573,"[0.2263287287676056, 0.032451928702694345, 0.7412193425297001]"
9042,38.8525358159984,543131.0940886562,"[0.1320657539300444, 0.7504194442873667, 0.1175148017825888]"
31524,945.1650409501036,847057.242923555,"[0.5395541673307669, 0.006386638660680478, 0.4540591940085526]"
44241,649.2262896128271,219015.13696666283,"[0.3465576900302802, 0.35785200506764225, 0.2955903049020776]"
20361,607.143464730418,714262.4504050773,"[0.6859743167914288, 0.1502350120980514, 0.16379067111051984]"
42966,401.96511867428535,257656.1858202864,"[0.915478689591492, 0.01599917291489179, 0.06852213749361616]"
16249,167.88577605273164,575573.6894414274,"[0.13978940700243847, 0.1431413997463868, 0.7170691932511749]"
13947,163.04316800794444,801550.374020342,"[0.04284316870694194, 0.6086060330856691, 0.34855079820738905]"
26422,446.5157886548423,604044.7677767789,"[0.2502391359125159, 0.34004737778972505, 0.4097134862977591]"
4721,773.2485340797805,561185.8970419009,"[0.8390343376901399, 0.02335799841337875, 0.13760766389648138]"
28039,873.3338273705054,912253.1687825562,"[0.26002768812783245, 0.027651030902063393, 0.7123212809701042]"
26478,355.5084112407393,136617.79167635593,"[0.3996028227619956, 0.4086918705598773, 0.19170530667812696]"
32630,605.3820219849741,925728.2038747966,"[0.8717310171010269, 0.047806503943460185, 0.08046247895551306]"
34331,535.0315359974796,227380.06310106945,"[0.2416518961360781, 0.11571248521645007, 0.6426356186474717]"
4830,725.0650575031641,977825.7422601206,"[0.4047556857871161, 0.08611558113486499, 0.5091287330780189]"
41978,270.8995264934374,327842.3804009218,"[0.33240437693628055, 0.16048601303011567, 0.5071096100336038]"
28308,745.5841909034624,664933.7627614205,"[0.02198664102779483, 0.6474076335023573, 0.3306057254698479]"
26559,238.45686919996288,131669.88456639886,"[0.016524303573481853, 0.8396015523671435, 0.14387414405937474]"
39694,675.508162578742,534821.1588625731,"[0.1714719732560441, 0.7478562450413915, 0.08067178170256432]"
42945,503.0801421241632,546823.875090944,"[0.3539093167064506, 0.17512654401236027, 0.47096413928118924]"
38826,582.4986747316813,931224.273365995,"[0.3448638962961808, 0.14492627518075568, 0.5102098285230635]"
32877,670.9041465736499,892029.5926131259,"[0.2198095906696318, 0.39102381682186016, 0.389166592508508]"
38145,286.4044157734208,426483.3432526933,"[0.8476673784572747, 0.09241501501083466, 0.05991760653189072]"
45486,268.9869922365687,866732.9210349652,"[0.23344687372919704, 0.07764276552544727, 0.6889103607453556]"
599,862.7168658999864,205340.99019617663,"[0.15194489444002793, 0.7961532179855861, 0.05190188757438607]"
3726,532.2989752806085,826516.6994670349,"[0.31125045587504563, 0.42758016784136477, 0.26116937628358977]"
40994,853.9449980890847,438360.3770110309,"[0.29601792410483047, 0.07206321077676514, 0.6319188651184043]"
8981,219.21702724987875,960617.7647589116,"[0.6600363615026006, 0.3207056929450511, 0.019257945552348263]"
16472,761.3718827616655,951489.8656592732,"[0.11406971546791214, 0.4324565882982854, 0.4534736962338024]"
7303,285.5961593226547,947448.1826048128,"[0.21543235844597797, 0.2090748175284753, 0.5754928240255468]"
21930,346.0113827971028,116642.58954736784,"[0.4866708695013901, 0.11421882864657373, 0.399110301852036]"
31063,753.2194694382985,648655.0993186854,"[0.3365429245965748, 0.22014369991365268, 0.4433133754897724]"
31510,687.8801448298124,490832.1966190522,"[0.42035205125634206, 0.20417151244091677, 0.3754764363027412]"
15784,969.1833157256156,617326.9689054126,"[0.361464537517814, 0.13039207167417088, 0.5081433908080151]"
31304,486.4624197941124,861380.0511939032,"[0.5381868242364204, 0.38534879675007716, 0.07646437901350252]"
6789,972.523811253922,960586.5991480268,"[0.44809959607487015, 0.4478577369733516, 0.10404266695177837]"
14531,175.41861881842746,295425.0442667935,"[0.3413048030697875, 0.45137418332396095, 0.20732101360625144]"
38152,665.8332633751041,207710.6832538673,"[0.07828721234388954, 0.21600712069182068, 0.7057056669642897]"
41172,632.9372180634525,925522.4125826444,"[0.8781581143625579, 0.06513657328334661, 0.05670531235409537]"
32696,303.5816513695024,391706.65217641136,"[0.05104195965677471, 0.50679068758575, 0.4421673527574753]"
17634,307.97920061372923,239383.4502759624,"[0.20770745922882686, 0.45365427377381945, 0.3386382669973537]"
9642,151.04157920506364,788396.4884965005,"[0.037930082949090976, 0.2585843465096731, 0.7034855705412358]"
18919,665.765752976029,527165.1016399821,"[0.6339491372327059, 0.1638924393790241, 0.20215842338827011]"
16663,577.2905336568582,251488.3887173942,"[0.6094319432210072, 0.18815765455414996, 0.20241040222484283]"
17421,459.9314029886071,910093.5116767694,"[0.48129567914071025, 0.44854677169480806, 0.0701575491644817]"
9412,494.69573709437606,169030.4708090854,"[0.3407657054562824, 0.4790666814859807, 0.18016761305773699]"
42762,292.6220355478158,555948.0843748108,"[0.3990801665367314, 0.3559815496705982, 0.24493828379267035]"
0,565.8243683831879,194929.7367081186,"[0.19441493487129544, 0.05798905983332756, 0.747596005295377]"
33143,309.4935480150141,334267.0424529968,"[0.6191288690217963, 0.26521175789957063, 0.11565937307863293]"
41374,400.2827468047876,937383.4466621912,"[0.27516021744048275, 0.24777024513018797, 0.4770695374293293]"
40430,603.9629924541479,415765.750109217,"[0.7036843819447107, 0.13312239972105652, 0.16319321833423275]"
44056,456.532417793357,282508.5142918791,"[0.28860133475517563, 0.34736554268319114, 0.36403312256163317]"
23412,363.6160428593977,829830.518315882,"[0.48740868208724936, 0.21077609272285616, 0.3018152251898944]"
39445,742.1715849181243,929720.6687992424,"[0.2554726380881374, 0.3819569186709502, 0.36257044324091237]"
32070,230.3377633250656,626256.2674517975,"[0.5474786057937967, 0.19694115862095005, 0.25558023558525317]"
20377,941.4829750011146,321258.66698359395,"[0.245517300844869, 0.3922885749163873, 0.36219412423874375]"
44446,730.8155374842437,804984.892510258,"[0.33455128081887875, 0.21964566728651774, 0.4458030518946035]"
38293,797.2233913376313,308813.1891696515,"[0.1362555576019345, 0.32568263882732107, 0.5380618035707445]"
5382,952.0033648326818,932375.6782251812,"[0.17773514212066024, 0.4097136876894324, 0.41255117018990745]"
35196,317.2346096986593,429462.9663489882,"[0.08735063687428576, 0.6817790141387544, 0.23087034898695985]"
31497,381.8455304874189,936709.0454129888,"[0.2900194992005239, 0.06618760260838126, 0.6437928981910948]"
2761,463.3141143204676,200632.87159009208,"[0.3667276516149003, 0.05622955651322967, 0.5770427918718701]"
20292,927.293387012191,971775.0042545669,"[0.09022775592445502, 0.7395855255897482, 0.17018671848579672]"
45824,384.9922995704065,776474.0522808384,"[0.25175693196560583, 0.10892431894758965, 0.6393187490868045]"
3532,777.9927721247446,609281.4729159646,"[0.49798144261621036, 0.4738327165973823, 0.028185840786407276]"
36532,632.5857030252896,889386.4011383243,"[0.21361127461439539, 0.3925097160079065, 0.3938790093776981]"
23617,578.2696809544323,940722.0883091672,"[0.1629300691749508, 0.3014968465773392, 0.5355730842477101]"
42688,479.0980064822008,926061.552564328,"[0.2008923234439089, 0.18165510493826742, 0.6174525716178239]"
4400,470.84368505245885,408778.3902619291,"[0.12718314657486032, 0.5981488833934259, 0.2746679700317137]"
29262,270.7335337381025,640042.1530904929,"[0.376210672490672, 0.2900703722091623, 0.33371895530016565]"
11455,318.1429820014075,430275.4464391784,"[0.06975565342120439, 0.3562401454941667, 0.574004201084629]"
883,970.5142977931156,307801.3091981049,"[0.14055709783477469, 0.6566956307556028, 0.20274727140962262]"
4126,726.5152400762282,310117.0445889995,"[0.35204192032481835, 0.09672460454251051, 0.5512334751326711]"
42912,464.7193833789194,403523.93544941104,"[0.009509587014207281, 0.7391892723747641, 0.2513011406110286]"
15430,804.790476475242,171761.19622164062,"[0.04645574222695547, 0.8530531572101366, 0.10049110056290786]"
47401,231.22858798419787,372764.6399682915,"[0.5015901515152328, 0.42962390944937956, 0.06878593903538759]"
41267,213.45242320349712,715841.4970372263,"[0.6260512791631999, 0.33813143910237664, 0.03581728173442348]"
10916,641.5458515159174,138768.73338655755,"[0.12869562287703923, 0.8451422256474169, 0.02616215147554377]"
33982,50.48011503913708,931408.259090136,"[0.6257470349747276, 0.019414474466591527, 0.35483849055868094]"
1023,897.5092984980752,317791.71066708723,"[0.2791872371493268, 0.351194363453102, 0.36961839939757113]"
30002,570.1706442476188,530231.9060840987,"[0.3205544356954197, 0.13992230423015609, 0.5395232600744241]"
13471,684.6544890379247,784491.6911987485,"[0.11173906846443733, 0.14713686889184602, 0.7411240626437166]"
12970,189.74680981037528,775528.4707056072,"[0.2752959713102216, 0.128278437554294, 0.5964255911354844]"
45935,657.1682015979499,291503.4478215098,"[0.49861498454269576, 0.40069338288364664, 0.10069163257365762]"
37753,380.62872955131735,722791.0396793468,"[0.688933656092194, 0.294609425786369, 0.01645691812143692]"
2812,405.5824720517722,467993.90577970265,"[0.1852330794353545, 0.1349256168145689, 0.6798413037500768]"
18793,589.8614420947542,974648.2988764069,"[0.5175832216960531, 0.293651932311924, 0.18876484599202298]"
35110,381.12545177765344,324939.16992375266,"[0.44984752669015743, 0.05192602015040264, 0.4982264531594399]"
16756,837.503715306344,583980.5189912426,"[0.001772292028467771, 0.8466487367193433, 0.15157897125218897]"
48367,902.0335620588068,865577.7784548622,"[0.019594803063589124, 0.1894053045941223, 0.7909998923422886]"
6469,981.2789783979604,820253.2039846352,"[0.45155255430001895, 0.4958036092441567, 0.052643836455824454]"
46411,978.0552657485548,593564.06792227,"[0.5415308235017519, 0.4563067987195283, 0.0021623777787197055]"
14261,468.2610859082862,214453.6750464897,"[0.42648626794771205, 0.4864288204138395, 0.08708491163844828]"
49783,943.1841401346976,930472.8363864028,"[0.3132037526686682, 0.0773108238481861, 0.6094854234831457]"
21893,416.3476829297187,280869.9661191786,"[0.47538752129887774, 0.1038263692017041, 0.4207861094994181]"
7974,859.1583973341848,609175.0660230403,"[0.11074738710373348, 0.6012190990515641, 0.2880335138447023]"
16358,318.33805498383555,161140.48126655008,"[0.2356872497803618, 0.6541515949622635, 0.11016115525737487]"
394,706.8608073605308,399825.60020622273,"[0.011175173667146359, 0.2356208025086671, 0.7532040238241866]"
11309,34.92101071913012,678375.7609768735,"[0.14012977251982364, 0.17254867155703246, 0.6873215559231438]"
17074,821.7204235001224,821795.8813579248,"[0.03575786636865683, 0.5616041722095367, 0.40263796142180647]"
34193,686.8494578343018,737477.9406058944,"[0.0787155752193733, 0.4445327927041269, 0.47675163207649995]"
15587,991.9028381201769,112436.88632444598,"[0.09160003947577233, 0.7748643218636923, 0.13353563866053544]"
13167,992.0310952050876,500044.59238288034,"[0.6948824603146441, 0.08286680734984944, 0.22225073233550632]"
23437,296.3348998487957,890780.3451841447,"[0.08814564054851362, 0.6293606664720244, 0.2824936929794621]"
21084,814.0305139902424,668866.624625884,"[0.029942531607550053, 0.8660684739823534, 0.10398899441009644]"
10275,725.25816871272,942762.3064507102,"[0.5757146201466984, 0.20382110977264115, 0.2204642700806604]"
22890,278.896668263951,653466.683106747,"[0.014026077289881408, 0.3527721906312812, 0.6332017320788373]"
11947,702.6620968436637,541930.4937157182,"[0.22385105239491357, 0.4379085272978971, 0.3382404203071893]"
46328,862.2242415434529,993594.4897988902,"[0.3515239623809265, 0.04286929615710876, 0.6056067414619648]"
46200,72.51640472599823,477564.375976176,"[0.1138211121954969, 0.07505291029245258, 0.8111259775120507]"
38343,880.1556113674867,451290.1080686642,"[0.04743782202356997, 0.6539621608661202, 0.2986000171103099]"
17577,930.1045371858038,513057.4268046597,"[0.57844043932944, 0.3258750215355255, 0.09568453913503452]"
14485,885.473764150035,504633.1063025068,"[0.0415096162346817, 0.4173990839917556, 0.5410912997735626]"
9199,164.7741355987992,874326.394837699,"[0.6300644189210818, 0.14557075135007128, 0.224364829728847]"
12930,476.27391705641,926934.9290853392,"[0.053880303422110115, 0.16233501045043253, 0.7837846861274574]"
3352,93.36543515996829,456635.2196035986,"[0.030286870717368967, 0.6963586349362585, 0.27335449434637255]"
15719,855.6441504594059,413720.62166101614,"[0.03354030333464185, 0.05299534910748112, 0.9134643475578772]"
12982,298.61898370002325,795353.1749953103,"[0.01089404289679143, 0.6075327169624306, 0.3815732401407779]"
45067,316.6552419042864,884939.9204718141,"[0.605242735247614, 2.496977054848312e-05, 0.39473229498183754]"
7510,541.2584993767551,936573.2997273878,"[0.44914472470283334, 0.2502229796350026, 0.30063229566216393]"
32941,251.3541664235725,568225.5186937724,"[0.28532720890605034, 0.07969801404054579, 0.6349747770534039]"
32684,363.62888960580784,166452.6350390974,"[0.12345813560662733, 0.2931397787866739, 0.5834020856066987]"
11102,103.42647360506174,772169.453064356,"[0.07622875765941822, 0.330714129855504, 0.5930571124850778]"
33210,880.0976043508891,735869.413764141,"[0.11168783759307889, 0.578137548287862, 0.3101746141190591]"
35949,626.575379999702,203135.41994312848,"[0.4178673240952362, 0.17352870587182181, 0.4086039700329419]"
42140,415.2281133698222,774749.2465445356,"[0.1357628697795364, 0.17484857679989196, 0.6893885534205716]"
13248,94.1305733516082,918225.0666253474,"[0.0985299889633608, 0.849459599768547, 0.05201041126809231]"
49071,762.5464300528201,855128.0479198085,"[0.08365936810797257, 0.46381227062162045, 0.452528361270407]"
19326,346.35729458619346,760933.9926248568,"[0.4766217166874638, 0.49221313100360303, 0.031165152308933228]"
35764,334.6354932926324,434159.3166221122,"[0.46911544622878953, 0.3809581977420188, 0.1499263560291916]"
21628,873.5281869446483,750430.8283435878,"[0.24150852936275166, 0.4690718688596543, 0.2894196017775942]"
4764,212.56937195894923,137548.91493745998,"[0.16090588327315125, 0.16470720281892612, 0.6743869139079226]"
11847,621.5916312856186,264309.8861728894,"[0.3652867172563523, 0.10772339774287079, 0.5269898850007768]"
42178,716.2554726358435,908081.8682238938,"[0.40864922906382933, 0.20967255427231793, 0.3816782166638528]"
41507,525.6258162026387,297061.0576942669,"[0.2657790282688002, 0.12295315935065174, 0.6112678123805481]"
39275,823.0133708426084,738085.4715857472,"[0.062097307007084865, 0.5135158273729653, 0.4243868656199498]"
32245,347.1080514462897,238522.93572040132,"[0.5805682897771453, 0.24272844850519404, 0.17670326171766063]"
32332,432.26350176427553,523556.0265207272,"[0.1864462726333617, 0.223773631694556, 0.5897800956720822]"
9656,101.00627729104453,200850.3222475205,"[0.20340682406052474, 0.783365820602771, 0.013227355336704268]"
26447,401.9535504819783,765956.1644341905,"[0.20257735025294432, 0.09690153955372117, 0.7005211101933345]"
16058,125.79198027809242,990195.8236682458,"[0.15968083479114592, 0.39792957427571335, 0.4423895909331409]"
49455,17.34907421156149,379908.255610813,"[0.44984571411535546, 0.1299186826798877, 0.4202356032047568]"
18225,107.21427795896246,377739.7867083727,"[0.631782686988046, 0.3616664959851175, 0.00655081702683651]"
41326,388.55201497320303,668986.2974369723,"[0.5181688738803423, 0.43716583182052654, 0.04466529429913112]"
25635,57.98267275822441,123363.06812710752,"[0.3842368131321191, 0.2527483037992919, 0.3630148830685889]"
41298,344.3260482422596,562902.8015713133,"[0.4727657573116855, 0.012387888846804557, 0.5148463538415099]"
29199,467.5482811872261,254243.8096986092,"[0.6126351190184703, 0.37628426605238907, 0.011080614929140557]"
34718,112.49223103758712,308403.7136183341,"[0.6848399843957179, 0.24902784329627708, 0.06613217230800492]"
3536,96.12015380032564,434078.5737835596,"[0.016601217396913653, 0.917616947866172, 0.0657818347369143]"
40560,623.6114746128858,466612.50744585553,"[0.02457994944770019, 0.0009065135803538007, 0.974513536971946]"
32422,15.776086981768568,675900.8076037931,"[0.2877274098689785, 0.3327088441895081, 0.37956374594151343]"
13808,389.0803884533633,469974.1148515832,"[0.2881666136545947, 0.5083012909691046, 0.20353209537630057]"
4744,797.542219862449,103655.79721567994,"[0.11295511719656277, 0.6154886221166816, 0.2715562606867556]"
28919,472.9662339450163,679352.1147817569,"[0.526412607292277, 0.3336374027437291, 0.13994998996399394]"
44486,547.9422964355258,553204.9486200211,"[0.7240962351246153, 0.258946722237059, 0.01695704263832575]"
5254,928.8223029892996,454321.8881203479,"[0.7138320967265598, 0.1569689455375452, 0.12919895773589518]"
22277,420.29828423506126,515876.6518766376,"[0.40592822464776696, 0.1984844956943041, 0.395587279657929]"
45615,736.1066461107579,888056.0703872285,"[0.47307521476337144, 0.412506919236536, 0.11441786600009263]"
45175,386.58426698052256,436186.9986073856,"[0.4966672826114515, 0.0980087345786542, 0.4053239828098943]"
9430,208.73079299706947,263493.6582589098,"[0.2365476089323286, 0.6466429395224176, 0.11680945154525386]"
2278,332.9851666776663,409402.0202797584,"[0.9546704220414277, 0.02900956128433016, 0.01632001667424204]"
40796,827.0457935220168,412223.6765847741,"[0.13548404432324343, 0.815356226276982, 0.04915972939977442]"
30913,262.72407151067785,418684.0090127481,"[0.35060145148360017, 0.6489573783127064, 0.00044117020369360875]"
29963,340.20936351364213,205085.93314451323,"[0.1785246941422059, 0.30437169691060145, 0.5171036089471927]"
5417,326.0441006357177,823930.9392939158,"[0.16102316878634163, 0.38396518999054835, 0.4550116412231103]"
5920,733.8570572919857,485083.0483230143,"[0.24439768216471652, 0.3276928930937378, 0.42790942474154553]"
6384,829.0153167936655,700561.0565541004,"[0.30027929649982366, 0.49965468058445417, 0.20006602291572215]"
33993,100.81584519912148,531190.2858991679,"[0.5108221454089339, 0.18746920388571847, 0.3017086507053477]"
36762,844.3789114781296,991864.3033370286,"[0.20253590702766594, 0.0335814990797187, 0.7638825938926154]"
43696,881.7849822795229,866189.6856526195,"[0.5557596885982062, 0.11511159543303588, 0.3291287159687578]"
33838,322.8205574778462,495724.0576727936,"[0.1861050878865396, 0.6473667338397607, 0.16652817827369973]"
27632,950.1008094795995,189640.07946652028,"[0.5023518815730629, 0.4163666402954623, 0.08128147813147495]"
23773,414.0970683432496,454543.83916272334,"[0.11889685161886299, 0.0760884375233263, 0.8050147108578108]"
22930,690.339421898071,335307.9140479217,"[0.35936496065682916, 0.07782289703840715, 0.5628121423047636]"
32830,96.01993938431958,713303.8904507566,"[0.5469326682641222, 0.4491806689425875, 0.0038866627932902438]"
19558,189.59972137912047,968509.3473101878,"[0.3934534542195136, 0.06835540783630616, 0.5381911379441802]"
46784,960.190967305704,751083.2044737955,"[0.24042942199633432, 0.4499247298296886, 0.30964584817397695]"
45879,283.1772199169293,135564.38417069282,"[0.23823653869978853, 0.27626350721172194, 0.48549995408848956]"
45915,727.1208657946971,780992.3738164395,"[0.1964003612561559, 0.4191358321969009, 0.3844638065469432]"
30672,692.2038580619904,583556.0885592977,"[0.3434642803097207, 0.2706133432294306, 0.3859223764608488]"
34513,31.04949089500481,318286.9511299277,"[0.029012793858580528, 0.6982334548633198, 0.27275375127809964]"
11878,194.543556496438,349241.392804676,"[0.27237127188780474, 0.14181081619982927, 0.585817911912366]"
29872,363.4975722816325,151904.25450848418,"[0.18290715138577238, 0.10612928950096817, 0.7109635591132595]"
25201,763.6366825028837,720015.3180797857,"[0.16945106870769955, 0.2497056271592114, 0.580843304133089]"
47661,386.2184168536371,740554.5144975657,"[0.10825615670935894, 0.7941272414385466, 0.0976166018520944]"
13089,554.7889913004017,498520.45635037904,"[0.6526715960933374, 0.0500369193873664, 0.2972914845192962]"
28588,478.3354981554576,933481.0277386924,"[0.42339839108198407, 0.17244387592918428, 0.40415773298883156]"
26236,884.4768641959652,176906.36922007543,"[0.10676145921040801, 0.361866172106, 0.5313723686835922]"
22217,633.1112501787787,336342.8783849303,"[0.25442878752659936, 0.2422613087558313, 0.5033099037175693]"
41393,91.63882038833268,180675.9891352027,"[0.0367196401010335, 0.030645889056913775, 0.9326344708420526]"
6270,381.5987943839015,932894.1853591632,"[0.02477878214550345, 0.193983453108673, 0.7812377647458236]"
7870,127.31396986091042,313219.1411475035,"[0.22907085439850386, 0.2772346448821009, 0.4936945007193952]"
17639,496.8063153843792,826043.8593469572,"[0.7787411919442712, 0.15635403694366096, 0.06490477111206802]"
39542,647.4415970876244,819371.2126384266,"[0.2288072065232534, 0.749315320118851, 0.02187747335789555]"
48626,410.838525093792,433999.83940151776,"[0.1753394904533839, 0.5648294269463816, 0.25983108260023446]"
897,436.25638877287145,741719.4743721448,"[0.0052023428481927664, 0.9443005843940462, 0.05049707275776108]"
12290,129.60251328305424,118740.40043590173,"[0.121785981067486, 0.7719770891320517, 0.10623692980046248]"
31315,143.45119562969256,152675.39166232152,"[0.1146375653301393, 0.22635967580381103, 0.6590027588660496]"
41814,30.95964850657301,872892.669464632,"[0.3004567485014819, 0.4140454537188757, 0.28549779777964246]"
31606,332.6450822260464,131243.3367184256,"[0.355457550901435, 0.5460788945143173, 0.09846355458424759]"
45140,365.91540162693866,100974.17205559148,"[0.20183725888962373, 0.7037266813085972, 0.09443605980177905]"
35987,635.3409826070475,808962.323886103,"[0.40455615010143753, 0.5429042426443218, 0.05253960725424069]"
2461,986.2775341981932,597109.0703157375,"[0.14374872965310576, 0.11719414205936135, 0.7390571282875329]"
4784,181.73085345960064,790524.1576657651,"[0.33904600443616856, 0.6133095892037874, 0.047644406360043925]"
9659,830.089685978717,477154.1426722066,"[0.3014972307459472, 0.6027879260449899, 0.09571484320906307]"
34762,156.34268349479115,756065.8299826655,"[0.003956462506498575, 0.2653785179285863, 0.7306650195649153]"
5090,79.30915042936519,988548.5707316492,"[0.16865712602510471, 0.5846023196415445, 0.24674055433335085]"
47014,134.38132946730784,797786.8921582499,"[0.6780066275799347, 0.15524453448207887, 0.1667488379379866]"
39717,525.322970342961,188959.0413718591,"[0.10633172764002732, 0.36721502731129724, 0.5264532450486755]"
41987,835.5966695587117,364628.4349688607,"[0.6902761149093167, 0.12289178674392161, 0.1868320983467616]"
21314,293.84020916949487,852932.6091894682,"[0.3913455120488714, 0.13116036378768145, 0.47749412416344705]"
29276,240.28345364651616,318570.83421838353,"[0.02153848056836672, 0.9312313883726767, 0.04723013105895662]"
29905,684.318786959879,906574.1935195448,"[0.3400285846772678, 0.17082525488195746, 0.48914616044077464]"
35762,377.7696198835652,404651.59938475786,"[0.2710914128883823, 0.4218177071971483, 0.30709087991446943]"
44237,936.718767665556,190207.5793790082,"[0.6290604769947847, 0.3103689540963786, 0.060570568908836706]"
37798,776.7650940774182,609626.8911024404,"[0.8160671563017717, 0.14472808761011333, 0.03920475608811486]"
1873,774.2137907797728,414401.89055695233,"[0.15905333130153826, 0.2441649762860158, 0.5967816924124459]"
18788,783.3640502811004,160155.49698613735,"[0.10114286072072493, 0.8942185431430676, 0.004638596136207443]"
16529,911.2427705980128,560135.9843768447,"[0.39867083981791995, 0.11434478287849335, 0.4869843773035867]"
48227,20.138170323421456,839992.8204957603,"[0.2502623080579716, 0.729698094318911, 0.020039597623117338]"
21703,561.3453799503616,831400.9219671122,"[0.43856644621846164, 0.24551071073243746, 0.31592284304910095]"
24904,631.3573692367607,333374.018868061,"[0.0648894986565864, 0.008524940273272505, 0.926585561070141]"
16912,399.7900637647396,958764.536036693,"[0.07613542525424874, 0.8150454167464193, 0.10881915799933188]"
35886,164.10069591783676,680774.9311104318,"[0.4314005079590556, 0.07795088713017383, 0.49064860491077045]"
17783,652.6925613778762,674395.2612173251,"[0.019804125446419827, 0.4019002482427598, 0.5782956263108203]"
14040,70.85880278483657,868685.0067321218,"[0.46692676386451726, 0.0019106012428136956, 0.531162634892669]"
42285,860.939759520904,708726.9479820513,"[0.3509322190706859, 0.3953771707037193, 0.2536906102255948]"
41722,92.51720332020447,850128.469565787,"[0.5274653413608708, 0.340575921608547, 0.1319587370305822]"
4216,777.4110543498667,558222.5712657127,"[0.34644690071071604, 0.3727174506276914, 0.2808356486615925]"
26939,982.4911446910786,276762.45992417855,"[0.29876306850437034, 0.1603659793563229, 0.5408709521393068]"
47520,78.01314782360377,766131.8721015902,"[0.8349430777239708, 0.10081594524841908, 0.06424097702761013]"
38148,629.5080318549183,830215.953005413,"[0.44616967784565137, 0.4923244735750886, 0.061505848579259996]"
14918,842.1675139572536,348322.9078630021,"[0.4217891178938804, 0.48541185206392434, 0.09279903004219532]"
24978,30.96481781700397,915265.5952550462,"[0.33160787938759184, 0.3879913192390866, 0.2804008013733215]"
12871,216.12206410552832,798716.4277702405,"[0.09320654331266483, 0.44250283008202723, 0.46429062660530784]"
32828,886.2183999349627,351393.5770449847,"[0.28004089404322563, 0.025930045566741576, 0.6940290603900326]"
14699,66.02218204554259,994137.7661629647,"[0.32152697759770815, 0.5534154797497183, 0.12505754265257363]"
2851,960.5694659215884,607931.4106922343,"[0.21871853782811929, 0.05628764781231177, 0.724993814359569]"
960,418.456476909884,946664.4447021388,"[0.2076528228974743, 0.18732594872872724, 0.6050212283737985]"
11245,364.157024571037,424443.2563769578,"[0.4632678713140378, 0.33781937695364717, 0.19891275173231496]"
43252,816.8397788321275,638681.7346556853,"[0.0413607161582805, 0.644793358079172, 0.3138459257625475]"
8803,62.900666711386926,571752.6927415372,"[0.051729371772689846, 0.5086586985896205, 0.43961192963768964]"
15654,813.8849630938208,551626.9789573607,"[0.27945986809626794, 0.18287239436923758, 0.5376677375344945]"
6396,964.300464740816,207484.85468713008,"[0.346169335813203, 0.5249249166686842, 0.12890574751811273]"
26400,994.7119822931276,149128.8192957032,"[0.23731042695481555, 0.5304314540114081, 0.2322581190337763]"
31547,349.1444766983625,687513.2308188331,"[0.719705600012828, 0.038295288780219705, 0.24199911120695225]"
20237,39.93052678819315,391840.0540822898,"[0.05910590806257881, 0.5531244475265277, 0.38776964441089357]"
535,706.3719226863274,782204.6353455888,"[0.19776917466965788, 0.5449713002912148, 0.2572595250391274]"
16720,514.331194521437,547205.5971069311,"[0.4004139590281618, 0.27614491057143004, 0.3234411304004082]"
47301,46.230373612732905,752030.2275195237,"[0.31237756023435337, 0.3515966761912619, 0.33602576357438463]"
12838,290.7562631286036,396546.0996234227,"[0.016510890791340875, 0.5172168484694274, 0.4662722607392317]"
8760,589.6253412950965,519220.3050641848,"[0.08758701702076521, 0.430926196218496, 0.48148678676073886]"
31496,291.21501858879674,776592.7629272006,"[0.15674645366922305, 0.8235050070792928, 0.01974853925148425]"
10970,910.9533914756412,908993.3198915642,"[0.35900131346331376, 0.31853567215850154, 0.3224630143781847]"
22296,279.57648076615664,553148.5851360566,"[0.5639247683211742, 0.18043003993105064, 0.25564519174777506]"
14424,375.80754483454086,519771.9630486931,"[0.033441391361004304, 0.5372180406463622, 0.4293405679926335]"
40728,278.0594945532239,896055.4501884218,"[0.6902308080992479, 0.10368874847471442, 0.2060804434260377]"
10643,687.3198364207124,749979.7405410239,"[0.26603411821660605, 0.47678218626994623, 0.2571836955134478]"
27623,449.9141239553007,249742.8826880944,"[0.13880908883676685, 0.041813291968938966, 0.8193776191942942]"
27958,225.3718468138022,710809.5179505512,"[0.10908378331557961, 0.5296167307287245, 0.36129948595569583]"
9940,128.0388388975282,467363.2989344669,"[0.5830383562918842, 0.07559478848245627, 0.34136685522565974]"
30618,694.1606431841739,689451.0438253225,"[0.06017737981492479, 0.11268560665021, 0.8271370135348651]"
7448,438.8983103877353,153220.2396658811,"[0.26764388358340485, 0.6371741701853282, 0.09518194623126702]"
33209,316.5043494806705,640965.0162565231,"[0.061825706290764705, 0.07167188802435984, 0.8665024056848754]"
24137,632.1087818636306,272115.0861300929,"[0.22562180082242403, 0.15608670991876045, 0.6182914892588155]"
16761,167.27843513816035,372866.60759686417,"[0.8696385247332197, 0.07573325768559451, 0.05462821758118571]"
31121,400.2151228512,630209.6964990053,"[0.6577025035530695, 0.15102835497774983, 0.19126914146918075]"
25904,531.6691117312729,942491.6444084132,"[0.5964890061758104, 0.20052819216515874, 0.20298280165903085]"
10868,802.6141173762177,310444.8679088065,"[0.5934769506359456, 0.2017146410165868, 0.2048084083474677]"
17227,424.0767968954216,745413.5922169783,"[0.4126443892459016, 0.4346538238180522, 0.15270178693604614]"
10891,231.6802194565351,799408.0202348458,"[0.12412696390238644, 0.16481530223981852, 0.7110577338577951]"
10169,965.1560718348628,527102.9110840929,"[0.02587219541889482, 0.3495775213147638, 0.6245502832663415]"
34968,704.8721936178966,516026.158874785,"[0.3778302957407521, 0.30798108913070804, 0.3141886151285398]"
43615,317.3025863060634,422686.5403293845,"[0.5454142203118684, 0.1299233631761501, 0.3246624165119816]"
25741,176.0724538453371,553410.7958309859,"[0.27913417669988216, 0.17366446753971734, 0.5472013557604003]"
3753,845.8845322375954,134338.62280707964,"[0.24016076577801668, 0.6124664134952222, 0.14737282072676094]"
31252,16.839290852946206,756920.8030597266,"[0.2519396317560909, 0.30205637249660333, 0.4460039957473057]"
12342,655.9087904593871,366049.2998308508,"[0.4853776123565192, 0.4223512000760372, 0.09227118756744349]"
46271,634.8583399292995,776259.4612643512,"[0.29293575053126486, 0.2287911215210505, 0.4782731279476847]"
14345,314.38154015108165,207938.26947790256,"[0.0289821774566958, 0.9702928170096906, 0.0007250055336136869]"
34468,307.33753385013154,878616.558015575,"[0.489712118363573, 0.3920445847595957, 0.11824329687683116]"
43528,513.2612169984104,101019.4336406082,"[0.15021511900908172, 0.4081881099480186, 0.44159677104289974]"
18548,773.2398197972358,174799.00968896394,"[0.2988258049513378, 0.0070623253638773175, 0.6941118696847849]"
1160,602.9730028383166,464402.7893415394,"[0.5742699130336887, 0.3702092877874183, 0.055520799178893]"
30212,810.0345462420163,182718.67943065448,"[0.3866238668159689, 0.3030299313091358, 0.3103462018748955]"
17939,648.5948119732029,184725.67872374025,"[0.18224747651952153, 0.8038640159223974, 0.01388850755808099]"
9005,934.4812386387118,510942.9200378181,"[0.3630298510904401, 0.00992659395487345, 0.6270435549546864]"
16989,519.805527519136,554585.6068808283,"[0.27833214106794213, 0.15116615746400563, 0.5705017014680522]"
13285,409.8295832450715,324041.64331281395,"[0.54448829266821, 0.3986761408643445, 0.056835566467445364]"
14390,441.7106602226804,597326.8615049794,"[0.2512638385096268, 0.2132098156415797, 0.5355263458487934]"
2358,886.8662268180962,311435.3185470684,"[0.2337043766939048, 0.2558010332385894, 0.5104945900675059]"
49673,840.6526901212534,902301.619444062,"[0.439950191483994, 0.031125598046035163, 0.5289242104699708]"
49636,161.15856171236732,365488.9050487593,"[0.7209771439975619, 0.03300254254505979, 0.24602031345737832]"
45441,704.6054321305596,324736.9033162132,"[0.17294553913669883, 0.46401625803888336, 0.3630382028244178]"
7296,530.504864121915,397256.0330839519,"[0.6512633228680748, 0.22085091320235864, 0.12788576392956663]"
44576,265.05438319064103,752392.3292738576,"[0.04358418374019912, 0.7467315601990053, 0.20968425606079552]"
12310,963.2458588135648,951839.6843342094,"[0.7943397189432836, 0.13199323294546209, 0.07366704811125421]"
177,447.2145737963552,245354.17369538412,"[0.357568163018449, 0.1862524790467593, 0.4561793579347917]"
34767,465.7540557468249,798086.5234449605,"[0.14995238359588892, 0.261477288248238, 0.5885703281558731]"
30256,820.4728976875571,321412.8580661906,"[0.44101567505766526, 0.41242808747579357, 0.14655623746654112]"
36172,52.30455840572175,826069.2851352633,"[0.2647102234993747, 0.11264989240747143, 0.622639884093154]"
11654,128.54949172133735,749039.5245511687,"[0.2841153481545557, 0.6940069564924576, 0.02187769535298662]"
32348,361.29701565911046,768776.44439028,"[0.031854437186421905, 0.9139736437522267, 0.0541719190613514]"
25249,724.2613787778099,710563.6284781625,"[0.04600246656182042, 0.037310399205763206, 0.9166871342324164]"
24266,982.49771718518,417288.6128837885,"[0.4941166218011631, 0.06669467160364057, 0.4391887065951964]"
27214,740.5154806897538,827252.2970374174,"[0.4812192679315665, 0.1466671934112459, 0.37211353865718755]"
21485,714.7685186890363,189428.60056989524,"[0.8633779509535289, 0.003919649097537161, 0.13270239994893407]"
33749,808.7379518192001,580266.1245209451,"[0.12686017804011626, 0.008651103556806901, 0.8644887184030767]"
20175,623.5817402010334,663445.5168695406,"[0.595816839866039, 0.2433473305215947, 0.1608358296123664]"
7479,748.8867439049991,139670.46038980997,"[0.7771829250084632, 0.06681557527176313, 0.1560014997197736]"
25277,390.480737097979,463291.42744091136,"[0.688071137059938, 0.2457123506097783, 0.06621651233028368]"
36128,227.3300505956544,157594.59211069788,"[0.11964272366124688, 0.7649949429896596, 0.11536233334909343]"
48552,692.587781728781,101261.8345722464,"[0.19101764696667622, 0.006182653414541267, 0.8027996996187824]"
48941,601.6035947013625,372061.62208062055,"[0.5863916761631224, 0.20273672427519737, 0.21087159956168008]"
31072,983.6271860457696,537676.1944181429,"[0.05562488709729148, 0.7135903552569531, 0.23078475764575546]"
33469,767.0662824455395,785260.1430394308,"[0.33358549690156575, 0.1422066689895383, 0.5242078341088958]"
14562,393.2676404343426,105164.40313698024,"[0.43444406228164717, 0.23878998845056437, 0.3267659492677885]"
16277,393.31815237943454,851384.978704513,"[0.3218754646421495, 0.6492579486939061, 0.02886658666394454]"
32774,352.9722708366029,226028.0768283953,"[0.001074224130649101, 0.9272250479719738, 0.07170072789737707]"
2034,743.6211246490728,797469.5555092555,"[0.7567302718252065, 0.1700332473096835, 0.07323648086511009]"
34751,624.006756662738,606735.8568565126,"[0.4618549450310099, 0.4348302834641866, 0.10331477150480355]"
40015,706.3435295338733,402522.30574458814,"[0.14048688681719385, 0.43022974694132327, 0.42928336624148283]"
20875,312.40481592119664,847548.5733813075,"[0.06317152450652802, 0.8884726137853285, 0.04835586170814353]"
16418,794.6210411232877,591778.0507488186,"[0.15720189531943204, 0.4745527158753051, 0.36824538880526275]"
26445,185.42365611269372,898485.6160028577,"[0.5273218065491324, 0.39723057902170966, 0.07544761442915794]"
30508,920.1907136056492,389065.3033869204,"[0.33553917835546043, 0.4655664996546061, 0.19889432198993348]"
28637,57.76118630331053,225848.7935837544,"[0.5718025888291418, 0.30018875939142065, 0.12800865177943763]"
11874,207.6925271615649,567649.8855395338,"[0.34273209463890175, 0.2415342984323606, 0.4157336069287377]"
18069,580.5744457337456,406740.7320934348,"[0.09859251476836665, 0.6080347124526314, 0.29337277277900187]"
7771,918.1239161515095,408337.4937820617,"[0.602537719207186, 0.20209531312828913, 0.19536696766452494]"
47423,877.7478460060879,557824.9293522926,"[0.22357323452039438, 0.6700725966171234, 0.10635416886248214]"
31690,577.8517034672943,867021.2396859928,"[0.56464718064279, 0.35522137526848885, 0.08013144408872112]"
12775,374.2415465648842,603968.4865351404,"[0.12452005163819947, 0.5941700377820756, 0.2813099105797249]"
29142,526.4608608162408,787762.0076040194,"[0.6573623501834587, 0.2811762097272492, 0.061461440089291976]"
9563,177.8452274259309,195294.39342336648,"[0.6785034849587246, 0.06182700895205831, 0.25966950608921713]"
8197,545.3515325577688,989779.020200152,"[0.311836760914122, 0.683552132262373, 0.00461110682350491]"
30761,237.91697143100296,940849.0933025448,"[0.20759280669578362, 0.555124863851145, 0.23728232945307134]"
5190,26.827860929673086,994258.213687119,"[0.30463337330208484, 0.42657456367330365, 0.26879206302461167]"
713,60.54471098988837,232961.4347179263,"[0.22352407653141626, 0.351877964474671, 0.4245979589939127]"
12629,225.85537800519663,269100.64823097107,"[0.3724699171892447, 0.5156546806280047, 0.11187540218275066]"
17729,352.7439440709905,698493.4431321434,"[0.6477906933703407, 0.26574028468506894, 0.08646902194459044]"
1211,157.56360812968774,411250.66256075446,"[0.7156553142982622, 0.18657981194721232, 0.09776487375452537]"
39941,871.5799365313593,867277.1876526413,"[0.7921060344223274, 0.11519615829342192, 0.0926978072842506]"
43332,904.6021090457948,641719.8245481799,"[0.20198457131743733, 0.6119613770305746, 0.18605405165198818]"
19337,714.7039225716389,316592.0395505176,"[0.733802315420375, 0.23193652765282646, 0.0342611569267986]"
23546,889.9830284924964,408165.3208998846,"[0.5761623359986003, 0.0875712658892706, 0.33626639811212894]"
4552,933.59582537827,302527.63241760235,"[0.44115751381257845, 0.40348313023338506, 0.15535935595403663]"
38056,65.50780890953676,702692.2009027521,"[0.7205036940185986, 0.08813322104930275, 0.19136308493209866]"
1121,853.2153427315646,417082.50486044167,"[0.3969566274105636, 0.2222212177022347, 0.3808221548872016]"
2542,937.5467654570324,881304.5581844028,"[0.43193030199997556, 0.5012506064766056, 0.0668190915234189]"
27349,591.620169062207,506258.5282584783,"[0.02983924542014704, 0.8126556058181744, 0.1575051487616785]"
27627,623.7564217610872,521829.2624651219,"[0.08429383569968309, 0.5246237365312415, 0.39108242776907537]"
11917,979.840410864208,720909.8334423846,"[0.5507932816298082, 0.015366219725214462, 0.43384049864497737]"
40982,557.6857580134111,325878.388978599,"[0.6711851180930624, 0.27604857726790333, 0.05276630463903432]"
13233,881.3710547949674,898759.3498152825,"[0.19727018436923788, 0.0033162108904689243, 0.7994136047402932]"
36004,479.1432961691489,900935.5486918702,"[0.5075589706798642, 0.29243825983919053, 0.20000276948094534]"
32947,981.0041354971996,746509.9712420229,"[0.19450997489807442, 0.6806448065666127, 0.12484521853531282]"
19551,742.4686265307837,690987.4458592862,"[0.5341756729175171, 0.35918496540912404, 0.10663936167335898]"
31818,668.952224692301,384821.6184813335,"[0.3162459733077538, 0.5854833538163473, 0.09827067287589895]"
6152,610.4003854877296,241089.71958987604,"[0.18101855433892602, 0.23549086602961286, 0.5834905796314612]"
33928,786.4484501312401,664825.0036787977,"[0.48732419017991185, 0.2187551283130408, 0.29392068150704725]"
38768,379.4253795904685,791865.2006760734,"[0.06849762444850034, 0.7597787498824222, 0.1717236256690774]"
35212,427.545011785845,864382.5364986666,"[0.16279977074483185, 0.6565661427237864, 0.18063408653138172]"
38916,569.9490357275502,480606.9199038895,"[0.017948240091989847, 0.948458139205768, 0.0335936207022422]"
31368,259.1833444551728,800474.8674497587,"[0.6359785325501106, 0.019051086828174215, 0.34497038062171514]"
2671,452.4614841006694,246374.61395574184,"[0.49191977533291975, 0.15715685320091696, 0.35092337146616337]"
15837,692.2699936513269,237436.79564678925,"[0.6061458806875599, 0.2161333716062366, 0.17772074770620347]"
28368,957.8616358051964,379203.1019517812,"[0.12520836292574572, 0.06751236430781152, 0.8072792727664428]"
825,712.8832664902047,838951.0276383302,"[0.05885592410604137, 0.26114774882213704, 0.6799963270718217]"
24297,845.5477192799945,727272.114230297,"[0.23744435638066452, 0.7020027592590957, 0.06055288436023969]"
2067,403.56833423594384,165503.72592543863,"[0.5042812785132014, 0.11400201230220124, 0.3817167091845975]"
11273,774.4518166908562,896970.3011617538,"[0.12689627055173364, 0.5987409511975621, 0.2743627782507042]"
34677,627.9937840088427,196954.30763353032,"[0.8505846063942372, 0.07532569709692188, 0.07408969650884083]"
34603,257.0037285982127,193562.4348964355,"[0.4094613269368669, 0.41008690908693674, 0.18045176397619636]"
47779,54.7224361116067,680572.9020955091,"[0.27815914726933605, 0.11585323291001914, 0.6059876198206449]"
44659,496.0771911151942,463324.6737419381,"[0.6320435859662482, 0.2903949353766359, 0.07756147865711584]"
38236,834.5145478438252,606648.7059232001,"[0.7288662598046569, 0.08939396755831262, 0.1817397726370304]"
12615,144.73968405466942,723272.9548553484,"[0.3881137225114989, 0.23796140028100307, 0.37392487720749806]"
38884,163.3807198556554,219317.8395173709,"[0.881142944512711, 0.02795471992967775, 0.09090233555761111]"
12137,504.719351355367,707766.5973624357,"[0.05988185777749893, 0.20277508806558484, 0.7373430541569163]"
35932,685.570938779044,699973.5903526234,"[0.22078286313097328, 0.46927142370712643, 0.3099457131619003]"
7800,419.8051522090629,544400.4313459948,"[0.731059144301872, 0.24659987671325187, 0.02234097898487611]"
49741,156.37393407105995,168993.43178430595,"[0.625517549339861, 0.05711177348696153, 0.31737067717317746]"
31363,446.8343114553419,928113.1609291544,"[0.11639491826854687, 0.5516392048078217, 0.3319658769236316]"
11512,523.0748152039259,805403.0328854389,"[0.13286546918967682, 0.7921703154579466, 0.0749642153523764]"
3028,58.46309437734024,182169.95474983164,"[0.40233050744491067, 0.4455656957058864, 0.1521037968492028]"
4322,716.2232948423648,509636.4980825248,"[0.4183461988607127, 0.394601837160321, 0.18705196397896626]"
39426,744.531977255556,480030.1280816018,"[0.61819190626681, 0.08238089379416745, 0.29942719993902267]"
31471,460.2101569786445,693240.6091505546,"[0.2360845741489108, 0.5302963126172641, 0.23361911323382506]"
18987,657.5626803983079,437514.082222176,"[0.01427146689264402, 0.6080441359558378, 0.37768439715151814]"
24428,897.6202137681415,231856.264674284,"[0.2144082866706212, 0.06165413476138263, 0.7239375785679961]"
19863,170.51289571813462,415718.2159589869,"[0.3054321826353364, 0.11236051669759618, 0.5822073006670675]"
35195,188.77014356861213,820917.0798411972,"[0.2724100095389345, 0.5073369594236642, 0.22025303103740126]"
525,615.698411721745,738253.1938436652,"[0.2768918772496917, 0.4174159203925796, 0.3056922023577287]"
47905,716.3297164827082,773048.1901914395,"[0.5556151284454094, 0.34417319322917445, 0.1002116783254161]"
23182,923.3411334062096,830804.2064078924,"[0.4181965606516661, 0.14024921546796146, 0.4415542238803724]"
3789,594.0741193417738,205498.4900415528,"[0.32166239719567347, 0.1350544577871959, 0.5432831450171306]"
5143,192.34725917254227,315435.5267796848,"[0.33522046653173676, 0.45702239484953155, 0.20775713861873168]"
29260,816.1037445204358,743911.5971180362,"[0.6748243073370948, 0.14869742035699726, 0.17647827230590807]"
30432,682.9501016235075,948393.6795123632,"[0.26842475562713514, 0.46710495908430205, 0.2644702852885628]"
28744,214.95057431076785,101385.2822833372,"[0.3362064763296272, 0.3348955601020243, 0.3288979635683486]"
23772,444.57052951878353,865487.9862500329,"[0.4298934355867003, 0.3327651080492453, 0.23734145636405443]"
11769,225.48192009154,492185.9683193608,"[0.6416571354598466, 0.2605854826462237, 0.09775738189392962]"
31774,641.0446187831889,144437.95612534875,"[0.468434500605475, 0.03512215240739348, 0.49644334698713155]"
47093,230.0078884771949,701275.8298953937,"[0.3480267231964202, 0.26394087199016614, 0.38803240481341367]"
4292,235.03373080820643,652622.1799455698,"[0.042516758469226874, 0.9106441327090465, 0.04683910882172669]"
31330,996.0743617298986,257671.51059996543,"[0.3473459766789641, 0.1434282151490845, 0.5092258081719514]"
13223,970.1481714992426,653324.8285621199,"[0.2970030124972766, 0.6476681416527127, 0.055328845850010536]"
32427,106.07255431676904,391726.3998012216,"[0.7422866516681643, 0.03422071656347395, 0.22349263176836184]"
43998,893.625635646127,493877.7330169918,"[0.15222283371456427, 0.6638940661999945, 0.18388310008544115]"
45752,214.5201711260264,245953.7326321272,"[0.12643101816053506, 0.22858489085973122, 0.6449840909797336]"
48688,17.22809996599582,129425.42799766923,"[0.09922777181294332, 0.3643463687498325, 0.5364258594372241]"
39570,362.18353277358864,587492.2182147948,"[0.24007829244399126, 0.20779121529656464, 0.5521304922594441]"
26697,108.69987104934356,347670.0812736144,"[0.17435340171372604, 0.3052883117112816, 0.5203582865749923]"
27385,440.0795770740521,670348.4867551195,"[0.5142409420534462, 0.1304038388165432, 0.3553552191300107]"
49407,677.5196569659191,599746.3302883005,"[0.15311750290148932, 0.8133408399184957, 0.03354165718001504]"
23294,223.88258831721944,143298.6593025694,"[0.5772594932573041, 0.3361966789697449, 0.08654382777295118]"
11429,986.38192272496,128652.51818204502,"[0.4824935062783772, 0.4237441119190098, 0.0937623818026129]"
29781,269.4009683637327,356166.30778378097,"[0.6705085206234916, 0.13218077588384802, 0.1973107034926603]"
31994,56.34668852553813,924926.0023523506,"[0.08325148667292205, 0.1727287199876033, 0.7440197933394748]"
23538,531.4670384019436,305932.3486413302,"[0.7232541379436933, 0.005715717069749971, 0.2710301449865567]"
18721,852.7780232009992,889927.0554101716,"[0.49149085941505377, 0.4036747746279261, 0.10483436595702003]"
48971,66.6268901987884,881105.0961360515,"[0.1683896490227163, 0.5783595954859264, 0.2532507554913574]"
40244,446.3420061382784,843878.3251264386,"[0.36279507503255626, 0.1930808878343541, 0.4441240371330897]"
25509,321.88359781002305,222425.24418200867,"[0.10235330382824474, 0.3346601281679077, 0.5629865680038475]"
4042,208.7705678869576,120043.5743397404,"[0.313379440561612, 0.5754329924539716, 0.11118756698441626]"
42869,221.2019443884632,191750.4588084331,"[0.06307077092903005, 0.2858851016050673, 0.6510441274659027]"
13164,666.0555394538706,508725.6278056701,"[0.08663361708367212, 0.7908079299116124, 0.12255845300471563]"
7949,297.94235841255306,385184.2336381328,"[0.11789918714830958, 0.30936613611555036, 0.5727346767361401]"
13557,994.3412478229726,294803.4544138132,"[0.04053160576542882, 0.11894458720272041, 0.8405238070318507]"
7023,633.623485870862,458423.67159238906,"[0.46507865759199424, 0.36004193149729713, 0.1748794109107086]"
36319,202.87160816485576,910634.669633355,"[0.17614547101732267, 0.5175855098196153, 0.3062690191630619]"
46700,446.5172262763648,991336.7029237312,"[0.6350863150898479, 0.03626564415636905, 0.32864804075378296]"
24612,643.4833843898709,855679.9110368605,"[0.334290468335773, 0.35029589040679665, 0.3154136412574302]"
8976,964.9169866257772,596731.2331186344,"[0.03204288310669436, 0.7341497108096902, 0.23380740608361544]"
43305,815.2638365285794,128403.62553450082,"[0.13912297971289223, 0.4559448427527153, 0.40493217753439265]"
44203,891.0360573730826,733723.7847974993,"[0.7484044115605262, 0.1161950601530663, 0.1354005282864075]"
12940,391.5256186584648,260600.92029289075,"[0.09040090514278537, 0.22388191980647565, 0.6857171750507389]"
34803,995.2788334407064,445456.04194388224,"[0.12946707149238146, 0.5862610955174598, 0.2842718329901587]"
22816,256.0262948752087,746514.7804336897,"[0.12248149913935939, 0.7274587035998502, 0.15005979726079047]"
31431,467.19323105448257,921687.5704377476,"[0.04163002529117601, 0.48609357483545945, 0.4722763998733645]"
21855,41.33501308828849,625153.3399173004,"[0.11654376559456706, 0.6413566513996124, 0.24209958300582046]"
14985,52.82371344743611,366545.5823785784,"[0.9299795295259902, 0.012604359242943133, 0.05741611123106656]"
16264,54.68173936022138,948453.4268055768,"[0.010222148748717894, 0.0903015603486248, 0.8994762909026572]"
3090,738.5674301679101,827809.4227824972,"[0.21864155736337443, 0.7206013560963536, 0.060757086540272204]"
5503,186.7438657961532,627860.520140211,"[0.08920778402415276, 0.29451706338330136, 0.616275152592546]"
47163,90.68059619917874,645007.6098371217,"[0.08523118969452895, 0.5921900978970184, 0.3225787124084528]"
34530,512.4931854460381,870883.6880077566,"[0.0009177911547023235, 0.45374188974164825, 0.5453403191036494]"
18053,656.0745792155359,767779.9261597855,"[0.4371668440320035, 0.0913997942051155, 0.471433361762881]"
40229,162.48410366863683,742058.0956836983,"[0.11458401453195577, 0.36726529656613033, 0.5181506889019138]"
32465,465.0548715537191,482733.6938150784,"[0.428077743707908, 0.4431437243095989, 0.12877853198249306]"
43743,358.14358500165184,779613.1567008855,"[0.6526601332802641, 0.08133957885654071, 0.2660002878631952]"
3635,749.5985859081434,863833.7800954127,"[0.38955012989596316, 0.5560506260287861, 0.05439924407525059]"
10416,532.5710637779677,921979.8806078417,"[0.3516897923280066, 0.13617618593066808, 0.5121340217413253]"
2110,270.8645232287083,191515.0068739574,"[0.6448786938724322, 0.06146044738471469, 0.29366085874285297]"
3415,231.027089686011,799024.1354452015,"[0.24079199143594943, 0.1505061742005207, 0.6087018343635299]"
26095,518.9120588140026,396246.6751166879,"[0.6160264107658904, 0.07132885719876603, 0.31264473203534365]"
29188,80.14337633022008,427943.7019292911,"[0.11500603168767716, 0.8740576573653573, 0.010936310946965623]"
7827,389.428052060037,923271.5982626948,"[0.6884579023811067, 0.2643727057851054, 0.04716939183378778]"
39378,979.6283656360448,426234.41727291833,"[0.022917692466153085, 0.073841892937722, 0.9032404145961249]"
1011,980.0377050992308,932824.0537087896,"[0.08015433463700875, 0.6541684303101989, 0.2656772350527924]"
34336,143.6002437643806,627793.7145537526,"[0.562505169621097, 0.08629219786429115, 0.35120263251461187]"
33031,531.6579771335298,576139.4671952832,"[0.26180462428587636, 0.016849267796265707, 0.7213461079178579]"
43792,783.0445418256323,695524.2408482335,"[0.3982314853370911, 0.40466505433074007, 0.19710346033216883]"
2172,794.584974722522,303256.54623077315,"[0.13794986716742705, 0.23289678057640958, 0.6291533522561633]"
15827,84.22106449963084,353386.4861961398,"[0.07389804891411587, 0.29368699956715005, 0.6324149515187342]"
49814,626.0677477629198,833108.9524304176,"[0.30482522293609865, 0.2953759443486821, 0.3997988327152193]"
34582,717.9260594418862,698962.7604224719,"[0.045460456093018055, 0.8402156276404164, 0.11432391626656543]"
48152,876.2642951291407,694557.9228491471,"[0.2261655105860687, 0.3839930438467637, 0.3898414455671675]"
49430,476.90175027484827,298256.49311398214,"[0.5522610571161197, 0.16991122013889556, 0.27782772274498463]"
15736,538.4990934068176,430688.87561611616,"[0.3105388297348808, 0.36505145874804534, 0.324409711517074]"
17816,356.31402405455407,559006.8303415428,"[0.7433424120580054, 0.21782280970995643, 0.03883477823203821]"
38471,77.49748435658853,240163.49420714937,"[0.5213611742224872, 0.22201179828569534, 0.2566270274918175]"
29416,237.197931405282,348652.2496698253,"[0.3751405213749548, 0.3198449333665888, 0.3050145452584565]"
13833,266.78052689269003,181069.2412917173,"[0.691918506946001, 0.1794398901095416, 0.12864160294445745]"
5187,811.7289687117333,316979.5323807481,"[0.6630407060978333, 0.163958269054399, 0.1730010248477677]"
39836,548.2544051048033,828613.9944665685,"[0.8260882164709189, 0.10155217446019826, 0.07235960906888271]"
4193,306.5699646735362,228443.04552219933,"[0.8533243195162236, 0.044863215780035576, 0.10181246470374083]"
18101,486.4245406276252,193174.85794801792,"[0.2168766781150347, 0.33029226492883607, 0.4528310569561292]"
20686,152.98395876208556,871037.9360784021,"[0.16229504785682639, 0.4727163019498179, 0.3649886501933558]"
34204,717.6245918988828,835948.1867382693,"[0.18988119721916114, 0.38745074018242853, 0.42266806259841033]"
17901,541.6436861572214,649554.4279859446,"[0.2922594223509211, 0.45753863908220227, 0.25020193856687656]"
21730,541.8616379401741,622665.443423976,"[0.06254563205250278, 0.46281977828166615, 0.474634589665831]"
7231,958.4807274924594,636472.169202785,"[0.08213857206824574, 0.4630116186472917, 0.4548498092844626]"
4611,364.91417864195415,505248.0619838071,"[0.5069095557737066, 0.16044056398953174, 0.33264988023676173]"
5651,573.9420205377872,460346.5619527983,"[0.45356624903309184, 0.43659954429177467, 0.10983420667513338]"
36853,860.6443110789841,155912.26054881362,"[0.3083091378814854, 0.1479913642379238, 0.5436994978805908]"
18960,806.5194848915249,270720.5230324512,"[0.1030135321878752, 0.31589259808179954, 0.5810938697303253]"
8789,507.6496007274255,533922.0618713385,"[0.7649356380739523, 0.08401635802680778, 0.15104800389924006]"
32164,820.0772227273475,564620.8519981608,"[0.727885448808754, 0.06445017879290783, 0.20766437239833818]"
32730,460.7525348305172,473861.7103466005,"[0.4173758785898672, 0.23300296238576607, 0.3496211590243667]"
32008,820.9232006027162,733101.8683640774,"[0.13592681219142053, 0.26596442479889243, 0.5981087630096871]"
16843,262.97676733411845,517454.57374048105,"[0.7468369868811947, 0.12393743947681443, 0.1292255736419908]"
12417,284.6897623224683,312519.5673060458,"[0.3649200170010821, 0.15231650559133975, 0.48276347740757797]"
10235,930.9804077628444,783000.2400859119,"[0.7132976481937948, 0.08210927223038211, 0.20459307957582296]"
31491,581.6579907672585,240152.9155272852,"[0.6127712459951772, 0.20218384052912453, 0.18504491347569837]"
37163,409.6357979830883,992616.1311698308,"[0.2027245858516252, 0.5389090741864713, 0.25836633996190334]"
15846,567.1401267699684,518888.3609094956,"[0.1622641800668671, 0.5487267528954073, 0.28900906703772566]"
39644,294.5127547455372,954338.9891853482,"[0.43574078063045696, 0.4418872616849607, 0.1223719576845825]"
15580,132.9462917859974,361723.5453661724,"[0.41931193342499984, 0.5219061539172538, 0.05878191265774635]"
39380,884.2558420522487,660652.3767151639,"[0.4103552652414351, 0.4983308115868643, 0.09131392317170058]"
37916,812.5000623198202,821561.7658445311,"[0.6100972244768643, 0.17891126781954844, 0.2109915077035873]"
88,38.72332126666386,511540.856311884,"[0.043494378170413905, 0.7035405819953104, 0.2529650398342757]"
34888,393.8819654328657,393837.8997180424,"[0.08241781918585343, 0.33814452993181726, 0.5794376508823293]"
17689,423.1411619362088,203594.16715527367,"[0.6250340994467259, 0.14108581659787706, 0.2338800839553971]"
5949,47.316643030053626,673697.8210154934,"[0.06807884964366158, 0.3193883756951477, 0.6125327746611908]"
1061,491.4654365561943,485480.6296496332,"[0.4612539091333103, 0.3416974388204592, 0.19704865204623045]"
17058,758.1780614986762,438896.49104307377,"[0.02470479162883418, 0.17402277925765205, 0.8012724291135138]"
44133,894.3632709274369,549133.7925593124,"[0.17387378175538157, 0.37118068088127953, 0.45494553736333876]"
3534,516.4319685743621,454635.8628980111,"[0.46031193628614214, 0.30809487120501544, 0.2315931925088424]"
31376,381.3431113379453,150662.5363486007,"[0.008468437321840909, 0.5064612346789766, 0.48507032799918237]"
13981,888.2092013929687,794825.8865876675,"[0.9147888993009795, 0.08399885425570248, 0.0012122464433180543]"
16495,663.2989620946906,287190.16913221654,"[0.19467177512729936, 0.08536278653123808, 0.7199654383414626]"
41460,240.36642771603812,247305.785864968,"[0.20350082834332567, 0.6231257059431732, 0.1733734657135012]"
19287,971.1834173568687,843836.6292911934,"[0.9354607525732078, 0.0478377440740722, 0.016701503352719877]"
18670,392.2046262494217,339127.67417835863,"[0.3109053351330207, 0.45606656978777427, 0.23302809507920502]"
13473,470.0311766567346,890329.6995075518,"[0.10941959576850971, 0.6361810032349816, 0.25439940099650865]"
48985,721.3538768758985,901366.8466339004,"[0.12792398821919088, 0.045130362680645554, 0.8269456491001635]"
13375,789.2792693544837,681821.4796347262,"[0.30382726388939063, 0.12420877962681737, 0.571963956483792]"
32067,339.60121986557294,745989.7470802314,"[0.21279969988952396, 0.5567933587511555, 0.23040694135932038]"
48155,390.3551134876189,265187.130829972,"[0.677455358023658, 0.029604040466112435, 0.2929406015102295]"
28297,773.1372154012706,605578.4754860771,"[0.0050974697590466375, 0.6446723217124677, 0.3502302085284855]"
11277,907.2604191058492,733892.7521730531,"[0.21376112019974586, 0.2592611321356715, 0.5269777476645828]"
23131,256.2969568155535,890795.2554224267,"[0.27220168755472873, 0.41851251782604365, 0.30928579461922767]"
33962,35.131999031921154,800086.6527271876,"[0.3978216023997975, 0.4694694014266968, 0.13270899617350565]"
15714,496.32693329529087,708912.0889392685,"[0.014709018360282522, 0.803433399536355, 0.18185758210336245]"
48457,489.67683077308,753100.1999337549,"[0.8057627378455262, 0.013811810551775357, 0.18042545160269852]"
4097,634.0258953244308,146271.08113796043,"[0.2613537689422606, 0.5064906672598088, 0.23215556379793054]"
23508,23.873864856914413,460267.3483522562,"[0.04345965023871528, 0.16169523749001483, 0.79484511227127]"
12180,77.4611402406207,606863.768688241,"[0.1953449867908496, 0.11078909304533088, 0.6938659201638195]"
21806,685.2788572769613,259300.7690749155,"[0.2961775473667868, 0.6340554346504715, 0.06976701798274176]"
19734,881.2685843112947,200142.33350743435,"[0.5253311853201559, 0.425368513779911, 0.049300300899933126]"
38913,840.5460555182424,111479.06846547176,"[0.1450437349462568, 0.2151680471709975, 0.6397882178827455]"
31224,664.0820057547481,736834.9461275678,"[0.39408301153603326, 0.29765786176615244, 0.3082591266978143]"
30510,505.2995271687274,822491.2139618263,"[0.5315767987434398, 0.021248904087758164, 0.44717429716880197]"
23331,83.23924580073377,797644.8906456274,"[0.25275286194706265, 0.7279419635874963, 0.019305174465441062]"
12818,878.6559651283831,472450.88361609017,"[0.6519316346354853, 0.004169667213504009, 0.34389869815101076]"
12597,761.5545641592165,660470.9879971476,"[0.5812958559869655, 0.1182702482743005, 0.30043389573873397]"
7817,788.6861341777864,383033.3520197304,"[0.266891414805464, 0.32614311368336074, 0.40696547151117524]"
26846,202.96154952879303,179597.8621525822,"[0.17005679889896716, 0.08872716303343606, 0.741216038067597]"
40191,254.645680177583,307808.7671876411,"[0.20509336671440495, 0.10099236695118462, 0.6939142663344104]"
28513,526.248507232474,391060.0434547784,"[0.7718243493759966, 0.07965133313247365, 0.14852431749152956]"
4869,545.0969522955025,841051.5742347959,"[0.35783294047825337, 0.3722413838004886, 0.269925675721258]"
25968,566.8370527748207,651475.4574380881,"[0.39034061583546037, 0.5140130252161766, 0.0956463589483631]"
31890,793.028410213227,269260.9957598909,"[0.152149877822155, 0.7722411391709627, 0.07560898300688247]"
17171,275.48718709106834,762855.5152445147,"[0.4321688967526113, 0.37165987012035123, 0.19617123312703738]"
13969,738.425523764781,911931.7384605096,"[0.4992852240070299, 0.205247073725293, 0.29546770226767705]"
7994,158.13484529302875,638872.8888311161,"[0.5353637832475329, 0.31981410680223016, 0.1448221099502371]"
29527,402.185716689444,945225.754030797,"[0.27445707484482107, 0.40496828871596663, 0.3205746364392125]"
48764,28.768316488741,487884.5370036093,"[0.3488818798814066, 0.008316295015066444, 0.6428018251035269]"
23937,188.78264646546384,734858.0535915759,"[0.015441979479242338, 0.38579372845265114, 0.5987642920681066]"
32700,748.0037334496633,422647.0628204856,"[0.020785536158638474, 0.6237202210033551, 0.3554942428380064]"
42198,253.7640941104451,351820.27745936974,"[0.24033300141629407, 0.6594997911680429, 0.10016720741566311]"
31557,384.14865492498615,936454.426033902,"[0.02589119055117365, 0.6974719263841919, 0.2766368830646343]"
45564,782.4594271135783,576912.0231763714,"[0.31730826278043467, 0.4711074369538461, 0.21158430026571937]"
42255,851.604096912992,689770.0487289305,"[0.6153536289695133, 0.02461869834957187, 0.3600276726809149]"
12544,686.120251377518,566561.0888397081,"[0.6942326332668308, 0.07462766790418107, 0.23113969882898813]"
7173,25.62571968960872,291230.67601705855,"[0.804473113321491, 0.18815584194310284, 0.007371044735406136]"
269,954.6841923128652,489900.6191372704,"[0.8910995907448328, 0.03891689417260449, 0.06998351508256292]"
5921,78.76393352047872,436615.6287157512,"[0.29244160568430055, 0.3878204538174833, 0.3197379404982162]"
13546,659.3548586535388,786101.5083262395,"[0.09264012179950575, 0.13377466894245452, 0.7735852092580396]"
23090,587.2997717563677,797958.9623660387,"[0.6139191055565828, 0.04332649433979411, 0.34275440010362307]"
9245,962.712629379342,244931.6625212111,"[0.26098313457686567, 0.2796036342987358, 0.4594132311243985]"
39409,332.5519783536332,661950.8197247526,"[0.5119522878957705, 0.3613315636066335, 0.1267161484975961]"
35572,937.2672532337764,992089.0948069752,"[0.3216726274748896, 0.18919230931389527, 0.48913506321121514]"
46899,251.8530064220093,858941.9216346199,"[0.26676726666329686, 0.07498770670652771, 0.6582450266301754]"
27823,453.908723004463,654137.5775093369,"[0.22474666999730122, 0.711666030233511, 0.06358729976918764]"
3562,689.5146166852543,824985.8153780182,"[0.024031742352529417, 0.8515978739574274, 0.12437038369004327]"
3908,609.6070101322167,210768.1034677743,"[0.17516450412165688, 0.06978356380218133, 0.7550519320761618]"
25865,544.4951989590525,865649.3484791258,"[0.249559949244099, 0.5926526688663517, 0.15778738188954933]"
8388,463.78277267182847,125636.81612947398,"[0.13350796774696652, 0.16117178067708104, 0.7053202515759525]"
211,265.4464136749236,739794.5222980605,"[0.1709129457119414, 0.5938363522849794, 0.23525070200307935]"
41310,423.4079870081948,858390.2235777666,"[0.06559645681442716, 0.47922071318288484, 0.45518283000268794]"
33841,596.1469931418951,893318.5873978928,"[0.15845552074097613, 0.10378177287925007, 0.7377627063797737]"
20112,338.42444720877137,536441.8669121524,"[0.7045735992075796, 0.016043344256006738, 0.2793830565364136]"
24207,343.47658659910667,574429.7409552115,"[0.5346448583390139, 0.3405672317343958, 0.1247879099265904]"
46586,360.7072013222674,705649.3644810367,"[0.1142470754872893, 0.8067052732670187, 0.07904765124569212]"
12170,809.3568397913803,531652.0208224686,"[0.23983019437515252, 0.5774981778852477, 0.18267162773959988]"
33326,272.217129323883,373966.39213228616,"[0.5156486676230088, 0.44321974332508707, 0.041131589051904116]"
17670,440.3554064789286,783726.576254971,"[0.21056625139143814, 0.4770823332970143, 0.31235141531154753]"
40119,467.5808163246263,361022.0774310406,"[0.02518351080906719, 0.4103778736557532, 0.5644386155351797]"
33468,95.50721346550203,633301.8460990142,"[0.6752988982578949, 0.04000640843706643, 0.2846946933050386]"
19453,953.0279185827196,445535.2912360289,"[0.9018841111489108, 0.019121537506406307, 0.07899435134468295]"
801,984.7578023868537,656515.6799023084,"[0.5769389265466716, 0.40202308034972206, 0.021037993103606205]"
39416,640.2301562746952,626490.0827645164,"[0.277498718062824, 0.6524561935760075, 0.0700450883611684]"
673,641.5354677863321,703689.2380331889,"[0.04434494873361098, 0.931856269812261, 0.023798781454127938]"
3787,185.5765197803401,228661.39013263016,"[0.8354908448996324, 0.09469390979685584, 0.06981524530351178]"
6052,715.3289596184343,283077.2771643043,"[0.4613240084476293, 0.48335224532626014, 0.05532374622611043]"
17746,979.0457544959962,206392.198252438,"[0.49610228648220067, 0.29841368462849194, 0.20548402888930747]"
22716,261.2813567020112,520970.2973612322,"[0.8433388340708617, 0.0779676172450103, 0.07869354868412798]"
30459,581.7793727373121,268329.0370870352,"[0.15808958044648994, 0.614713045700303, 0.22719737385320685]"
19322,240.6497192375164,307161.99534541863,"[0.20515893223965304, 0.17924734755855593, 0.6155937202017909]"
47970,198.59326288471385,916688.1226794274,"[0.32909507011917394, 0.383615004868502, 0.2872899250123241]"
36289,146.14281182137967,202921.34077812952,"[0.04286071316218028, 0.8742012921110986, 0.08293799472672107]"
8636,699.2955415390074,358989.8220190434,"[0.48747906524944706, 0.1396832922305843, 0.37283764251996865]"
43218,983.9630388509464,959517.603381224,"[0.5096424848919554, 0.46363643629385676, 0.026721078814187817]"
25033,617.8432834025034,594553.9259696092,"[0.4782722074743101, 0.4474542056835775, 0.07427358684211247]"
30076,487.06032705546016,694347.468221253,"[0.2986846532808027, 0.443140232765701, 0.25817511395349635]"
38302,872.926363959539,998597.8532719456,"[0.05246545848046302, 0.6009744545775245, 0.34656008694201235]"
35203,465.8600917746823,308952.6510286941,"[0.3667120976037951, 0.2635231129676598, 0.36976478942854524]"
18499,69.50852758714751,670253.866350316,"[0.3916230301918218, 0.5687776572139107, 0.039599312594267536]"
22939,348.458612887098,293595.4837049531,"[0.5886689139367084, 0.0625743215620529, 0.34875676450123866]"
240,834.2723757032535,147947.73467281705,"[0.6992312223777511, 0.15609722814943905, 0.14467154947280983]"
3381,247.44925640480503,370400.35118549806,"[0.7720066535992797, 0.16200870510644805, 0.0659846412942723]"
23926,300.2538907916773,651514.894229683,"[0.14928355904307716, 0.48247407949184157, 0.36824236146508116]"
36690,803.081502332406,279671.95901950554,"[0.6062556557231424, 0.23698237317783957, 0.156761971099018]"
49319,540.7133340071113,109094.59852395972,"[0.004973455707868837, 0.9270920363801158, 0.06793450791201522]"
37707,709.083575506646,995119.4487945208,"[0.5185701689065485, 0.08893249945622263, 0.3924973316372289]"
46884,66.79043132525359,213926.93936049624,"[0.2877796836464668, 0.6219170407248292, 0.09030327562870402]"
9913,813.0261728000544,199402.21780149743,"[0.29503240069891806, 0.4359912876738998, 0.2689763116271822]"
24991,519.1642773768873,872027.6013801885,"[0.06700075117081537, 0.19073934544556223, 0.7422599033836224]"
26971,596.1139647344396,956959.7051834865,"[0.29170089071318694, 0.504620351048704, 0.2036787582381091]"
32849,452.8249930767469,365219.7929168834,"[0.022963851397096283, 0.9237669465285467, 0.05326920207435706]"
43147,862.2642338710627,738930.215291471,"[0.1857912288539032, 0.6242702459319924, 0.18993852521410418]"
8925,78.29106627697082,752229.8107298116,"[0.019970024599259308, 0.014336840424966791, 0.9656931349757739]"
49546,173.0302761318619,801123.942785829,"[0.47973485899707724, 0.09367216302783885, 0.4265929779750839]"
36018,839.9190091617739,459609.0755232005,"[0.014671019062787038, 0.5058368832914805, 0.4794920976457326]"
41689,680.0470398052714,276381.6784382817,"[0.07426589897543, 0.7000031161365908, 0.22573098488797907]"
8532,539.6617026793381,612939.5641566964,"[0.41412676169384244, 0.2618274200895175, 0.32404581821664]"
14360,210.7345533467418,251743.70985606,"[0.08653003582573605, 0.11231858881784672, 0.8011513753564171]"
15341,534.8034218227923,250004.08949919685,"[0.7464575957126588, 0.22705837264054243, 0.02648403164679875]"
19787,223.47592237119227,508038.1979497393,"[0.7545492356144389, 0.14637017814112135, 0.09908058624443986]"
48048,326.08387712764795,517431.6725384115,"[0.17548905360801342, 0.5127811445735114, 0.31172980181847515]"
1168,924.0466126990374,630423.9575688428,"[0.004665680006324628, 0.8826150494415088, 0.1127192705521667]"
26870,277.58339317576014,988565.919850479,"[0.24127915355007187, 0.04261598518250858, 0.7161048612674197]"
25269,280.322529812866,582060.9790168529,"[0.7263807499793768, 0.158170074827955, 0.11544917519266816]"
242,742.8227932953419,445830.5011423762,"[0.1992398714103985, 0.05138968584338453, 0.7493704427462169]"
33160,858.2414929960738,445598.2961856597,"[0.05382398573784893, 0.643826062096854, 0.302349952165297]"
30857,923.7772838026358,956367.3938117176,"[0.506920069831587, 0.40079738111928037, 0.09228254904913266]"
22858,440.55137174255646,943031.5416296852,"[0.43453397053008, 0.2508709283752162, 0.3145951010947037]"
21649,800.9252068541977,964348.3750034764,"[0.6244248481955154, 0.07498079352749254, 0.3005943582769921]"
46092,384.4702639279457,366095.0827858796,"[0.8002443021427236, 0.13413908328661292, 0.0656166145706635]"
6872,52.00739300198985,200997.55570764048,"[0.014583755739951581, 0.27610374108642755, 0.7093125031736207]"
28170,588.4206081347411,940618.844013628,"[0.6061316336520796, 0.2984349214869395, 0.09543344486098101]"
41455,391.84009404920175,466908.13874440215,"[0.3350569717686511, 0.3828579896148149, 0.28208503861653395]"
14685,972.9191611653112,686950.1807402233,"[0.8743099585207903, 0.036327132516732134, 0.08936290896247749]"
11305,606.2290948658782,802287.1560934332,"[0.25447895742270676, 0.08764290253873104, 0.657878140038562]"
3279,628.3205654612602,725169.9811138919,"[0.03871855327139803, 0.5593352450919766, 0.4019462016366253]"
22103,867.8575323501939,986531.4138028458,"[0.16524865258890925, 0.2904886635393486, 0.544262683871742]"
34296,653.2778985620989,923090.887404301,"[0.0050758217687089146, 0.43453398763565604, 0.560390190595635]"
38219,442.9926368338617,952021.4905630538,"[0.23242229924742164, 0.02066676143677541, 0.746910939315803]"
11838,903.432179183687,278778.9438947346,"[0.5571596254770882, 0.3459090080617745, 0.0969313664611372]"
24351,523.439983261296,842605.8091543409,"[0.1239673920422599, 0.41415111436993196, 0.46188149358780806]"
6135,893.4291761164592,905425.1289069658,"[0.6269051030045281, 0.10116364229067387, 0.27193125470479795]"
29917,545.3947841744946,821774.3022419823,"[0.17283184984272712, 0.2557126518876566, 0.5714554982696164]"
13678,288.63730702220505,659132.0576424308,"[0.4574338514198803, 0.20052534217584303, 0.3420408064042766]"
21777,721.5947922849556,958078.9637619248,"[0.8959657403156357, 0.008665342574772798, 0.09536891710959158]"
43335,923.5767920886992,178277.95891964203,"[0.3448341482407429, 0.4956099831554013, 0.1595558686038558]"
35042,651.5969093840953,196717.2970820095,"[0.5064641297157358, 0.05498364770144831, 0.4385522225828158]"
48066,485.3817995491241,240551.29884060868,"[0.3332075801397883, 0.5389640675756103, 0.1278283522846012]"
1578,794.1280326226419,284591.95582836494,"[0.07381158842145327, 0.26753809169491133, 0.6586503198836353]"
6174,196.1032968855172,296956.812798063,"[0.41807190187570625, 0.37053224620179803, 0.21139585192249566]"
38668,614.9299940694534,565765.3212805537,"[0.35336774129764975, 0.23459968140665058, 0.41203257729569964]"
464,297.4402373125111,192328.02220131105,"[0.32393186484238945, 0.4048185443482971, 0.2712495908093135]"
14937,895.1826448576284,631478.7264713371,"[0.13251182794971536, 0.010525257974764522, 0.85696291407552]"
15686,994.5970113309824,947880.8974970656,"[0.07379090305419979, 0.5738490904000961, 0.3523600065457041]"
48882,444.1162491653865,340508.2762332922,"[0.22554591883607714, 0.3394093102800738, 0.4350447708838492]"
3545,817.5235553729923,260295.24342701185,"[0.27005577165782074, 0.6785091413504581, 0.051435086991721134]"
6864,183.82352580781264,125636.71690921788,"[0.44538606960554544, 0.11195895802922161, 0.442654972365233]"
25168,489.0314952560869,667935.0972761135,"[0.46200785792446447, 0.4149273065795402, 0.12306483549599544]"
775,498.4530535692097,623314.0455284038,"[0.19685025751073293, 0.018017271165567467, 0.7851324713236997]"
46861,317.61062591364464,824141.8929661926,"[0.17355676246657895, 0.813588348192241, 0.012854889341180002]"
43738,405.7428249855607,586853.2630393179,"[0.5072679117402883, 0.08900179180836945, 0.4037302964513423]"
12265,159.70011690265204,244915.42315250577,"[0.09072332626877522, 0.23181995273029068, 0.677456721000934]"
24265,546.8116640493932,455082.8901832752,"[0.03390367203449779, 0.5101663287804004, 0.45592999918510185]"
21264,305.4777140135108,153428.2856622913,"[0.2092744010332024, 0.11130076262645354, 0.6794248363403441]"
38804,835.6948910357461,342772.0194112889,"[0.5249688164722931, 0.10317431212054608, 0.37185687140716095]"
30629,654.1371820541224,174536.61620309635,"[0.24562678300845672, 0.6999001810221532, 0.0544730359693901]"
12746,675.9415322973442,957398.0193639538,"[0.10198436679283407, 0.8157273164524411, 0.08228831675472494]"
49598,574.1230572780597,749349.8692379273,"[0.10225343704315772, 0.3152921602850807, 0.5824544026717616]"
10651,89.19544287413909,222812.66773108853,"[0.5143581892364631, 0.17783025546119138, 0.3078115553023454]"
11879,779.7658072424388,728970.9559243885,"[0.007689600427639639, 0.6004940832364196, 0.3918163163359406]"
35861,295.3495109064567,206843.80146804405,"[0.48920249201300803, 0.19509819205022985, 0.31569931593676215]"
18623,976.9879837207542,227174.6248155437,"[0.27709586512938805, 0.07183388175781631, 0.6510702531127955]"
29582,737.9323823492831,813284.5313872186,"[0.24830338869798266, 0.40209686905016695, 0.34959974225185037]"
35254,878.4830274301382,491552.1391372468,"[0.28862683418340435, 0.22200663016467498, 0.48936653565192056]"
25370,890.9242143954508,557568.2485487157,"[0.05026019321863736, 0.0795203074743727, 0.87021949930699]"
38454,157.20462322351503,714250.5669754315,"[0.18285089118415543, 0.19773661973217124, 0.6194124890836733]"
40354,705.9262000921791,747002.2690712014,"[0.8450226428346688, 0.033931044450415455, 0.1210463127149156]"
28326,756.3125081766947,182498.50848820424,"[0.549725746502333, 0.16413420937284393, 0.2861400441248232]"
4276,45.15250625793199,494970.2167492994,"[0.08100938593025955, 0.4388456573523051, 0.48014495671743523]"
11276,186.5131082353314,441003.8437579476,"[0.830095934481131, 0.11163682549439574, 0.05826724002447331]"
20982,646.303616932311,489898.3010775095,"[0.0021422718332475828, 0.7336618200293112, 0.2641959081374412]"
21521,471.0760869270652,475524.1120879453,"[0.020311930300650368, 0.47091531413870485, 0.5087727555606447]"
3288,345.0591017655841,506580.89244758745,"[0.6831554364271428, 0.2817214515189451, 0.03512311205391209]"
31031,662.9301746574614,786792.5059908645,"[0.22517959587386793, 0.021715118595637104, 0.753105285530495]"
30850,511.1534435648182,211651.8405452985,"[0.15067840556441117, 0.4441352885230092, 0.40518630591257954]"
8679,198.33953755630972,442332.1104577333,"[0.8757184068896854, 0.056632293919026924, 0.06764929919128776]"
35462,906.6318592728404,451702.3590870598,"[0.4181062941132468, 0.4862129140973982, 0.09568079178935494]"
8372,304.7889343681095,491488.8783222796,"[0.8091771015100642, 0.08814090942082695, 0.10268198906910894]"
35169,516.2140737375707,155790.9731427154,"[0.09061127771225423, 0.3382247914910858, 0.57116393079666]"
28820,69.49510308607294,387041.7595233269,"[0.6720326431973043, 0.20180124924173873, 0.12616610756095695]"
13193,774.4307197587506,244319.83824209275,"[0.2840073587126152, 0.053065764188216256, 0.6629268770991686]"
8278,489.1100604837888,379844.9647217768,"[0.8454607842529825, 0.11867689386177567, 0.03586232188524183]"
5195,540.1438909890625,799008.4610222136,"[0.7534611963595926, 0.10650850423790563, 0.1400302994025017]"
39845,179.00154428668827,535472.1142042987,"[0.07803060832977207, 0.3845457209366461, 0.537423670733582]"
30566,494.0603694058028,948889.858929385,"[0.05133718628997655, 0.6282681530994575, 0.3203946606105659]"
43773,874.6691468357898,377800.38633053546,"[0.1847551311096144, 0.11464873470227309, 0.7005961341881126]"
9784,57.9392516314533,164664.4574464298,"[0.3803910594800688, 0.45131907152105455, 0.1682898689988767]"
49870,790.3682843029393,890374.9945331996,"[0.32514279923923306, 0.21908169091518634, 0.4557755098455806]"
24186,165.57716562708023,682102.7186276113,"[0.15405916972853656, 0.8029756426564226, 0.04296518761504068]"
42007,279.7827295867514,981940.3925640098,"[0.5457527592482323, 0.30619778985462054, 0.14804945089714724]"
23991,26.37190666610712,867085.1795633534,"[0.15295056095576434, 0.2502342426357357, 0.5968151964084999]"
25240,543.2555498190584,597485.2569886036,"[0.7139728335970864, 0.19044300454739166, 0.09558416185552206]"
14769,708.7270697398045,237045.3138791956,"[0.20208630184073811, 0.4757830213298616, 0.3221306768294004]"
48083,655.008810166475,989757.7352379458,"[0.47978741568385785, 0.2438589752435599, 0.27635360907258244]"
43825,978.6183179924392,288624.6377101342,"[0.21121352328506907, 0.7091212251698294, 0.07966525154510146]"
17164,379.0719034310746,995432.3923858276,"[0.43272635065597187, 0.30299348919704044, 0.2642801601469877]"
5958,833.2057240039352,141654.4319409517,"[0.7041693668456707, 0.019662809094648046, 0.2761678240596814]"
7269,959.0658347327563,412713.2333302374,"[0.6127028754538244, 0.272758843769149, 0.1145382807770267]"
48649,106.90344420012327,330892.2800094824,"[0.1318118198521951, 0.1527633009762203, 0.7154248791715845]"
8389,591.1780639595942,987735.4310440632,"[0.7574783384330989, 0.21042997679999276, 0.03209168476690833]"
39407,217.2901132866097,348086.1336949035,"[0.574423101353258, 0.3610955325661096, 0.06448136608063225]"
40116,943.7559267680818,657531.8348879842,"[0.12073297075480285, 0.4967442906847416, 0.38252273856045554]"
15875,92.59254109916635,404030.2034035716,"[0.3203373202496532, 0.2705009963845553, 0.4091616833657914]"
27357,281.649727892294,225585.4696064603,"[0.5020696567594957, 0.36959925690608825, 0.12833108633441587]"
26457,883.135880722734,609830.4509797021,"[0.7432530340061224, 0.07631599549210465, 0.18043097050177292]"
34040,834.2196275522591,470038.01643894095,"[0.2795795424700221, 0.5076417564435282, 0.21277870108644967]"
8596,761.9695259139324,937815.6413818196,"[0.6934241184351875, 0.08598198998502049, 0.220593891579792]"
47996,623.780656810182,150862.6976900854,"[0.09776283980716244, 0.45276499337652754, 0.44947216681631]"
43846,514.3819405154079,670126.9847306521,"[0.33979028661289495, 0.49723895151289355, 0.1629707618742113]"
8536,299.17738001079834,330753.47917347925,"[0.18916175329807045, 0.11080033956214827, 0.7000379071397812]"
45583,987.2694649531152,784589.2193832101,"[0.09396680127809907, 0.448251610154836, 0.4577815885670648]"
2573,892.6153210708404,449183.5646404341,"[0.1421608942317541, 0.286465715210879, 0.571373390557367]"
45369,528.6080045507589,245516.43962841475,"[0.607088242623403, 0.3796674734754259, 0.013244283901171007]"
9577,237.5363484430959,997514.8384473588,"[0.22230206490124405, 0.22662073325311502, 0.5510772018456408]"
38944,944.1054168527736,122086.31411194586,"[0.6236396790597895, 0.32251501479920114, 0.05384530614100944]"
12322,717.4518039777106,236831.37656986355,"[0.00943564469458113, 0.7217045591950176, 0.2688597961104013]"
35831,76.76710901645909,789609.4339950299,"[0.4063233234216046, 0.5763718464839265, 0.01730483009446895]"
5247,540.0557704486702,566374.0261993458,"[0.3811715817037262, 0.3581245921465665, 0.2607038261497072]"
28945,325.49043496395353,175140.51084767652,"[0.3718683048851705, 0.005834631676456605, 0.6222970634383729]"
32984,61.65869502628357,503834.0322110732,"[0.1293787532954188, 0.4430760701818003, 0.42754517652278096]"
35418,410.1931230330752,596746.1725317419,"[0.045725121724850416, 0.6564250613282898, 0.29784981694685975]"
1259,598.9938575276773,607359.6872944249,"[0.12645710828244733, 0.8081763172167845, 0.065366574500768]"
29646,110.30144227253876,467328.2787347283,"[0.36134915335402895, 0.45208614704578426, 0.18656469960018673]"
7281,924.0531144744258,207274.42220960025,"[0.16767065728427097, 0.27989527087360244, 0.5524340718421267]"
8318,803.0359387034146,902297.7026527548,"[0.34571513482328037, 0.26079176834569, 0.3934930968310295]"
27080,68.27232643774141,338161.1037191963,"[0.04900162084115608, 0.8367180804090829, 0.1142802987497611]"
17755,706.3312593675103,265787.8868308901,"[0.7472015960240236, 0.052425703088700336, 0.20037270088727607]"
13029,40.731119807023205,832379.9177944512,"[0.03656504234486852, 0.20308337036692348, 0.7603515872882081]"
34361,539.1341369357858,718119.3073573272,"[0.1576529216005189, 0.18756311965724332, 0.6547839587422377]"
36098,707.4167852490982,576872.4716402357,"[0.17205435096167712, 0.32668574832598907, 0.5012599007123338]"
4801,35.15093844299875,700340.3946759008,"[0.4884068328130888, 0.2577997071112416, 0.25379346007566966]"
24474,562.6763943903292,878387.7533614858,"[0.4419396129527574, 0.3181389503934175, 0.2399214366538251]"
3208,954.0857725400724,500781.3186048101,"[0.18616169283905937, 0.10192877555576428, 0.7119095316051763]"
22097,988.5178669810496,444054.4974330942,"[0.7671403972847665, 0.2086310975698435, 0.024228505145390045]"
34402,424.7762144460097,108001.63108437072,"[0.43489578561427494, 0.14629858482107327, 0.4188056295646518]"
31470,593.268731192531,554467.0666911958,"[0.6310280897024942, 0.0634780961459277, 0.30549381415157806]"
28611,231.4412022986788,139217.3683370382,"[0.18701447084385148, 0.31501659723124914, 0.4979689319248992]"
41856,700.5536153094763,779938.0329995009,"[0.3034831276203848, 0.19194741844523405, 0.5045694539343812]"
38166,605.118007941049,992192.7588952392,"[0.07230365063079054, 0.4508275574493227, 0.4768687919198868]"
45249,277.7234199255462,578950.0765793042,"[0.4197756311276221, 0.4843829938343536, 0.09584137503802434]"
40226,861.0502314511663,252640.2066149708,"[0.10453605184872762, 0.18079182778700337, 0.714672120364269]"
7473,231.129274494874,579853.6794103235,"[0.18544317209742164, 0.45111501426967043, 0.36344181363290795]"
46948,846.6292402505799,816628.454203257,"[0.4781481511158477, 0.02003256120954303, 0.5018192876746093]"
25405,317.3921257394286,625810.5139686435,"[0.33764651410852164, 0.4321597881910663, 0.230193697700412]"
39272,477.2236956450158,236673.69286700647,"[0.27938564630560764, 0.35069878320290315, 0.3699155704914892]"
20476,24.968851720438824,664527.4974877058,"[0.3856513785598357, 0.40226014638208746, 0.2120884750580769]"
35888,610.8912845865597,929019.1943377584,"[0.011062468265145285, 0.3488410342151803, 0.6400964975196743]"
18961,975.520596342735,876072.808183739,"[0.3264719031699114, 0.19566787945233177, 0.4778602173777569]"
2639,591.3662955974406,395947.264357841,"[0.4610470621060329, 0.253230853618027, 0.2857220842759401]"
4844,745.4584460461498,843872.4156512402,"[0.5376337183508753, 0.3830846007085541, 0.0792816809405706]"
15116,87.7567580174388,989595.7966937788,"[0.5115153445644515, 0.24561667398995196, 0.2428679814455966]"
23792,770.2307604322073,657987.1313627549,"[0.22919916398055498, 0.4618655612254801, 0.3089352747939648]"
5665,550.5949336369257,514463.3859509324,"[0.19976825604977896, 0.4812176031016166, 0.3190141408486044]"
31074,168.84193039915036,589929.3703872676,"[0.3857279087897704, 0.27181430120250233, 0.3424577900077273]"
13486,150.79408320768383,798668.5023754371,"[0.5979092821104366, 0.14650909781505664, 0.25558162007450674]"
6660,885.7771720739213,634486.6692057385,"[0.31422259650624224, 0.3838680965053346, 0.30190930698842317]"
39626,442.86016604873566,556004.0195656198,"[0.7691045120363164, 0.08392255261199666, 0.14697293535168693]"
30885,929.5357282351168,861690.5946523551,"[0.04685352740395706, 0.8736303946910016, 0.07951607790504157]"
2708,348.9804763648609,558262.1682117886,"[0.41399467514095134, 0.25425634780004536, 0.33174897705900314]"
2727,782.2183011809883,249540.51112951827,"[0.2013384496536735, 0.22152289262929017, 0.5771386577170362]"
42210,337.2761282988056,240036.05069532688,"[0.10421137735893488, 0.7847892182281588, 0.11099940441290625]"
12087,260.6251039515864,921920.5169186484,"[0.04203918877147257, 0.8189821930128746, 0.13897861821565288]"
7798,667.9014622437574,331215.16398356267,"[0.4262687183475344, 0.41615360766269344, 0.15757767398977218]"
26789,820.8518580850271,807514.4779655531,"[0.5947689509717882, 0.38195832191393153, 0.02327272711428017]"
7901,916.1993185322189,250200.9493102357,"[0.03611314166664772, 0.8707799413484743, 0.09310691698487808]"
37525,159.54619700482868,572095.7337436792,"[0.3632789341153724, 0.5876742364050028, 0.04904682947962488]"
42885,579.5251781362649,724623.6584070565,"[0.6513095771953881, 0.24996461210577434, 0.09872581069883762]"
42974,53.70515031195623,585036.9793437892,"[0.5379515937931765, 0.2663886295989057, 0.19565977660791795]"
21706,188.15215678664364,837652.6300048387,"[0.7287957219483465, 0.1725859619502831, 0.0986183161013704]"
16114,294.027660539172,969771.8832437014,"[0.13611711855088796, 0.7762429268283847, 0.08763995462072738]"
26343,710.0835879115447,696354.5317415445,"[0.10387070231875191, 0.3747208847187623, 0.5214084129624859]"
48309,425.62804537536806,418799.16154687776,"[0.09412173332751014, 0.35351905131446193, 0.552359215358028]"
41783,220.22890764774013,452071.184176461,"[0.9011647640434974, 0.03424463442315161, 0.064590601533351]"
13849,657.4877927978529,332308.3768238361,"[0.25408458547830054, 0.7406654906533763, 0.0052499238683232415]"
27154,337.8775837331315,173650.5444853591,"[0.7229870480288451, 0.11660146086094533, 0.16041149111020978]"
44580,551.4573815755803,656814.6991415636,"[0.3545461849163131, 0.5541440857694716, 0.09130972931421534]"
14756,775.4190730702695,217909.76723941177,"[0.5369778884823547, 0.4319172031340019, 0.031104908383643392]"
26835,100.1082234789399,594113.146807895,"[0.5372671841214159, 0.21223769138539497, 0.2504951244931891]"
18112,117.30564064669672,618693.2710708281,"[0.28798843419286485, 0.5103518039939977, 0.2016597618131374]"
8190,379.6242621764489,486367.6951447027,"[0.9675003795417706, 0.019491193082984918, 0.013008427375244512]"
33027,611.6598723029546,827457.1523292406,"[0.5914663251131861, 0.32755794673650196, 0.08097572815031197]"
14238,439.6393487072859,516961.012212666,"[0.018775248667050153, 0.8720645674770687, 0.10916018385588118]"
23399,512.771940369246,717922.1762633087,"[0.11025539375342057, 0.09158165229284483, 0.7981629539537346]"
23683,201.4879597857797,560131.5217822294,"[0.7468543441345884, 0.12429805775196939, 0.12884759811344218]"
43814,462.8701147001359,360174.4650297782,"[0.21564876685985196, 0.3606432741806726, 0.42370795895947544]"
3666,684.8033462667785,234432.44998120848,"[0.935060487640443, 0.022263649174244154, 0.042675863185312746]"
19496,685.6724048923488,810365.360010652,"[0.649745902287137, 0.20115827535153188, 0.14909582236133107]"
16993,808.5225074733986,727015.5422827768,"[0.9190735455799737, 0.038983044555813993, 0.04194340986421225]"
32871,295.6162464664767,828915.5225768778,"[0.34999273299616407, 0.2068205784479042, 0.4431866885559317]"
19299,622.7166497472537,611250.0283692372,"[0.4062461438099925, 0.5041194933620673, 0.08963436282794013]"
12186,170.49146903125063,344816.6495026947,"[0.6492783132243349, 0.34234895717903363, 0.008372729596631389]"
33346,259.37647717576124,642072.9899841383,"[0.5303691723181587, 0.46945101762575336, 0.00017981005608794527]"
30590,135.99199309862092,175780.12195811086,"[0.6156336083807977, 0.2586632092382829, 0.12570318238091943]"
34989,441.9080867794226,781185.6947281637,"[0.07314704977947159, 0.21781332373754161, 0.7090396264829868]"
12633,782.2920252356193,855813.8081180506,"[0.22096407543329238, 0.31924688108964605, 0.4597890434770617]"
19222,150.58605161804184,230539.31639491493,"[0.3383155055796764, 0.3646880594208652, 0.2969964349994585]"
35487,144.59270338510697,340093.39809961413,"[0.4194203087321939, 0.06998938890178752, 0.5105903023660187]"
16309,415.8295452520152,726148.4370460495,"[0.2329723031547821, 0.7262649306332732, 0.04076276621194457]"
43296,586.3925175530902,636660.2030205773,"[0.16171866871555732, 0.27244004754964696, 0.5658412837347957]"
17318,196.5099848219516,767889.6035922384,"[0.7927091943012577, 0.09717800115705036, 0.11011280454169202]"
32181,398.7634507248188,294246.0789071416,"[0.4743417122402068, 0.45994290461892734, 0.06571538314086578]"
40118,866.2944990083258,171375.90075725334,"[0.1963928936158454, 0.7491928682501172, 0.05441423813403742]"
21195,428.0624802637951,320770.16830670665,"[0.11057100564754598, 0.45689681697377627, 0.43253217737867766]"
41988,175.18712368215282,258707.32587332977,"[0.2257337790692763, 0.33934245699524646, 0.4349237639354772]"
27952,549.9570173578272,804515.5400313274,"[0.5004951086413393, 0.49922552289039523, 0.0002793684682655877]"
22689,41.329218379968,797678.3678192544,"[0.48774483740726454, 0.18911604648780259, 0.32313911610493284]"
15323,319.1938297723636,701456.0244485608,"[0.1633929754083408, 0.2279495909353788, 0.6086574336562803]"
14526,514.9863566938927,174334.53739450636,"[0.49124688332365635, 0.37664717569749034, 0.13210594097885342]"
41448,282.0258521671252,574305.9773717027,"[0.03077810950910299, 0.9297780033320969, 0.039443887158800144]"
23027,390.1254062332986,317830.39308788115,"[0.4884734873607058, 0.38349163980118195, 0.12803487283811213]"
48684,589.9123692211948,385539.6197245559,"[0.9396801277542921, 0.018752078286353682, 0.04156779395935435]"
20240,17.043456872628447,336710.8937677556,"[0.8474452141928048, 0.049212816770349166, 0.10334196903684607]"
39130,139.84542294290938,863532.7481890625,"[0.3938286432544374, 0.5827979422676463, 0.023373414477916448]"
37933,823.8617600544911,498000.5305818516,"[0.5555288511567307, 0.27887614671115885, 0.16559500213211056]"
30202,496.56403237774055,899502.0559727883,"[0.5235828453480043, 0.15142541323372632, 0.3249917414182694]"
22112,597.1354493556141,517441.5337363135,"[0.15525919614318073, 0.8091656703223173, 0.03557513353450179]"
36304,729.5414229517321,268223.08921122056,"[0.6977676089880721, 0.09886598793920941, 0.2033664030727183]"
16020,823.2456646477652,893633.6882589576,"[0.22745520945053843, 0.4218487402126464, 0.3506960503368151]"
6171,992.0994933516236,130039.20961457385,"[0.7000575066692608, 0.11380681104286014, 0.18613568228787908]"
35565,418.2735287429698,363707.9823241643,"[0.10969941880500421, 0.3108822302181492, 0.5794183509768466]"
49828,804.8129989738615,469913.0367468479,"[0.026565458543182676, 0.7063411756971146, 0.26709336575970277]"
35229,278.6030041808564,290048.69011982414,"[0.2340011016243279, 0.7446147300237124, 0.021384168351959686]"
18071,993.996483507454,294709.7102799461,"[0.5190526467213361, 0.3112260287837691, 0.16972132449489488]"
13677,924.926252496768,354282.1909440022,"[0.28717251025158735, 0.3419976974969279, 0.37082979225148466]"
5451,94.94979968263203,901747.3497172772,"[0.0418470282272683, 0.6172570109788723, 0.3408959607938595]"
31214,926.0604955064896,666013.2160957584,"[0.5059966707040905, 0.02526695384010509, 0.4687363754558045]"
18473,206.9342100453224,486751.6111842836,"[0.5093029625201428, 0.26301755938141425, 0.2276794780984429]"
33135,772.9954234832364,295835.457878788,"[0.10168750568492486, 0.328622439709271, 0.569690054605804]"
15641,516.2975339810317,828637.5056981605,"[0.027089760299576778, 0.4439456387130263, 0.5289646009873968]"
37623,783.3718756719475,151599.57059937765,"[0.1578115169065898, 0.3288954920802305, 0.5132929910131797]"
36217,254.52590400097887,244280.2004498404,"[0.5159219928378918, 0.08426807600544317, 0.39980993115666513]"
3376,463.188554767084,841750.6401399486,"[0.048492123412099804, 0.5570424041013823, 0.394465472486518]"
45635,262.0584394143101,722619.4583960513,"[0.32622286943526096, 0.263318903164138, 0.41045822740060106]"
24574,533.3312671895188,511653.07014339895,"[0.423676709596727, 0.10523402146671929, 0.4710892689365538]"
37709,571.8125933861407,558057.1415028569,"[0.8442290820144512, 0.09000441101772945, 0.0657665069678193]"
18585,958.4020818236514,514118.3119010032,"[0.1177560742641451, 0.567700528876201, 0.3145433968596539]"
6819,530.8609718643637,325795.6246032664,"[0.015007121047205106, 0.3833858972781617, 0.6016069816746331]"
16710,860.8227218055108,797853.6536247391,"[0.0750339105310286, 0.43246643760603576, 0.49249965186293565]"
39318,346.2329348668967,806910.2905290755,"[0.30978623309816594, 0.004502784730662129, 0.6857109821711719]"
19802,150.70296549406015,362462.6618984329,"[0.5413957820976175, 0.1959293908329544, 0.262674827069428]"
7976,692.9176262083578,993851.318432202,"[0.5675537549325037, 0.32837567781013555, 0.1040705672573608]"
39881,669.7790613155016,928060.5438589344,"[0.379882015686163, 0.06601060616863814, 0.554107378145199]"
15257,627.1288548864262,889479.3288670466,"[0.9523408356769196, 0.004728575624230853, 0.042930588698849435]"
13561,603.5760508612132,371073.0128251603,"[0.4811714576124061, 0.015824398318667846, 0.503004144068926]"
39996,658.5245180375559,879389.5858782086,"[0.20053949308901048, 0.19416046468962433, 0.6053000422213652]"
30650,101.82084946163116,535564.2827962309,"[0.2524416141065849, 0.21161876964275023, 0.535939616250665]"
41829,789.8866574115507,685808.1295469503,"[0.1981910616039804, 0.10000199229131262, 0.7018069461047071]"
9408,35.21490399319148,408243.5986443364,"[0.43493938310327485, 0.5112049561276368, 0.053855660769088196]"
1544,755.0706787205631,405726.0240716848,"[0.04405542446027856, 0.2630461411279728, 0.6928984344117486]"
44310,408.4352576510607,237121.07487231708,"[0.37375422754473075, 0.0390889194464673, 0.5871568530088019]"
37009,543.3809026257436,425513.18787912687,"[0.36985169067731977, 0.4506826549539279, 0.17946565436875253]"
8516,841.0282549173144,442109.6603637605,"[0.444335422234755, 0.3787903015711687, 0.1768742761940763]"
42901,649.758197738542,617085.7232214054,"[4.723810596067552e-05, 0.2669750632855483, 0.732977698608491]"
46767,622.4400136556484,942406.8755476386,"[0.5871626331146402, 0.282307549220991, 0.13052981766436889]"
39536,349.60909338601925,480275.8190929572,"[0.04444672989806948, 0.6247395693202779, 0.3308137007816526]"
8473,706.3972743152076,242904.6444007044,"[0.27371455333525374, 0.2579715556899684, 0.4683138909747779]"
34940,465.53619957207457,681636.9479770755,"[0.30137487833163795, 0.14146519326731447, 0.5571599284010476]"
38180,625.692519664117,203594.71419345852,"[0.16795616576833053, 0.46755128011313596, 0.36449255411853354]"
36618,547.4650195773584,248383.8549125436,"[0.3279152271919712, 0.050548209039336565, 0.6215365637686923]"
40265,110.36694466199624,139589.46331252082,"[0.2847774252538986, 0.06479931222836996, 0.6504232625177315]"
19465,601.4219753286827,304271.0275972692,"[0.2664307704928327, 0.2266811433806739, 0.5068880861264933]"
2778,685.3841621486697,605343.6005300118,"[0.15939138306081946, 0.7074737096037704, 0.13313490733541003]"
42916,383.3820801726015,109687.49229491504,"[0.1041033652852638, 0.26384102905178863, 0.6320556056629476]"
24147,937.0875251575568,560822.2420346907,"[0.236209149227455, 0.12901973909509853, 0.6347711116774464]"
45011,207.73191027827207,538041.6801637772,"[0.18537692526817923, 0.4378830497757576, 0.3767400249560632]"
8465,272.711913459814,756294.2078784264,"[0.44912156180248675, 0.22242924408459888, 0.3284491941129144]"
5550,783.5439310836725,938664.579487522,"[0.25791678385375794, 0.049470686068009716, 0.6926125300782324]"
7922,927.8996850984336,598240.8026326792,"[0.009897307703007762, 0.7263377734088116, 0.2637649188881806]"
3697,279.38817996542264,188057.3023520668,"[0.03970513443370032, 0.1204232374148031, 0.8398716281514965]"
43500,853.9296061708732,634772.5386483808,"[0.5106539607638039, 0.09184397035534611, 0.39750206888085016]"
28205,934.6561280761003,660910.8876315026,"[0.5283761377479528, 0.2026540477334819, 0.26896981451856533]"
24864,646.2765063130062,827278.8571301328,"[0.5746995497880023, 0.3800704383998633, 0.04523001181213432]"
12131,179.7044318774447,915978.6802317788,"[0.13385616988548943, 0.010497640164357077, 0.8556461899501535]"
28620,34.623268162335286,722402.3139954518,"[0.7704303855210922, 0.10639592435471727, 0.12317369012419037]"
42773,813.1610498319576,689623.1129477717,"[0.025548067921077625, 0.8102860106036602, 0.16416592147526218]"
27880,491.7122519462886,481047.90481981006,"[0.011807116499176826, 0.38684419248570545, 0.6013486910151178]"
20640,820.1704698868451,970693.3010712918,"[0.3296238123265179, 0.6130869815323094, 0.05728920614117274]"
33165,330.6986885806912,910865.7898959548,"[0.15533184394351013, 0.6236215482738656, 0.22104660778262436]"
23739,72.7702931933066,844076.980678857,"[0.7442086086446621, 0.22936493686301718, 0.026426454492320665]"
19109,389.3791230155125,391399.4850019643,"[0.07911983790458915, 0.5957910251420636, 0.32508913695334724]"
34107,155.58467774105972,975767.6462312518,"[0.3263870402256288, 0.005069185445191758, 0.6685437743291793]"
22382,768.5832510085237,979534.2173780792,"[0.3429248422628838, 0.13607249466912955, 0.5210026630679866]"
1399,990.0060729304324,777140.2347548448,"[0.9088586261964798, 0.07576998463685829, 0.015371389166661866]"
49180,222.4313233537949,470279.0424901522,"[0.18971287071165877, 0.3548037685288171, 0.455483360759524]"
40457,138.96035015266244,523168.6044058943,"[0.2956620829550221, 0.3903973378926108, 0.31394057915236706]"
16982,442.1674947083271,400830.6865259291,"[0.01759043257330354, 0.17443214345943997, 0.8079774239672565]"
27370,202.83789167947583,229411.82168934296,"[0.12080137649293406, 0.8208770723221863, 0.058321551184879576]"
30228,105.13332455850228,727700.5541772011,"[0.7133996594146522, 0.1655348300815173, 0.12106551050383065]"
36678,702.7386413264591,625643.1453775135,"[0.4079266439206016, 0.4395617948744408, 0.1525115612049577]"
6669,16.576394867280946,261683.32948908827,"[0.3352551030336005, 0.08415191927243725, 0.5805929776939621]"
28226,754.4245835315817,531820.8525742381,"[0.05317671204499995, 0.30590025724777664, 0.6409230307072235]"
10085,184.1121158506403,625096.1250927343,"[0.7642229298062515, 0.12381570006981961, 0.11196137012392894]"
23570,571.9750969657363,871986.7313935839,"[0.28073561080267445, 0.6382893005756315, 0.080975088621694]"
20840,314.37083563786047,421030.9309797647,"[0.42796899785166986, 0.3485398747765434, 0.22349112737178664]"
35370,280.7685274708517,600826.4811271693,"[0.36737628864947774, 0.5482922171809096, 0.08433149416961266]"
26936,973.356733009518,945126.5829680576,"[0.7742699930245374, 0.1606287951296626, 0.0651012118458]"
41763,210.9360104330188,298416.65823817323,"[0.028059437309419195, 0.4586710519321794, 0.5132695107584014]"
13023,851.6242004273685,223824.86813815671,"[0.20444607373992285, 0.09772358726134919, 0.6978303389987279]"
19072,956.1127289857656,689048.7078314263,"[0.21339584227709446, 0.44839961551629814, 0.33820454220660734]"
944,634.0899929981412,441680.91619526496,"[0.22180927564245675, 0.07204873748673113, 0.7061419868708122]"
919,619.5310643229438,212910.9663705685,"[0.3133827721032454, 0.011386568461806032, 0.6752306594349485]"
36462,115.35738950626896,854595.1286905851,"[0.6246017979852398, 0.20117403865192776, 0.1742241633628325]"
29773,252.96759063080617,778270.0653765113,"[0.10175605978247303, 0.7477765111660866, 0.1504674290514405]"
1062,355.8989137954761,833823.9187954717,"[0.30000907305072966, 0.45137578614099, 0.2486151408082804]"
26387,418.54583356570856,895365.3552652679,"[0.49709589962403034, 0.09238936047818479, 0.4105147398977849]"
14195,829.9468542287361,546648.0316276976,"[0.006524874753204307, 0.04442349387800468, 0.9490516313687909]"
15152,114.32385052246684,735421.0075332517,"[0.045583573007038525, 0.9311763362514105, 0.023240090741551124]"
4543,327.0262660547277,359606.79257672734,"[0.08459753105864133, 0.28939521509114724, 0.6260072538502116]"
26905,884.5312824885259,889507.4443618461,"[0.2608276686198908, 0.11881795700157641, 0.6203543743785328]"
18114,974.8739017639582,275694.5972450456,"[0.5227971742553411, 0.44618305098438915, 0.031019774760269497]"
40041,645.3332273162508,765069.1446199089,"[0.23136004019499415, 0.6858019858600612, 0.08283797394494477]"
21861,233.81361411931417,364145.64830809867,"[0.02428657617104863, 0.7440825314706748, 0.2316308923582767]"
14451,654.8271586752843,464161.66550625913,"[0.056727017836409405, 0.7196929689056764, 0.22358001325791424]"
3672,770.2826391552353,911158.2194493464,"[0.15342631767065149, 0.5844770059184566, 0.26209667641089185]"
19441,10.554391704613217,363122.8452696596,"[0.12983027793722637, 0.060108366556839585, 0.810061355505934]"
17637,130.9959871431945,639953.9873599624,"[0.23509499505235174, 0.3374325646682735, 0.4274724402793748]"
20374,77.38573833835869,347637.2746691049,"[0.6946973985063917, 0.08428908378803962, 0.2210135177055688]"
3486,592.8965400803974,402074.0540964259,"[0.5716451433681575, 0.28879422645107894, 0.13956063018076362]"
5717,197.6757116216568,597960.0534800921,"[0.11098573062490379, 0.4116605147315082, 0.47735375464358815]"
44705,198.01308386998107,318969.9170557339,"[0.12783472443670815, 0.37847354313914416, 0.4936917324241477]"
44472,981.8881839680506,347714.2547691942,"[0.6047325865499488, 0.01715176913077867, 0.3781156443192727]"
31599,80.64967691518453,193706.0359685546,"[0.26841957139348294, 0.06007519872885994, 0.6715052298776572]"
15355,698.5029241255015,832973.2698983483,"[0.14211632925000917, 0.6874161818028626, 0.17046748894712818]"
43037,669.0101497942369,987225.908662063,"[0.011549942537577218, 0.9019951765194609, 0.08645488094296191]"
3134,586.2389967905042,937431.9838878172,"[0.3165140653854313, 0.14194146293639204, 0.5415444716781765]"
3788,168.2715245204692,221514.2363843376,"[0.7694199261772148, 0.17428423620007122, 0.056295837622713875]"
9147,500.0201844857842,205223.95979191145,"[0.22011799379297134, 0.14853512012110173, 0.6313468860859269]"
34657,272.813318345171,878845.6298350168,"[0.16256006253452626, 0.1299701209176305, 0.7074698165478432]"
22174,433.40176439406594,934352.7062613716,"[0.15182581673191706, 0.829918015625212, 0.018256167642871076]"
27907,779.3946429429311,704855.9815254807,"[0.327107235984314, 0.09446274647767781, 0.5784300175380082]"
4041,253.268127103942,249586.86391546403,"[0.2196698507189154, 0.2457514087401105, 0.534578740540974]"
15577,607.0511224819616,759445.1154641951,"[0.5070672540109308, 0.3606059588448706, 0.13232678714419857]"
2489,952.7548789202532,488126.203563026,"[0.2331740181129172, 0.1432233925160143, 0.6236025893710684]"
40953,564.5612756336106,414051.7677117785,"[0.3977681202317791, 0.48954849116692967, 0.11268338860129122]"
17348,277.213930737329,675416.6047682528,"[0.22485355016662315, 0.06763532204316051, 0.7075111277902163]"
5390,48.64167766376881,231216.5018150641,"[0.34975715018495296, 0.5441528964419784, 0.1060899533730686]"
1203,635.0251656591073,658147.1863447225,"[0.6538545960328231, 0.34533942294389686, 0.0008059810232799343]"
27270,358.1762907816306,587545.4537616086,"[0.2505842306985722, 0.37263655637144527, 0.3767792129299826]"
7091,138.48346169160644,495486.1699775239,"[0.7769707801075184, 0.2036037526412904, 0.019425467251191406]"
47615,553.2539583728376,107423.04598864836,"[0.37070695789584607, 0.2638398747423806, 0.3654531673617734]"
23451,196.84002710190668,700838.7949892652,"[0.03081359407060929, 0.7806480200905912, 0.18853838583879956]"
9802,17.204788229547347,297690.1937376004,"[0.49360114966302837, 0.42027179202886233, 0.08612705830810942]"
15436,781.4141372869207,616772.9159095301,"[0.18689778346217273, 0.7746475359222064, 0.03845468061562098]"
22901,512.1489767268558,884516.5465175924,"[0.19924900379275112, 0.10969684305787328, 0.6910541531493757]"
29930,659.4207655559773,306683.8598011055,"[0.413915076431971, 0.5833358070345036, 0.0027491165335255157]"
14880,45.08154807405208,633450.8021406757,"[0.27249603286606794, 0.32867559123511475, 0.3988283758988173]"
16568,259.34031793328927,470467.0103782796,"[0.33167974125741245, 0.4174949407473054, 0.2508253179952821]"
10731,28.877167554427498,883858.310688944,"[0.7159818346596521, 0.24153400819244625, 0.04248415714790172]"
17286,661.3338032490911,369192.4655177262,"[0.7779435841619076, 0.1889051851902001, 0.03315123064789241]"
6840,258.9101338735942,169736.43687637692,"[0.2448962593874043, 0.5801523534519866, 0.17495138716060923]"
21292,921.086417327005,742043.216718281,"[0.16735230163605638, 0.4015996960371725, 0.43104800232677104]"
39541,176.17754855303636,125240.10655857764,"[0.8223056297099884, 0.10695805209342245, 0.0707363181965891]"
34413,311.48574283671906,239096.68005567885,"[0.07345862659126921, 0.8263794277652639, 0.10016194564346693]"
2956,443.7259949470272,254185.2395857952,"[0.7090960240300139, 0.23892217195072077, 0.051981804019265214]"
29241,477.9928520486816,835411.972892826,"[0.09817490478682196, 0.23934537741149284, 0.6624797178016852]"
34974,603.0816379559723,969597.3770228592,"[0.46836867254720704, 0.23695397834559523, 0.29467734910719773]"
6207,322.2078490957797,859916.1048820298,"[0.3846329826153433, 0.055338919547025495, 0.5600280978376313]"
2949,12.503071271538651,852039.1938275694,"[0.40177546348165066, 0.3647018891943132, 0.2335226473240361]"
33610,12.303861498762128,808472.1008848724,"[0.18223600851213317, 0.23433191450811425, 0.5834320769797525]"
30591,70.59474919922684,906099.1447380636,"[0.04223746844744963, 0.19801445502765183, 0.7597480765248985]"
38787,649.3582326306398,436719.3022830791,"[0.05280185968170254, 0.5535900509485594, 0.3936080893697381]"
47034,771.6072478592291,664517.6163535328,"[0.18255550324314584, 0.5881234763422829, 0.22932102041457114]"
9177,278.613977839835,948872.5205438632,"[0.16111965335211448, 0.2725716375873225, 0.566308709060563]"
30781,841.8977486499452,907155.6225818762,"[0.0522022942493579, 0.2794235828419874, 0.6683741229086547]"
14749,665.2714064703156,889893.754754969,"[0.5421525049206222, 0.18806925958143195, 0.269778235497946]"
19442,776.6845423944424,112475.4082982577,"[0.23499100773184675, 0.15115672328541438, 0.6138522689827389]"
1650,791.7812344706584,826933.7929753495,"[0.27971156875113706, 0.2761478592192022, 0.44414057202966056]"
11685,952.8108691062438,221925.9907869284,"[0.29787266254973166, 0.6137382401936716, 0.08838909725659674]"
12796,941.7651580762983,462529.97939053207,"[0.016677373175062765, 0.7439474192794583, 0.239375207545479]"
38360,844.8705513333507,395530.9716678272,"[0.014165682370109999, 0.8104376411662968, 0.17539667646359333]"
17167,603.5446417182698,891359.5779561143,"[0.3339022771228591, 0.48839463707146735, 0.17770308580567362]"
40397,202.78147901212708,697325.9492511641,"[0.03999862165603635, 0.03966309823490673, 0.9203382801090569]"
23007,101.3776728348466,869496.5538910556,"[0.4539734247444678, 0.2623288927974827, 0.28369768245804955]"
6208,258.70627801419187,968573.1962050996,"[0.6560393787110959, 0.2421183246120558, 0.10184229667684845]"
13226,628.3258764714243,233596.75910793105,"[0.34757462709826054, 0.07101541788895091, 0.5814099550127885]"
44232,764.0908487193524,500623.4862926513,"[0.30878983233039475, 0.5157183658210867, 0.17549180184851854]"
41581,371.7832932291418,234524.0795494959,"[0.15813085744317457, 0.2551572792339443, 0.586711863322881]"
5355,829.068502721049,115976.44753327628,"[0.14855242871932708, 0.598699792342995, 0.252747778937678]"
24740,881.4715851065315,247185.93857930368,"[0.22979459962995422, 0.2743944939014632, 0.49581090646858267]"
23935,446.27121189186585,851462.5844760921,"[0.019442167195813514, 0.6508988730032989, 0.32965895980088766]"
17263,873.9496620991464,327792.3003941943,"[0.6627833565410659, 0.09526914400810918, 0.24194749945082486]"
13335,542.8011077477959,413565.659801042,"[0.19897132766875367, 0.14507428581312687, 0.6559543865181194]"
39204,752.1059126844241,154852.8223268873,"[0.08170114504389392, 0.3315667676387288, 0.5867320873173772]"
5961,749.3326323632109,137681.3282644003,"[0.6090460558719709, 0.2231214629723058, 0.1678324811557232]"
27771,286.9798831310166,930110.8062880796,"[0.13849241727162154, 0.23306079993142598, 0.6284467827969525]"
22389,585.6634990292395,379999.1546189592,"[0.14676793006121266, 0.21177285913347355, 0.6414592108053138]"
28791,16.95937015215584,799102.5788881102,"[0.5096331586676319, 0.13069255450326175, 0.3596742868291062]"
30879,60.55809745492711,848431.3836043247,"[0.3482372194202282, 0.017046388550404145, 0.6347163920293676]"
16585,971.607531258628,353516.9278986122,"[0.19080096614322933, 0.7051217979485174, 0.10407723590825321]"
37338,680.3805347666544,957493.675532881,"[0.7443791540259233, 0.23795673388296715, 0.017664112091109692]"
27654,997.0323703232472,650944.4992799072,"[0.5111136046106969, 0.26436403071923215, 0.2245223646700708]"
27376,951.7290907160248,461798.6194064019,"[0.8646341880009357, 0.11570978862220702, 0.019656023376857214]"
10320,560.0899185884136,926699.5632619464,"[0.6277953942068772, 0.18387718737568798, 0.1883274184174347]"
22818,682.7145633559942,328566.8916112796,"[0.45007559571434474, 0.5107936414301222, 0.039130762855533]"
8245,435.7375044975381,538459.8847060514,"[0.32721175736421687, 0.6350107180453077, 0.03777752459047555]"
40368,473.42420675754977,784438.7680191641,"[0.6256543289457703, 0.322684225525581, 0.05166144552864865]"
25461,920.647982089946,401034.4313995248,"[0.11847323465321721, 0.5944081532682375, 0.2871186120785453]"
1312,917.4306215911264,860344.0455505739,"[0.13095809642958683, 0.5898411916348533, 0.27920071193555995]"
31737,427.3949573998372,653529.250249956,"[0.16310049195742987, 0.7909494636326, 0.04595004440997016]"
23822,743.0030902354438,971103.7357360284,"[0.9472706148982308, 0.029947448190013236, 0.022781936911755896]"
27356,812.8454123050095,658264.4134904912,"[0.09025772663452007, 0.3383118892220796, 0.5714303841434002]"
33690,492.2224924078477,321938.97332980274,"[0.07330423284139884, 0.015330844074780327, 0.9113649230838209]"
42374,173.11617905610035,240880.43883946075,"[0.008330379740191358, 0.5719166272510322, 0.4197529930087764]"
7353,536.6036282205198,141655.3057161456,"[0.27290381307965095, 0.39897040332375167, 0.32812578359659744]"
33369,618.936853150537,669811.4134084772,"[0.40072647749935175, 0.27095653601394004, 0.3283169864867082]"
35275,200.33062114427028,701101.7736463116,"[0.5366749996996035, 0.01062105193563065, 0.4527039483647659]"
12274,736.9707789445873,639609.9018829889,"[0.54916043178354, 0.06165418060365953, 0.3891853876128004]"
31203,400.068171121414,332505.6904517332,"[0.8318787359726569, 0.14884212323747828, 0.019279140789864747]"
28757,253.0236407729164,386730.00172953465,"[0.06860998576231254, 0.17167641109782392, 0.7597136031398636]"
40863,82.1731565217625,785154.1851388693,"[0.2711954377794953, 0.3620875933659886, 0.3667169688545162]"
22181,72.43280407351705,394469.2730733483,"[0.11256574870517089, 0.6672291154524216, 0.22020513584240758]"
49288,944.5806350471807,981469.7246564511,"[0.4942799492907189, 0.40587633481558755, 0.09984371589369345]"
22543,181.8023271863865,911388.4404002354,"[0.7477880914364622, 0.2457558991125382, 0.006456009450999632]"
41328,710.0093489100406,589437.802169506,"[0.6945517533629005, 0.16019497896486012, 0.14525326767223942]"
21636,455.82769206939247,966221.9490024112,"[0.3871810632180355, 0.10794717577442109, 0.5048717610075435]"
11062,353.3936231381302,205805.4662274908,"[0.42958337094637583, 0.5347072511640503, 0.03570937788957398]"
9794,275.1051480932471,850041.1412390316,"[0.1935827546781688, 0.38643243235079355, 0.41998481297103757]"
60,882.3950258225024,985600.4209817216,"[0.014763271579588823, 0.0324721620306137, 0.9527645663897975]"
34480,895.9909260941579,985388.1129590492,"[0.43582740429693523, 0.45010382119338455, 0.11406877450968017]"
28832,515.6664744155736,627322.5306820765,"[0.63934018243717, 0.09124698314901286, 0.2694128344138173]"
15746,180.9158608297909,388117.944452444,"[0.5002805761946478, 0.43213376313810514, 0.06758566066724717]"
16089,244.44969315897453,776934.6345195232,"[0.2352276227595213, 0.21015427102357181, 0.554618106216907]"
32069,159.93443367133062,522316.7150501931,"[0.0681503798541157, 0.1831828235305648, 0.7486667966153195]"
20000,493.1791327654575,911099.4200566448,"[0.3040264652064948, 0.4853165682652812, 0.21065696652822413]"
36023,527.2979796478321,227983.6131381721,"[0.1918009195280158, 0.5420271492565615, 0.2661719312154226]"
43179,518.2700192990706,983207.762314364,"[0.5303251584098778, 0.06879461209332952, 0.4008802294967927]"
29174,921.054795388806,517738.43824860646,"[0.12470674102859591, 0.17452859354306555, 0.7007646654283385]"
40539,846.9716093278213,723969.219799115,"[0.6168754279177971, 0.24423094864916886, 0.1388936234330341]"
40794,995.1379252017908,805327.0556668737,"[0.6029371685247822, 0.25974301885544426, 0.13731981261977372]"
45553,64.19129673851523,295970.66459806106,"[0.02732682030727127, 0.07599868769569275, 0.896674491997036]"
49728,259.04695973794696,623511.4390658997,"[0.6123544688577245, 0.21617547855329855, 0.171470052588977]"
396,877.1708598380525,144165.46232037435,"[0.09212068742573468, 0.3243034779313172, 0.583575834642948]"
49101,391.0700846181427,220560.2520829038,"[0.7133040411871686, 0.26873655800307844, 0.017959400809752907]"
28449,930.5812919276076,660443.2253087308,"[0.309687140416585, 0.4560557939544877, 0.23425706562892723]"
49411,59.3990721678357,484295.9647477112,"[0.0011520887878569883, 0.7364025544648419, 0.2624453567473011]"
13148,760.8793315166329,956689.657492909,"[0.16384598600863381, 0.4753404802684266, 0.36081353372293956]"
15567,659.4075047816675,388089.47253410605,"[0.15124457484707188, 0.7675857483576188, 0.08116967679530919]"
9981,273.22893954830687,217830.34494088672,"[0.35065487133765305, 0.11333773607904458, 0.5360073925833023]"
25397,746.7073164975482,260162.7207662869,"[0.7729145626312149, 0.05086279783099956, 0.17622263953778552]"
43837,740.89829451703,751361.9403047488,"[0.6218932211684928, 0.06942936548105054, 0.3086774133504568]"
45835,72.80116499788832,525151.9575198414,"[0.22335887262078064, 0.4439366801900368, 0.33270444718918274]"
7014,458.1715304466162,228186.0329615596,"[0.17363623332083286, 0.14613892063991396, 0.6802248460392533]"
44297,713.8959199022011,616517.0917040966,"[0.6038740099298702, 0.3017257435744928, 0.09440024649563711]"
4254,409.0206045882942,324313.7196594957,"[0.0037248001531033914, 0.3101451683287913, 0.6861300315181054]"
30968,354.4527016129604,721425.714695557,"[0.18685535646259083, 0.49700593785110586, 0.3161387056863032]"
19359,811.9967271503316,304793.10382206715,"[0.21570176026923624, 0.33250053602277396, 0.45179770370798966]"
20447,139.26884574684033,411584.9953781208,"[0.5417574576976928, 0.22394715678466484, 0.23429538551764248]"
16960,184.05018775183976,742348.3545867212,"[0.8465083082211823, 0.14176754547609133, 0.011724146302726304]"
40917,235.42521275129616,296746.1388192652,"[0.4480289528788726, 0.01513021959078549, 0.536840827530342]"
17926,728.2238014448325,211062.6572128959,"[0.4832933854517618, 0.0015743092446537945, 0.5151323053035844]"
27230,78.23967259795695,867757.2700365648,"[0.3177726143091312, 0.18465195472493787, 0.497575430965931]"
33894,556.6041322131275,820656.0422066624,"[0.07277787615687084, 0.06519319675312293, 0.8620289270900063]"
7245,885.6799521417979,947855.2085707568,"[0.5577191397234524, 0.1477161474953158, 0.29456471278123175]"
14414,381.086860146605,637024.5537285777,"[0.4733841361266016, 0.025170217537627906, 0.5014456463357705]"
8658,838.2491709099965,987875.3681552357,"[0.2590032455670256, 0.6122739863150359, 0.12872276811793842]"
6842,258.82478993768746,574415.496723234,"[0.6685789568376416, 0.041693630498014826, 0.28972741266434354]"
11573,777.8940515141693,170715.03367025583,"[0.3234840930729327, 0.6407328657792025, 0.03578304114786473]"
46521,274.69150786875423,823259.6275650894,"[0.3516919876874835, 0.41039079820194063, 0.2379172141105759]"
9381,726.740950624311,552004.6660820968,"[0.2605710547600138, 0.3867263007560649, 0.35270264448392113]"
9932,144.47154116191527,536941.5245453005,"[0.682400874671928, 0.3116341877882462, 0.005964937539825814]"
9673,489.1025376708049,328398.21616400464,"[0.3615816512785842, 0.3600368888499447, 0.27838145987147106]"
41365,601.5553209214304,115183.7653052707,"[0.30007174501990275, 0.07661635022808527, 0.623311904752012]"
10896,120.10372486238715,214340.31468211263,"[0.7344513648816838, 0.25448326338483945, 0.011065371733476704]"
41752,558.5797405080161,231310.3778549704,"[0.6527022511148773, 0.277143270612587, 0.07015447827253563]"
45238,147.99492227326826,524237.7154566418,"[0.2511193733911964, 0.4616053427789084, 0.28727528382989526]"
31338,140.44004119952518,177609.0679471054,"[0.37140012216864315, 0.26174657446127164, 0.3668533033700853]"
36145,761.9908189439432,417399.66121041216,"[0.337519919175338, 0.5458063555873081, 0.11667372523735378]"
36203,138.8742041089035,318491.1981131085,"[0.6564105919994477, 0.14408109086895438, 0.19950831713159792]"
7316,951.2883928756636,785047.397988238,"[0.478875293861385, 0.3828730607384486, 0.1382516454001663]"
6580,411.4060002732664,213494.97489138355,"[0.014681088277438957, 0.5898386096388445, 0.3954803020837167]"
28781,568.3370180587464,220650.19082332565,"[0.33190722202203604, 0.2960038028462488, 0.3720889751317151]"
26969,428.4635412693363,664960.1408413219,"[0.7465254380148352, 0.05134999662077671, 0.2021245653643882]"
9078,216.6680608750616,785403.5752536686,"[0.39466087552386503, 0.2664836532787413, 0.3388554711973936]"
22653,348.8770919745066,457801.5583547482,"[0.04367708636338136, 0.565983038015476, 0.39033987562114264]"
23920,905.2278004540012,508648.76787244633,"[0.05853300610760974, 0.79083733202398, 0.15062966186841018]"
34659,352.19692641070526,701772.9650989699,"[0.11378205383802445, 0.7025884111918264, 0.18362953497014908]"
33534,842.1433822431305,408038.7345396566,"[0.5503165254485237, 0.3015011661134939, 0.1481823084379824]"
19540,426.1608213620272,746540.4595168232,"[0.4787890414768999, 0.5195100520307531, 0.0017009064923469404]"
45633,434.2224850016883,174290.035036611,"[0.1895506438905067, 0.010365011897129718, 0.8000843442123635]"
2248,894.7830873456921,567876.7814525152,"[0.6698255168604261, 0.09705270932807863, 0.2331217738114953]"
32106,922.942214039554,135441.73208287888,"[0.8144447228595693, 0.011838643596190603, 0.17371663354424008]"
28126,143.72873375612932,457586.154577088,"[0.07352064339386633, 0.8705559053239598, 0.05592345128217392]"
43316,895.0577000547369,427694.24133604416,"[0.2708312787879536, 0.39966228300522555, 0.3295064382068208]"
22704,885.1382031249939,982765.7785780348,"[0.28929120617286685, 0.6334452045170358, 0.07726358931009744]"
38478,309.6816747204435,450139.4941026235,"[0.15267672658995166, 0.11970575329292046, 0.727617520117128]"
26061,656.1189619381809,536303.3320280891,"[0.027740793323703227, 0.17295459606540584, 0.799304610610891]"
45759,366.5323591845998,688809.4777907104,"[0.12747105137095416, 0.28730493363828563, 0.5852240149907603]"
45012,646.1646977526848,446192.6097343112,"[0.25928464136927915, 0.608704112650609, 0.13201124598011182]"
39116,959.8463513420264,701594.0095892306,"[0.38712784908841197, 0.3582831196330198, 0.25458903127856813]"
17364,630.0958610976135,389090.5462451839,"[0.11838582051143667, 0.43742335581692104, 0.4441908236716422]"
84,823.5633950206656,124397.48153199992,"[0.8137945909567028, 0.15574126646209194, 0.030464142581205327]"
38015,767.2892561174992,608782.9035411476,"[0.45685614468665364, 0.4649119912807413, 0.0782318640326052]"
2611,937.4052381837494,831101.2640656609,"[0.028374550303752244, 0.30147784684632734, 0.6701476028499204]"
39909,685.7432015437639,566918.4241147368,"[0.34411118893404935, 0.5196358704034075, 0.1362529406625431]"
17525,422.9473775777785,713565.6579720367,"[0.41181579155244646, 0.02649136810672537, 0.5616928403408282]"
1551,684.2770980543556,957456.9349030463,"[0.4446381730837055, 0.27829047516981226, 0.2770713517464822]"
11655,465.56753189819295,372106.867935899,"[0.16300829168389297, 0.3219545706252853, 0.5150371376908217]"
19992,952.6487695456332,832210.0682510723,"[0.06645613944432616, 0.8099039889097538, 0.12363987164591991]"
27740,526.0163505878704,727563.9407859544,"[0.6308543565126123, 0.03258583786689516, 0.33655980562049254]"
40033,281.1084541169642,289920.2325637522,"[0.4419984534620588, 0.2772402408846952, 0.2807613056532461]"
47402,306.3200702628304,849798.8635803995,"[0.30866726510928616, 0.5427589547237869, 0.14857378016692696]"
36768,99.1683630641414,183458.2528465601,"[0.21036702077639027, 0.50684194433324, 0.28279103489036983]"
6897,29.58674111496355,609052.5825212086,"[0.505174737073579, 0.2648714444961125, 0.22995381843030854]"
40431,113.43590188032512,976503.672691821,"[0.17107617638772998, 0.22797503567745755, 0.6009487879348124]"
43450,579.9100719245728,420337.156794364,"[0.2343407961128782, 0.6070464763360147, 0.15861272755110717]"
28330,894.7565278349786,382037.36848486826,"[0.1519045046188465, 0.015786405903585602, 0.8323090894775679]"
333,245.57080293829333,217787.4773010761,"[0.5411007574453652, 0.356563328998863, 0.10233591355577154]"
38024,65.98158963823529,358318.82709523325,"[0.32378709466736755, 0.09519307183579763, 0.5810198334968347]"
44733,409.36835891777474,383090.0088234734,"[0.21866067569636954, 0.39392051716713594, 0.3874188071364945]"
38142,585.4928734059426,499790.1791911383,"[0.37054854186998154, 0.2649629461961275, 0.3644885119338909]"
7579,271.9536651363263,849789.2419324428,"[0.14383927876118252, 0.03517931670278217, 0.8209814045360352]"
18466,295.9475448514393,150927.7888526169,"[0.19496383638595055, 0.6943350408165305, 0.11070112279751895]"
25776,749.5348697009073,589782.6260224449,"[0.007330902366913941, 0.7003349575086802, 0.2923341401244057]"
18803,919.4254656629868,664143.7040265204,"[0.2493510689791822, 0.44633421871763046, 0.3043147123031874]"
45746,897.3876553617173,931987.2927682218,"[0.10995343917797576, 0.2700634247673321, 0.6199831360546921]"
2700,459.3765697268493,716522.3223267103,"[0.05442691381173781, 0.7013232100622252, 0.24424987612603694]"
15527,539.4138595747879,806389.144446586,"[0.5694387251243522, 0.29152125150893676, 0.13904002336671104]"
6053,380.1660805563076,273620.40640030184,"[0.417346130608749, 0.43464673405104687, 0.14800713534020413]"
17385,697.2697189929407,582616.436794182,"[0.16252112711380062, 0.6038986864153885, 0.23358018647081086]"
34268,584.3907407342308,226088.8205748488,"[0.45423085754048637, 0.042086349237063905, 0.5036827932224498]"
2564,712.0160572998134,749009.4034711742,"[0.08281173156231598, 0.24709545089675025, 0.6700928175409337]"
38450,325.1230617684247,224216.8562956257,"[0.4412343188659636, 0.26185906218769395, 0.2969066189463425]"
10865,615.9461154678178,553536.478917236,"[0.2019891814935819, 0.3741412396951128, 0.42386957881130527]"
35531,366.33846093616256,192285.3303124724,"[0.20928600015293755, 0.5991473554897585, 0.19156664435730397]"
23435,392.08331203662976,122906.03802286276,"[0.6369629984749722, 0.19010012167967108, 0.17293687984535658]"
2920,41.80208689787831,266975.0137577584,"[0.131299591859684, 0.3473974419541779, 0.5213029661861381]"
23110,964.5846527469556,833910.1027494355,"[0.7838331694374198, 0.04083953728172672, 0.17532729328085334]"
47940,52.21013117462984,771819.9451492593,"[0.12424571630679561, 0.10386614987014714, 0.7718881338230573]"
39745,380.04767419289055,670465.8675717983,"[0.25066754149961396, 0.21582342159734536, 0.5335090369030406]"
8601,16.36471663298309,595937.9911457784,"[0.24947118994393727, 0.5557578605292606, 0.19477094952680227]"
15312,793.9288034612987,465253.4409424877,"[0.398020150756186, 0.29408807086669736, 0.30789177837711657]"
29195,686.5838252464406,781655.3686403491,"[0.2827489324598373, 0.6821473807475815, 0.03510368679258117]"
11095,206.64617432421733,784494.6800302881,"[0.29400144523249533, 0.031208278471676183, 0.6747902762958284]"
32918,497.9513174426296,392712.3189842778,"[0.13951995292182842, 0.6613698496705955, 0.19911019740757602]"
29097,126.70175545101702,417306.16280290793,"[0.32885652534040927, 0.6082620027298112, 0.06288147192977958]"
48516,862.6393764627583,866208.3263214396,"[0.3752398887509154, 0.5091837408890547, 0.11557637036002999]"
32927,607.6854674528767,145820.32711781946,"[0.3777574066819487, 0.0912912849600291, 0.5309513083580222]"
29999,117.23396672113162,430451.1046531745,"[0.4528604840439853, 0.497983147330604, 0.049156368625410715]"
43177,552.5540783481789,979258.3346479266,"[0.3630455172620783, 0.34770928221971986, 0.28924520051820185]"
27164,342.64886531416346,688047.4198960521,"[0.3472037881447568, 0.4603753389891704, 0.19242087286607293]"
39273,260.54507031603765,656247.6019098694,"[0.822190822298091, 0.09120206588282379, 0.08660711181908523]"
11255,438.9163041760244,166019.13622643478,"[0.2966002438310877, 0.2675650424701496, 0.43583471369876275]"
15174,433.0169647468125,304184.61399340734,"[0.2753878386075545, 0.705275065896018, 0.019337095496427665]"
11240,744.776673597519,240760.39850951656,"[0.1498779055202074, 0.46585351555430754, 0.38426857892548505]"
39607,598.4965727416451,460819.23765954265,"[0.21308462447781723, 0.13482393300092652, 0.6520914425212564]"
15288,109.7107974386286,844979.1732247545,"[0.5040374034801227, 0.3871422977875057, 0.10882029873237165]"
35179,815.1922008864148,454422.4245961761,"[0.36331311279580497, 0.3906902810574286, 0.24599660614676636]"
14697,586.1666133489567,925598.9281457897,"[0.9231396718378772, 0.022113289210332242, 0.054747038951790575]"
25902,828.9694992858541,109800.79869625618,"[0.5858594936506585, 0.29363464393571925, 0.12050586241362217]"
1467,603.9789207892222,511107.616874432,"[0.2726149044960093, 0.16989519476598225, 0.5574899007380084]"
12229,63.46779554491977,590207.3711840133,"[0.6478247779333614, 0.09004162188081513, 0.26213360018582355]"
30795,671.1959144388517,647223.9893596579,"[0.05300541285910537, 0.6128225570785671, 0.3341720300623274]"
29038,751.8588229525719,292521.46736319014,"[0.44630737387443425, 0.10628267467670978, 0.4474099514488559]"
49030,570.4594364783904,580451.9004764835,"[0.012386140675020814, 0.10609603867274547, 0.8815178206522337]"
45467,305.52755914751054,637193.8401337464,"[0.6448299752066369, 0.1894344740002356, 0.16573555079312757]"
48231,464.056302511986,327646.7948613224,"[0.09540863788155007, 0.28823078445935707, 0.6163605776590929]"
367,120.36877204969188,300494.7217820063,"[0.49534717424534624, 0.16963958858792702, 0.33501323716672676]"
12021,763.2884707051472,216824.038851436,"[0.02496944720075606, 0.5656954752070755, 0.4093350775921685]"
33200,850.1234065234793,150942.31933546596,"[0.2541514469854598, 0.013109741348915687, 0.7327388116656246]"
31549,783.2338990467409,429579.4821193353,"[0.2804449813917546, 0.07684761657729905, 0.6427074020309462]"
38965,254.39756347701143,861693.8551181643,"[0.23166116226871095, 0.6177868200473904, 0.1505520176838987]"
14737,217.2307171450853,932326.0944751065,"[0.13147287368189473, 0.7052637040456344, 0.16326342227247098]"
8886,12.387096940943463,843773.525879688,"[0.51782148253581, 0.13059227418688316, 0.351586243277307]"
4171,115.42134057557226,871340.152716922,"[0.18331531408682955, 0.2900624931415134, 0.526622192771657]"
10863,72.60171611145199,824995.9118482139,"[0.12132865697224067, 0.17311241037070252, 0.7055589326570569]"
4204,670.7421872341965,187854.83981845388,"[0.4243444805494807, 0.11883957306586368, 0.4568159463846557]"
20252,206.4819183414468,255688.3187638191,"[0.7125723322512573, 0.2600954652750396, 0.027332202473703136]"
16440,429.2504151689956,746560.5985593344,"[0.005389320269112288, 0.8259767318560886, 0.16863394787479905]"
4523,690.2851627636488,915205.785930848,"[0.17990768140184077, 0.655535338490051, 0.16455698010810824]"
8535,287.2092218379983,419800.23181946826,"[0.31123316601825507, 0.5844577663325324, 0.10430906764921263]"
27450,526.4027645715138,417662.896489437,"[0.458183357632092, 0.3845493124559163, 0.1572673299119918]"
34027,258.61225371686385,788534.3014385585,"[0.29554469573467934, 0.016693240716943048, 0.6877620635483775]"
19687,368.4574772961682,556671.1968400308,"[0.7523513494055689, 0.09397681473499882, 0.15367183585943217]"
20811,569.6042657134391,331709.96780756465,"[0.056505805814839605, 0.10532081044509024, 0.8381733837400701]"
8877,204.73498553395052,661617.2083244043,"[0.591511119261712, 0.01448733717603728, 0.3940015435622509]"
2020,904.2049542735112,943523.6351263424,"[0.2715674668969384, 0.5942146708404259, 0.13421786226263577]"
2937,932.4966766596184,416418.0069967045,"[0.5619499358714325, 0.37859399818645256, 0.059456065942114944]"
15668,990.1993704414876,882075.6045026997,"[0.25684790002710844, 0.2672781253026973, 0.4758739746701943]"
20215,888.851652631638,943615.959274809,"[0.2049834937109596, 0.6135288040171031, 0.18148770227193733]"
23600,270.67816334026645,365527.1105981113,"[0.6810912279578161, 0.042463147985799615, 0.27644562405638423]"
3833,524.7689437402595,155339.49481792207,"[0.1495312270702588, 0.010143805331740901, 0.8403249675980003]"
5528,527.0078073804515,393049.4429891,"[0.11831308187480019, 0.6963516279897541, 0.18533529013544572]"
17942,284.62073089609873,994988.4013439,"[0.22205670509244574, 0.31723549141730756, 0.4607078034902466]"
23998,458.27518352114345,255280.53746184325,"[0.49752732269073235, 0.4933680139540289, 0.009104663355238667]"
35705,569.9849286069891,715060.8937446302,"[0.0559397010407639, 0.13808154663708455, 0.8059787523221515]"
15052,430.5259644051366,281382.4441072411,"[0.0451228835000979, 0.9359977767446799, 0.018879339755222248]"
49114,199.94622831407145,309839.28915193456,"[0.475096070395223, 0.20703521122304808, 0.317868718381729]"
13116,824.4103625197447,952812.7123549766,"[0.4862744494524622, 0.34603201172428516, 0.1676935388232527]"
43669,852.9733931229782,597370.8280113053,"[0.8016256683791607, 0.15256994973848947, 0.045804381882349705]"
48536,187.68407036907485,206310.5220565268,"[0.11088509486434063, 0.8396512320241496, 0.049463673111509794]"
22511,937.119994851173,216944.885392293,"[0.2899341563569297, 0.704004029223412, 0.006061814419658346]"
29832,619.6263845951164,983782.1262095262,"[0.6047856940673205, 0.14376468342346055, 0.2514496225092189]"
10825,249.4842475891977,275835.8738033287,"[0.06150804355313726, 0.5511779901592788, 0.3873139662875839]"
6705,213.67151458881224,460674.9369421344,"[0.46917914178828596, 0.3759435453043186, 0.15487731290739548]"
46952,115.15927835627882,913503.7237339144,"[0.30421923027360975, 0.6747138599846616, 0.021066909741728694]"
32415,343.57672043938675,210962.1135418937,"[0.47993366382223873, 0.461754205207316, 0.0583121309704453]"
21663,521.9072306403282,380622.89082577854,"[0.2666261237497451, 0.4714712049585765, 0.2619026712916784]"
266,471.3777209727736,394563.3113484831,"[0.2241977038618548, 0.22138141314211804, 0.5544208829960272]"
12413,974.395597307148,213557.7136498461,"[0.2691699452585957, 0.3146606453546755, 0.41616940938672875]"
13778,642.5832430594069,885097.8877656545,"[0.1183400148791144, 0.37506252615893815, 0.5065974589619474]"
48212,668.458042539141,679549.8957247183,"[0.20336114475156533, 0.42007600955605245, 0.3765628456923822]"
16270,294.6951036281201,961801.2804451432,"[0.23524588395869356, 0.02806555829034946, 0.7366885577509569]"
572,445.4267000551652,162842.67728230357,"[0.07277776843539388, 0.8122195741848398, 0.11500265737976627]"
30477,328.9944277435944,434818.525835177,"[0.4207630653054831, 0.44912489172279674, 0.13011204297172]"
13308,904.52158402655,317811.3751692894,"[0.37716847989945446, 0.5414925476974383, 0.08133897240310735]"
23947,378.0947263841168,318072.9481812292,"[0.26768925764379814, 0.35984477753238103, 0.37246596482382066]"
34860,264.06950596350123,489499.2604514168,"[0.25637656597609815, 0.16108207295615112, 0.5825413610677506]"
6803,171.1118704512883,216414.2796839885,"[0.5646964021317612, 0.11439761972550824, 0.3209059781427305]"
31275,470.1141356165624,992817.2853683128,"[0.565253808448685, 0.38452640022213197, 0.05021979132918302]"
20150,100.37208443203272,300606.59586813126,"[0.5271111839019305, 0.4051648279903793, 0.06772398810769033]"
8971,210.041290073992,363758.5282604759,"[0.0004644833559180767, 0.06699364925280615, 0.9325418673912759]"
37861,557.5284912213988,920761.8692231596,"[0.6757963125287321, 0.007076994717388858, 0.3171266927538791]"
29799,898.2035208144416,518675.829152697,"[0.18720317970068914, 0.1644818969783106, 0.6483149233210002]"
15264,503.7165663649605,795300.94597879,"[0.7107815538948385, 0.02067799563764155, 0.26854045046752006]"
26859,795.2640569807804,741256.0563004123,"[0.011655830407282849, 0.9339861724981131, 0.05435799709460406]"
40722,475.9783811091515,291789.2353467102,"[0.8110935089013692, 0.1871095824791658, 0.0017969086194649638]"
24257,52.95280483300946,239938.189652507,"[0.28407943750269415, 0.11622821170227558, 0.5996923507950304]"
13996,915.001024185254,804326.775395501,"[0.05455630582483285, 0.5836151800524797, 0.3618285141226873]"
14411,928.1312634098232,625918.1665105639,"[0.7115327687607191, 0.014584604770499061, 0.2738826264687818]"
30792,593.7215501430512,138779.4009489243,"[0.4346132722940796, 0.49995827576436946, 0.06542845194155106]"
45534,413.6105624159075,141159.18493374687,"[0.8480541932512459, 0.006303581844236288, 0.14564222490451792]"
6476,237.57933954905167,726068.4845621702,"[0.03892860687058773, 0.9485164836465272, 0.01255490948288511]"
23654,299.55794587687024,893678.3188514818,"[0.1903458216550228, 0.5720881230683427, 0.2375660552766345]"
29064,400.3049962425476,464180.06983257807,"[0.07022806017420072, 0.8213887905367387, 0.1083831492890606]"
2325,135.58652044007147,957729.471214894,"[0.5031133937963438, 0.309663153318621, 0.18722345288503528]"
40036,421.8579568999822,957794.2787531102,"[0.12218724567777199, 0.11281050354596105, 0.765002250776267]"
35454,767.5062078279074,235747.47612276024,"[0.2920812538149869, 0.38334499431797675, 0.32457375186703624]"
25755,62.81907639777727,709162.3801840154,"[0.6490256758445814, 0.2597961692487018, 0.09117815490671681]"
4321,179.5174115676528,745334.5637060354,"[0.6338886463247841, 0.12948959027414583, 0.23662176340107005]"
42071,983.973725273377,292487.93999962456,"[0.7632391475183918, 0.08584872425926, 0.1509121282223482]"
29155,169.09088684015737,378798.625561696,"[0.37800886658604804, 0.4254007289488968, 0.19659040446505527]"
27635,860.1942367114186,690440.0042962928,"[0.6924041270337045, 0.024095019456518513, 0.28350085350977716]"
47738,140.9324228846533,962117.974029297,"[0.35633387631784036, 0.11416979756072741, 0.5294963261214323]"
28369,67.5483750651878,501905.80758189934,"[0.48165716287320076, 0.17726248452889543, 0.3410803525979037]"
47139,35.11759713128946,818373.1554868504,"[0.3906463990647041, 0.024920311392370643, 0.5844332895429252]"
40416,247.76511226192832,336725.62098937866,"[0.3973968758120772, 0.09799122599359025, 0.5046118981943326]"
1112,277.2104896457124,178169.42170434026,"[0.01611542476435958, 0.28809905091974164, 0.6957855243158988]"
7532,698.4173887452291,100906.5599617511,"[0.19244365410132502, 0.573816019184963, 0.2337403267137119]"
20489,161.64345290613633,837415.233816545,"[0.05470778374592422, 0.022099445138253692, 0.923192771115822]"
7521,178.42407838845108,788874.2384012145,"[0.02964732109769563, 0.5593716401075026, 0.41098103879480175]"
3355,76.33965763147941,528766.4833275257,"[0.33147741439505124, 0.20807704924574735, 0.4604455363592014]"
40019,520.0620653004491,776008.1057852207,"[0.10932391189314161, 0.8540554773095458, 0.036620610797312554]"
26218,797.996901131514,435734.8403408604,"[0.6606995217890681, 0.11924165223429704, 0.22005882597663498]"
26071,465.5301658565622,835645.1778845431,"[0.6341238173462768, 0.13742660573897975, 0.22844957691474352]"
14229,718.0892256274495,482636.9389221447,"[0.3913264966132431, 0.26771311013569166, 0.34096039325106536]"
16789,968.7848097528886,103743.98304957838,"[0.40473008475426914, 0.5743996695413919, 0.020870245704338986]"
485,262.2695029985908,156250.01108120586,"[0.31786170181295526, 0.055144601768190436, 0.6269936964188544]"
36980,33.30650794314306,924257.9523133896,"[0.3905354417495704, 0.2633835998371274, 0.34608095841330216]"
6957,378.41324133584106,897848.8533956106,"[0.331476330468921, 0.5400696013954266, 0.12845406813565247]"
4396,438.725287657456,615070.1612758914,"[0.57730660755739, 0.05216258240227685, 0.370530810040333]"
35959,403.2351296443237,471052.8660360641,"[0.07731601559311871, 0.6421043847724797, 0.2805795996344016]"
25504,980.256407578006,979519.0432636528,"[0.47747067622981837, 0.3484687461250793, 0.17406057764510213]"
16111,864.2821600220276,517948.50728726137,"[0.3831282261354396, 0.5942625338670153, 0.022609239997545067]"
16042,220.0369300286532,105012.85925352488,"[0.752969669028685, 0.15382579311172923, 0.09320453785958568]"
42393,905.1103927444208,260745.0550064786,"[0.29725379115309847, 0.08675724108882416, 0.6159889677580775]"
26986,930.7830400374858,271230.85114791733,"[0.7407231601528687, 0.14920330883172905, 0.11007353101540232]"
14689,857.2201434510009,189048.69423563743,"[0.057620736965401494, 0.3084320337346988, 0.6339472292998997]"
16508,514.9612649436242,904469.3907889572,"[0.01478344128721789, 0.6128861467505391, 0.3723304119622431]"
32007,476.3150025395215,278280.15891975653,"[0.6525609876478989, 0.023091174600041918, 0.3243478377520591]"
36149,585.3377471964232,296762.80448324967,"[0.050262081701154246, 0.8632072444428538, 0.08653067385599197]"
35796,555.650795556202,351282.727099763,"[0.33530508482446364, 0.5512079211634738, 0.11348699401206258]"
41672,944.3011603934972,173533.56161122775,"[0.028168919349153707, 0.8508868009815368, 0.12094427966930951]"
45177,320.8533027631605,176308.1619483797,"[0.2539976310339309, 0.5876507948326662, 0.15835157413340295]"
21619,450.4919764076248,184517.8347749265,"[0.009694821677091283, 0.23754973726247428, 0.7527554410604345]"
30177,715.5850275557134,393539.4587981328,"[0.1300352178593003, 0.1909547303312783, 0.6790100518094214]"
20313,210.4202063268679,352451.5508313728,"[0.8322448968259524, 0.14640098484100833, 0.021354118333039233]"
47092,147.2387651692147,180446.88253209327,"[0.17206975826495932, 0.4516956926783528, 0.3762345490566878]"
28765,227.3763957488568,941103.338032536,"[0.1719894373127174, 0.6929316607191008, 0.13507890196818173]"
30267,541.4917316675634,983889.3942899064,"[0.03847713238619748, 0.9329506073021986, 0.028572260311604047]"
183,283.9208761889242,331021.15781195834,"[0.08983159288822579, 0.18245048340153966, 0.7277179237102346]"
45707,156.88845250284757,626233.4008856128,"[0.47905625015732417, 0.24269850752178235, 0.27824524232089354]"
10867,575.9479011416779,795385.0042251857,"[0.055960996174642834, 0.009955431778473994, 0.9340835720468832]"
1227,816.7211299508265,898783.9720075646,"[0.13478657608802277, 0.6339965982328882, 0.23121682567908905]"
33057,383.8249183378852,352281.4071953936,"[0.23915359448468654, 0.3304726530309559, 0.4303737524843575]"
33944,71.55704355894147,578409.8021170177,"[0.48140662098605314, 0.17106879384346146, 0.3475245851704854]"
27786,706.1942430886631,191008.8674951225,"[0.06776614642584904, 0.7346251158477248, 0.1976087377264261]"
21790,195.0143714516857,565635.0524230133,"[0.24262438284963103, 0.0749647780607609, 0.6824108390896081]"
43848,326.28555573453843,417681.1298297341,"[0.047054237530516074, 0.8150728580126957, 0.1378729044567882]"
33937,360.6042507289688,419799.9299567532,"[0.19589399656496617, 0.08549460889162769, 0.7186113945434062]"
42600,149.60034266500324,502240.53319086233,"[0.6972032005556582, 0.30021470939526224, 0.002582090049079529]"
4284,647.468100708664,479296.91068948177,"[0.15075050248171645, 0.23920019531362186, 0.6100493022046616]"
47380,891.4394558404288,610384.5400655849,"[0.4130784610603164, 0.04526295806314457, 0.541658580876539]"
2862,295.1727078104665,370109.8381647586,"[0.5150768058058142, 0.014841772912398424, 0.4700814212817875]"
21830,110.88674428588584,610016.9035834912,"[0.27191873263597266, 0.14807611996553, 0.5800051473984973]"
8828,79.30905035209453,966252.0732303868,"[0.4652254522929071, 0.3462715425222784, 0.1885030051848146]"
45296,266.9925462866796,504512.1139894647,"[0.5062488274382342, 0.23019043457302493, 0.26356073798874097]"
12583,746.9244202908684,552238.2347292625,"[0.3957754067369702, 0.006006202037312098, 0.5982183912257177]"
25888,697.6125705333408,365696.9084998869,"[0.1477001583808564, 0.11575304476700743, 0.7365467968521361]"
32026,542.2525040017428,822915.0339207036,"[0.06843202343356598, 0.5145388405268743, 0.41702913603955977]"
45891,25.98834531158713,730413.3571016554,"[0.32770232512108505, 0.6327755485476125, 0.03952212633130252]"
34262,652.2411620310315,205842.33195612504,"[0.21747486393748564, 0.26036331458346207, 0.5221618214790523]"
46529,737.6585423930957,347372.2328141773,"[0.042164539070953994, 0.6801174667152627, 0.27771799421378335]"
44073,261.6505141089004,628962.8116246894,"[0.6795369760282652, 0.019443485815469074, 0.3010195381562658]"
22572,207.2173745483396,504657.2701329865,"[0.42975008314026275, 0.3104190666764324, 0.2598308501833048]"
45466,318.50205078721365,194162.2965961568,"[0.1270333753284831, 0.597433747405329, 0.27553287726618797]"
26468,910.872245310132,566764.2431074167,"[0.12865742584578335, 0.5272560173490829, 0.34408655680513384]"
12877,270.0077112109458,971455.467541939,"[0.09403409386515225, 0.02518445086938887, 0.8807814552654588]"
12262,124.0915849021394,406460.1027723281,"[0.6219419824804557, 0.2297849307348132, 0.14827308678473106]"
38437,402.4526750498268,900353.8043258908,"[0.20274311429803155, 0.3757788217798296, 0.421478063922139]"
14038,642.7029771816717,154431.02922201788,"[0.18254827132393608, 0.14241555606182862, 0.6750361726142353]"
30576,66.03970770619716,851628.5447150118,"[0.3591817892756686, 0.43848135212474065, 0.2023368585995907]"
26289,292.6445207137656,612801.5645600958,"[0.6312892133189058, 0.02502979331839169, 0.34368099336270247]"
18999,118.46116474469144,439328.798086491,"[0.3151957935444941, 0.21279878539918742, 0.4720054210563185]"
19758,900.749513559748,280500.9427525339,"[0.13345300035592167, 0.7235111367946537, 0.14303586284942466]"
10283,46.97666738055508,901031.2210681032,"[0.6266860640859837, 0.1759809011423865, 0.19733303477162964]"
7105,919.0174468343336,194950.6950114095,"[0.1938160488414312, 0.7221314633866125, 0.0840524877719565]"
42910,42.1287547488632,111506.04688269076,"[0.3958203971210663, 0.4451695855534763, 0.1590100173254574]"
33120,46.59265112406708,549262.8866083106,"[0.4922236258275432, 0.026096183823119054, 0.48168019034933784]"
35970,501.8736423170759,111571.88607820068,"[0.003891156968735643, 0.4973580689491939, 0.4987507740820705]"
36412,856.4944494769248,810465.050082029,"[0.3197291692669043, 0.6028986882911743, 0.07737214244192141]"
25500,368.0535411189181,669442.9092652514,"[0.5598808769648629, 0.0798163818213258, 0.36030274121381134]"
21373,847.8202195044323,574672.220340997,"[0.16880506811751403, 0.5236401051528883, 0.30755482672959766]"
4485,992.6252778756864,781457.0792522007,"[0.3420670935018825, 0.41404580556755244, 0.2438871009305651]"
31666,452.4863828377849,672863.8854734832,"[0.4077687647394563, 0.522868527596397, 0.0693627076641466]"
40837,674.9465421269675,831310.1728616224,"[0.02986838437896842, 0.880869272836325, 0.08926234278470657]"
48406,808.4652462411187,348137.2641738753,"[0.007197282070890928, 0.13720229831187264, 0.8556004196172364]"
17845,385.17575191686336,868491.7687500545,"[0.22235931732625183, 0.27405558799165897, 0.5035850946820892]"
4086,70.84120063864407,799412.0497338161,"[0.08968865163837325, 0.8251231204729664, 0.08518822788866025]"
33307,998.3279127263438,569951.9637028573,"[0.0513611447055916, 0.7482579190896707, 0.2003809362047378]"
42612,37.84673071472712,256345.34693241527,"[0.4726550409392102, 0.4599070578303825, 0.06743790123040733]"
16223,122.88795763095224,903258.3856935631,"[0.4384353841823018, 0.129544514768721, 0.43202010104897715]"
15958,152.85931625633907,228668.3593938476,"[0.6718171916149657, 0.2457596793038132, 0.08242312908122111]"
37306,689.2162448623791,633241.6648551322,"[0.3950258325434863, 0.5792126403351209, 0.025761527121392947]"
41776,18.44052311042597,572126.8368722508,"[0.07812072620956825, 0.18396682380387464, 0.7379124499865571]"
11686,908.805620793487,276784.41481196857,"[0.23962442992122146, 0.6930403254115886, 0.06733524466718997]"
21182,38.92835616496175,189658.91733036112,"[0.19292929633667236, 0.37953897173578427, 0.4275317319275433]"
8254,11.99244469806714,378136.7444622353,"[0.11327874752996425, 0.8836878500595403, 0.003033402410495462]"
23917,233.58752651776632,763821.8452488753,"[0.011902364315333392, 0.2126349434617907, 0.775462692222876]"
19642,482.738267132236,307556.13133934094,"[0.21517888815652517, 0.6957557229402082, 0.08906538890326657]"
34757,296.2654338105168,281880.47802990035,"[0.12949435852247154, 0.1648671790837943, 0.7056384623937342]"
7391,966.272281236972,929690.4337903536,"[0.40192731299029716, 0.07706402540936201, 0.5210086616003408]"
23185,10.37449730609039,881523.0217390336,"[0.7025333353502695, 0.2551912400364942, 0.04227542461323649]"
34059,392.6425098465946,197614.5930981828,"[0.5346382438533611, 0.42143641351714894, 0.043925342629489994]"
8980,739.0075640387785,716669.7312865303,"[0.018634138642191662, 0.5820149437682184, 0.3993509175895899]"
39893,788.2084150817795,814096.7453356514,"[0.30540215133403104, 0.1596501986864374, 0.5349476499795315]"
5453,114.94219684960512,272299.4764163287,"[0.058238527477521305, 0.4501260992426142, 0.49163537327986456]"
35386,225.09304458125948,154072.17317124346,"[0.2091097641276995, 0.12219063409839911, 0.6686996017739014]"
45560,363.40481438140273,203256.86995991736,"[0.33153596535091295, 0.23334607467400878, 0.4351179599750784]"
9155,383.1694306776373,190531.50098827365,"[0.44048015940834806, 0.0009663458269985444, 0.5585534947646534]"
35302,243.4334143040051,242273.85238743064,"[0.08329380677773081, 0.595737879169634, 0.32096831405263504]"
359,248.342733955544,895209.2877601632,"[0.21422712147508455, 0.6674026274489663, 0.11837025107594926]"
19770,626.0571908551798,794198.1519782281,"[0.1429548848496909, 0.018702808978997114, 0.838342306171312]"
23180,569.3143074106093,894559.3592776005,"[0.506483819169635, 0.2928536807715417, 0.2006625000588232]"
11736,701.0965686785818,971829.4823795968,"[0.36008592628021796, 0.059055894223872835, 0.5808581794959093]"
38832,683.7940206818618,638815.5851031346,"[0.2780343919363314, 0.43246200819999214, 0.2895035998636764]"
24865,522.2965554092182,301790.16840975033,"[0.5034336359675396, 0.28390224029716277, 0.21266412373529756]"
24150,872.7297917502858,510390.6325538466,"[0.6940111640400335, 0.28136129880495236, 0.02462753715501407]"
29217,599.0286318310475,137444.48656628415,"[0.15483563961861035, 0.013955327695674358, 0.8312090326857153]"
48140,75.02067895725745,535277.4577264013,"[0.19338759922507717, 0.18433639999675852, 0.6222760007781643]"
15115,466.0344658021572,524735.7507596309,"[0.5863280274837953, 0.33135274093345063, 0.08231923158275396]"
79,176.65642441317334,418934.97927615314,"[0.34257606836341337, 0.4983280550231324, 0.15909587661345434]"
12808,582.9065465719028,761341.3806842262,"[0.07804386962638417, 0.6619647355803849, 0.2599913947932309]"
19587,208.63369580486489,468652.8333602817,"[0.4121614596195605, 0.37628460183782203, 0.21155393854261761]"
19543,849.3702696953909,121418.90873041804,"[0.030462864277953715, 0.2782845962654378, 0.6912525394566086]"
19392,217.1613438676389,319611.5180726618,"[0.4751128560648541, 0.028595441722842015, 0.4962917022123038]"
43192,322.39662895751,958133.8469985616,"[0.21948623938416773, 0.4623697352991199, 0.3181440253167125]"
28926,85.46754384877718,884996.5121520344,"[0.28350345902163504, 0.21249545150963006, 0.5040010894687349]"
5306,457.7231032599864,478909.2981732307,"[0.026798223487875715, 0.29371466240478566, 0.6794871141073386]"
13944,391.4845105359354,840698.4667313357,"[0.5274533150070686, 0.41507778082251234, 0.05746890417041896]"
24204,15.631448574884557,439599.9869806733,"[0.48301417938082464, 0.05844474341289265, 0.45854107720628273]"
30732,605.0332625646392,580703.1332705547,"[0.3608228400624484, 0.2512208700240731, 0.38795628991347847]"
26290,327.0629457409514,445252.103546609,"[0.03080240207340892, 0.6659725168305678, 0.30322508109602325]"
30589,596.279885231783,795344.1728864593,"[0.4571395466034632, 0.10104205386017545, 0.4418183995363613]"
34422,175.58175819507795,812247.0840625911,"[0.2791818674997389, 0.25196743914861525, 0.46885069335164586]"
9970,648.4812219926678,301337.0601801381,"[0.22252458149229198, 0.4904227333623147, 0.2870526851453934]"
43320,31.691580541246143,243300.97351770828,"[0.2759920429823565, 0.4970580226356233, 0.22694993438202]"
38434,991.8198005629991,655825.983204707,"[0.3569754327208579, 0.43990350030831316, 0.2031210669708288]"
10715,774.8318752748079,313526.2365347713,"[0.3495722829949279, 0.34871814780429394, 0.30170956920077824]"
39809,625.4116807688164,589575.1548813508,"[0.36217628906102617, 0.08812056494457524, 0.5497031459943986]"
49925,863.4209647705505,616860.9705035728,"[0.2662736301459385, 0.6965994164812902, 0.03712695337277123]"
46636,745.2230753043583,242262.3888985339,"[0.4924671919784038, 0.11591053602708005, 0.39162227199451616]"
38952,308.7592960038441,669734.6740213835,"[0.7503788909901995, 0.17999867320041607, 0.0696224358093843]"
34743,571.2257548180511,805359.6151876806,"[0.8465162703558023, 0.045297288104264206, 0.10818644153993351]"
31906,391.40251773548096,856897.4426970414,"[0.5405779974649981, 0.003679437000467187, 0.4557425655345348]"
3860,681.8808407809819,290303.6106603651,"[0.24255293067218975, 0.4852212055863541, 0.2722258637414561]"
32949,782.3883646253728,861436.9672067297,"[0.7378660701031864, 0.23183838250890476, 0.030295547387908846]"
44845,233.4490583726358,436899.7544006809,"[0.020815077220715485, 0.6908876558329606, 0.2882972669463239]"
16190,183.4198961280922,585733.9323481831,"[0.2662516062806214, 0.2914079853633314, 0.4423404083560473]"
20976,870.2735099629499,238567.2823790997,"[0.027916274179030254, 0.6099289911532354, 0.36215473466773446]"
45034,242.67125316048032,835443.885494175,"[0.5334418578631804, 0.3665758968203962, 0.09998224531642347]"
2566,778.2598023904385,597928.7023787103,"[0.3697029131247037, 0.3893617606202499, 0.2409353262550465]"
1771,619.6394556631409,164984.23389038694,"[0.19188570145102324, 0.08763642199945396, 0.7204778765495227]"
29784,177.24705245572954,399416.8129469554,"[0.06754119404455855, 0.09494315361719953, 0.837515652338242]"
2796,965.1018672708476,359246.00814129977,"[0.23275057746210293, 0.14817490494417454, 0.6190745175937227]"
9655,13.17401398828376,912678.8458880832,"[0.058881022315268226, 0.5685147746408974, 0.37260420304383435]"
41315,390.1054436059769,392585.5991769524,"[0.02815995251698612, 0.5539855014430514, 0.41785454603996247]"
19769,310.8952224002362,190062.31702590792,"[0.3316916395811891, 0.21332010858899844, 0.45498825182981245]"
25474,44.19676689335434,612360.2069836885,"[0.4517062855473969, 0.4371996821665355, 0.11109403228606764]"
44697,535.9435165706209,513969.2902442261,"[0.5263947630129945, 0.10966534866695797, 0.3639398883200475]"
36228,305.04784031245606,142853.0985247628,"[0.014319268624822915, 0.34497908722843545, 0.6407016441467417]"
5590,956.1575040803534,103021.26220605096,"[0.3606539472493659, 0.317244590432399, 0.322101462318235]"
11218,448.5189757625933,610388.0793715443,"[0.1155754224558393, 0.3129011722980269, 0.5715234052461337]"
4600,155.6884877873078,377471.6371954542,"[0.2949884487883539, 0.2747135377713639, 0.4302980134402822]"
6743,576.0611064744107,569722.179398447,"[0.4282462619695167, 0.5222011712531273, 0.049552566777355866]"
31665,21.701716127967444,305635.34661073034,"[0.3680753066767689, 0.4317318289124264, 0.2001928644108047]"
23210,934.963563787958,321949.6080580964,"[0.40143363344083866, 0.3038064784044297, 0.2947598881547316]"
46674,576.210853226749,156649.75339443784,"[0.5236346413578152, 0.3923329815000924, 0.08403237714209229]"
33902,514.680796154644,217007.63758599275,"[0.22846676168177874, 0.7386973368822372, 0.03283590143598412]"
9531,559.0880058710669,512653.20759235066,"[0.028690833323794355, 0.3748853158916392, 0.5964238507845665]"
3005,872.240339491398,995530.749580276,"[0.010798006720187601, 0.8884616891972058, 0.10074030408260651]"
3256,270.1250727310326,273577.24125994346,"[0.1874063296284087, 0.6698897052726411, 0.14270396509895014]"
45225,603.7044069789598,518928.7089830744,"[0.14394491137404639, 0.492317976533337, 0.36373711209261655]"
12642,889.3972552953065,112055.19643276087,"[0.5509367231322514, 0.34544013426974646, 0.10362314259800211]"
7848,198.2907702848997,388758.5424609526,"[0.5112400611336457, 0.016686570784328527, 0.4720733680820256]"
3514,797.6303193658155,765008.7595202917,"[0.1579171925241913, 0.4700984910429434, 0.3719843164328652]"
11363,56.84378313543262,136759.79644427824,"[0.4095783014961804, 0.07588534629977126, 0.5145363522040483]"
16255,820.1748815683984,938738.022869056,"[0.11253535655929682, 0.12896780934618932, 0.7584968340945137]"
8915,959.0340007697632,840034.4828622233,"[0.03129870615741843, 0.12946250104957424, 0.8392387927930074]"
11054,612.5413773686078,272107.9497767276,"[0.3796392533628632, 0.2912255602853738, 0.329135186351763]"
14978,31.3940806504239,572298.7699537713,"[0.41986112760322103, 0.26862573394988287, 0.3115131384468961]"
35576,119.02849934825562,193364.83841025567,"[0.8155891901312674, 0.1022078912221775, 0.08220291864655507]"
37942,101.3903905775375,162365.80019567523,"[0.1438760939051105, 0.8194098329035521, 0.036714073191337536]"
40454,732.4814946324482,821117.3834280854,"[0.1262035869353364, 0.7292143989913027, 0.144582014073361]"
2250,608.0716838922139,735264.3291161022,"[0.4566768317162017, 0.029636590675507325, 0.5136865776082911]"
27384,329.7422115833669,888264.5715352271,"[0.3994231697091445, 0.5428123119232793, 0.05776451836757621]"
26022,291.9739095372452,471290.2021075696,"[0.5598656421763515, 0.21578564804116734, 0.2243487097824812]"
7140,808.9455929054318,415028.0426725102,"[0.3335137075896406, 0.18867457869713122, 0.4778117137132281]"
16654,242.15807924062304,448800.4999673017,"[0.47256730561263416, 0.4343966341065803, 0.09303606028078557]"
27822,570.0090212074995,139097.38654087274,"[0.24731280936177397, 0.3255119066718603, 0.4271752839663657]"
40038,767.063708903227,604915.826043355,"[0.21695143288615346, 0.5496671546096749, 0.2333814125041716]"
34478,363.3628539500336,530442.8846582412,"[0.5196276623101241, 0.1881161972126263, 0.2922561404772497]"
34597,36.55597326156807,308750.0331435121,"[0.05676671468639541, 0.747782997837582, 0.19545028747602275]"
14064,639.0256614845714,737994.2213660909,"[0.6928311115127506, 0.07299187988719691, 0.23417700860005258]"
48172,233.13332034925548,705578.6675709282,"[0.6715084381347088, 0.23202029007628472, 0.0964712717890065]"
27256,719.6002760227067,828888.9473798118,"[0.42750666387570463, 0.2835617072295687, 0.2889316288947266]"
6699,77.4286595442104,659258.1003091121,"[0.4542600626274661, 0.0261605211380304, 0.5195794162345035]"
49529,86.72759412039434,879313.8983354205,"[0.3054815411689495, 0.662693710818522, 0.03182474801252836]"
44217,879.5261133840713,737506.3294643882,"[0.6249284001103808, 0.1742687918189352, 0.20080280807068415]"
38961,179.83758201081923,177557.69015927103,"[0.4014053588945816, 0.09607962037112161, 0.5025150207342968]"
47645,970.2275899575573,661046.3885923956,"[0.27623069982036136, 0.04546463064038904, 0.6783046695392495]"
32902,197.9904922421352,455656.7982005767,"[0.34573753754316083, 0.6179603580064741, 0.03630210445036528]"
4737,497.13988174564366,375142.2295585498,"[0.6234568054512708, 0.230612319498141, 0.14593087505058827]"
19410,379.784395902981,734213.8597703429,"[0.5702274575113632, 0.271066500950741, 0.1587060415378958]"
44736,833.8407476678829,285299.48141813546,"[0.5746570751886367, 0.043087700743770135, 0.3822552240675931]"
1481,984.9915472598902,288246.08556779125,"[0.3979696085758399, 0.448202769718761, 0.15382762170539901]"
24693,26.437340374420128,892651.7079806465,"[0.06634897935656853, 0.7817916450930471, 0.1518593755503844]"
45236,435.2402198174849,580475.5699833748,"[0.16506585524661158, 0.4377112323184433, 0.3972229124349451]"
26998,516.2217904110114,259238.26691612584,"[0.09632969692285874, 0.2006808955676828, 0.7029894075094585]"
759,180.8515727875956,543813.0916341866,"[0.28764198547367253, 0.6730632302747067, 0.039294784251620744]"
30746,968.89987777488,244949.02403072725,"[0.15780419485766592, 0.6361056643378908, 0.20609014080444316]"
39188,60.77212391825475,744820.6313273399,"[0.4419119382771454, 0.36511848956516285, 0.19296957215769173]"
237,413.889629126414,944963.3042607016,"[0.08333937255918306, 0.43306437790481445, 0.48359624953600255]"
36614,983.3043765699198,335122.9639621123,"[0.8643657077265376, 0.07140270759818472, 0.06423158467527777]"
15326,316.782392482381,430484.2449682001,"[0.4276045366028433, 0.34291200897898877, 0.2294834544181679]"
12989,845.4746764131828,649242.2335601967,"[0.08697034541370113, 0.45581799737093176, 0.45721165721536716]"
41808,332.8335432666174,147673.3809872641,"[0.42965014093847126, 0.4975825251709421, 0.07276733389058675]"
7920,147.28172866207194,453760.9173686659,"[0.3961094605514941, 0.2384527334110139, 0.3654378060374921]"
19390,61.279094753275146,740545.8192970853,"[0.5424364664377888, 0.08635479986284879, 0.3712087336993625]"
45405,217.25953368224623,167499.3338071044,"[0.2810450755295525, 0.35163642884724944, 0.367318495623198]"
10195,458.21407312474935,463643.0378038845,"[0.4809505931882019, 0.43233855702563634, 0.08671084978616168]"
5222,253.34566354495428,323499.29486578656,"[0.16368421310010722, 0.8112966370039315, 0.025019149895961216]"
23567,666.8302722455227,567875.4641621571,"[0.4172524056258852, 0.03117959636002734, 0.5515679980140873]"
29452,828.5547555690345,476026.3573286625,"[0.5377381258497286, 0.030214037575008557, 0.43204783657526286]"
12458,484.4358846318186,636304.6364033632,"[0.06667680934884994, 0.5024635327397279, 0.43085965791142206]"
43585,967.1841326816948,123605.34813979796,"[0.6442717904060584, 0.2790029748963528, 0.076725234697589]"
39483,117.4956075210281,861661.9383629172,"[0.286066803073667, 0.09378836628400801, 0.6201448306423251]"
42242,124.875838112937,152331.81365791117,"[0.012651356387904957, 0.03408758996821822, 0.9532610536438769]"
32197,732.1441937156196,458260.2300391335,"[0.5028240622614373, 0.12024772460444103, 0.3769282131341218]"
6116,161.69536997087056,364240.93097377976,"[0.5038838126655628, 0.3330446870159383, 0.16307150031849887]"
44265,293.8733533446941,639708.5804868261,"[0.4133249436128288, 0.5446460756479545, 0.042028980739216557]"
41664,804.3569468799665,983666.6256962236,"[0.4878608970282797, 0.00365669835596361, 0.5084824046157566]"
17538,424.1518769057444,379145.0328076329,"[0.09044154455960716, 0.493491420289296, 0.41606703515109683]"
13377,477.4254163020095,457889.9714149765,"[0.1740305917800354, 0.02507713143943167, 0.800892276780533]"
37001,778.393296223384,245593.4949646272,"[0.021304390119241293, 0.4051912295755274, 0.5735043803052314]"
35605,938.051447813493,347115.2207804983,"[0.740250530635834, 0.05118119365258868, 0.20856827571157727]"
9951,35.725989845443216,675368.6402657211,"[0.02077229942969214, 0.5489904946354784, 0.4302372059348293]"
28638,625.2091187321853,201660.7010815128,"[0.4675613553808235, 0.16771464212124912, 0.3647240024979273]"
12771,715.4607475611263,428781.5972713515,"[0.4190381831304464, 0.41502550759798307, 0.16593630927157063]"
45699,754.1307600745754,873949.5643258098,"[0.020365032506844225, 0.1609380015884397, 0.8186969659047161]"
2143,474.776107967476,573723.5594865878,"[0.5321524388815994, 0.13186835322657145, 0.3359792078918291]"
29659,492.1680436279632,903072.6421611516,"[0.1011574488986792, 0.15545280962855437, 0.7433897414727665]"
7882,904.9258998239368,472260.3004971933,"[0.8356286017509561, 0.11418243661770287, 0.05018896163134125]"
30421,560.7264873896952,828954.1999964339,"[0.32157479962261953, 0.3511317791558197, 0.32729342122156074]"
2640,233.17123720095665,796095.583181697,"[0.28679116415924805, 0.3031518369412084, 0.4100569988995436]"
46712,963.3934648367664,982470.2344954484,"[0.582479704288841, 0.21319147593449128, 0.20432881977666775]"
12773,10.683422876180371,680775.0568514598,"[0.11373982113701657, 0.7756854775662652, 0.11057470129671831]"
21961,976.0434620632246,365118.7228535969,"[0.34209858489697104, 0.24388929227461412, 0.4140121228284148]"
35289,75.52864637074246,515546.01677506935,"[0.2209955026548768, 0.30726113082366646, 0.4717433665214566]"
32177,45.92838279889239,756892.9321547,"[0.6336325451267933, 0.315448994601529, 0.050918460271677665]"
25822,96.88147676186084,387517.2786246563,"[0.465437918964788, 0.28591291691223564, 0.24864916412297636]"
32262,868.5391528804201,766656.7050805136,"[0.03037966265088934, 0.4108853672557513, 0.5587349700933594]"
22398,378.67756439937966,237580.9206258323,"[0.3629501081577301, 0.5028030250614407, 0.13424686678082917]"
49615,875.6337361355809,708853.8237216484,"[0.3069857388719758, 0.35990782484830525, 0.3331064362797188]"
22586,664.2078987890714,840919.9645567967,"[0.326740674017961, 0.5888828146302716, 0.08437651135176756]"
11141,545.7014149757321,567410.0914249697,"[0.0823136637227003, 0.8679301053473081, 0.04975623092999168]"
25984,755.1709078508466,597713.5510400679,"[0.691635268192744, 0.12369804189038444, 0.1846666899168715]"
37513,384.6638120962023,910533.5752864662,"[0.5580154536633333, 0.34825578030929355, 0.09372876602737305]"
18533,990.4134936665556,337957.0438600327,"[0.20793867536561594, 0.6564927508523266, 0.13556857378205744]"
47616,285.2033456117055,555067.2721281298,"[0.1807147660693329, 0.5221173462857326, 0.29716788764493446]"
49070,950.0662191956184,261856.88171204936,"[0.3078461221681863, 0.09060042492132533, 0.6015534529104882]"
29654,488.905120076012,293900.37167927227,"[0.06946475806473067, 0.24500354012144737, 0.685531701813822]"
43257,544.577296365698,771840.0151422133,"[0.23224550324589963, 0.39834528817090187, 0.36940920858319853]"
19846,493.4778295149186,799477.2104269682,"[0.039917834403620074, 0.019194333596224508, 0.9408878320001555]"
29002,600.745908931693,813860.703403427,"[0.2849698350929742, 0.6899450966138458, 0.02508506829317983]"
13543,802.2467261219841,613809.6073693751,"[0.0022901387176866013, 0.20531014529015296, 0.7923997159921605]"
6331,170.90996857020212,530537.7320557819,"[0.09890742960582703, 0.6272999460096458, 0.27379262438452723]"
16930,391.9128164922157,665686.5836307716,"[0.010483908378068585, 0.5789963756415223, 0.4105197159804091]"
30417,343.04106442344386,721264.6694534676,"[0.062471908390490036, 0.7560404927397611, 0.18148759886974883]"
20549,968.8502374407713,763031.5159186197,"[0.4864964948196932, 0.039296892805439375, 0.47420661237486733]"
12658,877.0159523593908,323237.1260364967,"[0.05698404515423163, 0.004588562078480213, 0.9384273927672883]"
17773,982.1709705151274,701388.890113804,"[0.5231459379422485, 0.09697007011894818, 0.37988399193880323]"
27762,787.4243916179637,854473.1830570784,"[0.40776799632359334, 0.0032151786770044577, 0.5890168249994022]"
23423,718.6744112125684,556871.12368225,"[0.9346243532239296, 0.013361481446061594, 0.05201416533000881]"
18108,402.9577176061337,600771.9824885877,"[0.6671291583391844, 0.225291272638243, 0.10757956902257244]"
13548,689.7238564937686,110043.79621265564,"[0.1625557185795488, 0.7866160509515207, 0.05082823046893058]"
19156,549.0706355590995,997874.598245698,"[0.651839499841479, 0.035695210642119425, 0.31246528951640146]"
46174,419.5483221340548,215615.3150653913,"[0.03230151225285154, 0.23479613105475133, 0.732902356692397]"
19260,749.9548550381816,936640.606267092,"[0.7907728118018973, 0.08372820368653393, 0.12549898451156885]"
10346,552.2368950197866,509567.635769802,"[0.014391016929824862, 0.4571625409965627, 0.5284464420736122]"
19716,57.87273968112362,223406.11212783112,"[0.8336458305640905, 0.11363995136443782, 0.052714218071471655]"
27959,766.8247208385864,893977.783917509,"[0.7810453338992253, 0.15880695230207048, 0.06014771379870417]"
29094,322.9538828076726,526125.9330112892,"[0.46285399613073486, 0.39217924581872726, 0.14496675805053788]"
46163,835.3906416514275,577107.3781999697,"[0.18521588087272847, 0.506353917583825, 0.3084302015434467]"
35371,540.3270616769827,706755.5142806921,"[0.6586506628816348, 0.224582960011142, 0.11676637710722333]"
11753,397.6160671648215,854113.6883751376,"[0.33704587390556145, 0.21187056260979464, 0.45108356348464385]"
35168,398.0785733642625,174254.1376819294,"[0.3121782762342878, 0.14816088897460145, 0.5396608347911108]"
17674,659.0112473102757,771527.7441366322,"[0.41329407919596844, 0.38265368506158515, 0.20405223574244644]"
43834,532.3304081747281,808865.4247312922,"[0.5981830598117566, 0.06323058466606565, 0.3385863555221778]"
22127,109.11073214795138,314065.9010013598,"[0.6483615510975742, 0.2923585256911213, 0.059279923211304396]"
29525,277.50950168708204,766561.8937645666,"[0.054675696271126596, 0.7642858864385454, 0.18103841729032807]"
32046,849.6587267422233,735684.999215938,"[0.9094992805023084, 0.010388580957906794, 0.08011213853978484]"
27583,66.26501855191641,262625.66208676854,"[0.7501271644919199, 0.16934616727123275, 0.08052666823684748]"
5182,402.0798343685882,391631.99370812805,"[0.6597476718271074, 0.1602962719611025, 0.17995605621178998]"
28574,865.7342423048177,117224.34058283556,"[0.3150598272191008, 0.5959969563521059, 0.08894321642879328]"
4290,327.30332519995466,339481.7865585156,"[0.6414727413377154, 0.2866937930539728, 0.07183346560831187]"
27835,783.7944442468007,694243.8063540144,"[0.4740844023810598, 0.1835612482271931, 0.3423543493917472]"
24500,244.44430793880207,807059.3104058857,"[0.6044524577020808, 0.32239362582776554, 0.0731539164701535]"
29597,843.4224454380695,504882.1166695435,"[0.49971621890016665, 0.10989527668506355, 0.3903885044147697]"
42060,84.82324519009352,537124.0950252626,"[0.15708504320702124, 0.18746859858312945, 0.6554463582098494]"
3887,634.2107250981915,537168.7190999417,"[0.02762095057280758, 0.3600257293979169, 0.6123533200292754]"
49318,346.3119910100156,352565.73674053384,"[0.07170293460196417, 0.06731596801673796, 0.8609810973812978]"
23208,723.8238521575902,446863.08438527794,"[0.7791657686134553, 0.21629090154643485, 0.004543329840109886]"
8752,126.21311176421138,164406.9116255739,"[0.6664603542253208, 0.17290051072798238, 0.1606391350466968]"
10877,554.9174621082873,294037.0156716569,"[0.34911761702021415, 0.23404790364512923, 0.41683447933465645]"
45025,318.0953067899658,537383.2758468462,"[0.3196721873178097, 0.41736783264765226, 0.2629599800345379]"
39027,658.3337814429385,523133.5945061352,"[0.5937730274809613, 0.0021254630658979054, 0.4041015094531407]"
35356,502.458369056545,804361.1341974072,"[0.13196153959193638, 0.2508610835033298, 0.6171773769047338]"
26023,586.5560807259621,389297.4158568247,"[0.339706941748006, 0.4582077338251599, 0.20208532442683422]"
42528,515.3349276551332,788139.7316445521,"[0.5994715111262133, 0.10372164119645715, 0.2968068476773296]"
40486,698.4931625409391,138276.49468497734,"[0.7060985184184105, 0.050392551263286005, 0.24350893031830342]"
22173,389.8906624340466,200274.86608675332,"[0.10099739126949331, 0.1219703461422709, 0.7770322625882358]"
21456,612.1286706067025,520864.5880114188,"[0.05639167771269562, 0.8146813364339249, 0.12892698585337944]"
23270,22.43118995636502,719041.2590459343,"[0.4790223381893468, 0.3849070087902847, 0.13607065302036844]"
24465,924.5538399219828,361828.1899166964,"[0.4732912538206115, 0.3345170079305464, 0.1921917382488421]"
13320,436.2321346022612,434869.5504505824,"[0.355372670850349, 0.010931465285419852, 0.6336958638642312]"
41202,716.9991200768516,261973.6199127145,"[0.38986944781668065, 0.028979680915872146, 0.5811508712674472]"
39551,49.66179875900402,500631.3479454355,"[0.42295951535364484, 0.13720714225552005, 0.43983334239083527]"
2561,926.1369740150808,435482.7304051456,"[0.4499806676657285, 0.02648079971525183, 0.5235385326190198]"
15554,843.6681532326738,621279.1030997483,"[0.35161650305829106, 0.004085439717902788, 0.6442980572238061]"
5875,50.21864083189138,785865.1316286094,"[0.07528313764380487, 0.6476432086956039, 0.2770736536605913]"
35863,667.9124020934182,140901.17148464324,"[0.006353057312858834, 0.7064962096698323, 0.28715073301730887]"
6177,692.5078911739366,672849.3385829875,"[0.17173969600125114, 0.7755834630486522, 0.05267684095009658]"
6606,257.0554953146939,755090.3424370972,"[0.21212008962397036, 0.4478601300565556, 0.340019780319474]"
5974,152.8090131270167,648539.2416364674,"[0.33926414812888817, 0.29729502331479124, 0.3634408285563204]"
31039,862.2746434569764,861717.100923294,"[0.5849252821323591, 0.13238680830405467, 0.28268790956358614]"
19288,782.1257671430579,352901.3300932235,"[0.8130133232463957, 0.17096434399316174, 0.01602233276044239]"
34934,320.0244449275711,209305.97512294,"[0.7704642965632612, 0.010211398746029589, 0.2193243046907091]"
39469,896.6740793741693,515907.6773592113,"[0.2186394140330615, 0.37934162498786833, 0.40201896097907025]"
44925,999.9242174010202,641983.960445144,"[0.581996242109973, 0.3856014331472169, 0.03240232474281003]"
42471,70.67433090671176,297441.3179607808,"[0.06493015281429466, 0.6867914407882308, 0.24827840639747448]"
28178,116.25091623363237,418767.7042995609,"[0.6784682528136114, 0.20433202826167018, 0.11719971892471827]"
16481,855.0247857604207,672792.1518300249,"[0.3408650290488771, 0.49710706846994035, 0.1620279024811826]"
5441,762.1485685974571,896797.5594335878,"[0.037843336039114384, 0.26291687071241326, 0.6992397932484724]"
23539,267.41940952341264,866019.401715638,"[0.5607862103668668, 0.10262714618696346, 0.3365866434461696]"
15345,809.4289779478121,299058.1429524423,"[0.15376907183934113, 0.6349349953049834, 0.2112959328556753]"
15402,847.4805156964418,486925.89035586,"[0.276887324799584, 0.009778718689625366, 0.7133339565107906]"
42979,125.50926950927092,832252.7815841002,"[0.8705525721150086, 0.03935390836997351, 0.090093519515018]"
7342,818.9462644126278,203747.33072276652,"[0.4861165434287823, 0.4235205756762456, 0.09036288089497199]"
47192,688.6881694514875,553981.9551934444,"[0.12748110075868235, 0.8529653507868451, 0.019553548454472755]"
7556,539.6589253618046,881817.3832472332,"[0.7453386227145425, 0.07686266545646304, 0.17779871182899437]"
9866,388.8691253177341,733656.872037403,"[0.46549442504019845, 0.2172479253321992, 0.31725764962760233]"
42613,145.1654951954423,450422.243951302,"[0.29550337798284615, 0.058740088971137715, 0.6457565330460162]"
6630,272.0649147445982,335452.3496327667,"[0.4990740320865046, 0.1305994143549739, 0.3703265535585215]"
42395,202.37998601564647,772027.6590250267,"[0.5368253094517411, 0.015024622099325893, 0.4481500684489329]"
24922,677.9788010567878,257608.04560523253,"[0.43318569447863314, 0.4573857134926922, 0.10942859202867457]"
1450,387.7801320985851,221326.77377514305,"[0.1587409146367288, 0.11224996387411285, 0.7290091214891583]"
10617,456.0008383478624,891402.377933908,"[0.03922195765916911, 0.9584422990129737, 0.0023357433278571246]"
34798,653.2008624431322,659871.2238148218,"[0.16489262804701937, 0.6437579151840334, 0.19134945676894727]"
49132,908.6988332045332,979474.9844561188,"[0.118073561451807, 0.02651362266160409, 0.855412815886589]"
3316,949.9608628583989,324193.0196915901,"[0.6679415730265635, 0.28865798703896406, 0.0434004399344724]"
49649,682.3976182659837,257440.7364841312,"[0.20320914950555105, 0.33332234020264384, 0.4634685102918051]"
625,751.735578592819,810166.53308081,"[0.23111401084293492, 0.43361471032790067, 0.33527127882916435]"
2014,169.52850086160464,588616.9433383676,"[0.13230049889047768, 0.3845532671959045, 0.48314623391361783]"
46327,980.338063557076,987312.3752528824,"[0.4279914025886804, 0.11816540193031547, 0.45384319548100427]"
39048,564.1014403638145,116557.04377505094,"[0.4813047757713887, 0.015919503769156598, 0.5027757204594547]"
19346,807.1861878309019,568841.437449375,"[0.3016445834704107, 0.13613190556170085, 0.5622235109678884]"
22222,258.8970132843974,727356.8057982654,"[0.030512574293272778, 0.6190463093485138, 0.35044111635821346]"
13593,234.8355040433984,863604.3168291046,"[0.23706739673145522, 0.18301188415982594, 0.5799207191087188]"
28796,198.64822872615807,298870.0088987042,"[0.8856980566167192, 0.029571003769785883, 0.08473093961349508]"
13571,310.4754735660824,304546.5791778896,"[0.004002093818777732, 0.2684050668644395, 0.7275928393167828]"
24642,875.3254607558259,262303.3826425533,"[0.12705564232993097, 0.26125621352442063, 0.6116881441456485]"
7259,847.3022481733835,712504.124098342,"[0.2723100298553618, 0.560354660826747, 0.16733530931789123]"
35559,107.7533110340036,544192.3403050548,"[0.46629719180130913, 0.1450264392344551, 0.38867636896423563]"
39970,688.3473137825752,549747.742516208,"[0.07347930720794951, 0.07790086880757432, 0.8486198239844762]"
16686,308.1230614108146,380216.5057329589,"[0.21976193176743053, 0.11703601657530455, 0.663202051657265]"
23589,597.9766046060174,135275.64570810285,"[0.28358129912801555, 0.6279255117448251, 0.08849318912715912]"
13027,382.0444850470184,865329.1487030415,"[0.5128454991857857, 0.2655257891331901, 0.22162871168102422]"
1299,175.92888282172012,607447.5800026475,"[0.16022344291055057, 0.478495727643014, 0.3612808294464354]"
48758,299.430467235524,576510.1270289412,"[0.4283109197455192, 0.3149274222314114, 0.2567616580230695]"
2652,347.43839229826807,675608.5695285957,"[0.28355813403099356, 0.27975982441084407, 0.4366820415581625]"
5918,89.49075073412872,432095.908537732,"[0.7757466540480378, 0.20805514986930604, 0.01619819608265631]"
7704,213.09011852148728,570513.7342712581,"[0.28978160169028006, 0.34925922698690176, 0.3609591713228182]"
47568,304.5410851262438,139008.88499059976,"[0.1867056542524141, 0.29846817708638596, 0.5148261686612]"
30876,848.6622802199823,142337.3174200839,"[0.5830975357281971, 0.19810459124977642, 0.21879787302202663]"
15950,214.0218489084138,297871.4975847857,"[0.0031609882970255816, 0.46610912037900454, 0.5307298913239697]"
9566,830.3967008295328,349399.86977880204,"[0.06269895133730158, 0.23542393958269045, 0.7018771090800079]"
44559,567.5032887996566,674284.4120448955,"[0.20101980218097845, 0.008405087267414898, 0.7905751105516067]"
732,863.0990034477352,919306.2268185508,"[0.6763800876442141, 0.013443539720000763, 0.31017637263578524]"
1512,46.632406995638455,566351.7131573845,"[0.12030982339968213, 0.25949630233717663, 0.6201938742631412]"
3464,537.346894672615,918718.272766552,"[0.06237732198665694, 0.06967083245247045, 0.8679518455608725]"
16459,124.0773778176945,552051.8901852502,"[0.8855695449236493, 0.11158572442934717, 0.002844730647003639]"
18496,513.5725651092956,944305.2930200936,"[0.0480151430406377, 0.7083334507441721, 0.24365140621519032]"
19199,887.3593455844082,887691.0647946318,"[0.5582666608526275, 0.20209941008024385, 0.23963392906712863]"
17412,770.221990337562,161398.437987905,"[0.9054396780198734, 0.09228344629179484, 0.0022768756883318458]"
16979,304.31026860946406,592672.8133753266,"[0.5418622738336302, 0.43940490932107884, 0.01873281684529101]"
22895,228.1115870292716,210576.1658653264,"[0.03995430494389601, 0.27361365752053013, 0.6864320375355738]"
34627,587.2874380488925,750857.816500103,"[0.35269956312063483, 0.5356942176958241, 0.11160621918354102]"
15087,474.71823583973054,663472.4978018175,"[0.0557391226716601, 0.589698947526627, 0.35456192980171286]"
22584,738.6812578932839,940340.7526419194,"[0.3895382003002081, 0.13700330023419735, 0.47345849946559454]"
2705,763.1914679001928,233156.9035101093,"[0.20206062026089522, 0.5672288524558259, 0.23071052728327895]"
46466,491.8571529212705,924773.4282110188,"[0.19151867615137458, 0.5024430948188839, 0.30603822902974165]"
13925,547.7087859750128,125390.33815303494,"[0.16341073665565212, 0.1284217086357522, 0.7081675547085957]"
42042,289.9796030313408,185319.78147231223,"[0.8235201010147004, 0.12158486288883479, 0.05489503609646483]"
4287,574.7893887220323,349278.383532061,"[0.09330505550320367, 0.7650936779460008, 0.1416012665507955]"
7144,455.9128334896876,674402.6622615241,"[0.24847532062887517, 0.4774900366582845, 0.27403464271284045]"
4782,177.2624460068973,199732.22074136016,"[0.25244207947951336, 0.0011150406915219659, 0.7464428798289646]"
24091,885.9996822671045,522716.9762831634,"[0.17293198092646175, 0.5390574797202748, 0.2880105393532633]"
10428,997.3453448402236,449297.3000223396,"[0.820291316604491, 0.10780274791126129, 0.07190593548424777]"
41846,441.2119301754164,550096.524358385,"[0.2127731826657994, 0.17526541202228346, 0.6119614053119172]"
14321,304.327668913215,952014.6599911684,"[0.27345642819483595, 0.15399370115353464, 0.5725498706516295]"
4642,939.9902665878316,260203.07012028623,"[0.8400472310285138, 0.03939620010560988, 0.1205565688658764]"
37515,307.1082477382842,565139.8324664729,"[0.17175869378226702, 0.40668318033691087, 0.42155812588082214]"
31707,499.1827663220873,248017.58164048503,"[0.5045386836799316, 0.28533516952175675, 0.21012614679831168]"
39355,103.46658448604488,362073.2112534378,"[0.43932606946569014, 0.3904621525306606, 0.17021177800364923]"
28095,115.06405067596113,879322.2140371213,"[0.1640720907116734, 0.13149718850979936, 0.7044307207785272]"
23396,270.6605890676042,506716.04549253394,"[0.7118135181594852, 0.11402275543627836, 0.17416372640423652]"
15632,313.5610715909207,673818.6140535121,"[0.06707883617761728, 0.8159343888556174, 0.11698677496676542]"
45789,738.1510219067192,407029.204222373,"[0.4105927553853983, 0.013461008147568785, 0.5759462364670329]"
37965,684.1874860535665,395385.95033115166,"[0.34955041353977423, 0.09008934012087874, 0.5603602463393471]"
16425,14.823547418362573,824668.6475911732,"[0.004909482707795179, 0.11926277581028163, 0.8758277414819231]"
23081,108.0839996841254,883793.7651185094,"[0.023935245584641683, 0.9183309209713396, 0.057733833444018785]"
49660,98.65279390757776,443952.8512567596,"[0.11549887159297187, 0.7113403616077224, 0.17316076679930584]"
3838,438.2788469527847,577260.5469335855,"[0.5949229806258762, 0.03654899556029719, 0.36852802381382666]"
12843,665.3706792585604,233323.1353789332,"[0.04926192169937528, 0.47559703071635356, 0.4751410475842713]"
570,116.66408397985812,318189.97360828373,"[0.008147377147426978, 0.6807927008232385, 0.3110599220293346]"
39971,168.4919448237921,855008.5770044111,"[0.08985789411415954, 0.773208771528902, 0.1369333343569385]"
2091,217.3670237305549,211590.91238665543,"[0.2599477871441434, 0.5563371679496907, 0.18371504490616583]"
8310,717.5402100305201,102785.80902100734,"[0.43893389744605743, 0.5540025482350537, 0.007063554318888916]"
46208,586.6017366983641,293167.39495233743,"[0.3020617864535488, 0.6641204587194112, 0.03381775482703997]"
18757,347.9962004556028,294408.07538752607,"[0.10566166909843926, 0.7702678200618462, 0.12407051083971453]"
22658,650.1665441293527,190053.95935461228,"[0.021231372975795564, 0.5025095704084919, 0.4762590566157125]"
34286,958.8487893031858,109643.36846928092,"[0.17752665155208397, 0.6631814552544397, 0.1592918931934762]"
36200,102.95971510600305,633332.9156971476,"[0.48826815541082824, 0.2728625611135873, 0.23886928347558453]"
8498,993.890336382029,572002.3322441435,"[0.6092471190349579, 0.054696300728835814, 0.33605658023620627]"
24423,243.6946609141469,523600.5140035295,"[0.8180071125954811, 0.016571755356237138, 0.1654211320482819]"
41079,605.8131324588227,801379.033676724,"[0.16574806566053515, 0.7251030892560819, 0.10914884508338302]"
5595,310.7635602184508,997973.0440001471,"[0.06201284389988941, 0.493526434686415, 0.44446072141369564]"
32252,383.550190558965,453166.2519133692,"[0.06713947118517408, 0.8233214954600994, 0.10953903335472649]"
18825,955.5197631183212,217249.99353323824,"[0.15540810733164748, 0.6291583773210865, 0.21543351534726612]"
18059,546.8417320332325,578333.3794139498,"[0.23941784417990422, 0.7059933610282173, 0.05458879479187849]"
38695,645.9176619433277,946641.7581901842,"[0.5974515666632793, 0.04338796797733017, 0.3591604653593906]"
18401,270.5524938155629,283598.293064886,"[0.04343317964821121, 0.2325652041078267, 0.7240016162439621]"
36040,492.16511557437485,703562.2422734584,"[0.3590972511867476, 0.4715811311881409, 0.1693216176251115]"
16892,766.6933409793298,145150.14826289818,"[0.0038288358634880814, 0.012156353508954417, 0.9840148106275575]"
46390,339.63399235640765,103334.53119848797,"[0.5557700802497347, 0.2635752699991618, 0.18065464975110354]"
11787,315.6282101216151,824208.3754803753,"[0.6809650685114647, 0.11139070583028639, 0.20764422565824892]"
45318,633.7508720522753,626586.0872697522,"[0.7936729065142253, 0.04888219494445672, 0.15744489854131805]"
47818,221.3355608126782,530193.9716800321,"[0.2333813794288046, 0.6008446252367744, 0.16577399533442103]"
9581,774.6896716221736,377792.0044959852,"[0.19013038412486105, 0.6557406522279838, 0.15412896364715517]"
28432,88.58942234996493,441997.4570306481,"[0.5660043565384411, 0.23778250844598536, 0.19621313501557347]"
31769,910.9273858185708,176644.30709159406,"[0.10075804343522513, 0.38762734849804914, 0.5116146080667257]"
4377,984.6206215715018,725935.2143932047,"[0.0796199881823478, 0.539641214854526, 0.3807387969631262]"
41005,646.9532947925818,636420.857402947,"[0.022530497804759193, 0.819591184977448, 0.15787831721779286]"
20747,270.9054016077167,693555.796854003,"[0.552990877428041, 0.15043023250332, 0.29657889006863897]"
15225,769.6267074384705,603946.521860147,"[0.1196234176002894, 0.5185888910785122, 0.36178769132119853]"
1032,572.8629384736798,199433.6882985498,"[0.429515438768936, 0.06110486790184725, 0.5093796933292167]"
30730,50.69735485893168,230586.6808133665,"[0.8050968631909734, 0.1819448727528604, 0.01295826405616628]"
15862,895.4152979441143,569387.4615465531,"[0.7171909237356012, 0.06899689903728697, 0.2138121772271118]"
16172,106.75546913665607,284366.27979408135,"[0.36132045488572256, 0.36722734233918675, 0.27145220277509063]"
14354,633.3574340243761,263913.742817726,"[0.21901241511276248, 0.2560122130697174, 0.5249753718175201]"
13661,413.9342411641384,338530.8002185415,"[0.29375919567213543, 0.0284664174050601, 0.6777743869228045]"
26181,731.699073712744,638495.3420031993,"[0.7992229602773441, 0.07210092530289144, 0.12867611441976448]"
35846,24.51100403476648,439217.1160600972,"[0.07741259701441255, 0.11581083743875369, 0.8067765655468339]"
17145,558.5097762240389,269341.29295606015,"[0.04714235762593046, 0.09051707928351962, 0.8623405630905498]"
8777,219.07861577832912,954073.6200458482,"[0.26669062168107555, 0.07633292723190226, 0.6569764510870222]"
1961,588.5142595150022,211282.78742497545,"[0.005128378719022809, 0.9757583575756615, 0.01911326370531568]"
6569,244.4338429301661,990460.98491596,"[0.3956174015682366, 0.14731277826866296, 0.4570698201631003]"
3636,571.6385530615523,817973.8253376536,"[0.1450988738356281, 0.6881009868802698, 0.16680013928410228]"
27692,984.3220293410748,580254.2364128092,"[0.6262701322897646, 0.22935579017741642, 0.1443740775328188]"
23995,485.54719881824417,911412.2926795305,"[0.3766028218752892, 0.42161790607851307, 0.20177927204619778]"
2491,369.1512152054241,945343.5292537377,"[0.7885078597499057, 0.13894875508998072, 0.07254338516011365]"
14206,439.7872868254946,493284.3430517741,"[0.012271735041348545, 0.2664000215790279, 0.7213282433796235]"
44848,466.8267650254172,274005.10012399446,"[0.5376626643506887, 0.010322305758430919, 0.45201502989088055]"
41818,345.78770379701245,929925.63887969,"[0.38659924997090234, 0.22670098021111768, 0.38669976981798015]"
2347,370.3116463050096,318300.1090374905,"[0.10651656366946523, 0.49910239475787044, 0.3943810415726643]"
9923,993.2841355322744,847592.8051598624,"[0.8650468048011742, 0.02360356840556243, 0.11134962679326328]"
44068,329.6723602459916,888578.6424423376,"[0.6428020521749741, 0.22940214802340855, 0.12779579980161732]"
12943,164.943714611257,974041.3750258064,"[0.44511039436574107, 0.3001203142610065, 0.25476929137325227]"
20790,809.8923252352984,596811.1124462399,"[0.5595813179694246, 0.18747945288658036, 0.2529392291439952]"
19996,602.7586776338691,394695.0600305744,"[0.23424316980343493, 0.3434779059710894, 0.4222789242254756]"
8370,275.3401121977539,147367.63870275844,"[0.09113856980912068, 0.1494248057728423, 0.759436624418037]"
4248,800.9461998878792,337495.9552994023,"[0.4905601039138802, 0.03912545954560343, 0.47031443654051636]"
17698,388.4980090165,606939.1461090342,"[0.5663356647452734, 0.3897790399259862, 0.04388529532874037]"
45993,981.6597721616548,328158.0663464888,"[0.050392326224413905, 0.7659613654308725, 0.18364630834471368]"
20767,727.050529472212,870764.8409132357,"[0.4535401349681343, 0.3813267194499787, 0.16513314558188694]"
43016,396.475339566471,623664.1960834544,"[0.2321407060767874, 0.502865763753424, 0.2649935301697886]"
47889,950.134055088346,692739.611554842,"[0.7592478297617173, 0.10634499460940572, 0.13440717562887688]"
11465,110.45283395743608,367806.8195116712,"[0.11927559052349025, 0.8317021148921468, 0.049022294584363045]"
36691,775.6972865554563,906463.3414162652,"[0.7137424587277954, 0.2764518132846095, 0.009805727987595181]"
49729,56.03025228309091,886339.9395717592,"[0.9115725248638428, 0.044963725259700146, 0.043463749876457076]"
9102,623.5370026418544,370139.4218791236,"[0.5843706390702793, 0.015917553549536452, 0.39971180738018425]"
3715,941.2605005373196,321256.4797109858,"[0.42671278731905404, 0.14340827125547298, 0.42987894142547295]"
49371,264.5711623149264,189751.4673794126,"[0.059815940143685326, 0.6107483356134972, 0.32943572424281753]"
31612,468.7162251423754,961947.8510528506,"[0.025419465191659857, 0.29844660451339106, 0.6761339302949492]"
130,721.7165907153925,181671.91091853945,"[0.11633873347845541, 0.3040094040309865, 0.5796518624905581]"
35222,426.8697871680326,411128.9338688862,"[0.45715742450015434, 0.18478225983983335, 0.3580603156600123]"
30541,152.05623545108398,462781.6824998326,"[0.5047377744650968, 0.0874196066542067, 0.4078426188806965]"
48494,129.61302102883494,861439.3398098089,"[0.21607788230244582, 0.35352961491602075, 0.43039250278153346]"
26849,990.5362597137884,358211.2656077824,"[0.20955714452605165, 0.09089492800184777, 0.6995479274721005]"
22386,274.4754736314183,477364.1697776677,"[0.6709589138323266, 0.1252632652031708, 0.2037778209645026]"
44776,107.3777014438862,484141.8813407319,"[0.4806752528206146, 0.26901426011831003, 0.2503104870610754]"
8405,851.3993709622212,576981.0678520086,"[0.016822901876000405, 0.5359997369756544, 0.44717736114834533]"
30388,76.13342515829137,726620.0758430172,"[0.2546091162584126, 0.2536295190491648, 0.49176136469242265]"
22353,855.5493688971809,628679.2238304281,"[0.3834276494274091, 0.5903550625563833, 0.02621728801620765]"
46231,557.6056893987503,159382.9728126149,"[0.3830634182712248, 0.25929750949620767, 0.35763907223256747]"
9292,189.57835453309536,505545.8612979098,"[0.33730581574407076, 0.6621387228359626, 0.0005554614199666964]"
9347,272.2993897861079,105178.86081270968,"[0.14838897500561055, 0.7376320868134858, 0.11397893818090364]"
37283,603.79845807416,384164.6482619795,"[0.1782740266128252, 0.5533189955385748, 0.2684069778485999]"
46083,201.545959100936,804627.3842432874,"[0.6836479043877217, 0.2948270605207514, 0.0215250350915269]"
45045,42.74605768206166,240870.21598855493,"[0.4488737000330007, 0.20001246571868375, 0.35111383424831566]"
40440,569.6589304229068,552798.3540188343,"[0.4693358090452649, 0.3683702087843073, 0.16229398217042768]"
507,541.2726477422173,146574.64359659277,"[0.20722499312321763, 0.30250351267551767, 0.4902714942012647]"
18502,150.27768901033073,625855.5356642775,"[0.709399666209774, 0.06408305942983895, 0.22651727436038696]"
36642,922.489344386632,376896.64496801805,"[0.5132639147478512, 0.05915751111706123, 0.4275785741350877]"
2673,937.7891470951027,655359.7238655966,"[0.48002550667199023, 0.3341580237593284, 0.18581646956868134]"
4885,628.0762769374949,683582.7423996257,"[0.12323296314360951, 0.48193146631281814, 0.3948355705435723]"
38401,306.3528891370809,913741.6134239136,"[0.01643684243823044, 0.5476282903423371, 0.4359348672194325]"
1766,187.90406810811191,102411.84911858525,"[0.04410290656582142, 0.0018041329143350792, 0.9540929605198435]"
33895,28.09584044286815,927284.5198433902,"[0.1869299484564188, 0.5974347718891556, 0.21563527965442547]"
23005,39.525522115201625,423104.198982438,"[0.04944366243461404, 0.3079606254009563, 0.6425957121644298]"
38920,600.9089898708777,270655.882781549,"[0.22392190160393807, 0.5151954657759873, 0.26088263262007466]"
11575,893.5132998208721,508972.9317422753,"[0.6535166939244144, 0.12013443037580104, 0.22634887569978465]"
34113,751.1403972971901,613792.7777507162,"[0.6736040643904779, 0.3023699313825044, 0.024026004227017752]"
6974,717.5347735262625,357864.7871514483,"[0.5572163480201089, 0.15960875471140631, 0.2831748972684848]"
4981,202.7647816191016,118875.36005539865,"[0.06855332931147633, 0.5248238995763339, 0.40662277111218986]"
12850,950.5245472236574,856227.7615685981,"[0.39472763853129894, 0.31069691767744634, 0.29457544379125483]"
9560,945.1007946639328,841942.3969378129,"[0.0859060738773456, 0.38169618999171046, 0.532397736130944]"
36002,974.1548882899028,459323.0033710782,"[0.10440576661768615, 0.5922844060433168, 0.303309827338997]"
14957,152.6933133913897,511207.7561006229,"[0.25483339249933756, 0.2736199682916226, 0.47154663920903983]"
16762,632.2625174249741,256891.28852383068,"[0.1202239719676434, 0.8212142039390746, 0.05856182409328209]"
43035,342.3203689901416,297438.0488864728,"[0.03438596682267781, 0.584768721251397, 0.3808453119259251]"
34372,357.98731474125344,319512.38856041984,"[0.4116503923033024, 0.008670581757639432, 0.5796790259390581]"
6113,876.5212403965998,435004.7131965872,"[0.12642772798408564, 0.6226063158390696, 0.25096595617684486]"
7954,587.76168561576,100445.78490415787,"[0.5002288322629835, 0.35049330095344333, 0.14927786678357322]"
23629,861.1220772652827,328331.074000593,"[0.24760877416367344, 0.2609392136032436, 0.491452012233083]"
25770,853.4003421599188,625556.1419147309,"[0.5259663165147636, 0.360958031582105, 0.11307565190313151]"
39481,135.87219915998242,828356.5557584738,"[0.8399680437114829, 0.1535831603491726, 0.0064487959393444505]"
39443,996.2849937951732,698223.2895133866,"[0.5662915406083296, 0.23987456119852393, 0.19383389819314636]"
24438,924.1999747840476,603790.0909289962,"[0.3288574804017847, 0.5859200363096446, 0.08522248328857068]"
7850,368.3232960754706,622974.8842811331,"[0.5806253610311386, 0.40719609528541895, 0.01217854368344247]"
49662,965.0854581674612,218635.48014370352,"[0.24141191986122376, 0.6832878222900605, 0.07530025784871593]"
30374,889.2267157703321,224950.71509286945,"[0.48525363691968365, 0.05510336658656606, 0.4596429964937503]"
49153,404.1383064139273,646615.9055342381,"[0.14963546091134894, 0.6637131559012986, 0.18665138318735247]"
49061,305.7776388344838,109113.76372849588,"[0.3952930935974023, 0.22070882034203873, 0.383998086060559]"
15663,914.8392002271528,409116.4274082396,"[0.27245081969427665, 0.31050535116361666, 0.41704382914210664]"
26365,38.184196402722606,130418.51170141868,"[0.8965441246228909, 0.09390332915795198, 0.00955254621915714]"
4021,628.5633202479648,857810.0345280404,"[0.04409105312651193, 0.5648454520538808, 0.3910634948196074]"
47725,950.5205753135792,404307.0202086678,"[0.016040057231496548, 0.46397176762938314, 0.5199881751391203]"
4376,230.93029389834984,333884.7686588268,"[0.14039484212501852, 0.5345251432254208, 0.32508001464956077]"
16457,955.8243653079526,968864.0874544056,"[0.15071756481094858, 0.06467510626532684, 0.7846073289237246]"
1370,640.4785073703152,184956.5772059149,"[0.15641828844307998, 0.22572155810185776, 0.6178601534550622]"
21309,134.38847871796423,503886.61781347735,"[0.158870646445601, 0.08728264390732603, 0.753846709647073]"
33134,151.6610074602854,913645.6295961344,"[0.3610241448114664, 0.37233237675654357, 0.2666434784319901]"
32716,240.18552330956783,459262.4054551596,"[0.4281398214487151, 0.23272568335912555, 0.3391344951921593]"
24923,262.30820404996564,973457.8569971158,"[0.04558322268524968, 0.9066199115767476, 0.04779686573800268]"
19056,571.0314522613426,186705.7485619708,"[0.15298753968248205, 0.4323634933070444, 0.4146489670104737]"
31195,500.496293295806,242789.19773336052,"[0.5288806382404464, 0.39953578711166854, 0.07158357464788516]"
45980,694.3377388194822,194160.4158804668,"[0.2271340724393232, 0.3678618691359776, 0.4050040584246991]"
38316,993.8537237741554,229886.0724513303,"[0.5641040231273985, 0.09612139383876554, 0.33977458303383584]"
21639,392.5328790631423,539673.855223925,"[0.8641422020264786, 0.05704973440162567, 0.07880806357189578]"
30194,84.2299999520154,531828.7424468661,"[0.06309662060648899, 0.03250165963092164, 0.9044017197625893]"
49567,452.901995238838,520037.7462266825,"[0.1946417264188865, 0.1705012383635409, 0.6348570352175725]"
1358,679.0515302118613,142535.48203430985,"[0.44073202979693965, 0.35877204148717845, 0.20049592871588187]"
16090,578.2868185121721,461279.3123141922,"[0.45085337001512804, 0.44070812378887353, 0.10843850619599836]"
10909,709.0772763999278,265628.499897508,"[0.1306680552908327, 0.39572957212776566, 0.47360237258140175]"
35703,222.82459551745268,645893.6856801636,"[0.30865619659897264, 0.46678947982865887, 0.22455432357236854]"
8422,845.8374245115236,659066.5428405885,"[0.009907403753302598, 0.7308827516832204, 0.25920984456347707]"
37336,918.4457088138622,695886.3535797182,"[0.5084034554721816, 0.06007260726060528, 0.4315239372672131]"
14336,918.1691155274164,103158.97076712947,"[0.3037710589650218, 0.4259496582439795, 0.27027928279099867]"
17012,58.5480033016413,677047.3463824444,"[0.21832773251335932, 0.3047561665107225, 0.47691610097591813]"
14561,423.9413403422552,856032.6489228494,"[0.4246526586177869, 0.2717035880466289, 0.30364375333558424]"
14581,630.4822784594345,175370.95174153813,"[0.0996525187173588, 0.6284902677249916, 0.2718572135576496]"
41711,691.9151932874429,666199.5911589492,"[0.642770741868596, 0.24534141631869938, 0.11188784181270461]"
24721,531.2221874744337,185568.1449852922,"[0.33962199191140896, 0.4227080046965136, 0.23767000339207742]"
10582,469.9391324451936,458171.3587047832,"[0.38078843891231684, 0.3641348754537452, 0.2550766856339381]"
32295,446.43741880569286,939185.7988585468,"[0.4539071079947848, 0.3368276229018785, 0.20926526910333665]"
5310,515.9196093435448,748371.3163497347,"[0.464198198114016, 0.47274496823799705, 0.06305683364798681]"
2156,936.9572367940464,567947.0281202914,"[0.01342356558745668, 0.5962925883477495, 0.3902838460647938]"
43150,270.71059630467033,420720.494435807,"[0.6502683309097576, 0.29667128927582354, 0.053060379814418815]"
34306,265.77231277818373,215672.9984163571,"[0.4181959361271316, 0.3329675477826793, 0.24883651609018925]"
8460,311.31800125389964,913252.3872745256,"[0.036992443147803436, 0.27269747265847916, 0.6903100841937174]"
29221,619.3714403290611,724347.3087075113,"[0.17815916609624963, 0.4838564072129577, 0.33798442669079254]"
38773,897.085441916693,751522.6658218006,"[0.17161893115505863, 0.2530466000139984, 0.5753344688309429]"
4226,891.8898376107833,950466.4593504742,"[0.3275257022050588, 0.14917399304814813, 0.5233003047467929]"
32394,772.8089868345451,225323.98771562648,"[0.04139335905161614, 0.6879964578356518, 0.27061018311273205]"
45783,313.92650927318545,109140.60763094608,"[0.17740290691061864, 0.14780631583240147, 0.6747907772569798]"
20678,636.1686313203952,229223.24420988007,"[0.5241197909900404, 0.07798217166984102, 0.3978980373401186]"
11828,77.93547260375374,589404.4579683517,"[0.35657970473053563, 0.35670859869577237, 0.2867116965736919]"
41580,154.29538987392627,383860.84053631895,"[0.28913725775259375, 0.6601293788763989, 0.05073336337100737]"
9253,113.36190859700385,997100.1638309936,"[0.2496193481070946, 0.2054835147133107, 0.5448971371795946]"
21505,283.84840502521234,279581.15743911883,"[0.5148953708660629, 0.46442669674139353, 0.020677932392543612]"
16263,157.27418077184973,644101.3633911376,"[0.6518628793815863, 0.25413343699901175, 0.09400368361940199]"
31741,740.0247196853052,878902.7269978825,"[0.21641447739542194, 0.24475734832508733, 0.5388281742794906]"
1682,169.5887292791496,275599.09030089586,"[0.37193464335072757, 0.6230908652399798, 0.00497449140929254]"
13394,595.7477464421339,615374.6096611097,"[0.0676533015583613, 0.6858307377600112, 0.24651596068162746]"
7107,791.9302246419012,444252.2049991412,"[0.42819719992020555, 0.4695303179381782, 0.10227248214161623]"
13135,369.8417837381227,707703.1367454948,"[0.3952423717239482, 0.3578934596846479, 0.2468641685914039]"
37116,564.2938571119644,407586.6885172098,"[0.08416213509109578, 0.6268032485618358, 0.2890346163470684]"
11834,274.72495851189547,108376.17827953237,"[0.059397175022126, 0.6845236825106492, 0.25607914246722474]"
10304,252.29873521019647,207809.1012829156,"[0.08695151689794264, 0.754931481345768, 0.15811700175628932]"
6261,858.0798846897876,534706.6889518092,"[0.6434353312227609, 0.014367832651555133, 0.34219683612568397]"
29916,888.667933536818,144072.59345277748,"[0.39637410661710537, 0.30117361326698566, 0.3024522801159088]"
45206,803.7675254190534,664006.2650834053,"[0.4758061763645011, 0.41723477084373345, 0.10695905279176543]"
16136,347.6919680325447,216924.45735540544,"[0.5434048238373734, 0.17229353702727382, 0.28430163913535283]"
4587,848.7517443486977,501397.8967664741,"[0.22586831877294167, 0.749657412955211, 0.024474268271847226]"
25014,359.98395416317567,438128.4451988255,"[0.19465665621011924, 0.7848375854113864, 0.020505758378494426]"
18258,134.0895230350812,438614.5357026413,"[0.010043144325062672, 0.048524354179482705, 0.9414325014954547]"
26197,634.8586109367848,147662.1298390443,"[0.058064026662565923, 0.07334666941826663, 0.8685893039191674]"
46285,964.1172566471572,200158.3507526443,"[0.6388581337773444, 0.14260620434501442, 0.21853566187764129]"
49781,734.1995659254441,507192.5012447365,"[0.28088417912030594, 0.6939586187962337, 0.025157202083460454]"
16852,207.6888289844688,338313.48471323325,"[0.31844079830782496, 0.5287523965032793, 0.15280680518889575]"
44507,320.94003610666755,176871.7490119089,"[0.14792160970967402, 0.09668290030467375, 0.7553954899856522]"
32208,621.1780964221998,324290.10164612264,"[0.22156492720280094, 0.5694488741130158, 0.20898619868418322]"
33612,694.2035926281854,293647.3075315533,"[0.15103343180469017, 0.5289362149807257, 0.3200303532145841]"
19478,451.3015684388413,684785.1368565725,"[0.45612649686176193, 0.05009892158296411, 0.49377458155527404]"
1881,122.45752185912382,533674.1582688581,"[0.3749908167408269, 0.2036942624846985, 0.4213149207744745]"
37672,831.5491609134522,738409.8662520973,"[0.032270357875922646, 0.3493772685479077, 0.6183523735761696]"
19136,643.1649024139939,948643.7934269552,"[0.015082110036994004, 0.6983412977694312, 0.28657659219357495]"
39960,841.7849843650142,531932.0631038581,"[0.33570666689029083, 0.3880505953140026, 0.2762427377957067]"
23561,495.4343293851071,793326.415157551,"[0.27848279413753335, 0.14070118992068487, 0.5808160159417817]"
13016,961.3833942548674,733804.5362906425,"[0.23646593031289284, 0.16264768177091274, 0.6008863879161943]"
1528,502.3391996910777,224663.68982230063,"[0.3601101489150554, 0.4405651599310359, 0.19932469115390877]"
42307,719.9283902581778,563421.3129081798,"[0.06065150497186977, 0.725617005186664, 0.21373148984146617]"
5482,288.9764420739496,489430.104028347,"[0.7381864831947983, 0.10529719386313038, 0.1565163229420713]"
22764,324.90641753746416,939987.2789371297,"[0.5708032947822231, 0.1254748744392277, 0.3037218307785492]"
46331,753.7969234841066,368576.85423572187,"[0.16616630573217608, 0.7111415444691984, 0.12269214979862561]"
31465,137.9233066522316,154198.9961864082,"[0.6546155092422095, 0.184446697337045, 0.16093779342074546]"
23588,69.44863538033513,290136.3495100107,"[0.7875221978291694, 0.11533669569410965, 0.09714110647672078]"
30188,143.6142108623722,652148.8347811335,"[0.2119701104242049, 0.49301972169847263, 0.2950101678773223]"
21955,12.680412511366349,546219.1758626316,"[0.26570697047310793, 0.1378843494660624, 0.5964086800608296]"
1279,700.6180451507804,675672.5649434304,"[0.8115392959747135, 0.06963144176837138, 0.11882926225691515]"
43990,175.3461943635639,545818.5216958941,"[0.005828624317541474, 0.6903774489360939, 0.30379392674636474]"
22855,845.6338177469328,911579.301806444,"[0.8453530260449043, 0.07070207684019607, 0.08394489711489957]"
23829,45.852273468011866,149874.72900705642,"[0.4897634774201109, 0.16917560031159853, 0.3410609222682905]"
28028,725.9160150172206,807091.9487645507,"[0.5877992152237712, 0.024065947485853327, 0.3881348372903755]"
14755,605.8343330805542,304548.42835282383,"[0.837419073235104, 0.027658094028655895, 0.13492283273624012]"
43840,908.869782879946,256886.7903206221,"[0.6005890892572119, 0.1852851866927819, 0.21412572405000635]"
31306,748.9775317482968,829393.6981013529,"[0.6848780091005449, 0.3109126263413994, 0.0042093645580556765]"
20008,769.6983216152286,764984.8406404617,"[0.2368701541464602, 0.04633018132708824, 0.7167996645264516]"
45928,525.1733983960529,501844.5514324816,"[0.9016782354846462, 0.041392844422849455, 0.0569289200925044]"
23727,295.1926804114845,321140.639168775,"[0.009746302249712787, 0.36086274810472124, 0.629390949645566]"
48674,247.8449053257032,487880.5984896795,"[0.18996738553102616, 0.12793215216115905, 0.6821004623078148]"
48217,313.03483005767623,265071.5763199039,"[0.19784831911093584, 0.384629551548363, 0.41752212934070126]"
34239,851.898876099527,470710.62709751737,"[0.32150660454187086, 0.4070951856932964, 0.27139820976483287]"
25721,817.5232838284539,707206.7523803975,"[0.007293624578243592, 0.3117364113661604, 0.6809699640555961]"
15550,289.02302169670065,308575.87336764124,"[0.07878484186191925, 0.3339535614483547, 0.5872615966897261]"
37478,219.21324582116767,588520.0931916538,"[0.36088064266255354, 0.4484350309443924, 0.190684326393054]"
27374,297.2401040636876,872756.3251416975,"[0.06149099037451542, 0.26782342247674057, 0.6706855871487442]"
26994,98.16526653068944,220842.8816417892,"[0.7125167947205361, 0.27345714505009294, 0.014026060229370939]"
4800,630.5355707546585,418779.7421064019,"[0.6805232579735206, 0.09565334309844688, 0.22382339892803255]"
39495,880.3205449616925,978402.851260115,"[0.49414216810926487, 0.3456002670148953, 0.16025756487584006]"
42095,246.12615753338528,536047.1299042595,"[0.5635506585667192, 0.3841405388678651, 0.05230880256541555]"
36255,817.0510940514044,352151.25437571097,"[0.4275140135899202, 0.27443470982070983, 0.2980512765893698]"
12813,681.2955223333296,868587.7694172714,"[0.6689459181833686, 0.23325546194251426, 0.09779861987411724]"
21434,167.4847609822877,154572.4653491667,"[0.5678183806593109, 0.28422648168214826, 0.14795513765854096]"
19026,576.4102780266608,557608.9374662428,"[0.16555352221045389, 0.3025493178818188, 0.5318971599077272]"
31459,946.888528441911,213516.22647623444,"[0.2392895549668352, 0.4258114014230059, 0.33489904361015876]"
46782,237.76584804675755,340400.8976393512,"[0.070095540233198, 0.8009037712499896, 0.12900068851681237]"
1395,164.3642073630156,989454.4865347492,"[0.1772318570741607, 0.20817391305270352, 0.6145942298731358]"
23410,833.9259517975236,875467.7671821644,"[0.006958784017197695, 0.09863558720446677, 0.8944056287783355]"
12358,692.2932947380779,741974.8902005847,"[0.21551578524010903, 0.1796787122989073, 0.6048055024609836]"
39474,38.889806209522845,222672.22579852765,"[0.11779404556289777, 0.0852916736090819, 0.7969142808280203]"
14035,772.0542788746484,179790.35898611488,"[0.023808318304506873, 0.2052086914193639, 0.7709829902761293]"
29612,227.63702802246573,978198.1006927456,"[0.24568998679569934, 0.5699383280126367, 0.18437168519166397]"
3451,134.5344810904516,239587.50671978563,"[0.5980457859632575, 0.004790524289649941, 0.39716368974709243]"
594,901.8537071141632,245774.0617696163,"[0.4829178657197001, 0.3893308871395384, 0.12775124714076144]"
35950,689.4765694527213,879958.6522584902,"[0.28603353072768806, 0.11684276413005114, 0.5971237051422608]"
10951,115.39463240136357,185686.8535160384,"[0.2685409561548064, 0.6100856933776372, 0.12137335046755648]"
35593,311.84022909970463,130211.87620255948,"[0.5503856056482747, 0.2381068712012941, 0.21150752315043114]"
11902,853.700727474157,724526.1991745892,"[0.6099439433245886, 0.15744060691557538, 0.23261544975983606]"
5499,920.5513231486862,578104.2967906427,"[0.7759266577545726, 0.03177276654598283, 0.19230057569944453]"
1497,864.1500690559609,539124.0425237137,"[0.34771510578364606, 0.22358586157185034, 0.4286990326445036]"
41949,779.7443931615697,616061.9826104548,"[0.28341799840734705, 0.04880921833960089, 0.6677727832530521]"
41127,855.2711033737997,560838.5937581158,"[0.46901991074283816, 0.27653200773823566, 0.2544480815189262]"
27972,822.465683681002,463825.8948173678,"[0.828305154875894, 0.07924194027851787, 0.09245290484558812]"
45826,325.73606761053463,848691.6684820806,"[0.4993251182961868, 0.24033408477963777, 0.2603407969241754]"
48757,419.0839587839124,345466.339043297,"[0.4667038186811294, 0.38606400057192003, 0.14723218074695038]"
29394,551.4156171031585,304193.5849866774,"[0.5936220568952135, 0.05798620050826894, 0.3483917425965176]"
14343,80.27661317358942,879673.9802657897,"[0.20749587626975008, 0.21787625652114978, 0.5746278672091002]"
21493,974.6354565440736,440060.6727035837,"[0.2417936430419862, 0.0335462405688872, 0.7246601163891265]"
21223,233.5841428095292,376323.45925608,"[0.43958154357156676, 0.31667245516572845, 0.2437460012627047]"
42332,149.7568451600505,649770.5776038851,"[0.12333532088089987, 0.29725389971899036, 0.5794107794001097]"
16521,199.1643236866208,986192.8007846212,"[0.0865005023280561, 0.7793759658887904, 0.13412353178315334]"
9597,263.03378551224586,666003.5655642617,"[0.410901907647759, 0.3328206619595913, 0.2562774303926498]"
40461,440.8228094631712,861340.9841808542,"[0.621787655602534, 0.2696226302214641, 0.10858971417600198]"
42884,994.9746524026874,856549.8241164209,"[0.28910724777208213, 0.6057938952055215, 0.10509885702239632]"
46155,828.9835969533806,360124.8329903105,"[0.08668237777177895, 0.24802411171862196, 0.6652935105095991]"
20799,891.4090950486657,339251.1907210483,"[0.4818545749115162, 0.20799160375891448, 0.3101538213295692]"
29827,249.09813449735805,109530.96729298469,"[0.2030346085764249, 0.5354292127298013, 0.26153617869377366]"
17915,25.277627220868595,196740.50100721928,"[0.28819061815841923, 0.6423999361948232, 0.06940944564675752]"
2174,177.97579730104923,991918.3199006448,"[0.13989346433459185, 0.4046888099345991, 0.45541772573080913]"
12945,874.7409545726522,733304.8463273392,"[0.035475536829962295, 0.50753470459402, 0.4569897585760177]"
33004,332.4519662551472,464995.89859950857,"[0.34745676860264324, 0.25073330215747186, 0.40180992923988496]"
5213,385.3118084398176,632403.947527204,"[0.06294103968763252, 0.1574866916919482, 0.7795722686204192]"
40969,380.6908614268627,581729.1344339699,"[0.20897638682634664, 0.688991842461984, 0.10203177071166926]"
1645,300.19589152283163,820739.959582954,"[0.3984047424278201, 0.5269608003301725, 0.07463445724200747]"
19364,620.3664890671521,753657.0269556326,"[0.6018103386791732, 0.04442379808486323, 0.35376586323596354]"
467,826.3761826682219,437613.41962678905,"[0.06487287824644236, 0.7674311569353915, 0.16769596481816615]"
3268,189.45560379003817,298803.1448140789,"[0.0559162236313841, 0.17809687686621314, 0.7659868995024027]"
21811,802.7701639771341,821133.8034593038,"[0.7922560690132608, 0.19915275387773873, 0.008591177109000415]"
6494,286.31783765047027,906301.8264321412,"[0.45354801886110147, 0.5078210977436411, 0.03863088339525742]"
25780,717.1071805337193,552264.4861160736,"[0.3277504017899057, 0.32299174065334535, 0.34925785755674893]"
7095,372.137426923744,912345.7424626437,"[0.5021975116026647, 0.030770190954950212, 0.4670322974423852]"
5167,501.8905584071043,882621.733104196,"[0.662066536590083, 0.14555658643208835, 0.19237687697782876]"
10137,667.8624612035879,736486.9281115867,"[0.10450714631653561, 0.6966644866901542, 0.19882836699331013]"
27358,51.56342939826433,381949.01053127286,"[0.05849586017647771, 0.32857755483816187, 0.6129265849853605]"
3396,693.6827639021188,786093.8572015457,"[0.6818963075875712, 0.24373255920233886, 0.07437113321008998]"
37914,201.95935450524985,783838.3186248291,"[0.5105617830551927, 0.2101966583867864, 0.2792415585580208]"
13271,991.5018490805396,649033.5322131134,"[0.630966019228594, 0.19728855207774318, 0.1717454286936627]"
15075,467.95201266525135,124480.21161009176,"[0.20185339999892227, 0.12865432025539722, 0.6694922797456805]"
10548,95.95707045327912,716566.5660456294,"[0.43694834224074725, 0.05893586239024452, 0.5041157953690083]"
45022,366.1377148514858,293972.6015954549,"[0.2690634871066162, 0.67251228356504, 0.05842422932834384]"
43295,813.7750504082453,606016.8533798205,"[0.22537564550421876, 0.4153470434287322, 0.3592773110670492]"
40071,758.310328583777,309035.99759401253,"[0.32246366827065465, 0.39402893805079914, 0.2835073936785462]"
29361,984.0222417578764,358901.1580995416,"[0.0890866074148546, 0.3043910674735005, 0.6065223251116449]"
2522,227.2102997683964,667679.578500028,"[0.14880791221763687, 0.5038963833133828, 0.34729570446898034]"
33527,260.9903749242661,968333.7557255328,"[0.5403007571937849, 0.3104447400783025, 0.14925450272791257]"
35615,706.3556262813685,233397.5232026718,"[0.4738372092389015, 0.23254762864965553, 0.293615162111443]"
40760,23.67507696452622,721838.9860719688,"[0.3415999525462004, 0.49064922136333305, 0.16775082609046668]"
21712,272.8410891868002,542992.8659797453,"[0.4077549751755501, 0.23315665969788973, 0.3590883651265604]"
17856,990.8651424640384,805566.8554981273,"[0.24806404514788982, 0.3799438333812059, 0.37199212147090427]"
1778,669.1741950597996,815465.5455276957,"[0.806640426400518, 0.11137421828760356, 0.08198535531187831]"
11018,867.0071948102346,113590.80894893954,"[0.4875259237052953, 0.24263996194773121, 0.2698341143469735]"
14674,550.0321688485063,328430.3359860614,"[0.12307211081491212, 0.5726841625124475, 0.30424372667264044]"
44992,990.097241518461,560648.4106897125,"[0.057212193577117605, 0.2656436092553652, 0.6771441971675172]"
11484,78.67683673472777,457937.8590240465,"[0.6186805299534369, 0.06759753734568844, 0.3137219327008747]"
8656,603.1455688325991,114772.96593227022,"[0.020883824072696365, 0.4208377528581173, 0.5582784230691863]"
37175,136.53733616419856,853489.3700263302,"[0.9104141152636251, 0.0176295269681744, 0.07195635776820038]"
1806,340.60173039558765,681485.1947872994,"[0.5993843193061924, 0.1934770332928859, 0.20713864740092156]"
3914,995.9976678106764,556576.4266549896,"[0.6210780873135965, 0.2848527778797253, 0.09406913480667821]"
16271,914.9376432567838,776067.12654993,"[0.213721471125887, 0.39620884726171995, 0.39006968161239297]"
8672,492.08961873586935,349583.27681794035,"[0.3103621842878751, 0.15745119297055976, 0.5321866227415653]"
21243,81.99592176799516,565075.5984267739,"[0.698258031236117, 0.08535364603751577, 0.21638832272636735]"
7367,747.7768264143491,959566.2849099296,"[0.44146825665502276, 0.37369880499008445, 0.18483293835489303]"
8430,865.9281579413941,140009.51297291106,"[0.3405406567771306, 0.44836876740909776, 0.21109057581377172]"
32109,474.4097092143912,201396.22762584416,"[0.47594125549523425, 0.1497303681219988, 0.37432837638276695]"
22780,673.009840012652,655008.4838574906,"[0.5628449183847269, 0.03855756375330726, 0.3985975178619658]"
43842,901.0643373283932,926504.2388252215,"[0.08010245072316739, 0.5418988800008333, 0.3779986692759994]"
5271,246.0117962801433,633561.0196925633,"[0.18853643318074884, 0.5234292894279046, 0.28803427739134657]"
32213,141.1165452786419,873221.5494131504,"[0.9038850156092281, 0.03353469983987031, 0.06258028455090163]"
13261,551.8771960865008,240191.1367917367,"[0.3871968136998084, 0.38307481904423357, 0.22972836725595797]"
14591,621.331428704402,506985.7028282326,"[0.17883893480217206, 0.622574961835887, 0.19858610336194094]"
10201,608.3259824056361,252275.2931309321,"[0.23171064039584727, 0.6049500627239232, 0.16333929688022952]"
47366,812.654802104003,501035.33743660734,"[0.34870022962257063, 0.4609620521852583, 0.1903377181921709]"
21366,105.65837008688568,698044.149509084,"[0.6203245514467898, 0.06101407904374646, 0.3186613695094637]"
18888,337.16066451502564,612228.2712093513,"[0.11968634220378127, 0.18777604236326892, 0.6925376154329499]"
19432,913.2428583800548,376102.5495481907,"[0.26731714945018026, 0.4093627084269958, 0.32332014212282384]"
7389,67.7465445788511,838449.1122920251,"[0.25480851082195854, 0.6860144173739432, 0.05917707180409838]"
12754,273.2575188040771,135459.35500247672,"[0.3196606381082478, 0.19876574240189676, 0.48157361948985544]"
11981,406.684723075277,895578.7105716858,"[0.38307085186328493, 0.4050285959061531, 0.21190055223056203]"
14301,677.6977775248855,922287.100230358,"[0.5914963040296314, 0.3298366593676729, 0.07866703660269589]"
48447,759.876246999686,335449.34713463555,"[0.39794750429291925, 0.19885942180514374, 0.403193073901937]"
44991,780.597181868019,702183.6258844932,"[0.35475039709661993, 0.2259298089040994, 0.41931979399928077]"
17823,282.2805883502191,406071.0493690643,"[0.2943831293835843, 0.47204063539057894, 0.23357623522583693]"
8368,423.3879212439967,164362.83683951446,"[0.34312727852393815, 0.552212684388399, 0.10466003708766276]"
12405,97.62346018291974,441045.7586014323,"[0.00898391746238803, 0.7170686671674088, 0.2739474153702033]"
24435,896.1756626144235,957527.4376346013,"[0.028727385063115275, 0.8126531646528239, 0.15861945028406063]"
28146,338.0136285118069,309438.8953957783,"[0.8171987332176189, 0.10251826946907383, 0.08028299731330728]"
33064,12.980981119748982,759022.9077592054,"[0.8655362911654362, 0.08736655301232593, 0.047097155822237856]"
34879,564.5682355268783,902942.682685613,"[0.17623599931715464, 0.30287572394515366, 0.5208882767376917]"
15880,266.90256365758484,339606.2607341693,"[0.0428420065915796, 0.36789709123393544, 0.589260902174485]"
22361,215.27986805560013,766856.4457168739,"[0.449411728703456, 0.237412132807183, 0.31317613848936093]"
3948,28.052423959112904,887240.1307511824,"[0.09108361653576731, 0.07527444285351455, 0.8336419406107182]"
5524,308.18808861583864,609035.3300915703,"[0.5488048709328966, 0.21132826731218213, 0.23986686175492136]"
49441,600.6998811498132,298685.5533648045,"[0.813976240962329, 0.12708520853577795, 0.05893855050189301]"
10993,361.5412653965724,834456.580875202,"[0.05703953078783253, 0.1951097832383487, 0.7478506859738188]"
17970,782.4639589173177,288256.5617006399,"[0.26908264453856967, 0.3788271647555236, 0.3520901907059067]"
12282,524.2571164066258,986062.2394162434,"[0.35413504884435015, 0.3893248953083142, 0.2565400558473356]"
13710,358.6457354300569,629087.970319009,"[0.3454131395381534, 0.4578504517253625, 0.1967364087364842]"
3297,128.688380863825,722175.4625953375,"[0.32275982736945685, 0.3089016956052556, 0.3683384770252875]"
10302,109.34759067312996,115598.22677828782,"[0.0683405224705916, 0.6278599821816234, 0.30379949534778494]"
46997,491.6812642871385,354809.2800572136,"[0.29087909527986855, 0.407576818963311, 0.3015440857568204]"
14974,837.735497396868,782761.7329160849,"[0.5910308038203522, 0.28545333550381063, 0.12351586067583722]"
25826,114.97631923680918,853387.1077530386,"[0.13162438442569974, 0.6675656395715935, 0.20080997600270686]"
17192,304.6528727089455,733210.9812382805,"[0.5191030744056643, 0.0913270953369686, 0.3895698302573672]"
8643,728.7626723041661,126331.52075114734,"[0.15826535542238124, 0.2677525440153881, 0.5739821005622308]"
49137,976.462364658981,117134.89867964534,"[0.4287614549883708, 0.06472461082391055, 0.5065139341877186]"
40370,384.64315109540735,614615.8836829779,"[0.1608671732701345, 0.016029471376307995, 0.8231033553535575]"
37955,834.7600394433572,580321.90833063,"[0.21263437625570572, 0.14707037993372396, 0.6402952438105705]"
19946,391.3967568683067,834608.1149530385,"[0.2410505330696753, 0.528936263418525, 0.23001320351179977]"
9109,165.2874969821282,946628.6041136008,"[0.10107168406934469, 0.7841663964815081, 0.11476191944914728]"
17498,482.3083730049591,747158.4317013577,"[0.34672984299113646, 0.398424360535612, 0.25484579647325145]"
12827,399.19998137949983,706462.3702921381,"[0.29944886433956636, 0.2876876530216256, 0.4128634826388081]"
30861,823.9376394718989,369219.7715388664,"[0.28071576208620463, 0.45392467940798975, 0.2653595585058056]"
12308,625.1283623741828,250205.63730775387,"[0.4369947856579079, 0.4690658667704038, 0.09393934757168822]"
1605,215.2900521515091,181322.86343327016,"[0.5068674496379096, 0.014341298633639131, 0.4787912517284511]"
46219,724.9773040769295,979532.9206151324,"[0.5062560400206779, 0.19669962176733272, 0.2970443382119892]"
36242,349.700506551304,651025.4606095678,"[0.33614613621614264, 0.1481667656131567, 0.5156870981707007]"
15160,405.2034456725606,218054.1931441074,"[0.003323564739266896, 0.07327976043198814, 0.923396674828745]"
16643,363.6153684456188,179912.60956918198,"[0.018471477166127872, 0.5947771699322222, 0.3867513529016499]"
15144,705.6484321066058,747808.0663046773,"[0.6899993749939484, 0.23805246257416132, 0.07194816243189031]"
2008,598.7426680511107,318624.5663884932,"[0.5913441643136393, 0.1325488939601923, 0.2761069417261684]"
12385,209.5585888257302,986176.5765701452,"[0.4194402799891431, 0.2086546062507942, 0.3719051137600626]"
36897,95.18030553781254,150123.329017738,"[0.037683916235582406, 0.7947554442144606, 0.16756063954995684]"
29828,889.8556873982258,461591.11613827787,"[0.2130020429607647, 0.7650490065580793, 0.021948950481156006]"
24964,741.9856129229427,412829.03017725336,"[0.3063219735769689, 0.49975799447616015, 0.19392003194687088]"
13391,725.3421942382088,464413.2175191397,"[0.05836870675804739, 0.1707485625291634, 0.7708827307127891]"
2186,11.905341742301816,145454.75281427143,"[0.09276739549285484, 0.26545978198029563, 0.6417728225268496]"
35692,319.7578519871221,871878.3544637262,"[0.847259266388395, 0.15231018343812014, 0.00043055017348486463]"
23713,638.2485336637542,561367.4686536852,"[0.31729096979586063, 0.5177765714982648, 0.16493245870587459]"
8509,902.1301542741384,199974.4652231712,"[0.445053672264445, 0.4309165699801922, 0.1240297577553629]"
23320,131.28422584115376,433143.31762974086,"[0.6786470116914198, 0.03582075202336484, 0.2855322362852154]"
37180,520.5556595884971,691847.651676431,"[0.4633533795823684, 0.15992575948046645, 0.3767208609371651]"
21158,55.65384303063861,551002.7724193349,"[0.04780837755402763, 0.8177220394884223, 0.1344695829575502]"
12431,932.2775491026648,131455.04468586054,"[0.1622234688912073, 0.14653056874097908, 0.6912459623678137]"
14243,993.8273067755551,602427.9912271409,"[0.08187692204940261, 0.7018393761033767, 0.21628370184722068]"
18558,16.943602612050093,742603.0826356822,"[0.018775917781290386, 0.7954835311526535, 0.18574055106605594]"
10077,673.5146431952603,951530.0876411349,"[0.17538937090353968, 0.05115071735562461, 0.7734599117408357]"
49930,657.6409278396533,580666.1740648723,"[0.05815718210100836, 0.3012684951852287, 0.640574322713763]"
30444,752.1310047533393,873802.6816329369,"[0.05285917439933497, 0.4090667731895058, 0.5380740524111592]"
39017,795.6525948937183,158797.87083843816,"[0.3232078482474368, 0.1099455954614066, 0.5668465562911567]"
20072,694.9746946115582,742458.1307515225,"[0.3424970337123334, 0.5221749294314342, 0.1353280368562325]"
40347,119.05432829935496,305438.0270738561,"[0.44174259453846576, 0.013712258740887398, 0.5445451467206468]"
42542,347.7534026653011,867721.774551484,"[0.27797747979593646, 0.397675380893885, 0.3243471393101785]"
10728,805.8733236041911,720640.8084641562,"[0.2442471627611775, 0.19630307383169718, 0.5594497634071253]"
10251,730.5681304648124,255450.24126838057,"[0.031365056732213493, 0.23866410028492124, 0.7299708429828653]"
46097,415.3625984276593,498864.8946303858,"[0.48659598127042253, 0.12164933960360957, 0.39175467912596784]"
31761,978.5053177020498,691773.5774529747,"[0.6430257991463634, 0.3258695196764674, 0.03110468117716933]"
34785,242.14641325090807,996136.0598952298,"[0.1685291387917047, 0.721332003446271, 0.1101388577620244]"
4224,735.0728196336561,199721.16165273043,"[0.052414965027804024, 0.7722653000962852, 0.1753197348759107]"
34445,906.6523266106868,137958.24928011242,"[0.6622848007894128, 0.2510849168718306, 0.08663028233875673]"
22169,873.9005742308846,208349.06558530492,"[0.6762366198982438, 0.12637999202717068, 0.1973833880745855]"
22356,347.0328356529677,956107.7017120392,"[0.16559116398522097, 0.17261136883050177, 0.6617974671842772]"
14234,525.1848104371002,619404.5284605443,"[0.6228653060798867, 0.21613330609526332, 0.16100138782485002]"
42553,701.3757803438654,120464.87089870732,"[0.423549335196052, 0.16389256560891932, 0.4125580991950287]"
26830,923.2879165367266,272485.0103295073,"[0.45305388845162414, 0.17613225793636836, 0.3708138536120074]"
22216,30.44011680878417,705066.5695682707,"[0.5587455113024308, 0.4346546168299284, 0.006599871867640796]"
44965,863.1478928105006,702210.6562111882,"[0.053117194857446766, 0.4369397654063891, 0.5099430397361641]"
47878,951.6808809943398,900611.6575005266,"[0.5804034712526268, 0.3044074418636295, 0.11518908688374359]"
33626,500.9926296923416,469130.0255431104,"[0.024567582039736725, 0.15764548173028187, 0.8177869362299816]"
13503,46.43252556978281,616345.1123664699,"[0.6518487335682631, 0.33423673080640826, 0.013914535625328704]"
38766,954.8688572919472,616490.2273347438,"[0.26251228788028014, 0.38966024589910564, 0.34782746622061417]"
46243,962.8171272206804,749676.0477412451,"[0.07986876914852994, 0.6520833898897028, 0.26804784096176726]"
4196,33.49884304950831,849080.546876066,"[0.3697630637127722, 0.135545784606388, 0.49469115168083994]"
11400,227.409417041291,240558.0373533709,"[0.2498963885748611, 0.4031055267496848, 0.34699808467545407]"
44966,594.354310853571,536739.0761375155,"[0.9071529306529604, 0.08021705925214755, 0.012630010094892025]"
36022,691.2968373952273,554134.9691096053,"[0.5884117212144342, 0.13735249611707273, 0.27423578266849313]"
28619,460.8238248494691,431599.7032631674,"[0.8696643145421057, 0.015539072894426091, 0.11479661256346813]"
39932,998.8275193193394,909450.8241596489,"[0.3340652938528002, 0.41860318510055033, 0.24733152104664943]"
10766,885.0840342510043,857182.140300343,"[0.23003012508861145, 0.5271749461317928, 0.24279492877959577]"
685,565.022877202534,190064.83706080692,"[0.5087307911879184, 0.1690632635711328, 0.3222059452409487]"
23558,912.9594449055576,429072.7754787675,"[0.4015232053263444, 0.09126251388524684, 0.5072142807884088]"
29616,52.98489176976403,142729.92762136715,"[0.3495507372620732, 0.22404387874696613, 0.42640538399096073]"
465,65.56626206353343,545564.2733853664,"[0.10508744600229034, 0.6814938590814485, 0.21341869491626103]"
15532,758.5108917726759,780852.4572259777,"[0.2090438083095379, 0.023919340784939156, 0.767036850905523]"
14707,913.3987420210028,669325.1390709362,"[0.5637320581157105, 0.17975768033384873, 0.2565102615504408]"
37052,878.0563687183541,268060.5183643721,"[0.2972608533754399, 0.5250043575851857, 0.17773478903937442]"
6481,439.6296550082003,847261.8849021314,"[0.1846099978207247, 0.34624503707345916, 0.46914496510581616]"
28570,945.024889691996,527215.8907265281,"[0.3391467834339644, 0.6396398753515745, 0.021213341214460963]"
15222,180.55160167464803,486628.9060803647,"[0.04786173385985969, 0.02894452480962394, 0.9231937413305165]"
33128,527.1176474947997,737135.1240323697,"[5.7608419254134835e-05, 0.8326199155931512, 0.1673224759875946]"
39713,931.1688619733076,820064.3468258182,"[0.2258161538434239, 0.3919581836478058, 0.38222566250877005]"
40970,217.08363814839072,450608.3863876717,"[0.6479051459934915, 0.12613125420911667, 0.2259635997973919]"
40181,473.80355001830935,184022.5805875652,"[0.2289094362397865, 0.35697294375101285, 0.4141176200092007]"
33137,559.4369871981575,337566.4306769258,"[0.2509178223307078, 0.07303837284099485, 0.6760438048282974]"
48963,766.1295468805312,762016.6227713429,"[0.29688499370031446, 0.45265262236207865, 0.2504623839376069]"
11944,873.1880588133412,270896.263117581,"[0.5696772350593065, 0.2617582150135105, 0.1685645499271831]"
9818,833.468754321302,677206.902463169,"[0.22783783613311712, 0.5859484508478097, 0.18621371301907322]"
34805,545.9575511668883,413604.10273620207,"[0.21990309430858243, 0.7108869072708582, 0.06920999842055936]"
28844,133.82061369992564,955568.8479504422,"[0.0427800705782145, 0.14254618486883563, 0.8146737445529498]"
47793,870.5930441055896,350815.9672938884,"[0.14199169792066005, 0.2969536414604581, 0.5610546606188819]"
36976,961.8341948337808,466224.5139937528,"[0.13063643027308317, 0.40146039802017375, 0.4679031717067431]"
6438,647.8995566212415,833978.6107528765,"[0.05032569052796653, 0.0532592104372504, 0.8964150990347832]"
45713,113.40129244437315,256352.99979607304,"[0.07113240037715952, 0.04522914703128332, 0.8836384525915573]"
48551,480.6760883381976,449871.6373637774,"[0.11058349545046216, 0.3124522701296268, 0.5769642344199111]"
10032,96.14084587473512,509958.68675701634,"[0.22432483857186156, 0.049797162999069215, 0.7258779984290692]"
38157,214.68328615234228,984368.0614517732,"[0.23023247377375003, 0.43237832995041087, 0.337389196275839]"
18082,354.07627164515986,314558.25684845034,"[0.03719882549509942, 0.571878977695873, 0.3909221968090277]"
10665,805.3007958409066,398191.8416810095,"[0.11068646676860648, 0.5752661114688727, 0.31404742176252076]"
39768,641.7758733822728,878667.7752433792,"[0.41489006811303997, 0.40556344863168714, 0.179546483255273]"
24679,128.42246499344645,302070.4839845666,"[0.4604201123087014, 0.2369904020444017, 0.3025894856468968]"
38698,568.1903254155498,426397.64846965607,"[0.05715506166636893, 0.23720571779152366, 0.7056392205421074]"
5291,814.346659451177,520798.9415753602,"[0.49233407555320935, 0.30662124378334615, 0.20104468066344452]"
41779,262.0662938981624,114991.63491667692,"[0.6869932979041669, 0.24010465555919652, 0.07290204653663655]"
42718,607.188447920201,576813.360552913,"[0.7260103457137895, 0.034487813597596104, 0.2395018406886144]"
34713,902.7270052044482,523240.2693958672,"[0.19442471472033307, 0.35140321593267193, 0.45417206934699517]"
7379,945.0024218591858,822213.3636160337,"[0.2784132590729542, 0.481349486866966, 0.2402372540600798]"
30365,788.7738446714197,410789.8584982487,"[0.20814042766955523, 0.21156517845422348, 0.5802943938762213]"
49713,790.5531247124561,402429.1539442513,"[0.6882839205673889, 0.17275944892768202, 0.1389566305049291]"
30657,852.9959937784836,292601.10861102975,"[0.5746727836491637, 0.13879654555890764, 0.2865306707919287]"
39957,645.975983273719,368071.6496974647,"[0.535743133248261, 0.16344386232712554, 0.30081300442461334]"
19185,460.868433399003,657504.4255419073,"[0.8407679791637434, 0.07423155431171029, 0.0850004665245465]"
46336,377.7338239464961,941081.9583981392,"[0.3024747579342556, 0.07930578936899015, 0.6182194526967543]"
20494,98.57645281535618,451471.7958280256,"[0.45955888499352565, 0.2674027119938357, 0.2730384030126387]"
42350,957.4114025089186,583089.016642487,"[0.5752566468812345, 0.37304920907225797, 0.051694144046507594]"
30961,73.91248732777207,839525.0728003841,"[0.5908666510888192, 0.2723056131517146, 0.1368277357594662]"
6180,883.008564876521,589306.0764311716,"[0.9491482902427401, 0.038255757032315194, 0.012595952724944863]"
13071,26.097228101579613,771416.5631931125,"[0.617183196815795, 0.30729828757621935, 0.07551851560798577]"
43654,343.9345403846685,628058.0109644461,"[0.04496413543346683, 0.891345476702538, 0.06369038786399513]"
9360,688.3480234413453,590839.3268989462,"[0.4583055516342869, 0.14118039925935855, 0.40051404910635463]"
14207,865.0268209008078,761864.5411914182,"[0.07196679186840332, 0.4702611129043483, 0.4577720952272483]"
21697,445.11638381562585,963476.9374186888,"[0.047149677013107, 0.7624752624012933, 0.19037506058559978]"
33570,497.4456258841993,844123.9686486725,"[0.06957396662787307, 0.36302589755169623, 0.5674001358204307]"
37385,583.9816812440849,169959.0732215916,"[0.6494127481523482, 0.18802382084306263, 0.16256343100458914]"
7047,254.34472114096727,555797.6691560829,"[0.6241560253780538, 0.30502196906508433, 0.07082200555686202]"
23885,505.4826572786028,264468.22363886377,"[0.4672389675544774, 0.16509021047861225, 0.36767082196691026]"
44791,171.13630642878798,105367.02837470356,"[0.1612185729372955, 0.5884853198831942, 0.2502961071795103]"
47502,420.6385292912392,670651.4287376947,"[0.48538056268429036, 0.1005262444468475, 0.41409319286886215]"
9753,881.9130540826619,228686.47121832747,"[0.8237519587708787, 0.10314147008529577, 0.0731065711438254]"
5928,139.78761931637084,927939.0544813063,"[0.4546679768040589, 0.2131336334486309, 0.33219838974731036]"
38459,751.4310689991584,995227.8853988184,"[0.6129093385345143, 0.2695243299069257, 0.11756633155855997]"
21889,645.6150648375798,170848.72203906486,"[0.24103454443692945, 0.6370469965078984, 0.12191845905517207]"
10955,486.2583300146433,581143.4487159491,"[0.4461477784925947, 0.43995301218229604, 0.1138992093251093]"
35428,242.45868296788635,273280.45201483695,"[0.29146290714226303, 0.3506448008270176, 0.3578922920307193]"
36584,207.0028326237513,933334.935060963,"[0.31851280225312495, 0.553916685425771, 0.127570512321104]"
40877,928.4828520838072,489978.9938869092,"[0.41635550325928516, 0.4471610394697608, 0.13648345727095398]"
1145,756.0808255119015,355761.9335457039,"[0.36972590095443847, 0.3860286499246091, 0.24424544912095253]"
16431,592.8015607410382,218450.71297762584,"[0.6333967292743946, 0.34949156823723787, 0.01711170248836745]"
21780,384.0725235844978,399216.2487915752,"[0.7795566700871018, 0.08331820772101038, 0.13712512219188772]"
4173,890.0120231886378,643710.2159705117,"[0.3306333600545219, 0.0049740442921565224, 0.6643925956533215]"
5687,332.5889293295917,306970.2409034,"[0.15383008305714743, 0.06088311610855488, 0.7852868008342977]"
27779,897.0481954732717,102556.1654799464,"[0.03500570283120054, 0.8420869780326241, 0.12290731913617535]"
32987,963.3663190388404,972115.4874344888,"[0.13466248344389467, 0.34635509605928816, 0.5189824204968172]"
33184,221.5977035683607,403797.945519784,"[0.5311692495332898, 0.4374016662779863, 0.03142908418872388]"
6564,232.612050791283,216010.33591057605,"[0.4024005205269433, 0.0857980293930976, 0.5118014500799591]"
4090,226.8821260531656,761467.7371275404,"[0.32129571857312755, 0.5579504929766207, 0.12075378845025175]"
36297,163.85087229122968,277577.1988198543,"[0.32482450950682723, 0.07196980757373339, 0.6032056829194394]"
10628,952.8887657369688,711631.0666643445,"[0.41310490309583914, 0.2447913238401909, 0.34210377306397]"
2474,127.29027273635802,716444.6337132336,"[0.2635403592941325, 0.3787921521744034, 0.357667488531464]"
34475,914.5869839873274,527839.5526102067,"[0.12593861329451986, 0.6938592970520678, 0.18020208965341225]"
17409,716.9694839638356,333668.43593762035,"[0.5026723186658901, 0.08952768718401428, 0.4077999941500955]"
33503,44.65362619569166,509348.687474867,"[0.23145376920660202, 0.1407474775074769, 0.6277987532859209]"
19745,457.1999618304757,285418.0244825458,"[0.6138103463276454, 0.06362863441332466, 0.3225610192590299]"
29424,514.5951168737125,327668.24654237,"[0.18030394336586175, 0.5153223033832757, 0.30437375325086263]"
3890,525.0443287986589,753307.69354332,"[0.29671650458574, 0.5534602099031444, 0.14982328551111562]"
32313,176.0428255164371,469119.7587453732,"[0.17361940187949892, 0.6197991852788086, 0.20658141284169243]"
2756,716.2160650320681,730300.3551301047,"[0.19520514802502972, 0.43389489822456256, 0.3708999537504077]"
11684,198.64823930564555,956145.9008068452,"[0.7562089764427258, 0.10304376971544962, 0.1407472538418248]"
19707,901.7649272079234,766913.7579872896,"[0.23043765679956477, 0.20052588213415826, 0.5690364610662769]"
32891,330.0911812107018,418807.6143647148,"[0.5544292988615962, 0.1015306344795404, 0.3440400666588634]"
24368,987.9287846722808,332007.0250347182,"[0.8123154711386561, 0.022083038336836128, 0.16560149052450757]"
8001,493.5950948551656,450601.8558819943,"[0.12612890608193583, 0.7010571239930904, 0.17281396992497375]"
29502,651.7384393048052,646564.8942018681,"[0.8534029467876781, 0.08185353678220078, 0.06474351643012108]"
10454,181.95600588499207,485908.23117069446,"[0.5022413416158225, 0.3495027656333248, 0.14825589275085294]"
47431,910.5143957464978,912921.8890439715,"[0.31493278764977733, 0.03226410187925272, 0.6528031104709698]"
38251,655.6017087221986,866822.9854652128,"[0.03412640805806837, 0.7429155459480785, 0.2229580459938531]"
1427,920.1212463653465,251751.47736383672,"[0.33727923442689334, 0.32285571153207737, 0.3398650540410292]"
37507,673.3869836697671,553018.5592763814,"[0.5580812326284902, 0.24863824163332857, 0.19328052573818116]"
36044,928.7207963241308,783470.6362341349,"[0.5669629420394189, 0.11340743672380263, 0.31962962123677857]"
13359,493.75670079404233,460142.09892315575,"[0.495983286360261, 0.06428116985516787, 0.4397355437845712]"
11946,193.5163106751914,461214.6013655694,"[0.19315820526917657, 0.21444240812229484, 0.5923993866085285]"
11912,973.9181863080238,251374.3439306297,"[0.30356131566455247, 0.31650421085381475, 0.37993447348163256]"
27066,785.2692463858325,415358.4228399103,"[0.08877524342602182, 0.5598519916638846, 0.35137276491009367]"
9870,380.94910059859103,452234.375528751,"[0.837342721572473, 0.1448209581792074, 0.0178363202483196]"
5915,967.3397106526396,870303.9732512642,"[0.37509887488965904, 0.4961770976755734, 0.12872402743476763]"
24013,499.38207766040847,617205.6896778832,"[0.23780097832342104, 0.5158499244355693, 0.24634909724100973]"
35507,941.21157844665,676645.468653,"[0.27351799856706127, 0.6968920517121968, 0.02958994972074204]"
8145,366.62706280020944,747158.456904036,"[0.2898510774690882, 0.6289555003866167, 0.08119342214429504]"
8799,998.47560976912,420273.3539963609,"[0.3155865503256787, 0.3151933616399575, 0.3692200880343636]"
30193,876.2134862420046,629418.2041675615,"[0.1415853217807962, 0.4540603908905842, 0.40435428732861955]"
17576,746.0461491873089,372660.1750686171,"[0.43397310136116835, 0.12092910591124176, 0.44509779272758987]"
26115,728.0317025340424,153417.70290587872,"[0.37773844669393364, 0.051674035629535285, 0.570587517676531]"
4025,355.8827397538344,539469.7075834274,"[0.6393998995889228, 0.030876576032660877, 0.3297235243784163]"
2866,608.6861558719905,565548.1276298229,"[0.18391845228270576, 0.4088368005546913, 0.40724474716260306]"
36248,269.67202800656304,909074.2817498632,"[0.41190750807326226, 0.48646190278792706, 0.10163058913881068]"
39034,107.7486367672697,160204.56045924962,"[0.10384576636898032, 0.5431044274090039, 0.3530498062220158]"
2431,213.85346341507545,166157.85015849056,"[0.4739462234872602, 0.4883240152315708, 0.03772976128116884]"
15364,71.78096447612347,981134.489424482,"[0.8421844425856799, 0.022714152468477036, 0.13510140494584294]"
39376,976.056163602536,897663.3204626474,"[0.13966181813902903, 0.716824658325728, 0.14351352353524308]"
27082,178.86723099537613,973570.5219288268,"[0.09131223356570702, 0.9010476828515788, 0.007640083582714155]"
41388,404.1061550272358,264303.1347138352,"[0.22276147438710817, 0.2368159520896679, 0.5404225735232239]"
47710,631.9634096757021,322574.99413798813,"[0.06868238570051227, 0.2750435812633088, 0.6562740330361788]"
45298,605.1267899837115,966022.7422761718,"[0.25635369557341503, 0.19188735577022942, 0.5517589486563556]"
41744,481.2454972296809,113387.9248788148,"[0.611373120630869, 0.2674820313021651, 0.12114484806696599]"
8481,625.9956120827882,706164.9539095975,"[0.7209760887532393, 0.04495619081575107, 0.23406772043100982]"
19268,255.08909797841903,936835.5574109392,"[0.2855501007010469, 0.5889459561415578, 0.1255039431573953]"
20984,456.9329442789317,805164.3896473459,"[0.6641109262405306, 0.03455839286289124, 0.3013306808965782]"
32881,773.8870514106508,280279.85579579405,"[0.3253952735750176, 0.22894164070063114, 0.44566308572435137]"
24680,603.2209180145641,432975.2495289869,"[0.7514892245532296, 0.02795947660096075, 0.22055129884580957]"
24197,424.0145427456728,885421.0367013142,"[0.6049422992974863, 0.3294907998127991, 0.0655669008897147]"
31237,862.6389411235782,546746.4173724263,"[0.4593112909950202, 0.40199417807767246, 0.13869453092730732]"
29376,446.5089376816727,339899.5654230756,"[0.2797536672010791, 0.17087529028898119, 0.5493710425099397]"
17539,454.19618723184976,783621.8243940272,"[0.7433352471225809, 0.16076738904648114, 0.09589736383093804]"
24327,30.983346863716413,628708.1576945365,"[0.18256546699808268, 0.5950236021771292, 0.2224109308247882]"
36971,633.1009477161555,879165.873308293,"[0.6988636776613458, 0.003257565031947339, 0.29787875730670665]"
3453,721.3276509235119,406408.99846945616,"[0.3676062856405159, 0.5638929606120873, 0.06850075374739674]"
44425,865.3578859121197,930025.087152565,"[0.14499152390622172, 0.07830736020293654, 0.7767011158908417]"
41156,888.6187521849506,677321.5223746235,"[0.1936976929685466, 0.7765239581610092, 0.029778348870444313]"
36024,729.2947999173781,247241.25572965964,"[0.40981924788914653, 0.23590495631134525, 0.35427579579950813]"
22139,860.8899573277859,256380.01288265933,"[0.02640620817274683, 0.45449150092716073, 0.5191022909000925]"
23142,472.2339866215441,793547.5438522529,"[0.16560229564861245, 0.39388954390915165, 0.4405081604422358]"
7958,37.24361577713197,530181.4719870224,"[0.2488225591598668, 0.4273286110726438, 0.3238488297674894]"
10786,213.14701172425023,234429.2497777168,"[0.10385455544540612, 0.7854229682747567, 0.11072247627983725]"
15021,524.9256071469889,913948.57557584,"[0.09782446509188604, 0.1897386866141082, 0.7124368482940057]"
9554,668.0632474000817,902597.0202000804,"[0.14984489621531574, 0.11220195294055785, 0.7379531508441264]"
48668,387.3648237522073,198845.4868081017,"[0.08971105337071723, 0.15133181870593224, 0.7589571279233503]"
17045,509.3156627114606,794463.3618599847,"[0.7553623981913483, 0.045700875625671475, 0.1989367261829801]"
32795,765.8999362701576,958167.4200496656,"[0.4909922631978895, 0.4223555650762694, 0.08665217172584114]"
33161,99.34649909672746,910462.344799062,"[0.35857337116713334, 0.3048461502163137, 0.3365804786165529]"
7730,468.9907645840474,457123.6753658619,"[0.27680435110420704, 0.2547237861366244, 0.4684718627591687]"
31983,246.24705783939527,756425.6656709285,"[0.09956130143291951, 0.8042976773452416, 0.09614102122183883]"
37282,183.7568595694777,915444.9546867708,"[0.5978107218305206, 0.1077368483113288, 0.29445242985815046]"
15572,956.9328615343665,586571.0765722446,"[0.33338433260575734, 0.11533862311996294, 0.5512770442742797]"
25166,801.4603060998633,939559.2464328656,"[0.5090422103809078, 0.018706655094724134, 0.47225113452436807]"
40149,142.3315192925021,424242.0259358523,"[0.2585188605126069, 0.5089096467236635, 0.23257149276372946]"
8891,65.54428310410916,496166.3695485623,"[0.27528988709740476, 0.47715508468558726, 0.24755502821700792]"
38670,297.55326319951,721400.9769695272,"[0.14040103933253628, 0.6845051552466673, 0.17509380542079633]"
1595,414.42274528478026,686695.2013132381,"[0.6118884771774311, 0.30396983695593977, 0.08414168586662922]"
22891,514.7698430271655,425251.9179238678,"[0.12315307845571655, 0.03884106981161813, 0.8380058517326653]"
18700,272.5380910757074,903367.274545783,"[0.23118482524910286, 0.33697326206248346, 0.4318419126884135]"
4069,270.8736487035632,423631.5602509354,"[0.08164429617507121, 0.04868693293740588, 0.8696687708875229]"
47243,135.60447993671036,554613.4789231936,"[0.22125492282162768, 0.357276616205612, 0.4214684609727603]"
40220,957.7801703204924,491052.535606714,"[0.5488305853369659, 0.010011489372506475, 0.44115792529052755]"
36163,158.106839538433,111584.36139954014,"[0.5311357402842819, 0.3098792366090244, 0.15898502310669377]"
13251,314.2764284989007,578863.2522664475,"[0.3872989268696572, 0.5956899939499866, 0.017011079180356187]"
26555,970.8381221122318,884154.199531508,"[0.6919129919718262, 0.12698493560785845, 0.1811020724203153]"
33819,893.0418069124484,812569.6768419222,"[0.07264935886635777, 0.6459437451731822, 0.28140689596046015]"
14747,223.6182347274142,154852.22385962747,"[0.322830736155946, 0.5802875635781468, 0.09688170026590728]"
26257,43.265800419344586,260236.1307039944,"[0.34378202769468097, 0.4927619604241991, 0.1634560118811199]"
23383,582.6166981496114,646839.7007756733,"[0.15813462095831546, 0.5927217754069213, 0.24914360363476315]"
38331,401.6818213418134,509990.6732395506,"[0.006764072184211078, 0.0230168280051528, 0.970219099810636]"
40832,847.14894572029,473388.68314311386,"[0.740233749400144, 0.03933485756764909, 0.22043139303220693]"
11978,572.915137480057,113670.85987717968,"[0.3195479128281222, 0.45355550432825203, 0.22689658284362574]"
2978,622.8955611435543,970553.7785246824,"[0.48376282851626884, 0.4182864134545846, 0.09795075802914639]"
7015,520.2516803426198,592344.4950317487,"[0.35870645015175084, 0.36745172945944926, 0.27384182038879995]"
23239,590.7875597266584,357486.87143067655,"[0.06985761978263022, 0.7693664539996057, 0.1607759262177641]"
626,681.0652386427223,107117.64113322968,"[0.08542033067420161, 0.7788004908174246, 0.13577917850837384]"
23850,717.2235345262785,528259.4049421956,"[0.30160330808224317, 0.10125939278258035, 0.5971372991351765]"
34145,384.31610014460017,176896.21634917104,"[0.09329046373360061, 0.5947341780822019, 0.3119753581841976]"
36457,992.2526353231242,713724.7320933676,"[0.5242530235313427, 0.16093709749483512, 0.3148098789738221]"
1002,915.1783214398076,427926.7625267959,"[0.3751646875056479, 0.4494017272930959, 0.17543358520125604]"
38030,574.1972826596681,592298.5160105338,"[0.29859984181283455, 0.6162613885277326, 0.08513876965943276]"
49616,753.279017385371,743616.4520230875,"[0.27005804711398784, 0.3455754845266945, 0.38436646835931765]"
32726,49.31487593754257,653338.4182044411,"[0.15338375635500692, 0.6266060055349978, 0.2200102381099953]"
37363,223.3669422337576,163901.4817751937,"[0.05839977571594702, 0.2346550333382036, 0.7069451909458494]"
2632,870.0730648954974,915895.5948676852,"[0.22668630014826427, 0.3352035274279982, 0.43811017242373745]"
40872,810.8971668398417,105593.2273637416,"[0.4914322364321331, 0.43255067912739215, 0.0760170844404748]"
4384,928.8002711034916,318848.8334937431,"[0.16270398922144275, 0.44304809463743916, 0.394247916141118]"
19393,341.0062063848644,620777.1259475212,"[0.5001691877841984, 0.40796803514194957, 0.09186277707385201]"
27441,598.8669372027952,434757.6504803068,"[0.7133798643795735, 0.00560149499444878, 0.2810186406259777]"
44436,73.75408355048272,999624.0963177785,"[0.202971701234916, 0.5823990071923074, 0.21462929157277655]"
46541,390.6879448207475,848681.5677466376,"[0.3127481847661281, 0.44089952600290777, 0.24635228923096428]"
34030,885.2644824585743,123921.05895892276,"[0.8080571694852292, 0.030105776742097922, 0.16183705377267282]"
10984,273.80414439126696,751687.9681031165,"[0.14280424799867364, 0.5751224441988169, 0.28207330780250944]"
30097,854.1830044653112,559525.4617008071,"[0.40020760063203437, 0.5256143887633085, 0.07417801060465704]"
47848,311.77134342024465,303841.70057454414,"[0.25539052196080514, 0.7152630400456154, 0.029346437993579506]"
40666,479.0930678276352,986605.2091100016,"[0.048391601182875076, 0.5353485828074015, 0.41625981600972345]"
24999,718.9739161732457,265274.50341829046,"[0.07595159616504324, 0.8380010274198056, 0.08604737641515128]"
40472,862.2740141654913,461131.5697546972,"[0.6467553755839951, 0.09854373430153507, 0.2547008901144699]"
30599,574.8828401222986,913745.0320081658,"[0.0762460153535871, 0.6608034474501404, 0.2629505371962726]"
21531,318.9242272721122,816728.627783467,"[0.2587918748860394, 0.5123864796568868, 0.22882164545707387]"
16703,297.6070533851208,589412.5178903431,"[0.10523057505210485, 0.002529306760663769, 0.8922401181872315]"
11149,168.27716018796036,263349.70268751465,"[0.33387714918286987, 0.3492311652729536, 0.3168916855441764]"
9033,648.5362792572505,980475.6235501,"[0.05039172255154402, 0.13069046142250756, 0.8189178160259484]"
31594,573.0863588089619,141841.77807458458,"[0.11097683823756822, 0.1155565079497877, 0.7734666538126442]"
25120,692.31701942839,447735.5007861973,"[0.03325059878655776, 0.3480323372235033, 0.6187170639899389]"
27251,289.96353671017187,843031.0876023165,"[0.416461749046641, 0.30452695280947784, 0.27901129814388115]"
22630,588.030931926058,265306.48549748264,"[0.16998098094509426, 0.20419648669017734, 0.6258225323647283]"
41222,882.5888247354022,489850.66703818034,"[0.23974300725591438, 0.5735769717428831, 0.18668002100120248]"
20772,332.0156454348747,186430.13377925663,"[0.26583971606034934, 0.2220819490500099, 0.5120783348896406]"
31595,75.4589249160869,425744.3752167749,"[0.2988015555247478, 0.19434438131233223, 0.50685406316292]"
4496,584.7021092379148,383718.94266685966,"[0.12938115256070556, 0.3936134097487785, 0.4770054376905158]"
27227,115.6004121684816,841002.4921531237,"[0.08940503034034034, 0.09376661768900438, 0.8168283519706553]"
48252,277.55580621245747,849341.2372313828,"[0.1923992032822996, 0.5255248085255846, 0.28207598819211577]"
27022,141.60244737212818,945405.9641893422,"[0.05723332037501945, 0.21774614743541806, 0.7250205321895625]"
45554,11.968156883057889,553348.3995329451,"[0.10523583414407975, 0.7881287423282093, 0.10663542352771092]"
21193,998.2238987834752,971073.8068562328,"[0.3477954760797146, 0.1388648019422675, 0.5133397219780179]"
24119,24.653956666679235,854614.9180910023,"[0.04968368911214151, 0.7731574140522935, 0.17715889683556488]"
10113,470.782853594544,575227.7941745095,"[0.5113473004572394, 0.32341085543900516, 0.16524184410375536]"
22196,524.1835704302586,940758.693896126,"[0.4084920233198297, 0.46563106027336215, 0.12587691640680815]"
41925,513.268479015265,225430.866868463,"[0.12152964717536315, 0.5509370373330764, 0.32753331549156045]"
30842,908.0890338314472,393546.8865204888,"[0.09778751772246329, 0.873349199502588, 0.02886328277494883]"
12700,579.904307483906,721839.7895721043,"[0.22239254057782987, 0.014428480428376588, 0.7631789789937936]"
14120,656.0146328358599,735926.1677835976,"[0.5068701120477416, 0.3407171082961494, 0.15241277965610897]"
48945,343.9547726643991,412475.9447328159,"[0.4178143987027617, 0.02082805688588387, 0.5613575444113545]"
49168,912.972817427962,351595.47991744056,"[0.2453450063007208, 0.41491935283144793, 0.33973564086783126]"
12063,434.14760364815663,949420.2348489544,"[0.6408944380862266, 0.07206613961649287, 0.28703942229728047]"
41028,91.06874657607494,662585.5747872841,"[0.14386126037603023, 0.25607609106630674, 0.600062648557663]"
13102,215.6852661216693,528618.1636165045,"[0.07843505419509231, 0.6920326655834397, 0.22953228022146793]"
41635,485.2187799435019,838397.9709197057,"[0.07513932934037845, 0.748728455180461, 0.17613221547916055]"
5811,392.85410558393926,702154.5580267279,"[0.46073387947835215, 0.08359769591138576, 0.455668424610262]"
46992,741.780040737691,459942.4495817345,"[0.028267044882001345, 0.886795715628818, 0.0849372394891807]"
573,952.516633952706,900340.4067386496,"[0.3188739509563336, 0.37060980336101434, 0.31051624568265207]"
21825,186.75713688792305,600172.9847730431,"[0.1276889786842926, 0.6753776364523235, 0.19693338486338388]"
11517,812.7701223578022,603646.1797853474,"[0.6352141599974119, 0.22281707787152025, 0.14196876213106785]"
37549,899.0746780640272,596861.9021968434,"[0.5976916499622146, 0.30179170515327236, 0.100516644884513]"
47689,93.07743384332936,364621.5425520985,"[0.09637874727021688, 0.3111783599078668, 0.5924428928219163]"
31004,933.333463378182,177799.0544732308,"[0.14395344619181802, 0.23451192928873754, 0.6215346245194444]"
2271,564.1923268494826,258366.3466431573,"[0.09863979727704845, 0.20006319536852618, 0.7012970073544254]"
8865,402.6785679684937,738130.4994791752,"[0.05885541488821343, 0.8058100947936359, 0.13533449031815079]"
22231,678.3214107354834,147612.27051827536,"[0.32828380667657897, 0.17812456439631852, 0.49359162892710257]"
41037,891.5707924333428,630776.292944864,"[0.17375035198789107, 0.09088066493558195, 0.735368983076527]"
11717,690.1099225141821,463566.9196299586,"[0.220648760805119, 0.5267016896559789, 0.2526495495389023]"
29131,691.9897527953724,138961.00284626707,"[0.29267097520623464, 0.39825664587095977, 0.3090723789228054]"
23830,905.3988667540212,603531.1692935822,"[0.5051972526405714, 0.42178656545097626, 0.07301618190845235]"
12922,779.01100622571,845603.5989106322,"[0.1984854548904612, 0.0015477120330847258, 0.7999668330764541]"
26553,723.2049671025617,557940.0318340381,"[0.1033429429306671, 0.7064903615260776, 0.19016669554325516]"
12462,154.43753758153204,755620.2037920867,"[0.16874576752230958, 0.2504773541879282, 0.5807768782897622]"
46136,978.7838259596928,434568.5397018784,"[0.13288696687701618, 0.7590048123810005, 0.10810822074198333]"
1202,211.8252474479803,195369.82015943943,"[0.34365001617786484, 0.16753461501588174, 0.48881536880625354]"
30082,399.6508827717582,691277.288448597,"[0.18274092840363318, 0.5398678265515013, 0.27739124504486534]"
17938,230.1682569867183,874396.096179993,"[0.014114580388320312, 0.6926665301577896, 0.29321888945389013]"
29344,718.9684901393555,341185.1856982603,"[0.19885398090386341, 0.4762339984657732, 0.3249120206303634]"
40428,21.644277775846525,678063.9113788127,"[0.33562636949791175, 0.27976169588777805, 0.3846119346143102]"
34734,537.5278138132161,695031.1824049321,"[0.26068530452053446, 0.03278835514380471, 0.7065263403356609]"
5999,152.63883111583942,845683.1658866019,"[0.24867681563902455, 0.5305464110409298, 0.22077677332004558]"
29100,574.0167424911101,991777.2594542216,"[0.3076904571679266, 0.008485859908926049, 0.6838236829231473]"
49025,299.53111755672165,599976.4689962838,"[0.573715404820823, 0.3865007545536597, 0.039783840625517465]"
27476,745.7968729785979,207475.7753671216,"[0.06281953150645797, 0.20759911490163355, 0.7295813535919086]"
41317,798.2287609359707,934308.6700456216,"[0.4830955533955722, 0.5161362296816642, 0.0007682169227637463]"
31267,37.177938728592814,867133.1157138298,"[0.3602520817313052, 0.217912137642612, 0.42183578062608285]"
25954,864.0326494054558,732515.8752259401,"[0.19146931976023568, 0.3656288350593622, 0.4429018451804021]"
8347,861.0815634278455,673031.727057213,"[0.5129415136053598, 0.07826958423472921, 0.4087889021599109]"
13832,544.4393362677544,666834.0087522193,"[0.7083905697950521, 0.10881914694235949, 0.18279028326258842]"
726,113.27034454100516,409036.243676453,"[0.48025983796409966, 0.2414878922176846, 0.2782522698182158]"
7008,427.62266952009793,358797.4056922364,"[0.5289018514695052, 0.05132996471132546, 0.4197681838191695]"
15031,996.9642261641916,712110.4421871484,"[0.12747506799854372, 0.07505213343567302, 0.7974727985657833]"
40779,352.3771916440944,967954.6155502846,"[0.382157063781677, 0.036236128531869076, 0.5816068076864539]"
1040,370.7380729905044,719222.8486164629,"[0.2629166358249457, 0.11103358460639084, 0.6260497795686635]"
47495,803.3343871821213,813110.7097649729,"[0.42404601555874394, 0.2351101143234585, 0.3408438701177975]"
29694,26.09361832639335,966171.933608934,"[0.33182528854685955, 0.3279234611276625, 0.34025125032547787]"
19161,623.8901266377565,449534.4790778371,"[0.15527195530418025, 0.1684367677747159, 0.6762912769211039]"
29465,68.41729932609333,163642.66700991156,"[0.4916969311844015, 0.11749253665491115, 0.3908105321606872]"
18416,627.2236178735968,697776.1090353006,"[0.4919757800661477, 0.1757932718267031, 0.3322309481071491]"
23339,378.4747842648984,535252.1131712708,"[0.6134897735279173, 0.3156005870252958, 0.07090963944678669]"
1683,543.2595085821263,355293.9323674679,"[0.6553284118685088, 0.15208519240911775, 0.1925863957223737]"
10387,537.2685507302309,334603.6327801279,"[0.013556423852615147, 0.4271913266379292, 0.5592522495094556]"
23244,579.9698190967599,791273.0227312422,"[0.1675611221067468, 0.13053928314394841, 0.7018995947493047]"
1022,486.1174469759356,216681.5910625732,"[0.632042245006019, 0.3017506890993251, 0.06620706589465575]"
34598,629.9196954229972,206000.45478927167,"[0.21105597943150334, 0.7841687578626696, 0.004775262705827055]"
17121,359.952149812641,694104.686905998,"[0.36929472828747184, 0.3298704816545344, 0.30083479005799385]"
27619,382.16847872967577,565555.6761840881,"[0.004181679584634163, 0.027599515559401315, 0.9682188048559646]"
9641,102.51917135217272,766736.2305400206,"[0.33547945450153516, 0.44261269998055697, 0.22190784551790782]"
7953,933.6731268614932,167708.59870678885,"[0.17626267813573002, 0.36281573196006994, 0.46092158990419996]"
14540,803.3403902813409,206180.98754735856,"[0.31586377913722524, 0.1421295968421761, 0.5420066240205986]"
48920,180.20734685827404,213038.33936504897,"[0.7518618584465916, 0.1059756005256872, 0.14216254102772113]"
40266,465.6684788922079,101585.887031812,"[0.053636809504605254, 0.5168939447221209, 0.4294692457732739]"
29103,12.027601065757336,489358.4409382873,"[0.0177794913209317, 0.6789769409813715, 0.3032435676976968]"
31704,360.1051101819067,576216.0972124608,"[0.2561570715337888, 0.6876030141180237, 0.05623991434818746]"
42689,727.7380430971576,464705.97765869775,"[0.6965078100744552, 0.06516251170744995, 0.238329678218095]"
33061,192.91198800060883,615119.9098529641,"[0.6943481893075002, 0.20346493563839263, 0.10218687505410703]"
43737,983.2810602317312,903313.4429416556,"[0.5103458504064026, 0.39913250137943884, 0.09052164821415865]"
39564,772.8728317649965,449967.0197821924,"[0.46509067243401525, 0.28879323264513157, 0.24611609492085318]"
20886,929.62826571123,144621.11683320388,"[0.05615691957650479, 0.12566251020425373, 0.8181805702192414]"
1803,740.3189908152378,163088.71647486527,"[0.40270773827148004, 0.016719428568981513, 0.5805728331595383]"
36741,348.5636004463167,529654.0185971858,"[0.8801938386200439, 0.015089922536815842, 0.10471623884314023]"
45326,462.0042288444629,912944.0636210511,"[0.28344926223944633, 0.6158247485816631, 0.10072598917889047]"
9621,971.4094143082672,487382.2388041765,"[0.2209009056863325, 0.09651200476148905, 0.6825870895521785]"
22136,474.0816409371245,443538.0844875056,"[0.4945174373945256, 0.3698748588753485, 0.13560770373012596]"
35910,364.4020644303135,773170.3967267976,"[0.09140975485884446, 0.02229855401603811, 0.8862916911251174]"
19245,136.69359399844143,450234.0960124109,"[0.2289878875111236, 0.5497481881208617, 0.22126392436801462]"
22245,801.3153755375013,370118.1711801677,"[0.6893725633964127, 0.05691474362755273, 0.2537126929760345]"
18117,557.8180666506515,488603.5384723256,"[0.16833043071898873, 0.000668490590018458, 0.8310010786909928]"
28529,235.83310418568732,687026.040947791,"[0.8883525801111489, 0.071889940236449, 0.039757479652402165]"
36835,47.87792300906241,259078.00939704065,"[0.16922906887510342, 0.2140428490163041, 0.6167280821085924]"
42390,437.9576459183872,161216.26842730894,"[0.770293864604881, 0.006028592965515595, 0.2236775424296033]"
38200,308.4664141066013,104213.09034354876,"[0.554922640399323, 0.13163070291257953, 0.3134466566880975]"
38210,705.1897004539074,534636.054451246,"[0.3138198093640364, 0.29087671021256356, 0.3953034804234]"
17088,207.7333742709893,189229.45873319983,"[0.7095349133879089, 0.1272918890920837, 0.1631731975200074]"
17237,42.44794744300574,926951.25043736,"[0.25161264917484405, 0.7444898404130841, 0.003897510412071814]"
38231,519.7137278894011,898430.7141610307,"[0.1352381688287367, 0.6453228186827042, 0.21943901248855896]"
9901,986.1325405033394,806595.6228887945,"[0.5950002777803794, 0.14673427034732156, 0.25826545187229893]"
10473,919.7348390916474,496364.3258046162,"[0.15302821904379535, 0.7648615421015327, 0.08211023885467193]"
2513,533.1419336635437,582581.3659707622,"[0.2848980634792686, 0.3929538466697339, 0.3221480898509976]"
21565,377.1260505619728,725752.8069824516,"[0.26244566823983057, 0.6230174413104128, 0.11453689044975661]"
24826,628.7791193218094,321671.2558114928,"[0.0509455295678506, 0.6142313495529431, 0.33482312087920635]"
43311,291.5536668005946,135567.77441661482,"[0.24934492844760758, 0.7419865925170158, 0.008668479035376715]"
27319,763.451699810957,987638.6398831884,"[0.12830182120754366, 0.8509453003691481, 0.020752878423308387]"
39682,316.9227615309747,772855.5932488138,"[0.330676538866031, 0.2398428289888256, 0.4294806321451435]"
40027,67.8056321247777,972635.2279310096,"[0.5874776096544605, 0.0735370017620422, 0.3389853885834974]"
48775,314.6259659765542,920293.951010756,"[0.5876343250118199, 0.15474511316390083, 0.2576205618242794]"
38807,267.14826046467846,800781.5986009133,"[0.4425974493443981, 0.06712082108901066, 0.4902817295665913]"
12933,790.8586902284562,331751.9646135806,"[0.3515767455887651, 0.17386378936935262, 0.4745594650418822]"
14262,393.0959459899354,961560.858069138,"[0.5961912172096631, 0.11447537808209499, 0.2893334047082419]"
18126,433.06870110896574,786901.2917976537,"[0.29489748969194435, 0.6684021408153423, 0.03670036949271332]"
45028,565.5433816977512,799946.497911779,"[0.31415876774819307, 0.3682260990651011, 0.31761513318670564]"
49404,690.2344754803028,544363.553191124,"[0.4699382933071345, 0.5044003416061735, 0.025661365086692003]"
26109,402.4414141785304,981053.3210858444,"[0.36029007118497797, 0.06483302121950091, 0.5748769075955211]"
45616,549.9352233781226,744802.8041795116,"[0.47892099293843204, 0.35927961515394796, 0.16179939190761997]"
43284,346.83499054112644,240035.1507331317,"[0.19299559921783394, 0.33532011660424715, 0.47168428417791886]"
28740,647.0635311445465,234592.4940020516,"[0.3456521574253718, 0.24353270587835607, 0.4108151366962722]"
11297,489.274223226662,472900.3660585533,"[0.6808358582097306, 0.022652295448436947, 0.29651184634183225]"
4034,954.886361976742,410287.84358159074,"[0.22880381731236066, 0.5205070666021914, 0.25068911608544797]"
38700,706.9775474399991,508865.6658526963,"[0.2833898609135553, 0.24752562475128434, 0.46908451433516035]"
14475,396.5256907404034,727668.8707596295,"[0.25758357691658523, 0.6302575327904487, 0.112158890292966]"
12212,741.6941233863294,352533.06696624134,"[0.8769731253136348, 0.001697267455771809, 0.12132960723059333]"
35694,159.17283609011594,219936.4487590096,"[0.6412566599858367, 0.09160071695629661, 0.26714262305786657]"
33187,950.5312673799356,280179.6597247721,"[0.9629132101623348, 0.010469896468031458, 0.026616893369633854]"
33091,688.9132480730212,471734.60430566594,"[0.040504398074449804, 0.945341542051112, 0.01415405987443829]"
39571,464.6544467320517,962568.5485617432,"[0.4484837214744622, 0.316955880419244, 0.2345603981062937]"
30813,862.4198309916345,806889.2252003419,"[0.780442057777784, 0.17972573283897048, 0.039832209383245644]"
29577,876.4932446163164,858516.633160946,"[0.3720265998298713, 0.6071699634555148, 0.02080343671461404]"
35451,66.06646096637384,994547.2756273472,"[0.6967940606258411, 0.08000564428004167, 0.22320029509411718]"
25016,481.47641120243327,218946.0525349856,"[0.16379204705697362, 0.40494391750688424, 0.4312640354361422]"
25626,45.487003015393576,982853.2710264848,"[0.0550699868594841, 0.6348170182767625, 0.3101129948637535]"
46277,559.8519614406442,303174.5059853813,"[0.6625382421873974, 0.2272736867562924, 0.1101880710563102]"
36380,866.3150356669582,289181.31179879245,"[0.37472290545483466, 0.0941875493769865, 0.531089545168179]"
629,299.5951505231224,683008.0136216768,"[0.32382975146304294, 0.0823808294522627, 0.5937894190846945]"
12053,626.7206974658241,236888.727081903,"[0.17728984220442046, 0.20102152134139392, 0.6216886364541856]"
22552,845.7098917582746,203613.28259891592,"[0.09237572894940192, 0.534490555834998, 0.37313371521560007]"
4180,701.4147705205793,409513.6484889011,"[0.48924108049692344, 0.3407201022812476, 0.170038817221829]"
33234,842.7666313451753,256873.35413849365,"[0.3227869434173614, 0.536282580078499, 0.1409304765041397]"
36990,824.6419211169633,935648.6140278068,"[0.3459272278267158, 0.23919206363192907, 0.4148807085413552]"
41868,579.8926355594729,967941.5753717409,"[0.09781876041177832, 0.6882750294392458, 0.2139062101489759]"
28901,346.1569604617988,980546.913534765,"[0.05414839964744421, 0.8469710874207106, 0.09888051293184522]"
44900,42.93218213028977,624038.7031513732,"[0.5311982227263741, 0.08253519952576438, 0.38626657774786155]"
7973,993.5200371357622,841032.2392720453,"[0.39087696408645595, 0.39290780535060515, 0.21621523056293887]"
24934,971.7602080527992,856746.9977754635,"[0.24984530325743437, 0.7466051987343294, 0.0035494980082361903]"
32753,390.9732931625614,842915.7593715114,"[0.36281275252944717, 0.5783094560735897, 0.05887779139696322]"
15612,672.1863183813628,133058.2518750082,"[0.06399708240494817, 0.6682427652681295, 0.2677601523269223]"
39150,354.9748506489197,355377.51872770354,"[0.7218856176390224, 0.213324469053239, 0.06478991330773858]"
18400,81.6336747368883,400744.846866392,"[0.2227231529771773, 0.3639585651660827, 0.4133182818567399]"
41627,261.2848108417455,804902.6401711211,"[0.43766492281095604, 0.4275140099485317, 0.13482106724051232]"
34254,656.3956367996323,730433.9334109413,"[0.2877273991122442, 0.47545526153841355, 0.23681733934934218]"
11972,933.8175321590612,404087.2965922295,"[0.6454527876645961, 0.22788949937087652, 0.12665771296452738]"
14302,717.9325943967049,806672.7612304075,"[0.17576955009279274, 0.0030035710916789574, 0.8212268788155282]"
41968,706.1508479797761,235360.32757396952,"[0.17288756932442784, 0.7504747322106584, 0.07663769846491389]"
33260,773.2405129623249,726592.0744074953,"[0.1426334222062883, 0.133243517527708, 0.7241230602660038]"
2725,912.0654040463422,214929.7943495053,"[0.3626077378765672, 0.5205954006139472, 0.11679686150948566]"
689,496.62194927209737,629350.4908623243,"[0.09893982326841019, 0.6228080863482588, 0.27825209038333093]"
35061,38.33019035301484,192875.99288127173,"[0.08649188921839264, 0.32098299210393355, 0.5925251186776737]"
49610,47.738812707549954,211503.68627280663,"[0.11934978267997046, 0.6634042611291622, 0.21724595619086742]"
37346,369.837429038282,284634.9202645898,"[0.43307474033407434, 0.49153840307843, 0.0753868565874957]"
44681,256.8016217075416,327561.8872090464,"[0.3964007610965996, 0.048860716737188635, 0.5547385221662118]"
12895,752.5865359831487,139570.56116993458,"[0.3110286664318716, 0.440332838733654, 0.24863849483447442]"
23319,497.4773232179983,894096.7311461532,"[0.2672240824865419, 0.680022263768086, 0.05275365374537208]"
8759,100.40403261316573,409326.4595329336,"[0.06265045254233868, 0.6780624595499095, 0.2592870879077518]"
17994,280.46724603814084,774949.5797291419,"[0.5655185074758385, 0.2505449261156618, 0.18393656640849962]"
2220,47.78229775579029,805330.1055507071,"[0.7848370533351267, 0.13395348154548317, 0.08120946511939013]"
31161,550.2411476051207,443866.92578725977,"[0.4230550369100664, 0.03318125577820758, 0.5437637073117259]"
13166,622.9966823303289,574104.4215702005,"[0.38808523557160723, 0.2687788511643357, 0.34313591326405707]"
40515,984.8446989174448,814033.0100070483,"[0.1219749464061757, 0.7702009343570674, 0.10782411923675687]"
8102,323.4351841467859,909075.541720432,"[0.36078946488615704, 0.5969447094390686, 0.04226582567477426]"
30931,787.5500509498357,605302.6886340524,"[0.1836223652948522, 0.15138175152232256, 0.6649958831828253]"
30470,303.68684772147014,175228.20318290032,"[0.46714244255433035, 0.2043060079441903, 0.3285515495014794]"
36733,594.4652825309654,689849.7562717277,"[0.35154260753011807, 0.054620824021633235, 0.5938365684482486]"
10177,812.1747473235736,869266.1222670218,"[0.2887814503426405, 0.5657488867003267, 0.14546966295703256]"
19933,930.4452184463942,412443.24214298726,"[0.307870021426517, 0.5671318578763764, 0.12499812069710654]"
5586,302.92002709911543,143761.0508427642,"[0.1872413474405909, 0.15971914786976044, 0.6530395046896488]"
34890,177.81649080127406,779051.5182229324,"[0.30855966417092234, 0.4480389586473383, 0.24340137718173938]"
12620,365.067799778116,356839.877121852,"[0.3850546202292893, 0.5704140403706649, 0.04453133940004594]"
32188,808.5026212926053,446946.0605648159,"[0.19540707103998714, 0.5294404910796405, 0.2751524378803724]"
47445,643.3304272360756,645603.87998655,"[0.34933035109368704, 0.33165643409308077, 0.31901321481323214]"
22134,634.6163092694823,289236.9155468094,"[0.046066270249172474, 0.20740054168708216, 0.7465331880637454]"
40475,344.4195394202551,618228.3383105191,"[0.14266547789698858, 0.318730123294394, 0.5386043988086173]"
17713,355.3732558385436,532763.2718780531,"[0.050760253175666833, 0.7171973230264963, 0.2320424237978368]"
49657,487.3346208664833,896555.5409464082,"[0.06699252921156142, 0.6000517562115573, 0.33295571457688133]"
3808,325.0014710062023,752125.5381441512,"[0.5592688950909557, 0.3218839394968065, 0.11884716541223794]"
39648,835.0945283548389,772294.6627082778,"[0.641150722231662, 0.21510188912428846, 0.14374738864404954]"
45687,366.57493605127934,772424.0543316804,"[0.652076309334551, 0.19103029093090707, 0.1568933997345419]"
7064,597.1253007327058,724580.938399296,"[0.5694663079043945, 0.005383629290936706, 0.4251500628046687]"
46183,54.54461495391546,950390.5944171584,"[0.26530782850609647, 0.2676116924001881, 0.46708047909371553]"
26934,842.4360524101404,748355.7245463092,"[0.10549838365387078, 0.7295259753684594, 0.1649756409776699]"
2777,327.4823184232385,680769.1155489176,"[0.16766343117979604, 0.5818632321960127, 0.2504733366241912]"
42428,15.131950889782184,270753.3865816896,"[0.9466731099798695, 0.04138432442180296, 0.011942565598327574]"
27895,848.8784253818958,663126.9404112882,"[0.15783216144692724, 0.46667061192538745, 0.37549722662768537]"
28312,267.722261465046,185715.21739553584,"[0.18472504834641065, 0.8021059417241025, 0.013169009929486847]"
23905,71.75781401964595,586172.8074409635,"[0.2546509160768996, 0.280236158707605, 0.46511292521549535]"
33505,636.1448428412898,345639.20519978,"[0.044855744569549355, 0.75101397744907, 0.2041302779813807]"
43966,601.608598196048,698368.6794774934,"[0.11314332253992483, 0.5232039742260368, 0.3636527032340384]"
40744,594.9626257823436,214080.3931589324,"[0.04732308887409065, 0.21133108929268518, 0.7413458218332241]"
43449,687.9813562075726,183164.9065856108,"[0.22853793008242462, 0.1295341229489417, 0.6419279469686336]"
14741,682.9956405043552,603296.0828916507,"[0.08859658930913013, 0.11236255749273479, 0.7990408531981351]"
17612,851.9800343216885,276537.819792299,"[0.6030508727618821, 0.24768568631328816, 0.14926344092482974]"
10183,975.8152934422434,137267.1977814028,"[0.3202578084180544, 0.37466174925738543, 0.3050804423245601]"
17101,196.5948866735777,482651.9715824315,"[0.018710469296202754, 0.2139848985797938, 0.7673046321240033]"
13755,659.1141062937807,931623.05738935,"[0.587220213915132, 0.17257996386350566, 0.24019982222136244]"
9768,20.23505521343246,378787.6334455165,"[0.6723124106797083, 0.23755117736135017, 0.09013641195894162]"
40824,183.08387249794623,616318.6140630239,"[0.006520489544214378, 0.32630991077617016, 0.6671695996796153]"
1882,620.1703073827342,249375.21486804425,"[0.5425203216491626, 0.01975472969779819, 0.43772494865303924]"
28119,712.4391703460295,782979.9559356452,"[0.16130027419692042, 0.24688915428757563, 0.591810571515504]"
42075,716.6763894818612,849594.0681050771,"[0.05454640281778622, 0.11330824767019333, 0.8321453495120205]"
24036,579.8617073567731,316636.45393840154,"[0.1442883430568602, 0.47707333868806134, 0.3786383182550785]"
5972,657.8423682685609,347944.10885013256,"[0.2904714609284646, 0.5904258385336937, 0.1191027005378417]"
3470,902.9544261242672,700816.5190426654,"[0.381203084943205, 0.11284623239497042, 0.5059506826618246]"
17770,824.1517900456384,111189.81916627848,"[0.11491124016674757, 0.8255797564508824, 0.05950900338236988]"
27430,557.9112102576848,802232.8794555285,"[0.5799758320635998, 0.14258394311012676, 0.27744022482627345]"
36550,907.0156086459048,402978.2386083496,"[0.5747630316499737, 0.12488711447211667, 0.3003498538779096]"
23731,93.3967168414962,681344.6164862297,"[0.5075298225361284, 0.21026889086592743, 0.2822012865979441]"
10291,289.9731189276137,567620.5975404655,"[0.6886630897463137, 0.10778414541959518, 0.20355276483409107]"
25017,739.2470671918575,135691.94417595584,"[0.34554363507435304, 0.33663809614755896, 0.3178182687780881]"
3903,367.52991182493145,638584.8840909181,"[0.11681774672893584, 0.33937592448127857, 0.5438063287897855]"
5049,79.68663610762454,872546.4830824205,"[0.5012727202679232, 0.4361948789879, 0.06253240074417674]"
3496,40.00844428702919,522090.72351742745,"[0.3768050413216661, 0.1081515525920526, 0.5150434060862814]"
21512,286.9462587969633,116972.0581422438,"[0.12095095226473783, 0.8493257121977504, 0.02972333553751159]"
38367,638.8955330127666,909510.511123903,"[0.4178101471461783, 0.5589075632640315, 0.023282289589790135]"
49358,607.3298428407796,829545.2259933832,"[0.19141996814546117, 0.4939537213418834, 0.31462631051265544]"
2878,136.7391531907076,521328.75888825365,"[0.307421681543588, 0.6510469772151194, 0.04153134124129276]"
10726,888.6863928317402,575468.4552596118,"[0.1478637106330332, 0.3448197837532835, 0.5073165056136832]"
42951,90.8893009040207,659658.3421244291,"[0.14758796298081434, 0.6153916683419837, 0.23702036867720205]"
15535,255.1263299050992,833132.2150147682,"[0.33680262558218976, 0.5095096595284014, 0.15368771488940886]"
42900,306.51779369240666,231260.12883867303,"[0.7931245203387455, 0.158584577126203, 0.048290902535051416]"
2889,373.9095399331939,442387.9837649303,"[0.4628623705836608, 0.2624882367203983, 0.27464939269594096]"
31357,654.1265228364302,499253.9987560638,"[0.27632908925549676, 0.16951142479773915, 0.5541594859467642]"
13734,693.0297616104758,545574.7377630754,"[0.08170291285041492, 0.6859340862040557, 0.2323630009455292]"
6187,615.299227507845,713100.1584745869,"[0.24361046441786025, 0.10968134039170423, 0.6467081951904355]"
41964,677.5370519021154,405796.7421842665,"[0.07672203929116925, 0.44927005466301895, 0.4740079060458119]"
28416,774.0976474591027,591897.5150788685,"[0.047365828188461016, 0.7450043819374047, 0.2076297898741344]"
18709,276.1654485476583,211500.42357312463,"[0.2480400743051637, 0.17759089381781154, 0.5743690318770248]"
3044,627.1098185093945,430925.3058025127,"[0.3449112045873051, 0.4599880209596215, 0.19510077445307344]"
13809,11.889957890294587,276825.6221597275,"[0.41966389235418544, 0.15196803347249066, 0.4283680741733238]"
5933,106.77993249619612,814054.1374502173,"[0.07028884704813837, 0.32260423423821016, 0.6071069187136514]"
48317,424.4981558583909,294650.316314391,"[0.6465460284256274, 0.1526203905968212, 0.2008335809775514]"
42141,536.4608108443166,486827.76770389866,"[0.195180721534016, 0.5945593247311015, 0.2102599537348826]"
10952,203.66037356960248,312847.043760188,"[0.41201027924778383, 0.3830930404695723, 0.20489668028264366]"
45625,784.6523779284598,977699.5590034316,"[0.13388799964629214, 0.08169324392517872, 0.7844187564285291]"
46147,934.790478665748,490867.6095298007,"[0.5666343988273874, 0.12670287970687114, 0.30666272146574164]"
42299,36.4324037791447,990812.3293873788,"[0.1308360815659254, 0.11099165679189854, 0.7581722616421761]"
20055,31.602827763311737,352062.5200973499,"[0.4238647001543674, 0.2212894783021749, 0.35484582154345756]"
45475,886.0830508483415,912133.9481434128,"[0.11605303688613923, 0.3851082053901045, 0.49883875772375613]"
9707,753.0695712322829,917449.2872245108,"[0.3260475051923107, 0.05798672794167558, 0.6159657668660139]"
48705,636.162327853817,891565.423214057,"[0.3602903128144192, 0.45012325551805416, 0.18958643166752662]"
2163,643.9060765775275,200515.4317132364,"[0.03720905746962242, 0.43148489708891496, 0.5313060454414626]"
26578,45.5180532133433,874516.1667013833,"[0.43797549772788036, 0.22648983902343067, 0.33553466324868897]"
5803,475.6477068987945,737476.0575364932,"[0.026784422487326265, 0.5660251268786975, 0.40719045063397624]"
38449,725.3258612019737,844211.9013399181,"[0.1447215524575664, 0.2989314579793399, 0.5563469895630936]"
39789,579.8600672738531,739903.4549046813,"[0.8704011416295644, 0.07541829764373675, 0.05418056072669899]"
7274,907.1122166155384,378033.9092993006,"[0.6093749482132785, 0.19757429872362584, 0.19305075306309566]"
48814,106.8307323631428,901051.4010415882,"[0.20558349214908045, 0.13879514389010647, 0.6556213639608129]"
7446,282.97244661901374,191574.53821751435,"[0.21034529012494343, 0.3133400657579408, 0.4763146441171158]"
32210,949.2604304465092,247158.6017928598,"[0.03429875853258995, 0.4786271487704793, 0.4870740926969307]"
19634,741.5861093335304,562796.4795289035,"[0.4015989797843395, 0.4005063657372081, 0.1978946544784525]"
27204,440.11539744053465,592882.5992861108,"[0.31777516498656405, 0.3571699991591125, 0.32505483585432343]"
6403,279.5445508994388,614719.2372560024,"[0.28045581472436115, 0.7055078936500946, 0.014036291625544248]"
33950,196.70293742403769,297683.22883492114,"[0.7987285615864798, 0.18502789418620946, 0.016243544227310752]"
48735,439.53566389419615,646453.7607286423,"[0.2622067986895881, 0.7377158172416768, 7.738406873496942e-05]"
21602,935.7317436184476,182904.0682624841,"[0.2721075707877097, 0.5610388602822429, 0.1668535689300475]"
31446,313.2645550329853,586979.1241004751,"[0.6180274474700241, 0.30741361089769836, 0.07455894163227762]"
30346,248.26049691440835,111514.00268545994,"[0.3896404912236505, 0.20515393515805566, 0.4052055736182937]"
7330,959.8397946211896,898077.2975821376,"[0.9004132087760711, 0.06662064008202252, 0.032966151141906236]"
36080,603.5306330393516,468461.3290541524,"[0.18074522648578228, 0.023575438395434384, 0.7956793351187834]"
14447,665.9938032227233,736472.0782152989,"[0.6276783064423404, 0.20531678728130312, 0.16700490627635634]"
14099,62.44357271985,536391.4347284568,"[0.09609290220854402, 0.722020256309393, 0.18188684148206305]"
22881,226.8223327671904,384286.1328008601,"[0.4099646682989318, 0.2687730587466232, 0.3212622729544449]"
7493,519.3868764542829,272446.7865558991,"[0.5333137284233744, 0.2153367234639086, 0.25134954811271687]"
9823,202.08513098885217,755582.4154165806,"[0.07839222384893067, 0.6094422291419591, 0.3121655470091103]"
42633,475.9845396570743,833053.1689818497,"[0.21122909287398878, 0.7150882629171873, 0.07368264420882394]"
46687,914.924623127604,353703.42567300564,"[0.3072153574993598, 0.12080986093123836, 0.5719747815694018]"
41465,156.79027063391715,980394.360692912,"[0.8490214689731889, 0.14392301719548284, 0.007055513831328244]"
22877,995.6002310422311,116254.67442218676,"[0.6849556748542929, 0.3125425710543767, 0.0025017540913304668]"
39565,292.7055165476251,239342.7762240939,"[0.119179395553328, 0.7729444609185276, 0.10787614352814436]"
2487,81.95501310398805,402934.6491716533,"[0.14262983314100974, 0.27470521040508505, 0.5826649564539053]"
43593,470.5190063575976,940912.2047160548,"[0.009281490152669089, 0.883855335524735, 0.10686317432259579]"
14139,889.2984656633502,567831.1460547177,"[0.24634080680679804, 0.6279409566215517, 0.12571823657165018]"
33556,958.3823277590906,121563.68671350692,"[0.1576921813899852, 0.24748230990537273, 0.594825508704642]"
44592,767.8168074288571,126953.0281374354,"[0.17269450153436214, 0.6280710121242027, 0.19923448634143523]"
7219,164.93962403404123,689245.2614139459,"[0.38273395007617184, 0.32316721180985203, 0.2940988381139762]"
3397,618.4140277320104,163186.7414411007,"[0.5504954905354317, 0.13744452234565038, 0.312059987118918]"
48685,980.1896990901172,247885.06550156663,"[0.032644974903082144, 0.7739185457255884, 0.19343647937132946]"
26926,297.6034008894706,359291.04984654125,"[0.5217780589747987, 0.12075383982317536, 0.35746810120202605]"
23284,96.30147105901678,984154.728866078,"[0.6158012090103354, 0.35957949177545184, 0.024619299214212718]"
25172,804.2221380542863,272770.75517060293,"[0.0033272615003601216, 0.29404632409044285, 0.702626414409197]"
22392,542.9368380559273,383953.7035933784,"[0.5043707181671742, 0.22082141375055933, 0.2748078680822665]"
11324,332.2524354934645,576837.2033431276,"[0.008045050213739935, 0.4229598641900211, 0.5689950855962389]"
14221,33.57447227407553,679227.6073061938,"[0.08331732686025554, 0.7241515027210197, 0.1925311704187249]"
17790,528.8634367347663,943400.71706678,"[0.25290979595428215, 0.08596114661496256, 0.6611290574307553]"
26586,711.4555748691678,727056.0649545034,"[0.06146061784587621, 0.003973809463036976, 0.9345655726910866]"
37209,879.6978597980426,826489.0167981781,"[0.5639506554147248, 0.10105714745919654, 0.3349921971260787]"
46217,483.2863283602524,792555.418442957,"[0.26723710391674843, 0.35311194125645134, 0.3796509548268002]"
49433,613.0494445411653,682909.2928553984,"[0.28065911675341065, 0.11428389132882709, 0.6050569919177623]"
33860,695.7003502187075,851088.9046389137,"[0.6555498353124141, 0.029813643294999536, 0.31463652139258635]"
3755,630.716997706691,917170.3561695742,"[0.6044469476563382, 0.12278041295804894, 0.27277263938561275]"
37695,824.7261533918919,621173.5650962612,"[0.20630655062617978, 0.10687934686978348, 0.6868141025040367]"
37161,302.5478726652997,867117.5662721528,"[0.6728003940109636, 0.21966952139388177, 0.10753008459515458]"
32656,891.7565216518043,286164.10827713925,"[0.14084261510492843, 0.2198363762005234, 0.6393210086945483]"
40049,31.2161334236901,426272.69242360303,"[0.2436229631675509, 0.3018835807793282, 0.45449345605312097]"
16201,659.8854029846523,983785.924363457,"[0.6404782012548552, 0.06767517674235167, 0.29184662200279304]"
6605,242.09902901702424,383863.2727350752,"[0.5504476838283734, 0.4215622743131573, 0.027990041858469355]"
4003,921.7418105991196,877714.4684089303,"[0.36346168457644196, 0.26717684732993463, 0.36936146809362347]"
44514,323.63873389875255,744109.6384976546,"[0.026939840774233264, 0.004814150032771808, 0.968246009192995]"
21906,198.136885088844,572232.5337158315,"[0.3109834304366593, 0.6845652605576851, 0.0044513090056556215]"
32864,855.8978534895482,840897.4846722742,"[0.09057659579381501, 0.8445110211440598, 0.06491238306212507]"
35722,463.85650290869336,825046.5269374052,"[0.2579999572017536, 0.2360496619751063, 0.50595038082314]"
48862,619.2947472743874,292138.9638267049,"[0.15040757942627236, 0.1697421103739923, 0.6798503101997353]"
1245,152.97306681139028,146791.15239635232,"[0.0974257992416624, 0.7238768230979871, 0.17869737766035054]"
41530,584.033412587874,955298.3019693248,"[0.30222759827661905, 0.5543519829005907, 0.14342041882279022]"
29794,85.54316879302905,924454.600355558,"[0.18512252452035183, 0.028560205255176496, 0.7863172702244718]"
23729,788.1378876417432,666582.030745873,"[0.6501319344006499, 0.3462299519686059, 0.003638113630744196]"
32601,443.72838037494415,324210.82545455324,"[0.7705243566797751, 0.0521768766446366, 0.17729876667558833]"
36191,601.6644094474605,549208.5404444233,"[0.09798854676446953, 0.020224060149843487, 0.8817873930856869]"
28810,175.4486625880965,466680.0181385224,"[0.06387809017064716, 0.9335197698835155, 0.00260213994583726]"
10950,445.4485296240833,176999.65025875816,"[0.35516289299670845, 0.60100401125793, 0.04383309574536158]"
48369,689.0117214008935,470723.7649454104,"[0.7600463948435953, 0.21163333741301366, 0.028320267743390904]"
26152,235.60635773331344,371959.7956635807,"[0.09865824569062479, 0.050942991347619586, 0.8503987629617556]"
20846,368.39732454246206,265167.4123814452,"[0.6889177361352478, 0.2615250532186421, 0.04955721064611019]"
32535,674.1438798972118,720712.816903596,"[0.34989039522765997, 0.4957569401825174, 0.1543526645898227]"
33082,235.0516561060123,983663.1645018568,"[0.04661687367910004, 0.4741188150911028, 0.47926431122979707]"
31381,906.1541125198484,926689.7825930562,"[0.5909775614707865, 0.39346106468958597, 0.015561373839627538]"
31920,423.3286660668926,527547.3587424101,"[0.1491498972507351, 0.6206120376365866, 0.2302380651126783]"
30219,836.2523132513896,651512.5089965255,"[0.19988210168445336, 0.09103451616039467, 0.709083382155152]"
8116,160.17636076031897,387303.7956457703,"[0.30634600455977984, 0.277766832066104, 0.4158871633741162]"
45462,436.46222317958205,202561.49017585925,"[0.14408844181478675, 0.5993565832488073, 0.25655497493640605]"
14729,21.73365261266911,835796.7669136442,"[0.3831861322362649, 0.04246230461549804, 0.5743515631482371]"
40873,683.238138149159,447233.4996707924,"[0.16373816226543444, 0.35901422098379354, 0.477247616750772]"
39455,297.12818700689564,545725.3800287711,"[0.19066865694480678, 0.5685665411110581, 0.24076480194413497]"
11398,442.6934318447212,872437.9036286349,"[0.6549116013316773, 0.23906354437500724, 0.1060248542933154]"
49678,735.1558032559238,507398.2121236119,"[0.905101200120101, 0.07687871304336207, 0.018020086836537004]"
479,864.8228529670321,734229.1697962385,"[0.8118298008663513, 0.09498592735571484, 0.0931842717779339]"
4308,560.0057508413244,960808.9930109594,"[0.026002955302576975, 0.042557370221319196, 0.9314396744761039]"
36334,464.47119821133833,289108.0610740547,"[0.06214628589844377, 0.741592615647975, 0.19626109845358128]"
40954,937.5396015402335,188009.2848190535,"[0.28463327008296574, 0.06626103744905824, 0.649105692467976]"
20573,118.86475025725638,830233.3680223423,"[0.6487486454211262, 0.0887456125682993, 0.2625057420105746]"
29904,736.8632207611695,796782.0551858983,"[0.058291555441949854, 0.7909173116869523, 0.15079113287109774]"
33844,209.9156112087637,211303.9395781624,"[0.086865853232639, 0.2246043585493421, 0.6885297882180188]"
34344,444.7795312072123,425848.688773677,"[0.7142225982099493, 0.025876237323143685, 0.2599011644669071]"
29767,336.34129618694453,432659.239890433,"[0.1867558597480907, 0.26461263491659387, 0.5486315053353155]"
16018,793.7346236593495,141746.20400314097,"[0.12718926889880783, 0.7048882570997312, 0.16792247400146096]"
1594,344.0028592625818,787486.0004484935,"[0.40995079555260966, 0.13461745719557636, 0.4554317472518141]"
12747,191.2413533990745,556305.9241071217,"[0.010604537656928216, 0.843413044199455, 0.14598241814361687]"
35395,530.3562295151239,385412.1888100342,"[0.8499776206034902, 0.13326703774387086, 0.016755341652638964]"
28094,342.7205252860653,228724.30376285804,"[0.6453289001428605, 0.24857683383335052, 0.10609426602378898]"
47201,55.382609549614905,104920.54922863231,"[0.032279511885861895, 0.6473629222781595, 0.3203575658359786]"
10707,589.0447675441955,152528.29219088858,"[0.603008150249224, 0.3932044867968772, 0.003787362953898795]"
47040,794.7668692513543,284145.5542246877,"[0.4234076815868336, 0.5247919420296852, 0.0518003763834813]"
19919,810.8295259509915,267166.2724464396,"[0.22792841152857463, 0.6772578162039543, 0.09481377226747116]"
24054,481.2326821612246,769559.1066918782,"[0.12673242585435804, 0.6725693477243576, 0.20069822642128435]"
43375,675.6593786995086,919826.6124864324,"[0.07138599255408608, 0.34929272998129846, 0.5793212774646155]"
4557,773.4848952001985,882886.7357995593,"[0.4101814611020608, 0.5328698108636005, 0.05694872803433878]"
18445,538.9829597864889,271710.49659734656,"[0.9066953407134954, 0.017712092826912242, 0.07559256645959231]"
47863,30.81651807097496,903837.0805739382,"[0.9036651307616878, 0.028840262127582825, 0.06749460711072966]"
21362,579.6447061846868,654913.7042186272,"[0.5992080238215043, 0.3163130335895074, 0.08447894258898832]"
4349,388.1498745737537,277495.2568585961,"[0.6392787405447877, 0.1993972385839871, 0.16132402087122524]"
14406,81.0628115742409,569944.8573929525,"[0.36896399388231144, 0.26935421651999975, 0.36168178959768893]"
20271,959.6673647967228,313745.8589534825,"[0.1392014765839945, 0.44391120985651833, 0.41688731355948716]"
22262,939.3260303987142,907162.93160766,"[0.06956520313934604, 0.14280144300782688, 0.7876333538528271]"
11840,941.490717502252,920643.1700748872,"[0.6146247164024201, 0.2648348331573865, 0.12054045044019344]"
23354,933.8180109973088,981926.2799522652,"[0.15256800782920163, 0.12085555062713722, 0.7265764415436611]"
35847,770.560476169057,376457.3528625188,"[0.0892309953570595, 0.8106060526368325, 0.10016295200610797]"
8064,940.7584034998878,381694.6400490667,"[0.3246150759005276, 0.22298337036184399, 0.4524015537376285]"
30769,273.6334550969374,303488.4696191742,"[0.09165284284441229, 0.10978527092025443, 0.7985618862353332]"
44078,446.8342336028729,483329.7132711712,"[0.15385274392383197, 0.5433797372747851, 0.302767518801383]"
29671,943.656871928266,495360.5313059725,"[0.4892786806795315, 0.3796085177170657, 0.13111280160340266]"
25701,966.2867673604724,369256.55274076393,"[0.3766924573194409, 0.5483484061760941, 0.07495913650446484]"
11424,32.82204830891598,850025.4009263715,"[0.32608088583017086, 0.03381458018029384, 0.6401045339895354]"
22843,549.7047351006443,880389.0578040228,"[0.066649211734943, 0.09032281410524277, 0.8430279741598142]"
45546,766.689242098658,803880.3452936484,"[0.6408603044936807, 0.16574351508270974, 0.19339618042360965]"
41518,265.94253810334635,769232.0394989571,"[0.5553595646347942, 0.1251112662250111, 0.3195291691401948]"
18786,182.1686598294841,938172.0978724085,"[0.28560715953118376, 0.1149851892397071, 0.5994076512291091]"
7495,64.44174891989323,811093.5817659986,"[0.49696605867451427, 0.17470323574054133, 0.32833070558494426]"
18600,590.1016789016575,845951.112367353,"[0.2523931905392921, 0.5448530309426993, 0.20275377851800871]"
32277,111.02802956378709,372027.4481597096,"[0.5289232653159139, 0.03415246946412855, 0.43692426521995753]"
2407,976.9314900678704,806424.7211438627,"[0.2630496551170998, 0.5047600206632212, 0.23219032421967892]"
5155,762.4388148996022,388958.6165157406,"[0.04237903652433663, 0.15892271300980934, 0.7986982504658541]"
41839,274.9922034649179,985824.7256868168,"[0.02875751602684038, 0.31958310540538515, 0.6516593785677744]"
14094,711.039742402374,104527.55571207564,"[0.78954825699051, 0.04030260698430214, 0.17014913602518794]"
37474,25.95553516502999,719814.8390692956,"[0.18447200751445908, 0.3822850119499026, 0.43324298053563837]"
13014,696.1078983930506,680040.1362952454,"[0.7043444062780739, 0.22638022705602942, 0.06927536666589665]"
12889,745.5348631747661,916481.5513317168,"[0.6969956339331208, 0.036350156778306414, 0.2666542092885726]"
39008,373.804240494446,559723.7681321042,"[0.10410129269284803, 0.10446997041106948, 0.7914287368960825]"
25870,195.77369626395804,447232.8918999368,"[0.10486950411666525, 0.8610919676495504, 0.034038528233784386]"
5913,156.29273319830352,671874.1484508655,"[0.19818151815472787, 0.2073896939463358, 0.5944287878989363]"
49775,255.2796607756878,793398.3979036524,"[0.7802083188990273, 0.036177198747363734, 0.18361448235360897]"
26110,687.5580264271421,740550.5254775855,"[0.5225273482600933, 0.2929556378474121, 0.18451701389249456]"
5746,64.43240949798084,589440.7307497293,"[0.19134114031064162, 0.7602080314401791, 0.048450828249179304]"
28706,703.3531031013753,284430.3115261287,"[0.7004346340733232, 0.27542825331181364, 0.02413711261486317]"
15240,847.7403078666595,475746.6309714058,"[0.34004092723006685, 0.6019067433172639, 0.058052329452669284]"
39643,223.7821280610981,334030.17336559936,"[0.5497126364157086, 0.28346133874520874, 0.1668260248390827]"
41174,70.92439000635545,523793.84012004,"[0.066017711299182, 0.33905197869025955, 0.5949303100105584]"
17128,363.3603815582392,223459.05188195212,"[0.036283861693985286, 0.5674416382470165, 0.3962745000589983]"
31270,942.078657094622,215329.7171819298,"[0.049629390700918444, 0.24111469832087265, 0.709255910978209]"
18516,335.2630750170064,131076.1919996615,"[0.3838472328269182, 0.04026385066754575, 0.575888916505536]"
19504,187.58600828611085,896086.9765070328,"[0.2798134473254199, 0.14854831178290562, 0.5716382408916745]"
34671,993.7023883791665,794316.8125094948,"[0.3571384494185227, 0.5817818973772441, 0.06107965320423328]"
16668,904.7801652774288,357847.77008670184,"[0.2792612037090412, 0.3151736433275329, 0.40556515296342577]"
48836,96.92329619457956,518602.408014403,"[0.4141433279716552, 0.03820436988476178, 0.547652302143583]"
6015,980.7714706072188,152151.20084509897,"[0.10085436901008211, 0.7757616522349875, 0.12338397875493048]"
49127,961.455308363708,181505.8389274176,"[0.23189557054828475, 0.0533722071444701, 0.7147322223072452]"
21450,875.8768829969634,955516.0172536874,"[0.009033048648098597, 0.4372463706842912, 0.5537205806676101]"
14878,429.3697086102804,108775.7035993801,"[0.5666748330605627, 0.23799866456485586, 0.1953265023745814]"
38108,736.9870793237328,935837.9826347282,"[0.35334058285709447, 0.31201325558772375, 0.3346461615551818]"
12809,837.7779112115999,574533.3607656752,"[0.3781184579984511, 0.06285694030710834, 0.5590246016944406]"
42013,198.3448159800116,740120.2454862482,"[0.18028443914545061, 0.7314271046007778, 0.08828845625377164]"
17517,565.195969836567,934928.4534740346,"[0.4673904466981773, 0.47015710582091735, 0.06245244748090543]"
24549,113.1462407287953,988932.9540277168,"[0.3299647857324758, 0.6193148333251991, 0.05072038094232518]"
6958,721.106579592306,312506.6259124682,"[0.33941946790453925, 0.5567810325983862, 0.10379949949707457]"
28295,578.6083836022224,418472.3843855015,"[0.20836821580449708, 0.6144634993337996, 0.17716828486170327]"
26754,706.910627748573,717068.66936719,"[0.27517024508853927, 0.4795630769337667, 0.24526667797769403]"
21074,361.1466894342273,154652.11274702352,"[0.7452411995819307, 0.09708261957480839, 0.15767618084326096]"
3607,582.6146577198091,365487.41451826034,"[0.3789263952823254, 0.5380964078880645, 0.08297719682961015]"
7952,322.1571727356219,511673.6738088451,"[0.8299305871116492, 0.029707658178054885, 0.1403617547102959]"
27292,548.2346080491535,830490.7467112372,"[0.259516586683502, 0.690503660536923, 0.04997975277957489]"
28893,353.72727087366667,850032.2162107297,"[0.32881980252726917, 0.6189073718402093, 0.05227282563252158]"
13371,783.354075995524,205861.599927126,"[0.14137264488001522, 0.6468816984855718, 0.21174565663441297]"
20187,561.5860947680097,710653.9615716498,"[0.31150390279141993, 0.5954181224336009, 0.09307797477497924]"
27870,653.5577928812082,389875.22256582463,"[0.4882073869245203, 0.04986782527512729, 0.46192478780035245]"
44205,736.0484124721104,783561.8136442682,"[0.5607885474062627, 0.07334444872206779, 0.36586700387166954]"
37589,149.77151364915505,967405.6117649404,"[0.2233192525383458, 0.6967994451430438, 0.0798813023186102]"
5765,60.95812015983444,751070.8349456476,"[0.4405094978522891, 0.21068365499602298, 0.3488068471516879]"
34849,662.9421825975172,523395.27771912544,"[0.4638666206770541, 0.24074472121510365, 0.29538865810784215]"
10648,591.8040844453042,959837.7516498792,"[0.5650585162499127, 0.42792926118650115, 0.007012222563586181]"
27698,376.5972921893705,209808.8353700435,"[0.36352159469028367, 0.015427424891841901, 0.6210509804178744]"
27389,985.127138944212,344813.4112035671,"[0.29711914293818814, 0.0295004431922878, 0.6733804138695241]"
6259,370.0480293016076,875517.0079844684,"[0.09577568671424741, 0.4656563990830593, 0.4385679142026934]"
29015,787.7343145460492,157629.16793146578,"[0.09568636072142196, 0.8499943878485122, 0.05431925143006575]"
8364,406.77363360114265,534680.8181004045,"[0.2576737100858603, 0.5898364519916921, 0.1524898379224476]"
5400,20.18132599609128,383863.32455996255,"[0.14897209441350748, 0.7694394169730647, 0.08158848861342771]"
6251,150.40682406125345,199910.9894514509,"[0.39698657600878523, 0.5290358205769143, 0.07397760341430042]"
31266,76.61744817426745,477603.8563593882,"[0.13140192694781824, 0.5904861342207897, 0.2781119388313921]"
47684,343.17458713556056,884259.8505521925,"[0.007091902662945575, 0.48122792856822416, 0.5116801687688302]"
37701,931.054776609621,951127.7490543602,"[0.6764055614031388, 0.25337162857613627, 0.07022281002072495]"
41908,377.4506587101115,821675.3709903356,"[0.3248546824053946, 0.07177082491320001, 0.6033744926814054]"
25643,947.019194870247,351414.9444106502,"[0.036154537453649216, 0.6283036472232462, 0.3355418153231048]"
15820,323.67225918165906,181180.417750534,"[0.13345710230886337, 0.5908983556916921, 0.2756445419994445]"
30008,316.76331696441133,864454.7337833146,"[0.023515106172080254, 0.1053686164591707, 0.871116277368749]"
33713,285.3680156169676,247975.29469664447,"[0.7355542837922086, 0.0943682781098786, 0.17007743809791265]"
24789,388.7725288157783,439969.3486292637,"[0.3170175159310987, 0.5364007377735923, 0.14658174629530907]"
11697,284.5955857818401,426659.7589491432,"[0.7471503620177187, 0.024569307075017775, 0.2282803309072636]"
14975,957.0852437545796,852905.9766716011,"[0.00895126046330567, 0.747229240291915, 0.2438194992447794]"
19860,260.4272791210764,708437.0243742228,"[0.12173414102158943, 0.6136424897075929, 0.2646233692708177]"
5478,488.9172513482712,283089.0044791039,"[0.4096141761753605, 0.5506411327064513, 0.03974469111818829]"
492,313.3281480878261,593128.5921904035,"[0.5095971861279999, 0.2978309108438283, 0.19257190302817181]"
13635,821.8129693248122,186958.94361423387,"[0.559865431285754, 0.24754685213215655, 0.1925877165820895]"
17098,319.50008994834866,629013.2265482387,"[0.04494959575535943, 0.018408914025570225, 0.9366414902190703]"
46194,548.4821385756277,216109.76787088363,"[0.6101699580776476, 0.3522294345548405, 0.03760060736751164]"
10353,126.11702895452252,889672.4468376861,"[0.5667138256234944, 0.4298524176799876, 0.0034337566965179844]"
24565,496.2245706231624,305692.41526131844,"[0.7595596628108527, 0.006689402623580672, 0.23375093456556648]"
34636,755.2885578588266,975149.887260934,"[0.8505659529641395, 0.03226382579918053, 0.11717022123667996]"
7076,526.2612545825109,241612.785060071,"[0.26734325605616266, 0.22804632816857406, 0.5046104157752632]"
1372,361.0680544411144,441554.7784407634,"[0.2559203302221122, 0.6784819179725445, 0.06559775180534327]"
34933,957.3155632651004,475384.2413919015,"[0.7502648465395835, 0.13488653427573552, 0.11484861918468094]"
8070,10.418443907381803,673855.8081208663,"[0.17799707212438973, 0.20877348332557222, 0.6132294445500381]"
35835,95.25413867889952,352636.7845551684,"[0.12723789398927493, 0.6443210404034255, 0.22844106560729954]"
34719,496.1965132662359,250088.2736205147,"[0.8311191339119712, 0.09956071226823912, 0.06932015381978959]"
38861,798.2958067568327,354791.4345103427,"[0.6903694133275613, 0.2764338821381917, 0.0331967045342471]"
27882,831.6223095775977,117360.9306107484,"[0.05587947594854273, 0.334658902632246, 0.6094616214192113]"
43276,205.5782445456771,187474.6818908413,"[0.416419604539591, 0.3882842390011765, 0.19529615645923257]"
812,389.29952148036017,611475.1846104208,"[0.6745619712016006, 0.05661416744344475, 0.2688238613549546]"
3658,844.8607286163834,673634.4980688279,"[0.39977477543002604, 0.04281963297393181, 0.5574055915960422]"
19718,506.8857504246666,310665.47168228833,"[0.11950253193179557, 0.2968428867887627, 0.5836545812794418]"
3741,888.8562497378921,212478.0951850685,"[0.3216334206355747, 0.13380959299795647, 0.5445569863664688]"
12660,589.5380082478986,806449.3827735599,"[0.06336314083880305, 0.29047088245760005, 0.646165976703597]"
6820,24.99540480289141,242198.94339411025,"[0.16154301541495697, 0.16736365756355992, 0.671093327021483]"
23645,510.1634876386334,401107.3480897452,"[0.1071449288913995, 0.6559633503557042, 0.23689172075289636]"
19329,334.5937260525455,961762.5437230698,"[0.01752112561419147, 0.5792314785544095, 0.40324739583139907]"
8914,262.70971090910155,731265.6970279809,"[0.39494468979924446, 0.49043207123450516, 0.11462323896625036]"
32833,327.6348703006594,332268.9750498496,"[0.22820064647986177, 0.15665489221483567, 0.6151444613053025]"
1621,532.0900832521936,628811.624215832,"[0.29304873380807805, 0.23601848579416845, 0.4709327803977534]"
19883,83.98845147764268,109856.24536663004,"[0.19386977383965853, 0.4363660619167171, 0.3697641642436244]"
48010,393.1674340445098,685600.9166052727,"[0.7001730276075703, 0.07920134281857302, 0.22062562957385665]"
5925,867.3209064678997,680493.7628628752,"[0.10912429272661002, 0.6410131225585114, 0.2498625847148787]"
27171,463.96743431028017,956240.70531962,"[0.14959806311006796, 0.30578640712253247, 0.5446155297673997]"
33576,757.3249839952329,830448.426496592,"[0.16151387471327835, 0.7602297248750801, 0.0782564004116415]"
2760,69.98030853708826,654219.9902480692,"[0.038524376700003936, 0.7851690107565226, 0.17630661254347352]"
46823,179.55068526873976,442305.3635615062,"[0.4584681829886762, 0.3527085888136048, 0.1888232281977191]"
22828,728.5791785271231,474021.3651376373,"[0.4945067086045695, 0.28263987106864114, 0.22285342032678934]"
33515,668.7302350701524,501440.5300731624,"[0.3034672497226222, 0.11570361855538884, 0.580829131721989]"
21224,827.2741701070514,697599.7159282482,"[0.4528543962088833, 0.044443050629723126, 0.5027025531613938]"
6536,238.6415596099298,258276.9014233285,"[0.4557042434918243, 0.3220621611102571, 0.22223359539791857]"
34688,106.79761805551357,444589.832192345,"[0.168806424839061, 0.13721671077651032, 0.6939768643844287]"
35540,71.22883080438697,920096.4172228972,"[0.19727993437082472, 0.10382239497442913, 0.6988976706547462]"
31931,200.71338854307567,754042.2788707229,"[0.08993326403574807, 0.6560510009749602, 0.2540157349892916]"
48046,83.69341851053471,908711.2545772946,"[0.1896815864452945, 0.8018964938110634, 0.008421919743642122]"
48156,709.9980870125926,238893.01301038632,"[0.7314970284309269, 0.020417641298345376, 0.2480853302707278]"
18591,33.42574942022537,709955.590492954,"[0.04041435865403054, 0.429408500071398, 0.5301771412745715]"
46799,780.646658239111,705531.3825615805,"[0.08601074496649852, 0.8060843613350871, 0.10790489369841462]"
8434,587.3697101258605,510376.8448080343,"[0.6493854892726315, 0.29447256425119134, 0.05614194647617726]"
42123,946.7287817987558,515609.5629148613,"[0.6172110088049931, 0.1685311179526996, 0.21425787324230738]"
17250,363.6068945255136,721906.2912672155,"[0.6661254900007412, 0.2820515548343257, 0.05182295516493323]"
14708,196.37990497194025,947582.5612651266,"[0.21873027926300648, 0.5323167538013873, 0.24895296693560626]"
46424,485.51888589741645,528633.1119910453,"[0.6903323238216497, 0.05165261012612983, 0.2580150660522205]"
10787,16.43153955677007,806813.1138398221,"[0.6909271226407862, 0.0036892351110510983, 0.3053836422481627]"
40283,727.773854718263,704222.7849564286,"[0.44716378770768733, 0.18156576367860378, 0.3712704486137089]"
7403,116.6218184618328,103903.14229881132,"[0.5807096072350708, 0.05730752271420024, 0.36198287005072877]"
10869,593.6356586177224,809092.0967705323,"[0.15238948725580465, 0.05708020059397148, 0.7905303121502238]"
26476,323.7270735047826,614219.2490649249,"[0.41827935782132264, 0.10533201649507226, 0.4763886256836051]"
23618,770.9322126790609,637531.1489365827,"[0.3347343131947461, 0.31882507193632587, 0.346440614868928]"
2625,187.34431237689864,491984.42673612427,"[0.6079946676190114, 0.11942774680597652, 0.27257758557501205]"
39995,585.3331298714525,310423.24609059247,"[0.1203254146850892, 0.4833912973134933, 0.3962832880014176]"
33436,10.321927427483535,212619.13938086224,"[0.0521072363337645, 0.5327061901685836, 0.4151865734976518]"
26094,952.7238896288784,500674.0688366232,"[0.10499057307547809, 0.2356090860113047, 0.6594003409132173]"
20766,529.7706374092016,991377.7878990849,"[0.18939650322127413, 0.11884947139189833, 0.6917540253868275]"
41046,284.8399781736873,699512.9278578128,"[0.295411152453051, 0.364206996412316, 0.3403818511346331]"
35260,410.1065622345778,399937.99173761264,"[0.045610136769812376, 0.28657913271704577, 0.6678107305131418]"
11030,891.8278505704026,516799.226017802,"[0.39061563596309096, 0.2954413830235354, 0.31394298101337353]"
17620,259.41574005398184,377541.2279535541,"[0.0032608865636819294, 0.0818484650662738, 0.9148906483700443]"
48714,414.91430399128143,847758.28361807,"[0.7312126144022149, 0.22340281072352658, 0.045384574874258767]"
26984,337.25011462438204,846257.8359757622,"[0.1781025709211827, 0.4388683683488705, 0.38302906072994675]"
8944,338.0462353290783,477807.1624109831,"[0.636972647638377, 0.24832166044428752, 0.11470569191733547]"
11521,769.1764726435307,538742.9999648804,"[0.5028226508092671, 0.05496907208822195, 0.44220827710251087]"
13151,433.1182511328922,340877.0036304125,"[0.04717050982013623, 0.1886532424889478, 0.764176247690916]"
16911,831.1616632764913,191667.3457489936,"[0.7334457877823434, 0.01275942207393885, 0.2537947901437178]"
8253,469.3216831529124,851105.0341771087,"[0.6919743103065192, 0.1712819925919631, 0.1367436971015177]"
26423,485.0399900542121,585722.5456641279,"[0.20096433975253244, 0.7988533518177842, 0.00018230842968342873]"
43900,502.84483858557934,194172.4444974464,"[0.38307407539765076, 0.07359967023770655, 0.5433262543646425]"
14636,348.07921239844137,246652.04260549284,"[0.4900664421613925, 0.2559827916450118, 0.2539507661935958]"
27964,138.38364703709456,833619.2210887414,"[0.5216690220093096, 0.2915305938076118, 0.18680038418307848]"
41076,133.55588457063857,371125.84205496905,"[0.4273493200531748, 0.25892548394100595, 0.31372519600581933]"
23475,381.46980098096105,737581.4319527628,"[0.5401510682125376, 0.06149808016412692, 0.39835085162333556]"
4433,124.63597650401404,670089.7590227175,"[0.05847994106015162, 0.18032674388361106, 0.7611933150562373]"
1209,106.49851062268893,956966.6706980646,"[0.13827802295138045, 0.4550337154699798, 0.40668826157863963]"
13440,954.3145605678548,389507.5389148864,"[0.2706807361015773, 0.5167010374958592, 0.2126182264025636]"
24165,570.8866624190098,801356.4445065678,"[0.16160271746053775, 0.6921196003080007, 0.14627768223146145]"
15702,404.3468729741241,713435.8197716917,"[0.6606302269326467, 0.23154636376380705, 0.10782340930354617]"
34593,165.43841688098442,668682.6374423177,"[0.1557642378149017, 0.00688673828223221, 0.8373490239028661]"
20453,133.81250789950204,807822.3355656046,"[0.7217504720753629, 0.027249915135783148, 0.250999612788854]"
26133,517.0553635119386,145049.54631689558,"[0.06855036629113472, 0.7159831993535766, 0.21546643435528864]"
13552,954.0161842077327,479475.603912645,"[0.35377830276520944, 0.6446853071589963, 0.0015363900757942278]"
29050,746.1048012991241,755986.4894820829,"[0.6657997622996075, 0.10146999040977495, 0.2327302472906175]"
46430,725.4700855118056,369674.4190195214,"[0.09271193368977736, 0.4833563093880537, 0.423931756922169]"
8317,706.6122737212489,291546.5544554538,"[0.49708728958267917, 0.097864424374453, 0.405048286042868]"
8396,329.63966721607096,195750.29139294365,"[0.1283889866825261, 0.8606316549336175, 0.010979358383856299]"
49495,911.7968314885712,810607.7750520988,"[0.12391315733828846, 0.7807206232903249, 0.09536621937138681]"
32103,458.1010520968054,791643.2427771053,"[0.18137303917739964, 0.6182178401639861, 0.20040912065861427]"
14809,352.7619260530032,899022.7097085656,"[0.009679981196631202, 0.5992459770317878, 0.39107404177158095]"
46769,178.12342464396383,675313.5860095762,"[0.6358727296584851, 0.048995605186941425, 0.3151316651545734]"
34347,748.7495047981017,954340.5694892412,"[0.3087808023049836, 0.04442367485969227, 0.6467955228353242]"
19202,421.8336540448453,850221.976720064,"[0.3351032886552579, 0.32262688749035284, 0.3422698238543892]"
502,217.0553810416416,517275.5196528676,"[0.3696736099887166, 0.3894077688156575, 0.24091862119562593]"
45899,595.6391401388717,941747.9390362276,"[0.3885125388200654, 0.26562286295627885, 0.3458645982236558]"
41658,278.9415874785088,211327.4512405955,"[0.8107636037671022, 0.05872555960107491, 0.1305108366318228]"
12944,741.5830847323699,755714.246367892,"[0.6627423705426785, 0.12600561202415314, 0.21125201743316846]"
24993,424.9293594109933,517563.3551849503,"[0.30641545596450565, 0.056738098465430487, 0.6368464455700639]"
10281,489.7495990992282,463957.6748805848,"[0.3648721377654664, 0.620987118372737, 0.01414074386179664]"
7822,404.74769724474186,127452.89714181884,"[0.24531693308581654, 0.556681583656257, 0.19800148325792646]"
34398,229.42820849177423,835815.1183871991,"[0.11621926415549093, 0.40612700183276096, 0.47765373401174804]"
18287,311.893782811246,172590.61738501774,"[0.2914997702431477, 0.33262907646341866, 0.37587115329343374]"
49197,70.92032010570225,701157.8081152374,"[0.671964764658538, 0.1448878875329295, 0.18314734780853237]"
25082,768.057932599148,623055.8421623105,"[0.029696532076028636, 0.9331077482002195, 0.03719571972375173]"
25018,795.5263696489402,525495.2593630641,"[0.20942128081096584, 0.30504935408114486, 0.48552936510788947]"
1945,589.9137348234804,972067.3540796362,"[0.36067108496993205, 0.16283597098205857, 0.47649294404800946]"
32722,130.17514564558843,189733.5547833365,"[0.3711420804358282, 0.5309204176025983, 0.09793750196157346]"
28533,945.8771912148916,446955.9648656492,"[0.262057114032797, 0.73065825506518, 0.007284630902023]"
46678,380.1560002575571,127071.5724008528,"[0.4836648576983268, 0.40185327369459534, 0.11448186860707797]"
17200,984.1676928575224,710623.0338575129,"[0.7692642534902646, 0.21333061103388545, 0.017405135475849966]"
49081,335.2792875630482,550132.1824098707,"[0.12043202122636937, 0.18163682347293383, 0.6979311553006969]"
35028,204.80363835895707,941000.6427057104,"[0.21750824001457755, 0.17987261653840447, 0.6026191434470181]"
15574,926.8058662430416,620966.2631859689,"[0.034855757653567965, 0.5446982224938398, 0.42044601985259217]"
43490,206.46769544336428,712264.4501258407,"[0.13048054467425285, 0.15600574671242587, 0.7135137086133213]"
44034,192.646936428783,944723.441982314,"[0.6157778795435218, 0.08368727049334113, 0.300534849963137]"
39805,702.978178444899,565847.9266036991,"[0.2894064349464938, 0.10612086033896756, 0.6044727047145385]"
40236,149.37806170618475,583240.9976425942,"[0.06675413782416902, 0.6198989273196042, 0.3133469348562267]"
25102,573.9626017981842,778716.9437153479,"[0.38203031557856765, 0.5584421439583328, 0.05952754046309971]"
37393,724.9705746062476,450120.5566643858,"[0.0845437040804067, 0.7441684892679508, 0.1712878066516424]"
40938,129.19668594185768,605123.5800932983,"[0.18414194833724074, 0.7373525381334328, 0.07850551352932644]"
28881,122.32509688353538,196208.28471503823,"[0.07985973004799124, 0.4957284630594373, 0.4244118068925716]"
18467,605.1866501354647,853493.0712644605,"[0.3235110742144193, 0.5749017985521321, 0.10158712723344854]"
9425,216.70623101794547,860498.2693281932,"[0.5967005018932585, 0.03728012281657778, 0.3660193752901637]"
4998,785.8641941063254,135588.18563565967,"[0.43021533820570074, 0.25605284274041695, 0.31373181905388237]"
39575,791.4625361497071,799373.4910552588,"[0.32188952156155803, 0.47439614423351717, 0.20371433420492482]"
18756,197.8413378624108,229735.5102593141,"[0.0949379972158696, 0.6940261745711679, 0.21103582821296268]"
22887,529.9109946343541,255706.5103219941,"[0.5717761627175051, 0.2034345548862458, 0.2247892823962491]"
25321,772.6464351997721,949867.9087201932,"[0.1981169399885613, 0.17966263472501465, 0.6222204252864242]"
19601,106.37945908028712,215345.3329127715,"[0.2023609636337773, 0.5167942876462855, 0.280844748719937]"
47145,903.844363584306,418505.825958958,"[0.6634633654378768, 0.25083338684478645, 0.08570324771733662]"
48799,569.9817792863528,653760.8024367307,"[0.13267506986539562, 0.13921470648074924, 0.7281102236538552]"
36728,51.32463273387406,118773.58830399252,"[0.8403287655239834, 0.037202769450297386, 0.12246846502571916]"
11083,48.596156943739366,131255.18731530258,"[0.18223965176491994, 0.3591651756354315, 0.45859517259964855]"
24358,140.13109212141998,952227.21046658,"[0.043604005851191015, 0.5758009209764772, 0.3805950731723317]"
11896,163.8518639079722,671506.6031575148,"[0.3808131789118085, 0.3776888489152246, 0.24149797217296703]"
43942,156.72349161307386,451890.8726981649,"[0.873104559903369, 0.10270148743172637, 0.024193952664904563]"
42517,48.11270294800423,871756.4336035576,"[0.15958616182487972, 0.7121151142739524, 0.1282987239011679]"
24421,844.9701877222716,927123.9479774996,"[0.25828502780018453, 0.673397314877435, 0.06831765732238049]"
986,319.56055696239025,587248.2586709308,"[0.7336213442840066, 0.16508896617731017, 0.10128968953868317]"
20149,301.58858992930624,843083.054688115,"[0.9197664305376954, 0.010327957774083374, 0.06990561168822135]"
15992,921.5211071610806,267076.4340111816,"[0.048341097934023504, 0.4389983333522557, 0.5126605687137209]"
6590,392.9963575836705,942876.553484309,"[0.63547855690709, 0.2361402416257007, 0.1283812014672094]"
2221,402.6256839760123,483750.1714886493,"[0.5611705335878514, 0.03955171043025405, 0.3992777559818945]"
6886,519.1623999846411,188566.02983896583,"[0.0013199399288058712, 0.210929535800239, 0.787750524270955]"
44928,834.4710482645796,885421.5011254218,"[0.20206834274521218, 0.05696409712843457, 0.7409675601263532]"
21747,689.0560889060409,604911.1950972839,"[0.2742725512810738, 0.015476751337792768, 0.7102506973811333]"
1596,252.4088999315172,451291.3720281596,"[0.22861432034551116, 0.24221308620037243, 0.5291725934541164]"
39654,146.44257218819882,359399.49567657546,"[0.05092474895444196, 0.3830321962288784, 0.5660430548166797]"
3350,850.2275518346227,316720.29051287967,"[0.16388816905649073, 0.22921896995898552, 0.6068928609845238]"
19437,856.7627955104875,439215.3668132079,"[0.744328694401283, 0.04214522664162741, 0.21352607895708964]"
26367,472.9369067260516,697284.5330500788,"[0.18330115430024108, 0.08831271843586268, 0.7283861272638963]"
42176,102.22412590489634,386194.8195024741,"[0.10872527562287063, 0.02481827372273883, 0.8664564506543906]"
47335,509.8290076588312,903354.8667789092,"[0.28742433174764614, 0.31979765808897176, 0.392778010163382]"
45309,73.83635355640268,605054.6153815428,"[0.7404559363776845, 0.13150464067266238, 0.12803942294965306]"
20798,909.7122107755008,142291.08409095358,"[0.3323445255039767, 0.32575480092022946, 0.34190067357579385]"
12783,173.9880974057633,489250.6780618185,"[0.13684329437395917, 0.17812864768467754, 0.6850280579413632]"
33980,959.8865664636112,477565.9900826686,"[0.5244373353233881, 0.2307405476890785, 0.2448221169875334]"
23264,526.2308498104024,301442.4584184581,"[0.35915217445503483, 0.4174058037390268, 0.22344202180593828]"
42410,237.35856389122804,475064.1140673984,"[0.44864092813325124, 0.34352489830728644, 0.20783417355946232]"
38702,390.1177620123346,400155.2007344604,"[0.3677853289518702, 0.20088416931041328, 0.4313305017377167]"
14758,319.8425819350719,815935.6359675861,"[0.13835397711155994, 0.005441209887836124, 0.8562048130006038]"
6528,507.25751450061335,832987.6145535657,"[0.3135010298422177, 0.3949988352452789, 0.29150013491250343]"
43613,392.13361684306375,258373.8404990618,"[0.323354669226215, 0.19900829669273393, 0.4776370340810512]"
2286,646.2791392969494,870788.3628579692,"[0.19089146204757404, 0.49972124395495543, 0.30938729399747056]"
14515,477.08916099864433,848292.0489333108,"[0.45393868886891287, 0.47005059356427786, 0.07601071756680927]"
45602,805.9711160825369,931691.5171931096,"[0.46375353009858333, 0.17835908634887748, 0.35788738355253924]"
5656,903.2310612743184,625999.7265318864,"[0.25078902388454505, 0.48060272364324197, 0.26860825247221304]"
41765,520.3945854715669,932326.4762243568,"[0.3736905318529144, 0.10626357100419376, 0.5200458971428921]"
33354,264.5129693129604,448588.77235122776,"[0.5292435673639408, 0.17448916235998535, 0.2962672702760738]"
46222,306.3717288035637,366415.709166418,"[0.054997720360356106, 0.1348703770533416, 0.8101319025863023]"
1890,764.9987796829984,533936.9658872955,"[0.6143761956542682, 0.27036037445032224, 0.11526342989540961]"
20491,260.7767838774164,169583.00974463782,"[0.6623832565128189, 0.26711275111428645, 0.0705039923728946]"
37873,321.90279495212,324213.1830359135,"[0.01658736814958226, 0.2067420669454004, 0.7766705649050174]"
22531,26.81065737831123,460268.9521411264,"[0.46828143545987005, 0.524766410712736, 0.0069521538273938505]"
17846,217.80473138313624,354592.01756303885,"[0.2672594505280425, 0.4650403037700424, 0.26770024570191503]"
6786,39.96166470868657,638576.610961868,"[0.06870416530833957, 0.8737367743278714, 0.05755906036378893]"
12489,625.6729197616356,916769.647937878,"[0.5367889105786853, 0.03658905282368478, 0.42662203659762993]"
8143,127.20723666930176,937750.8425973456,"[0.31756334952579407, 0.06709169277527893, 0.615344957698927]"
16990,620.7178234335887,737304.1455714981,"[0.1991082331665813, 0.36359354915402897, 0.4372982176793897]"
41537,657.6670903633997,505598.3780624597,"[0.18179639288457874, 0.10707646798429872, 0.7111271391311227]"
10857,450.17163022793005,578826.0681764802,"[0.2237999532463361, 0.004376285673135763, 0.7718237610805281]"
49852,941.549046613468,434964.0295073896,"[0.7197412753925111, 0.1328467275996568, 0.147411997007832]"
16096,614.2616700116082,341634.60595120327,"[0.8015359581989373, 0.04209497168095935, 0.15636907012010332]"
27802,297.7294750967721,713204.1690008779,"[0.14440464791512134, 0.4212891749433395, 0.4343061771415391]"
21862,278.3654101609851,860093.4815831424,"[0.032893181514370415, 0.3862194096911985, 0.5808874087944311]"
42790,90.62735820398832,872583.4792534296,"[0.7145654933912754, 0.16292453518814212, 0.12250997142058252]"
48733,911.1633033985876,965245.9743628876,"[0.033204742936176555, 0.1911518146930857, 0.7756434423707377]"
42780,725.8424787690539,654321.3508230402,"[0.1400442667830678, 0.28083603391820716, 0.5791196992987252]"
24325,55.81796474882033,425019.9720001657,"[0.17392752875070097, 0.12029675405373297, 0.7057757171955661]"
3423,469.67806358422206,688558.0896973823,"[0.11503314263516197, 0.025993547731131453, 0.8589733096337065]"
15125,783.7727331904466,697838.8678675038,"[0.4481399046995283, 0.41957350482737726, 0.13228659047309438]"
22243,567.3026728285874,126676.43076105212,"[0.1888083618330682, 0.7269298096912329, 0.08426182847569898]"
9226,722.3051826582664,890579.0905978669,"[0.04461689904697287, 0.7971979457532119, 0.1581851551998153]"
42880,621.1640620473452,236489.5852492984,"[0.8847446020706604, 0.007270854195625808, 0.10798454373371373]"
39572,315.37512196023664,323688.30031800375,"[0.7640639522280421, 0.09059566882507222, 0.14534037894688567]"
11586,352.5206982961228,505154.8279199788,"[0.716318152058304, 0.01676262936147922, 0.2669192185802168]"
13926,631.9021880364752,345954.9956597312,"[0.739808881530142, 0.09449494910730591, 0.16569616936255196]"
46029,288.2876307248112,345804.5937573557,"[0.3874922983401292, 0.3762233122513888, 0.23628438940848212]"
33927,961.8406435999428,908253.18978033,"[0.00155204746998379, 0.6315768217838235, 0.3668711307461928]"
46801,326.5339689500366,450274.8118406104,"[0.15423041304719878, 0.8056704852471561, 0.040099101705645276]"
9995,794.4579125759079,226543.99909319784,"[0.1193873435406844, 0.20629999983135264, 0.674312656627963]"
26326,868.4138922120225,539660.4681910584,"[0.643022344516687, 0.02302725116370237, 0.33395040431961065]"
39920,665.8517072167748,130154.58559376368,"[0.14652018071366887, 0.8039137355779863, 0.04956608370834493]"
16958,433.9402172117377,164886.65070611952,"[0.2963724252448482, 0.17350856201454543, 0.5301190127406064]"
44375,307.2742299419125,232039.09301202896,"[0.48885529604003075, 0.37383965318887, 0.1373050507710992]"
14187,988.2462906547224,747645.9464079394,"[0.5857657525808188, 0.26683754984928576, 0.14739669756989549]"
16312,924.8143652849265,576536.8004697042,"[0.0544453062954622, 0.6731597120515723, 0.2723949816529656]"
43536,37.64748019878211,603001.1249419139,"[0.3964000830047596, 0.2721686808998077, 0.3314312360954326]"
4742,969.6733464175292,453512.7710560264,"[0.11216047729836885, 0.6402924295741126, 0.24754709312751857]"
27337,483.68265430813705,727884.3080254497,"[0.06311212266235695, 0.5718059405278135, 0.36508193680982953]"
22405,174.61714113971746,976131.9406153302,"[0.008653710616293681, 0.05071660398780637, 0.9406296853958999]"
16824,923.9038896781168,355625.3450092326,"[0.39550676300039816, 0.14238259654153243, 0.4621106404580693]"
3692,451.81291830870975,902124.9590170388,"[0.5719662338041801, 0.17251534486432574, 0.25551842133149405]"
22958,449.1847942871632,685870.2478175574,"[0.25264567300221547, 0.5304544780828463, 0.2168998489149382]"
11013,252.33284641957212,902218.0355294432,"[0.5923226618681336, 0.029662641344361716, 0.3780146967875046]"
29187,400.08485903748624,800956.6532233998,"[0.49334540436058066, 0.017675362557244882, 0.48897923308217445]"
20590,202.6476513754312,118074.00883058368,"[0.7180317353856677, 0.07387367491667349, 0.20809458969765882]"
42621,604.9753403880065,473167.723943483,"[0.2476711282448228, 0.20335867879592665, 0.5489701929592505]"
22977,655.4189194044553,325562.24950046046,"[0.2044934105213847, 0.36433356109025816, 0.4311730283883572]"
16284,180.5135876361466,197366.5302706921,"[0.16295583298545444, 0.045303881590885525, 0.7917402854236599]"
15948,246.0625679002016,115264.04626879295,"[0.6279375613757648, 0.09724095631487871, 0.27482148230935644]"
420,407.87425652781377,549840.523575884,"[0.6579900334066157, 0.22450005358790684, 0.11750991300547738]"
41855,929.8896005955712,685522.9288496841,"[0.04693986381462606, 0.7871068618235978, 0.16595327436177615]"
9435,616.2909256869189,433377.1925902726,"[0.052219280638795454, 0.3315793941682124, 0.6162013251929922]"
8856,756.2729347425128,675059.4005692241,"[0.17357329582892655, 0.5288780008659782, 0.29754870330509536]"
2832,418.8168402701154,658533.5155994012,"[0.326145177382005, 0.5105697155036468, 0.16328510711434815]"
16906,875.8222695045868,665735.2266494124,"[0.028445430391461107, 0.569254637393711, 0.40229993221482785]"
647,68.2366457961675,519590.4894144097,"[0.05549675723974514, 0.5867602114133522, 0.3577430313469025]"
22813,689.8317554076231,260592.5773776417,"[0.8149710007719166, 0.009427320094649833, 0.1756016791334336]"
31859,166.5374312096898,685439.1834758142,"[0.19429917567942306, 0.6716791787278459, 0.1340216455927311]"
30027,86.09149813043706,126932.18559100914,"[0.6306077721428472, 0.21872297198649343, 0.1506692558706592]"
16490,965.7208982644748,797592.9073259226,"[0.13193789319380383, 0.29141887937635114, 0.576643227429845]"
32376,14.479190911589203,295839.7678079988,"[0.11084735839420913, 0.1198789369189095, 0.7692737046868814]"
46050,887.4807692432331,267929.89295363287,"[0.08721657198987176, 0.8773002855957326, 0.0354831424143957]"
8677,655.8867583642942,625317.8146606875,"[0.8204437085874374, 0.14419682738937795, 0.03535946402318458]"
49422,472.3988379679984,271943.6544619142,"[0.26279975410388606, 0.6209176260765562, 0.11628261981955774]"
29104,672.1675728458796,901282.9302057882,"[0.16665698213311453, 0.3524916749401765, 0.480851342926709]"
3603,643.0213329991634,671375.6902364796,"[0.14210924339307202, 0.11557707493421462, 0.7423136816727135]"
7877,606.2278629879821,322353.9877704427,"[0.6994481424345627, 0.14031638289963258, 0.16023547466580473]"
47434,918.3772896822076,721422.2676642721,"[0.33171925993588514, 0.6221128915849226, 0.04616784847919231]"
11347,169.41019720176752,300132.8118908328,"[0.8033790876040505, 0.1646550936472114, 0.03196581874873801]"
13232,562.7709781098414,949512.5941274272,"[0.41710470677005523, 0.11782084461879866, 0.46507444861114616]"
14722,911.5149792198088,497319.67337074486,"[0.014337956675457567, 0.8688625186827708, 0.11679952464177162]"
36968,51.13555515084728,584676.2658990899,"[0.5907906934095687, 0.001843081642060488, 0.4073662249483708]"
18595,413.8589788917111,223502.32952133327,"[0.08342160350198607, 0.3327916934917851, 0.5837867030062287]"
37992,17.09995257753072,610551.8219809004,"[0.3908510832714384, 0.08682969522589554, 0.522319221502666]"
33685,998.7501642014346,564508.0945261945,"[0.04011984713558171, 0.718343945465, 0.24153620739941814]"
21400,96.941371171328,828058.6352260219,"[0.03990961030524286, 0.9524568078555726, 0.007633581839184482]"
24437,166.2664650834086,679772.2260281678,"[0.3804252411215009, 0.263383260301758, 0.3561914985767412]"
49746,123.29510305870244,886762.2198552708,"[0.7718246096244397, 0.10662598288858915, 0.1215494074869712]"
34454,76.17409505300608,404784.48012263945,"[0.03832248749153964, 0.27773592453316576, 0.6839415879752947]"
41123,226.3880072437057,993162.5502843412,"[0.00032983692551047676, 0.19712771952469613, 0.8025424435497934]"
16442,531.952435333734,395570.4839509404,"[0.4724259234790411, 0.37130506171612293, 0.156269014804836]"
22472,707.3044247357093,248428.44242440708,"[0.16519320114284497, 0.471627433377905, 0.36317936547924995]"
6401,733.3635904705367,327394.1339556653,"[0.05160189395555078, 0.1401797834931716, 0.8082183225512777]"
24468,102.74254141251376,397860.88074770255,"[0.29345494789248505, 0.6851617131272923, 0.021383338980222683]"
43069,437.6854558636893,900074.3654514236,"[0.753496942843019, 0.04841882577401096, 0.19808423138297007]"
6012,906.6704355658212,796674.1274734996,"[0.6413203976868147, 0.24282220862785472, 0.11585739368533052]"
48978,223.5463404794218,735204.4358022106,"[0.16397127831710986, 0.1635980402879842, 0.672430681394906]"
43136,94.84284829690154,787889.4191158564,"[0.5615313604879535, 0.039908108430130776, 0.3985605310819157]"
26979,170.2826251768779,749805.1077206167,"[0.0155882649773322, 0.567061677726127, 0.4173500572965408]"
37995,467.4425828174215,941565.3574183546,"[0.13909660809138344, 0.04415975670512198, 0.8167436352034945]"
43447,178.62604371983122,509248.4450730933,"[0.2482942745536153, 0.47491210145489376, 0.2767936239914908]"
12331,758.7689018487582,262745.954760002,"[0.20461611284694572, 0.648650624666961, 0.14673326248609325]"
32810,333.65829459177473,801769.2214189481,"[0.19540333953869918, 0.6907062126007433, 0.1138904478605575]"
27724,487.9918479034537,507713.4966342234,"[0.5496564077498063, 0.25118451655212704, 0.19915907569806662]"
23879,569.8135962061928,239946.88139819307,"[0.1524219088506478, 0.03951739625583376, 0.8080606948935184]"
4952,764.9692284237601,675222.7930085043,"[0.6447845877674546, 0.27286773546168014, 0.08234767677086524]"
29331,52.63820499468422,186555.05673043305,"[0.4638592433355497, 0.12965086770423792, 0.4064898889602124]"
16602,915.5475980752288,866463.0311711391,"[0.517447354661518, 0.3276950712494452, 0.15485757408903678]"
14924,278.94208948436955,551992.391491818,"[0.1777510413350736, 0.48693723141958545, 0.3353117272453409]"
22795,182.055897918911,902824.1004985784,"[0.07254229324595143, 0.14679724121080484, 0.7806604655432439]"
41098,395.5443735685493,542473.2771022613,"[0.29369299402377175, 0.5127247188616536, 0.19358228711457476]"
41663,572.268320780657,539144.7397028301,"[0.3901123023086515, 0.3680086211521559, 0.2418790765391925]"
18197,986.6044826562284,761291.5668996106,"[0.6465439640001444, 0.17736281912485205, 0.17609321687500354]"
2892,82.45520775701407,175808.79325770875,"[0.039970208894022426, 0.720694908189217, 0.23933488291676047]"
25427,449.8156384023839,455808.0427134007,"[0.782439904785893, 0.07465552770355627, 0.14290456751055067]"
20275,904.1377173730845,506987.142132387,"[0.4290857688227214, 0.25439032426275315, 0.31652390691452564]"
12426,179.87574452615107,423302.1694347146,"[0.32665390443495695, 0.5164775358475509, 0.1568685597174922]"
14563,911.4097595690764,412453.9362825183,"[0.06379562507637596, 0.48888585382257554, 0.4473185211010485]"
45778,615.0878781026465,456251.7367439329,"[0.13390304366742825, 0.5409398385604798, 0.32515711777209183]"
6123,15.673145375846776,907410.9408139666,"[0.4494106753032092, 0.3260942151811101, 0.2244951095156806]"
30418,224.9194295119549,382400.9241085408,"[0.47762220331643135, 0.506803256138714, 0.015574540544854501]"
8496,767.4112814897834,516954.1673466325,"[0.2689555520522718, 0.6863494270628676, 0.0446950208848606]"
27498,756.5893845469044,841284.9945013246,"[0.5116823335877769, 0.008249781474814203, 0.4800678849374089]"
44837,689.4349618252807,930040.659965002,"[0.10625960575179866, 0.552263551871536, 0.3414768423766653]"
5625,642.6429100276713,354447.99514118244,"[0.2642256972118024, 0.445220303114517, 0.29055399967368056]"
41632,538.1501641039891,265163.1272184481,"[0.15152214565917996, 0.1948314050880566, 0.6536464492527634]"
34173,796.4721884241636,422073.4534227058,"[0.21956829372524736, 0.009055856593823096, 0.7713758496809296]"
11656,158.3455094450902,676832.6923073792,"[0.5626138797919313, 0.23554420312461485, 0.20184191708345384]"
28361,612.7391675339279,283061.0720360697,"[0.2932388542980094, 0.1682013635028444, 0.5385597821991461]"
649,833.3200672620129,411683.1081532292,"[0.369159017057973, 0.031725084153910246, 0.5991158987881167]"
29877,48.87497249766942,234852.46183133704,"[0.4937745430104136, 0.22867114484522064, 0.27755431214436577]"
13060,68.28615840256069,959210.126251688,"[0.35132037360454055, 0.588585273169204, 0.06009435322625546]"
31720,71.14324555760794,461502.217198439,"[0.2891979671039848, 0.22873989773338227, 0.48206213516263285]"
36178,343.5281885165388,815419.4823472626,"[0.10922173551049863, 0.7085288513804145, 0.18224941310908685]"
27982,609.2409615794841,450176.5036081967,"[0.0066996241184053475, 0.7355024911750333, 0.25779788470656134]"
15162,777.4590149091144,441233.6811748729,"[0.5314545201086703, 0.009518045659242982, 0.45902743423208675]"
49766,264.3355438808819,498006.4084530543,"[0.29579977585111744, 0.5214509355923435, 0.18274928855653907]"
42775,459.3560603530048,366356.0160133376,"[0.3957964276379137, 0.2002508090489815, 0.4039527633131047]"
20715,476.6689337893411,972242.9470288816,"[0.07919019630470665, 0.9112684162326637, 0.0095413874626297]"
26318,399.1326716430028,496827.8419674032,"[0.3711557841171408, 0.6228027831417743, 0.006041432741084837]"
21508,701.9950700415484,918481.5853188422,"[0.19846301697836388, 0.5471578113831738, 0.25437917163846235]"
36377,701.5866083900041,593792.8923149039,"[0.575496292479095, 0.30716977762412, 0.11733392989678497]"
31679,119.98391880614344,325458.1905464652,"[0.28629115927800763, 0.2936577736363194, 0.42005106708567297]"
15841,348.71305636844835,882291.8642271142,"[0.322371513661509, 0.5406107952273318, 0.13701769111115922]"
21365,803.5765767724577,699884.5130404508,"[0.42276805861413796, 0.023960845137580206, 0.5532710962482819]"
39915,849.2408214420169,858458.9103486715,"[0.26404304735773954, 0.3688354664625415, 0.36712148617971896]"
12829,244.53225935941808,819255.2099103187,"[0.27940668821818093, 0.0786562153472434, 0.6419370964345756]"
36074,36.50037064507805,116089.32916362224,"[0.521898935377254, 0.3747247757450101, 0.10337628887773603]"
10463,576.5294205454672,624276.0671614497,"[0.49572833616205986, 0.05299715561747981, 0.4512745082204603]"
23648,765.7705506117591,452189.1380717959,"[0.05590024292532369, 0.6339823110592037, 0.3101174460154727]"
4631,179.37246088027604,476626.1899056995,"[0.10325386450016631, 0.004705468746693063, 0.8920406667531406]"
46209,254.38136884005525,178985.2671700938,"[0.2695011929419262, 0.009054067188566604, 0.7214447398695073]"
27445,132.1275539525506,355839.19104243006,"[0.18943750227231654, 0.3897454195863252, 0.4208170781413583]"
31057,295.9702089723226,230553.61130526068,"[0.5569633800838495, 0.022867973755114242, 0.4201686461610361]"
36338,612.2635541092385,742090.6521484118,"[0.21153247497303224, 0.6300521409391328, 0.15841538408783506]"
37218,159.4795191756542,190500.0348196821,"[0.18713635296785783, 0.7638832255846248, 0.048980421447517436]"
10803,625.0293367804385,575279.3013793485,"[0.4255163599889221, 0.5590254659471091, 0.015458174063968644]"
25492,141.59617717343343,304524.635826426,"[0.5753961986138697, 0.08299308473251234, 0.34161071665361803]"
39211,764.8294011316792,943796.8982761088,"[0.3136156029261321, 0.0024512681372355918, 0.6839331289366322]"
21123,621.6265036270705,739683.840030517,"[0.8726325376062215, 0.00904390074869523, 0.11832356164508315]"
4741,798.9294882081871,351137.4601112538,"[0.39062674368363287, 0.28832256597971556, 0.32105069033665157]"
43207,340.62598044167635,975333.3097242566,"[0.21151553608190432, 0.3377859341566431, 0.4506985297614528]"
43922,806.0904942508837,271168.48587665684,"[0.15595934097584943, 0.31181983857939954, 0.532220820444751]"
20888,923.0742148473064,293772.04255674675,"[0.3494531744622788, 0.15828565636443936, 0.4922611691732819]"
37566,826.0115145728337,250989.004981217,"[0.9258786656283475, 0.03822045240083432, 0.03590088197081823]"
45055,744.852680840123,581750.0827045664,"[0.2007223612693846, 0.5821138588194951, 0.2171637799111203]"
33054,710.256150990621,872182.1375855026,"[0.7938649268416854, 0.17093265684646447, 0.03520241631185012]"
3037,922.0890945353368,364178.8123169559,"[0.09670014126142637, 0.3418909173145715, 0.561408941424002]"
44350,392.4860581600176,845507.2735707158,"[0.09057086934343532, 0.798731215503932, 0.11069791515263264]"
40908,629.8730672402146,210020.84363520885,"[0.05307825089536729, 0.09387224678212948, 0.8530495023225032]"
27216,650.1512255023049,849277.0320106138,"[0.07885256827858848, 0.8487875235205514, 0.07235990820086002]"
15251,417.679066458452,137586.54646213108,"[0.1049806336969748, 0.7838947728546488, 0.11112459344837641]"
33645,716.7937429657744,518978.23092493386,"[0.10296524633125508, 0.554246308452233, 0.3427884452165119]"
10277,831.9785174419443,591857.0970936108,"[0.3351596991768004, 0.13238774144987892, 0.5324525593733206]"
30644,47.614540934339104,481730.4401729091,"[0.211322308965869, 0.3329565801906805, 0.45572111084345057]"
5888,918.655306224012,861178.7099128745,"[0.4365718678168425, 0.2008003869445727, 0.3626277452385847]"
11417,17.027094629975878,130812.31971053428,"[0.5200024427907087, 0.10029794586035266, 0.3796996113489387]"
36097,254.1062949830583,682621.7576208351,"[0.3099221709332309, 0.2737362184045524, 0.4163416106622167]"
3728,989.305748171997,628331.9828830399,"[0.1491543437307842, 0.33253807306645183, 0.5183075832027639]"
28995,792.511177120329,546863.410367725,"[0.4118181860765816, 0.2997535093553253, 0.28842830456809315]"
687,419.97601811847625,767351.2277662323,"[0.4854859235028308, 0.5044478856643297, 0.010066190832839507]"
3405,378.3908025530396,122495.84376471398,"[0.2608534831401749, 0.5145330751769984, 0.2246134416828268]"
36736,267.27390698811814,220713.04526063887,"[0.47459603184866106, 0.41471867393944717, 0.11068529421189165]"
235,62.30175644644371,214013.84758420603,"[0.599191157860664, 0.3453593335623491, 0.055449508576986856]"
37285,727.3672965477699,807892.6761077734,"[0.4616679162458965, 0.30238940811812043, 0.2359426756359831]"
17839,764.0471245469979,962791.7076763444,"[0.49567613233651714, 0.12867524447531814, 0.3756486231881646]"
19564,388.6393388326796,713321.0895877043,"[0.1201177203980428, 0.23347031178434138, 0.6464119678176157]"
6299,199.75320556097995,550627.3711545751,"[0.0034331053770655096, 0.567265891416912, 0.42930100320602255]"
36393,340.3621785145808,327315.09157098626,"[0.5067974988831955, 0.10207828735050374, 0.3911242137663006]"
43687,814.3494679770475,556921.0252105618,"[0.01398725782648417, 0.7082096043868356, 0.27780313778668014]"
7816,38.824842525696525,594899.4099028204,"[0.7175336542384119, 0.17278810822534818, 0.10967823753623988]"
48476,538.6127385032214,512861.52298995096,"[0.0995963532131148, 0.3001246224853021, 0.6002790243015831]"
38038,811.4798641585488,873853.9641536098,"[0.16184211590861497, 0.41260672830911843, 0.42555115578226665]"
31133,777.6331532485515,329374.130330116,"[0.10264125297983087, 0.40350571512568706, 0.49385303189448193]"
18834,626.016990380982,992504.4183717638,"[0.6513072909997402, 0.2746695119445051, 0.0740231970557547]"
14427,891.4301370254487,183344.7294873084,"[0.7182738635833198, 0.126217325134597, 0.15550881128208327]"
38288,568.634715253825,261503.1564419099,"[0.39689704303853035, 0.21781849237537038, 0.38528446458609933]"
606,455.3697006858478,679977.9961695669,"[0.08179814204626819, 0.2871574255014449, 0.6310444324522868]"
1519,684.955794906295,964607.4159967708,"[0.3017706484019887, 0.6067394094545567, 0.09148994214345467]"
26149,801.6073683181692,292359.421036034,"[0.7427505792860859, 0.09541400735574472, 0.16183541335816942]"
35412,134.51632567074145,485692.1628544083,"[0.2746472686547501, 0.3680163723002061, 0.3573363590450439]"
48927,574.6727225372522,946597.9552232296,"[0.03487482269460527, 0.027352686133323523, 0.9377724911720712]"
45860,196.11426473409333,632952.9095114153,"[0.11643138842460685, 0.6666127512142654, 0.21695586036112768]"
34759,434.0218108383555,652933.3186938886,"[0.2587522951903022, 0.22845999453389976, 0.512787710275798]"
23424,424.3937339290814,311158.098508845,"[0.5441903402565309, 0.025786057275145886, 0.4300236024683231]"
42258,388.6078318176619,931449.5289769878,"[0.16563815638703588, 0.5670636076879152, 0.26729823592504887]"
2533,677.0966594981545,722437.6935065015,"[0.31247317611671693, 0.2295222341306885, 0.45800458975259456]"
46883,518.932677319893,990815.0301326172,"[0.3259527019228299, 0.3064885320911266, 0.36755876598604353]"
16166,764.5124240500986,472996.7691502633,"[0.5189338141163152, 0.28417787161273966, 0.19688831427094503]"
19625,104.09849213154152,722598.2042085031,"[0.009232317226013509, 0.33780893275132784, 0.6529587500226587]"
5736,822.5636939536299,610369.4006451517,"[0.6125371088182743, 0.12238273693267636, 0.26508015424904946]"
39348,667.2691557347846,847169.1001398182,"[0.03643501669854518, 0.1828080580751788, 0.7807569252262759]"
16687,299.9008225077962,269578.20458879194,"[0.38922580276925284, 0.3627233896070146, 0.24805080762373266]"
40366,213.7129029422359,467208.08187203296,"[0.7209373169577096, 0.0022038062320330707, 0.27685887681025717]"
10219,143.93666217425,536436.0753551816,"[0.15032618131213296, 0.7085952358091462, 0.1410785828787207]"
18199,712.6216848036659,954084.5349451172,"[0.23827010868794637, 0.17777959769588486, 0.5839502936161688]"
36948,817.9751473864653,374882.177037925,"[0.3420717141197374, 0.5817738413201247, 0.07615444456013795]"
41327,787.8269989804813,824258.0776179559,"[0.2278964837825036, 0.28294403611139246, 0.48915948010610394]"
28315,637.5790564764188,444209.78176881216,"[0.4649070793970334, 0.32269439451549475, 0.21239852608747173]"
29228,709.8657680932654,766412.3503594378,"[0.10071904006736819, 0.44600794778217745, 0.45327301215045435]"
43864,594.3634938668695,952053.9589584344,"[0.256202766406963, 0.08708598705329897, 0.6567112465397381]"
21945,570.0535011822643,881464.5879418987,"[0.10198340157923322, 0.2765465970727742, 0.6214700013479928]"
561,415.7581600771798,122253.24807566471,"[0.2963958659123035, 0.33520529755594936, 0.36839883653174715]"
30713,550.5759183487579,286007.9776596402,"[0.0964094058747077, 0.4701666437042944, 0.43342395042099785]"
4120,768.3107960485628,865499.0421606849,"[0.7608173216580184, 0.07843701111535258, 0.16074566722662897]"
39778,598.5041131122434,559769.7823025761,"[0.4898764624863042, 0.14288517618360386, 0.3672383613300919]"
37418,862.3211367263449,478332.4853029065,"[0.12829473949267647, 0.8204730753328672, 0.05123218517445634]"
41886,550.5271458686261,924979.446819164,"[0.4430989121418798, 0.3741755508046885, 0.18272553705343164]"
16604,683.0281272087417,559743.345731912,"[0.38958516759291134, 0.1441892250942002, 0.46622560731288837]"
40823,683.0424184769415,559365.1300639692,"[0.20173587805651969, 0.5127138893685479, 0.2855502325749325]"
10915,89.9277310545701,390247.9893868413,"[0.1198662996280035, 0.3328882060795503, 0.5472454942924463]"
27039,52.72685975291407,416763.2037782124,"[0.08603273942694867, 0.4651473022671819, 0.4488199583058694]"
39646,697.680971241895,846208.7832844675,"[0.599356434026856, 0.1614570351478267, 0.2391865308253171]"
6059,862.923529500704,146667.66536228135,"[0.22907607060026677, 0.3630653362613029, 0.4078585931384303]"
24786,198.18548223286504,319130.7860439258,"[0.354009656207012, 0.5173655150589266, 0.12862482873406142]"
17358,54.31759596313388,374276.8942827744,"[0.19806075470219542, 0.30497540772924364, 0.496963837568561]"
47526,275.9044879736058,459691.0700945271,"[0.3595686745644388, 0.3609162576299508, 0.2795150678056103]"
36644,110.3402113657899,459820.2198672528,"[0.037396960300807365, 0.368170837655078, 0.5944322020441146]"
27178,924.50457079765,726621.2419427681,"[0.0393098448680296, 0.16070030992298087, 0.7999898452089895]"
10170,137.7428947741644,899831.6602567177,"[0.2935818475406873, 0.2963170190573833, 0.4101011334019294]"
46669,856.3730724729431,154928.55146733564,"[0.09316597047417016, 0.5443878820619765, 0.3624461474638533]"
47295,755.0017794815025,666707.9653597991,"[0.012630332019363638, 0.6997521523335183, 0.28761751564711807]"
18489,853.185078893108,844623.9501428711,"[0.24014482945820767, 0.38158337568995065, 0.37827179485184154]"
34407,467.07607398326127,321501.38230207504,"[0.28651598148978913, 0.3672547726137199, 0.3462292458964909]"
12459,183.3182104378704,171853.77954276014,"[0.772924198858936, 0.048647834564283954, 0.17842796657677992]"
48749,452.8387494951485,836508.1355747493,"[0.8787850124699054, 0.03809092060476329, 0.08312406692533128]"
39746,325.9047105661335,895384.317110738,"[0.6254657701536463, 0.3435628914698602, 0.03097133837649343]"
20980,60.08773788623268,306954.718844153,"[0.19064595780350652, 0.08030195958413938, 0.7290520826123542]"
42415,233.0740916198276,290801.7758559058,"[0.36757410661255097, 0.5879589476383591, 0.044466945749090075]"
29213,713.8686459451582,840493.2107531205,"[0.5798904570305765, 0.016873076364661805, 0.40323646660476153]"
25235,104.5487035054839,886729.0378449025,"[0.48266776250463983, 0.3983237573453154, 0.1190084801500448]"
41866,171.01470981748687,790768.7133843998,"[0.050605070891904295, 0.0896262129235689, 0.8597687161845267]"
28265,862.5408967342338,418659.6185874648,"[0.46703900553606464, 0.06711282733402647, 0.46584816712990884]"
32014,609.7311119744974,322345.2244983521,"[0.8910234811483602, 0.03402205013681175, 0.07495446871482811]"
47549,264.9882891566168,908124.8735008022,"[0.6215868948003768, 0.23397814447416282, 0.14443496072546053]"
41880,468.1940804501816,397724.4002827068,"[0.25185010697846094, 0.23647522515666747, 0.5116746678648716]"
26153,911.0686324716104,610173.6617911449,"[0.43613238867999254, 0.3877071248681373, 0.17616048645187019]"
35501,751.6921726811281,848985.6463440665,"[0.7090336657812563, 0.04180982100494115, 0.24915651321380267]"
15759,812.235629102416,339343.2449212766,"[0.5417573081979857, 0.42152550610760453, 0.03671718569440979]"
7400,762.8245176273333,382548.5108130907,"[0.02482529994219924, 0.07454338882713993, 0.9006313112306609]"
31694,123.5458100863972,203737.04266780464,"[0.05110909039671046, 0.014448233950911517, 0.934442675652378]"
29618,357.8223373177179,198175.6274488815,"[0.21242443941125805, 0.5199924239040588, 0.26758313668468314]"
17173,666.6608113736902,368698.5459434709,"[0.02951986281662025, 0.5840223798996356, 0.3864577572837442]"
25148,271.73005309724016,169069.53186550635,"[0.07159610527752823, 0.3353912073074667, 0.593012687415005]"
40436,750.7374137991558,610973.6786575166,"[0.13394733579487608, 0.4499235013900799, 0.41612916281504414]"
25331,279.7461598080299,525143.8913714569,"[0.47456367709521824, 0.0526627055955898, 0.472773617309192]"
36409,717.8426152490188,552839.0755488797,"[0.17864525925243135, 0.4313504978230807, 0.390004242924488]"
5239,379.98077009460457,942658.8706026302,"[0.40280870198647556, 0.06861369328977543, 0.5285776047237489]"
17365,779.7254134515205,263988.66525114013,"[0.2149343238480286, 0.3501850660990935, 0.4348806100528778]"
47505,901.9488301874682,342579.0290908334,"[0.25093618190773476, 0.17338704820746068, 0.5756767698848045]"
32263,40.82580417040498,624062.2725861724,"[0.5567914765776063, 0.15010267629070326, 0.2931058471316904]"
23357,540.0467109797117,445350.74201932136,"[0.025492110505062067, 0.4136306441655573, 0.5608772453293807]"
49289,404.6294060092432,537754.0115699994,"[0.4347304990963471, 0.003406421376039014, 0.5618630795276138]"
47266,897.1485981694615,146475.0512136957,"[0.42283369929186776, 0.21007218735722677, 0.3670941133509056]"
30480,319.4287292030982,120451.64712591564,"[0.1852475286886974, 0.11578047601760212, 0.6989719952937006]"
16300,65.48578823444029,670219.6945908872,"[0.36921594918129713, 0.4238587315776973, 0.2069253192410056]"
47584,918.7549529022518,700717.6004697768,"[0.4336693046942519, 0.3019529861769384, 0.26437770912880976]"
42420,218.3609299136166,993368.0438552157,"[0.1345710520967364, 0.1944107262420398, 0.6710182216612237]"
26911,508.8203110980316,654366.6585526316,"[0.1610521487036172, 0.21717948917023044, 0.6217683621261524]"
19662,939.4965279192336,747841.9452686202,"[0.01176085995585416, 0.9299789322678934, 0.0582602077762525]"
24084,527.7606666157617,154890.72325152546,"[0.053858220031304124, 0.179051429878963, 0.7670903500897328]"
49129,788.9205000351553,933025.3193131902,"[0.12878246612188957, 0.08283741711958807, 0.7883801167585225]"
3193,713.7079432414723,409749.2789559273,"[0.08629303427344741, 0.10920058272183267, 0.8045063830047199]"
1053,481.6775357515498,172934.49275815848,"[0.4109628594363345, 0.09386523091612506, 0.4951719096475404]"
34115,515.5972492414714,272129.80929250305,"[0.4097944290146465, 0.1048128698133682, 0.4853927011719852]"
25496,424.9139443853125,567414.2942243374,"[0.41010728387119616, 0.5653402978354845, 0.024552418293319247]"
7069,750.5497687013064,693224.2811852581,"[0.0880745657075217, 0.7261193297258932, 0.18580610456658514]"
40533,661.8431015407447,665388.2107175682,"[0.0344931127662515, 0.14382865979627021, 0.8216782274374782]"
40882,763.2879618300329,333130.1902035973,"[0.2274254707062959, 0.5249498311796965, 0.24762469811400753]"
45855,509.7010424904848,122527.06347289354,"[0.495951799233651, 0.2333650298896679, 0.2706831708766811]"
26630,708.985123125202,185880.44102689528,"[0.057862781006699913, 0.24676240419999795, 0.6953748147933022]"
41158,361.5641972914162,287089.6063505912,"[0.0719824271287741, 0.7890947606861827, 0.13892281218504324]"
26851,972.63378331733,338083.2577470296,"[0.6572969447488618, 0.07659309037678219, 0.2661099648743561]"
46932,971.9097891535008,820385.6984295784,"[0.4110592803460882, 0.41506041847823055, 0.1738803011756811]"
24994,58.61765550138047,448294.2669137612,"[0.6498851509084992, 0.10277116224666116, 0.2473436868448396]"
26120,968.3746468893536,325760.0737911265,"[0.7883416181522117, 0.1230429556185687, 0.08861542622921963]"
31798,494.22602624227056,880953.8423755856,"[0.27367274896883914, 0.2606522618507699, 0.46567498918039096]"
29678,21.15784365774581,636867.3214654109,"[0.24126619089630716, 0.2429775590168604, 0.5157562500868325]"
4381,383.3596611203062,888837.7721914161,"[0.11090936451018016, 0.7677422177609111, 0.12134841772890859]"
13572,747.2742623232198,525567.9221828581,"[0.0342760301803691, 0.740267184875738, 0.2254567849438929]"
29909,652.5599268809361,392744.73887345416,"[0.43038994418444027, 0.24625676533384927, 0.32335329048171046]"
26757,13.276832336316428,269963.01545883215,"[0.8872887810163211, 0.03214364753102638, 0.08056757145265246]"
10349,336.53017789547044,901282.1374269258,"[0.19485644628640195, 0.7192810787136869, 0.08586247499991125]"
36062,149.68759097866027,528093.3210621951,"[0.6819618198413063, 0.17384111686356413, 0.14419706329512966]"
4281,520.422441557254,681427.0051506426,"[0.2590176382037317, 0.10889040856044001, 0.6320919532358283]"
10884,214.64791817092052,279259.0789008231,"[0.0638720033512816, 0.08114442794028869, 0.8549835687084297]"
26408,747.2775989004986,960195.110185116,"[0.05925135606204673, 0.4759624627255044, 0.46478618121244875]"
618,326.4415842181603,706444.9582030373,"[0.7682984922346097, 0.21485718682977437, 0.01684432093561606]"
10807,280.23595189774943,763174.2377758713,"[0.019937287602182725, 0.10894034867137692, 0.8711223637264404]"
2029,595.3377510375465,349747.32632673346,"[0.13506188237804942, 0.583006409590003, 0.28193170803194756]"
9306,675.0310665253552,950361.2792553012,"[0.14932202236767628, 0.6349569173722697, 0.21572106026005408]"
6459,32.161381993491744,956638.713668562,"[0.5290681919770963, 0.16332623103816743, 0.3076055769847362]"
48493,804.0298752002874,229234.2380198978,"[0.350846246921833, 0.30276231853835894, 0.346391434539808]"
36125,292.7903074129607,763345.1779881614,"[0.16926546181140859, 0.2629168142366249, 0.5678177239519666]"
35713,731.8610437411451,938988.4961435582,"[0.2966376308604797, 0.3923735969398575, 0.31098877219966287]"
45134,927.019478277684,799166.4023330999,"[0.46752211624051054, 0.3313999014789881, 0.20107798228050136]"
27026,807.8364843019857,239049.3504094844,"[0.3524365875295928, 0.28766934226609553, 0.35989407020431163]"
23504,399.1003433411963,763006.7174176527,"[0.2237261553236383, 0.30893651222895385, 0.46733733244740777]"
25311,430.2245427277328,409747.8032167489,"[0.4048308915601787, 0.021129370858771774, 0.5740397375810496]"
2032,869.1599059141985,917643.7423473322,"[0.533977625121266, 0.29451833022149204, 0.171504044657242]"
49985,207.2889277303888,444406.3065861692,"[0.3195599318217596, 0.023723669225344333, 0.6567163989528961]"
34812,218.9314602334953,489879.9482949122,"[0.25538231765202735, 0.46416002863092654, 0.28045765371704606]"
26622,526.278378700406,255608.77723881963,"[0.004179722685722363, 0.7531368759359786, 0.24268340137829908]"
44719,897.9867139272707,395737.897267157,"[0.06244686198509982, 0.19239563663215176, 0.7451575013827485]"
26390,896.9650704354672,672079.1189857305,"[0.11977119401401766, 0.29017178154031326, 0.5900570244456691]"
26730,743.9524545171005,332371.9446108616,"[0.19667838373859567, 0.686605060296138, 0.11671655596526635]"
7226,825.0505617720183,774868.4333660074,"[0.6373086316884043, 0.328584848299667, 0.03410652001192859]"
44143,863.3410510698019,661585.3029045974,"[0.09185174794355179, 0.29999619060486543, 0.608152061451583]"
10021,222.08070995257503,200897.45298381412,"[0.13206048738379608, 0.8317768285529836, 0.03616268406322038]"
9696,377.0302555972255,314316.7751322781,"[0.21409865849345422, 0.38178296863716893, 0.4041183728693767]"
48858,135.60710591844563,284481.3431907211,"[0.506685853484076, 0.25491592030006416, 0.23839822621585974]"
19599,767.8447254105635,776771.5882278894,"[0.48182763532327627, 0.4492362908253402, 0.06893607385138356]"
9764,712.3639432100019,352064.14980525314,"[0.6432370740112844, 0.23636873483784424, 0.12039419115087133]"
48751,15.005149283150066,125407.32301466288,"[0.11626554041385083, 0.5601179319514619, 0.3236165276346874]"
22970,774.5190698884186,541386.0216612796,"[0.19462510625912188, 0.6482304245751863, 0.15714446916569175]"
49272,282.9109508861407,572942.1624108986,"[0.7495820904614444, 0.1332189884090522, 0.11719892112950327]"
4474,766.527556002431,364368.3736852492,"[0.6449702611167275, 0.2786856404277155, 0.07634409845555716]"
30760,380.13430958678265,126682.92106929955,"[0.7274980339777699, 0.17173775646677944, 0.10076420955545073]"
49466,552.3064158409322,752427.47987599,"[0.5991999796243387, 0.16769767510437358, 0.23310234527128773]"
48238,567.7768285251162,291807.8446747815,"[0.1780469359344996, 0.05452262200079415, 0.7674304420647063]"
32515,339.8995475383258,385722.5057396927,"[0.19450660796651015, 0.24265526999147005, 0.5628381220420197]"
31809,130.88460217612538,147871.18081522704,"[0.7666277164933124, 0.06626140353893857, 0.16711087996774907]"
4971,519.837706590253,798967.7615508327,"[0.17611266002459852, 0.6316092096342117, 0.1922781303411897]"
35639,85.50209544675116,303945.3445072067,"[0.17298187738589457, 0.623862972405183, 0.2031551502089225]"
37871,473.44537703553584,980680.5414175036,"[0.12029018547927417, 0.7985153715519974, 0.08119444296872838]"
9122,766.275450829649,779536.6809642854,"[0.4318439170117763, 0.13808709962692997, 0.43006898336129373]"
31851,749.8995567897813,301568.5867522344,"[0.0008049114569111495, 0.6445217971247433, 0.3546732914183456]"
14776,29.09097202429958,557963.0160264529,"[0.17404631883913313, 0.7489375414535032, 0.07701613970736365]"
43977,747.9788767268444,717116.1852517967,"[0.4047354674753622, 0.010725743040434471, 0.5845387894842033]"
33925,884.0383277922024,583620.9105621715,"[0.772306272770289, 0.22676475908258328, 0.0009289681471277551]"
34819,475.36377927219417,562796.6120676876,"[0.20363992360308303, 0.7717921199694023, 0.024567956427514574]"
43187,217.8959381121444,978771.6516994864,"[0.3676037855121393, 0.34013168515352826, 0.29226452933433256]"
29095,536.550739559221,559654.2501057298,"[0.30856112697553945, 0.5725379290432162, 0.11890094398124437]"
31936,70.11065783012594,833791.020485301,"[0.030563743033163657, 0.19598547678233363, 0.7734507801845028]"
12263,422.9923825638824,783700.4862544338,"[0.6946630046379835, 0.06752038653075952, 0.23781660883125685]"
34395,788.1816370416008,763689.1117403781,"[0.45080029058294835, 0.5090277364186928, 0.040171972998359]"
36703,369.5943384714933,323516.0816331738,"[0.4822670294234668, 0.011069938113690296, 0.5066630324628428]"
34060,745.8172650213993,539652.4921305482,"[0.1088077463719243, 0.12062975761810674, 0.7705624960099688]"
46178,875.8339454857919,346865.64221511246,"[0.06899135540662968, 0.7953588520920212, 0.1356497925013491]"
26572,67.08757419368162,213309.6993938088,"[0.44545110547735367, 0.47950556569826486, 0.07504332882438136]"
6988,861.4318111010335,615236.9123020035,"[0.5091182451276117, 0.4262333017008034, 0.06464845317158488]"
41403,247.74489219322584,232379.1008454705,"[0.41336391403261896, 0.043176994769839425, 0.5434590911975415]"
3659,774.2428285569802,204544.64504148965,"[0.014115814577147992, 0.009360479986922477, 0.9765237054359296]"
7887,106.1507452933708,689914.4620902532,"[0.09478110523908281, 0.4907671793521048, 0.41445171540881226]"
27582,376.7709413830496,744124.4642394431,"[0.3786406159525574, 0.5090904496907379, 0.11226893435670468]"
17026,962.1502583316664,186073.1194553745,"[0.8420902656776699, 0.0502992447512611, 0.10761048957106904]"
46607,905.5379836763234,675798.0524814865,"[0.15210218241934662, 0.5565128915806203, 0.2913849260000331]"
45638,644.4627728615069,559558.0293591307,"[0.19642820058830807, 0.2639439132921719, 0.5396278861195201]"
46440,110.56367073748584,748672.0018529027,"[0.19264934350547905, 0.1827727550952661, 0.6245779013992548]"
47716,822.4569610057475,327188.4691542899,"[0.40998233228778813, 0.1353166615223129, 0.454701006189899]"
13462,487.8308085397597,141849.8944314259,"[0.12915196168977253, 0.2248178549756747, 0.6460301833345528]"
11403,480.8366836917545,740462.3327743629,"[0.43970417231489556, 0.17456991572351271, 0.3857259119615918]"
44499,908.0787105825848,425076.587407704,"[0.3241040208094668, 0.31668614707174647, 0.35920983211878676]"
28660,716.194511471887,748977.167232041,"[0.4669732288208885, 0.19443370618434574, 0.3385930649947657]"
43099,797.1278525344669,936206.8424763014,"[0.6471298540608169, 0.15501461209235304, 0.19785553384683]"
27797,532.7404370613814,833309.8163296627,"[0.3949098884362507, 0.47639954452199457, 0.12869056704175466]"
5520,51.81688413931337,203215.623351082,"[0.4716922712027088, 0.010372541769233008, 0.5179351870280583]"
8004,801.3517126573855,749894.5820430246,"[0.2379529915136854, 0.6682320111810173, 0.09381499730529741]"
15482,433.53618444462,433371.83212951705,"[0.10195277660247909, 0.6452928747417269, 0.252754348655794]"
48496,928.8214506596468,261245.32970729115,"[0.18833499089559563, 0.7089247965836177, 0.10274021252078666]"
12537,113.19887846189226,728353.830186828,"[0.41873802300359786, 0.12166688348047884, 0.4595950935159233]"
3395,43.1829574758245,672972.4771514182,"[0.012566404930123015, 0.8043225220109259, 0.1831110730589511]"
49747,267.8021765817536,341167.9184129863,"[0.1340403348165601, 0.831598415134992, 0.034361250048447894]"
40203,939.1363603310424,669522.7004835915,"[0.13935765990243987, 0.4150894212009808, 0.4455529188965793]"
41112,866.2719282449727,842004.697067939,"[0.13565935319487638, 0.5856036755806456, 0.278736971224478]"
27501,796.3459907799968,533306.0424181803,"[0.5765103845022482, 0.019004576022221477, 0.4044850394755301]"
29189,645.9831948859845,241053.45967187188,"[0.5079757645026454, 0.034454248429637714, 0.4575699870677169]"
3353,168.8847139270801,279245.9124846349,"[0.07917262263415507, 0.02203777054424542, 0.8987896068215995]"
82,196.6330515578897,849855.7144629171,"[0.11163309739601925, 0.23561271639834466, 0.652754186205636]"
34354,878.6906256460087,991649.8812101722,"[0.6658736966787453, 0.03196660260089659, 0.30215970072035814]"
13517,259.3268284398761,466685.4905076926,"[0.2151295222248586, 0.2892468430656085, 0.49562363470953286]"
28292,311.45582980608174,780534.8758274404,"[0.48221959116320184, 0.14315431429011588, 0.37462609454668216]"
45761,743.0131990793416,675911.5601224091,"[0.2185791699321379, 0.7811859838959512, 0.00023484617191082933]"
31249,441.0908690137139,122661.52351887291,"[0.1183968788321598, 0.33025061691478186, 0.5513525042530583]"
31024,10.6004845714369,704874.5667525769,"[0.7570175474799241, 0.19739714798276348, 0.04558530453731257]"
20442,602.6208270949559,928075.0363961848,"[0.9194866572921, 0.06021591502503394, 0.020297427682865948]"
7934,515.4423039587966,662506.0614604935,"[0.3776601734673725, 0.33256204650706894, 0.2897777800255585]"
17521,366.5092484549946,201961.6644347045,"[0.12058990004362886, 0.09620880623639787, 0.7832012937199732]"
15140,716.3149397145556,264649.6604679025,"[0.36078585003806335, 0.33318892195736904, 0.3060252280045677]"
26276,22.60128015199786,613897.1226849309,"[0.11181784544815139, 0.7265746297953415, 0.16160752475650714]"
34220,289.2709837708393,655247.7073203805,"[0.262207969024219, 0.415299377344431, 0.32249265363134993]"
46393,466.7595489232364,775388.792652676,"[0.16098257385085524, 0.6195713280752362, 0.21944609807390844]"
12057,383.2150506811792,921266.6403533292,"[0.6857743810101956, 0.171380303375218, 0.14284531561458633]"
22101,407.48234337962265,920752.4610515065,"[0.7259962878420415, 0.18894798505798896, 0.08505572709996964]"
3048,312.3512194389986,346262.664860341,"[0.13312196402556928, 0.626980552448593, 0.23989748352583784]"
47978,972.3466306241108,103345.86255636756,"[0.01311554830315375, 0.43671616151561393, 0.5501682901812323]"
39916,445.505344366134,850638.7100994901,"[0.16834724970217216, 0.24340733375172766, 0.5882454165461002]"
17631,769.8135220009708,330935.6573411919,"[0.4722752139701158, 0.2435906419478981, 0.2841341440819862]"
35915,270.5460883707183,581821.9377071953,"[0.16379522167465682, 0.5254020551679007, 0.3108027231574425]"
13729,804.7849610804665,236255.66528386305,"[0.1861292863690467, 0.693123657493399, 0.12074705613755445]"
37130,757.8239512476583,809409.3732482898,"[0.12253137520718511, 0.4783777433323068, 0.39909088146050814]"
1817,286.58001226930924,922643.7538026366,"[0.2060415759000069, 0.27471547045941613, 0.5192429536405769]"
43070,29.62782407181618,930327.9081992112,"[0.13516735115046352, 0.29047677898935376, 0.5743558698601826]"
49372,793.3029678595608,962894.7132330624,"[0.03531850516451063, 0.7290981311279642, 0.23558336370752533]"
32448,275.47962161181664,313981.5802663966,"[0.23429104658631322, 0.5609616747343007, 0.2047472786793859]"
27107,672.9603886199336,332576.2071725149,"[0.7975221745058262, 0.05029438881910223, 0.1521834366750716]"
14845,856.3526360799501,950935.865520749,"[0.18803705809823582, 0.7875877992572637, 0.0243751426445004]"
5225,880.9637241197715,975674.6910835188,"[0.114555703239595, 0.5050784241311866, 0.3803658726292185]"
22714,448.1737026155964,507884.8146904106,"[0.39296375191558736, 0.5245312311209676, 0.08250501696344516]"
28088,234.8940208504949,213525.8027100053,"[0.10559422688051744, 0.3489975398847781, 0.5454082332347046]"
12147,698.3694190010593,366408.1017831765,"[0.5131075503909697, 0.3749724359814152, 0.11192001362761518]"
18807,222.73411214255776,591515.8577463988,"[0.07286883061217185, 0.5970546258078753, 0.3300765435799528]"
4685,612.6509578335691,922706.4966864146,"[0.5533260553576541, 0.1896887946546783, 0.2569851499876675]"
710,911.8371350336978,703166.2554070094,"[0.13199960774953362, 0.5614386955266644, 0.3065616967238018]"
24810,121.391774603666,355928.8421932431,"[0.700260569978112, 0.2010715191022789, 0.09866791091960916]"
18886,273.514641634457,354895.5890423334,"[0.11272097743729852, 0.44276545381786486, 0.4445135687448366]"
25357,43.5141998665997,637664.3992808245,"[0.6962457757188568, 0.2105947479021129, 0.09315947637903027]"
25897,737.47261351641,664270.2648490728,"[0.09994141990682226, 0.2511352662316066, 0.6489233138615713]"
5688,660.8895438988151,983448.7766430394,"[0.538608467899047, 0.3411662477962175, 0.1202252843047354]"
6359,215.850561787782,102310.8857762628,"[0.28280297170714214, 0.22009956311835496, 0.497097465174503]"
773,852.2032175202727,814192.0156532032,"[0.8954558182862411, 0.0806183903059848, 0.023925791407774056]"
5322,228.40992546953228,445969.1201339704,"[0.3614236190503072, 0.5658401857919836, 0.07273619515770922]"
49873,249.1547866676874,928148.227518902,"[0.6410132380196996, 0.0021363609023361276, 0.35685040107796423]"
16212,229.91590855917443,760912.8242712554,"[0.2414430915910792, 0.6159503497912738, 0.14260655861764698]"
6262,602.9718954932933,413169.0142351974,"[0.25071422528056403, 0.21311464277093753, 0.5361711319484985]"
42975,910.8363877015574,689506.1426047825,"[0.4107895341867383, 0.19083764143673113, 0.3983728243765306]"
11009,940.4897273485016,442301.0940014646,"[0.14432539689813506, 0.10508993891465701, 0.7505846641872078]"
24861,677.0064591073148,548159.8940663915,"[0.21647759667030517, 0.7406763786414297, 0.04284602468826512]"
1754,679.2973771090218,210561.3005117268,"[0.3716719458869664, 0.45128107128381506, 0.17704698282921857]"
32020,790.9800423398622,595877.0000008215,"[0.01719958017168051, 0.499466046222127, 0.4833343736061925]"
18696,833.0933156456716,302825.93910068367,"[0.39203622098009056, 0.5488706499911332, 0.05909312902877618]"
45864,136.00990056905573,505768.8107905242,"[0.41066582868500867, 0.10482493020561219, 0.4845092411093792]"
14227,220.3317902314446,861855.2246199538,"[0.5770641923381727, 0.2223602065621068, 0.2005756010997205]"
21858,484.262768341404,319160.57083883043,"[0.3289958595487634, 0.34932179703320454, 0.32168234341803204]"
17439,459.97163590516976,414698.3737740554,"[0.6917768887591275, 0.163731540303443, 0.14449157093742945]"
17590,177.79079569980524,941735.0222484622,"[0.7490604449049247, 0.16911602943250695, 0.08182352566256818]"
47898,840.3559542764473,286063.85788585566,"[0.6463504265582765, 0.20205930921103932, 0.15159026423068409]"
30808,289.8282783995186,780000.7954851714,"[0.23545817725180151, 0.026155319051907985, 0.7383865036962906]"
32603,108.19263373386212,166684.6143260884,"[0.32945584141025186, 0.49456314277536306, 0.1759810158143852]"
43736,42.70287034426098,650620.0584649019,"[0.5532979844429792, 0.41572191045298623, 0.030980105104034476]"
33963,767.6304167156036,921520.6808063036,"[0.3664219106027045, 0.5690367993357696, 0.06454129006152586]"
1210,879.3636591667563,774656.51318408,"[0.6581823375659368, 0.26922499183840093, 0.07259267059566228]"
48849,43.38337947467487,818820.3866533764,"[0.004249546876717734, 0.02832212637950556, 0.9674283267437767]"
49875,490.1363868604688,637809.3266274857,"[0.4239593069268068, 0.31990998891189565, 0.25613070416129763]"
16351,100.3851743715802,442254.9076210336,"[0.2546923968979705, 0.6730237111578027, 0.07228389194422677]"
1935,129.7443229680423,445907.337782348,"[0.08365208428325227, 0.6717868051373251, 0.24456111057942267]"
37849,996.5886434424098,970661.2976983734,"[0.6285026334912301, 0.08758282993122797, 0.2839145365775417]"
21201,421.6207646469911,611907.1856511876,"[0.014436576029419102, 0.026861882052107287, 0.9587015419184737]"
771,351.6942786344534,696023.6357953524,"[0.17806263596090605, 0.0493760452238632, 0.7725613188152307]"
41122,805.1158595377384,103618.36908472572,"[0.19689491777239534, 0.11633950867369629, 0.6867655735539084]"
24666,785.1755118779549,943144.98018873,"[0.5792206114253466, 0.18855039741516616, 0.2322289911594871]"
42357,889.3632890442964,484422.3460721236,"[0.07020235981682386, 0.693743196178779, 0.23605444400439715]"
42323,815.2523571132391,350958.4854626674,"[0.35555914992371357, 0.21957328606128113, 0.42486756401500536]"
5756,336.15062226827934,973072.1339108308,"[0.6997617891540558, 0.007947529611774123, 0.29229068123416996]"
40561,513.3178266793368,567865.5829167962,"[0.14036085065077283, 0.23215587911668098, 0.627483270232546]"
3829,241.6560096336751,143656.7225026883,"[0.14314987771579302, 0.5119877416588122, 0.3448623806253947]"
33622,325.41205415242047,297554.15854428976,"[0.10273627472509701, 0.36575646438880255, 0.5315072608861005]"
38993,362.04818366282177,755416.4916632058,"[0.06461099597339663, 0.8940740182903822, 0.041314985736221034]"
6072,832.3574412679632,655133.9047578624,"[0.22535367232125086, 0.21901000639580206, 0.555636321282947]"
26418,62.712898337066285,301180.0333477623,"[0.20050552371434277, 0.34574980148728157, 0.4537446747983757]"
33596,648.3580408322972,147631.031674042,"[0.5548884243447193, 0.3652533378965747, 0.07985823775870605]"
48581,14.588598669070098,590057.0871367025,"[0.8556243108187912, 0.13186213194061253, 0.012513557240596208]"
4426,671.4104116159858,898310.3636688442,"[0.11986287225670342, 0.03118229417372464, 0.8489548335695719]"
16870,808.3159335441795,188689.9037793893,"[0.45192973358184585, 0.014562428691454387, 0.5335078377266999]"
47954,794.7278182469373,324781.1163473769,"[0.05770455084075839, 0.1940466735743293, 0.7482487755849123]"
1396,187.70516791606903,307050.0801254668,"[0.187017389095374, 0.6156908144729915, 0.19729179643163444]"
40201,12.583315662564772,981307.7178963705,"[0.1444044950370452, 0.1054051572163008, 0.7501903477466538]"
41549,443.4839684598768,501498.45637116913,"[0.006718897136513755, 0.07087915251173915, 0.9224019503517471]"
23834,547.4764394564621,985340.2956124364,"[0.21408949300698943, 0.5510419445696433, 0.2348685624233674]"
4763,934.5475550414008,849267.9498157678,"[0.06083990623234021, 0.8605027016605092, 0.07865739210715067]"
12507,919.0105666387834,770085.4191251616,"[0.09214332871815435, 0.22149682913262575, 0.6863598421492197]"
30660,71.91901879352756,349417.5782459704,"[0.09421909830762358, 0.044484584853538386, 0.861296316838838]"
39667,233.400492537356,409576.3844644703,"[0.12377699523203559, 0.4838729414941, 0.39235006327386435]"
29565,307.741863635739,712676.4775010846,"[0.3315941700042604, 0.373570341135409, 0.2948354888603306]"
43589,43.820569348699244,378733.88111402525,"[0.4794216536881807, 0.06049112489514696, 0.46008722141667224]"
38412,363.683053064673,830755.5854239794,"[0.8459651790722673, 0.07612008906267177, 0.07791473186506082]"
27084,205.08428781581355,624093.6460643536,"[0.10167033788192804, 0.1547158953150273, 0.7436137668030446]"
2867,129.75831074522526,896215.1429465918,"[0.07342946225831319, 0.4762217493265624, 0.4503487884151243]"
25804,787.8553006183328,990357.2079583282,"[0.7502673369715217, 0.006640161983599393, 0.24309250104487876]"
22587,633.8523886823024,580301.1777500657,"[0.6669920850789218, 0.003646541743931383, 0.32936137317714675]"
34242,568.652991849363,143141.16101681243,"[0.5138542868239121, 0.1812688923006041, 0.30487682087548384]"
29462,965.4042362751318,439549.8473203083,"[0.1022174826867716, 0.3739959614655724, 0.523786555847656]"
14061,890.682117017213,814563.3968814133,"[0.31606599251489853, 0.1369570645915845, 0.546976942893517]"
33180,292.0420175113908,157202.67682017075,"[0.048831232133968276, 0.9166301098858115, 0.03453865798022005]"
3771,59.0323940055228,866614.2837092486,"[0.4112240154080826, 0.26733608057454156, 0.321439904017376]"
38043,339.76234287900263,605153.5497960551,"[0.10299080160677719, 0.10692251234729486, 0.7900866860459279]"
36986,640.00092276758,580168.263972407,"[0.4191480792717712, 0.007212125002406968, 0.5736397957258217]"
16100,936.9619084591196,993964.3287999282,"[0.041093768192329044, 0.20535295978369314, 0.7535532720239778]"
49463,229.00795542029604,760929.0897608334,"[0.00750973080654743, 0.37301108092489277, 0.6194791882685597]"
7674,529.9609820509395,469163.8981986944,"[0.4661053432663555, 0.30701472255593515, 0.2268799341777093]"
28664,543.225784569621,173841.47598940003,"[0.38635121810453227, 0.2861551726676644, 0.3274936092278034]"
47408,715.4790814684354,115789.21760726724,"[0.5716634389219193, 0.14247761666979014, 0.2858589444082904]"
20097,752.7980393953139,795770.3632676286,"[0.05634275934263229, 0.3929455983921629, 0.5507116422652047]"
27291,839.0846823008957,114654.09807516757,"[0.09517040107032587, 0.5751533374816307, 0.32967626144804335]"
48936,584.2783191183299,575825.437503411,"[0.08307031157797362, 0.4449214427033041, 0.4720082457187223]"
28701,219.61910155825305,693066.5827249581,"[0.44742258500355975, 0.2214859723247708, 0.3310914426716695]"
13445,876.6686769455539,827570.4424169774,"[0.5125693504167541, 0.48201062616086615, 0.005420023422379645]"
38673,892.9130839594884,499677.8350112469,"[0.13083958071613153, 0.7313063508028133, 0.13785406848105516]"
25736,174.09385400430833,865865.985311244,"[0.15268719170664902, 0.8108488787558386, 0.036463929537512554]"
32521,97.669000346836,445598.5114534003,"[0.1704471820378005, 0.6608656694250846, 0.16868714853711483]"
52,322.45804674542245,298984.52380571683,"[0.14359375111437372, 0.4107552143341525, 0.44565103455147376]"
45290,177.7277971318387,244902.0839919745,"[0.44599960161965363, 0.5320403073744162, 0.021960091005930125]"
14987,617.9034174445219,473585.9954787544,"[0.2811286136603842, 0.004412106920606701, 0.7144592794190091]"
43851,537.5718218827769,975339.128890072,"[0.3986702840386212, 0.08735360300105471, 0.513976112960324]"
29645,228.6234185472416,188988.484634333,"[0.06394127945383972, 0.868301606267323, 0.06775711427883714]"
39456,975.3639230118098,824069.058981255,"[0.3584944970888412, 0.14151562096167858, 0.49998988194948013]"
47911,749.9841724754405,960000.480661796,"[0.14265629151039777, 0.021325064081661436, 0.8360186444079408]"
47827,694.7719634538835,408417.35775724833,"[0.18271950672290782, 0.6644074243247825, 0.15287306895230973]"
20375,467.21899640358686,280410.8747478136,"[0.35640795927736, 0.24374594435320934, 0.3998460963694306]"
21624,397.72749417840754,900787.8311614462,"[0.012896694951327246, 0.7700128125733613, 0.21709049247531156]"
6664,606.7164097570652,774070.7927620981,"[0.5809770538484302, 0.3944290846413722, 0.024593861510197483]"
19807,561.5082923435858,972469.2233277411,"[0.08480803614451105, 0.3305626591131836, 0.5846293047423053]"
29425,519.8873215791061,552152.4383177592,"[0.25607435538214773, 0.741256077992274, 0.002669566625578179]"
31241,586.8602073905279,363927.8731287083,"[0.20586950216829406, 0.6379015510312792, 0.15622894680042682]"
42218,414.39323123443984,780761.3039209866,"[0.13576328538020724, 0.7574002468685427, 0.10683646775124993]"
13620,679.0171292079787,623377.4651028313,"[0.5428378845743326, 0.3019684600868226, 0.15519365533884472]"
41863,711.842483529035,518425.2118671165,"[0.1873258957339682, 0.7220194432074436, 0.09065466105858828]"
16303,896.765882104928,543272.5008702925,"[0.18631132957162858, 0.6116633427494717, 0.2020253276788998]"
10649,789.0951988811611,806128.2332001121,"[0.5875638437118228, 0.3953975753949707, 0.01703858089320633]"
1685,848.3896091460775,852578.0085783069,"[0.0694064713236858, 0.474788500421434, 0.45580502825488023]"
28793,375.3516535486577,792711.4859179568,"[0.06617704118244834, 0.158350753883496, 0.7754722049340557]"
38498,823.4095254817735,936000.4036247624,"[0.04685354993714318, 0.1798315542887778, 0.7733148957740791]"
12534,544.3206460117589,385957.7241663956,"[0.45108766960591473, 0.4967199198429155, 0.052192410551169736]"
46244,512.5004050410078,981558.3227475578,"[0.048992451609723264, 0.3643487236876788, 0.586658824702598]"
111,442.3819464704569,990056.7834673089,"[0.12776974582263703, 0.006855589319965105, 0.8653746648573978]"
24615,240.1718776753445,644471.6270486971,"[0.4906363777690316, 0.2616906324194866, 0.2476729898114819]"
18878,204.840572014892,889700.925745361,"[0.18610080329100395, 0.7720834862251604, 0.04181571048383563]"
15756,350.3374275322511,266859.4957234515,"[0.3397416779654544, 0.38385080214906886, 0.2764075198854767]"
22711,33.99777245233746,497342.90845880925,"[0.03259917509862785, 0.4688927518988452, 0.49850807300252686]"
14571,993.5604158563208,619222.7276961817,"[0.1343227225548763, 0.7800002081744708, 0.085677069270653]"
9419,159.43227858661493,171016.90456049572,"[0.5256922114975262, 0.047229673252698626, 0.4270781152497751]"
18378,197.6606493801028,106057.08743335328,"[0.11993152890021848, 0.23710328884796017, 0.6429651822518213]"
7616,529.5539404415521,538964.4511703218,"[0.21436681415853714, 0.6215493584655066, 0.16408382737595617]"
37543,409.6758708005921,684062.3082615327,"[0.11114621456261928, 0.16002232512698278, 0.728831460310398]"
40480,294.4812414785709,352501.56348273216,"[0.35645367942450695, 0.1238428763478596, 0.5197034442276334]"
14773,761.4292018560491,675434.1054500978,"[0.11563913177151862, 0.21880520315554336, 0.6655556650729381]"
9686,875.6464272411274,402067.6696585974,"[0.026955743873395194, 0.9047120708059065, 0.06833218532069811]"
13479,606.3609340036899,997978.082114924,"[0.06645711816422353, 0.07723686820371402, 0.8563060136320624]"
18123,908.9712775213848,758799.4387051706,"[0.27824634453676844, 0.7068010930421423, 0.014952562421089263]"
30213,315.31611588198143,296995.6424208636,"[0.3486371965516069, 0.25971434549952116, 0.3916484579488718]"
15727,992.208052827414,637907.7876763273,"[0.8689507222058809, 0.11643590304894177, 0.014613374745177196]"
23215,874.4178224658154,377022.0031377037,"[0.7070522668862339, 0.06555801106677282, 0.22738972204699306]"
22081,97.21967743199188,923306.4445251026,"[0.4095254872559001, 0.26540096719140177, 0.32507354555269813]"
34573,673.2650485003419,453183.4427269067,"[0.19111022330667143, 0.42755966527411743, 0.3813301114192111]"
49440,637.6835222451564,829669.053653982,"[0.694399727651809, 0.12063913312750076, 0.18496113922069038]"
48548,603.3917917560144,403933.8707752168,"[0.23330779688872091, 0.3122747851768479, 0.45441741793443113]"
14104,947.0601234195304,791534.7976726479,"[0.08835225351794303, 0.6650773221188019, 0.24657042436325494]"
31129,630.198407095327,200684.06494720365,"[0.6947042621655863, 0.18622017994126744, 0.11907555789314625]"
32226,998.3900944610656,509678.88323428313,"[0.06855099452195128, 0.723226794455328, 0.2082222110227209]"
6621,633.6044549810745,504637.2534398885,"[0.4183596300838722, 0.35843856407071795, 0.22320180584540988]"
9536,589.931393072437,439879.38690383,"[0.3928128217538627, 0.5269418134434716, 0.08024536480266575]"
42898,929.317138853178,589497.6413689421,"[0.08500718466887, 0.027375242319317584, 0.8876175730118124]"
34178,281.32200519671454,122639.38703453317,"[0.27371243482081986, 0.3177523171699934, 0.4085352480091868]"
19213,686.6253477706283,840758.8675060933,"[0.49120644179705314, 0.2564042298546944, 0.25238932834825245]"
16515,392.1147684336358,464870.4427839053,"[0.5086167345803722, 0.2139211364399446, 0.27746212897968325]"
41604,169.66349737807602,976394.9652291724,"[0.20393204129763928, 0.3349966032411017, 0.46107135546125916]"
43523,257.1754640162095,440659.4821736666,"[0.038260924116762955, 0.39093976083161047, 0.5707993150516266]"
38929,965.269762923297,923458.3436181722,"[0.01792598432864773, 0.7443191960233173, 0.23775481964803502]"
8454,421.9224858759484,472506.1028578616,"[0.030184337245040622, 0.23151997317437167, 0.7382956895805877]"
14839,913.837796711031,756697.4189975983,"[0.49832462955238804, 0.4676972842117697, 0.0339780862358422]"
35056,22.417989817761185,723911.5686460562,"[0.316727907120741, 0.3992382481467065, 0.28403384473255255]"
7866,258.6039821285733,641512.7422123807,"[0.44599454198871336, 0.04321813107459498, 0.5107873269366916]"
26992,89.8567146679047,903485.3321782124,"[0.49129401534708494, 0.42189113437114856, 0.08681485028176632]"
4790,291.3320298499221,562548.6889012501,"[0.02520157757572861, 0.012548428087195524, 0.9622499943370758]"
36042,913.0492512970872,289367.95671078283,"[0.4008681865348412, 0.47303886212368124, 0.12609295134147758]"
42505,447.0575045918094,469859.7766781724,"[0.11601303656354017, 0.6628438752605047, 0.22114308817595507]"
46949,63.37248633717272,587513.9948082983,"[0.7984585352672294, 0.05612422287990982, 0.14541724185286073]"
25593,174.25795873795053,596132.8963879419,"[0.4059231375796983, 0.16782596006905712, 0.4262509023512445]"
15658,23.899079775289533,619565.9049706673,"[0.5054974534546629, 0.20996316157785191, 0.2845393849674852]"
568,426.6836424506064,613042.9503478219,"[0.20868252383379748, 0.5414028448926608, 0.24991463127354174]"
33381,551.9884346447986,911419.5901914972,"[0.42751633326179844, 0.42048493446156254, 0.15199873227663907]"
21295,692.1873828856681,190093.7479990372,"[0.3725670471618186, 0.1264679930820918, 0.5009649597560896]"
33271,414.6862619148733,179568.1227976674,"[0.29815320314867266, 0.6629090789691418, 0.038937717882185564]"
22058,130.73145804083833,620877.8399203697,"[0.4892323356144662, 0.07146293163334429, 0.43930473275218956]"
39147,744.7852044023434,740397.6160640628,"[0.24141686136662702, 0.42242835780991783, 0.3361547808234551]"
34330,462.54573515854565,109669.07990167018,"[0.37763283340624204, 0.3758185208434828, 0.24654864575027508]"
29680,379.0360451973348,591222.6629722151,"[0.15415522016066477, 0.07684972601857945, 0.7689950538207557]"
17376,303.09617323436737,224865.96072811552,"[0.22519345536861665, 0.15737016602121984, 0.6174363786101634]"
23342,306.3023577340814,484845.2290522928,"[0.24068711886148372, 0.33918276938433034, 0.4201301117541858]"
47392,826.0152929264898,439159.5214229276,"[0.2966790181460638, 0.37357368964035925, 0.32974729221357696]"
3507,605.0862221604947,538643.9057393904,"[0.30223891229815864, 0.5913206741898603, 0.10644041351198094]"
13175,842.6835506674473,154219.8137301806,"[0.20408964975285632, 0.06237962984693212, 0.7335307204002116]"
20282,858.4159293681598,467074.0823807549,"[0.627760150218445, 0.3055258291778885, 0.0667140206036666]"
17941,289.8969770008391,671698.7327190074,"[0.5439694516366504, 0.11662698988026832, 0.3394035584830814]"
12765,375.6726242235395,910732.9463013364,"[0.5513393131725834, 0.2406060873111543, 0.20805459951626226]"
27817,939.7843125902308,603618.829328754,"[0.2640424695384151, 0.1852058137168214, 0.5507517167447634]"
28768,929.7431949054164,491783.4356778805,"[0.30671483864610793, 0.6446675301616779, 0.048617631192214156]"
43591,298.4697640062397,402499.8648614995,"[0.34003127986925963, 0.514880676436813, 0.1450880436939273]"
43158,66.9822331754319,593571.995350793,"[0.5908292963024349, 0.28267329232828864, 0.12649741136927656]"
5272,940.7037467174144,343595.6278687327,"[0.4872237721345104, 0.4696007371642452, 0.04317549070124441]"
941,395.4144742154025,437726.73338370735,"[0.1316813156554032, 0.5504617349899077, 0.31785694935468917]"
47048,176.8578716002843,695013.3468384147,"[0.09845616837704947, 0.216940739747662, 0.6846030918752884]"
37749,912.3852003168486,979205.4787530364,"[0.22278382257144774, 0.5772570250377884, 0.19995915239076387]"
10532,335.3860481589328,641433.9444369912,"[0.13112300265638482, 0.13412581892967568, 0.7347511784139396]"
13964,683.1793216274258,715914.9905521028,"[0.005865275065283523, 0.9006844270631378, 0.09345029787157878]"
15039,256.7392603340392,266849.7871153777,"[0.7827978064667189, 0.11675669639705921, 0.10044549713622183]"
18940,721.7266491316614,133053.32574720922,"[0.02593759852359598, 0.1492078066797239, 0.8248545947966801]"
20915,51.57956180201834,504178.794000726,"[0.17615987630379787, 0.7706283633489657, 0.05321176034723629]"
25239,620.6305517597768,878524.7617789346,"[0.18154074477386176, 0.315963936330225, 0.5024953188959133]"
37534,756.999783679289,703068.3931235475,"[0.18182100563984832, 0.20312801949921802, 0.6150509748609337]"
11423,184.22966721430484,612005.6671803144,"[0.15428871011545744, 0.5707853178209877, 0.2749259720635548]"
4232,98.03258579734974,288433.1016099169,"[0.381668477378319, 0.03265649178110591, 0.5856750308405752]"
13090,919.46202301491,373456.2207876041,"[0.01459543050478356, 0.662968651829501, 0.3224359176657155]"
2017,453.8690287405272,809514.9154717207,"[0.4525271357924663, 0.2257428433599499, 0.3217300208475838]"
7679,970.3267877838496,954902.9244178912,"[0.1667777013195253, 0.2873857907664807, 0.5458365079139941]"
5508,422.9580604546293,128167.67578975484,"[0.06803402664804312, 0.12874285409839517, 0.8032231192535616]"
16241,218.30670712905152,141861.97568002465,"[0.22981744019648198, 0.5492277432271879, 0.2209548165763302]"
35924,948.495851349572,429590.3978088008,"[0.22128282536754826, 0.4869093271597919, 0.2918078474726599]"
46516,345.8754492986891,150967.4596012963,"[0.6518132027751876, 0.14654567501179422, 0.20164112221301822]"
40783,59.83365789928887,548474.4923744281,"[0.3258117315184427, 0.18317792270678857, 0.49101034577476876]"
83,921.8366771266616,369941.3212164128,"[0.2224113733294069, 0.5655935054842537, 0.21199512118633942]"
3088,734.2488060817539,558661.1808443478,"[0.13029894981067602, 0.40207718468558457, 0.46762386550373936]"
22212,682.2235511974299,764038.4080313055,"[0.03677995178254113, 0.026410140719637633, 0.9368099074978212]"
24842,71.30858319365043,777467.3928910961,"[0.10327612686726469, 0.7181328128951194, 0.17859106023761592]"
2716,665.0407576948966,697182.2599250156,"[0.19282899848651716, 0.48323868419771165, 0.3239323173157712]"
5564,55.268161864844544,696254.3693424304,"[0.2945553964259246, 0.42889086771386964, 0.2765537358602056]"
27087,705.6231788346403,593554.9509270324,"[0.2411146602459227, 0.6690775267451798, 0.08980781300889756]"
22247,691.3038090734296,665753.8240108462,"[0.45783961429457254, 0.3044681894937865, 0.23769219621164103]"
25365,643.5668419763266,503944.9540521287,"[0.11939950440561845, 0.6044456158772896, 0.27615487971709196]"
1448,48.52960407794237,513808.8633960477,"[0.04123306569949864, 0.6046984691889097, 0.3540684651115916]"
19489,430.6458351577068,423895.4261588352,"[0.1828292187736606, 0.3914646364840541, 0.42570614474228524]"
22376,99.06190384907828,205688.8038741148,"[0.5099343216766281, 0.34330327048962267, 0.1467624078337492]"
49795,869.4237705115373,464952.02406027983,"[0.4710793879553398, 0.05086571234169533, 0.4780548997029649]"
9206,711.2689903010727,233749.2852499828,"[0.6273771972693594, 0.19552376077360692, 0.17709904195703383]"
24130,985.0899923328892,818152.7039073551,"[0.04854080457921871, 0.27579216394597805, 0.6756670314748032]"
40371,45.15906690188686,509437.5842159078,"[0.24099104857273723, 0.20476437230349678, 0.554244579123766]"
38978,285.6830748561376,325350.1498230628,"[0.5152996134577581, 0.07589901485666095, 0.408801371685581]"
15154,886.5584334244281,346701.82403292216,"[0.7653159635115561, 0.015003474459126911, 0.21968056202931702]"
45892,478.2613063486125,775309.4816607033,"[0.43085051768682003, 0.43171808549297447, 0.13743139682020553]"
25184,971.270686639568,799203.993829771,"[0.35405175262440647, 0.5881120329376708, 0.05783621443792271]"
42422,600.989554397326,920173.979226263,"[0.07976332453559005, 0.09471347912214632, 0.8255231963422637]"
10484,500.5937045108592,429258.5743972584,"[0.08865468753236004, 0.7503927332715729, 0.16095257919606715]"
6763,197.45670969335072,388515.543535866,"[0.6843149404146899, 0.2785298266636311, 0.03715523292167909]"
47528,761.5486055157307,941299.6652159084,"[0.06296298805595615, 0.9166185702070823, 0.02041844173696156]"
9212,352.6337318916197,359207.96823777515,"[0.44230369518366836, 0.11748947655638872, 0.440206828259943]"
14492,217.40587141454432,965637.3486869674,"[0.1567003230435671, 0.2636419379159735, 0.5796577390404595]"
2507,45.57838581554473,483366.7502784785,"[0.5610381411459984, 0.4255720907118032, 0.013389768142198421]"
4549,913.0555765510718,321442.50510367984,"[0.692418136462972, 0.1746982635820931, 0.13288359995493484]"
6138,418.7813207248564,684703.330720419,"[0.2361773272760281, 0.1712581306647552, 0.5925645420592166]"
48451,611.4680607014996,500966.9325349812,"[0.19125840639196562, 0.27181841655701333, 0.536923177051021]"
11738,633.5320974110442,488326.5079057081,"[0.19430190662927824, 0.4834238669069227, 0.322274226463799]"
23957,112.31064441695436,639836.3647631385,"[0.3884013462773837, 0.01770883127294549, 0.5938898224496709]"
2647,958.9244865239276,844760.7577184602,"[0.08052886996282461, 0.7937993777735037, 0.12567175226367167]"
15150,173.59443277744558,371216.27897235285,"[0.13293785871926073, 0.5140878899083196, 0.35297425137241967]"
43958,924.7253690532582,675375.6974057688,"[0.11247541530847227, 0.693990413412081, 0.19353417127944678]"
11669,224.67372513776053,103489.34375976332,"[0.10223403747621419, 0.42048297191523054, 0.47728299060855534]"
13448,716.6844666234416,268277.1717474224,"[0.6703907678928037, 0.27718106170290624, 0.052428170404290125]"
44521,362.73669030827807,404477.5521994057,"[0.06724078880026509, 0.2524601787886243, 0.6802990324111106]"
20795,892.6522139964912,351305.4663251446,"[0.10387118577050672, 0.8519445431417382, 0.04418427108775519]"
10985,16.89967530288803,763004.262899291,"[0.09337758434014277, 0.710485641423726, 0.1961367742361311]"
21114,53.362631263163294,429429.1649770484,"[0.8039975262003101, 0.16064300531162842, 0.035359468488061346]"
1990,910.1007200854182,190854.068591592,"[0.5313665715731066, 0.4611981540273012, 0.007435274399592244]"
44584,730.6005800201993,760552.902824771,"[0.46524497046113805, 0.46054513767925376, 0.07420989185960818]"
29295,18.38188064928521,149229.31221208975,"[0.042547824582238075, 0.7298424882443235, 0.2276096871734384]"
18342,173.82176121389128,622565.22008766,"[0.051756758196528876, 0.5071565212077808, 0.4410867205956903]"
47992,480.6657724140501,985397.1080588292,"[0.6977640601782706, 0.13818011060441954, 0.16405582921730996]"
28734,450.7748987015862,109027.22907714924,"[0.1386865854473009, 0.28364585328854675, 0.5776675612641523]"
9618,834.7650041041005,522591.77732242434,"[0.4562898696484418, 0.010034017622792843, 0.5336761127287655]"
37787,694.5609474052342,949953.3741661689,"[0.00774317274779393, 0.2547588315172097, 0.7374979957349963]"
32018,853.6656342091063,631819.0957530477,"[0.011548327548499368, 0.8431869349975221, 0.14526473745397847]"
6501,644.4007515132773,252924.6597719009,"[0.1040152527735, 0.3638954204612904, 0.5320893267652095]"
7807,247.38486514827696,384424.6380336325,"[0.05719752418671757, 0.7557255255254054, 0.18707695028787696]"
11666,204.4194522673679,330835.356727986,"[0.6361724819123378, 0.05744325299931229, 0.3063842650883499]"
5813,503.3880082358878,870052.5027744671,"[0.15530129318938238, 0.7441743697201244, 0.10052433709049324]"
1798,570.0594729513849,215258.6290596232,"[0.5691153641940421, 0.409440321955815, 0.02144431385014286]"
37432,926.8281506468952,922918.4095152714,"[0.2823113473351933, 0.5846528411653362, 0.13303581149947047]"
44051,368.5618487714692,268300.0733899998,"[0.036494674266955046, 0.9023705334870195, 0.06113479224602555]"
20185,170.25649433875836,327181.88407170825,"[0.3031616538201666, 0.6309040738607504, 0.06593427231908308]"
40064,50.65961982001859,569995.6401872678,"[0.5110606802712415, 0.18628770160572636, 0.30265161812303215]"
19955,783.9108490573391,380615.14217855566,"[0.23889053857961248, 0.5360359571803078, 0.22507350424007977]"
29639,603.9196880311023,202267.99883496275,"[0.5623299239235374, 0.415345048063691, 0.022325028012771364]"
47478,40.41582593543697,778369.579656144,"[0.8836226465782162, 0.06730908879628636, 0.04906826462549732]"
11371,210.9462476266417,833075.2227637507,"[0.5964499756810739, 0.38644431717394995, 0.01710570714497595]"
28531,897.5863745715994,709040.9186652728,"[0.4930943868006767, 0.41341657489912326, 0.09348903830020015]"
5281,757.4763765777395,444697.3934825365,"[0.19683551048973139, 0.1785734578650298, 0.6245910316452388]"
42317,486.7530163861505,799279.4230849796,"[0.20321814210760925, 0.6376519939986635, 0.15912986389372738]"
42771,907.4645479646214,369037.4808355189,"[0.26952957790994714, 0.5094534653983662, 0.22101695669168675]"
14277,391.1642046591096,776321.093160769,"[0.16881116202719912, 0.036962398070715254, 0.7942264399020857]"
45918,793.1790946269633,371719.45566049626,"[0.07912789717269217, 0.012609211279511963, 0.9082628915477959]"
46264,358.4411541572439,423144.8410788199,"[0.2909310181906614, 0.07361984345203995, 0.6354491383572987]"
41285,218.92835556037,143888.84159599675,"[0.06357745265559527, 0.3199392369141074, 0.6164833104302975]"
11332,870.3001776370253,611142.8154899282,"[0.013996783902359207, 0.26972655153616265, 0.7162766645614781]"
30018,388.84054723765934,812926.8271162789,"[0.8377749165561149, 0.05576646516396657, 0.10645861827991852]"
8191,67.63134879022228,770085.2337302756,"[0.0038835865906222235, 0.46951030025940543, 0.5266061131499725]"
8941,254.1165823525769,298102.5646535326,"[0.14685270812412143, 0.7686534728783077, 0.08449381899757077]"
28079,893.5417219306389,483760.4599130977,"[0.3160157931489167, 0.37995928505261795, 0.3040249217984654]"
24803,763.0278827738724,281961.15268472966,"[0.3995297646761688, 0.07964815660654688, 0.5208220787172843]"
14662,417.464961265905,189909.1307525416,"[0.46768261917766707, 0.20720752429812545, 0.3251098565242074]"
24525,776.8099916652324,301968.71795516275,"[0.7152334766411458, 0.20259447287308074, 0.0821720504857734]"
15794,394.46583499555794,874154.3492366454,"[0.25313983959048253, 0.7159805669245087, 0.0308795934850087]"
24484,464.6469793467278,553773.9587175557,"[0.4343614619603593, 0.29395978582872007, 0.2716787522109206]"
42333,509.6410230987818,950284.7828147912,"[0.3551871842246952, 0.21451638856189356, 0.43029642721341116]"
35458,26.505425247856323,906872.880605228,"[0.6958369289556395, 0.2400219187659855, 0.06414115227837515]"
1901,556.1347782402283,697125.0581581069,"[0.26002311601905953, 0.49820991289090927, 0.24176697109003115]"
45828,264.68699694372754,302722.5706522582,"[0.4965220261695995, 0.3193672088694894, 0.18411076496091117]"
2569,806.3038375765568,887645.9028991311,"[0.754385785943371, 0.05399617513758124, 0.1916180389190477]"
18429,792.5998237057845,796132.0167341032,"[0.19423538680244085, 0.4249405130895471, 0.38082410010801215]"
35789,657.2097384188266,859817.7978716921,"[0.676312325261609, 0.04385584475339213, 0.27983182998499895]"
10374,989.3346902769716,479037.03852883365,"[0.6981872204613581, 0.00466653372690168, 0.2971462458117403]"
29316,997.1231188899752,917586.1151607736,"[0.02297259026957228, 0.028105992933664004, 0.9489214167967637]"
38908,536.7473165810972,548176.6743576806,"[0.3019785316139561, 0.22911082605014535, 0.4689106423358985]"
42724,682.9249027228012,801140.7557529038,"[0.2522154972595644, 0.09979302318762444, 0.6479914795528111]"
31300,374.7168431182226,200400.8226654473,"[0.32556499201770367, 0.014040156260263191, 0.6603948517220332]"
24179,709.4687862573649,614594.0357003708,"[0.1806117569627037, 0.3614045218619585, 0.4579837211753378]"
19163,914.0275122663052,471116.8210986467,"[0.44240925058465774, 0.555675012775813, 0.001915736639529272]"
13088,264.8155374552458,407498.7035643016,"[0.5215266893579217, 0.4025867922317989, 0.07588651841027946]"
35884,811.4575986207732,664550.0797925644,"[0.03842892727281647, 0.15333367575092474, 0.8082373969762587]"
469,677.7541250897197,641466.1548853175,"[0.26615403438183777, 0.49746160264978057, 0.2363843629683817]"
12729,587.3999159807622,698559.6651830698,"[0.21908371388179956, 0.6509055679016844, 0.13001071821651594]"
35062,745.094503439099,761521.7137530453,"[0.25479189748741116, 0.1634126494905123, 0.5817954530220766]"
34499,786.9384765266963,638470.5203675781,"[0.18064562250107885, 0.715274793224171, 0.10407958427475025]"
7845,80.13210625713381,105986.87796539762,"[0.856333369770122, 0.02666954586457, 0.11699708436530812]"
26131,674.4589343545643,737989.5538949271,"[0.06350584405934863, 0.2610690901267189, 0.6754250658139325]"
37157,523.8266369575514,649288.0466823365,"[0.2507996918882271, 0.15542899631868762, 0.5937713117930852]"
31255,688.3177501592418,906000.9448564004,"[0.30466693083161744, 0.45141161144901293, 0.2439214577193697]"
42283,692.4978776269858,220642.87129030627,"[0.15161355005926347, 0.13001926594282903, 0.7183671839979076]"
18681,280.06347594453297,733226.7760804298,"[0.5510032374793176, 0.41224159908482055, 0.03675516343586178]"
45606,133.85332683636386,369295.1396320999,"[0.39604636892367556, 0.20839300692702434, 0.3955606241493001]"
31479,609.8271302925165,731480.6068240787,"[0.19812755546530939, 0.6197344516867083, 0.18213799284798232]"
44004,830.2241175089139,723416.7512276757,"[0.047682174954724495, 0.06297309349762925, 0.8893447315476464]"
35968,418.3613454423637,942700.9346055468,"[0.45424090198603734, 0.2215814017056443, 0.32417769630831833]"
36566,582.4671077034769,832987.129866928,"[0.1547515228236086, 0.1660904211584769, 0.6791580560179146]"
16219,734.8597174690397,291143.6934381286,"[0.8022264313421181, 0.12251720281536822, 0.07525636584251363]"
4892,467.5934904921937,275629.8304139863,"[0.1571563644871825, 0.45190600309593676, 0.3909376324168807]"
7415,528.7162440095706,523828.0014859437,"[0.28403781511532117, 0.462609298489317, 0.2533528863953618]"
23710,907.9308589036764,987217.9299413456,"[0.02068708364698604, 0.4965241229529078, 0.4827887934001061]"
36867,512.7638605929662,243049.37025560567,"[0.26853711341484565, 0.5157286777942048, 0.2157342087909495]"
37922,636.3115390327534,186253.68458977772,"[0.8926865766794262, 0.10053885534940504, 0.006774567971168774]"
47815,132.1730649696375,265669.0480786989,"[0.20680781445083127, 0.04718207699205316, 0.7460101085571157]"
29418,913.0173412895292,993486.9648872222,"[0.04940374179475255, 0.8899616987038783, 0.060634559501369055]"
36753,959.9883623944974,201018.29979671177,"[0.23185587374098196, 0.5287821599467124, 0.23936196631230558]"
40056,933.774878940536,193338.7545287945,"[0.5294273063798556, 0.25128824133037236, 0.2192844522897719]"
30109,20.8835474662764,475273.0322816497,"[0.6188985600323026, 0.07598021673322414, 0.30512122323447327]"
27050,824.1634875112492,728716.5357315734,"[0.1241347127176288, 0.34382097873715184, 0.5320443085452193]"
48761,591.5265407487893,648464.8124007136,"[0.060155975753973814, 0.20646310583782504, 0.7333809184082012]"
45413,746.8327990254465,118841.58691728133,"[0.3269163886029323, 0.504104519981993, 0.1689790914150747]"
10745,789.580384224146,713691.0369671084,"[0.041915525054608, 0.3076441508194273, 0.6504403241259645]"
5374,454.0098703944513,574008.6789390892,"[0.3861309587757977, 0.4510017420622216, 0.1628672991619808]"
12169,467.035047070717,989924.3353768248,"[0.5931296121037601, 0.21162989754541983, 0.19524049035082014]"
46319,961.9315540808813,697134.8556186907,"[0.31248872435386327, 0.35870277835013287, 0.3288084972960037]"
39205,98.2583249913152,592696.658259264,"[0.6955238696150939, 0.22497811580656066, 0.07949801457834524]"
6410,256.9703955410373,237739.8257596124,"[0.5589976888806031, 0.4406638195869747, 0.0003384915324222427]"
34690,175.84566835122112,736855.9241179007,"[0.5978966573491817, 0.1863597325553201, 0.21574361009549808]"
9028,225.2004973891273,284141.4044990814,"[0.272121602440922, 0.4310262155276023, 0.2968521820314758]"
39398,818.1108664446491,713440.8884690922,"[0.7006709294990802, 0.2443444836267061, 0.05498458687421382]"
44492,299.586813799291,920489.1768346764,"[0.1766136830074987, 0.49340025402366783, 0.3299860629688334]"
40502,556.2574590066363,355805.78133601806,"[0.16830266535878358, 0.4099360205916419, 0.4217613140495746]"
38505,508.1363578354047,282225.56851513404,"[0.6481359735047797, 0.00856041350938055, 0.3433036129858398]"
48068,213.462526123268,346443.9818507555,"[0.2982177449039761, 0.46842127680542545, 0.23336097829059838]"
16231,457.6133232182491,514729.3265792758,"[0.32521301410639347, 0.1519785618674349, 0.5228084240261716]"
45410,458.0801697022654,522512.40999538,"[0.5067172142500181, 0.44288458893092253, 0.05039819681905924]"
39293,729.609364674572,567978.8602160171,"[0.1570402816819355, 0.5749698140882915, 0.2679899042297729]"
45805,920.7037567203378,284539.0392224911,"[0.10684281661612165, 0.8527858668042845, 0.04037131657959407]"
46418,714.313601166692,472933.46429400926,"[0.191452422107278, 0.3945079895034241, 0.4140395883892979]"
33764,957.6079447437564,149724.80005358398,"[0.7250819943918465, 0.011802793868014071, 0.2631152117401393]"
49460,110.61220886961333,387324.57594206,"[0.24837400473382926, 0.513655210311676, 0.2379707849544949]"
2550,805.878470102237,521685.5050421331,"[0.006409734691812345, 0.6372658388890994, 0.3563244264190882]"
40540,10.49677304834478,186539.36183137767,"[0.46048174723458657, 0.51951772336312, 0.0200005294022934]"
32056,380.3081875675678,372112.562037205,"[0.6168849498320507, 0.08077195643430737, 0.30234309373364193]"
15028,492.9123973426,960917.9548469582,"[0.7912519821042986, 0.1826732633591276, 0.02607475453657388]"
32934,271.67596931850284,784109.3482550263,"[0.20974894175602293, 0.2923468749043885, 0.4979041833395885]"
6992,748.500361900638,594250.6620816691,"[0.23915358391807717, 0.5276839596872273, 0.23316245639469568]"
1383,878.0566399519867,160175.50583532237,"[0.11219652101442638, 0.5299361161723931, 0.35786736281318055]"
39879,953.6144727952096,348798.2914602866,"[0.4694176844023337, 0.2503860497069563, 0.28019626589070995]"
42726,163.10126728707954,455294.9134362837,"[0.2692054015563047, 0.577603474444872, 0.15319112399882331]"
5086,637.7745702212239,112532.22013381116,"[0.6854784685969523, 0.24940902331390707, 0.06511250808914075]"
32762,679.1697715378634,640016.8510613069,"[0.5449736850690368, 0.08928921491976403, 0.36573710001119925]"
10141,717.3010773130891,592218.6320827137,"[0.546301460755123, 0.04420014504269959, 0.4094983942021776]"
9148,794.1673846733814,379733.9277367864,"[0.008421171112174424, 0.5952900142140105, 0.39628881467381505]"
26118,484.87493791009337,763325.9430324043,"[0.26151094608181213, 0.661714797461278, 0.07677425645690995]"
49116,295.4345020613076,457509.0512387633,"[0.4380283486397498, 0.5116455355952066, 0.050326115765043644]"
12225,185.96606190700456,199901.357757804,"[0.0901525233181003, 0.1555951992507487, 0.754252277431151]"
25194,265.4041064036335,668645.7176828258,"[0.19384159851630775, 0.1196523671114387, 0.6865060343722534]"
27263,84.91769369289024,920432.9515946916,"[0.17318447226029632, 0.15402637785716844, 0.6727891498825354]"
13136,696.4717851624816,323430.4659987173,"[0.688034315667236, 0.19549698146824515, 0.11646870286451888]"
20726,313.31777100726595,281975.7758202214,"[0.3022229859463273, 0.47591032875987205, 0.22186668529380077]"
37305,940.0763002818117,759183.4489737176,"[0.400745058392067, 0.5629287553115648, 0.036326186296368114]"
18397,892.7739523865708,705542.0051733583,"[0.5555399180376346, 0.4353625616018601, 0.009097520360505243]"
9383,174.27052121126826,914990.9804190942,"[0.8872555813623262, 0.08571324752956154, 0.02703117110811224]"
25901,316.1582565802341,957172.9419230496,"[0.7278824280094265, 0.17944362710067624, 0.09267394488989737]"
28085,983.3615936259704,147546.642252269,"[0.833124948574439, 0.053059990701630436, 0.11381506072393062]"
6618,251.8669418534323,576630.6283710678,"[0.029209118689353247, 0.04219874593841784, 0.9285921353722288]"
16498,447.3695430344711,372688.06067153066,"[0.133333143973684, 0.11910277687328023, 0.7475640791530358]"
28338,179.7311904083392,558998.0746884684,"[0.07993136346283755, 0.41386787991711976, 0.5062007566200428]"
14452,275.7157626240348,359330.2480211584,"[0.08800763673785757, 0.136589925873169, 0.7754024373889734]"
3820,752.3103200748319,508951.29818690254,"[0.13760105022334485, 0.6144341014345096, 0.24796484834214574]"
10601,274.3283349076375,660197.5578407828,"[0.2620757806894068, 0.03390266231868223, 0.7040215569919112]"
7780,620.3104800757437,511136.3788937907,"[0.0811892006642193, 0.8125970314880397, 0.10621376784774095]"
44748,383.07842311834855,198670.11147402995,"[0.10178986007574281, 0.639702718962388, 0.25850742096186924]"
28032,609.0896663415765,746512.543569599,"[0.6035362217342339, 0.06712038104802229, 0.3293433972177438]"
42121,160.52979526123923,564195.7085389523,"[0.1936098688616329, 0.00802564436710271, 0.7983644867712645]"
8049,932.6748985939332,645224.8748806305,"[0.26049007684558495, 0.1345180849135719, 0.6049918382408432]"
16901,10.097512162473375,511950.78330920514,"[0.07475916631276822, 0.6190014154541038, 0.30623941823312806]"
11603,449.7766688743363,842377.3647255009,"[5.932451050056855e-05, 0.9078777975754003, 0.09206287791409909]"
2004,836.8193695011504,230987.65518518013,"[0.23414577672787767, 0.1661906132351598, 0.5996636100369626]"
42125,727.7561808286035,960232.5333339152,"[0.2951366400684108, 0.17520450123720233, 0.5296588586943868]"
48959,136.59667653297046,244301.411717774,"[0.1610200301162228, 0.7649131406336324, 0.07406682925014499]"
43120,508.1769837921356,695600.1299588596,"[0.04190686786096022, 0.5504084457566335, 0.40768468638240635]"
12027,387.5862040122968,981525.6677132724,"[0.6687933569121108, 0.0810374121013198, 0.25016923098656935]"
11802,319.0088377775573,525682.7141457461,"[0.2688255833651434, 0.1260781629519599, 0.6050962536828967]"
5375,466.8770104725575,727921.3828026603,"[0.11758886964571298, 0.5236216803378916, 0.3587894500163954]"
12648,591.2330903418101,470690.6835573971,"[0.33356347886935445, 0.38668414403183354, 0.27975237709881207]"
19138,102.54352852213256,216709.95269025848,"[0.4086295739481866, 0.19359605272462577, 0.3977743733271876]"
44280,580.9773831595493,274826.6205007467,"[0.4182099677296353, 0.35405942456581974, 0.2277306077045449]"
40234,710.1945530179423,218062.08998161,"[0.6088519474149414, 0.21171417086865663, 0.179433881716402]"
25475,115.38567391786974,833151.2041682517,"[0.8519221319415158, 0.12651880138913085, 0.021559066669353456]"
29663,484.2856567488963,428817.6986563454,"[0.5139559651873874, 0.29691146659711704, 0.18913256821549582]"
8199,437.2014192542324,298316.4920619885,"[0.8155093260952045, 0.10231608381525856, 0.08217459008953705]"
20905,955.195793116119,603831.7407014247,"[0.4111954349365996, 0.430640977622511, 0.15816358744088932]"
17877,334.5798506500401,488341.0880160717,"[0.37219636774681175, 0.15205316306750957, 0.4757504691856787]"
3757,698.984185615779,292934.0984382058,"[0.29076791283779363, 0.28538707131656926, 0.42384501584563716]"
41169,963.6550100813178,505993.01138296176,"[0.3020525250875331, 0.3688199219106548, 0.3291275530018121]"
40716,768.8721927835674,859903.2178247996,"[0.6682668124112815, 0.28434620934684973, 0.04738697824186885]"
8448,632.6127532181724,521151.7248010657,"[0.2562536493019577, 0.7102101765251416, 0.033536174172900585]"
21007,878.3561357888996,231228.85923961084,"[0.35309353729101467, 0.525278444413635, 0.12162801829535042]"
1592,186.82235763103245,463032.7942248887,"[0.1442068249892186, 0.16532593150293604, 0.6904672435078453]"
3096,529.7714291739885,167166.89025145833,"[0.4420700303812242, 0.27144328217556946, 0.28648668744320627]"
17443,280.4036585183809,284546.0981512938,"[0.3214631572855633, 0.5917332449414451, 0.08680359777299165]"
36241,650.8231319401458,805983.3419700968,"[0.4258782339925047, 0.047415094858305626, 0.5267066711491897]"
21437,473.545787263118,655884.3636619474,"[0.7634499954258898, 0.12267616111655988, 0.11387384345755051]"
39270,122.31843651062442,935552.8955658692,"[0.6437639148652413, 0.23424633068954834, 0.12198975444521036]"
7671,302.46427108574113,140501.28549180046,"[0.7383114761233842, 0.02150016749643329, 0.24018835638018232]"
5347,425.1153292134934,701081.2255257054,"[0.3257452367429012, 0.5006092525310349, 0.17364551072606382]"
49776,582.7169069173848,754157.8673357255,"[0.20512288162300454, 0.6046574795511077, 0.19021963882588758]"
2280,120.27905112419008,975903.3090413766,"[0.14811218156750536, 0.4904907368323031, 0.3613970816001916]"
32836,638.7959467823321,236640.41783284929,"[0.17233078750120498, 0.14225458712414263, 0.6854146253746524]"
6202,690.6954302951355,331152.5187799573,"[0.23955532310180222, 0.2674295308989465, 0.49301514599925134]"
6848,761.3449828841768,406649.8491093066,"[0.23457568744844137, 0.41351201006016686, 0.3519123024913917]"
37036,837.6913723455483,289655.98702943564,"[0.006817208422734419, 0.7989682742572517, 0.19421451732001382]"
33658,117.58421863065708,971065.1470426392,"[0.16352097442146163, 0.3177348942656743, 0.5187441313128641]"
19688,217.3240728079672,482499.5471855884,"[0.00742491855433063, 0.277055200434329, 0.7155198810113405]"
44485,934.753687744535,175214.7157046135,"[0.057886983993938386, 0.7940031915858865, 0.14810982442017512]"
5488,383.34400183876295,430878.8256664349,"[0.07279126390362647, 0.2751163397476313, 0.6520923963487423]"
20781,444.06799189115344,947180.6526143304,"[0.18612424866137495, 0.3779173258713855, 0.4359584254672396]"
2190,668.7864399422149,265185.3634540555,"[0.08513770010452017, 0.1840834170400807, 0.7307788828553992]"
46971,638.0734034861674,709680.0715681592,"[0.528061986206217, 0.27948714620719906, 0.19245086758658383]"
3616,334.0231271029902,331402.46197029995,"[0.47190106430763135, 0.28504128555257, 0.24305765013979877]"
31797,995.491959441626,260216.4133090636,"[0.012314941735235486, 0.05211899662864256, 0.9355660616361219]"
28890,150.32004409812333,511500.1078812229,"[0.2803322057826256, 0.02823575231182877, 0.6914320419055456]"
16298,549.4096137766377,907461.6430749426,"[0.3728230031164952, 0.059429079544130604, 0.5677479173393741]"
34373,421.3236728600637,658484.4430114863,"[0.0024122302976547134, 0.8979226818932565, 0.09966508780908884]"
48294,276.34398055178525,207486.73099333,"[0.6591723774943758, 0.22944573046066866, 0.11138189204495537]"
34750,149.70920728663145,751398.8296519881,"[0.240020292196613, 0.10283761724534682, 0.6571420905580402]"
37322,332.84641669645936,503986.72633849765,"[0.1701638849125405, 0.6047996264780819, 0.2250364886093774]"
8432,846.8732575110057,466419.19588930457,"[0.30020712568708535, 0.2935115716324824, 0.406281302680432]"
9972,743.591332264051,983858.4675437482,"[0.07294656882487828, 0.4213845216617698, 0.5056689095133519]"
8252,591.8434872467787,217732.1716855548,"[0.6425114171389594, 0.034035653814450964, 0.3234529290465896]"
17684,829.2982014652953,853686.4969235335,"[0.036926378498481724, 0.7332624743579356, 0.22981114714358256]"
37204,667.1849686738847,265663.53778620134,"[0.024408981167830242, 0.7347956792502288, 0.24079533958194096]"
49439,224.54049714315167,898491.4708236759,"[0.2655764339616873, 0.06477833803446507, 0.6696452280038476]"
8555,740.3747649593854,858540.3171502858,"[0.2633116428604339, 0.23668444691195034, 0.5000039102276159]"
38084,378.7037016531781,391696.6132039104,"[0.3226229567323671, 0.11788907839335416, 0.5594879648742787]"
27503,279.50226166462994,461744.8594696994,"[0.16972642988286682, 0.07726035146863341, 0.7530132186484998]"
40444,661.8157138295129,921813.8965368492,"[0.19531418126253888, 0.10022316327729901, 0.7044626554601621]"
12985,312.0008148526704,721499.2908647797,"[0.12480871354609514, 0.6744947977666212, 0.20069648868728357]"
44304,98.734164606987,929532.0981547944,"[0.3829862512052321, 0.2492309851190065, 0.36778276367576124]"
46228,800.4176540530444,758503.4633647014,"[0.4500680993494374, 0.3955195105405553, 0.15441239011000732]"
26867,206.79585973726583,435651.155458116,"[0.19955353503055168, 0.37431196624990015, 0.42613449871954817]"
47651,500.1744311813253,844095.2584293903,"[0.035247097426403876, 0.008675298033515189, 0.9560776045400811]"
412,21.37647807442365,426910.26233051886,"[0.7823507116682672, 0.1293116750829123, 0.0883376132488205]"
12826,929.3368025297178,176684.3600159809,"[0.06994697054452108, 0.7314807371406428, 0.1985722923148362]"
15593,478.77636288041447,779554.8448067205,"[0.21840577329442845, 0.5075520663145019, 0.2740421603910697]"
24788,929.9457972801076,812224.3609951764,"[0.4101223294667768, 0.28173214755162634, 0.308145522981597]"
31652,288.3197812990664,175966.5339272365,"[0.017946595108335905, 0.7768998025221587, 0.20515360236950528]"
8599,91.51340441638848,517802.5677356781,"[0.9220515885316657, 0.05156189601486683, 0.02638651545346734]"
39458,254.01848705552464,893205.2989423053,"[0.06694594830223752, 0.36365164990134136, 0.5694024017964212]"
13158,513.8020829517984,564801.5738948523,"[0.5817845545997761, 0.41497945263053876, 0.0032359927696851017]"
6863,291.0218727826357,568399.8748454629,"[0.2724365891183715, 0.10573025353299849, 0.62183315734863]"
38871,872.2451883984309,634418.3375046625,"[0.5535574894290396, 0.25391560064930996, 0.19252690992165053]"
9889,575.1735968092322,213573.8638100041,"[0.28089097682312264, 0.1281584234667511, 0.5909505997101262]"
14902,243.61877288257256,453066.1479879282,"[0.2641738669670919, 0.23778876870933016, 0.49803736432357787]"
29908,501.3074106012069,826161.0597566816,"[0.12497160232363755, 0.15739118464252685, 0.7176372130338355]"
25488,34.07342004692225,119281.07963186082,"[0.013026020999782546, 0.9787976026152727, 0.008176376384944744]"
16538,218.8702794501276,539976.5794612927,"[0.667998128978983, 0.03106970017575442, 0.3009321708452625]"
6894,699.0841824512257,371662.9357389264,"[0.5874104721028329, 0.22077666373177657, 0.19181286416539042]"
43030,178.1230955005428,259986.00903903056,"[0.14135299043935837, 0.25176278795178647, 0.6068842216088551]"
26948,806.0937260409695,809564.354905117,"[0.2873330531620883, 0.5425561283176097, 0.170110818520302]"
47713,913.039976070244,441039.4352972552,"[0.22987103599253397, 0.5241454004975967, 0.2459835635098694]"
4212,628.9076444694616,729364.4441930377,"[0.11474889644678746, 0.04314803234753025, 0.8421030712056823]"
25328,311.6617464548986,261309.2083064596,"[0.2102929271885663, 0.5760595247085588, 0.21364754810287484]"
14997,399.6452503703001,108946.65426033916,"[0.10055667794537869, 0.6110860752196863, 0.28835724683493497]"
24795,267.01682099477995,656840.880822649,"[0.06944614043536984, 0.01695673444377755, 0.9135971251208527]"
43645,757.5833347998666,317242.4630488831,"[0.051516247549167636, 0.9439859229564542, 0.0044978294943781]"
12958,648.367571231153,247441.3113715624,"[0.5719087358008458, 0.2150790444038083, 0.21301221979534604]"
25282,258.11632665616526,300737.38945524616,"[0.15984229090222937, 0.7636944701995528, 0.0764632388982178]"
24911,157.4890146922116,175924.51526626205,"[0.034265888564442674, 0.5380841227367197, 0.4276499886988376]"
31968,726.1638927950921,127011.218768269,"[0.6069745376500681, 0.31420848061173634, 0.0788169817381955]"
24304,896.9704991642069,414995.1040577624,"[0.6853831933718981, 0.18798886617254112, 0.126627940455561]"
19556,931.773305424216,245746.29593068545,"[0.5391079237136257, 0.1570349058062477, 0.30385717048012656]"
23113,496.2669738431739,299182.6072444,"[0.13877553655009128, 0.5527731753679354, 0.3084512880819733]"
210,114.27365764931125,263957.4547234756,"[0.5003094527668509, 0.3101524594629412, 0.1895380877702079]"
23963,198.3825933018116,316311.18774689245,"[0.1284499329881133, 0.8358501243580061, 0.03569994265388054]"
2520,780.0619925167755,155154.9083436531,"[0.380504500343099, 0.23885625838903352, 0.3806392412678674]"
41360,341.28793985011055,475963.29572114977,"[0.4077733594414716, 0.5451313566756182, 0.04709528388291011]"
30515,771.9645908336767,415139.6119534144,"[0.2333701911568682, 0.34267317255429836, 0.42395663628883334]"
43858,42.404723234899485,353690.72564068413,"[0.25439076099042196, 0.06788377226466248, 0.6777254667449155]"
22998,497.73168174589705,428827.2473241895,"[0.8752746193255804, 0.08212717145096916, 0.042598209223450444]"
15320,685.4906523403725,666855.633331489,"[0.5825681297308979, 0.2701987918717549, 0.14723307839734714]"
21364,814.558196483206,189948.54866995983,"[0.496912906391362, 0.4364149750631728, 0.06667211854546527]"
19960,298.9768799640995,504338.1647479382,"[0.3071445461744273, 0.1413362931747588, 0.5515191606508139]"
1861,632.5317469041262,330861.970493988,"[0.4391211592951354, 0.21791842153559343, 0.34296041916927106]"
21119,691.6273700132302,508857.34062133846,"[0.19012132397937365, 0.5281109183554143, 0.2817677576652119]"
25697,741.3257951789802,980772.3417254402,"[0.9506723839369378, 0.0054768211968573306, 0.04385079486620494]"
32930,598.0567495777914,766817.7148748708,"[0.6051866263611289, 0.0007267327098313842, 0.3940866409290396]"
21041,786.1443606111641,676586.2124498434,"[0.20341713346730142, 0.26346773773686927, 0.5331151287958291]"
31180,602.4884899126553,375200.15951864014,"[0.14806142415138243, 0.620798213476163, 0.23114036237245442]"
12900,87.34110384338287,115127.31172708224,"[0.34265913475332593, 0.5497362183071371, 0.10760464693953688]"
47908,106.9225352472698,786960.0226967792,"[0.32242333153581354, 0.6539472214630547, 0.02362944700113167]"
13283,896.8798329613436,444207.7010691711,"[0.37911103256721007, 0.41650139419586774, 0.2043875732369223]"
10521,151.26980003673282,934679.8796818526,"[0.0851624833490853, 0.7085482137371102, 0.2062893029138046]"
6821,456.2407964872901,180290.4251242924,"[0.261220712109301, 0.43840581882728513, 0.3003734690634139]"
34017,395.39389401283313,882206.9726543688,"[0.238553802183217, 0.6697911616872344, 0.09165503612954869]"
24528,693.8182156751965,670034.9878393094,"[0.5691834361464139, 0.009479077783230896, 0.4213374860703553]"
4925,557.2949703683813,561456.1348705215,"[0.6489915649360862, 0.20258041402477453, 0.14842802103913932]"
43493,989.0497401426908,521773.8294416975,"[0.11021785405141998, 0.13433163504345652, 0.7554505109051235]"
12680,820.1277526699815,703841.6999397415,"[0.272449673891225, 0.6278978086233868, 0.0996525174853882]"
39902,905.3507184841072,285012.324783304,"[0.03957533616529215, 0.18374411798472257, 0.7766805458499852]"
29534,383.6923140615114,904153.6329971136,"[0.4384929246957846, 0.41676311944901884, 0.14474395585519664]"
780,835.2285749865774,403896.0723397117,"[0.07814331057490087, 0.11086768653359519, 0.810989002891504]"
3622,303.37462366056815,915633.1657390988,"[0.072073612997969, 0.3768159860621033, 0.5511104009399276]"
22671,20.299677572272984,980661.2880478963,"[0.08719816042547868, 0.5340119437934271, 0.3787898957810944]"
16338,577.0094581318752,434351.3932246569,"[0.7791291998191879, 0.19441669407434928, 0.026454106106462833]"
32384,637.3204295078402,784887.4651837901,"[0.436835026882684, 0.39270723233539057, 0.17045774078192535]"
6552,71.55936622558838,401538.0608888246,"[0.11738799359553141, 0.639498661141226, 0.24311334526324252]"
38270,537.9831404147842,343332.01164207247,"[0.8542152449567614, 0.11148250440590862, 0.03430225063732994]"
35945,868.8444659714694,545467.9452966561,"[0.18768206615002764, 0.507679737656048, 0.30463819619392424]"
48343,147.52199359122042,579262.739570281,"[0.43228940306243363, 0.029585652323884843, 0.5381249446136815]"
5242,242.9633494895579,784142.1569686069,"[0.027038660696405863, 0.2755007257088121, 0.697460613594782]"
40400,959.9397470308912,907500.2906876736,"[0.44732805738623943, 0.33841656093260103, 0.21425538168115957]"
46640,656.4692415300932,129740.31316575751,"[0.5687643079525855, 0.19196618829328718, 0.2392695037541274]"
47008,59.22743476773366,354002.1781043696,"[0.6824910927726774, 0.23646010777282842, 0.08104879945449427]"
13191,477.5128461902772,813642.0072703705,"[0.37485435847196297, 0.1539814674278117, 0.4711641741002253]"
17599,626.8609621414246,174407.43061706796,"[0.4640654254537797, 0.4016057779118289, 0.1343287966343913]"
7197,22.85665007650937,482293.88007139176,"[0.4649418024543902, 0.430966464002776, 0.10409173354283383]"
34693,698.4354702815743,438708.9323357573,"[0.37935731061079553, 0.5003342832061302, 0.12030840618307427]"
3751,204.6004921629541,690483.6912252969,"[0.6695002724598678, 0.3021332867767762, 0.028366440763356104]"
16110,735.3267996227221,720422.4766244347,"[0.06963663413679673, 0.5429371347203585, 0.3874262311428448]"
34103,525.5803763624209,879973.4647009969,"[0.23144226545346983, 0.6299834489900751, 0.13857428555645512]"
46037,892.3013475081527,259011.14322143755,"[0.686816794898883, 0.13438242262948688, 0.17880078247163003]"
102,281.8795175740023,307671.95148361765,"[0.4982226208695227, 0.4132789272997912, 0.0884984518306862]"
7739,100.61326164314438,266988.55713839736,"[0.03619284757933225, 0.842888257888075, 0.12091889453259287]"
11261,613.2682912732924,747899.791207079,"[0.18963210987502632, 0.6407492538974698, 0.16961863622750384]"
28579,827.7455830296124,936001.3633924735,"[0.6388059498105192, 0.32051512882534827, 0.04067892136413251]"
5532,394.5525167220916,405284.8593776497,"[0.3057944369320197, 0.6180868353444376, 0.07611872772354264]"
33878,299.7569008632568,671433.2066560468,"[0.2317702238809621, 0.3109392659890624, 0.45729051012997546]"
21466,832.3843706807555,362296.5521369244,"[0.1859038489677521, 0.7123664294633916, 0.10172972156885633]"
25712,205.08346826143543,798573.8819244812,"[0.03902745491880603, 0.41252525035466575, 0.5484472947265281]"
28900,603.6565350741315,864521.8301830721,"[0.14296235331653828, 0.19527114809103366, 0.6617664985924281]"
49989,346.9939403981346,296971.7361003584,"[0.7551845644000565, 0.2246591490444658, 0.020156286555477625]"
24843,844.3758585756965,743188.9827394288,"[0.1076967427190459, 0.20250385320692882, 0.6897994040740254]"
25560,645.7139933547934,959188.0202141898,"[0.07342461109342954, 0.11037265689679825, 0.8162027320097722]"
8744,89.13383456203779,758472.2844201023,"[0.31666633495502483, 0.12166449846717098, 0.5616691665778041]"
18137,841.4010742624462,859856.3676530902,"[0.036228155635668426, 0.9311641830473951, 0.032607661316936376]"
26515,218.99112832850483,583162.1953638673,"[0.39974818100936876, 0.5226444733780928, 0.07760734561253839]"
31750,612.5881091637309,949816.219986845,"[0.88423486551294, 0.017347113036040532, 0.09841802145101945]"
26228,337.33400749943905,123337.13533843755,"[0.1252072122158869, 0.7773203665228562, 0.09747242126125702]"
19411,780.533460891729,312166.7169061796,"[0.25610055576780943, 0.1777573283330159, 0.5661421158991746]"
32545,914.9216041193512,437468.33527846046,"[0.8008664494331721, 0.05191810727544897, 0.14721544329137898]"
10508,470.8614011159484,585729.4859102643,"[0.05567499474504749, 0.1257390769634105, 0.8185859282915421]"
16045,717.5545460999831,766642.6538850822,"[0.44400464777856274, 0.38223852138218956, 0.17375683083924773]"
16829,361.0465433175183,856495.2439365447,"[0.4553143440769059, 0.22383893691270915, 0.3208467190103849]"
35255,833.7285374816457,711419.3270290797,"[0.5545793535834829, 0.02932385454111382, 0.41609679187540327]"
18944,760.9467932566945,984767.0566356198,"[0.5212814181097056, 0.17164708959193611, 0.3070714922983583]"
38107,528.5633247304786,561862.7408909512,"[0.012526190695710376, 0.7594187896430374, 0.2280550196612522]"
31514,703.7473208720634,889502.657919245,"[0.3242513747508398, 0.12748439575826687, 0.5482642294908934]"
28006,135.19296492129155,576973.8964821415,"[0.12780800854145957, 0.07873938954330303, 0.7934526019152374]"
22617,355.8285866378828,365570.7697575315,"[0.24366290211336625, 0.5102594283887827, 0.2460776694978511]"
19289,434.9578951200323,943143.293360632,"[0.4116072147856197, 0.19517743606644924, 0.39321534914793116]"
2275,332.4671304449752,547329.9856605618,"[0.04755650433314634, 0.5346217540505719, 0.4178217416162819]"
41152,485.9809084387528,131783.5238589277,"[0.003419264877692001, 0.4348872300238251, 0.5616935050984829]"
25024,132.3844330110873,476123.5812757664,"[0.07358530190918187, 0.7203481288087535, 0.20606656928206443]"
17956,780.1590325587098,884507.8658819554,"[0.5227870450556233, 0.17581493630948272, 0.30139801863489396]"
6444,708.7227977200665,771880.7726141636,"[0.0029461314467664796, 0.5616040182985454, 0.43544985025468824]"
12013,874.2858635029276,371263.2753105431,"[0.1484505074129789, 0.7655187188154818, 0.08603077377153923]"
9471,406.9757477876055,690566.4490651843,"[0.09659567496719401, 0.2485389401228869, 0.6548653849099191]"
20090,197.66416314951988,124014.66076587766,"[0.07204373931982468, 0.5482627389297029, 0.37969352175047244]"
6031,457.2304917580482,440049.9966179901,"[0.3988050119152138, 0.17337364900928012, 0.427821339075506]"
46348,771.7985820005914,645595.6414789316,"[0.0718605049617585, 0.1465025569766948, 0.7816369380615468]"
46786,234.10177149085547,765444.8595630841,"[0.2378855286047013, 0.6118961400641607, 0.1502183313311381]"
1618,638.7245352683854,609282.059769588,"[0.253525302465472, 0.6175739345906701, 0.12890076294385783]"
3361,692.5084142218328,358028.6479701003,"[0.07286264427919564, 0.5244868626396022, 0.4026504930812021]"
4695,962.9096808164472,501104.53125958255,"[0.45216399124719414, 0.2343358391606858, 0.31350016959212007]"
37019,977.8102034785842,161600.86414744827,"[0.7070868901653581, 0.03740659637880786, 0.25550651345583403]"
42019,40.94871480075848,427045.0594289584,"[0.13562510688278553, 0.24332380502932943, 0.621051088087885]"
24018,672.96643849862,646974.9018171617,"[0.19140916080367135, 0.7677995012266143, 0.04079133796971442]"
8467,726.2406756116201,856675.6982342898,"[0.6569905555726292, 0.30766694982110215, 0.03534249460626874]"
12402,947.0481580546756,865759.529641397,"[0.2947003141011336, 0.24973278214766673, 0.45556690375119974]"
43461,820.5652173357439,439016.1656742888,"[0.2897093294408299, 0.11981841093325613, 0.5904722596259139]"
828,191.51465507597652,694686.6880084409,"[0.15341083512888148, 0.6276397771386426, 0.2189493877324759]"
37881,430.8772176692308,588965.2299529016,"[0.35445192834384, 0.3030495076881418, 0.34249856396801825]"
47088,263.71821525676273,321557.0315059832,"[0.5756344186834007, 0.08869783160330104, 0.33566774971329816]"
24232,693.113084556998,723414.5511452799,"[0.3320418783497141, 0.30704745049432725, 0.36091067115595865]"
45100,433.7397866964343,718488.9223210126,"[0.38670329042297175, 0.20712169433303257, 0.4061750152439956]"
2447,769.4590030285381,808854.4738358636,"[0.46103008907389303, 0.1627227319093285, 0.37624717901677834]"
37668,865.674023499346,404894.122046172,"[0.303639749694813, 0.4821503807650154, 0.21420986954017157]"
9631,205.80299847631184,242198.5761567908,"[0.14022763772480856, 0.15894375063743696, 0.7008286116377545]"
22800,175.99639087482802,716137.7749912387,"[0.2373946288753627, 0.580770003639338, 0.18183536748529927]"
39291,264.7427246058892,617574.5284828783,"[0.7497525108901698, 0.15855865568396701, 0.09168883342586312]"
27641,265.39387148418075,847813.8199289157,"[0.556023767232497, 0.051754713222500484, 0.39222151954500245]"
37463,328.7870593358133,210977.86444968364,"[0.5379378210586897, 0.17956262154252112, 0.2824995573987891]"
20286,125.81390810294864,486516.9191468313,"[0.7951318938622335, 0.11128624521536577, 0.09358186092240055]"
41860,752.6974742139105,699974.03990687,"[0.10712853209692226, 0.8332397576848513, 0.059631710218226636]"
24198,724.8356805245023,552163.8039939359,"[0.3746596887847986, 0.30986381136726915, 0.3154764998479322]"
28721,562.7824995362654,996914.0112505052,"[0.3845141941015662, 0.22624121656584156, 0.38924458933259215]"
43830,779.9979920762331,286504.2353806748,"[0.5008134786142804, 0.4701505758255113, 0.029035945560208446]"
18413,781.9389936924673,308493.18429412646,"[0.15504362275488315, 0.376628541891802, 0.46832783535331485]"
45373,736.6055101716779,530510.8869088585,"[0.039343189523524176, 0.9442190111124557, 0.016437799364020303]"
48220,615.552943886258,828951.713528626,"[0.29723531584580776, 0.396957107029889, 0.30580757712430323]"
17370,607.7422012420858,491125.8968660415,"[0.36237098431276016, 0.28666788233827434, 0.3509611333489654]"
11215,128.5917992134317,896322.8229317435,"[0.2757355987663578, 0.030287551694252967, 0.6939768495393893]"
22311,704.1100345393025,460785.0831200181,"[0.37627480559296705, 0.4948764069693569, 0.12884878743767622]"
12491,98.3618755585042,291975.44123995386,"[0.33323294512471346, 0.5482537395617297, 0.11851331531355677]"
32737,690.8473016904239,438401.2047779794,"[0.13280540976530264, 0.1607439168900813, 0.7064506733446161]"
41903,736.083389473702,467038.7078751311,"[0.2280841568763948, 0.5552869119333945, 0.2166289311902107]"
20625,779.190408369788,414795.1744380324,"[0.5823404946904971, 0.04808682476198833, 0.3695726805475147]"
17900,964.6724814209562,842569.5659130402,"[0.4909224210755313, 0.40530638173336664, 0.10377119719110199]"
2126,104.2030266246003,187059.60936510577,"[0.5044034397657715, 0.4147191494130361, 0.08087741082119235]"
24109,590.9208440537654,691847.8205893089,"[0.5217800145870739, 0.16003813451557608, 0.31818185089735]"
47249,570.0299389741334,797167.067148662,"[0.016153306101525534, 0.6399732582458988, 0.3438734356525756]"
35330,991.1386441815908,465959.9372962821,"[0.5119489401379244, 0.1697694904773795, 0.31828156938469615]"
23913,352.0382454843342,149707.7184661509,"[0.3563575954307978, 0.06668504852506778, 0.5769573560441346]"
36114,359.6090867163864,850663.6824247336,"[0.4941212534752575, 0.4085402293503242, 0.09733851717441835]"
42972,946.0416372655196,602895.0502907048,"[0.3903171332524525, 0.3992070431420078, 0.21047582360553985]"
3422,397.9112018414387,704252.1185534303,"[0.05034563714901042, 0.4601969654221684, 0.489457397428821]"
15454,714.4288541261546,671509.191960487,"[0.9168834830311253, 0.03763405895460191, 0.045482458014272684]"
22992,777.443388151524,687005.7297699117,"[0.1633823942164423, 0.824517084934634, 0.012100520848923636]"
35827,369.2027315620966,169173.60437385738,"[0.5035151379401731, 0.10970424591200166, 0.3867806161478252]"
12904,984.7567551858044,979624.2994898872,"[0.3929946765550294, 0.1483172109879294, 0.4586881124570412]"
18430,106.49838106812318,562738.3888665967,"[0.4464329909433541, 0.10803872414952885, 0.445528284907117]"
13987,647.820990577236,688678.2567343473,"[0.06594473101169566, 0.2764249685903755, 0.6576303003979288]"
44325,587.5099623348958,251693.4697220651,"[0.15688551703410583, 0.8300112615567277, 0.013103221409166433]"
44675,849.8629416446508,166539.59510807818,"[0.5295529275330859, 0.028613757895529713, 0.44183331457138425]"
170,13.189683702499634,800832.3696625681,"[0.12494027719880141, 0.23812364946908365, 0.636936073332115]"
2410,112.94579973340566,563024.7305402718,"[0.18908106360812751, 0.3697939427762933, 0.44112499361557933]"
47465,459.06676686809067,881118.3081100757,"[0.3034408724663604, 0.37914949796124037, 0.3174096295723992]"
31944,358.8653853091745,407266.2392200076,"[0.0006028743696628195, 0.26882322963774974, 0.7305738959925874]"
27208,142.88388825223754,888580.8673710836,"[0.09288843862984103, 0.2917022682420037, 0.6154092931281553]"
37002,530.9619166946385,145866.4883654459,"[0.2634195481426047, 0.70829273737736, 0.028287714480035357]"
14397,986.1806235817246,471884.0876774984,"[0.7796954497701898, 0.1894636665814772, 0.030840883648332967]"
31635,963.3550679108344,827676.6322115654,"[0.1033630889116346, 0.050507587611503625, 0.8461293234768618]"
13185,467.026197813075,640639.5558817555,"[0.3822227710337956, 0.12853777166645114, 0.4892394572997534]"
914,904.89217392012,123670.26957132644,"[0.14539131300804434, 0.8315494677446188, 0.023059219247336858]"
17158,461.9274479843588,364170.913179958,"[0.03454145296501085, 0.1820297889108281, 0.783428758124161]"
46261,43.59208473523857,321884.5297900553,"[0.7821228411479271, 0.1258149306512679, 0.09206222820080485]"
11044,148.98666376425192,741858.6546609061,"[0.25468259734085863, 0.6248148484728978, 0.12050255418624355]"
32725,562.3299715244011,407285.2214973336,"[0.06199801837904427, 0.6327953559239607, 0.30520662569699497]"
23611,409.5782724453161,496381.6317968162,"[0.8626795565411606, 0.0692208678763328, 0.06809957558250644]"
101,829.1310912614214,589550.4026478082,"[0.05400110488120363, 0.25915338248935743, 0.686845512629439]"
21868,46.38957201106496,650663.911451305,"[0.10787261514125474, 0.02192977916364469, 0.8701976056951005]"
15072,781.6467689202121,530864.4590133409,"[0.5113606233467322, 0.2691035457429229, 0.21953583091034487]"
46508,600.1660914814255,226651.41088085223,"[0.1854053954224877, 0.34166900827685626, 0.47292559630065606]"
34521,636.7914679640958,778152.7165676067,"[0.07215628234889186, 0.5476359478376582, 0.38020776981344995]"
48831,315.83457661203187,127290.75718209366,"[0.17708729651318894, 0.7444349089381573, 0.07847779454865379]"
8521,103.56352418880124,383985.212380026,"[0.07920608712305688, 0.3718349928968493, 0.5489589199800937]"
35349,140.73409468807552,982622.3146939328,"[0.08523024719476964, 0.7825017445699928, 0.13226800823523752]"
45730,157.4296566001311,211433.7737173531,"[0.22105582168232482, 0.22572197449962078, 0.5532222038180544]"
36622,675.5313669559209,223244.48615868337,"[0.0019776956843434363, 0.056348453262116585, 0.9416738510535401]"
11265,763.7941074043383,453389.7184968152,"[0.07248528208745643, 0.6450285969156361, 0.28248612099690745]"
5675,474.1125020440409,330431.283413574,"[0.29833175073333595, 0.591256106174216, 0.11041214309244798]"
5054,757.1712785366935,625177.2296045411,"[0.39293184478005055, 0.23066040280434116, 0.3764077524156082]"
37345,801.7021900885845,624907.3592338313,"[0.6690675044167942, 0.09448012587157775, 0.23645236971162817]"
44765,462.6819265644734,791659.409871863,"[0.334942412725648, 0.1805943478833794, 0.4844632393909726]"
43298,588.7216681115643,501213.638178721,"[0.20852235976004663, 0.39277235033924074, 0.3987052899007126]"
6706,193.91832309204256,671714.1247900603,"[0.16515416233769295, 0.3895971526185889, 0.4452486850437183]"
34416,823.2331750642788,816602.2188884189,"[0.6704334385301952, 0.1817173636081945, 0.14784919786161022]"
27383,501.860359265533,415611.0178410493,"[0.23284388442819215, 0.16776847594839875, 0.5993876396234091]"
5240,928.8084344542278,228293.90475671968,"[0.08872773208167363, 0.5159219643290357, 0.39535030358929063]"
36730,418.1270460649865,916257.1361660904,"[0.1467228985712288, 0.8525999001975262, 0.0006772012312449036]"
23858,290.0581110451046,852527.8251698148,"[0.4737037378387146, 0.2417754927662815, 0.2845207693950039]"
29407,651.0869514635372,133153.55023707348,"[0.06484765903383007, 0.5570879531923871, 0.37806438777378265]"
43884,151.69473795123673,853138.4979361831,"[0.7549693335951669, 0.22750278051000977, 0.017527885894823375]"
3427,589.4407914284394,951532.7609414436,"[0.26060325223865705, 0.6045333459045134, 0.1348634018568296]"
25678,528.6861723572881,463176.2666936831,"[0.09727364478438577, 0.6534342739473628, 0.24929208126825156]"
17426,694.0691155947015,915432.0704905612,"[0.21043498498024849, 0.49407514831137106, 0.29548986670838046]"
9916,930.123318068466,695391.3761058964,"[0.512970095082421, 0.4108144720553568, 0.07621543286222217]"
13967,39.48839330791058,844835.9028477973,"[0.4193644553812021, 0.4476961340753934, 0.13293941054340444]"
22713,65.04339099642596,800071.9778537197,"[0.7092979023187774, 0.23469651899085056, 0.05600557869037206]"
49314,371.67153536927526,536800.8210032632,"[0.5136008332428418, 0.2645983753535039, 0.22180079140365422]"
1610,246.5220918867404,918964.400933383,"[0.54646276378269, 0.044374624792989634, 0.40916261142432037]"
35511,335.5764296606179,275374.1053682029,"[0.41336303094097976, 0.3100867540537453, 0.2765502150052749]"
25866,875.8456575529841,495609.8094816454,"[0.7768382953178341, 0.06748359162715786, 0.155678113055008]"
41246,63.55394840268903,872945.3864715882,"[0.10842648256717569, 0.1397054842192948, 0.7518680332135295]"
30736,791.9195776883759,591748.2157686851,"[0.01916791864139177, 0.966208024889915, 0.014624056468693334]"
22474,488.1648349956327,312675.81440243486,"[0.3472527199793616, 0.5751408489793842, 0.07760643104125418]"
26511,928.9027387865792,574742.1010100336,"[0.4095586226293208, 0.4832486057926431, 0.10719277157803601]"
6671,298.230038147458,681855.7789688637,"[0.029010774190078747, 0.4394456579629626, 0.5315435678469586]"
45837,760.9599296085245,663987.5286853873,"[0.6225426499282506, 0.13168769970182048, 0.24576965036992904]"
18683,554.6961588688918,400662.9074561275,"[0.4295275748765063, 0.14159805370782477, 0.4288743714156689]"
16218,121.74254222689272,899590.3440876716,"[0.14792367935841091, 0.7029848706333758, 0.1490914500082135]"
47598,405.29498846370205,280036.1335141575,"[0.23857600873209198, 0.07320623768444427, 0.6882177535834637]"
12787,149.50846868280965,831431.0091832295,"[0.17313051739933052, 0.22840787638931384, 0.5984616062113557]"
10942,474.3265009613175,528748.2081329958,"[0.40845024372486416, 0.19506561653891938, 0.3964841397362164]"
5454,120.39734213560912,360054.0125334639,"[0.1313057480859629, 0.15140754630353717, 0.7172867056105]"
28928,800.7724976012477,692637.6104809291,"[0.3858679182601119, 0.10183361083806622, 0.5122984709018218]"
35621,401.15250329786414,232076.0844743084,"[0.06880470235147254, 0.25673862132973313, 0.6744566763187944]"
9364,76.4867673275472,195520.4243788949,"[0.11352226634818956, 0.3426354379578268, 0.5438422956939836]"
31071,134.2810560612764,625561.0256354071,"[0.7608966505849687, 0.19368473239531891, 0.045418617019712414]"
36937,648.2806519682595,175619.92376338248,"[0.491908319664938, 0.38616628622049237, 0.12192539411456962]"
16867,156.96171616513095,175502.8241652266,"[0.2869959962907329, 0.4020066269495672, 0.31099737675969985]"
23656,859.0263217242284,871332.3628744084,"[0.22827852795077166, 0.6162095252793107, 0.15551194676991772]"
18510,420.1263420018436,483015.763269542,"[0.8660356643088797, 0.10867280860294673, 0.0252915270881737]"
22459,120.84601653779733,487396.0687682568,"[0.5737444648583154, 0.02041277652230207, 0.40584275861938246]"
45731,808.7029990555437,260344.97400564293,"[0.7082239474407196, 0.17399577596540045, 0.11778027659387977]"
615,433.7601358545986,446581.9347633093,"[0.5583671949787697, 0.2948296562649816, 0.1468031487562486]"
28181,498.10059115780336,550158.1354649946,"[0.03009310039113136, 0.6255438611777602, 0.3443630384311085]"
39173,187.1543518049832,373933.36580858007,"[0.6522957726555387, 0.18432115851468053, 0.16338306882978074]"
16068,559.9139503983172,843081.2818167529,"[0.10905663158044288, 0.32150635915623454, 0.5694370092633225]"
20126,737.3113026874474,862575.3254135678,"[0.29594595545140795, 0.4785521939371178, 0.2255018506114743]"
13761,533.0870850597491,947471.9432115084,"[0.00998767908475652, 0.08899386214077813, 0.9010184587744654]"
48926,901.7081968745924,550679.349430196,"[0.23361859896959256, 0.3651735165528147, 0.40120788447759276]"
23017,575.6219596764442,363320.1550797755,"[0.20204834244535078, 0.6513505474999357, 0.1466011100547135]"
26288,837.0809497652965,106984.35254789816,"[0.18117481565377644, 0.08705404990412356, 0.7317711344421]"
20220,727.1345959404749,148147.28563798525,"[0.3600491851417734, 0.45156022347980457, 0.18839059137842204]"
49275,688.9391069299354,639795.9061910688,"[0.16918199078976637, 0.5161405444324166, 0.31467746477781705]"
25426,996.6379279726164,220564.0578367121,"[0.4621156006402066, 0.460176460593533, 0.07770793876626042]"
31515,917.499347821134,499344.4859900361,"[0.20439642072426084, 0.015491524260700374, 0.7801120550150389]"
33219,692.6585292651498,762681.6625014279,"[0.7096119552382224, 0.16348941413788268, 0.126898630623895]"
16286,410.2677678219529,620782.7488430869,"[0.12537604918509251, 0.6153800647360912, 0.25924388607881615]"
44246,95.12319546149726,957639.0948177384,"[0.9494795344107768, 0.04438506131515464, 0.006135404274068657]"
24314,386.6258502319572,282109.98433324264,"[0.20815494793078224, 0.4958132771300237, 0.29603177493919425]"
31239,231.39426765040548,969321.4015612368,"[0.0487190654118129, 0.8908463139984597, 0.0604346205897275]"
37095,791.0641489463655,895643.6386948485,"[0.22785685603346853, 0.000587454251427577, 0.7715556897151039]"
37492,271.3296759764633,985747.8730181122,"[0.724546264728801, 0.18537170456237384, 0.0900820307088253]"
6272,287.1430395844011,754203.0283706846,"[0.374547749803999, 0.27093182358410667, 0.35452042661189437]"
41736,405.1779571877135,430051.2136790954,"[0.6667982089558595, 0.2846121186996491, 0.048589672344491394]"
48859,547.9955163620998,850833.5088361423,"[0.535195279778392, 0.2682926240231576, 0.19651209619845048]"
24490,939.94581769373,440026.0335600359,"[0.07582468302471913, 0.23867869914421563, 0.6854966178310652]"
31021,401.81177344887016,917502.732217806,"[0.5051125929829541, 0.13755811418210434, 0.35732929283494147]"
7366,469.3580597230456,817042.9861381844,"[0.3032172475539119, 0.6933523014637879, 0.003430450982300258]"
5865,303.4823958975374,337387.5489832408,"[0.07972081491507955, 0.8516071591661395, 0.06867202591878091]"
40340,621.0432897661223,281170.3077961896,"[0.11909202638545008, 0.8228744423376609, 0.05803353127688898]"
6383,477.787366691058,485218.7843679469,"[0.580916351869857, 0.2886863614336629, 0.13039728669648]"
38017,476.5968385693659,166038.38903017415,"[0.7508672169714619, 0.08613005432709056, 0.16300272870144747]"
16525,802.5208862071078,997137.3997084746,"[0.49449486592679626, 0.4319276485193815, 0.07357748555382232]"
1272,563.162700246744,392826.8544035008,"[0.37960807282390474, 0.5582216718089706, 0.0621702553671247]"
26160,301.5820126924432,881213.4617049667,"[0.20450685826978435, 0.3562911259120784, 0.43920201581813745]"
15076,477.1257684280813,644588.6114436432,"[0.13354720359125105, 0.02875903776115723, 0.8376937586475917]"
12172,374.00721481378775,559292.5496465551,"[0.7008892199586991, 0.21820558423681793, 0.08090519580448277]"
7644,89.39440142052315,101790.97028018883,"[0.08758459954622133, 0.09285929525881155, 0.819556105194967]"
36101,53.50866667544307,964742.9104596978,"[0.4454925773754074, 0.23729995114982705, 0.3172074714747656]"
38192,818.1613890728999,483599.713454912,"[0.1829176900698293, 0.12805614287892333, 0.6890261670512472]"
33268,194.33815075922192,919438.925964189,"[0.6685622266558384, 0.07396121575866639, 0.2574765575854953]"
40610,399.576485143782,204406.4151075054,"[0.61163487394224, 0.3420076066378516, 0.04635751941990831]"
18189,324.93430339907235,146591.6414659804,"[0.42254753813660917, 0.2863886876117535, 0.29106377425163743]"
26988,904.7905465934584,743711.4125491577,"[0.8259455386239359, 0.03587074645141627, 0.1381837149246477]"
35316,518.2221426770568,639670.8524144851,"[0.040713110906791354, 0.31299080647337124, 0.6462960826198375]"
43024,220.85970031763503,983822.3951493888,"[0.2309593712005448, 0.469343829318074, 0.2996967994813814]"
5410,177.65518805129375,918401.9083973204,"[0.6294454452236309, 0.029256085993114734, 0.34129846878325426]"
161,897.3145150049623,304342.67445547495,"[0.14671069632731099, 0.14858806124434723, 0.7047012424283418]"
7065,73.14091841932793,689657.4825025183,"[0.14024328318752083, 0.23207690527540478, 0.6276798115370745]"
68,210.93446561051528,766979.5534628321,"[0.37437741524891915, 0.23235021770555864, 0.39327236704552215]"
27485,268.55211872315635,295546.18115442886,"[0.7229591956282293, 0.0011427838998535125, 0.27589802047191725]"
41077,367.605582350826,481876.6149705121,"[0.7764702371618978, 0.07250235434039712, 0.15102740849770502]"
27865,911.2926294852784,426632.1549794306,"[0.09521833928908974, 0.2788781997366579, 0.6259034609742524]"
1991,622.359039338343,777905.0275046952,"[0.08274096874583407, 0.833611193712769, 0.08364783754139699]"
39612,991.9711878702904,856601.3931725874,"[0.7786055576499428, 0.20634078805620015, 0.015053654293857235]"
31730,811.3213881987223,216542.95518629195,"[0.14772707532404478, 0.5646315297252507, 0.2876413949507046]"
22308,343.5130446659022,499363.4188700031,"[0.6326375420059248, 0.15043670429683056, 0.2169257536972445]"
7916,333.4719004439361,946539.4769798138,"[0.43560637972702526, 0.015639440895592695, 0.548754179377382]"
32049,589.319572342705,474941.24001397856,"[0.6088366630061852, 0.24182659881512789, 0.14933673817868687]"
28427,671.0799757907523,909706.5144649682,"[0.538360404665535, 0.33430628087166264, 0.1273333144628023]"
9966,866.4149753419746,763806.2795545561,"[0.4075004138681364, 0.4240906771000267, 0.16840890903183706]"
1774,916.2622723717036,568530.0869157596,"[0.3426775198172909, 0.49890383899997, 0.15841864118273905]"
40706,15.945017981398689,519361.6297591033,"[0.1969117879875246, 0.1970522188193821, 0.6060359931930933]"
42924,556.4352878672671,866887.70360652,"[0.20709914315129319, 0.5476578728011601, 0.24524298404754677]"
13511,581.6368257356444,842305.5283972307,"[0.33204721109624563, 0.6224419921517232, 0.04551079675203106]"
30046,554.8819393677951,612406.9874822659,"[0.0701200056482832, 0.2548988300411813, 0.6749811643105356]"
34872,392.0293843194566,279446.7169124364,"[0.4747586185208014, 0.4657416041003102, 0.059499777378888334]"
37222,194.2939243557732,729359.3114381607,"[0.08186858555687236, 0.7276012799923804, 0.19053013445074707]"
1995,993.1189947447718,365517.5312452621,"[0.17136338416256588, 0.05625641906894354, 0.7723801967684906]"
10469,282.3859355494278,268061.30860560434,"[0.6106374743390902, 0.05193604924761864, 0.3374264764132912]"
5383,981.372265538495,658076.7543665486,"[0.7725111906138818, 0.1590822084238977, 0.06840660096222045]"
45488,268.53377547085574,165543.0025806732,"[0.1876499181897921, 0.3917916107494628, 0.4205584710607451]"
16142,690.4508573128948,155702.94208516818,"[0.21435391170188445, 0.3846377047144843, 0.4010083835836313]"
22680,505.0978180111037,767739.2105610102,"[0.46085088696479837, 0.13229084517814732, 0.40685826785705426]"
12542,996.1674271739352,652622.182962136,"[0.19774893151798506, 0.7024076093246435, 0.0998434591573714]"
10591,136.10228902842692,571895.6449445001,"[0.3558603607259848, 0.5161432286986246, 0.12799641057539066]"
37007,975.0624560895178,123914.8524964776,"[0.22129116121325654, 0.5355287972323868, 0.24318004155435663]"
40387,593.1173190461687,311940.3186501928,"[0.0429259006841513, 0.2704332717742813, 0.6866408275415674]"
32225,817.4740948112194,759491.8247481181,"[0.3526612452108411, 0.4993863358567037, 0.14795241893245503]"
44374,235.74432517762344,792018.999837559,"[0.3528151601177387, 0.225802144365263, 0.42138269551699836]"
21401,633.2057636765128,321931.89976904786,"[0.3520438837986085, 0.5557171980008871, 0.09223891820050432]"
22918,551.721041770433,910330.348063405,"[0.24335012182250704, 0.7013186113384517, 0.055331266839041146]"
36143,44.70254776615402,885834.762373536,"[0.07579978685025428, 0.8039433485866981, 0.12025686456304759]"
29705,732.0449884504048,913108.9399106116,"[0.306000443325262, 0.6368579315332984, 0.057141625141439716]"
18630,612.0997088723665,614427.5616075817,"[0.37215287449976775, 0.4602738391900673, 0.16757328631016494]"
8302,315.60500046204464,628151.8055162366,"[0.7162812188804047, 0.2317956564355776, 0.05192312468401778]"
48254,342.8623837809506,419671.0101342028,"[0.6718645846182957, 0.16092953946771443, 0.16720587591398994]"
31576,419.3728370584619,370270.3430242843,"[0.5573052050492245, 0.2700624579785958, 0.17263233697217967]"
28762,411.3065358648802,223136.00439504,"[0.036836900885649025, 0.9122088435282677, 0.050954255586083276]"
42352,629.226253212538,186007.03828863567,"[0.26057048896567725, 0.05786801244477892, 0.6815614985895438]"
41901,933.8070534875048,439875.3288221126,"[0.539285555951574, 0.4513933896013733, 0.009321054447052708]"
17073,262.5142051573979,193065.6472941533,"[0.14722968978778073, 0.34025206476211106, 0.5125182454501082]"
28596,701.6976332104293,320990.8918726436,"[0.034100833133078726, 0.9260130462069747, 0.03988612065994665]"
47073,172.1547634809749,455279.1668757152,"[0.42579059882993403, 0.18729684669176777, 0.38691255447829825]"
17598,956.0540913124202,400179.3113023737,"[0.36347667636067155, 0.0966300904807232, 0.5398932331586052]"
11427,532.9535263856777,467386.1138445322,"[0.6950085926481112, 0.11221093832398434, 0.1927804690279044]"
11338,570.3654449624972,816344.2582583311,"[0.33448904748182695, 0.5540016054077903, 0.11150934711038273]"
43857,619.6897631822334,777095.6768155542,"[0.791763747491725, 0.19740972631027007, 0.010826526198004914]"
29483,478.9768941059216,534701.8650545371,"[0.705802192842804, 0.1736048976466993, 0.12059290951049668]"
28699,341.65371593164565,382792.7943935545,"[0.2795669405448897, 0.20265407774927763, 0.5177789817058327]"
29398,894.1645817071467,227349.2478003711,"[0.7572658340609156, 0.056910008671956565, 0.1858241572671278]"
7465,482.4998648323104,213059.0507978137,"[0.8079451471241585, 0.18554139568682473, 0.006513457189016895]"
45913,842.8341588757386,829729.0024354381,"[0.3899712540786438, 0.3763442297576908, 0.2336845161636655]"
43307,463.5730708242366,952561.8069160848,"[0.1466091602507279, 0.7949159556676365, 0.05847488408163551]"
35728,828.8174152920479,405332.2041331715,"[0.005423466559994965, 0.4713421486755053, 0.5232343847644997]"
35951,33.34268675197761,336080.9389287235,"[0.31829494906503114, 0.4171795514651298, 0.26452549946983905]"
45747,215.56272695304412,767603.1275116319,"[0.06530745469079421, 0.6930335600178098, 0.24165898529139596]"
38671,271.4528534566116,226680.51454745865,"[0.09334383478380019, 0.18142403613223398, 0.7252321290839657]"
39540,714.5428173048124,282303.34054426744,"[0.37463856833834547, 0.5050316642076254, 0.12032976745402924]"
21586,782.5576851492169,356266.54792122275,"[0.05812923362367244, 0.6512372392104037, 0.2906335271659238]"
33627,344.99588159029975,789535.1998077285,"[0.4092679512853325, 0.04994601079062262, 0.5407860379240448]"
24108,956.5276594573804,585148.922029769,"[0.16614217294478428, 0.7992648224385106, 0.03459300461670502]"
21842,102.24084013186469,424687.7334306538,"[0.10439933269391279, 0.11161550935748604, 0.7839851579486012]"
37352,361.1572569545127,220724.6099353991,"[0.11117700601764474, 0.7684890237499091, 0.12033397023244599]"
10354,948.8916435427092,300103.9959609008,"[0.14264421867782975, 0.6773514844177569, 0.18000429690441322]"
16626,518.2382154890964,124372.06138452026,"[0.04939837510671454, 0.6215150094548914, 0.3290866154383942]"
8127,88.59910709168712,588572.0619764712,"[0.706591316349218, 0.05017009249060805, 0.24323859116017404]"
37279,813.3667807087812,792804.5729340406,"[0.6080643184863296, 0.35280039778606015, 0.03913528372761014]"
19845,102.82130858201712,753177.7916233424,"[0.4296025649720299, 0.3021242864092608, 0.2682731486187092]"
30333,931.9554673271984,167228.01047322835,"[0.07470677934534892, 0.2809557458022735, 0.6443374748523776]"
46680,352.2285307280127,282471.0830113493,"[0.09326449713031057, 0.30542250684628364, 0.6013129960234059]"
9876,954.9657912937204,941420.7345509364,"[0.0812642455547904, 0.89327984538996, 0.025455909055249623]"
34541,907.479131353532,623793.5680721828,"[0.07701178453872577, 0.5084881578069528, 0.4145000576543214]"
47544,804.1042300694226,307832.3727425861,"[0.5379224459444932, 0.39868497613584286, 0.06339257791966402]"
34716,162.71856290342515,270256.88378024026,"[0.3396470127337561, 0.6172538736685337, 0.043099113597710376]"
31868,570.224939272905,908607.363094236,"[0.1362114743949992, 0.820411348241282, 0.04337717736371878]"
29370,843.4640782552966,204990.50153287768,"[0.11325381229260284, 0.5201686921807731, 0.366577495526624]"
7645,235.41239197676447,840082.6514570352,"[0.23762337815112355, 0.19176700921002296, 0.5706096126388535]"
29484,523.2275815360069,615470.4573741676,"[0.12455534195978346, 0.6363777343579048, 0.23906692368231156]"
49818,960.428571092296,540605.2533992712,"[0.06839982556190828, 0.6268533434973926, 0.30474683094069926]"
5848,175.5683800476763,741943.4492547652,"[0.0422164615066423, 0.5278949371239547, 0.42988860136940293]"
40,698.2085189202497,870637.6596044941,"[0.23589737359625518, 0.6171306804090206, 0.14697194599472413]"
24764,789.4437028870684,491508.0568692159,"[0.9072085074228294, 0.019758197454484344, 0.07303329512268623]"
43789,849.2716966681863,931791.4293535902,"[0.26193376048673683, 0.08645132525428557, 0.6516149142589776]"
37696,599.5801749572885,458652.627942378,"[0.42516119384108725, 0.5497019255173912, 0.025136880641521673]"
2230,366.3123226549421,687465.3929307392,"[0.7421278298854725, 0.041701033332235175, 0.21617113678229233]"
19900,135.7000518495732,236911.2663318531,"[0.06412562831612638, 0.11403938727392304, 0.8218349844099505]"
7864,436.9234866068409,838650.160327038,"[0.07021378899819196, 0.8558238090416559, 0.07396240196015214]"
29722,807.7807626012882,743137.5655196955,"[0.1842154992609715, 0.8057241325411896, 0.01006036819783905]"
29165,853.0668638321127,791679.3383989275,"[0.15593852104398076, 0.5286692635245764, 0.31539221543144286]"
45443,804.0639098752611,694764.3885207735,"[0.5833319972192875, 0.22256576560877078, 0.1941022371719417]"
2789,684.8306773530612,315212.9718062335,"[0.38237305450000614, 0.4111027856085612, 0.20652415989143244]"
13203,782.294681381003,851512.3301599494,"[0.003611625184408025, 0.150744019146977, 0.845644355668615]"
16560,146.30923001607255,568020.7353603371,"[0.432244036633007, 0.08819301300816433, 0.4795629503588287]"
4253,963.2562765469462,323717.32523815136,"[0.29991265601582984, 0.34447114483623875, 0.35561619914793136]"
25164,541.0549894515758,341413.5867825117,"[0.40477730538048523, 0.2784996973505885, 0.31672299726892633]"
9509,820.4466541861395,141208.7943732169,"[0.521551391193607, 0.2336733014889452, 0.24477530731744787]"
39338,201.54888923188588,317589.9720686234,"[0.6593600257110889, 0.024484193405981194, 0.3161557808829299]"
48205,180.99861410784064,858062.2397519031,"[0.029592240287954114, 0.08811394409753677, 0.882293815614509]"
24418,221.2534065098122,178322.55485341224,"[0.6311853795945771, 0.1454972174934444, 0.22331740291197838]"
26944,479.7130733558236,580155.6629135245,"[0.03904500827830585, 0.521117038982848, 0.439837952738846]"
38890,253.71027179864856,380308.3344774834,"[0.19044582809586977, 0.5013945376942148, 0.3081596342099155]"
39383,374.5335125082513,738654.4897428574,"[0.10080472136321224, 0.5735079932559627, 0.3256872853808251]"
42264,15.875066154203283,271728.5777332719,"[0.35767610228495555, 0.46753644284821333, 0.17478745486683117]"
19546,894.1754427542021,503275.8345335476,"[0.2968625589751122, 0.4412766199677655, 0.2618608210571222]"
7382,935.96964204732,730609.0266320216,"[0.12170074295242868, 0.4240263571648146, 0.4542728998827568]"
13380,480.6222216777209,359108.1744219644,"[0.38879576881050487, 0.15053601596952773, 0.46066821521996737]"
25131,974.2557467817264,787869.4301392409,"[0.31920203731954394, 0.16396765654905748, 0.5168303061313986]"
10974,184.08633858114013,898189.118305123,"[0.09066783344704951, 0.5196075427151178, 0.38972462383783285]"
13210,583.4845978683865,370657.8918846519,"[0.05785122959465228, 0.313579391585649, 0.6285693788196987]"
9156,407.99627224062647,753980.4988265089,"[0.08960561974602847, 0.7221887011342826, 0.18820567911968886]"
6064,211.22544681955,490946.9654603438,"[0.07329441352508571, 0.7870662153190505, 0.13963937115586383]"
31853,659.9667056378759,586461.7368699822,"[0.00697456637398492, 0.44794748259688427, 0.5450779510291307]"
20706,260.6053748149127,141557.81920429086,"[0.01784286127662211, 0.366111096574271, 0.616046042149107]"
26811,904.3336059293208,917708.5996471924,"[0.3083799758501225, 0.5272334807975907, 0.1643865433522869]"
10898,471.486450429133,355075.17002697807,"[0.22606832703346585, 0.018385631572084282, 0.7555460413944498]"
40747,410.0328752997001,496461.55532752327,"[0.27023260635398816, 0.366589467118451, 0.36317792652756087]"
15319,264.5027295254447,517618.2522120769,"[0.12365041281196759, 0.4688169172938683, 0.407532669894164]"
36970,380.698722095547,644396.3273516576,"[0.2623684489271006, 0.21671231565235588, 0.5209192354205437]"
32370,815.42805332176,797469.2191417124,"[0.5086079041435237, 0.369213544814095, 0.12217855104238129]"
38622,594.471086465234,718469.0669282228,"[0.25765256038196854, 0.650971026887969, 0.09137641273006242]"
38168,498.0673115351901,771014.4774492468,"[0.29351530346765103, 0.27780213554703076, 0.42868256098531826]"
23705,326.00257550272136,644432.4798993275,"[0.5058392638189552, 0.47566847431810894, 0.018492261862935892]"
47383,488.7325090502657,280617.5753772361,"[0.31073127374161263, 0.12987270878870735, 0.5593960174696803]"
46880,118.91069159409356,645645.6975565073,"[0.1492136202963672, 0.5080953816754039, 0.34269099802822894]"
21418,375.27934360502826,902312.068714556,"[0.09981657365995168, 0.5613701756252447, 0.3388132507148035]"
32451,225.7360010011479,103669.17945573492,"[0.54474559601434, 0.09486102106986995, 0.3603933829157901]"
33866,786.0926809193239,176981.03421437694,"[0.2309880590315533, 0.760931901726265, 0.008080039242181689]"
20645,364.5891225525129,705166.7938827975,"[0.038273861983381494, 0.4489556048957263, 0.5127705331208922]"
36931,967.1484667106944,591809.4815575704,"[0.07321285792821364, 0.9144048539891245, 0.012382288082661808]"
35779,972.1226034496292,627760.3340211627,"[0.24851548722730002, 0.683719908487951, 0.06776460428474891]"
32194,977.69267637719,152214.193912764,"[0.2894381651173294, 0.03881192779140578, 0.6717499070912647]"
22632,929.9280922816748,868698.8624455775,"[0.5724111527585879, 0.21149790145092978, 0.21609094579048232]"
15190,185.6974092312752,690278.644523091,"[0.08314774928819692, 0.34377561908977616, 0.5730766316220268]"
7995,313.90484520478924,871735.8472550474,"[0.1505340273856617, 0.5811136622380887, 0.26835231037624946]"
14516,957.8670041801348,437901.0208065024,"[0.2998192257511505, 0.5536433880130858, 0.14653738623576368]"
6993,639.6699996442255,129510.6615527238,"[0.407828781822858, 0.5001475522091616, 0.09202366596798041]"
13449,984.9636038700576,164068.00431672303,"[0.5631940336948738, 0.17391216240430876, 0.2628938039008174]"
4751,419.5948080773454,596131.2795233524,"[0.479693335382165, 0.02220461086655566, 0.49810205375127936]"
45765,134.86311979157114,118665.45774148028,"[0.2215174001396687, 0.38394586054654306, 0.39453673931378813]"
27361,468.1139379634905,135414.52040229214,"[0.12564923181874116, 0.33201332908714115, 0.5423374390941177]"
36310,399.6886126473572,937627.4651161968,"[0.45881224701522605, 0.0778530420963263, 0.4633347108884475]"
39026,735.2839833938161,349609.1970614146,"[0.27943137362190984, 0.21193614275220746, 0.5086324836258829]"
16518,185.72021133579528,303405.08961260994,"[0.2837583838125325, 0.5389979251738098, 0.17724369101365764]"
16441,531.9994666456803,988237.9486606125,"[0.0584939355144687, 0.9020329244583767, 0.03947314002715484]"
25476,199.4442962811773,814258.5342884487,"[0.4614771011569666, 0.4867642002885158, 0.05175869855451766]"
19679,205.78266720185903,742161.9219117154,"[0.32778321698675766, 0.6606682864351828, 0.011548496578059527]"
23008,116.68169971211712,274574.9069426572,"[0.5264031112909959, 0.32439948025772875, 0.14919740845127538]"
11364,614.2486061900942,546291.26340528,"[0.09021608702023413, 0.2615310541910332, 0.6482528587887327]"
41195,677.3798491596783,439720.257479844,"[0.41264611972363197, 0.5000395779402448, 0.08731430233612326]"
4493,474.936257360827,692741.8758509194,"[0.3806049176950221, 0.2316671408664097, 0.38772794143856826]"
4735,970.0047275476423,839341.6381062258,"[0.2750450730500046, 0.17588900069814986, 0.5490659262518455]"
6901,413.9620605888789,119845.416915537,"[0.5602332626280772, 0.4179636311232908, 0.021803106248632128]"
40737,605.0162618996127,403434.185703813,"[0.12646585147891665, 0.8653313329435001, 0.008202815577583313]"
1737,939.9974317935222,220783.43212107144,"[0.06547296691282627, 0.17696641148975378, 0.7575606215974199]"
29277,161.19531962361046,632480.6203941645,"[0.8553881611187996, 0.1320775901053207, 0.012534248775879709]"
31545,480.1819901694009,241155.6911459629,"[0.5420086172984714, 0.34272411785136775, 0.11526726485016082]"
8280,131.0833429656917,572124.867822367,"[0.7614965613992996, 0.06592653326912706, 0.1725769053315733]"
5365,42.20487155621176,568009.3051194085,"[0.6996260708669121, 0.2997096308652258, 0.0006642982678619683]"
707,674.0414302866135,668752.0495094648,"[0.2463651005803081, 0.49541618085775735, 0.25821871856193457]"
12138,428.056303855582,991432.5642184714,"[0.2877059146500731, 0.11550133499541773, 0.5967927503545092]"
12028,535.9726967965216,455045.6597698568,"[0.4230107699844259, 0.23750176595365516, 0.33948746406191893]"
45214,491.27360223368527,342784.8665075805,"[0.2881191083425429, 0.32247588244109554, 0.3894050092163617]"
7394,850.2896086561857,666981.8415642774,"[0.5118424260510213, 0.1478765926385101, 0.3402809813104686]"
36673,236.5434263291104,692935.9115169342,"[0.5642953771269223, 0.2622769700759287, 0.1734276527971489]"
33990,779.2165677269246,792340.378544449,"[0.0518295639381235, 0.001364883346353105, 0.9468055527155234]"
40702,121.76509849283906,984170.46945071,"[0.7672375403648019, 0.06583327336702385, 0.16692918626817427]"
29092,832.5164017447222,851338.7448753503,"[0.038233819278095466, 0.4997584171477474, 0.4620077635741571]"
23125,832.0349327305491,644654.2874542425,"[0.1223550301944482, 0.027903871320864162, 0.8497410984846877]"
36470,472.6884690737341,321182.24092681054,"[0.5599122010085632, 0.11475215021643329, 0.3253356487750036]"
23040,588.4626105273812,266355.786469292,"[0.038556497459444054, 0.3382678056092054, 0.6231756969313504]"
25843,44.62615879289062,898151.8067044521,"[0.157818995124452, 0.5246397147500742, 0.3175412901254738]"
17552,326.8016871300146,882597.7323007913,"[0.35531849686713657, 0.34833761732459384, 0.29634388580826954]"
41080,112.9790831144398,328747.000589433,"[0.3424909276286395, 0.5056203818779303, 0.15188869049343035]"
14278,909.6627974007444,842740.8193194863,"[0.0870333268459483, 0.1620210643430602, 0.7509456088109914]"
27434,732.5706977881567,184617.7376487949,"[0.21275051114325516, 0.4459628001900473, 0.3412866886666976]"
49438,385.9938218651515,296846.832111268,"[0.568770301726878, 0.3838636501391963, 0.04736604813392559]"
12806,761.8888096606814,777222.8078975072,"[0.7731974598988761, 0.007776446435720195, 0.21902609366540368]"
29880,273.59261635028344,524345.6540964902,"[0.2370859229965368, 0.7607105315273284, 0.002203545476134943]"
27531,241.27548360232,880312.907579002,"[0.05896514842328509, 0.769089413594158, 0.1719454379825571]"
25640,712.4330100145556,224840.30369907088,"[0.08299063960940317, 0.1426268118361202, 0.7743825485544766]"
32688,884.0071321851728,830176.5978040209,"[0.12278792522157886, 0.5940788824359597, 0.2831331923424613]"
14767,863.3137915057148,189350.3327191157,"[0.36933573590087465, 0.07490667408254778, 0.5557575900165774]"
4336,264.1801482247597,715681.2201644981,"[0.05654656165487795, 0.9091392060143509, 0.034314232330771056]"
33320,510.2433831996989,454329.507597092,"[0.4613732210782396, 0.4176983841577481, 0.1209283947640123]"
19267,814.5554177385354,258473.52264640183,"[0.41276623277621416, 0.39507974567529697, 0.192154021548489]"
22636,862.2264012272847,250574.40328089,"[0.6473518565455907, 0.019513880472586613, 0.3331342629818227]"
43052,217.48041243281423,117968.6072718707,"[0.022180559247577895, 0.11990874177483177, 0.8579106989775903]"
41361,480.3957771681692,194001.5627188822,"[0.07066533218293149, 0.04157807795103467, 0.8877565898660339]"
21769,838.5217117623586,389243.5247022405,"[0.37666873816347274, 0.2835339088716065, 0.3397973529649208]"
23668,217.8393576645857,496882.7943718616,"[0.5593399396197808, 0.18214671896200926, 0.2585133414182101]"
25655,359.89503889432166,106043.87322481928,"[0.5184735264612781, 0.09886162846298739, 0.3826648450757345]"
1388,981.554502800896,722042.1408133351,"[0.46381945986638434, 0.23404850187863346, 0.30213203825498225]"
14018,407.4497414280986,830913.1052891458,"[0.45416961622311286, 0.2586921432116542, 0.287138240565233]"
2924,875.9836500003549,302409.5934315315,"[0.29978843516814807, 0.6466441517420414, 0.053567413089810584]"
35839,228.42808956031024,797637.8997556651,"[0.807091883346377, 0.17147739814748178, 0.02143071850614118]"
36646,105.50492067241248,461442.0657543317,"[0.12790853527499849, 0.27139395903272306, 0.6006975056922784]"
10637,271.0381870484778,515657.88560050353,"[0.20786205869548813, 0.05213516763206174, 0.74000277367245]"
5684,921.483872876777,424024.6445119229,"[0.10431796910894672, 0.24584348306567777, 0.6498385478253755]"
48114,839.3470726020473,873891.344881843,"[0.08793854502559174, 0.6059337106898111, 0.30612774428459727]"
10398,134.33278004282758,741539.2089977443,"[0.6239686750064196, 0.314616035486436, 0.06141528950714451]"
10412,30.82063307179863,112276.40394973043,"[0.0065942698128667165, 0.2643197737562004, 0.7290859564309329]"
29751,652.6305103286353,462864.7502575871,"[0.7075292103539816, 0.1800087055676228, 0.11246208407839549]"
35803,98.28330600681171,262281.81027460727,"[0.2966872335693011, 0.5587139770714438, 0.14459878935925516]"
2413,922.8678923694096,332952.8971414111,"[0.6743127758462546, 0.08448607038806358, 0.24120115376568188]"
38899,398.4525817361684,651109.257365584,"[0.7144900334501473, 0.03462852851403497, 0.25088143803581764]"
6892,123.3425283078058,445568.3503797885,"[0.17074599570146753, 0.5524104680992398, 0.2768435361992927]"
35562,701.1849784690332,174348.27956980158,"[0.09914778833700665, 0.3629625718311355, 0.5378896398318579]"
36020,990.1020309660934,744175.1328678293,"[0.14544085032464135, 0.7087461609688318, 0.14581298870652684]"
26247,513.4468508663331,339930.2964136459,"[0.527823439410511, 0.4214839300894001, 0.05069263050008887]"
34083,810.2510730262267,708971.4931498616,"[0.5872794299937988, 0.12748565539744988, 0.28523491460875133]"
9054,288.89333028797523,106998.1276665785,"[0.1939531904160544, 0.5937777398279408, 0.21226906975600476]"
41608,784.8490842102021,834430.5857261225,"[0.2116404015426936, 0.490299017927601, 0.29806058052970535]"
13003,573.4706448156103,143434.18245029156,"[0.10778220327750411, 0.4005775151979549, 0.4916402815245409]"
9189,292.4827925529966,597795.7204469121,"[0.20552026631220763, 0.03269814630440635, 0.7617815873833861]"
34320,381.31008851811504,465217.0238655544,"[0.20462289326599223, 0.5668893365814562, 0.22848777015255156]"
10688,153.8451064090016,915628.069392154,"[0.40323281820683127, 0.30398479339299356, 0.29278238840017534]"
1074,581.600763685047,986419.4519685368,"[0.4500109267126258, 0.44053101622712676, 0.10945805706024754]"
35616,41.68371326550499,858257.8599024788,"[0.4556990580110635, 0.3818193428987147, 0.1624815990902218]"
14008,400.3490325492141,446457.73053705896,"[0.044945417788875126, 0.23245223579097543, 0.7226023464201496]"
47325,559.2209506525157,323567.9470816936,"[0.22209862777679407, 0.3091711879201069, 0.46873018430309915]"
15199,221.4971426639177,161148.82769659528,"[0.6625125459943229, 0.2611171558902984, 0.07637029811537877]"
14337,579.9173538709499,597585.7926182724,"[0.1948120271184023, 0.07050672472514828, 0.7346812481564495]"
36764,433.0027946908703,710900.6180267791,"[0.189921533251502, 0.4729013426631573, 0.3371771240853407]"
25773,203.07940699445663,513177.3155627691,"[0.14475145363966313, 0.6137225594879591, 0.2415259868723779]"
6499,90.41893195254312,869209.3045823367,"[0.16543097543484114, 0.6731802153936554, 0.16138880917150344]"
3899,426.0010284630221,859728.0903495566,"[0.09861266229686153, 0.49988479917219747, 0.40150253853094103]"
22875,999.9147508746056,940801.0062907576,"[0.6075755060758407, 0.35806876453886616, 0.03435572938529328]"
26121,339.389137431055,565394.7634387505,"[0.8227661392628046, 0.011840395997792165, 0.16539346473940336]"
5408,810.0762048252407,903834.3132960025,"[0.7871973368149868, 0.023367898975210476, 0.18943476420980274]"
15800,995.1602200671722,498791.484439343,"[0.34178797269742633, 0.6393170356077493, 0.018894991694824326]"
42240,582.9026644174315,579204.3996263046,"[0.2200167406356838, 0.26544519136640154, 0.5145380679979146]"
12590,734.8221810642198,243680.6399129908,"[0.2446481064412391, 0.224794709868974, 0.530557183689787]"
3939,374.04780014260206,838801.9938809124,"[0.4967575364152608, 0.13076903980681234, 0.3724734237779268]"
20321,446.7947987784233,223283.10971111647,"[0.04013524146972826, 0.7557908890785503, 0.20407386945172143]"
24007,481.0721561032419,523783.2590549095,"[0.3019909183787078, 0.5303518180704031, 0.1676572635508892]"
1530,227.50427069578865,432493.9935562392,"[0.19476068361388096, 0.4047565221448286, 0.4004827942412904]"
42243,116.48957486702544,812321.1211090825,"[0.46148028490125703, 0.06357646439342388, 0.4749432507053189]"
8002,744.4032563282192,804171.1212150851,"[0.08993180954035072, 0.44833356991544654, 0.4617346205442028]"
15744,316.9278378052268,877149.9791240966,"[0.03572181315144002, 0.7987992345515565, 0.16547895229700338]"
3083,48.08388548030948,525255.945615483,"[0.07479305903979172, 0.6209257823188444, 0.30428115864136385]"
49562,659.1979790283798,435468.4358284339,"[0.38990758046555435, 0.23325702778075796, 0.37683539175368763]"
815,708.5939508557362,397765.1472472226,"[0.07129443599860942, 0.2762850449535149, 0.6524205190478757]"
36236,789.7609427521987,686158.4589856329,"[0.21515122792106242, 0.13188169748800307, 0.6529670745909345]"
7441,445.1665966986175,949670.1076185682,"[0.030434918290218355, 0.7775297217232978, 0.19203535998648388]"
47969,940.552480439284,158525.40713974842,"[0.172630423521309, 0.4190881318460553, 0.40828144463263566]"
5535,372.31182528869687,582250.1133697103,"[0.7435873184706849, 0.1748750653678435, 0.08153761616147157]"
23030,338.18494580881304,389520.97448966897,"[0.0985824993941867, 0.37331588939578375, 0.5281016112100296]"
17271,514.536899613889,263464.200550138,"[0.08783756385605525, 0.8417221016201751, 0.07044033452376955]"
5775,773.6285168874703,471132.0057859793,"[0.46573212300733974, 0.039687682710382366, 0.4945801942822779]"
728,209.3426539570013,361606.1670105692,"[0.44420110829405346, 0.4994841981422933, 0.05631469356365333]"
43171,536.4276685856868,809928.5623756117,"[0.7052151113717534, 0.14093448670867387, 0.15385040191957272]"
42239,303.9872953479253,168568.0142006863,"[0.4585055729599818, 0.2696316024292584, 0.2718628246107599]"
28183,806.1515101300155,807564.798351253,"[0.2627595350274494, 0.09583110086949123, 0.6414093641030594]"
46570,455.7357140410381,380285.0901058748,"[0.06842443747711846, 0.3618455722066435, 0.5697299903162379]"
11743,484.8522393896299,243419.3171481485,"[0.12138021559813597, 0.010330334180170639, 0.8682894502216933]"
10576,33.37284869483251,202174.9387899139,"[0.5378888727108324, 0.42437373776025666, 0.03773738952891071]"
1997,954.5819957942066,958829.8241912692,"[0.189321505828828, 0.16773871164426013, 0.6429397825269119]"
31668,974.146186950474,976596.6819228692,"[0.41387604233386477, 0.5520072016824022, 0.03411675598373301]"
512,327.24168758239205,568597.7698833258,"[0.10617439322207022, 0.23230540416373754, 0.6615202026141922]"
25497,244.3231723018712,719950.216975083,"[0.1684677367954395, 0.19731167905452954, 0.6342205841500309]"
42443,324.9874653764392,127646.42760480053,"[0.2155631772733834, 0.10355912942281979, 0.6808776933037968]"
21294,910.6586270437095,786580.1055575536,"[0.4657264758094763, 0.34077803532208906, 0.1934954888684347]"
8846,981.526394374969,401368.18192867073,"[0.04552397613564882, 0.3703924059452834, 0.5840836179190678]"
17918,707.096405508056,712073.5638216911,"[0.7698672298523483, 0.13758821455474657, 0.09254455559290513]"
29167,615.9382123735718,796424.7294248827,"[0.29213610332685563, 0.3449294729915588, 0.3629344236815856]"
39749,293.9311151530967,367355.3626808357,"[0.5159371129906342, 0.027215617940553147, 0.4568472690688126]"
33496,918.518370477261,500365.5518496597,"[0.5750598663648709, 0.3911441192900767, 0.033796014345052416]"
45193,916.9503440638772,712181.3545076342,"[0.08902705797107405, 0.5115260136604869, 0.3994469283684389]"
25326,754.8427159894266,405967.971203514,"[0.17290863614953075, 0.6785799143724202, 0.14851144947804903]"
25854,849.3748247335773,722739.3579818733,"[0.030442017634484887, 0.4361122297925666, 0.5334457525729484]"
27478,366.8063755430268,755754.2115460437,"[0.23946840467775585, 0.6811980204676367, 0.07933357485460746]"
30318,72.28930848835645,402742.0603546803,"[0.471027846036279, 0.33653722589700985, 0.19243492806671111]"
14746,153.96643932290917,897894.2036783332,"[0.09453100893635961, 0.3015752874177224, 0.603893703645918]"
31197,227.53759357297693,867096.6111759467,"[0.6177802196702202, 0.09398799855560774, 0.28823178177417197]"
46990,64.35596334865957,893394.7025988193,"[0.15619009361069586, 0.10524770155844375, 0.7385622048308602]"
32869,692.354073735408,989176.8076734396,"[0.12379659694510364, 0.05731766336948614, 0.8188857396854102]"
30747,823.2138082235629,989635.3496007996,"[0.28383063731270036, 0.09909314912806932, 0.6170762135592303]"
7746,662.3142369316636,879527.8982763153,"[0.5719943882094218, 0.1397629308000028, 0.28824268099057543]"
44735,645.6768231674716,784725.758975173,"[0.20099703595955923, 0.6077680373236515, 0.19123492671678938]"
6204,119.89606496029924,106211.80642542135,"[0.1767932552229799, 0.5633021570270484, 0.2599045877499716]"
11651,247.4983770142661,950106.2225230566,"[0.8921948803688473, 0.01902184721095224, 0.08878327242020043]"
27400,198.69467321405213,802316.0646857463,"[0.08889386537425108, 0.026809838508285513, 0.8842962961174634]"
44655,166.3996575706096,166980.52511321567,"[0.503941497824258, 0.146921201121428, 0.34913730105431384]"
47097,248.083361387838,659335.0646767197,"[0.44545129894340607, 0.02069116695293883, 0.5338575341036551]"
27916,170.94557094131298,104927.03346511968,"[0.558165077042286, 0.28205949556200566, 0.15977542739570819]"
8458,352.3037827473605,365840.8204894672,"[0.7184916336155543, 0.11851963770453385, 0.16298872867991174]"
42903,92.23169113231386,716738.7945453366,"[0.3999045327296826, 0.38307995807518586, 0.2170155091951314]"
19304,277.0886341533674,328808.4220247441,"[0.3345842690267325, 0.608705134664993, 0.05671059630827444]"
47067,723.2371372862008,257128.5833034268,"[0.8660289468039083, 0.05087048895943719, 0.08310056423665443]"
5868,472.5657547610937,116877.76902758886,"[0.5285308287944357, 0.3282601378508478, 0.14320903335471655]"
36081,723.9788055758347,188991.72760595047,"[0.18385002560092484, 0.5673564269396638, 0.2487935474594113]"
18891,155.4519833686061,344986.53786879394,"[0.5097093718332025, 0.21825295665631808, 0.2720376715104794]"
44886,546.1773716890264,283943.5559027826,"[0.4009524501169994, 0.5891291360276036, 0.009918413855396995]"
49368,661.1893381931052,765884.4429713588,"[0.30173031946206813, 0.6076101102242245, 0.09065957031370751]"
47734,669.9232694459645,480450.0895808719,"[0.18008510829463992, 0.13155529066798566, 0.6883596010373744]"
40180,122.2880749714622,814231.6817342009,"[0.24207855882422427, 0.157455017241433, 0.6004664239343427]"
11121,396.5959872845605,823596.9310056025,"[0.665635639632399, 0.0559784059469267, 0.2783859544206742]"
35429,294.80059863118225,529310.7402835002,"[0.01566765802991663, 0.6296374777322469, 0.3546948642378366]"
25629,941.9649660010714,500572.5493423756,"[0.25506102293236427, 0.40893429357632427, 0.3360046834913114]"
42597,900.491948771235,784276.4469939448,"[0.2663046143861423, 0.7142893141990844, 0.019406071414773345]"
10894,441.9890555606869,772570.4925774827,"[0.18431099427149117, 0.38116297916363634, 0.43452602656487244]"
39069,466.6382112159023,841114.9655698348,"[0.16328798664565283, 0.1687139777440698, 0.6679980356102775]"
2082,880.0428369500371,767646.9827348901,"[0.43271468459676643, 0.4421163416615871, 0.12516897374164654]"
8435,256.2094876370384,391780.5763388092,"[0.34167417218286333, 0.39590894535473226, 0.26241688246240436]"
2968,798.9157527664452,559309.5569653895,"[0.6272455746942248, 0.13356117314126859, 0.2391932521645066]"
48745,555.4077465842636,262019.02067518185,"[0.10187764878489915, 0.7690819077078831, 0.12904044350721774]"
42891,32.21771308864958,265305.34855762136,"[0.09698706674829342, 0.29855358165006657, 0.6044593516016399]"
5628,709.7378623601096,307939.86088389927,"[0.1436336144826828, 0.43067431806320644, 0.42569206745411087]"
33620,437.7982448861285,778445.6098709737,"[0.015329244501141183, 0.5833980695614948, 0.401272685937364]"
16491,625.4017303279787,106171.80017594076,"[0.5966719449275492, 0.22357375220243397, 0.1797543028700168]"
40890,773.783173632581,158709.36737376952,"[0.41936609366744837, 0.4816776237114957, 0.09895628262105584]"
29931,146.37044206052846,443075.191306204,"[0.24849473282176365, 0.025172889829619495, 0.7263323773486169]"
27422,960.9666955903828,413105.1857046331,"[0.4624846353800815, 0.06131659080784056, 0.476198773812078]"
30832,519.0427025564315,535763.4836594341,"[0.09307944993334465, 0.7414105492863323, 0.16551000078032307]"
47712,41.28351626727808,313200.38068586413,"[0.09238419388078467, 0.3937407126102326, 0.5138750935089827]"
3638,465.3341214912977,840020.2948331769,"[0.32415299473898285, 0.32258089474821816, 0.35326611051279905]"
29895,652.6400727257268,331511.8618455541,"[0.07908680516020165, 0.7812560740596425, 0.13965712078015585]"
37079,504.95482054235794,999150.1764596116,"[0.1666065067441541, 0.06894969387890569, 0.7644437993769403]"
23669,649.0584529519658,174219.0861881717,"[0.593748676763373, 0.10947811584301513, 0.296773207393612]"
37583,71.31570098770241,911561.037328247,"[0.09485293956095993, 0.7699587174469621, 0.13518834299207808]"
31627,339.6235168431134,190714.6118826231,"[0.011678979266838875, 0.6380519651042967, 0.3502690556288645]"
19502,688.115047330826,205068.03392434632,"[0.7408072820539151, 0.0549408295611593, 0.20425188838492556]"
47160,242.1768063666154,540068.0599616915,"[0.3683027736535017, 0.09895697278471495, 0.5327402535617833]"
46315,196.35556290342453,951241.040635586,"[0.39336366354468244, 0.2290904827844326, 0.37754585367088483]"
5270,572.4373158306192,406480.9716679707,"[0.3150659883489745, 0.4198212706900076, 0.26511274096101795]"
19292,786.2407490787585,630371.2112914545,"[0.36698338759397414, 0.1731161569548755, 0.4599004554511504]"
19646,125.26712640390524,526847.8627347557,"[0.02097902077626775, 0.7457360475509086, 0.23328493167282374]"
28410,451.9703569909481,302996.65904075373,"[0.17959454307184752, 0.22927158336568396, 0.5911338735624685]"
16162,894.2993814811822,897549.0702206286,"[0.01937232933771656, 0.38578619747877285, 0.5948414731835105]"
34042,74.37107987316718,441690.7473706388,"[0.15865177093328317, 0.7338913194552796, 0.10745690961143732]"
34118,563.5368531189284,614505.1965232952,"[0.04430386912268228, 0.22016856022255646, 0.7355275706547613]"
25533,638.8976475033254,245907.4465022244,"[0.13176379056188603, 0.4991811444706838, 0.3690550649674302]"
39544,607.9057575039351,527876.9934621379,"[0.570579100198773, 0.36154704110623126, 0.0678738586949958]"
39076,949.4677231742204,826580.592070387,"[0.06243244028072716, 0.046332079369782564, 0.8912354803494903]"
18725,344.6727746041772,686729.8092940107,"[0.052411990612826094, 0.1557235556210288, 0.7918644537661452]"
21892,475.91931583858025,715720.4314407995,"[0.240911186968495, 0.4722271396456522, 0.28686167338585267]"
17750,596.1196857517558,212247.79127937736,"[0.33376095051985666, 0.3511185312015971, 0.31512051827854637]"
36820,711.7232082217802,262595.93594941363,"[0.034944310800894995, 0.6607211082076478, 0.30433458099145716]"
4317,592.0414928451678,519088.6058947345,"[0.07256330844145178, 0.3242786328355245, 0.6031580587230236]"
41336,83.22354319203252,165512.85219254234,"[0.5488169158734918, 0.1715882423440658, 0.27959484178244237]"
11661,611.0973079300932,661881.899767338,"[0.5747186278809472, 0.2592858283837317, 0.16599554373532102]"
13386,750.999785074984,477003.4519456558,"[0.9408922169422799, 0.056067147526027865, 0.003040635531692484]"
49836,854.0953640572008,826248.5384794464,"[0.2597798636675222, 0.40941313183175143, 0.3308070045007265]"
44307,242.5450532464985,976514.2935051213,"[0.533221427036578, 0.2742731981674697, 0.19250537479595206]"
8739,993.4814671374476,844357.8381289582,"[0.3789320219746852, 0.007598542362625182, 0.6134694356626895]"
39963,748.5762157889527,653910.6052053858,"[0.19437271193751077, 0.017862283740072486, 0.7877650043224167]"
9844,557.3126634273832,939068.9462110886,"[0.02482334358364231, 0.24450319711349652, 0.7306734593028611]"
16757,53.17093394361184,123385.4085583116,"[0.23294383059212295, 0.20731603002672555, 0.5597401393811514]"
33824,421.0510520236615,424683.5653168776,"[0.20837255385800565, 0.011172396134428218, 0.7804550500075661]"
21607,943.4932715410844,504841.8017786753,"[0.17574475546645654, 0.80485784193276, 0.019397402600783542]"
6944,768.6898755472535,445233.85044784384,"[0.6153490745333114, 0.2826598717738947, 0.10199105369279372]"
21626,501.8941465835384,794452.1364639972,"[0.9288533952781943, 0.02534580045256288, 0.04580080426924266]"
7267,730.6081247257889,829210.1097566612,"[0.3220024090663615, 0.5716654106754412, 0.1063321802581974]"
4378,185.0480016481265,878906.2387631388,"[0.5964826936033977, 0.047780040158061386, 0.3557372662385408]"
6995,85.40555924263717,572961.8126316068,"[0.8392852876227253, 0.012002592750840865, 0.14871211962643394]"
2426,823.7482401600773,349719.19849350967,"[0.05018455713113195, 0.09339809538969543, 0.8564173474791728]"
33188,300.5807907323733,687469.6718848689,"[0.03697293706258059, 0.07112995785421787, 0.8918971050832015]"
29891,355.4886437526381,541299.9024335204,"[0.1955972036266815, 0.46698218754945464, 0.3374206088238638]"
28459,852.0159369816665,164676.7787326685,"[0.2371675289956748, 0.24987221874770885, 0.5129602522566163]"
39947,473.1822829576088,375315.244898111,"[0.1135927867875366, 0.14718943833762022, 0.7392177748748431]"
21850,67.97626904116123,810200.1322719938,"[0.0888540096372652, 0.2152359128124783, 0.6959100775502566]"
12260,125.48390914041616,650987.4771886474,"[0.048976216683815334, 0.7814858608522952, 0.16953792246388946]"
36176,105.42741755482076,594209.7770252454,"[0.43990863313559575, 0.06473625212731177, 0.4953551147370924]"
45902,812.1840065597345,723737.0933616697,"[0.5509881341785499, 0.0039002596473297645, 0.4451116061741205]"
34644,560.4630611787317,600400.4834857704,"[0.6614727644613776, 0.2387406979667813, 0.09978653757184114]"
24884,311.8874378614152,959110.0808636168,"[0.08822522997223314, 0.604485174998566, 0.30728959502920095]"
44490,722.817206239432,398170.64564354817,"[0.16122521960007885, 0.1962573808980075, 0.6425173995019138]"
30446,166.6136671295586,404937.3424188452,"[0.5191136960519475, 0.40386997461730084, 0.0770163293307519]"
33357,606.7223278103479,567950.7929210279,"[0.5225914675334886, 0.03797262004269516, 0.4394359124238163]"
38485,772.8289577686718,662647.52879569,"[0.20070137152274192, 0.7609584756766136, 0.038340152800644504]"
38022,969.7143889887308,406689.7442942692,"[0.28821845734197, 0.4707798271612503, 0.24100171549677987]"
49571,419.5959154942476,260367.79538357235,"[0.09586456385728728, 0.14217745843682675, 0.7619579777058859]"
31192,213.88162103818843,599239.7378388841,"[0.25810969323111127, 0.49000042010378575, 0.25188988666510287]"
4235,196.0876110348036,439552.5228949445,"[0.3971717038308893, 0.4201271427196638, 0.182701153449447]"
27792,104.70162619748308,507036.8784000247,"[0.004824272123264565, 0.0381267935723969, 0.9570489343043386]"
33485,870.4506972957287,585392.6163716555,"[0.409529403887487, 0.1855176957281835, 0.4049529003843295]"
21621,645.4671877314122,887125.665459986,"[0.3275017151777971, 0.4625620045614924, 0.20993628026071057]"
5820,251.002024670766,832290.134392819,"[0.44963444640228356, 0.2018793397581788, 0.3484862138395376]"
22766,600.4205801355101,699974.8054495138,"[0.504761014320724, 0.02917934442871344, 0.46605964125056276]"
29721,409.67414002348863,489612.5291329352,"[0.2071317985229232, 0.23305863687949677, 0.55980956459758]"
34130,242.22689572831,678034.5998729595,"[0.08991007691922526, 0.9067080837022322, 0.0033818393785425816]"
33931,881.7290357515259,155235.03332089627,"[0.20284127916458833, 0.44071742009490045, 0.3564413007405112]"
45572,415.30491639430176,344218.82678670913,"[0.08846666779685994, 0.8112331444458606, 0.10030018775727953]"
7124,971.3063587876128,687822.1512439433,"[0.3777936546010627, 0.3619112645564078, 0.26029508084252956]"
46166,257.1452051851746,960695.4216242796,"[0.11138359799973116, 0.630757014748393, 0.2578593872518759]"
44788,694.9934611055542,442016.86819081375,"[0.15502994719723132, 0.3657790297424293, 0.47919102306033956]"
15978,736.406767223249,436604.1811115586,"[0.5802298748181209, 0.18172513904817614, 0.23804498613370276]"
1583,243.8264101140172,929124.8154749164,"[0.42459671061260407, 0.043050471388201624, 0.5323528179991943]"
38633,620.0313456196031,355949.63481904595,"[0.07319063423333476, 0.4240104487604106, 0.5027989170062546]"
29140,958.1007407077236,311419.263459821,"[0.5174057701549405, 0.07838753853168716, 0.4042066913133724]"
677,833.6538027401551,193903.4869138029,"[0.24983334367779197, 0.7100288920225412, 0.04013776429966685]"
21387,345.11757609932465,639481.4594536971,"[0.0036497725465515496, 0.7304148355049688, 0.2659353919484796]"
30870,496.4245777676914,389645.1851121256,"[0.4878629922251138, 0.13780312256457997, 0.37433388521030636]"
45822,19.77013691772129,496259.2174030077,"[0.5609801901701926, 0.0983780571270496, 0.3406417527027576]"
2880,519.9825737975546,194942.037082618,"[0.28918253159085777, 0.13128946357523538, 0.5795280048339069]"
18736,560.8288273065101,630340.4669425224,"[0.14038948154002392, 0.7737823859298995, 0.08582813253007666]"
31925,602.0002697395814,457039.81066512194,"[0.5266732391850808, 0.3791922775975207, 0.0941344832173985]"
30049,924.1368407756069,101210.44848073168,"[0.20688890696826578, 0.7897047195689129, 0.003406373462821467]"
16988,139.6958263843497,262861.7680258538,"[0.4005251000903785, 0.5732326612402879, 0.026242238669333638]"
43544,564.4267804510032,998087.4186167162,"[0.9043915353028857, 0.014839628027708262, 0.08076883666940604]"
38996,781.1527392199242,670322.2189786867,"[0.9621702391342037, 0.025502117381598473, 0.01232764348419789]"
5172,81.9810902405253,873531.7379160543,"[0.5411293189592752, 0.027889832910897035, 0.4309808481298277]"
19070,372.0385568060656,631454.6497761046,"[0.1733559122259636, 0.7167081566196932, 0.10993593115434311]"
6931,585.4534642027814,311191.8132674752,"[0.03952552746329493, 0.7561570080145544, 0.2043174645221507]"
35991,45.116390099711,694780.4934068342,"[0.0015330163527776746, 0.7706063007267367, 0.2278606829204857]"
2245,772.7845347756114,264290.6406826211,"[0.389555937603672, 0.5271947239324305, 0.08324933846389762]"
3949,622.7266066253178,767980.9695552965,"[0.34617662334365035, 0.43293068321589445, 0.22089269344045526]"
22244,204.22336858681632,196934.8460626205,"[0.48367927079492884, 0.37697751830883114, 0.13934321089624008]"
21463,832.0870078551235,850613.6231143086,"[0.842771479625398, 0.09840583815303217, 0.05882268222156976]"
28217,160.4709238222651,783439.7978461977,"[0.48381234817235425, 0.1217296065803984, 0.3944580452472475]"
14733,494.3836599857323,996093.5816997732,"[0.3195198805478099, 0.236466613298304, 0.44401350615388613]"
11600,598.9286403548331,814994.8934946341,"[0.5351173465183089, 0.30476279767647124, 0.1601198558052198]"
41371,542.3878001999162,557943.1476620132,"[0.14821966865910222, 0.7941519274355259, 0.05762840390537196]"
2656,874.7462186626324,199232.56698417384,"[0.22650097711998024, 0.7292286375706493, 0.04427038530937045]"
42687,838.4945998300842,399805.5551090499,"[0.543969002089248, 0.23726966601590632, 0.21876133189484553]"
41016,704.6032376311754,440844.177869305,"[0.0496131215464977, 0.5992164618899392, 0.35117041656356307]"
14297,334.71529383147714,694558.0063242363,"[0.40368396678016777, 0.00040172380899515785, 0.5959143094108371]"
36486,982.526849587363,275405.3627673518,"[0.4015052794224562, 0.048000742080908695, 0.5504939784966351]"
17540,815.3162328225425,934442.2005307624,"[0.0026769591018147285, 0.12371413992873023, 0.8736089009694551]"
34440,100.28653717884016,332282.6570600872,"[0.15032810757418563, 0.6578763443727524, 0.191795548053062]"
1281,231.3854729842101,584268.9240160906,"[0.03596803053918538, 0.5275044039909415, 0.4365275654698732]"
3608,362.0424679282088,586754.653492893,"[0.13204903326071835, 0.5655948745210233, 0.30235609221825827]"
417,886.5957703114406,606478.0626411866,"[0.047655670516594126, 0.5921370381571037, 0.36020729132630225]"
27861,236.46408478304213,898565.3859175557,"[0.6635013915660991, 0.1667570774019919, 0.1697415310319091]"
34063,171.04324343004953,572073.4737328247,"[0.24745536367741036, 0.25758951461451285, 0.49495512170807665]"
45323,710.7556659660621,861781.812091189,"[0.11920705535886998, 0.29158425558913603, 0.5892086890519939]"
31067,501.3217523572638,679954.6687718555,"[0.08067215750501998, 0.48059497562557535, 0.4387328668694048]"
30238,783.837275119349,159589.1297469128,"[0.25482907857143283, 0.662958970463365, 0.0822119509652021]"
45395,715.0419522700339,949718.2757699868,"[0.1274408752533858, 0.5098326443863078, 0.3627264803603062]"
29429,78.66700385199957,142189.6527602189,"[0.37180780543564607, 0.4525980150785948, 0.17559417948575906]"
41101,277.510943406861,416148.7442437951,"[0.21596971342914711, 0.3504797377626237, 0.4335505488082291]"
20913,420.7262752040052,625989.7088612915,"[0.48306880799260377, 0.3167444590318894, 0.2001867329755067]"
19445,885.3201928368253,946620.9227214447,"[0.5920446017305941, 0.04376751670960756, 0.3641878815597982]"
3341,228.818667780376,481003.819941153,"[0.644721090559974, 0.10854398345738907, 0.24673492598263705]"
1132,967.2513431831892,629384.2413052852,"[0.3159266210125246, 0.2103992639509146, 0.4736741150365607]"
31941,192.4076101680164,204145.1881480897,"[0.282217234724768, 0.05876852599789645, 0.6590142392773355]"
13754,900.2180254051418,914492.468802986,"[0.3627664287109875, 0.48291779562461284, 0.1543157756643996]"
35874,306.5935344226634,325620.0306842609,"[0.6799665538394951, 0.2190969988469414, 0.10093644731356358]"
29471,388.4980615573007,348125.3531456897,"[0.5651177809732896, 0.22081330508963565, 0.21406891393707492]"
38634,839.9608789751306,950336.3049352888,"[0.6399786100998712, 0.30478460544823777, 0.05523678445189095]"
23458,532.4656169759888,432434.4448664901,"[0.34112903822314394, 0.119519863560392, 0.539351098216464]"
20234,122.41014974051822,560074.8375116994,"[0.2301161480296686, 0.031138981922494365, 0.7387448700478371]"
1814,389.7530486343017,785610.07873141,"[0.6609409580048564, 0.24842449562946228, 0.09063454636568131]"
6964,147.15846179874157,588515.8467711273,"[0.6567192970462202, 0.12264281314518977, 0.22063788980858987]"
13645,735.9147010507659,250299.64528835908,"[0.49174537780831756, 0.4813733390359496, 0.026881283155732908]"
41654,50.76202763484433,220469.3135135007,"[0.5609865657884799, 0.022448181578963472, 0.41656525263255656]"
22289,846.4598687853141,710550.5478666355,"[0.24082599070988148, 0.658708426190701, 0.10046558309941749]"
2844,777.786312466424,373347.9745374576,"[0.13564618722058044, 0.6939709302083009, 0.17038288257111858]"
28147,202.22487292526944,477741.6014361381,"[0.5007563210971069, 0.255359943825591, 0.24388373507730218]"
19916,636.5042079675153,683088.5002977677,"[0.5500060872527507, 0.007281088302213827, 0.4427128244450355]"
47517,226.9194464182208,741966.85289322,"[0.08108534169263519, 0.6940112382622293, 0.22490342004513564]"
36888,462.9089592982481,807911.2557033483,"[0.035166838340578925, 0.888561349196894, 0.07627181246252711]"
25823,389.970545107001,318010.8305204494,"[0.3921035537251962, 0.21274512329607134, 0.39515132297873257]"
3069,393.9440776589096,453594.2586230529,"[0.0671707621744666, 0.14920651278604236, 0.783622725039491]"
31762,615.7442900668888,908611.738674835,"[0.0218629806767221, 0.8613112323790647, 0.11682578694421333]"
32275,681.1529988173957,746013.4308357246,"[0.9296047225841214, 0.03358201448267942, 0.03681326293319909]"
39865,395.5109312686876,423652.3084050506,"[0.1456201834581984, 0.18052546150832474, 0.6738543550334769]"
44043,149.6169389875779,259692.2738258338,"[0.14840045629600485, 0.1477366598771499, 0.7038628838268453]"
40751,516.889199815781,184400.87311139287,"[0.17023310219291865, 0.06871674157049411, 0.7610501562365872]"
19752,19.97801671939426,640184.3183612741,"[0.6565753614097647, 0.26263682086756696, 0.08078781772266837]"
11409,75.36734976188735,367882.7022673594,"[0.11554312576609858, 0.316992869648551, 0.5674640045853504]"
17893,191.9815054912684,580497.5678225926,"[0.18268115094246842, 0.025212190937489436, 0.792106658120042]"
15336,748.0375769200002,989280.2931396788,"[0.41455284909311696, 0.48530814987859894, 0.1001390010282843]"
1036,604.1079548658918,718008.886835248,"[0.4242762851857806, 0.01129557025177064, 0.5644281445624487]"
29028,725.6699132461302,833633.8700333949,"[0.14559063429693828, 0.07650687678485357, 0.7779024889182081]"
40841,616.4927410112302,411144.5147869449,"[0.07206268332617455, 0.11215324894195626, 0.8157840677318691]"
42328,905.3065099429562,418870.4034129989,"[0.8380453558915727, 0.007160363108814288, 0.154794280999613]"
46408,596.8255935910121,551631.4580693763,"[0.8009464289270738, 0.12059075193139114, 0.07846281914153498]"
42722,901.5204724071612,199172.9825190988,"[0.12602796124658516, 0.10115390291913824, 0.7728181358342766]"
17660,285.18811416048914,891074.5624111046,"[0.37375786474673495, 0.27080504641679426, 0.3554370888364707]"
34390,392.95544191975904,246535.8825210331,"[0.11158804835995838, 0.3123729083872916, 0.57603904325275]"
19776,910.3866512038404,201199.51421581025,"[0.23377909229986155, 0.017998185949299268, 0.748222721750839]"
41511,965.3371854794032,330159.5643868998,"[0.5926540364376157, 0.32720328832359463, 0.08014267523878972]"
9489,326.39677021978974,645902.3563602652,"[0.8375769947676104, 0.11949136282183392, 0.04293164241055564]"
25553,818.6834370503315,328458.3896183004,"[0.4194734275230487, 0.19324251752639995, 0.3872840549505513]"
1770,729.8653200134621,944163.597209148,"[0.07576245026607831, 0.159343293189273, 0.7648942565446486]"
18144,631.663824960469,626839.0051364419,"[0.24346600735891322, 0.1587686962222473, 0.5977652964188395]"
26930,389.1569765908817,700103.4499209295,"[0.054587615662707895, 0.7983677198230923, 0.14704466451419992]"
16160,704.220312954667,394207.97095326206,"[0.5696309317093887, 0.32737567236675086, 0.10299339592386042]"
7935,566.2310237085499,254085.1967582437,"[0.32619518556384053, 0.15081497512128553, 0.522989839314874]"
43722,676.2478512887546,412162.363871249,"[0.4872251387697813, 0.022617656965344766, 0.490157204264874]"
11167,913.4905573038868,815053.4682567976,"[0.07127685181825257, 0.14983156600694356, 0.7788915821748039]"
6513,793.5430539352252,219416.16742467065,"[0.021341694379297702, 0.8815462491012191, 0.097112056519483]"
11356,554.9385102099682,777328.5785694562,"[0.5844376917386815, 0.26359310647474915, 0.15196920178656917]"
40972,890.5475367312083,291384.23822984565,"[0.023453738531383397, 0.9324973466320353, 0.04404891483658131]"
48235,123.94932452152244,797307.2091510032,"[0.02036068915020606, 0.9259749434312357, 0.053664367418558366]"
5605,421.7942136885698,401253.2186582877,"[0.46160649253475317, 0.48958989637891215, 0.04880361108633461]"
10047,224.666486018874,781185.2413641075,"[0.07329917258979868, 0.3784472907961434, 0.548253536614058]"
41226,320.5412842077285,689376.4211398959,"[0.36715290469227385, 0.40776585984895886, 0.22508123545876746]"
27056,261.71627411147097,567205.2779166463,"[0.4098449190932736, 0.5272242244261574, 0.06293085648056918]"
197,412.1791131058261,387625.5916313676,"[0.508995210962894, 0.06912186654127996, 0.4218829224958261]"
34874,941.4488387902755,622219.4090913574,"[0.42806873157989916, 0.4005690923659156, 0.17136217605418527]"
28998,316.4753462989928,702992.1889849269,"[0.6057032329486527, 0.3810368338236327, 0.013259933227714682]"
37946,932.538307516218,405451.20960835833,"[0.07852011063667902, 0.34796086703855794, 0.5735190223247632]"
9722,664.6823721787483,370720.40684103314,"[0.15078640693882941, 0.7023255319255566, 0.14688806113561398]"
15623,562.6977650942912,245892.50485371368,"[0.4591236650222539, 0.049038340966211826, 0.49183799401153444]"
15335,301.8402980642111,780167.8633943631,"[0.7589300146877774, 0.08504359403269077, 0.1560263912795319]"
33668,213.18543205974663,233908.11066811945,"[0.6102313824718921, 0.14320030047586463, 0.2465683170522432]"
8392,201.86299254448,363219.4349212622,"[0.05859067049773872, 0.30643679552720793, 0.6349725339750534]"
46078,395.34160723811874,272308.2630624918,"[0.2766372190245514, 0.6886822520832031, 0.034680528892245585]"
7755,516.9904112820745,951113.419156488,"[0.32548519492153727, 0.19791998844163539, 0.4765948166368273]"
11791,520.9471216210438,906829.797765046,"[0.18525872656686224, 0.5176244629900048, 0.2971168104431329]"
7722,981.9001602178324,190281.9615446608,"[0.10877708912018279, 0.4144730846062101, 0.4767498262736073]"
25564,631.479432004542,560411.1612344158,"[0.6458204587716179, 0.11822565605646611, 0.2359538851719161]"
43290,929.566766317192,184844.01380746183,"[0.39109120552899657, 0.04674052904740747, 0.5621682654235959]"
20709,872.4202515363054,988663.6618405402,"[0.004964145221085333, 0.09673283491995269, 0.898303019858962]"
31423,442.9922384182485,981559.8761526744,"[0.33464964589225304, 0.6571769037404207, 0.008173450367326323]"
35630,669.2696394549406,633329.065652768,"[0.012647352017125142, 0.5098389779323431, 0.47751367005053175]"
39429,793.1833641232853,928135.9148841066,"[0.5659793705328464, 0.3753882428228132, 0.05863238664434029]"
9969,488.8111067279525,860023.8585908789,"[0.7265564941868677, 0.1519467885216298, 0.12149671729150235]"
31033,285.2091492037466,507932.3512950999,"[0.04387078053829326, 0.07010520081729713, 0.8860240186444096]"
10546,315.70590810233693,848093.8189773649,"[0.3699564248721895, 0.40083424309129684, 0.22920933203651359]"
1366,533.2457190227287,848170.8116736988,"[0.11196235425740117, 0.45650311589844306, 0.4315345298441557]"
1885,554.5902839687573,699260.0083558079,"[0.5164131612336064, 0.14569460366674877, 0.33789223509964483]"
27126,562.931642876792,551039.3627739633,"[0.28526365092214945, 0.5778682191959149, 0.13686812988193564]"
22287,840.122375087564,762447.0380256796,"[0.015038251368179182, 0.75532646012415, 0.22963528850767073]"
2836,67.49179448841582,926907.762760296,"[0.5399565789383568, 0.10796135242291795, 0.3520820686387254]"
29683,743.3636005093485,762585.9722101444,"[0.40539121567579994, 0.5161485021907074, 0.07846028213349268]"
26955,218.62318820993832,267507.8509964913,"[0.4569304905188783, 0.372576274005815, 0.1704932354753067]"
32807,181.54781155576032,321201.6175481468,"[0.07589234313031812, 0.7242550383428682, 0.1998526185268137]"
12810,326.50424374950603,481054.9024269301,"[0.6976502310647782, 0.2129706597447163, 0.08937910919050533]"
25193,889.707591578614,973952.1197348076,"[0.43141978731124664, 0.2195165986540395, 0.3490636140347139]"
6592,833.4846098849505,674810.3372689171,"[0.4629117058101788, 0.31957203435368203, 0.21751625983613923]"
24852,155.4457428379367,577980.5456490424,"[0.32437947294374214, 0.46953819185865775, 0.20608233519760008]"
29745,643.122844194516,567667.8594525151,"[0.6593187519944633, 0.146840377733523, 0.1938408702720138]"
14984,126.81395143164129,747031.3455368999,"[0.8921905040277657, 0.1065651433807681, 0.0012443525914662141]"
48532,237.15130249483605,691276.8115812864,"[0.11125042821375526, 0.555095125796503, 0.3336544459897417]"
48965,201.992038688869,718917.9774996045,"[0.20117475575003776, 0.4852788550989931, 0.31354638915096905]"
33419,818.3719968575716,967896.698587784,"[0.07913301254482, 0.42723150601576765, 0.4936354814394122]"
25423,815.467037014607,409503.9188922029,"[0.29961366585118715, 0.5118175885501779, 0.1885687455986349]"
10713,920.0361726675716,501987.2652551528,"[0.6944398173724774, 0.2349376825890591, 0.07062250003846363]"
29814,128.53665042844352,136465.62587669626,"[0.14994912059739138, 0.4885505049649355, 0.36150037443767313]"
16006,475.715554845068,423535.4757644017,"[0.7171865231032928, 0.016246445942709443, 0.26656703095399775]"
48297,19.687552273150104,295121.67877704464,"[0.27034488128871503, 0.4712258734741376, 0.25842924523714733]"
37172,865.3200028287647,303177.5794900898,"[0.006062999436459684, 0.5957669772610653, 0.398170023302475]"
36064,662.3550604098175,835542.4302919058,"[0.7100579048829843, 0.020475004985954857, 0.269467090131061]"
45769,300.4258976718215,474667.37862895365,"[0.33602143579893, 0.6046664074014667, 0.059312156799603256]"
43603,386.34175825359256,637643.5319589087,"[0.2228482623171922, 0.49899065639561097, 0.2781610812871969]"
30951,813.338380349672,433157.2385227452,"[0.40139626543001966, 0.02814468665273265, 0.5704590479172478]"
30836,175.47680941578813,677732.3491162204,"[0.0027348482265808433, 0.17026991897764507, 0.826995232795774]"
1937,916.3413245051428,876029.4344495028,"[0.4824912231559653, 0.45855864786010875, 0.05895012898392609]"
28758,859.7923565372613,522051.81241187645,"[0.010561738426991376, 0.9089262051443822, 0.08051205642862662]"
25910,937.3606168597274,960349.5626456416,"[0.5910622014990622, 0.3094757917236625, 0.0994620067772752]"
2966,524.4944865794724,266045.7289080359,"[0.08505391272530119, 0.07585446451852117, 0.8390916227561777]"
6562,382.7819493056692,357207.95682733634,"[0.4566825012351553, 0.26238595969070183, 0.2809315390741429]"
25633,257.58776503267296,777613.257675521,"[0.032169878693254494, 0.9319444784164257, 0.035885642890319855]"
41406,24.210259923157704,639772.7303845242,"[0.0645132378615087, 0.3998790398601471, 0.5356077222783441]"
3188,742.970306321004,819651.4140463831,"[0.5749025191385583, 0.07976156983711319, 0.3453359110243285]"
47260,361.22682982005614,753272.6235354135,"[0.6556655885132078, 0.24023842879210908, 0.10409598269468322]"
3782,592.7218500018495,762428.2570845139,"[0.02208925641424685, 0.09452184576753911, 0.8833888978182141]"
38968,37.672386617508586,918894.0419425636,"[0.8125787328777649, 0.038511627184703315, 0.14890963993753167]"
30086,936.8512455795326,150530.64434572798,"[0.23261258911072674, 0.6852107998512239, 0.08217661103804928]"
26107,674.9703259519275,522673.64224682807,"[0.22091095183435008, 0.2391702941447336, 0.5399187540209163]"
40720,651.4537386047223,958270.7753417726,"[0.12797943810064946, 0.6356658567848273, 0.2363547051145231]"
44851,842.0519523001125,209538.4221792532,"[0.7641814859519357, 0.14280770167123694, 0.09301081237682741]"
28838,417.8325173668932,840572.973793115,"[0.5399850743997099, 0.2102822066368554, 0.24973271896343466]"
3824,217.97638190265567,936199.3141934536,"[0.3942255415297021, 0.6006809300475067, 0.005093528422791286]"
29854,249.96408235872207,609078.7222751563,"[0.6265808202008079, 0.11662113230144751, 0.25679804749774443]"
14929,250.91721138238623,402431.0771369703,"[0.08053836038242446, 0.8137601562492592, 0.10570148336831633]"
21300,876.3750698645568,836729.5571464488,"[0.19041911075003523, 0.5767866565830618, 0.2327942326669029]"
38954,58.62364810700033,634930.7017444232,"[0.22427885069393183, 0.29368616769810935, 0.4820349816079587]"
38658,441.3218193622631,857630.5054927736,"[0.004321111422895184, 0.163147864750248, 0.8325310238268567]"
7638,584.9865136429935,742285.8014919778,"[0.556869238678662, 0.39996594329807067, 0.04316481802326724]"
17638,477.0511511222596,845880.3695947819,"[0.40034219286998923, 0.45838543769118806, 0.14127236943882276]"
6991,99.84101678794728,775843.0993087711,"[0.30852285606322205, 0.3178211307416292, 0.3736560131951487]"
27675,978.0471196071431,137905.26387287647,"[0.5939786409033968, 0.3308095905565852, 0.0752117685400181]"
2587,316.9213536536984,572365.1119936837,"[0.772120791129386, 0.07362937918494848, 0.1542498296856654]"
40002,138.9807479432451,885520.5601878245,"[0.053290456215470086, 0.7970593139177433, 0.14965022986678658]"
42661,414.5319923539146,389225.89277059445,"[0.49445556557538806, 0.45891165236863946, 0.04663278205597246]"
2581,577.2851354399592,858069.2353236534,"[0.03459471707003842, 0.7084573654402473, 0.25694791748971435]"
7037,116.72148555657682,868991.7536476668,"[0.5042027443368184, 0.4610174840698601, 0.0347797715933213]"
35515,583.5903481649826,574203.3061642536,"[0.1857855287080276, 0.743591558377871, 0.07062291291410142]"
41150,177.68804795146997,195674.877196844,"[0.27394590811668645, 0.1417756605161537, 0.5842784313671598]"
41502,335.0414405578039,942027.4641177692,"[0.06461024594630858, 0.3692806544304183, 0.5661090996232732]"
5620,577.0641148234229,507990.98217379337,"[0.17727186263266612, 0.30122562911345696, 0.5215025082538769]"
43221,181.30330612363727,533128.2390088087,"[0.3551638786994917, 0.08570295285223484, 0.5591331684482734]"
1411,798.8231435395313,791564.94099237,"[0.22589664150908348, 0.3486011425988484, 0.42550221589206816]"
40983,146.38110293018207,176206.15671078578,"[0.4051958087574032, 0.3987534145495261, 0.1960507766930707]"
35819,122.64954957874704,240357.1210411832,"[0.6104610999794944, 0.21619448945840325, 0.1733444105621025]"
34488,865.2943831279007,351796.828578852,"[0.1993818548928305, 0.35193095577736383, 0.4486871893298058]"
29628,540.7235832948435,936765.710333786,"[0.3333962066011681, 0.22293190395747722, 0.4436718894413547]"
38584,915.9621822170504,325143.31089200266,"[0.6637123693430717, 0.08159355397372835, 0.2546940766832001]"
5993,71.44811441612484,585872.3326172614,"[0.03306870404020811, 0.7853695435384003, 0.1815617524213916]"
49782,794.5563193900125,583517.0498460478,"[0.5992178301194213, 0.20244376412550638, 0.19833840575507244]"
49110,49.134103588713565,305964.1290447403,"[0.7719432668650663, 0.1305995524469139, 0.09745718068801985]"
1891,489.5066057646201,472213.6186043917,"[0.46239118246525873, 0.5185786521553829, 0.01903016537935849]"
21789,373.7511867600272,101611.13770138324,"[0.19858025057421472, 0.11026564235782771, 0.6911541070679574]"
37373,408.1547149151209,127890.24948023164,"[0.674003175699703, 0.15837142576465676, 0.16762539853564026]"
26918,254.8993983265524,810880.0015924308,"[0.6519395357357701, 0.05064369445643112, 0.2974167698077989]"
23890,357.7281333176754,730366.7105095624,"[0.5379456048932977, 0.17602676257917443, 0.28602763252752794]"
10105,434.4641008585942,776339.9806466099,"[0.2873259108348215, 0.12218172377689936, 0.5904923653882792]"
21326,62.87886602251776,179269.55928182678,"[0.04407668398391676, 0.8929932031754614, 0.06293011284062192]"
21310,206.61205504218407,285978.28972501657,"[0.41306364255537736, 0.4010114377427301, 0.18592491970189243]"
30357,224.5752367375545,114950.31872047413,"[0.3510398601881574, 0.2939362304466456, 0.35502390936519707]"
3628,352.8512252690649,996904.913737198,"[0.01192145791250829, 0.9378807462903127, 0.05019779579717907]"
7792,502.1991188197503,780681.6347868706,"[0.21338126795164103, 0.730746342125137, 0.05587238992322189]"
12682,378.2410341991521,223417.19399793667,"[0.20438362940376426, 0.6199839719214144, 0.17563239867482136]"
16825,171.40116417783207,430822.6173323151,"[0.2959157412023167, 0.26600952906599157, 0.43807472973169176]"
614,113.15597065383238,702103.8045676183,"[0.1032635149064364, 0.8547767482970303, 0.041959736796533184]"
49007,307.9777123557536,407269.0430429307,"[0.31291969433257977, 0.17153808567144507, 0.5155422199959752]"
13477,338.83543460097945,872334.8522810509,"[0.5739050544935888, 0.16367621169386723, 0.2624187338125441]"
4075,686.9967297509214,665561.6360901536,"[0.138582066570429, 0.16013395861664928, 0.7012839748129218]"
29942,482.5230620707342,841313.5688172719,"[0.25598692696074743, 0.5591423725376424, 0.1848707005016102]"
26180,645.6915357901406,158165.40777453128,"[0.4960547379907446, 0.09416502995380494, 0.40978023205545044]"
21429,725.9941733451147,171519.44975079573,"[0.15184922904609913, 0.5655017977341601, 0.28264897321974075]"
34340,529.6579031342727,853338.272126334,"[0.09920878866861214, 0.2024322026729844, 0.6983590086584035]"
24231,316.06703965599945,344892.7422111176,"[0.26484531951062035, 0.5787505345518442, 0.1564041459375354]"
32856,574.7366401013645,498060.6230563656,"[0.6224003867873168, 0.36199013760292653, 0.015609475609756781]"
17065,281.79278324553377,789585.5491532333,"[0.8010806082969726, 0.18180564014457443, 0.017113751558452843]"
10603,718.425599754224,604656.9736643689,"[0.6125501230026822, 0.13942941078253218, 0.24802046621478563]"
32563,421.9073537978443,396540.1117820524,"[0.39671002634623626, 0.25081136425519335, 0.3524786093985704]"
8645,227.33366852485528,214438.65748955225,"[0.375230733397925, 0.5501866119134213, 0.07458265468865351]"
27608,870.8807878150507,578696.8742396828,"[0.3857531706904435, 0.20575653922303197, 0.40849029008652465]"
16832,985.48934053125,422646.0407687491,"[0.464157164684954, 0.05974283236269857, 0.47610000295234733]"
36481,203.6637163828132,589392.0057098605,"[0.212204225487853, 0.23107498206588775, 0.5567207924462593]"
11119,977.7258912984398,320887.7168283212,"[0.7848924414298377, 0.0847769019785909, 0.13033065659157148]"
14972,120.61964958395713,926619.3016928778,"[0.1844399914787602, 0.03817167251216118, 0.7773883360090786]"
23625,707.418205285858,931515.89604865,"[0.4394339063569983, 0.47369992554042284, 0.08686616810257893]"
49768,859.2971285191005,762655.865312842,"[0.7493823328710174, 0.03176394602849403, 0.21885372110048856]"
43681,558.9617193258879,635751.525264214,"[0.1120475898226124, 0.4008208994318147, 0.4871315107455728]"
32543,669.1993984124481,293796.37232002686,"[0.30346905508704286, 0.4734788389565489, 0.22305210595640818]"
10809,416.3747028256169,531666.0346949319,"[0.25966439783833767, 0.7347102426371487, 0.005625359524513756]"
26034,264.9334833551437,820669.7902040282,"[0.0967473587086196, 0.5140111982479533, 0.3892414430434273]"
8015,426.7271946057442,407124.152043317,"[0.35936860717676494, 0.31441768833880873, 0.3262137044844263]"
49294,422.7124190184691,159818.8363849135,"[0.251453487403132, 0.629799386831435, 0.11874712576543313]"
1449,412.0118759463693,277778.82249694865,"[0.7066982960889451, 0.08634616029970689, 0.2069555436113479]"
31435,52.002072417112274,315829.78189022583,"[0.15626668168597335, 0.8270175526878702, 0.01671576562615645]"
34164,182.3788575156495,439574.606958687,"[0.37032006561537195, 0.22541965185509225, 0.4042602825295358]"
23693,794.3232071490983,489602.1699749602,"[0.031966168710582075, 0.49998618259887406, 0.4680476486905437]"
42832,62.474814104861466,405530.9824334283,"[0.05038281510780787, 0.786306804455952, 0.1633103804362402]"
9065,381.83203927722616,690231.2064063789,"[0.300641627057787, 0.07893302242988182, 0.6204253505123313]"
24014,646.493154886007,639135.6918902904,"[0.4599011942044914, 0.5229848935292752, 0.017113912266233475]"
25534,985.2052193314506,490059.0280628584,"[0.33693897638955306, 0.43391073071887143, 0.22915029289157557]"
13626,240.21146333946828,858434.6455337196,"[0.6840579586313761, 0.28711712414047996, 0.028824917228143846]"
40580,297.8119497736811,776349.016364652,"[0.7291457385353411, 0.04347628563737953, 0.22737797582727928]"
29777,205.9651523494003,473456.040693658,"[0.19894065922779158, 0.11977799218350978, 0.6812813485886986]"
26354,221.92627747424453,359187.2042498016,"[0.0503409205733583, 0.0929941748729899, 0.8566649045536519]"
43485,236.49699083686977,491189.2211777519,"[0.6676105806182696, 0.18562286748311993, 0.1467665518986105]"
35331,196.1233909840115,847507.8482391353,"[0.3931275858109104, 0.30542967665843895, 0.30144273753065076]"
36249,650.0207928310997,638886.842718585,"[0.08258461935969931, 0.25085336102146033, 0.6665620196188402]"
4584,236.5163654210309,204663.8563600905,"[0.6748400051528121, 0.3020979112160134, 0.0230620836311745]"
32265,905.705975916566,128902.05696160732,"[0.04798661798861852, 0.43387736866850596, 0.5181360133428756]"
47944,674.2491047064854,850927.6011485747,"[0.04134194527254238, 0.7170925704425544, 0.24156548428490326]"
8874,243.1042187303673,536680.970641128,"[0.3001212071413561, 0.31707272305461287, 0.38280606980403104]"
24550,921.6235585259776,139264.04022377613,"[0.4775384407165798, 0.2687571886999642, 0.25370437058345596]"
27090,287.3589289494896,613671.6399889081,"[0.33772782881531227, 0.3617927914322312, 0.3004793797524565]"
21623,485.7735086267488,316617.7719571844,"[0.4151632487799877, 0.40473942688987286, 0.18009732433013942]"
32352,331.2684364981106,666452.9551976351,"[0.5431035704694362, 0.42833360614648763, 0.028562823384076313]"
37909,693.4860704582084,504514.6066824988,"[0.43599409215253865, 0.48260958655311526, 0.08139632129434621]"
12848,353.0990692453892,902941.3175683926,"[0.07996814390435583, 0.8496706743851329, 0.07036118171051128]"
33130,97.1935235664956,764486.4235511133,"[0.6341205279372597, 0.12001014148198359, 0.24586933058075677]"
42950,961.007964257432,450961.97653260734,"[0.8371102083156757, 0.08859515030383021, 0.07429464138049406]"
527,971.701944578395,932162.0625091344,"[0.658005266274046, 0.13623356336766446, 0.20576117035828964]"
22119,255.87250086896643,597427.414582413,"[0.0696836623567038, 0.6004695823131798, 0.3298467553301165]"
27246,719.4283771514627,186060.6177339457,"[0.08999173177816376, 0.7321892407487025, 0.17781902747313366]"
43553,263.43639697653924,937296.518853792,"[0.03762015479368879, 0.05143180902492803, 0.9109480361813831]"
16614,517.8176688292482,605962.3145420391,"[0.1598652011477971, 0.07920923142398682, 0.760925567428216]"
7834,542.4815681886175,954907.332900368,"[0.4103449842927087, 0.06098363790832527, 0.528671377798966]"
2106,298.45427642049134,517031.1113267272,"[0.4260896166710086, 0.22170514343493436, 0.3522052398940571]"
40677,842.3747632166132,807206.2347678422,"[0.7595310974687025, 0.1022333765334437, 0.13823552599785377]"
2419,312.4293967920555,223977.55020135053,"[0.4696632271904909, 0.14668291373894743, 0.38365385907056154]"
8383,754.9114660751793,636079.7151714956,"[0.27352600532662863, 0.4938512828943808, 0.2326227117789906]"
33861,123.13509283453496,455660.87217066175,"[0.0482341544829734, 0.513849342588734, 0.43791650292829254]"
40059,168.65577121736172,227376.13546634748,"[0.39355958915998757, 0.08247744871980527, 0.5239629621202071]"
10089,256.76029892141764,463783.57690726616,"[0.012729085680584291, 0.6459905283673435, 0.34128038595207233]"
6068,248.2014281992289,992267.6735074826,"[0.17730881692440575, 0.6821275309671715, 0.14056365210842264]"
6696,243.70223406514512,761237.818793212,"[0.022675123510958926, 0.07916832871466074, 0.8981565477743804]"
35927,531.0363911836932,452188.9463100625,"[0.44746805559450825, 0.32481820521875765, 0.22771373918673432]"
43028,205.40571429665005,536310.751473572,"[0.0983210299980162, 0.6743203355913036, 0.2273586344106802]"
9918,152.10750208905935,668069.8519994849,"[0.3496829982303591, 0.1241847743188539, 0.526132227450787]"
30217,745.8743856564776,149750.43903396325,"[0.1467380580954455, 0.2472171566723303, 0.6060447852322244]"
1350,230.45125832038767,141235.19565051486,"[0.7075749284817143, 0.09267173193848544, 0.1997533395798002]"
27,45.74480975500622,413075.9923460305,"[0.18742089364890205, 0.36627365012995133, 0.44630545622114665]"
18174,799.763777994339,576655.0206960347,"[0.13510911134965906, 0.719833171046474, 0.1450577176038668]"
49067,643.8014635911062,205200.53590860515,"[0.15537320654618844, 0.39228739306623694, 0.45233940038757464]"
18571,476.8399038084901,286567.60874175164,"[0.5530024829672883, 0.19128395590361222, 0.25571356112909954]"
77,953.43106543655,522489.7088526844,"[0.6535880581500392, 0.12332754885313202, 0.2230843929968288]"
28902,101.3447742645412,336909.5984638089,"[0.3308105537275691, 0.5638774137656744, 0.10531203250675665]"
48033,278.8895936021767,342370.2626061373,"[0.2996921554388164, 0.6871519713281901, 0.013155873232993456]"
38414,54.919087730808045,460339.35041337233,"[0.24688585818301978, 0.48212887637279467, 0.27098526544418544]"
30828,430.7770653434384,488637.1696533101,"[0.5519387788976395, 0.3812429166360599, 0.06681830446630063]"
15525,927.6118963095475,379094.6874568717,"[0.7683231924609573, 0.21845026548494687, 0.013226542054095776]"
15735,423.0156706806504,415322.1776861872,"[0.146396076194056, 0.17079536047469973, 0.6828085633312442]"
25740,985.25959975717,758359.719984186,"[0.5015035751121794, 0.09389308227120392, 0.4046033426166168]"
1326,495.81862131971707,825414.0984082085,"[0.5933710071268401, 0.3850899822046832, 0.02153901066847655]"
10933,239.7680571765261,332619.5044285728,"[0.1863566448553529, 0.5522436183161844, 0.26139973682846285]"
41650,949.0364377267264,109280.4163034056,"[0.5099354022300225, 0.12799446101991005, 0.3620701367500675]"
920,591.5259927946252,220222.06737254292,"[0.007734911920960159, 0.7616121259850659, 0.23065296209397412]"
47550,432.9419188588175,484918.5105320201,"[0.3110337868525494, 0.08468341056675185, 0.6042828025806987]"
954,233.6964104860573,263978.62211111456,"[0.784104640391374, 0.12576042947705707, 0.09013493013156905]"
12300,780.8426730540858,623086.3601831911,"[0.18301758530755444, 0.7721182139474856, 0.04486420074496003]"
2425,213.7221322772336,353207.0052435616,"[0.1440063143854845, 0.09981386500143166, 0.7561798206130839]"
8429,895.3252171569935,322080.4564720013,"[0.13018266637929835, 0.8368501984284131, 0.03296713519228844]"
42180,864.654488438868,684811.1749764526,"[0.01380259323874682, 0.6967782402869491, 0.2894191664743038]"
2324,58.86357062319025,556785.4592611048,"[0.8807846760422452, 0.10728697078357025, 0.011928353174184454]"
37765,639.8602727188832,748172.7845579855,"[0.18107496168976042, 0.21066195601081808, 0.6082630822994214]"
46276,53.214830708228895,312846.9616042699,"[0.7785109475119336, 0.10037657247147973, 0.12111248001658659]"
7583,764.694641400127,166935.55086535658,"[0.5561363129879705, 0.3558536495160899, 0.0880100374959397]"
23789,989.7401841729828,388919.7265435438,"[0.4543648164131057, 0.11148873139779951, 0.43414645218909476]"
38553,84.09582613381518,648077.1127318249,"[0.3143483277599111, 0.45512894831370504, 0.2305227239263839]"
12865,220.53990117040487,167504.2519240553,"[0.8427154956582503, 0.06863732992247419, 0.0886471744192755]"
18452,411.87742711296073,357973.4515659014,"[0.04039960227047975, 0.1328206877064184, 0.8267797100231017]"
20219,466.6457722081209,698977.0916563842,"[0.4169724852308376, 0.13047599507262245, 0.4525515196965401]"
24379,615.5983283002163,538494.4958708112,"[0.16190376490916397, 0.5155554787247083, 0.3225407563661277]"
39866,508.8854021331073,361896.94011252245,"[0.029852142323105405, 0.33804215153729195, 0.6321057061396026]"
28812,132.1096983652394,539958.1956263018,"[0.30050948967864943, 0.1259443222442741, 0.5735461880770764]"
6137,602.1353064746223,718094.8556411719,"[0.4708434708772312, 0.4476942912436743, 0.08146223787909433]"
7708,891.328493717795,439013.0301507989,"[0.04044041645794896, 0.5525522358972582, 0.4070073476447927]"
18970,209.7561155525424,258452.5679429613,"[0.3395155694201615, 0.5021846501856905, 0.158299780394148]"
35360,821.7272579770423,334545.5034472613,"[0.16159511218307995, 0.060636277566579265, 0.7777686102503408]"
15742,731.6072317360971,873193.0140799214,"[0.17402821518686515, 0.43600849535125785, 0.3899632894618771]"
25683,270.64491064028937,441377.7674230658,"[0.009584404583970295, 0.9757585427090097, 0.014657052707019913]"
41657,955.1996036123224,742203.4271849499,"[0.22930110792749306, 0.38891283778320224, 0.38178605428930484]"
36268,226.94472046391132,120245.3647977894,"[0.12821926222961702, 0.32234384911244807, 0.5494368886579349]"
45932,431.53245450526254,891524.690577928,"[0.09038852013047972, 0.8656571388409254, 0.04395434102859493]"
24942,676.7957067022048,910628.259455588,"[0.8926165243375537, 0.08632902223091213, 0.021054453431534188]"
25485,536.0431931326347,926136.6633660492,"[0.7985052286288463, 0.05609894604440546, 0.14539582532674813]"
2003,560.958522669018,430620.8248929837,"[0.5520316750878956, 0.08980404665906555, 0.3581642782530389]"
21529,322.4425677601831,294674.7759604453,"[0.10897254809057466, 0.36268699963223217, 0.5283404522771933]"
30722,136.39661602901236,972885.7533124138,"[0.5680255415636778, 0.002620718311881447, 0.4293537401244409]"
48300,415.2362090659989,346932.2168788262,"[0.2852666492367096, 0.24417451669196588, 0.4705588340713246]"
8974,750.2351508191898,538390.561177722,"[0.31287325662514115, 0.09715707593564198, 0.5899696674392169]"
18381,704.8528673630203,971267.4660990092,"[0.05203909475068146, 0.38320556455352867, 0.5647553406957899]"
30621,533.3715743061962,267059.65942733875,"[0.10088567577274232, 0.5149279363633471, 0.3841863878639105]"
31559,80.15537256502651,995178.8211817289,"[0.2118525661886414, 0.41027385163328706, 0.3778735821780716]"
14703,250.6283522383559,336480.739842675,"[0.2124172772432663, 0.31198553870790835, 0.47559718404882534]"
3247,242.1599272059191,440304.9686019716,"[0.01842624312145577, 0.5657285187009002, 0.4158452381776439]"
2736,656.5355893403711,238789.41804715176,"[0.3280719502563253, 0.08501987890389312, 0.5869081708397818]"
16325,547.220945307785,226516.64386358293,"[0.20748302063777363, 0.5461254744356623, 0.246391504926564]"
42653,956.9148288546852,547299.833036401,"[0.5703157638475199, 0.056938132657847, 0.3727461034946332]"
45424,515.3435443387624,228127.60018198547,"[0.6478050906244173, 0.28921984448443744, 0.06297506489114515]"
37538,53.29931660188105,923476.6160629732,"[0.5879672375664605, 0.19807012184452033, 0.21396264058901918]"
31364,202.0711115814537,314278.12740538374,"[0.6230070704700715, 0.11693712894477074, 0.2600558005851577]"
18898,993.3530402655276,880669.0717436146,"[0.8545827124368035, 0.05309935348725865, 0.09231793407593779]"
33459,728.0965489749279,448758.3662163178,"[0.17716913831174688, 0.15195490257054137, 0.6708759591177118]"
10114,11.615929615025507,451955.3905323339,"[0.28161924249441134, 0.417788547965924, 0.30059220953966465]"
27460,432.4944640723053,554351.6015083964,"[0.1270071027225847, 0.7271461865078128, 0.14584671076960254]"
40764,151.11216907258296,123163.68987982124,"[0.023737975975283154, 0.23113888294896648, 0.7451231410757504]"
47220,260.30321810306214,425515.0006581333,"[0.21188216278112676, 0.4128077685635462, 0.37531006865532707]"
22357,813.1321838542488,662701.3955389468,"[0.720419755037962, 0.2596239444855276, 0.019956300476510373]"
37791,155.8708025893528,144560.71160901577,"[0.12635542135458336, 0.45862604251840017, 0.41501853612701634]"
30220,65.56464207996,797031.8387490972,"[0.11310333553063838, 0.38364015085241226, 0.5032565136169495]"
6731,674.6543152833235,760917.960243402,"[0.4594020636535513, 0.3556072160709102, 0.18499072027553862]"
18901,161.5966959174578,899061.0372253382,"[0.29745472885753316, 0.6900048204222892, 0.012540450720177601]"
37702,395.9556141102128,567117.6012232304,"[0.15835131710725114, 0.1359002118451684, 0.7057484710475803]"
26675,336.35364062025866,354570.3819376646,"[0.5111749114368983, 0.3336419777812379, 0.15518311078186375]"
30136,972.635444815926,749933.6379650063,"[0.30858099065879474, 0.15550853208151114, 0.535910477259694]"
45500,645.7085677132471,283942.798838033,"[0.06152366026821204, 0.8068849155123795, 0.1315914242194085]"
28639,727.7071460099513,743242.1227702552,"[0.29265961491580406, 0.6504069032271592, 0.05693348185703687]"
11767,969.6421046315952,786989.9460426633,"[0.16780503325251406, 0.7824006864183629, 0.04979428032912296]"
45655,49.00490323050065,707241.7990088402,"[0.06117077330294819, 0.13936399930910529, 0.7994652273879465]"
38883,644.0590961174935,829324.8235732961,"[0.4565628210553491, 0.2396083471393258, 0.303828831805325]"
12318,613.9388427932827,592239.2496389134,"[0.5598769174236607, 0.32639673002459235, 0.1137263525517471]"
18310,780.4501412382416,256556.70051389924,"[0.17075311504982724, 0.5169864325377247, 0.312260452412448]"
46692,212.7045197153756,275661.80993896513,"[0.29747442690850984, 0.16159363445846212, 0.540931938633028]"
32477,131.17209756074976,611215.9923468169,"[0.39112090324807114, 0.5438680224878755, 0.06501107426405336]"
2013,756.3708540916841,968374.7099370662,"[0.35203992244257504, 0.5872240391488213, 0.060736038408603824]"
35821,612.3612797712534,666333.7196356124,"[0.361654625147151, 0.10680554908464086, 0.5315398257682082]"
6689,613.1265305658873,813203.693713995,"[0.5081307255563247, 0.22067999222698007, 0.27118928221669514]"
17117,562.6145184808729,844249.0883666791,"[0.47085412648912495, 0.09855306970384153, 0.4305928038070335]"
32238,930.9012702263228,772542.2794476679,"[0.29219484566599613, 0.5088656215366195, 0.1989395327973844]"
3378,163.8154074335466,276813.0880311874,"[0.846743852959023, 0.056881391062667826, 0.09637475597830927]"
29613,977.5903045600792,892188.5760816198,"[0.5359918752508039, 0.4495752242955979, 0.014432900453598279]"
20180,533.3144629456172,279256.9564077053,"[0.3411961290298008, 0.09301697544167907, 0.5657868955285202]"
48036,966.4074746118644,358713.33637783024,"[0.0568768419705137, 0.25300793536219524, 0.6901152226672911]"
34660,705.0116459792324,459591.6533460804,"[0.061754129452147276, 0.6737431312449201, 0.26450273930293255]"
4497,826.5821146681427,302386.1378394564,"[0.2859927970554536, 0.11982196194752293, 0.5941852409970236]"
23145,326.7783567969439,713327.9538316823,"[0.5187490629190235, 0.05902780935001691, 0.4222231277309596]"
43906,49.01455027158031,444436.7470478266,"[0.16760456712465696, 0.30738222990151665, 0.5250132029738263]"
47714,872.440586575626,370064.7319458319,"[0.5000617807757075, 0.1951959029836374, 0.30474231624065495]"
1208,305.7745923394886,479193.1348109184,"[0.42183950707198026, 0.3094258330157304, 0.26873465991228945]"
34788,758.1401864633505,900791.5739342184,"[0.17191034856090465, 0.41141871159094545, 0.41667093984814985]"
20162,750.4591025226792,793526.1605360903,"[0.05723396411846601, 0.04039963950594629, 0.9023663963755876]"
35452,650.7178823769915,925272.2329589193,"[0.5862334067724209, 0.03738828751907894, 0.37637830570850017]"
36552,610.7852867661063,429682.4916926871,"[0.057708800527548954, 0.12043571758261956, 0.8218554818898316]"
2180,896.5788779480113,449378.3172571694,"[0.18969039049046538, 0.37262550126820804, 0.4376841082413266]"
7372,593.7896316592601,572065.8381519046,"[0.06489434560076358, 0.6190746378596325, 0.31603101653960386]"
45386,662.5286896300879,683232.9519877039,"[0.8167550527757628, 0.0941182843054874, 0.0891266629187498]"
25783,603.2457133045577,819209.13716881,"[0.07759470206151065, 0.6373960096074207, 0.2850092883310687]"
23628,818.1474625391344,785786.4666694314,"[0.0908262557403185, 0.20723651336670196, 0.7019372308929795]"
29772,675.7758789744037,103524.04852849952,"[0.3989372523226841, 0.29908125698053156, 0.30198149069678437]"
26780,129.35577892427057,128066.57182530891,"[0.08799478899625518, 0.07544535353873813, 0.8365598574650066]"
13373,50.6776593902137,629052.584688453,"[0.10153634417200942, 0.573361354862732, 0.32510230096525855]"
15238,330.2949020419119,509525.3510687923,"[0.6604511443178549, 0.11269779387810225, 0.2268510618040429]"
47374,897.1102425210929,440527.3674593877,"[0.022499660607222038, 0.9728036864601016, 0.0046966529326764525]"
45471,136.60843090382232,196545.82894979592,"[0.3360026127591901, 0.3994182129439654, 0.26457917429684463]"
1340,300.65636813156146,177898.71909269004,"[0.05317923518900085, 0.25811055002483224, 0.688710214786167]"
47104,910.8868956268794,612252.7255777386,"[0.21012198449130132, 0.6782439763177176, 0.11163403919098104]"
11052,229.55666500789144,367578.31663088826,"[0.26341560462680286, 0.14087368863264402, 0.5957107067405532]"
11702,998.514803495861,342429.81976097566,"[0.6022188927585372, 0.004483787182340073, 0.39329732005912255]"
7849,270.5595117015276,365585.4934120843,"[0.3947421073158314, 0.028864548268589793, 0.5763933444155789]"
17307,713.2928839034856,672916.5786899163,"[0.08695240280491412, 0.5844494812676004, 0.3285981159274853]"
5309,259.31245675490953,912756.8828944372,"[0.458810917522319, 0.04336901927288421, 0.49782006320479677]"
8663,793.6190524158002,458206.37333051686,"[0.13528313557680263, 0.8571958625131532, 0.007521001910044251]"
16422,669.9115174911423,386464.9606587531,"[0.25180446491400504, 0.6163835167462315, 0.1318120183397635]"
27776,248.6712366479242,568684.0373576826,"[0.688094899605178, 0.04503440009226656, 0.26687070030255544]"
37512,810.8071422727772,644620.8588297056,"[0.417282011297702, 0.021535691688291916, 0.561182297014006]"
32548,218.63344378331416,217096.10431213427,"[0.5564916080373054, 0.14674073144250152, 0.2967676605201931]"
35230,400.9527430901185,376845.3961562805,"[0.5162052963690729, 0.322958456620729, 0.16083624701019802]"
37576,891.1931040960144,329670.20604678,"[0.2666289454217708, 0.7277929153839547, 0.005578139194274304]"
22785,792.9632546146745,554435.9916847658,"[0.6325675189443307, 0.28810405503791847, 0.07932842601775077]"
26987,313.35674150686896,408801.22564809874,"[0.3429715591822132, 0.6108465525710745, 0.046181888246712426]"
42871,772.9055801460075,889265.1681637133,"[0.24100231303597613, 0.3096657429346169, 0.44933194402940696]"
11596,737.0752002042098,362964.18712709984,"[0.9463012659972503, 0.04173384762892029, 0.011964886373829395]"
9020,118.91405533441416,521169.2218189488,"[0.46365891204170456, 0.15132702214958327, 0.3850140658087121]"
31030,486.9412316918973,174910.34423463474,"[0.013803615900479349, 0.6936767969052998, 0.29251958719422105]"
24391,986.6567166602084,240571.4180782021,"[0.25706074315372224, 0.2386654198696293, 0.5042738369766484]"
27910,100.9546152322748,422811.4773032087,"[0.016739916123792907, 0.9294144379778752, 0.0538456458983319]"
42899,134.81460305543,562297.0099686459,"[0.14419889258614968, 0.3997296700269213, 0.4560714373869289]"
45613,434.9568533019631,297527.97797027125,"[0.35864343125586157, 0.2076789166727216, 0.4336776520714168]"
49444,864.0818972148365,827600.3649582955,"[0.6068701875862982, 0.2804856096456512, 0.11264420276805054]"
44758,505.3139034862596,572051.1512455828,"[0.028287553712623537, 0.7577554157587584, 0.21395703052861814]"
24276,994.988894027324,549719.7054136505,"[0.544639028086137, 0.19001560055141362, 0.2653453713624495]"
1378,414.3443607555858,763393.8220146454,"[0.0003714318807349782, 0.2769721744938753, 0.7226563936253897]"
27224,644.2266226827508,980065.5343689228,"[0.1764620502085804, 0.22266641708601617, 0.6008715327054035]"
37320,692.917362479117,433565.9030823485,"[0.3389701210210503, 0.16816685980444646, 0.4928630191745032]"
42765,564.035162043819,928350.488140568,"[0.4235678584860011, 0.5458010121785043, 0.03063112933549467]"
2303,840.4014127416702,676716.3159085161,"[0.09791514537184921, 0.2593548222722913, 0.6427300323558597]"
5359,371.6973041802154,879341.3087108367,"[0.38839273683830333, 0.00044220897565490624, 0.6111650541860417]"
24075,171.83358853357072,742943.9876402275,"[0.379258991671657, 0.34196618823233466, 0.2787748200960084]"
10239,752.9586412179134,165575.9297266539,"[0.04979909438946727, 0.40641362834876066, 0.5437872772617721]"
2327,367.76375233397647,889436.627957177,"[0.2383457085147415, 0.6997950850711226, 0.061859206414135774]"
24235,312.4210123341865,387157.5268850837,"[0.045232333189809945, 0.2623897878644296, 0.6923778789457604]"
43058,203.69907900475624,331554.34040673694,"[0.8426065351353588, 0.095619010045893, 0.061774454818748194]"
38636,129.62480545472022,727141.4017775194,"[0.044724301868551, 0.2170799456745408, 0.7381957524569083]"
15933,836.9660576824115,587180.7449229099,"[0.16890525568699247, 0.8074797151122598, 0.023615029200747782]"
30521,114.64471279181356,968885.4244225784,"[0.33408213681817406, 0.23375402722067648, 0.4321638359611495]"
48138,225.17864304464115,629393.154650596,"[0.19478319002150746, 0.28084016050287297, 0.5243766494756197]"
20446,740.3604475049821,364646.82077378855,"[0.05941748517682803, 0.21548057450236152, 0.7251019403208105]"
46241,568.2927459668019,795931.7556552691,"[0.16040901144878567, 0.8245189460049636, 0.015072042546250749]"
22762,169.10721105221432,940216.2885994144,"[0.0819752840871509, 0.9079109205265473, 0.010113795386301772]"
26991,437.2519040472432,849357.1700950238,"[0.04317851841406278, 0.9061711216090819, 0.05065035997685546]"
30295,581.1250007803168,418133.14250458335,"[0.3029280934457214, 0.08960984452440228, 0.6074620620298762]"
44684,806.6231399666776,672061.9545333079,"[0.5187364334986115, 0.22421674563536914, 0.2570468208660194]"
192,598.1135687907264,855017.2259895916,"[0.8506377488712273, 0.1487751088380829, 0.0005871422906896921]"
10041,129.19510668577092,311169.16752541537,"[0.5800632619411918, 0.1395114391379221, 0.2804252989208861]"
34443,244.35552706298185,467141.3294674701,"[0.3396743932749755, 0.34807807032982013, 0.3122475363952044]"
21471,331.60694034372847,653617.6742314536,"[0.7449537545382878, 0.1857204077578738, 0.06932583770383845]"
3452,675.045231618224,955802.6992307336,"[0.5025607125525859, 0.12132739236024014, 0.3761118950871739]"
24459,703.120905485115,460599.2599707042,"[0.21057717463018763, 0.559246491569223, 0.23017633380058938]"
40529,90.1132794390662,866879.1567624644,"[0.2886166135011398, 0.16580673924917866, 0.5455766472496816]"
13948,766.5560847355747,620045.35234014,"[0.20615028162664728, 0.7102999990834156, 0.08354971928993718]"
36591,292.68609314829706,467711.9225992811,"[0.0007599602228200207, 0.47825363326371895, 0.5209864065134611]"
30107,636.7951132066852,617015.3915684058,"[0.3976700320001981, 0.18311985925385155, 0.41921010874595027]"
17362,125.45357497566924,813958.4277525126,"[0.22310831088281374, 0.331869508831461, 0.4450221802857253]"
46947,408.72220309273655,570517.3248035184,"[0.09145161914984408, 0.019737321176502252, 0.8888110596736536]"
13406,877.7860284581594,921939.2496436448,"[0.008496352556132012, 0.9543673816244599, 0.03713626581940805]"
43721,397.92125786748056,922790.7100924542,"[0.019855017796469632, 0.6578826928853404, 0.32226228931819]"
918,619.5533831951327,571859.1498262894,"[0.2644686003788437, 0.20431697092936785, 0.5312144286917885]"
28857,194.14314434621764,128565.9102199397,"[0.552699918781031, 0.13125461199344413, 0.31604546922552496]"
14032,293.0618124080651,769290.6258322333,"[0.7255079201844787, 0.11131662828993825, 0.1631754515255829]"
13451,403.9548650006277,826030.7972167074,"[0.7390476927569287, 0.040818017271922524, 0.22013428997114884]"
40386,232.5190018814208,505543.8240572707,"[0.5027750489282934, 0.26227855458226557, 0.23494639648944096]"
43833,380.201602854012,686618.8863059431,"[0.9054097712640807, 0.060090230859524384, 0.0344999978763949]"
47395,842.8195230571674,748292.8632358647,"[0.8324493687688556, 0.00713013929442496, 0.16042049193671956]"
3101,475.9395222694705,461994.6982060466,"[0.15762300698681966, 0.39445763529015193, 0.4479193577230284]"
31592,892.5574145430669,784159.455732097,"[0.4120155629094959, 0.09344511987643844, 0.4945393172140657]"
42435,504.7719924266689,605059.8600112526,"[0.08654920000888983, 0.5146264806294581, 0.39882431936165197]"
45350,76.06216827633968,679353.3824518186,"[0.7560799112550416, 0.09409054109262767, 0.14982954765233067]"
12141,30.73492840953643,854290.690747934,"[0.3514153476445842, 0.5894018481396144, 0.05918280421580153]"
43650,508.0508489288608,492154.3460651167,"[0.9463605872269415, 0.015800189983698223, 0.037839222789360305]"
2132,921.8775043629636,778253.69334132,"[0.2864531020462035, 0.5737517979481297, 0.13979510000566692]"
9748,196.9792767047124,840915.7665556248,"[0.721996242284905, 0.04559625311471791, 0.2324075046003772]"
27130,757.0739876518364,534317.2110938989,"[0.0856960087681221, 0.1710666510382038, 0.7432373401936743]"
7395,308.0364101264066,476131.3999221407,"[0.3665915189464025, 0.32480341161245363, 0.30860506944114396]"
41034,835.8942237216481,821453.3691655435,"[0.36381456429642456, 0.5413176480840347, 0.09486778761954086]"
49717,82.98072832082056,188978.9316350221,"[0.0933750632548836, 0.8687050081708364, 0.037919928574279844]"
22740,310.1999505077627,587502.4711408827,"[0.35977164519886384, 0.444312666429701, 0.19591568837143528]"
23416,329.13095760564005,129824.31783442212,"[0.8250701366249026, 0.024192162964363023, 0.15073770041073453]"
31646,200.6339275188241,406266.8678138571,"[0.561117750630569, 0.41705941465890506, 0.021822834710526092]"
24373,421.5115497475619,691783.8684505129,"[0.1753433666066608, 0.4960983800900902, 0.32855825330324906]"
4608,512.0165100927411,175076.19988057742,"[0.1766171304942453, 0.7364472443424342, 0.08693562516332036]"
23969,515.601833779251,349594.52097734425,"[0.038572020392162114, 0.3605422974651805, 0.6008856821426575]"
15204,404.51653141070096,495143.99368959176,"[0.42299617677081597, 0.1924422548690261, 0.3845615683601579]"
20544,644.5399064633574,407053.415026794,"[0.07922148949546781, 0.7603224217080398, 0.16045608879649262]"
42751,936.2631964741472,424702.47479937033,"[0.6388512043956283, 0.2978669394608251, 0.06328185614354653]"
48344,323.690933505252,610233.193523986,"[0.19520539503435888, 0.16513955500152783, 0.6396550499641134]"
630,511.0414840685297,230368.3211179757,"[0.10923520208885334, 0.7906044077774395, 0.10016039013370705]"
36492,190.78290733803,258513.2983775899,"[0.7944985975478801, 0.034259225016076665, 0.17124217743604325]"
11837,194.02328071523817,751980.0234906342,"[0.09903780875882827, 0.28851806107147876, 0.612444130169693]"
21622,28.69334438514752,571428.549432589,"[0.22032033327201844, 0.020067351467314413, 0.7596123152606671]"
8332,94.76599501222452,588030.0644926177,"[0.20437551368607826, 0.31360879951220877, 0.4820156868017129]"
18648,727.2439357396078,397144.5441034416,"[0.6599001388558345, 0.06756326311818792, 0.2725365980259775]"
46490,216.9447589506858,576907.6217393022,"[0.051809060437907686, 0.33751309539981444, 0.6106778441622777]"
10658,578.8368986290534,435337.51486960816,"[0.23174263642138257, 0.016906082988639118, 0.7513512805899784]"
19623,610.5478612236594,903229.3073198878,"[0.8374251313929992, 0.015126884987703537, 0.14744798361929726]"
29010,450.5888716771192,970228.8025707952,"[0.7550806236516002, 0.18804068395314, 0.05687869239525968]"
23899,18.9060493068238,567867.4541975332,"[0.0341997917579356, 0.7279327665025671, 0.23786744173949742]"
38686,255.80823584617923,738576.4455236956,"[0.020609897791125827, 0.40011952263053013, 0.5792705795783442]"
13728,694.4050100602943,388958.6687114923,"[0.38067106681693075, 0.4929673912347133, 0.12636154194835605]"
28042,530.7809248510737,702490.4416063974,"[0.3087819679367597, 0.6614128407598556, 0.029805191303384538]"
8783,924.2099382851789,715388.2582896714,"[0.9209524162886564, 0.022070414546829887, 0.056977169164513626]"
21101,48.52774454264258,467550.4287752425,"[0.34373230799376653, 0.13100361244126377, 0.5252640795649697]"
9191,758.7935746001484,562456.1554395342,"[0.8355950870406524, 0.013035820012999869, 0.15136909294634782]"
37887,112.16939372011784,691463.9519156709,"[0.15853342890740227, 0.5930702746081407, 0.24839629648445696]"
4765,312.44764838690435,953801.8357333532,"[0.411043905899853, 0.278924929469313, 0.31003116463083413]"
1093,604.5436891782703,489084.1814168916,"[0.24923022770115158, 0.26468242241082285, 0.4860873498880258]"
36408,163.45348921644975,775105.8079257178,"[0.3784598224397428, 0.05160308342895421, 0.5699370941313031]"
10088,309.1894762572158,775477.9932745304,"[0.5458093229839099, 0.09102114729031957, 0.3631695297257704]"
15465,424.3002997084813,885055.1506045241,"[0.6354191355684596, 0.1329954900705455, 0.23158537436099488]"
8635,874.9870531670551,801319.3061664623,"[0.551770072449023, 0.13671011090656238, 0.31151981664441464]"
30706,259.4182536891568,374107.44316849415,"[0.5778126022629246, 0.3361867467946254, 0.08600065094244999]"
5170,661.7698054988405,551603.3027863959,"[0.5876354168471025, 0.21390440039789946, 0.198460182754998]"
3217,620.3383120177207,641607.2596552174,"[0.3640506329791004, 0.09071477908499773, 0.5452345879359018]"
8753,199.24338149920848,789059.9450050009,"[0.08614568478804417, 0.6897721030933259, 0.22408221211862986]"
9676,805.1806847537053,869113.9311431941,"[0.030568620562065323, 0.5458407545827823, 0.4235906248551524]"
22030,87.35221988021969,743404.750540579,"[0.22788332346235401, 0.26072677699785013, 0.5113898995397959]"
45009,310.3913721550928,288101.3703199796,"[0.07466243545237582, 0.22302924731323445, 0.7023083172343898]"
41038,343.0404003992828,962649.4922112044,"[0.01133142260372698, 0.9160502978713005, 0.07261827952497245]"
39568,446.2941891481172,750580.2826816642,"[0.4620440798472752, 0.17044733119135355, 0.3675085889613714]"
49124,396.769527841392,531904.3762831923,"[0.0960154806613862, 0.5507399994938013, 0.35324451984481275]"
7202,538.3129003051739,723054.1805893523,"[0.29176211544619884, 0.6689888805359749, 0.039249004017826036]"
11335,170.48317381321763,109984.59924683362,"[0.01727187316979822, 0.726705047233727, 0.2560230795964748]"
49956,482.2044263135997,744886.8682343798,"[0.023577104782139036, 0.699277826681885, 0.27714506853597587]"
44403,170.28487020542858,176907.98659736372,"[0.02508876387959725, 0.41727182535707175, 0.557639410763331]"
47773,800.1510318456769,545989.2971882954,"[0.7391692310419467, 0.0988326619223365, 0.16199810703571682]"
24138,728.3560441663791,794755.4704960624,"[0.8117955504232233, 0.0605332943270234, 0.12767115524975328]"
934,376.30487159657633,837173.2145680484,"[0.5286617184604216, 0.36197976732531817, 0.10935851421426009]"
3904,549.1205052413404,970391.215682885,"[0.5330406128539795, 0.26144339199048705, 0.20551599515553354]"
18162,46.92847964849647,888196.4283477813,"[0.01886366536633357, 0.6774381280922752, 0.3036982065413912]"
10486,308.77728201111137,460395.388876006,"[0.06052724869940674, 0.8460006678426434, 0.09347208345794981]"
26831,48.83945315329628,483868.32487441925,"[0.4292840403800546, 0.5481709933429586, 0.022544966276986923]"
304,83.45114097156727,829934.3975580658,"[0.3232898280118116, 0.6378156026522002, 0.038894569335988234]"
20904,482.6509947686111,868507.039676909,"[0.033332250426662574, 0.1856178902723751, 0.7810498593009623]"
4917,818.7005740975363,275652.07310417003,"[0.23224181977879987, 0.42094120768165616, 0.346816972539544]"
30524,250.45622322090352,757958.4537638327,"[0.2025417399835701, 0.30977827135774477, 0.4876799886586852]"
17203,255.9916387624533,718637.4385572713,"[0.31557951249509586, 0.5854704050058087, 0.09895008249909548]"
4986,509.435147251859,135557.56868390768,"[0.5863657940734742, 0.03452141714056213, 0.37911278878596366]"
18256,679.6361916768625,594225.207179289,"[0.2591507960038944, 0.22324833135341432, 0.5176008726426914]"
2477,514.5868106235308,717334.924159431,"[0.18488590484436887, 0.6830941157085346, 0.13201997944709656]"
11929,441.8395503424725,963816.5355743686,"[0.1407620422393525, 0.5381328277023762, 0.32110513005827135]"
35496,455.8599517703767,380847.00567013375,"[0.5001831578310258, 0.44829941529532424, 0.051517426873649866]"
3266,365.5569467079566,494819.43182897527,"[0.48224401064517436, 0.2197522074151657, 0.29800378193965993]"
35377,454.9611500584757,551921.1840190756,"[0.28379059571092247, 0.6213101733116596, 0.09489923097741788]"
3605,217.10168618938383,231599.3828389124,"[0.04973274995480826, 0.2378977490354659, 0.7123695010097258]"
21473,679.2447403413413,892720.5060830103,"[0.6902226986879597, 0.050358455283066615, 0.2594188460289735]"
16627,451.1568160563853,848180.2108215105,"[0.6889596974616173, 0.003546232203797123, 0.3074940703345856]"
13602,785.1016746168092,708159.8491717341,"[0.45098727496019886, 0.06505045054994206, 0.48396227448985896]"
45840,221.3916028664012,269726.97190243227,"[0.43726094242112895, 0.40894248749843237, 0.15379657008043884]"
25348,428.6907552396989,242887.79828571755,"[0.2800703174273211, 0.10700495687130195, 0.6129247257013769]"
9595,257.39643613492285,105412.71497598013,"[0.5052094460362259, 0.2323711471541291, 0.26241940680964504]"
39477,279.28582932112266,864355.9673148723,"[0.29990360026644186, 0.6697435500131337, 0.03035284972042454]"
33296,206.5036863685964,986946.6474856148,"[0.6087083521797784, 0.23428597136620935, 0.1570056764540122]"
24882,781.6352854377152,194597.15938607245,"[0.43876737532034765, 0.03884822820067094, 0.5223843964789814]"
20704,734.1006125100238,800705.378328854,"[0.16811380941670034, 0.7451453150406776, 0.08674087554262216]"
22599,336.6345513814519,730636.3421312263,"[0.4435225547743522, 0.37747135117168984, 0.1790060940539581]"
39857,944.6777551548624,428626.1716165874,"[0.24972352884826346, 0.6712177811242142, 0.07905869002752246]"
8169,160.70359368500124,270189.860892363,"[0.6318472077575804, 0.09612968040520974, 0.2720231118372098]"
27329,431.0332719083247,302474.5628966993,"[0.3957765970932548, 0.10023472499769098, 0.5039886779090542]"
307,801.105136127942,594416.723925899,"[0.2996763509350678, 0.5211713133871406, 0.17915233567779149]"
34936,246.83031548435213,216913.5660904972,"[0.2168739647792168, 0.08387209289133124, 0.6992539423294519]"
10324,737.4024355408999,897358.1478578907,"[0.13108974991054373, 0.1197003218873181, 0.7492099282021382]"
10366,188.09793832202504,514848.29351025255,"[0.7228016316702226, 0.19841778431714335, 0.07878058401263388]"
38426,310.08953372859065,863232.3204739185,"[0.3509573471403848, 0.19766854081322988, 0.4513741120463853]"
25171,320.79818409022977,105971.64428743896,"[0.10157138106030675, 0.5226334553064474, 0.3757951636332459]"
49612,200.7685301673348,912210.9510525168,"[0.03497891207601773, 0.09660108293238003, 0.8684200049916022]"
5764,665.6399933743619,145144.4194081308,"[0.5407162920125406, 0.23503038096229498, 0.2242533270251643]"
26129,916.4336957814572,378755.9216506056,"[0.09928854131935805, 0.6825530578928714, 0.21815840078777055]"
13192,872.1943883325256,583075.4825242243,"[0.0381314708211468, 0.09331038317387265, 0.8685581460049806]"
24823,636.0509022809489,183685.5572314601,"[0.17867071342799085, 0.6932279319709425, 0.1281013546010667]"
33539,991.7030596533706,181265.87990449663,"[0.3984057108264909, 0.4616516908968012, 0.139942598276708]"
43090,141.811216321367,619846.5395133956,"[0.002312001701493308, 0.23319884150180833, 0.7644891567966984]"
12710,475.6122625961903,865382.4996414678,"[0.40116812748017006, 0.4444396189725141, 0.15439225354731564]"
14795,812.9773055784804,889748.6385857174,"[0.2744268459172438, 0.08950457209611655, 0.6360685819866397]"
43609,94.7644071135266,847123.3988802045,"[0.5664155686569213, 0.007079481749057644, 0.42650494959402097]"
33898,279.5536195983351,638896.9438100235,"[0.30419893438361634, 0.6258003569764287, 0.07000070863995506]"
48750,694.5981638245471,172522.0321438161,"[0.40337913098719497, 0.5408635305293678, 0.055757338483437245]"
43754,571.8878340581157,977002.6211389916,"[0.01817380648149692, 0.6524930623394423, 0.3293331311790608]"
17645,177.50904245841636,759623.2758866118,"[0.38967438277119504, 0.4166711986326203, 0.19365441859618468]"
6198,955.6945377653414,252036.49381598443,"[0.2599279114064544, 0.6187260330239114, 0.12134605556963413]"
31173,830.2239642498449,172553.73195902488,"[0.05481829502440968, 0.9141906481486971, 0.03099105682689324]"
47276,852.1372468502161,688941.2549005639,"[0.5766029705448655, 0.08262428203700822, 0.34077274741812635]"
36582,381.3285603116704,642243.5748808453,"[0.8320632947521602, 0.04037920495168659, 0.12755750029615306]"
42133,396.24451708673257,616975.7297020777,"[0.38530989753018446, 0.5051879719164148, 0.10950213055340066]"
40235,819.2213890956583,681028.6089109583,"[0.6275842154708174, 0.06827670835781395, 0.3041390761713685]"
32954,689.9984029416917,761474.8762960082,"[0.37840751097084147, 0.08697094653243646, 0.5346215424967221]"
23971,710.2547762469995,195925.6126716832,"[0.27950405386354304, 0.1397985480203623, 0.5806973981160947]"
1351,288.51630866300576,241319.33972732225,"[0.7508630985157349, 0.14435745382365256, 0.10477944766061263]"
41510,855.434599935125,111929.91055895376,"[0.14955882264658868, 0.6448678400881888, 0.20557333726522245]"
38125,874.7388275757019,149577.679090224,"[0.25761828031907835, 0.5075611915296574, 0.23482052815126436]"
47829,223.733008382339,352351.58475834795,"[0.7534885688589729, 0.2408759376328587, 0.005635493508168514]"
9059,742.5412658126977,496399.2514466587,"[0.4757030452065249, 0.4100644618744254, 0.11423249291904959]"
41642,768.9866950105886,869471.4230578027,"[0.443640214109198, 0.12102654826596523, 0.4353332376248367]"
20725,315.71977754744944,177899.18842185248,"[0.04728177181141814, 0.2646232814949881, 0.6880949466935938]"
45871,583.3037393502549,379028.0686351423,"[0.3636678837095439, 0.33738489137133293, 0.29894722491912307]"
20121,123.92061518648882,502726.3988951041,"[0.38173715437382555, 0.0987329135394636, 0.5195299320867109]"
35812,912.6640699560298,181340.7208507255,"[0.3624134930760366, 0.15195020635424594, 0.48563630056971757]"
9165,968.2676051442912,421211.9442067909,"[0.39205117495457187, 0.09270948529458914, 0.515239339750839]"
36949,466.70657051133423,757627.7120324682,"[0.05404576180319688, 0.49825321890073854, 0.4477010192960647]"
2001,193.9514906038329,814937.2468306768,"[0.09995335869389585, 0.044771061231486914, 0.8552755800746171]"
28156,256.2387866361369,502432.7623103529,"[0.46859525569276045, 0.496662183972233, 0.034742560335006535]"
11941,614.9028612263802,360164.15910639847,"[0.6426880655021429, 0.23425772846348447, 0.12305420603437274]"
16044,682.900712723521,906138.1470942916,"[0.1466388828042525, 0.06489704821960597, 0.7884640689761415]"
32017,271.09614776171355,422999.8318461657,"[0.2769960220177101, 0.2005960161547947, 0.5224079618274953]"
9616,571.3368565010276,839379.1441051215,"[0.2749754444030268, 0.13582979063595202, 0.5891947649610212]"
17954,588.3959981529674,891107.315582499,"[0.3919090372430184, 0.4384765636224303, 0.16961439913455123]"
16275,203.950311844614,507574.5076309767,"[0.8124922205870033, 0.0051998182813546125, 0.18230796113164216]"
22883,743.0464041558807,442378.5716506315,"[0.31613115748602455, 0.6801244986881541, 0.003744343825821411]"
18951,14.311620217649423,255642.1006109621,"[0.5952927882226071, 0.3003385092840849, 0.104368702493308]"
20807,750.4920622477858,132846.39609907428,"[0.47163897966658175, 0.2809383877396259, 0.24742263259379227]"
46964,140.89617493108307,105812.207193836,"[0.08307667511109094, 0.7848153774111986, 0.13210794747771035]"
49502,397.56485843567873,716224.4954474325,"[0.22129113931124245, 0.5327378115774578, 0.24597104911129977]"
37142,173.95114167048004,784237.2827078551,"[0.06947965044472379, 0.6237116087673042, 0.30680874078797205]"
27486,967.8629630084685,311406.4848950049,"[0.11568401386294763, 0.40683509699554427, 0.47748088914150816]"
323,383.8137129850285,904813.0563150666,"[0.4581785058081834, 0.0911335058749053, 0.4506879883169113]"
4550,131.91077941178995,776681.1976839253,"[0.3580876325444945, 0.029010877190939068, 0.6129014902645664]"
31642,681.5220027614242,231590.66034271807,"[0.757171248248592, 0.07428157771211402, 0.16854717403929387]"
7814,35.154239986957165,745590.9845688202,"[0.30008948729490986, 0.1692714177691882, 0.530639094935902]"
49813,632.621912692379,871544.0053370469,"[0.35757934574588196, 0.4047007856116846, 0.23771986864243339]"
10049,147.64879325743763,924518.970588603,"[0.7178626847565268, 0.12553384128659242, 0.15660347395688057]"
28481,817.233702055711,589488.2945270251,"[0.8126547694907821, 0.022712951106008333, 0.16463227940320957]"
39974,832.0830083201763,727376.5712502424,"[0.07604232014694061, 0.8946959764629857, 0.0292617033900738]"
36323,412.62986108708265,760086.9413582619,"[0.278395253287849, 0.6345032107238214, 0.08710153598832965]"
48226,897.0172504323014,348640.9169255232,"[0.28563654179631975, 0.24365961984093262, 0.47070383836274754]"
5208,345.908233197845,786850.9911498198,"[0.07881381495471265, 0.3178062745098102, 0.6033799105354771]"
19526,136.6159215227081,809800.9584614062,"[0.3854609173155202, 0.5256823557013287, 0.08885672698315085]"
43032,629.2609006221655,137801.31571664716,"[0.2072714929966441, 0.5039251841792757, 0.28880332282408006]"
3426,505.8672739962846,971081.6494388742,"[0.07621904417420039, 0.3125973334557327, 0.611183622370067]"
12817,960.1130979373116,422798.5222845354,"[0.6276962740149341, 0.35070042847946775, 0.021603297505598005]"
28300,466.3935251252303,172393.49785914354,"[0.3152646434564178, 0.23602815638042368, 0.44870720016315857]"
32174,647.474969676975,355614.5950068673,"[0.2679536453865886, 0.624741524450687, 0.1073048301627244]"
21787,19.548065000382586,351920.5773622171,"[0.016672340363612974, 0.3658088896280667, 0.6175187700083203]"
15619,864.9896796229547,710048.9308010207,"[0.1369223228258114, 0.5784644806669148, 0.2846131965072737]"
47648,398.9461950198325,160954.61700174515,"[0.8277723204150081, 0.010735707428840557, 0.1614919721561512]"
14401,687.343522897118,102951.5188750294,"[0.32321091085064524, 0.2868612646816397, 0.389927824467715]"
45575,362.77162503151686,113391.33097882265,"[0.46363019094574587, 0.004672554102882448, 0.5316972549513717]"
4660,294.96770767396094,131123.14925342958,"[0.8790423363345911, 0.0853760514611751, 0.03558161220423395]"
39922,724.2506300512192,374075.2541712925,"[0.45725825445320567, 0.3313706345227818, 0.21137111102401254]"
39194,509.1278153728191,623247.316389577,"[0.2887285792142508, 0.2254313665409237, 0.4858400542448256]"
6978,652.78115985169,363430.0727247583,"[0.5106422631201746, 0.2799353915355793, 0.2094223453442462]"
47003,305.5111058506446,180857.6614752754,"[0.14656107622841036, 0.41994231443358204, 0.43349660933800765]"
37445,764.070703925323,685930.7912063561,"[0.053706402423579734, 0.4915933433132908, 0.4547002542631295]"
12896,217.61049043867067,968248.23055509,"[0.22716166535866908, 0.5426983695014527, 0.23013996513987817]"
3002,558.5697814666412,585432.1102928198,"[0.32515534475378693, 0.3704125504117635, 0.30443210483444966]"
20777,811.3799935959205,624038.6743738481,"[0.012493296390783823, 0.12286891249591306, 0.8646377911133032]"
44575,948.0094341166242,488740.6727748048,"[0.7307097518949428, 0.0353143739163275, 0.23397587418872973]"
46028,48.29442532841568,621342.8926836043,"[0.5933741153087909, 0.3321563133979097, 0.07446957129329945]"
22947,779.0370047064852,876263.3453304111,"[0.3715531934505523, 0.038425127312663156, 0.5900216792367845]"
49161,711.9236275595568,269459.0296252902,"[0.48430594344930894, 0.06307166388070094, 0.45262239266999005]"
26502,720.5406340153843,419339.7532831524,"[0.7067928299962062, 0.07671353605859958, 0.21649363394519427]"
35702,437.1472552317496,787946.7684777715,"[0.32801792438053, 0.2404972108840678, 0.43148486473540204]"
22435,597.587082382154,385789.77954762994,"[0.5136982002063727, 0.18664937548346727, 0.29965242431016004]"
11624,526.5444288319026,927513.4019193972,"[0.002906708898857198, 0.1273720510630558, 0.869721240038087]"
5479,951.3977680391612,129117.24657594056,"[0.3320598263533251, 0.46339515238677886, 0.2045450212598961]"
34360,925.0364839920989,570401.4141211403,"[0.6149311209808602, 0.18000480952014256, 0.20506406949899703]"
40090,856.7138251284623,924080.69302448,"[0.23296241421382644, 0.24536220769867287, 0.5216753780875008]"
9114,420.7317206659864,720378.312563241,"[0.09697202097453307, 0.6720012037349499, 0.2310267752905171]"
12240,871.4692950368991,294133.00529510435,"[0.38202584808738, 0.2332921862413929, 0.3846819656712271]"
43948,636.971195881565,466792.4355489977,"[0.13564217744838733, 0.2616517588354816, 0.6027060637161311]"
41093,161.86281662618538,674027.6904997462,"[0.0838433987633945, 0.28031252575848237, 0.6358440754781232]"
18992,65.80167654857422,229478.5170262842,"[0.4997393039398236, 0.33231443757808476, 0.16794625848209174]"
43176,64.5072362535426,125415.77788850464,"[0.11421731673797844, 0.1054505465228831, 0.7803321367391385]"
7668,833.8318287839725,656440.8774443767,"[0.35305606766525527, 0.5129221634855698, 0.13402176884917494]"
37191,762.8715663242752,241395.07515603845,"[0.5023687943869676, 0.40680763596937003, 0.09082356964366237]"
46739,772.0802945326317,133804.4339345816,"[0.14041174795648667, 0.5461308035912094, 0.31345744845230383]"
2809,63.78568418289473,150858.48990730586,"[0.35139170052906465, 0.39415105159148206, 0.25445724787945334]"
43757,913.1389005453882,467865.0023562364,"[0.1178746469488935, 0.7574403690049876, 0.12468498404611905]"
31295,931.1233483028832,316869.1288999567,"[0.5029201604257278, 0.017225633204584867, 0.4798542063696871]"
6043,613.0359201894333,577054.9846310148,"[0.015496191579922361, 0.7045612784880602, 0.27994252993201757]"
17697,469.5329466453919,178342.21996449155,"[0.4879158712346722, 0.44349352013758025, 0.0685906086277474]"
48962,11.195313380323883,709212.9564359627,"[0.753683804201355, 0.1030050084873512, 0.14331118731129383]"
11341,852.6897507944655,623338.6624021339,"[0.21988347408705577, 0.5282568409148358, 0.25185968499810846]"
23817,761.4459726414884,709284.9365378218,"[0.3642633491636559, 0.6260257430137558, 0.009710907822588296]"
7255,918.184963276336,980064.0887339296,"[0.11566222465356045, 0.39075487890403704, 0.4935828964424026]"
26633,972.5489383914468,806968.5820642448,"[0.659779924702469, 0.07573962847126037, 0.26448044682627064]"
28052,626.3355946267471,174238.38742993996,"[0.26465280646899636, 0.6491873335473688, 0.0861598599836348]"
967,703.1776472412002,242117.3301934343,"[0.7486740933985488, 0.09517713325048027, 0.15614877335097085]"
4726,615.8722512594968,606261.414697028,"[0.31935462149034577, 0.11640609681417764, 0.5642392816954767]"
41912,209.9439640326433,662678.5026339394,"[0.8339462706607869, 0.009697058738298738, 0.15635667060091452]"
3022,344.6084441363536,622305.8998616971,"[0.27688922486792544, 0.33837678091898565, 0.38473399421308896]"
38324,929.3203669250752,596696.5331626284,"[0.010351033553002747, 0.12219287227108301, 0.8674560941759142]"
18787,766.367619801781,811887.5197220073,"[0.2827595646103047, 0.2822563080098109, 0.43498412737988434]"
1116,348.4814318370359,206877.5161383421,"[0.6999213872033893, 0.25933894859233536, 0.04073966420427545]"
49477,161.57479482506054,603843.8666609116,"[0.5359048581717314, 0.2986255298659772, 0.16546961196229132]"
29268,647.92661256019,863813.3660686058,"[0.090833917476418, 0.43575719335832724, 0.47340888916525475]"
49536,266.9253096148248,896338.1367567321,"[0.7100519852420215, 0.20938732787433126, 0.08056068688364716]"
47853,727.5805610609646,182290.7453035466,"[0.08945850620771897, 0.5347071509596439, 0.37583434283263717]"
15976,412.5571424207217,525300.3510893146,"[0.15492972129706198, 0.03984780519724235, 0.8052224735056955]"
10710,897.9316259457722,886274.4268149742,"[0.1630999283475091, 0.6959372626865188, 0.14096280896597205]"
3161,429.49890483890687,205471.9513543033,"[0.823327963304414, 0.005584431132977935, 0.171087605562608]"
35006,233.15969713400443,672147.7969225612,"[0.19103473247691147, 0.21495303656837458, 0.5940122309547139]"
34844,695.928257231242,847860.90619512,"[0.5751398817910207, 0.13945551670593004, 0.28540460150304914]"
16269,171.85499725774767,360004.1688426073,"[0.6473693846238285, 0.3421035502059004, 0.010527065170271094]"
35960,332.98673706575164,347852.95870268915,"[0.45771736266180885, 0.09770051197392078, 0.44458212536427044]"
12511,946.740694684043,326608.6290911973,"[0.08154068938499213, 0.5101228562174771, 0.40833645439753075]"
17930,944.6033133321944,228246.3994127968,"[0.4151253001690531, 0.11211743907964819, 0.4727572607512988]"
16278,681.0766290460128,633323.6783266299,"[0.07210525069277841, 0.4882399028208042, 0.4396548464864173]"
17246,68.8571049109132,480731.77816912247,"[0.8199693202926467, 0.12251270089491705, 0.05751797881243627]"
38645,936.9702773329844,328804.6955859479,"[0.11480515687026625, 0.8323986469335586, 0.052796196196175066]"
1674,818.2551831652293,305510.46158774535,"[0.4602068169914374, 0.46541584477854114, 0.07437733823002149]"
33559,919.3362956599524,848386.1740176283,"[0.15263085714595462, 0.7970359440130209, 0.05033319884102439]"
5125,354.071823602872,182247.9314411285,"[0.8444208134696064, 0.07244462942419447, 0.08313455710619924]"
25827,835.2584389905404,890420.1589721282,"[0.433726970856683, 0.056042063513291274, 0.5102309656300257]"
17993,708.721815234172,296437.9921260788,"[0.17411940565554967, 0.6829128491465802, 0.14296774519787014]"
29886,539.5983770816398,589187.0310002499,"[0.5881261590296857, 0.36319242191805434, 0.0486814190522599]"
28696,482.9293839689487,299763.1236830497,"[0.4201220284752214, 0.5279940124507119, 0.05188395907406683]"
26724,552.4167109539068,768054.8073218348,"[0.22896074052072796, 0.39056600548525655, 0.3804732539940156]"
33762,848.5708300156276,281332.8678626644,"[0.19301782414238772, 0.3258226735481774, 0.48115950230943505]"
43217,557.9474146689817,582249.2506449572,"[0.8298708415940818, 0.143613165205236, 0.026515993200682177]"
43766,527.9583952179121,100109.13536158366,"[0.8696247245485733, 0.05486343527109508, 0.07551184018033169]"
29648,63.79790290157409,210614.92115632063,"[0.15449990213269438, 0.7570330431367749, 0.08846705473053068]"
16292,446.0424913996581,389176.1650119605,"[0.3266020830652745, 0.038018664188819225, 0.6353792527459065]"
20578,180.20108262348376,780838.9052160609,"[0.347044290590107, 0.4848814090051957, 0.16807430040469723]"
49252,901.699715472588,561872.316719263,"[0.19538928930379354, 0.43911699739114096, 0.36549371330506547]"
44093,513.7449153187954,394389.8528179904,"[0.5928372990556683, 0.3913600946477891, 0.015802606296542673]"
9047,679.0237046848179,569375.3582688549,"[0.17063757499181645, 0.02982708672652965, 0.7995353382816538]"
5948,499.4377107443184,131323.2849948079,"[0.024270967275931015, 0.041895323409554465, 0.9338337093145145]"
40664,521.6272782135775,454316.4673687716,"[0.2374342839940038, 0.03652681116254976, 0.7260389048434465]"
45521,93.92107000251374,668873.8146487182,"[0.2755541775668319, 0.3660123707281204, 0.3584334517050477]"
43270,471.1597976444039,655209.5974010715,"[0.4235505603244439, 0.13721463037548728, 0.4392348093000689]"
34574,343.945300826409,446820.02124127967,"[0.13265679683681347, 0.5070019405928042, 0.3603412625703821]"
397,656.306111885575,133708.25095967506,"[0.1945792707357432, 0.7868023173581392, 0.018618411906117478]"
49933,346.06658820838715,449952.5660069573,"[0.043004936209761445, 0.22968694893944652, 0.7273081148507919]"
36219,672.5036201044476,237357.3107667832,"[0.13696050555363093, 0.18521319072854825, 0.677826303717821]"
10370,469.6664157893496,132513.34773355842,"[0.0053711095592051126, 0.37373051350507075, 0.6208983769357241]"
8954,268.3182646307383,118035.75821071904,"[0.8040823561210735, 0.036312051697032166, 0.1596055921818944]"
20042,157.3205652094931,387880.81355258496,"[0.28267710470545504, 0.6326334115228012, 0.08468948377174376]"
7542,667.393969655194,937648.55772982,"[0.18070668019677186, 0.6990449984392332, 0.12024832136399478]"
1667,849.5178064216143,174842.19190441037,"[0.017466836895697602, 0.20521921920918823, 0.7773139438951141]"
19778,86.97446375003173,363937.915806608,"[0.07376142933658647, 0.6401608315100085, 0.28607773915340495]"
17583,97.2396324642036,438423.774922082,"[0.14414034923089059, 0.2721832470057674, 0.583676403763342]"
39834,907.0979556833224,534674.4526094855,"[0.1904147039574204, 0.06958428058961638, 0.7400010154529632]"
10264,553.4624570017095,678743.7203930335,"[0.29098568667211683, 0.6251957397526079, 0.0838185735752752]"
35446,883.3750652929241,661647.7324525656,"[0.0632359713374997, 0.4248086791717672, 0.5119553494907333]"
8183,106.6313963681996,397527.0465524794,"[0.36947037227402296, 0.30876979948480865, 0.3217598282411685]"
22214,706.2326124159138,969837.47508338,"[0.37453918002997133, 0.2957550666559376, 0.3297057533140912]"
3493,692.8452323263978,165071.9126080115,"[0.08925894821947554, 0.6976835074232457, 0.21305754435727878]"
34992,958.1236066706246,551464.3354772163,"[0.30740263245256644, 0.06659823094948011, 0.6259991365979535]"
47719,896.5694099840339,158868.4398276031,"[0.991658924487142, 0.005634235273588539, 0.0027068402392694136]"
28682,159.0107397083459,134559.27718424037,"[0.27024017529070055, 0.5304753862837397, 0.19928443842555965]"
30767,150.6211578908964,304790.5601613811,"[0.20583396784397792, 0.596560391672397, 0.19760564048362503]"
36413,951.0164058926122,363743.1870217314,"[0.15611295557399266, 0.711346746616343, 0.1325402978096645]"
735,363.4867454281324,532406.4714860688,"[0.530614871000976, 0.40597700599311004, 0.06340812300591403]"
32489,74.81460439525327,735729.633342484,"[0.03927178060610148, 0.12581296551839283, 0.8349152538755057]"
27053,475.9496551141639,543535.4786947111,"[0.13324479149562518, 0.1314005625748627, 0.7353546459295119]"
16815,243.62652339181395,770322.9566337824,"[0.23671296819093632, 0.38996788496238277, 0.37331914684668094]"
46858,799.9188210643422,604438.9304392089,"[0.19030455836846882, 0.19613251790966668, 0.6135629237218644]"
4752,156.07409415374494,969445.6040520212,"[0.036489802350625836, 0.20035950388859364, 0.7631506937607806]"
33867,124.23240493712233,211797.2720222712,"[0.02091361596264419, 0.6460515479097558, 0.33303483612760004]"
42460,919.3141735404782,610177.9221264943,"[0.33038673380423844, 0.20379218831916776, 0.4658210778765939]"
28143,927.5734143698696,100523.51774454916,"[0.1218427839226471, 0.4691490945308498, 0.4090081215465031]"
36761,403.82490244033335,299275.1108222574,"[0.47977980768922807, 0.4817637351268655, 0.038456457183906556]"
3475,567.2380639937762,668903.6553280897,"[0.39544502941895143, 0.13427744801825073, 0.4702775225627977]"
6385,696.8692372287427,929445.5429151626,"[0.8314602643952212, 0.07397444536631656, 0.09456529023846219]"
28004,547.9231078796996,918926.8970130776,"[0.01986783442502875, 0.7202797248334405, 0.2598524407415307]"
32559,751.5954172368911,945473.3582948575,"[0.5449932432314614, 0.3926988692197495, 0.06230788754878902]"
8437,383.03279216953393,609007.3334505777,"[0.06174555785853659, 0.8880157511282017, 0.050238691013261755]"
49553,230.6194860210768,656899.3531450657,"[0.3181342702464792, 0.36551743336481696, 0.31634829638870376]"
8697,102.15427136677154,278561.8847714755,"[0.5760892303916129, 0.05577157836520932, 0.3681391912431778]"
26716,596.9453515801871,444394.8515534134,"[0.255767707883169, 0.7389037222330044, 0.005328569883826639]"
34037,660.3793034301676,356475.7071596536,"[0.5686035081440356, 0.09976303105626913, 0.3316334607996952]"
9896,185.84515334865327,519513.23599787214,"[0.6158754778078118, 0.05091812943756332, 0.3332063927546248]"
41075,298.71497008161646,834092.9523857504,"[0.894912487038249, 0.049991359205475906, 0.055096153756275044]"
15990,579.2899445406758,367145.3472231621,"[0.36668246052460923, 0.6058066882687276, 0.027510851206663096]"
41035,196.4387553863692,423521.1670774902,"[0.43495613355096574, 0.5279391062949567, 0.0371047601540776]"
49975,234.2681599506868,502638.7304997917,"[0.6609446208553145, 0.2539509081269888, 0.0851044710176966]"
41636,413.2324080797033,298329.9164399581,"[0.3364750285629062, 0.13948954540360006, 0.5240354260334937]"
2766,600.0788887545147,106673.7402304246,"[0.16025529844825467, 0.24614781520328055, 0.5935968863484647]"
18031,231.95163256335888,430803.0795291179,"[0.034984516218221164, 0.41405927499992423, 0.5509562087818545]"
33167,634.7082837203976,162377.31920291568,"[0.14456696812747827, 0.7386816920248573, 0.11675133984766446]"
23657,867.4797426860601,619497.7002286882,"[0.36441606966366935, 0.4258179235055357, 0.20976600683079494]"
26252,819.5906296895682,724152.9586816945,"[0.009098865167439942, 0.41978829142103674, 0.5711128434115234]"
32093,968.4329563241809,349663.7319639432,"[0.2012728367839231, 0.1452256960181406, 0.6535014671979363]"
36069,680.5408629454453,982982.1231886006,"[0.43465309249840606, 0.2834350745563596, 0.2819118329452343]"
23612,189.5706721261158,714804.7761064309,"[0.13014735930188073, 0.1340285615314512, 0.735824079166668]"
40240,667.7581762469463,300133.49612222554,"[0.2202792669568214, 0.556876882789244, 0.22284385025393466]"
15358,143.02147512026497,584743.6589728193,"[0.2233370614690723, 0.27178021158765603, 0.5048827269432716]"
40831,213.48094100227547,558815.5080876532,"[0.07662848828253145, 0.3486982260969599, 0.5746732856205087]"
49948,485.92449968730216,526362.1993583748,"[0.19959317711301003, 0.30277959133606236, 0.4976272315509277]"
14171,288.61999535827664,157802.67706825555,"[0.0012603365038777172, 0.9958418544153778, 0.002897809080744537]"
34755,866.3320780447006,637987.8102687899,"[0.09727230927501587, 0.7973717012665906, 0.10535598945839354]"
1768,260.4750763482383,208849.00035708223,"[0.3015579980821322, 0.40864382442410596, 0.28979817749376197]"
43133,311.7827380500917,603638.7794715061,"[0.12654992732402345, 0.1533578504707509, 0.7200922222052256]"
47367,798.8014800050828,952555.7793404736,"[0.5490906797011282, 0.3149978951685069, 0.13591142513036472]"
30073,287.3050185140994,309200.7884957599,"[0.24668459208896165, 0.16344404718672487, 0.5898713607243135]"
9992,710.755892729372,593199.0375867402,"[0.5389619126802158, 0.3538185094815743, 0.10721957783821001]"
34278,962.3618214844412,444599.4219555632,"[0.20066123548674403, 0.17235546701928256, 0.6269832974939734]"
18751,542.3393401374209,983587.1688976104,"[0.1312638097437133, 0.5562600239535892, 0.3124761663026976]"
7092,645.2663759244256,302071.4993515061,"[0.324957077191102, 0.20938466110786566, 0.46565826170103236]"
8470,300.76801000584766,823504.7193347085,"[0.03508818226950689, 0.27089177293164707, 0.6940200447988459]"
41595,466.35063194934514,358806.0444336556,"[0.7535632934810984, 0.14175067856506784, 0.10468602795383376]"
1343,280.4090342486958,740532.6684016237,"[0.6686100770235521, 0.20665734372562772, 0.12473257925082015]"
37434,408.7686468730274,810796.9915369803,"[0.22676003151039423, 0.6393890210271761, 0.13385094746242962]"
5353,747.251294041375,766149.0756564682,"[0.09671218201596939, 0.21767702049975188, 0.6856107974842789]"
622,296.899562831136,546027.7027400624,"[0.1120599616712369, 0.04362445803704327, 0.8443155802917199]"
36740,484.6539922344842,566429.2455596856,"[0.06742359214829872, 0.14926589257116388, 0.7833105152805374]"
6657,626.082753005798,407570.2820741733,"[0.09778087696772127, 0.1695461132745339, 0.7326730097577449]"
38169,700.2644300812931,721409.1261974374,"[0.2163159694999319, 0.2606724080496458, 0.5230116224504223]"
44470,566.8675480937474,721693.9933049893,"[0.0949587647587962, 0.63584350433748, 0.2691977309037238]"
16647,757.9554489992908,795471.8308644308,"[0.03734630424443457, 0.7942556109226065, 0.1683980848329588]"
15100,10.90099494586264,676775.9687333127,"[0.036094915717457106, 0.8194724952301559, 0.1444325890523872]"
40139,700.4663592510558,757895.4079347965,"[0.4917436358906987, 0.4208741796675896, 0.08738218444171178]"
33392,815.0065475971313,184085.87559227337,"[0.3383806770785768, 0.3364041108197533, 0.3252152121016699]"
33376,128.25122329982895,251583.5568298612,"[0.13811926523917822, 0.49451579257685513, 0.3673649421839668]"
47747,434.5306209274908,822219.3632861773,"[0.06908663569967331, 0.49407216049539276, 0.436841203804934]"
34924,394.34309632243793,887963.6893863014,"[0.05992277500303399, 0.26274572558482856, 0.6773314994121374]"
48559,551.6896715346214,967709.056335178,"[0.4187815112639602, 0.20670828787473072, 0.37451020086130904]"
9874,885.5734539633389,471037.2191821635,"[0.2703674952042882, 0.4046491121104213, 0.3249833926852905]"
25095,549.9133546785696,255143.31228751864,"[0.5724295766976526, 0.06643189230927782, 0.3611385309930697]"
24633,69.17929002975833,395161.5701671328,"[0.08320191473851331, 0.80689869918343, 0.10989938607805654]"
35298,825.5787934084508,276776.5117467146,"[0.4172737220811612, 0.5621190784043091, 0.020607199514529828]"
46999,806.9308792059311,835668.7763444919,"[0.438559767505029, 0.01691997490512654, 0.5445202575898443]"
27424,497.3491249125332,306683.1285684549,"[0.37097696886451675, 0.5200229585074277, 0.10900007262805539]"
20487,961.919201806568,428148.5822147532,"[0.48166337320816777, 0.21243512392321406, 0.3059015028686183]"
33664,829.122195003835,283535.8036889719,"[0.5140407616777372, 0.0030605032363833474, 0.4828987350858793]"
17214,514.7414581924997,292845.3313954322,"[0.3538603249172158, 0.36974450441789664, 0.2763951706648877]"
37519,168.5095680082354,350527.56243562984,"[0.10934757350571822, 0.04074235934934199, 0.8499100671449399]"
30721,346.53812064280885,727353.4361502005,"[0.40039401153402693, 0.044391675696505296, 0.5552143127694679]"
21249,66.39671380088814,910869.5801992116,"[0.6119271831085142, 0.10981301063205429, 0.2782598062594315]"
24124,787.1192651146476,235231.8224745977,"[0.49210222563354283, 0.33325998955337094, 0.1746377848130861]"
44054,662.9241666364013,959793.5200813606,"[0.037889535143807045, 0.09398385244063757, 0.8681266124155554]"
44463,235.9028542253789,361309.3089908552,"[0.10262911285562391, 0.2098409907158702, 0.687529896428506]"
31144,801.6066824538701,617979.3984327998,"[0.43839193844822605, 0.27133504966148947, 0.29027301189028437]"
16433,174.66492307770355,113749.88402474255,"[0.5655737588914089, 0.14820671771351568, 0.2862195233950754]"
2387,305.9085988796324,885193.8647010732,"[0.35207119046536045, 0.2650687759814038, 0.38286003355323583]"
14014,18.245674054208045,114439.56354455148,"[0.6382296591175197, 0.11669650588863031, 0.24507383499385]"
49097,630.3919725040421,269302.7831331785,"[0.5205558395747787, 0.029024909740620164, 0.45041925068460104]"
27129,26.387627420677504,173414.29058044765,"[0.01653058637749741, 0.30848475326095054, 0.6749846603615519]"
31615,422.1814411206028,923681.2831951056,"[0.31979362086108515, 0.04231599092362949, 0.6378903882152853]"
24530,320.8225662296374,114173.3419315381,"[0.5056872941662035, 0.339924255799569, 0.1543884500342275]"
2713,216.76829774342303,625807.9435447052,"[0.3343749964348827, 0.3169218812786732, 0.3487031222864442]"
18644,666.4256533192781,642011.1446566017,"[0.06372340535666084, 0.5452938988536647, 0.3909826957896745]"
20710,732.9635719826153,131230.5151231527,"[0.5105005621413223, 0.27470133523432977, 0.21479810262434804]"
39673,176.51199876119904,890501.7404038782,"[0.9131054317415179, 0.015076367517852152, 0.07181820074062993]"
34176,831.1010269825747,733032.3338624316,"[0.3182415089029636, 0.5089145173429791, 0.1728439737540572]"
43531,569.6799676566185,750613.3132622064,"[0.3763178758415989, 0.474980810616518, 0.14870131354188318]"
22983,705.9105953225861,138379.57311797212,"[0.09657582177370404, 0.4825680778937707, 0.4208561003325253]"
20053,418.26911169574265,565787.5872684419,"[0.9662843219448084, 0.030710683561331824, 0.0030049944938597933]"
25936,895.0124223262753,690336.8404592716,"[0.0665931193633172, 0.647812450077407, 0.28559443055927586]"
17889,589.5871810576491,215932.4321156685,"[0.24560941368659564, 0.17508689649016906, 0.5793036898232353]"
35311,945.0623775556091,627513.6097517429,"[0.2138702303180193, 0.3164899235905667, 0.4696398460914138]"
45421,918.02467963082,466567.4937259353,"[0.35679027710301897, 0.43894072938132844, 0.20426899351565259]"
16841,845.992650381991,497382.15907983854,"[0.504191997720182, 0.20449395465106207, 0.2913140476287559]"
36722,382.9954813945834,307286.21275800746,"[0.24824264591735037, 0.3810280211997707, 0.370729332882879]"
16814,609.7839480343697,748271.1190124989,"[0.4147659736141665, 0.4604196401151266, 0.12481438627070683]"
8081,41.944179103205165,735646.3325427148,"[0.4589311591893945, 0.452343244746026, 0.08872559606457957]"
47503,91.60565246965412,961842.0530855628,"[0.5380156983028563, 0.1473133203169183, 0.3146709813802254]"
37514,863.4265506028521,408790.5466851627,"[0.41455543931668465, 0.02723666292390171, 0.5582078977594135]"
8286,42.22919235280369,888519.4825181034,"[0.01711026033148415, 0.3882806541177733, 0.5946090855507425]"
25161,185.69673337697088,842343.2027467258,"[0.2452761512495503, 0.4371379694047276, 0.317585879345722]"
31238,585.7944210795582,963859.6831990476,"[0.5679701026364167, 0.23201516554475293, 0.20001473181883045]"
45237,590.4111410755661,904263.0308228652,"[0.4396031931875767, 0.19248910377106154, 0.36790770304136167]"
1334,144.81854093478887,652127.7955640719,"[0.09958752400830354, 0.4542901077535643, 0.44612236823813217]"
5896,251.74544947620203,333995.3840132848,"[0.410980178518742, 0.0499349201531011, 0.5390849013281569]"
49533,629.1332780039717,806453.4777207192,"[0.16426478200957392, 0.362066697148774, 0.47366852084165206]"
3586,132.58723516983935,180532.3081330388,"[0.2615989793203511, 0.47905489832521797, 0.259346122354431]"
21584,210.45175790801065,776153.3521420739,"[0.04602752084968982, 0.26134118925760635, 0.6926312898927038]"
48296,656.1347987473955,617553.1404066358,"[0.6713878097904216, 0.269000822191701, 0.05961136801787739]"
33465,874.8858114686794,762994.758703147,"[0.31792440663846355, 0.61250585249067, 0.06956974087086637]"
10116,181.9462768806098,945957.7915818542,"[0.07262454792561765, 0.8928308734484264, 0.034544578625956036]"
11441,580.4153039201553,580596.6919244363,"[0.7983089835025933, 0.1142251850490826, 0.08746583144832412]"
27165,540.9387090487278,428513.2585988627,"[0.10067540882241659, 0.8760161938462022, 0.02330839733138114]"
22326,872.2378951252608,341091.19702108606,"[0.5086764469657336, 0.24955666281102754, 0.24176689022323894]"
1349,671.7841071701296,680820.6152862599,"[0.36193426469015744, 0.030302827386795426, 0.6077629079230471]"
43423,188.71084622688355,649679.559768297,"[0.10926058887359812, 0.783228269885506, 0.10751114124089596]"
22684,294.6172894193603,463858.3080623105,"[0.19816687151861342, 0.6363854702502266, 0.16544765823116]"
42358,842.9053699930954,723567.4495531988,"[0.07245732267206602, 0.8699508486319047, 0.05759182869602919]"
44948,90.17032234304412,992480.8934736954,"[0.20379943852815657, 0.6731216114944714, 0.12307894997737194]"
16106,982.2453502873,520920.8886270275,"[0.056883680056401556, 0.25151724423305805, 0.6915990757105405]"
15551,126.17374057487964,906241.0386706511,"[0.939284336832489, 0.00784831799882093, 0.05286734516869003]"
24072,220.8683032991968,481818.36906460335,"[0.2918453758190951, 0.43979124418074755, 0.26836338000015736]"
28938,940.6194938491288,971382.3489219792,"[0.13668499405945297, 0.03802227497908267, 0.8252927309614643]"
16104,971.5330481876535,160853.47636349202,"[0.24741932042095313, 0.6588435956261252, 0.09373708395292155]"
17785,427.7062989865594,839910.0030007783,"[0.2149126836876081, 0.21567121656045704, 0.569416099751935]"
31,311.23478437075806,325659.6314650556,"[0.3844578415268221, 0.3657451755523193, 0.2497969829208585]"
15613,741.9380734305443,780868.9650841644,"[0.31479722100200325, 0.03499233233346237, 0.6502104466645343]"
39065,690.8659390090035,988484.1767209172,"[0.06291494249522682, 0.42053479488149526, 0.516550262623278]"
48571,883.6502856014823,637260.6333524012,"[0.47163719575378976, 0.009866739272274246, 0.518496064973936]"
29293,558.3227660099242,912360.7058093894,"[0.11034353099313778, 0.26160455665511684, 0.6280519123517454]"
42188,485.03489447477455,679853.9654549685,"[0.2915483254393043, 0.04544967344907184, 0.6630020011116239]"
2282,88.70691825387918,786358.0109746973,"[0.27212664557554056, 0.34687386354920147, 0.380999490875258]"
44858,813.4480233601528,263287.616272153,"[0.9231982694272092, 0.044272035597813605, 0.03252969497497718]"
3151,710.3112845553818,816004.3244968563,"[0.10803053511876462, 0.0490704102930077, 0.8428990545882277]"
19121,603.2102894988478,111425.3617845967,"[0.2480359198553778, 0.5822164379684618, 0.1697476421761604]"
41176,148.2274473957776,209325.2222884666,"[0.15013195910221133, 0.7153528554597145, 0.13451518543807403]"
20493,75.30342056042089,810654.6329062567,"[0.12701612526141987, 0.057943954540198926, 0.8150399201983812]"
17290,174.57835086498272,817488.698933596,"[0.29740803101873897, 0.31430027179569475, 0.3882916971855663]"
21278,26.642639550558464,203557.0981606157,"[0.36409135579450747, 0.5029777688007117, 0.13293087540478088]"
31217,887.8262109864532,951486.2080912732,"[0.29798280244334574, 0.5251180798434478, 0.17689911771320632]"
29300,10.227538892198352,204617.14329925747,"[0.38140037510432684, 0.3912492496654452, 0.22735037523022794]"
24283,787.1328215903417,384416.426801775,"[0.3460636667423815, 0.17616793209002946, 0.4777684011675889]"
27548,427.6426620373568,283619.02311520494,"[0.1581578524103428, 0.02297614842580578, 0.8188659991638514]"
12031,59.30688890475414,242076.1588948392,"[0.05395336712580782, 0.012061158904280505, 0.9339854739699117]"
635,375.0690470415061,110960.46328944486,"[0.1305995421147826, 0.7765757897953085, 0.0928246680899088]"
22738,770.1068980194276,862395.2148760452,"[0.15154326274607685, 0.3139548710333642, 0.5345018662205591]"
5423,597.8881628118506,282558.85217612097,"[0.20214117290829425, 0.023855392289714304, 0.7740034348019914]"
26088,883.5233243220408,589870.1130600432,"[0.44365635883408694, 0.47071041035749056, 0.08563323080842253]"
46308,293.172483886518,988884.3786411048,"[0.2952447442774445, 0.5949728545389474, 0.10978240118360819]"
13215,80.49792405892083,735279.0291265397,"[0.6957579976916846, 0.019799339767667373, 0.28444266254064815]"
49409,890.8073389697245,160309.11972431996,"[0.7601703472772487, 0.2391240041505307, 0.0007056485722205374]"
47951,95.45771614156936,633635.5784000388,"[0.6896565506406506, 0.3084659754382386, 0.0018774739211107057]"
14598,185.67873474107512,179793.05576615056,"[0.1563249837120551, 0.48664216865054355, 0.35703284763740123]"
15928,497.8162723402244,721931.256950387,"[0.168745821842363, 0.4114901320522004, 0.41976404610543666]"
38835,843.5016514464221,888245.6522347603,"[0.29739548005978694, 0.5406408174399121, 0.16196370250030095]"
10100,432.50844909469606,494912.2706546359,"[0.18468949485190916, 0.12298329553745647, 0.6923272096106343]"
25276,410.16742786298033,818462.5397554977,"[0.8535417000019365, 0.05338074562396927, 0.09307755437409407]"
27350,782.0069567126302,848395.8505651192,"[0.17867181810987678, 0.3547997084742618, 0.4665284734158614]"
13908,129.6834908632528,359379.309773045,"[0.881026585331342, 0.020793604893377136, 0.09817980977528071]"
13856,624.9229935037317,790204.4366578836,"[0.5816643799225224, 0.30371520088904874, 0.11462041918842875]"
21232,461.7623527899223,667555.3991012233,"[0.35259834970229964, 0.3218135456225806, 0.32558810467511995]"
760,705.1979330112569,527545.416143277,"[0.45875194175444517, 0.1486588189510501, 0.39258923929450457]"
46503,896.7604581440598,168110.6972164708,"[0.4064821165084697, 0.2866557552273347, 0.30686212826419557]"
25818,929.2883437302982,894030.0896608368,"[0.19504417534147903, 0.1664364648139968, 0.6385193598445242]"
10064,935.6769991746044,436209.5415767627,"[0.5586394566590206, 0.09659891012204619, 0.3447616332189332]"
19122,448.4673312428948,770100.9731937532,"[0.885676874819053, 0.027709913801599744, 0.08661321137934723]"
5345,436.8189500458742,155459.21556577334,"[0.494495499601414, 0.07390853413794062, 0.4315959662606453]"
29844,808.2692591987573,980486.6951973748,"[0.37438542274698183, 0.25133543436424266, 0.3742791428887755]"
347,744.3757022819733,785620.9941971111,"[0.16259163956826436, 0.8223340934803881, 0.015074266951347434]"
33330,588.8507379352526,911208.7526040748,"[0.12564029898620283, 0.519486768341676, 0.35487293267212117]"
38172,240.40076281856952,267130.72721731826,"[0.2359624557269936, 0.01491665538432808, 0.7491208888886782]"
9224,638.1768298175598,908302.3175454328,"[0.4147262033071335, 0.33616270017265865, 0.24911109652020788]"
4548,124.25591729056356,569780.9134593807,"[0.0533956700001598, 0.31715181694133093, 0.6294525130585092]"
5815,392.6099654061591,535243.080271834,"[0.0886339769640249, 0.30397923558383333, 0.6073867874521418]"
34854,289.7917490744244,153745.29344518564,"[0.08403924904131856, 0.15780880175363304, 0.7581519492050484]"
25410,424.190956688633,628416.2959008061,"[0.3114058542575225, 0.47906232738607224, 0.20953181835640522]"
712,312.73227704415984,279714.8454195013,"[0.036766505993560225, 0.6550251844223536, 0.30820830958408607]"
11715,435.2293487156785,656411.9526742495,"[0.08237178528653491, 0.6012553939190617, 0.31637282079440343]"
26360,140.3644420793585,361068.69091429247,"[0.6311601887178349, 0.2918343283583886, 0.07700548292377642]"
229,590.2622105140513,648457.5167691137,"[0.20055928883548257, 0.44561581340525475, 0.3538248977592625]"
44835,682.0626589185147,550413.398240089,"[0.17511161747631812, 0.24891225672099818, 0.5759761258026838]"
29362,403.59050624033495,581619.1039650155,"[0.34613636233514816, 0.16526942685602278, 0.48859421080882903]"
36037,374.9265653744776,704060.6931756503,"[0.13386705305081906, 0.4941911512077852, 0.3719417957413958]"
44803,441.36122186870926,184446.3329154232,"[0.14121558832637, 0.3520763122034339, 0.5067080994701962]"
42468,487.6060731055231,632249.3560837806,"[0.23410596927803023, 0.034887206100121713, 0.7310068246218481]"
13945,319.0457489420897,390255.5095552538,"[0.2893817403046616, 0.04212007837316771, 0.6684981813221705]"
20469,457.3048513469682,849339.4127893009,"[0.16097874701507292, 0.2868695810395952, 0.552151671945332]"
32789,324.3581990545544,474261.9814808438,"[0.02919374596653275, 0.7927985688582195, 0.1780076851752477]"
1485,87.85199931478908,953217.4932929844,"[0.5105210689550999, 0.38224759407584563, 0.10723133696905453]"
6127,670.8678942904972,425020.7182812416,"[0.2511495012156851, 0.13362650266878068, 0.615223996115534]"
5180,576.0372885478293,964023.5763676162,"[0.21911685943673345, 0.3858670841675398, 0.39501605639572684]"
25402,617.3177448824463,619324.7364519862,"[0.7985837885218777, 0.07363662951438416, 0.12777958196373804]"
21620,162.18276805878614,953423.5731550872,"[0.25221694944727163, 0.03780185869528002, 0.7099811918574482]"
6573,30.94273093314019,294968.5517734644,"[0.9387109647913561, 0.04204725007335193, 0.019241785135292004]"
16526,507.26730804342446,199252.8606697816,"[0.12147913580445104, 0.4213279731323602, 0.45719289106318883]"
19436,885.4319120109634,788735.5645099722,"[0.6738356366245333, 0.08912656903651006, 0.2370377943389566]"
30978,474.8867026082386,230851.87675908284,"[0.2339035607515009, 0.6399234839075926, 0.12617295534090656]"
17703,678.7579086847759,330395.4246475267,"[0.8924829835236158, 0.035343056113291284, 0.0721739603630929]"
2114,781.9503664188428,355475.1265141717,"[0.9233522808462017, 0.04092974786855329, 0.03571797128524497]"
32677,726.72060352322,457245.7278758351,"[0.21618938411406685, 0.36012559066571187, 0.4236850252202213]"
16168,750.9796235033521,802150.6004174012,"[0.23708729052260194, 0.43406002146801126, 0.32885268800938694]"
8419,39.10860333316391,621840.4465351828,"[0.678524664132817, 0.22902278440785573, 0.09245255145932724]"
39821,671.1979944275953,917091.6768265276,"[0.17103618465498405, 0.5875009700074262, 0.2414628453375897]"
4332,818.0005597338593,120824.53327980023,"[0.06400111123934592, 0.467446655169015, 0.46855223359163917]"
24095,489.5303945416812,952824.1579608928,"[0.04502184429520724, 0.8908384969176789, 0.06413965878711392]"
10711,172.27682780616678,190724.3178489837,"[0.11235929548323498, 0.5177898696895618, 0.3698508348272034]"
22488,321.7420195343535,195370.2076854712,"[0.7476207692058393, 0.23842618233922877, 0.013953048454931982]"
31211,510.0194754599517,571931.9418030754,"[0.10941961794022001, 0.7790673828303435, 0.11151299922943654]"
26056,299.7932101191226,882236.9151662715,"[0.06968628581860431, 0.20832964530651896, 0.7219840688748768]"
32733,182.0282214266369,821156.1385637311,"[0.2353321865720372, 0.27747419843521254, 0.48719361499275027]"
29636,375.2840961258439,798066.7172024234,"[0.46554239845948486, 0.2714416923333139, 0.2630159092072013]"
26966,869.7897563944344,164177.30161864104,"[0.04570515356800997, 0.33478011581315914, 0.6195147306188308]"
429,373.95561485314494,653786.3144479613,"[0.4847921589942935, 0.4789381590906152, 0.036269681915091216]"
32366,813.7773717735811,821085.6127012316,"[0.6691469512653515, 0.23794645719148835, 0.09290659154316006]"
20797,346.22282726398834,299116.7642192077,"[0.2710558553865985, 0.46204531975758195, 0.26689882485581945]"
18263,333.9736779747138,597944.3752898929,"[0.5785413743581371, 0.3398990324622023, 0.08155959317966066]"
15739,535.5223705061856,236994.53214518272,"[0.6020083258436065, 0.2648010041609226, 0.13319066999547094]"
21095,811.3865949192422,441122.9826664171,"[0.4715565086162175, 0.14336391248988234, 0.3850795788939002]"
46869,736.653398327306,889286.9191249518,"[0.34574456757675104, 0.05548064314409693, 0.5987747892791521]"
34079,123.0125736308657,195721.63447557067,"[0.19596694196689865, 0.797350428263765, 0.006682629769336327]"
2512,906.7261582440292,443576.3413767888,"[0.6962367530839659, 0.08767380377805706, 0.21608944313797696]"
19706,332.119371231925,506941.6046807019,"[0.38380227836704944, 0.3584834804965444, 0.2577142411364061]"
15906,554.8621908350278,176792.4966546327,"[0.1013618971130877, 0.2654231257174401, 0.6332149771694723]"
41427,691.2629041480753,708468.3606227865,"[0.29957900208017474, 0.40837783062712846, 0.29204316729269686]"
26220,754.9942540199199,674789.634659104,"[0.12375425658970142, 0.21739253583759224, 0.6588532075727064]"
16154,753.2207065874558,926638.118469572,"[0.44477271514244, 0.15997453088009586, 0.3952527539774642]"
34634,849.811753005131,202080.3052597181,"[0.6409015463377143, 0.015354672912945146, 0.3437437807493406]"
16210,768.9488341903466,524714.6589433944,"[0.03936098406079074, 0.44749983379981645, 0.513139182139393]"
9240,535.7999007536141,920728.2636420962,"[0.32132663936106187, 0.05656348935353362, 0.6221098712854044]"
6022,222.6522861150629,940078.6978788328,"[0.33330778606969436, 0.542575864604363, 0.12411634932594273]"
18699,809.2277090135635,698711.8245855622,"[0.12053157894877445, 0.07457575829050611, 0.8048926627607195]"
9931,516.4998016777904,250354.6515241009,"[0.6238519085898341, 0.03889969903299469, 0.3372483923771711]"
25665,630.7363348183769,256023.27426267,"[0.1992151187439065, 0.18699244772492088, 0.6137924335311727]"
85,792.0518787551554,830412.3320235022,"[0.353760408093157, 0.605349179366513, 0.0408904125403298]"
10024,891.4159873904505,138881.49281785236,"[0.18855061597508407, 0.40122962445698196, 0.41021975956793383]"
14610,85.69445622795584,113638.43588884932,"[0.40796365340334184, 0.5240474990709033, 0.06798884752575485]"
30902,546.8697217540811,788278.4546846052,"[0.15326052636403953, 0.3352860740234678, 0.5114533996124927]"
7724,771.5088557445494,666323.5710882484,"[0.3589393906012876, 0.08936035464025195, 0.5517002547584605]"
39959,915.1698188382765,782386.5682108531,"[0.5045533070461617, 0.43372601634619823, 0.06172067660764004]"
26531,453.8693725096251,277723.8154951155,"[0.10899050226041819, 0.3600904834555945, 0.5309190142839874]"
40306,626.308066143303,261211.385339204,"[0.12382337488081255, 0.5901546105283076, 0.2860220145908799]"
24895,331.51713042652386,177739.36358241655,"[0.9594056991241574, 0.013519091654374637, 0.027075209221467885]"
20132,538.7225969844854,361320.8411962427,"[0.267819379026384, 0.03869447125494887, 0.6934861497186672]"
7553,430.6660068308604,732125.3572255934,"[0.2004771528318119, 0.043804801214797136, 0.755718045953391]"
49735,420.1992026651407,350101.87332937017,"[0.14368197363002558, 0.6558628351701478, 0.20045519119982655]"
38258,122.37601164580089,883815.564741598,"[0.35962086235416296, 0.009509171946942018, 0.630869965698895]"
22991,996.1418660619902,595150.6139334114,"[0.05383261272892555, 0.6316599495826475, 0.31450743768842687]"
44132,892.1744951872664,822174.8935537947,"[0.05006227248285131, 0.2576360291408926, 0.692301698376256]"
21065,435.194177985901,178051.07840537874,"[0.14919414415764773, 0.6576343694652262, 0.19317148637712614]"
12696,58.07986404287386,660950.104991678,"[0.10887930105828933, 0.7215227720143503, 0.16959792692736042]"
6216,96.7275400888452,478839.4656958778,"[0.2994492584821028, 0.6765992572528507, 0.023951484265046424]"
40459,483.2438129374665,249108.6176262094,"[0.22375002239510777, 0.4400796001724924, 0.33617037743239997]"
20918,371.2546608783976,825290.8507053279,"[0.28945657591322593, 0.23197311827239425, 0.47857030581438]"
42829,870.7312428367026,582270.55345526,"[0.6024435990967729, 0.355530792307814, 0.04202560859541299]"
30054,355.57007419100205,998991.78480755,"[0.027501190497404605, 0.47801365301996424, 0.4944851564826312]"
5767,650.3633227580045,829409.6867028918,"[0.7778686775789948, 0.12166289686182244, 0.10046842555918278]"
30984,948.8757349634368,106498.03936839126,"[0.4198321285761888, 0.4093669821896393, 0.17080088923417186]"
46728,59.55696916007034,793300.6589235779,"[0.049403562503381786, 0.2986378430424169, 0.6519585944542012]"
13869,584.0432205240247,610391.1045664023,"[0.2260238266870233, 0.26085095909055545, 0.5131252142224213]"
40061,771.2591843470584,740091.432683481,"[0.26917958035296297, 0.5108891423688666, 0.21993127727817027]"
11232,491.4171904090388,801914.1221714092,"[0.204809305763194, 0.5557307343731716, 0.23945995986363433]"
39759,910.9669256541868,643237.7694075614,"[0.4472280329434243, 0.3075672329299916, 0.24520473412658425]"
44082,824.7767839072449,559112.3498684214,"[0.48756258717181117, 0.36721142978868737, 0.1452259830395015]"
27711,155.90264351183058,678806.4707286806,"[0.23335129617059028, 0.3008294140816658, 0.46581928974774395]"
17903,890.2048771271049,601027.7034892435,"[0.1252184250825673, 0.6773524220065417, 0.19742915291089091]"
10305,334.1382514242894,186513.9612591417,"[0.7109715748204027, 0.09013978706065331, 0.19888863811894397]"
48418,154.17467746392376,398048.1252613504,"[0.07665972700235806, 0.6249093671021331, 0.2984309058955089]"
16638,615.5101326868992,863165.1802365549,"[0.11684263340501272, 0.3177108626808574, 0.5654465039141299]"
31078,155.29677294204117,866958.1061892504,"[0.19635422109623638, 0.09165261386575199, 0.7119931650380117]"
14286,833.1062509233801,744638.8154485091,"[0.356602964889058, 0.19124711687045004, 0.4521499182404919]"
581,181.47877126141915,448606.3387667752,"[0.0647301744771476, 0.14909915718554506, 0.7861706683373073]"
40008,379.6686548216169,254667.3140810452,"[0.05804694302737521, 0.33686559095366414, 0.6050874660189608]"
17350,252.6151870509505,661190.9146048094,"[0.1990316071118008, 0.6982510158386106, 0.10271737704958867]"
5507,407.0490387498633,949240.454369707,"[0.04947674618432895, 0.119609919923545, 0.8309133338921261]"
25711,837.8553002500088,829338.9964415359,"[0.11772986527894906, 0.6933324684616468, 0.18893766625940434]"
29117,662.6150360707202,179722.87230921505,"[0.16041437504792594, 0.3307230382615074, 0.5088625866905666]"
41691,435.0921661208068,451019.50121820805,"[0.372394971632723, 0.1658974542564064, 0.46170757411087077]"
6033,896.9172063938578,128356.21393572104,"[0.14566178958385237, 0.690363213430269, 0.16397499698587858]"
33319,90.1436488743088,300444.60524272907,"[0.09965355583005328, 0.805374656596527, 0.09497178757341977]"
18213,649.9815406156499,816272.4843074993,"[0.03963928799821118, 0.7897806760577896, 0.1705800359439993]"
27723,103.04704065610304,263036.65475324774,"[0.18442933226502145, 0.6517424205260323, 0.1638282472089462]"
15025,229.71718577660292,901168.095037768,"[0.046333327460914564, 0.7383803485303236, 0.21528632400876183]"
25639,358.7976009926236,631902.9165498763,"[0.859109231225212, 0.1375879001984662, 0.00330286857632192]"
48681,566.6216455324035,198091.96121647296,"[0.2677320278764516, 0.1600155723925722, 0.5722523997309763]"
41146,44.48734994997217,479874.1904345452,"[0.20078210852613124, 0.3381135040754277, 0.46110438739844106]"
38139,440.9796132465029,941129.5449812224,"[0.2937191398310955, 0.12007267764096148, 0.5862081825279429]"
31272,750.4328821958821,613450.1562780212,"[0.5190531597379491, 0.11825192978017042, 0.3626949104818805]"
39389,988.27547716286,951728.431584243,"[0.30147412382872735, 0.35889882060035777, 0.33962705557091494]"
37809,249.0199231093028,764092.5155022995,"[0.6424198766446195, 0.09045412442864618, 0.26712599892673433]"
15119,888.5834378012333,195865.8261961829,"[0.3066694376466349, 0.6038912755909045, 0.08943928676246063]"
3186,303.6337392558541,332220.816519388,"[0.752266466960445, 0.17731832161967837, 0.07041521141987667]"
37327,897.7440409019504,881405.1313191601,"[0.7450125210404797, 0.20549070388374896, 0.049496775075771236]"
18899,261.4036316386088,571610.8758362813,"[0.11013531877292533, 0.06439178797500074, 0.825472893252074]"
6937,663.5798710862327,420544.4989005259,"[0.31446089251490494, 0.3040035631217554, 0.38153554436333975]"
12861,735.9958825811484,948587.0955301753,"[0.07792893061358755, 0.3154674260061469, 0.6066036433802655]"
44537,714.3615844459601,528493.1534891487,"[0.2643161843179903, 0.19271974697402883, 0.542964068707981]"
11060,551.6903570491966,114477.14910799048,"[0.34658197516114236, 0.5948751672186363, 0.05854285762022122]"
5761,173.37666540567324,952283.9842156696,"[0.01546812656534416, 0.6473614123129319, 0.33717046112172394]"
1347,79.31034314258962,407185.2632055379,"[0.5716459499523054, 0.005499076400605218, 0.4228549736470893]"
40094,973.6815568371516,713128.3686934166,"[0.4335700305898201, 0.4675284988892822, 0.09890147052089755]"
37769,278.98936506147805,799732.5380297265,"[0.5193773210701628, 0.372982932197166, 0.10763974673267115]"
4756,260.8244689793965,638810.4235119402,"[0.44199154041703953, 0.3484076594185671, 0.2096008001643935]"
40871,367.9920557782328,145534.3684705538,"[0.11235385882560757, 0.4397677128117117, 0.4478784283626808]"
29113,266.36885085035743,318402.88979041704,"[0.4848701343650274, 0.1820235072099031, 0.3331063584250694]"
2901,78.05322257187503,580401.1599900242,"[0.6300663777219145, 0.08392977802928701, 0.2860038442487985]"
6778,905.97416496555,204203.7562496415,"[0.8531879047361753, 0.04319718792472646, 0.10361490733909826]"
18883,942.0099531947692,166347.92023882564,"[0.4413888107856434, 0.5113024425801093, 0.04730874663424729]"
1753,271.23106809541895,348857.16889558424,"[0.7944370439025669, 0.012025173668642858, 0.19353778242879038]"
38156,582.6616914565215,411033.25232210656,"[0.0733415440257129, 0.5496766861932865, 0.3769817697810007]"
39558,84.34522231290129,580988.6820794027,"[0.8400062012142298, 0.03793284311705651, 0.12206095566871371]"
12404,827.2844099212782,231814.7640262193,"[0.5153677878436471, 0.3638289257004991, 0.12080328645585375]"
29180,84.37264342497015,881733.059206539,"[0.1568555834946882, 0.7073340392125784, 0.1358103772927334]"
31747,613.4278634915989,332775.78141655144,"[0.6219268414209197, 0.06607037506640404, 0.31200278351267613]"
49496,895.181407056953,104766.57787979388,"[0.2134894499975549, 0.3601590644180811, 0.4263514855843639]"
39566,981.8356096560428,627954.8422231341,"[0.23265017167845106, 0.6371560619968769, 0.13019376632467208]"
29077,104.65242458706275,612316.0175404244,"[0.6484283011956328, 0.2280678607145175, 0.12350383808984973]"
39499,423.8304826481346,179164.13769662782,"[0.2017998468194705, 0.6971422998109436, 0.10105785336958588]"
47620,858.9878175551748,538214.8248163401,"[0.37124293356690746, 0.32268444087130216, 0.3060726255617904]"
41875,864.1593465153312,321891.03518062446,"[0.36497743821315726, 0.45803711559516247, 0.17698544619168033]"
24973,826.6658703540758,359266.18728698394,"[0.28715749910004895, 0.6070456876758942, 0.10579681322405683]"
33218,576.4910084210114,838728.1429744926,"[0.33097263003173233, 0.5139318788725815, 0.1550954910956862]"
8099,678.0846648611079,152124.89899218324,"[0.4050742583344834, 0.4964538419545625, 0.09847189971095402]"
23088,442.5706421770709,420263.98024822347,"[0.5343877297323283, 0.23085135050671862, 0.23476091976095317]"
25098,913.3424952391116,500226.95151653455,"[0.054730951073423594, 0.856949753305766, 0.08831929562081058]"
45273,519.3957932356528,417686.8938425064,"[0.4160230848691119, 0.48845756975311416, 0.09551934537777404]"
25309,356.42868194413626,386421.55580842926,"[0.4464726913938449, 0.02699825676095416, 0.5265290518452008]"
41289,595.9403133072514,828410.9487800052,"[0.5043322422134772, 0.39648561605019333, 0.09918214173632954]"
41415,462.99435354751546,977533.0952371104,"[0.5335654177094011, 0.03753947092757627, 0.42889511136302266]"
32102,928.5049900281884,348973.5121422357,"[0.02781042793079303, 0.6894103199387618, 0.282779252130445]"
2370,657.4446819246674,518591.08013358177,"[0.15922690502861275, 0.7064375184214643, 0.13433557654992284]"
20201,288.36391232711804,568821.5707613821,"[0.036273427740798225, 0.39657304159093937, 0.5671535306682625]"
28236,865.2080821251785,455900.5576781309,"[0.12419564798034541, 0.5252548870316062, 0.3505494649880484]"
48703,606.4202875091225,543142.1955520608,"[0.25685009642897116, 0.5577794840359168, 0.185370419535112]"
28761,408.29584851184376,829098.853979594,"[0.03476244881514865, 0.8052367963373082, 0.16000075484754317]"
1324,996.1869342710936,852861.0508925618,"[0.5144573299945412, 0.3755832885971331, 0.10995938140832583]"
26158,248.2789908791329,708457.9404994218,"[0.013088501654568143, 0.17798778807879173, 0.8089237102666402]"
19366,128.9830865669731,717846.5556709855,"[0.056550628471275864, 0.07123578930555595, 0.8722135822231682]"
49802,41.36995046322995,911036.0290184936,"[0.1874208471339515, 0.19537973279768509, 0.6171994200683635]"
25074,372.8897070460135,648463.9995111924,"[0.38767649928952547, 0.5604338059336561, 0.05188969477681838]"
44779,737.9295827635839,531494.6230640354,"[0.2677921377791225, 0.6308880274126917, 0.101319834808186]"
6452,351.0402983276095,270468.0980750943,"[0.18454946073398057, 0.20088217119701338, 0.6145683680690062]"
8077,980.2056356859208,641073.5455310938,"[0.27582343385567065, 0.2469687811348391, 0.4772077850094901]"
19683,71.85365644437496,350562.10713919613,"[0.049808375325074455, 0.4233413766284018, 0.5268502480465238]"
16784,870.1254210746533,480925.4159180678,"[0.28958968704581656, 0.6644480811054125, 0.045962231848770886]"
25124,239.25732759152413,205517.49617243372,"[0.2978747909657382, 0.10212454642894832, 0.6000006626053135]"
28657,323.42834732395715,431892.15684405447,"[0.7206992301354268, 0.14969018615753227, 0.12961058370704084]"
32060,183.1343891984484,132824.43949901388,"[0.14707307409677778, 0.21865656530071081, 0.6342703606025113]"
46001,351.09271571124646,207585.02380634227,"[0.012950575746481265, 0.35205378884928634, 0.6349956354042325]"
9323,951.2767749502684,823941.4629485611,"[0.10943403439677886, 0.8362224550585566, 0.05434351054466439]"
28169,207.93723323858683,253592.7154397576,"[0.3872922213166557, 0.6025788233243192, 0.010128955359025039]"
17172,654.6564751045726,171692.89709383855,"[0.03890247199285005, 0.9002892097333459, 0.060808318273804035]"
14463,871.9798167973437,458604.24167792266,"[0.10728754389842367, 0.28094405217425905, 0.6117684039273174]"
31132,243.9243659087746,144151.08014924062,"[0.6046345121242885, 0.3492061554817798, 0.046159332393931725]"
31058,775.9532639463399,978590.0370041694,"[0.6070180415424885, 0.13835201150298448, 0.2546299469545271]"
2803,347.6910611974191,487437.4275964069,"[0.3898945688164971, 0.4912781113399101, 0.1188273198435929]"
3710,764.4890320207476,804518.5951559409,"[0.48193277616601166, 0.06465808542162943, 0.453409138412359]"
28616,183.04352977738205,807845.5044726136,"[0.013331857394138898, 0.11324965624046149, 0.8734184863653996]"
37151,498.1294358149144,742961.3725676036,"[0.8088050844026959, 0.0543288361737782, 0.13686607942352574]"
33845,974.7686685938196,441677.4321019006,"[0.1633900305738933, 0.7311581598183401, 0.10545180960776654]"
28738,352.0915522754784,404910.876673853,"[0.45688321947826216, 0.41781442721129575, 0.1253023533104421]"
25987,678.3632996831656,165651.2086935395,"[0.6290730672077129, 0.23217175204859947, 0.13875518074368748]"
39235,579.4710495481045,102585.4459371976,"[0.5673579867289299, 0.0013583530243049986, 0.4312836602467652]"
47279,724.4566221339365,407456.9969416883,"[0.09983146834087633, 0.4004135123048899, 0.4997550193542337]"
42602,747.463590654931,719682.072743393,"[0.5735199747666203, 0.1967405431966286, 0.22973948203675104]"
36257,521.3783447283587,247700.0779816863,"[0.8473857610793144, 0.0027825105368416776, 0.14983172838384398]"
14763,33.81687277863048,994870.009085817,"[0.164165011222845, 0.24582308798722477, 0.5900119007899303]"
39493,258.1717542693365,319019.6444897521,"[0.1852145156828126, 0.5787691467145754, 0.236016337602612]"
41529,986.1064722856738,459876.8330038565,"[0.26794239569089723, 0.6735653533315035, 0.05849225097759931]"
26321,201.29392445854344,842764.2709809411,"[0.7877383080186193, 0.17397692043472085, 0.0382847715466599]"
25029,375.4374041931649,465873.336943184,"[0.32951533883567174, 0.6074463964084436, 0.06303826475588463]"
34638,721.0245832283607,356890.8586706709,"[0.7041655685989248, 0.04242610330545409, 0.25340832809562125]"
48067,759.1182268897463,207535.63255519027,"[0.4552759011023036, 0.5259772592810349, 0.01874683961666147]"
40733,860.4667706746422,857755.7035987347,"[0.33834629884619793, 0.5042203363840809, 0.15743336476972114]"
16077,960.064052890571,258058.6055265344,"[0.12702810673686157, 0.24821595503851532, 0.6247559382246232]"
40367,761.314968188369,543851.6239254654,"[0.019899710939068654, 0.7040248933106271, 0.27607539575030426]"
9499,349.7221672264717,826034.6793249256,"[0.06061639656635706, 0.8220841480995607, 0.11729945533408237]"
19296,227.61872974721925,616650.4220827513,"[0.09259040601805149, 0.17823618537087943, 0.7291734086110692]"
29743,258.9586479381875,103909.49953652396,"[0.22058649112892253, 0.39628562826681984, 0.38312788060425756]"
11142,99.01012012259211,281877.8849093101,"[0.09329156542721684, 0.6843468454328144, 0.22236158913996876]"
46457,493.4758012970048,928822.0708365068,"[0.07336711032390741, 0.06027748082612947, 0.8663554088499631]"
45195,974.4572241755842,176713.89922472014,"[0.3937641075576181, 0.16560608936739207, 0.44062980307498995]"
16801,480.2473159843696,283437.32251754776,"[0.19738216870470496, 0.5352740805303727, 0.26734375076492234]"
6101,662.0249780791298,889585.1399140822,"[0.16022257973112122, 0.29715904881634103, 0.5426183714525377]"
42625,614.7739991023714,376839.0070697464,"[0.11542109383031836, 0.7125908357000036, 0.171988070469678]"
18610,756.2377150115847,336981.382423789,"[0.8368562292042507, 0.030517156070813737, 0.1326266147249355]"
34436,934.960442471256,966619.2860315,"[0.8243636193627395, 0.15786006277101078, 0.017776317866249704]"
3020,931.6602927587098,193300.2061752383,"[0.13697114886766043, 0.1100129616495966, 0.7530158894827429]"
10334,732.1728006299667,275470.88357632497,"[0.46971762311673526, 0.25333149597769944, 0.2769508809055653]"
9129,248.04954524887995,597390.582057087,"[0.10578044868365488, 0.8547588590114836, 0.039460692304861454]"
44573,727.5712210542208,386263.6121533668,"[0.5800421045626132, 0.2591041961292788, 0.1608536993081081]"
21231,302.46805673649675,517231.13458544057,"[0.7507425221611047, 0.24650986448327136, 0.0027476133556238085]"
15073,603.4897790144812,294898.06606968085,"[0.5731298869458115, 0.4221511897519758, 0.004718923302212789]"
18138,387.08124145628034,730585.6495645244,"[0.5551731738281646, 0.33184653159255284, 0.11298029457928264]"
19415,838.7732487864346,704919.8084450647,"[0.19976320279066143, 0.6116395078225231, 0.18859728938681553]"
27936,577.1541716422344,317003.95132451726,"[0.22929169667211483, 0.004266931420545134, 0.76644137190734]"
7913,841.9176284912913,483773.09642727394,"[0.5754220476180828, 0.27900128878505676, 0.1455766635968605]"
23977,194.13699532799384,880667.2072315266,"[0.018951409251695882, 0.7337599984495542, 0.24728859229875]"
21928,477.6809870423372,786661.6468592401,"[0.22828587079223167, 0.008247650708986235, 0.7634664784987821]"
36326,520.8951650240947,698759.0124114293,"[0.24982612256979767, 0.38394736905339344, 0.366226508376809]"
22821,734.7245918015353,803264.9722413258,"[0.7966406054754319, 0.04853018995808337, 0.1548292045664848]"
2048,306.5650558526276,870211.3000216061,"[0.1239328035797241, 0.3012736386681702, 0.5747935577521057]"
32678,881.7362154222312,975397.3789349258,"[0.8720820594965839, 0.03271574756331206, 0.09520219294010404]"
36298,58.1941324932092,455361.2427262815,"[0.26921778265333557, 0.38365327953894945, 0.3471289378077149]"
6672,94.03920743975404,404497.4070516547,"[0.6497194384428516, 0.22074004973217176, 0.1295405118249765]"
38407,609.8176484786861,232575.9741627937,"[0.3849886358139772, 0.1799570647325461, 0.4350542994534767]"
30268,343.647258725374,875535.8768448619,"[0.014571653542657317, 0.8384977041261027, 0.14693064233124006]"
9561,198.79908185467505,994052.6974719118,"[0.5540067536643725, 0.40362102061466515, 0.04237222572096245]"
14944,458.5451018573693,930904.6634115732,"[0.003287510963089975, 0.8994335140430583, 0.0972789749938518]"
21948,858.594815371493,403495.4935204042,"[0.43006708107631036, 0.2137395776695317, 0.35619334125415786]"
20198,664.8213453396332,312251.4447105825,"[0.3023252997886611, 0.2819184078934614, 0.41575629231787753]"
12868,908.446227952036,538260.5610253857,"[0.8885907487918395, 0.07221906662943536, 0.03919018457872501]"
28378,951.2937649038,281139.7782035032,"[0.21642393686340075, 0.7434005092358834, 0.04017555390071593]"
24132,341.9382380368223,683095.5848271963,"[0.22245440668585678, 0.46072361083069924, 0.3168219824834439]"
41408,137.13801491600728,115810.17859195138,"[0.142551953218827, 0.5786041413019262, 0.278843905479247]"
39736,582.4023307398518,297255.43673902284,"[0.4670050377852093, 0.2670870896379118, 0.26590787257687887]"
20818,814.1593278556409,194321.9110173872,"[0.537967171333232, 0.28932981473913033, 0.17270301392763768]"
41137,175.30227125440422,565387.2598641657,"[0.3619324433106655, 0.009624004762512142, 0.6284435519268223]"
7030,840.1596142618948,100901.16484737846,"[0.01622702537685716, 0.871304684015821, 0.11246829060732189]"
5534,948.2524132351152,602585.7132063273,"[0.07719737609176175, 0.5668905540069054, 0.3559120699013329]"
35447,786.419723400363,174650.66745769026,"[0.036965101546561026, 0.7641387985239293, 0.19889609992950968]"
30909,538.3250049433401,348829.34025031864,"[0.34113750677681437, 0.21737604754445233, 0.4414864456787332]"
20541,426.06992420705257,946312.7867891182,"[0.05577398336670347, 0.8015376621754499, 0.1426883544578468]"
7801,55.289714976893045,109424.91723828182,"[0.34721501978105124, 0.5194483458573974, 0.13333663436155144]"
10185,966.3075663196324,885127.3518739888,"[0.4618171491193003, 0.0067694652372782, 0.5314133856434216]"
43600,406.5355462716767,527084.6298391311,"[0.17021803518914708, 0.69269834956091, 0.1370836152499429]"
722,537.5691133178756,788994.4433990932,"[0.17701590380390486, 0.15308294972517375, 0.6699011464709214]"
26407,835.052472120404,753504.998281755,"[0.14174821678383973, 0.17864259692021783, 0.6796091862959424]"
42196,408.6658462286159,748729.9228524662,"[0.05639782377797514, 0.642374329163003, 0.3012278470590218]"
14590,243.7696408745352,437909.6235105356,"[0.4460312244040163, 0.444929838668933, 0.10903893692705065]"
37072,719.5636672388875,621128.2603088765,"[0.14948403633644367, 0.35022056033112, 0.5002954033324364]"
28667,353.49673506077824,743420.375227867,"[0.3425594121037689, 0.5431428132328987, 0.11429777466333252]"
16461,447.196780213018,813827.3312731565,"[0.45521193453888575, 0.43208818734302423, 0.11269987811809004]"
35002,239.14618018769005,296248.1881713219,"[0.77651550434801, 0.11978188489623359, 0.10370261075575653]"
14543,336.5828395385767,141097.47888512572,"[0.029404963809112065, 0.494003770397094, 0.47659126579379396]"
42833,462.4251881489344,881007.9218750809,"[0.13584669451133646, 0.032665419308043564, 0.8314878861806199]"
11909,820.9744850519933,183278.9727317206,"[0.08936125280460845, 0.1400493286086019, 0.7705894185867896]"
36124,468.6508988414405,773366.6339071373,"[0.06357836699605855, 0.49256044844160585, 0.4438611845623357]"
49012,314.509353074364,206029.60556137783,"[0.03708786740667396, 0.43676602656683705, 0.526146106026489]"
4658,471.8217464039256,877823.297496074,"[0.46028469460629784, 0.07029271027327051, 0.46942259512043166]"
16735,153.24792423567868,648984.6716828224,"[0.5372327970835473, 0.13499931231755782, 0.3277678905988948]"
40710,426.2900179430795,299864.7495511908,"[0.08943373448792688, 0.7503293850428385, 0.16023688046923454]"
48356,951.8012454357656,391789.53105280944,"[0.4758493035477198, 0.03254130289929069, 0.49160939355298966]"
19132,967.8392084544706,794592.7677570933,"[0.603433159920959, 0.08310887801200219, 0.3134579620670388]"
39139,147.806839046778,516976.0315876375,"[0.7577158606100923, 0.07305105812776355, 0.16923308126214423]"
17868,62.88018059700578,525686.3560121605,"[0.2164864127060539, 0.4441201298664928, 0.3393934574274533]"
46637,752.2795695641439,443113.25191036327,"[0.3553327131160575, 0.35326808040530844, 0.2913992064786341]"
6983,608.3671925303177,764513.0209238615,"[0.7726491131371076, 0.19083828534875297, 0.03651260151413945]"
47168,515.3128937852708,673397.696800033,"[0.3484990417343658, 0.22120984440271502, 0.43029111386291913]"
10841,790.0384652653296,165863.02940484768,"[0.14069182950906733, 0.09451941236861729, 0.7647887581223155]"
36487,72.30678082790195,241302.0604276791,"[0.3921308011916019, 0.19359776221849073, 0.4142714365899075]"
6624,584.2548831712619,629736.7221207165,"[0.20526195971718258, 0.4381381364991715, 0.3565999037836459]"
15051,614.2297990919983,590719.3478010654,"[0.2743831006565908, 0.6187089103387338, 0.10690798900467548]"
48618,309.30244703952536,675791.8839117748,"[0.033417964478983576, 0.9249884542245123, 0.04159358129650419]"
16129,574.0901707243418,200907.02962057068,"[0.05681033458688311, 0.7878366546127847, 0.15535301080033226]"
22770,702.1737007008385,718965.7739155331,"[0.3348141676701714, 0.15911371510033712, 0.5060721172294915]"
24758,376.7626910759108,208514.32039791008,"[0.6186997263518921, 0.2078906688644182, 0.17340960478368972]"
35362,550.0492819357578,764841.1965758163,"[0.48192806795754783, 0.27839669736602574, 0.23967523467642635]"
43415,443.5638937975834,174718.54876932828,"[0.14476248109602186, 0.7273182926172501, 0.1279192262867281]"
26277,55.91177793633442,483531.1295521101,"[0.8034246522775014, 0.09249514491876973, 0.10408020280372887]"
3004,674.2384697898082,654854.6476410344,"[0.0525829909685105, 0.7337065522007983, 0.21371045683069131]"
39024,439.3865070217285,467389.02289975336,"[0.8198513948333714, 0.021041833920799013, 0.15910677124582948]"
48102,752.7015029947239,173698.4657069337,"[0.6739594953766654, 0.11858492223855771, 0.2074555823847769]"
49684,988.4277595612408,803423.7936627456,"[0.6479755198271938, 0.16974975703780368, 0.18227472313500243]"
17257,316.6997209031183,636614.9825316643,"[0.3409371442148194, 0.17392919340052668, 0.485133662384654]"
46918,375.4155744268304,117833.97659153366,"[0.4429044425052492, 0.17745706081575932, 0.37963849667899136]"
17606,336.86651530452247,616277.527398709,"[0.18402568009233816, 0.8092536156369502, 0.0067207042707115375]"
17596,572.0257412691718,667593.007449898,"[0.43469698581357935, 0.5124634850754259, 0.05283952911099473]"
39627,409.78722265258153,778942.2033419106,"[0.0043648436657863715, 0.5533985010339321, 0.4422366553002815]"
41516,621.0068290780623,818877.64524026,"[0.379350923953742, 0.28220573597762244, 0.3384433400686357]"
15277,101.41683201716693,703896.1672067703,"[0.3619316642229212, 0.17828562286356245, 0.45978271291351624]"
43065,113.49022622765833,350988.12186480814,"[0.3051902405339895, 0.04044927397136915, 0.6543604854946412]"
18811,342.67793470612577,942646.8460056466,"[0.036186093909667386, 0.8433785014232673, 0.12043540466706532]"
40904,971.3774196356428,519795.9482668725,"[0.013226029839767525, 0.5007835827173802, 0.48599038744285233]"
2085,201.97056899358552,202917.5507987977,"[0.24615756917199183, 0.39389145865095426, 0.35995097217705385]"
4239,463.2632830541455,388585.9965635809,"[0.2520863939624205, 0.6580550880864238, 0.08985851795115576]"
41773,995.043151246389,798179.6125699801,"[0.09146342733999668, 0.07654236360603563, 0.8319942090539676]"
29670,637.5171501888184,706929.1712371162,"[0.5251849787889716, 0.1308522322651318, 0.3439627889458965]"
11043,726.9825541023075,577300.3253167148,"[0.5456361410213558, 0.2503020266913193, 0.2040618322873251]"
14208,46.597319927450265,657373.3820125395,"[0.27678763018437924, 0.4855835834632026, 0.23762878635241824]"
21960,764.1746193527562,656892.1729026182,"[0.027202271831264817, 0.5341204509966664, 0.4386772771720686]"
3026,126.5766222722836,980655.6054554562,"[0.1915806215880676, 0.3681331040533198, 0.4402862743586126]"
39984,598.0396899812168,584847.0029175093,"[0.03957547877901433, 0.036804798416962346, 0.9236197228040233]"
45970,575.9628534145161,200826.4267305445,"[0.2566289327488662, 0.30204531230877407, 0.44132575494235976]"
24076,168.88287125925478,527162.412685907,"[0.0024574591775254756, 0.8340498532475752, 0.16349268757489935]"
15602,394.4050594524907,388425.4801179976,"[0.322532224351837, 0.2972157046322751, 0.3802520710158879]"
43369,738.9851633001018,819773.2010630611,"[0.22210215911352074, 0.3562041855106226, 0.42169365537585674]"
40200,990.7850084836016,761085.4413204286,"[0.17060409229792342, 0.45533272448992756, 0.37406318321214893]"
5253,467.33433903082073,423778.51587526326,"[0.7132738692301052, 0.1299225269257415, 0.15680360384415326]"
21283,98.95781460172677,569149.9612473713,"[0.5033230325643343, 0.1745931560564471, 0.32208381137921865]"
10559,484.659371612136,363732.0528662399,"[0.039524118385862304, 0.2268975552072878, 0.7335783264068498]"
46459,562.8681094577886,778917.1634933251,"[0.38099326905229036, 0.006690376184385573, 0.612316354763324]"
16145,638.3653043288338,858520.1426341364,"[0.2591749489409261, 0.7350633341568469, 0.005761716902226815]"
13021,902.1245006913284,713581.7854626704,"[0.42964054150132874, 0.45129386645580544, 0.11906559204286579]"
46226,994.8775827350222,303577.91393571574,"[0.4805802548310437, 0.1322309432236066, 0.3871888019453496]"
16479,966.0784031165588,766212.7571620133,"[0.34781550443028825, 0.266938141040005, 0.3852463545297067]"
29081,454.8047329906204,178167.85215926374,"[0.2396565388771741, 0.7089384467394065, 0.05140501438341927]"
7087,107.7285510432669,327398.0051024373,"[0.023478706053947078, 0.6661518822059379, 0.3103694117401149]"
408,467.5502625724314,358327.13006751786,"[0.7132772716999211, 0.27541428290459913, 0.01130844539547994]"
36415,525.8944689926454,127854.90188369624,"[0.14629740275662667, 0.6048407441907341, 0.24886185305263916]"
31291,782.7294577976954,775317.9718813782,"[0.18747163431915043, 0.3539494371394727, 0.4585789285413769]"
28406,298.06685253651614,154415.98586154397,"[0.6922160029461989, 0.17747097517838484, 0.13031302187541624]"
10597,764.3142880415713,712772.1191527917,"[0.39687247366115364, 0.2101902744436852, 0.392937251895161]"
42763,622.6930828677242,501203.5538999448,"[0.40068548272587967, 0.04332396006797433, 0.5559905572061459]"
49675,670.7454705767941,301993.33130870893,"[0.10694257121437292, 0.020006096850024857, 0.8730513319356022]"
15181,709.6177862396179,374983.5799116407,"[0.1883294762258756, 0.5901921419565118, 0.2214783818176126]"
42129,716.7042712837318,799347.6518853332,"[0.08185446557003737, 0.37965223026730255, 0.5384933041626601]"
11942,469.564728587094,808747.4652288937,"[0.06064812030202382, 0.019406184582759504, 0.9199456951152167]"
33243,862.7597258849206,711568.9398740932,"[0.3096087933005763, 0.2288013025150776, 0.46158990418434603]"
6825,713.1137235648911,724902.4550676831,"[0.009197182782989522, 0.6827610526360075, 0.308041764581003]"
28434,320.3681368125613,724064.3162201286,"[0.1348189948799132, 0.5076534301995583, 0.35752757492052845]"
26744,903.2775326194688,456659.06819127145,"[0.44311835563541085, 0.4420307634708849, 0.11485088089370413]"
49886,923.8695680407463,237673.67832944656,"[0.02876907459997574, 0.4772009967423737, 0.4940299286576506]"
11023,311.40101940262304,656715.9839680042,"[0.3568927115075234, 0.18576786895491557, 0.45733941953756124]"
28010,729.8751051212474,226221.3642876316,"[0.5567569870052803, 0.033368427893000534, 0.40987458510171904]"
46389,339.4534374155902,990600.6508336228,"[0.29144386716546905, 0.1760244043860465, 0.5325317284484845]"
4779,74.3846915694404,289884.8319638222,"[0.15831849196983994, 0.6605058611985197, 0.18117564683164028]"
30525,399.1973561056977,895155.3177097762,"[0.19347817747496932, 0.5654534476172046, 0.24106837490782598]"
37564,709.3606613628466,384018.5810721704,"[0.2330025495281436, 0.6120902822666323, 0.1549071682052239]"
37867,180.4404730952405,312599.6321487681,"[0.15008592021922096, 0.026306110533556245, 0.8236079692472228]"
49835,280.4896705279496,727793.6532665257,"[0.6591149231508816, 0.33162524545321465, 0.009259831395903697]"
39597,113.80967614140962,237665.8225274875,"[0.15807861838165352, 0.25414136652579167, 0.5877800150925548]"
37484,11.229014364987208,883866.9471412608,"[0.34045835332641255, 0.3426075273385757, 0.31693411933501175]"
28444,180.1579520790409,729058.4812230072,"[0.140451073471479, 0.03726187305201457, 0.8222870534765063]"
8763,942.874296067366,611460.1602850129,"[0.03250511506807789, 0.5515732579658417, 0.4159216269660802]"
34991,608.8871438460437,770099.8029437666,"[0.13086457792181727, 0.7968311229950651, 0.0723042990831176]"
24646,768.8076157301437,335559.16648259526,"[0.4624781347811557, 0.3814534553084438, 0.1560684099104005]"
41334,131.8678489552812,413198.65828673926,"[0.7844220727408016, 0.13684335980959214, 0.07873456744960633]"
10045,482.3459896515727,610801.8465820347,"[0.49119314455557683, 0.1283359818366155, 0.3804708736078076]"
8018,495.8424967118556,558607.4520159443,"[0.17713081250597015, 0.48254587959300493, 0.3403233079010248]"
11711,689.6471655872047,503366.0775475103,"[0.20334941295577058, 0.014574652433434901, 0.7820759346107946]"
30342,621.3641744756468,279213.9996977481,"[0.4018809951824281, 0.18198607829855923, 0.41613292651901274]"
652,169.0514273801812,921810.1535801768,"[0.4578474884836372, 0.026881262778063138, 0.5152712487382995]"
19911,770.8276425844648,975276.3884333333,"[0.19623468063264624, 0.6188323758831384, 0.18493294348421546]"
44278,189.73269562839212,440891.59171837184,"[0.27086450490508823, 0.08061339116107855, 0.6485221039338332]"
39323,564.9767143404849,511518.7312950861,"[0.06809195287797876, 0.8397017019311142, 0.09220634519090722]"
21090,225.03743209069745,645293.0646278644,"[0.012503291011315419, 0.8935538696992127, 0.0939428392894718]"
39167,691.8076579251407,724705.387873589,"[0.43837110956234254, 0.545885124088836, 0.015743766348821412]"
36356,331.4117516221665,690230.7982680714,"[0.14636877486650368, 0.6177798284757864, 0.23585139665771002]"
29727,640.8200138713333,571781.7514684482,"[0.8484608902858641, 0.14139215703249278, 0.010146952681643121]"
38433,247.45471647778533,187852.7743664035,"[0.0031432730625922324, 0.2850339575192798, 0.7118227694181279]"
22849,286.74631152806745,769525.3637565234,"[0.5030912433108033, 0.1748959929588384, 0.32201276373035814]"
26207,867.0868336797786,911377.2101096696,"[0.024305888435682505, 0.6538336420327897, 0.3218604695315278]"
27543,100.15281593335096,876286.4863939903,"[0.7745523876843617, 0.10234066396606974, 0.12310694834956838]"
15988,597.3328319793245,538153.8715824173,"[0.08390018819097467, 0.8738280733678597, 0.04227173844116558]"
13527,801.3320319828194,993321.4522531964,"[0.3316501759681603, 0.19209637774660424, 0.4762534462852354]"
25513,609.846383258907,706500.2906016994,"[0.11416353458571513, 0.3073686043846794, 0.5784678610296055]"
26973,819.5103837262116,426965.3369898874,"[0.695137096252738, 0.21742691219158086, 0.08743599155568121]"
2068,921.407580750492,926621.9767446392,"[0.16053082405910332, 0.2787671659877326, 0.5607020099531642]"
15054,138.95849700296623,927136.2152899352,"[0.2657546262539888, 0.16673476702296178, 0.5675106067230494]"
23606,272.8070638419119,229184.8026995947,"[0.034808623591100804, 0.02484082588468778, 0.9403505505242113]"
25003,75.61241796775639,236473.99197078208,"[0.030962598994667884, 0.08164766411019686, 0.8873897368951353]"
23303,118.21098191668324,639989.418332581,"[0.01778426661147441, 0.4148462046657919, 0.5673695287227336]"
4399,819.6408387935637,510120.5533971295,"[0.588578234450372, 0.3534111692646158, 0.058010596285012254]"
36230,831.7647395163212,835094.1455369142,"[0.25098930884025644, 0.18838236431498342, 0.56062832684476]"
49346,254.2015774070288,236710.54818237555,"[0.3456108654504396, 0.49398926741210575, 0.16039986713745474]"
34312,332.80464297962266,655498.306447813,"[0.20776329392717433, 0.08846712665687563, 0.70376957941595]"
44065,96.49916584067267,965657.0616425672,"[0.29139358573613516, 0.6126978847881931, 0.09590852947567192]"
18633,365.3439874181217,128397.2706908608,"[0.905673193646296, 0.01777224025069324, 0.07655456610301091]"
48980,502.8113826021946,524635.149317443,"[0.012553579627055769, 0.1478946888778746, 0.8395517314950697]"
48715,574.7633189553501,229260.16629000503,"[0.0009774124787300254, 0.8133006652090755, 0.18572192231219453]"
6221,117.52825239664382,137056.71854261938,"[0.19032827422571869, 0.12994336293451822, 0.679728362839763]"
29063,192.00427477244344,618438.0002385192,"[0.18115867265785637, 0.7759156551471853, 0.04292567219495817]"
21833,949.6669238621224,196016.3455661065,"[0.7406214884785998, 0.0920073475271671, 0.1673711639942332]"
3676,297.36429672050554,446957.74279600393,"[0.12915145051154908, 0.09791832285279224, 0.7729302266356587]"
26860,96.76175570279248,586239.555700054,"[0.5878747263306645, 0.33251981999311253, 0.07960545367622289]"
3237,152.25633154119572,152660.91157137253,"[0.37725456172226063, 0.3259989644497475, 0.29674647382799196]"
36882,814.2015650166321,450997.4462981754,"[0.1775982253108728, 0.8175374557606485, 0.00486431892847869]"
35654,870.7166293793448,740010.1993366617,"[0.2236429583046051, 0.30833410306183406, 0.46802293863356076]"
10294,639.6683701070434,816531.9545458836,"[0.11782289834634108, 0.03877946652926077, 0.8433976351243982]"
1352,45.72059704919936,839003.8198906231,"[0.7086925493634348, 0.24867250026531681, 0.04263495037124842]"
7618,259.87885881315594,939429.0867991856,"[0.3139112078235388, 0.6686241011202617, 0.017464691056199425]"
33733,843.517592518548,889264.543864377,"[0.596450819521973, 0.2967358260338069, 0.10681335444422009]"
9786,827.3479670717585,918099.104910647,"[0.026982319309502522, 0.5282571081717488, 0.44476057251874873]"
12222,100.16222851324208,898441.9878040638,"[0.014360398593276553, 0.6035847420110293, 0.3820548593956941]"
43096,136.57787994104098,153928.488628808,"[0.45301684259201247, 0.192467379303366, 0.3545157781046216]"
5691,656.6758462395795,790371.9879372617,"[0.1769127020306952, 0.2710226223293415, 0.5520646756399634]"
2642,498.502965689264,655880.4498143585,"[0.07914115925614734, 0.787591917931179, 0.13326692281267385]"
18686,292.2710297281462,989757.9662150608,"[0.23576669667931344, 0.408552135753027, 0.3556811675676595]"
44651,508.56211283115226,159742.18445519192,"[0.43153788907921004, 0.29043236998496946, 0.27802974093582067]"
27177,86.25574998595276,153119.51682336608,"[0.09176929366597197, 0.13343231953757367, 0.7747983867964543]"
18769,293.1587131958014,844672.7679544301,"[0.0009677058510833067, 0.28132487807254847, 0.7177074160763683]"
41348,422.6667545460845,251489.0434985633,"[0.10242507460784536, 0.4936406691240507, 0.403934256268104]"
30030,527.4726042793626,501698.7978583665,"[0.4446540650783778, 0.5523784493570603, 0.002967485564561816]"
9731,636.051115409595,104484.099243523,"[0.33006390845541617, 0.6180673265114278, 0.05186876503315597]"
14036,772.2255262685928,901335.39222396,"[0.6012421877584256, 0.2697653982563907, 0.1289924139851837]"
1835,481.8113731958478,819930.8448273415,"[0.4415013080166981, 0.22555440232068788, 0.33294428966261397]"
19283,691.0186130801114,273419.40141289093,"[0.3363606062703797, 0.3140820348877999, 0.3495573588418204]"
41235,254.2846027611396,985814.830234466,"[0.34977898989333556, 0.5636184514146376, 0.08660255869202678]"
37239,575.3886143665533,372491.28708900814,"[0.060280848165853294, 0.23831357825462365, 0.701405573579523]"
7001,860.9801121398846,583808.387304453,"[0.14196559066379003, 0.04049210465706578, 0.8175423046791442]"
18578,681.4294002921239,974481.1112577708,"[0.28686097225281354, 0.1331939222697995, 0.579945105477387]"
15511,113.80809034607962,145288.0751181763,"[0.05861749905788979, 0.23462185613627118, 0.7067606448058389]"
35361,817.0752781658817,698009.0870737227,"[0.07788926025189216, 0.5285485236336649, 0.39356221611444286]"
28910,944.8248351047134,717011.7083680625,"[0.04879963627090062, 0.3529397123524959, 0.5982606513766036]"
6149,180.47595481519969,288784.4300812304,"[0.016941971142472523, 0.06170235321440362, 0.9213556756431238]"
27277,90.60996407200858,508381.5191961709,"[0.19718590386936374, 0.6548028581421281, 0.14801123798850824]"
42238,859.9286766515364,887326.2883199762,"[0.5155694472064825, 0.3862456993325566, 0.09818485346096102]"
29315,106.93587540857806,489458.0793676707,"[0.30606261528235174, 0.3443817229116103, 0.34955566180603803]"
8537,235.6215949933608,981942.0623674212,"[0.6489725050330206, 0.1487544637294948, 0.20227303123748458]"
46140,418.635069761344,869235.7740382564,"[0.6363541404762051, 0.06809136509710796, 0.2955544944266869]"
44050,818.4521404880498,168028.807995053,"[0.83521510491074, 0.012909805895609867, 0.15187508919364998]"
35016,468.7854133434693,321536.2718924792,"[0.3043780042915033, 0.2813032916895732, 0.4143187040189236]"
32154,568.1186446460979,113944.23194718618,"[0.42949388795298277, 0.5562847097843099, 0.014221402262707305]"
32365,582.7433556461723,718127.3551784748,"[0.10926096870953224, 0.7992788213498749, 0.09146020994059281]"
4838,612.7699615800898,626418.2819685383,"[0.44895860179024927, 0.5409437290144552, 0.010097669195295571]"
29955,708.6276830873749,891664.4489105761,"[0.34873618529593237, 0.15025125879097748, 0.5010125559130901]"
15997,523.9721570940364,603454.7719965298,"[0.7325669187838795, 0.24766616639479458, 0.01976691482132601]"
11811,170.5040154722139,396079.6974546104,"[0.09482016575236686, 0.13720874690866383, 0.7679710873389693]"
574,911.1270540780775,344657.47591622977,"[0.0369047208702243, 0.8550794571836541, 0.10801582194612175]"
32917,938.0819145601912,572877.4992696731,"[0.4547525143399173, 0.4219820347454752, 0.1232654509146074]"
46401,865.3998863032597,568238.4765866054,"[0.6220420421310922, 0.24389294354886992, 0.13406501432003792]"
39887,234.6236783529948,886189.5806958689,"[0.3710293121061934, 0.025765500544163572, 0.6032051873496431]"
5200,564.3350275437824,354285.1166029131,"[0.025976310376685074, 0.31013657459697797, 0.6638871150263369]"
35588,102.74014946218352,758037.5953149394,"[0.04143760806607188, 0.5740402662492575, 0.38452212568467076]"
46288,872.8959669188669,559888.7865174687,"[0.38980119548562203, 0.025162921738708426, 0.5850358827756695]"
23912,196.42416101548275,966337.3836812184,"[0.4358173166883009, 0.3527975664113432, 0.21138511690035583]"
4929,44.3563690662093,867455.5101967164,"[0.25572402908051395, 0.6068527738222251, 0.13742319709726095]"
42127,109.9978528738448,497038.4478544129,"[0.11672997167297533, 0.44975822733701226, 0.43351180099001246]"
22899,783.4804390345635,993602.213554628,"[0.19386439775816547, 0.1803582161067224, 0.6257773861351121]"
24913,693.5093676301384,838732.251540674,"[0.20564062887940907, 0.5271315488325071, 0.26722782228808384]"
19160,926.544828267236,213162.3180552312,"[0.8470973347965556, 0.03384905606349073, 0.11905360913995387]"
25406,699.8736263701479,764167.4927873224,"[0.6083468980324261, 0.33081258734402236, 0.0608405146235516]"
4502,259.55286061282726,617428.16835162,"[0.1691626235300931, 0.38946740444102973, 0.44136997202887723]"
32834,584.7033897498393,613876.5117148578,"[0.10774381184529747, 0.6112541455780768, 0.28100204257662564]"
16845,48.35485669115798,748801.3924078278,"[0.15049488474268008, 0.8340355789547189, 0.015469536302600994]"
5307,805.4247636023442,256974.8222819939,"[0.21555435536587242, 0.30578040204764195, 0.4786652425864855]"
5243,972.0693789700592,777258.3730453183,"[0.5917770265895685, 0.29411633271593396, 0.11410664069449754]"
1969,255.09610285671292,905014.6280803774,"[0.2684934279800679, 0.21060661259241306, 0.520899959427519]"
13096,417.1509894216061,825001.7365280006,"[0.41434018286211943, 0.47287046003366445, 0.11278935710421616]"
30662,581.7173186835458,166374.48982399804,"[0.13105005345997645, 0.8556975782942456, 0.013252368245777937]"
35820,699.2863542431259,628838.5764334542,"[0.1995463949484542, 0.09332211020072137, 0.7071314948508244]"
14245,861.5160771839485,948647.1893589532,"[0.24825947621477373, 0.22342310719183503, 0.5283174165933912]"
47627,563.1904515643974,322261.5723263549,"[0.32091613328241236, 0.3193447376722237, 0.359739129045364]"
27046,576.3551682610363,225215.06585936184,"[0.26117777348499616, 0.17595062472434406, 0.5628716017906598]"
33081,910.3603962631632,197952.71684546865,"[0.08528034890213143, 0.5517335460053902, 0.3629861050924784]"
10053,987.2806789493386,673408.8454955143,"[0.059988132000153294, 0.13370654570019816, 0.8063053222996486]"
31372,958.184503528784,340784.5421097051,"[0.3237509214873006, 0.5630441055241538, 0.11320497298854568]"
26949,211.794997906156,412287.9730864867,"[0.5234404252475243, 0.06120955738191615, 0.4153500173705596]"
35296,856.2481029812635,741973.5226449289,"[0.2164670600885453, 0.6915256187756459, 0.09200732113580884]"
20052,953.80162844161,448025.53066753753,"[0.4033789099960286, 0.4821344215895781, 0.11448666841439332]"
47728,274.1510177837651,636488.391884813,"[0.8834667794718354, 0.029590425937561685, 0.08694279459060288]"
42166,85.62012395485267,311217.80242266384,"[0.00913173779872394, 0.30218761664814786, 0.6886806455531281]"
34144,104.6455432749308,975479.2570295545,"[0.3973904433762885, 0.30852393276550727, 0.29408562385820436]"
36038,121.1175958986201,359845.19479807065,"[0.17844126864425752, 0.37695703550192394, 0.4446016958538186]"
35471,230.699054316344,903423.5119868576,"[0.4083071252059686, 0.11815670131502574, 0.4735361734790056]"
38982,20.72209668637567,822075.7765002993,"[0.1949655003694773, 0.6873358586681988, 0.11769864096232385]"
41384,967.9894057252716,478827.8460076459,"[0.09133074095737267, 0.5875414821776652, 0.3211277768649621]"
31538,156.6775882818329,161336.07968649274,"[0.21409802973697029, 0.31009421280154775, 0.475807757461482]"
18443,988.836069553318,480922.3180895546,"[0.5521929562741212, 0.43486971536736985, 0.012937328358508964]"
16289,911.9270101921202,232172.1164245128,"[0.3645906919463179, 0.5861190982375223, 0.04929020981615993]"
18517,955.9980202724804,350991.93845933594,"[0.44582140758314753, 0.1421863859633798, 0.41199220645347273]"
41420,177.77052360101084,559602.2068259323,"[0.032818074966462794, 0.029555717262859372, 0.9376262077706778]"
1329,399.9945906014533,175564.54089985293,"[0.08394960500387985, 0.5597032421861968, 0.3563471528099234]"
15724,794.5990080871297,247626.042719801,"[0.10604189972346027, 0.6406112195386826, 0.25334688073785716]"
31342,276.56105877832243,341549.0054645585,"[0.34597961520101034, 0.487603159558304, 0.16641722524068572]"
506,90.27377131429914,926256.7483056756,"[0.24975380738096076, 0.6104623758734198, 0.1397838167456196]"
29223,117.29110502584336,478116.36530338303,"[0.39794516525337015, 0.0025968589208489384, 0.5994579758257809]"
5067,161.46514825655848,226757.014029036,"[0.3541215192462627, 0.01147596085121742, 0.6344025199025198]"
38410,120.75183608283098,895853.6746206292,"[0.30927750520006736, 0.37570904203066297, 0.3150134527692697]"
18501,970.9582219793982,303775.4172925288,"[0.15842792946463088, 0.7709277665925294, 0.07064430394283977]"
10938,753.1786493123066,624834.1679717317,"[0.3529482472392857, 0.291197611501248, 0.3558541412594662]"
12302,182.94679303444607,790026.9462674772,"[0.3939206075414983, 0.09796262438185446, 0.5081167680766473]"
31687,140.55091083610645,710940.9901936513,"[0.6775143057479333, 0.15681559624547137, 0.16567009800659546]"
41734,952.5891045389176,433772.3832816061,"[0.687967794374747, 0.09049662974653688, 0.22153557587871608]"
5626,368.33078190762257,546411.8753317225,"[0.8513902409744937, 0.12095889235706248, 0.02765086666844397]"
6467,121.08380559225564,204286.0695213713,"[0.14322659236626453, 0.26844202441729414, 0.5883313832164414]"
44653,389.01372455781,129120.0905006369,"[0.39466881592073333, 0.16286413475953226, 0.44246704931973446]"
14639,867.5921898142728,417309.1096467106,"[0.32520167167286324, 0.34828397661925625, 0.32651435170788057]"
14727,746.5025978161791,658919.5934414783,"[0.6873458673967944, 0.251084272643993, 0.06156985995921266]"
36361,671.0307011080196,183057.13481931863,"[0.517827543873917, 0.21247518190585535, 0.2696972742202276]"
23518,274.2698902384558,872548.8203371074,"[0.44784275195115125, 0.15824621071372505, 0.3939110373351236]"
34137,592.6190433963397,298201.384271482,"[0.5382360296230729, 0.3226915825133938, 0.13907238786353315]"
25682,146.4618285850291,676090.3509622132,"[0.25202845287967446, 0.6596381605264156, 0.08833338659391014]"
42437,401.69509462344377,421783.2177393599,"[0.07105798187587532, 0.9249634863120664, 0.003978531812058311]"
49937,798.235588966644,295714.0652560011,"[0.41867980920126047, 0.1463972732448244, 0.43492291755391516]"
10517,13.222996352092505,863517.968086705,"[0.39272744036257423, 0.35099779689808264, 0.2562747627393431]"
44021,606.1698533453088,346121.06623927585,"[0.37667281937980884, 0.08662131487810906, 0.5367058657420821]"
10511,683.9087487475483,863132.1967384435,"[0.17987281214001652, 0.582663570963019, 0.23746361689696444]"
23290,718.6758839748736,479775.0341484829,"[0.17847725716679821, 0.7034551117337442, 0.11806763109945763]"
29656,147.26093719386523,193019.4837989793,"[0.9738413961579315, 0.0026880565597078186, 0.023470547282360574]"
1849,877.5890949507861,168490.4428502736,"[0.21611218821374506, 0.6905545764004785, 0.09333323538577651]"
6667,401.8582836793792,671733.1613737345,"[0.01568404502749258, 0.8089181563133487, 0.1753977986591586]"
42337,977.838884067908,564019.6356334641,"[0.9001310885699385, 0.0803319186605804, 0.019536992769481072]"
5976,629.5229920563253,810516.5034771498,"[0.4370301168256021, 0.2523693949549092, 0.3106004882194888]"
3874,955.3866314590148,701540.4947438382,"[0.1427191595678497, 0.36324306609956375, 0.49403777433258644]"
22190,768.9568730579247,711566.5768966901,"[0.2946096225617039, 0.2468225359340279, 0.45856784150426827]"
29426,268.2706040432776,498288.71651426656,"[0.494688370174084, 0.05912120438016642, 0.44619042544574966]"
5133,737.2115756765209,539608.5628959727,"[0.028942853611727028, 0.6922689973538653, 0.2787881490344078]"
13264,124.93903337332152,114389.56895449916,"[0.27335259569183096, 0.5098297620675972, 0.2168176422405717]"
13407,341.9046686181006,930970.798891384,"[0.04299213945134226, 0.050575597605132055, 0.9064322629435256]"
3301,600.1760896656939,807483.677533136,"[0.06329705346980127, 0.13725514820297646, 0.7994477983272223]"
25369,412.5066203084628,577361.1126406668,"[0.871311363010601, 0.10953408080411434, 0.019154556185284728]"
18781,22.387767424693536,259755.2451967638,"[0.45093491557186977, 0.25487034651554075, 0.29419473791258943]"
15496,971.1672842526784,957616.385622802,"[0.011528213168023669, 0.9537671838627192, 0.0347046029692572]"
27021,697.9650100175459,633611.4713975328,"[0.11832374090241927, 0.4908263310677433, 0.3908499280298375]"
38413,331.6570760156493,225447.06931733905,"[0.5577017129236577, 0.2848192341011719, 0.15747905297517048]"
22681,727.5101710567027,373872.1415566437,"[0.598967554279392, 0.29485131448311164, 0.10618113123749626]"
43344,314.8616076118766,682585.0615940761,"[0.3853118545975427, 0.17610270051964472, 0.43858544488281265]"
21679,483.0148555953123,407021.1643650493,"[0.5681850283841924, 0.17631361654067385, 0.25550135507513383]"
38224,439.2480793797167,239824.5125028553,"[0.20561656539061218, 0.5182380066530407, 0.27614542795634706]"
11583,49.22615086707685,871944.4927540444,"[0.1054337863483613, 0.8082271581991478, 0.0863390554524908]"
31052,717.1805802273648,887275.3361986354,"[0.1935077330898229, 0.033344384062760364, 0.7731478828474168]"
24572,206.3292798769101,819060.3970800726,"[0.3292622817535595, 0.32560837945889376, 0.34512933878754687]"
47317,864.0264498303711,158567.32271566938,"[0.5309253140980214, 0.21701632894368877, 0.25205835695828993]"
32000,416.72029254740056,979260.5714409744,"[0.71056037624507, 0.16672750174532353, 0.1227121220096064]"
46599,913.6390727327084,773986.8360949324,"[0.926657942205101, 0.03795997193378559, 0.035382085861113334]"
19881,792.8427509262161,366320.7021201569,"[0.0037093353203756815, 0.030352400558426078, 0.9659382641211983]"
13793,643.407764251816,241789.37997666807,"[0.42407324133079893, 0.14565471238515562, 0.4302720462840454]"
26359,208.78777791682293,291448.0836735505,"[0.08995561925185391, 0.6585986688456259, 0.2514457119025202]"
37542,821.9014067492982,772527.7424992896,"[0.3477476911634951, 0.6458283984134816, 0.006423910423023318]"
1154,627.8995335994887,273099.6259196246,"[0.0707534488495677, 0.6105278044074723, 0.31871874674295986]"
16629,533.3802952290346,978337.5656818524,"[0.33538982489954816, 0.11887162603545634, 0.5457385490649954]"
43160,402.5621659529092,919616.521885744,"[0.06567558576853984, 0.9314354178039023, 0.002888996427557781]"
6766,200.3844656085622,165829.9394527583,"[0.1416921950692215, 0.07947913841095515, 0.7788286665198232]"
42811,343.66852495606093,681290.0839315029,"[0.39971608462323577, 0.028692662014755885, 0.5715912533620084]"
15874,548.5047735844124,991648.0383000104,"[0.5802421622724196, 0.3468664045016108, 0.07289143322596964]"
32441,595.7572809078385,922154.0904784844,"[0.36541495977631777, 0.2662623262281944, 0.368322713995488]"
48789,48.60017792632402,421339.6518323752,"[0.15343674130242047, 0.056749344819694555, 0.7898139138778849]"
30190,140.35629046288395,647159.6685840386,"[0.182851449993206, 0.7762653608703428, 0.04088318913645133]"
20623,431.1339786270246,645693.9727791979,"[0.0019096765450544245, 0.7975249403172507, 0.20056538313769487]"
39591,792.7202380868849,986405.9094484831,"[0.5492509485130702, 0.1485813909234628, 0.3021676605634669]"
26607,727.7869554824731,216797.3797290512,"[0.2441825846084131, 0.4720957521504378, 0.2837216632411492]"
431,572.7383551747502,745395.6036054563,"[0.16193546568324485, 0.6140275661612884, 0.22403696815546661]"
33811,670.1206185974897,483012.214561868,"[0.7437696626502103, 0.19864237433552037, 0.05758796301426943]"
45953,797.8538335728845,155057.36819913975,"[0.020952894723477028, 0.33400423832427506, 0.6450428669522479]"
3189,629.3585280165777,921558.5696041776,"[0.005023335961958383, 0.9885060322100929, 0.0064706318279486065]"
9359,797.5686592609958,179564.76653145038,"[0.3467456418293524, 0.19620536494660018, 0.45704899322404763]"
4318,937.2500008460172,714059.523336981,"[0.7273512234741064, 0.1066897185263411, 0.16595905799955257]"
30350,798.8716489986891,255373.6810039332,"[0.16868898518475453, 0.45304980468120326, 0.37826121013404224]"
29102,916.3343432825244,494611.3096519706,"[0.29268948872842376, 0.27789607889108875, 0.4294144323804873]"
14660,66.44186034977693,189479.3625540865,"[0.5520719996436027, 0.08443069184050331, 0.36349730851589407]"
5965,266.6451323884406,518280.4376325376,"[0.2274805445317664, 0.3378955740365291, 0.43462388143170466]"
17373,104.51306757767036,274641.75882354425,"[0.26905309477295336, 0.5776164274296257, 0.153330477797421]"
45090,969.305871702554,602494.2793111359,"[0.4626484464708014, 0.06846547666619499, 0.4688860768630037]"
38373,992.5814233229158,464299.8043487024,"[0.44921065177125985, 0.5150906531243904, 0.03569869510434972]"
41782,956.5559829646136,250692.4486809135,"[0.48449633990671265, 0.481510501735044, 0.033993158358243465]"
33740,530.993356007756,696899.5666783473,"[0.5748276572604584, 0.13243933640778083, 0.2927330063317608]"
19236,710.4847463911225,435284.5636050215,"[0.39302965996116246, 0.473070994843014, 0.13389934519582353]"
28008,127.70233160342995,254128.39918189132,"[0.36555404909819883, 0.13928186225115338, 0.49516408865064776]"
19371,479.79760075996217,990641.9350864335,"[0.538515241488391, 0.14748234181619985, 0.3140024166954091]"
47488,150.13132601863967,565144.5913931924,"[0.6607643431289674, 0.2319855682659102, 0.1072500886051223]"
25469,943.269338958308,989643.6184690353,"[0.06126283771084074, 0.7278492876655955, 0.21088787462356376]"
49829,854.3928824477356,118424.18940325949,"[0.4320899697826106, 0.12412520165377912, 0.4437848285636103]"
34695,631.2327374542065,163131.7524943994,"[0.8147549976456795, 0.042952974559503934, 0.14229202779481637]"
26497,448.4875414351874,672310.9547740516,"[0.11413497070396836, 0.4623852312442009, 0.4234797980518308]"
1769,910.7287180427955,758581.268653723,"[0.04934558589423849, 0.6015572783043057, 0.3490971358014558]"
33072,487.74184513298826,704938.1830912009,"[0.28118536241420067, 0.02788265641812571, 0.6909319811676735]"
30924,591.0219614004462,131905.31312849262,"[0.01780946372517093, 0.7427464913334596, 0.23944404494136945]"
13639,834.6702775528775,689108.5271938258,"[0.638459484331648, 0.29022858447013816, 0.07131193119821379]"
15422,643.5255635509614,414133.8254205669,"[0.05438417220044727, 0.09079790708898575, 0.8548179207105671]"
26495,428.6154502477433,983574.649832834,"[0.7868528131231168, 0.10615266583504743, 0.1069945210418357]"
564,533.1039173764302,903093.9029961252,"[0.49842648558990305, 0.329229454189799, 0.1723440602202979]"
1035,324.78158707392146,106025.40176331512,"[0.6038745015193938, 0.22034616856305622, 0.17577932991755]"
43742,193.55957946530083,718854.047180209,"[0.3155886333560281, 0.6128374808127124, 0.07157388583125945]"
18479,644.243821858864,938448.0483192264,"[0.7216485206337208, 0.013185178845068599, 0.26516630052121076]"
14904,751.8700056914796,612051.8243045015,"[0.19306216517106486, 0.15068364397889633, 0.6562541908500389]"
47664,307.0326026326897,398578.5677675885,"[0.2858801346549157, 0.2502375287550665, 0.463882336590018]"
42424,364.5408093523629,570380.0030065277,"[0.5170417816208374, 0.43066693377626675, 0.052291284602895734]"
33880,58.606423849297,658381.9311492628,"[0.7517192228697396, 0.009404511699506991, 0.23887626543075327]"
43896,499.72458378168574,659289.7629605918,"[0.19821754357726404, 0.10879602643343322, 0.6929864299893027]"
19271,794.4751759937037,367424.25285079953,"[0.5979153254749593, 0.2257677900976227, 0.17631688442741797]"
17249,621.3413812525499,783527.4792688411,"[0.22379687232134757, 0.0616953995311385, 0.7145077281475138]"
22230,495.3990367901599,253086.85366393693,"[0.3351757354973189, 0.070637615140563, 0.594186649362118]"
4324,158.98307233289432,610288.9415767924,"[0.35291777417681025, 0.44098112394914774, 0.206101101874042]"
12995,607.433505537054,219126.69846888148,"[0.1464987135970952, 0.4237431325755977, 0.42975815382730703]"
11117,186.34420748275463,900204.9351194379,"[0.4978970236039485, 0.06226677545013136, 0.43983620094592]"
173,847.5868700174983,818286.1726041574,"[0.7121649497301245, 0.016617187396221558, 0.27121786287365396]"
19519,41.72839987109008,691448.779077717,"[0.0227980850247147, 0.010040377590624741, 0.9671615373846605]"
30203,514.4272834879791,141770.27349433635,"[0.3455862429241549, 0.28198560965423114, 0.37242814742161395]"
12772,856.8241374418322,642095.7490749127,"[0.0436190629770418, 0.9097047616840249, 0.046676175338933146]"
29557,964.036430764229,989790.9097296582,"[0.0027473671479043295, 0.9935629946019704, 0.003689638250125311]"
38966,869.1910606872672,832195.4137540915,"[0.6289838555483871, 0.33263749638592377, 0.03837864806568906]"
25768,619.5808094861193,809492.0567979512,"[0.01389537110465812, 0.8637143862397484, 0.12239024265559341]"
9300,19.011013785966696,809247.9376457193,"[0.5824775112747488, 0.19279506312717312, 0.2247274255980781]"
23092,622.3022322077605,354264.40124358376,"[0.026534310001393727, 0.443470779847135, 0.5299949101514714]"
8573,750.2732533066691,420953.1506741413,"[0.23669707012928246, 0.44842345024927294, 0.31487947962144475]"
43778,500.8267872918488,761340.4015744312,"[0.5699152682279303, 0.06337012820794173, 0.366714603564128]"
24566,374.4059864699279,539822.0434342416,"[0.8084697288746573, 0.13042383265043364, 0.06110643847490903]"
35178,346.2322266804636,877249.4998018435,"[0.03142285087565053, 0.10017667316763819, 0.8684004759567112]"
43803,888.3294225390028,268373.9709646732,"[0.318205972912987, 0.4380931713526193, 0.24370085573439385]"
20871,80.71302199263523,133939.82713880486,"[0.11071672323166645, 0.848311259652635, 0.04097201711569842]"
2296,339.11013528715023,338191.4237985694,"[0.1794052548306852, 0.19416100273767564, 0.6264337424316392]"
22615,402.9980081037258,648843.5851619955,"[0.8967194657985361, 0.006668293424639324, 0.09661224077682458]"
38985,747.5442299089942,871432.7211013304,"[0.7237060030760053, 0.06712340173162235, 0.20917059519237227]"
17965,727.7129548600583,104624.22104367358,"[0.032774977660332175, 0.3145096051086015, 0.6527154172310662]"
8144,430.26319196417614,556955.6283072566,"[0.356865781689489, 0.5105169940055667, 0.13261722430494435]"
4649,638.6034602674197,748793.3554991438,"[0.5779536739343407, 0.23276091160580256, 0.18928541445985678]"
40869,706.4045792605141,619508.335317673,"[0.24332562729716362, 0.08263366763591552, 0.6740407050669208]"
10110,952.743172090403,832452.8545290307,"[0.6778138447727599, 0.30064354830787743, 0.02154260691936281]"
18184,373.9349179204416,447826.71114370873,"[0.01710548899975732, 0.19576553084958612, 0.7871289801506565]"
25997,663.7531948187082,426352.7391175596,"[0.08787879671145093, 0.2508562217117418, 0.6612649815768072]"
26795,379.29869638495217,992368.2438957044,"[0.0347320015925, 0.7344877709273929, 0.230780227480107]"
29873,884.9636577695367,180889.5533077156,"[0.5084385287405201, 0.4416781430842577, 0.04988332817522217]"
14430,989.331559776068,126431.73915741609,"[0.057219066220722974, 0.21947627578814644, 0.7233046579911308]"
32107,692.03534028017,732795.6293264834,"[0.8624535304586157, 0.02132178485623969, 0.11622468468514456]"
25028,517.5520625826093,624212.7162078893,"[0.6456137665337562, 0.33380287973813794, 0.02058335372810577]"
42518,209.23499926453343,312168.5148256543,"[0.29090569979168934, 0.35279569529620103, 0.35629860491210963]"
17104,47.24107559951545,737251.5054941409,"[0.2817984311394155, 0.05516977190775622, 0.6630317969528282]"
19889,95.87092555804406,433944.3888678453,"[0.24541713559237208, 0.16073875179247524, 0.5938441126151528]"
16975,288.7542499875477,464058.6694598268,"[0.1492236728212054, 0.26149178426469305, 0.5892845429141016]"
30967,444.53869386208544,321271.47594951134,"[0.32398299396377395, 0.37040502470821074, 0.3056119813280153]"
23238,654.373262243088,473774.21505205217,"[0.12722324243077854, 0.5314603135892052, 0.34131644398001626]"
42570,794.4670736256338,262569.65654425585,"[0.6078938219829657, 0.14536248817818873, 0.24674368983884556]"
16373,529.781843427657,922345.4785092575,"[0.03931556401356017, 0.09652123511522873, 0.8641632008712112]"
36245,889.0915900638715,562733.0549625335,"[0.16454358042630704, 0.8121184224170305, 0.023337997156662422]"
2637,437.412704867097,532188.2742950753,"[0.09692061251386164, 0.8674565298069035, 0.035622857679234905]"
3984,514.490330129113,566372.914480049,"[0.5677217468513356, 0.3791740400107896, 0.053104213137874924]"
46463,792.1360929867808,683948.5151465432,"[0.2640219797558403, 0.5570781507947083, 0.1788998694494514]"
8921,762.372149715391,116788.86630887073,"[0.24206717754993695, 0.7197034687862907, 0.03822935366377231]"
1826,377.0200781156087,826135.4362326214,"[0.2318442882883401, 0.5728931894218988, 0.1952625222897612]"
47599,731.4090916385412,871559.5742307849,"[0.2249423748251441, 0.09744908114842175, 0.6776085440264342]"
15155,761.5748807136895,574865.1514045091,"[0.6129410841121665, 0.012936529285572256, 0.3741223866022613]"
6746,541.9388430458622,381775.3976493715,"[0.47915759849669487, 0.3855814544029401, 0.13526094710036501]"
9984,782.911402892879,514514.0707786976,"[0.02791590672826855, 0.4797443397261602, 0.4923397535455712]"
25550,887.1054633977636,595091.6183157403,"[0.19117311134800835, 0.35308247493248573, 0.4557444137195059]"
8655,900.233867267608,900737.5579719064,"[0.38242159690642413, 0.5776418092822275, 0.03993659381134816]"
38304,833.1678728942485,552141.20667673,"[0.33821185340346316, 0.3619117274954507, 0.29987641910108626]"
26403,222.187568901718,138450.23398350787,"[0.6530922034537062, 0.20089716281447353, 0.14601063373182036]"
37066,813.5600173614343,666246.6498769439,"[0.046886270217991854, 0.1794282236835096, 0.7736855060984986]"
40671,139.58348501786924,458489.4157471348,"[0.5392594712630917, 0.07951451083478757, 0.38122601790212085]"
38672,169.52970279541927,556363.3263012378,"[0.1742966732997086, 0.4763096428188826, 0.3493936838814087]"
15568,767.3508176796128,504905.9628453203,"[0.11909210815816246, 0.423684295997951, 0.45722359584388655]"
21091,265.26370643958103,470738.4841993437,"[0.4379040141979655, 0.3782381573202605, 0.18385782848177407]"
28253,707.3533856724434,358280.1705570232,"[0.2936610613400751, 0.44319639420383067, 0.26314254445609414]"
31882,982.6267354336226,975391.2565487152,"[0.3327145315276441, 0.4590405603924538, 0.2082449080799022]"
18744,368.1493981306755,272832.3285814412,"[0.11294859853654553, 0.45305617282365696, 0.4339952286397974]"
5241,278.887333223756,364622.148418107,"[0.3662850673288507, 0.49095952134160675, 0.14275541132954261]"
5892,232.2268982426348,465323.0982221832,"[0.7433906266943358, 0.18697657714216756, 0.06963279616349678]"
31475,275.5766494323521,344280.0772004012,"[0.1591839356424099, 0.7273908065518492, 0.11342525780574106]"
3936,647.8850541807772,957384.0801139476,"[0.4716631098162202, 0.12065651278747234, 0.40768037739630736]"
26237,996.846141773974,742539.8752603886,"[0.04850453617232706, 0.5492931002230834, 0.4022023636045894]"
49378,182.18478025803844,652661.325385966,"[0.45784588438170687, 0.06248255880698723, 0.47967155681130585]"
8276,838.9722926869218,291036.31638384983,"[0.16199960960696116, 0.7907700009595815, 0.0472303894334573]"
19378,351.16651134403844,366085.104150005,"[0.1309877622386377, 0.29051267683462456, 0.5784995609267378]"
44076,299.08825623287703,228192.7261465756,"[0.5255791672987977, 0.4629539580042699, 0.011466874696932448]"
42825,684.7654914930853,790734.7268483224,"[0.08178643439571458, 0.8588208981416197, 0.05939266746266578]"
18076,478.574393950043,198987.3344378081,"[0.35342070305192325, 0.18045729900118498, 0.46612199794689174]"
21577,306.9824761573028,110062.3833923921,"[0.6092316667240015, 0.03185409752711555, 0.358914235748883]"
20792,926.3314376005384,280888.97624963673,"[0.33726792876257017, 0.43239508480034383, 0.23033698643708597]"
27594,424.9993883302293,582255.8202358778,"[0.41472075762619054, 0.09957342367420421, 0.4857058186996053]"
43666,553.8067450182527,687727.5437134411,"[0.5876577391359338, 0.38985907636180483, 0.02248318450226129]"
2445,246.5462862381183,989393.0381905838,"[0.684319334729942, 0.05141348485910447, 0.26426718041095343]"
6507,355.622850411974,206639.14580562644,"[0.10723172462448806, 0.7051127483264156, 0.1876555270490964]"
49185,761.0725094774288,227817.8274390408,"[0.03439289126809603, 0.24344088267873595, 0.722166226053168]"
29497,849.8799682979732,630426.4369442426,"[0.19541354234123115, 0.24148684193207762, 0.5630996157266913]"
11385,227.49604940698973,698217.5518732623,"[0.5090143646024355, 0.2378034785771257, 0.25318215682043876]"
2825,113.53037718698046,435757.92014788697,"[0.748686612481381, 0.15861248917741916, 0.09270089834119985]"
34944,427.0021172262232,459779.4648198556,"[0.59478000960978, 0.30665883266869826, 0.09856115772152174]"
45579,135.92054626868122,185179.1998961749,"[0.10539206441016595, 0.6958106709514923, 0.19879726463834185]"
11500,761.0912261041501,355250.6027447987,"[0.2081280134739555, 0.4311996724167081, 0.3606723141093365]"
1371,569.4418480660776,627540.0653114169,"[0.14812972371549343, 0.5748664341475651, 0.27700384213694135]"
22163,60.72575100596158,183558.57813520124,"[0.22630666498648774, 0.4463111626065153, 0.32738217240699696]"
12070,325.6453194014864,178754.50757390086,"[0.12585749560132034, 0.5222077084287747, 0.35193479596990485]"
38743,11.102099572233753,666528.6756342173,"[0.6330085985241761, 0.1549540971836026, 0.21203730429222137]"
24560,32.12047180635712,636502.2180786578,"[0.7028131886385077, 0.17656548111689216, 0.12062133024460013]"
41068,101.96418894674466,964313.11473389,"[0.1287172873851018, 0.13653451888323115, 0.734748193731667]"
32734,874.2025591837736,313176.9216977464,"[0.7703023113644331, 0.06271715354251106, 0.16698053509305577]"
20463,357.926502420196,466461.0670991834,"[0.12286345325214039, 0.09237933654924596, 0.7847572101986137]"
15137,640.6487732407064,676651.4176099928,"[0.140089776035944, 0.32669004134280394, 0.5332201826212519]"
41712,599.6899057759653,979240.0928256788,"[0.17930140865081792, 0.05872051519203159, 0.7619780761571505]"
46337,181.8519748710144,693836.1782555874,"[0.14603380889773496, 0.589098242471594, 0.26486794863067087]"
47158,762.6597365115982,596016.8026995794,"[0.4853208377857315, 0.13486748278645339, 0.37981167942781513]"
49995,372.06032999789727,157407.836987109,"[0.7282083255355456, 0.13281673299923388, 0.13897494146522055]"
29185,663.3600241894961,429932.7869430924,"[0.1026664344229099, 0.02710018010214131, 0.8702333854749488]"
37299,749.5800774107197,811396.0740807386,"[0.5019778109672562, 0.2607126654992993, 0.23730952353344462]"
21885,273.9085539196643,526764.2150490396,"[0.33658013660380853, 0.5965907952986632, 0.06682906809752824]"
11605,609.3165815462693,417475.3843789811,"[0.5059228233900511, 0.10544853815080342, 0.38862863845914547]"
19569,31.90765239726615,180609.9708228876,"[0.2909790698645275, 0.31982494565213426, 0.38919598448333814]"
29812,818.72240004384,879047.4315698154,"[0.10234517088813845, 0.04515557600642221, 0.8524992531054393]"
29250,460.9168754190438,622286.3606296377,"[0.14083401888192795, 0.021407040010460822, 0.8377589411076112]"
20474,947.3486487850506,536957.5174297376,"[0.3851804651154597, 0.011413133087779621, 0.6034064017967607]"
16628,479.8801827703965,477094.4877732496,"[0.2523488629469056, 0.7040104542240649, 0.04364068282902949]"
34180,648.2125928909937,461472.3828459389,"[0.02962465237980789, 0.3367079026275378, 0.6336674449926545]"
22981,315.71373871764,316042.78118187457,"[0.25915475180034575, 0.5491210004158845, 0.19172424778376973]"
35538,115.86706077945708,855931.1889538962,"[0.09071023696635862, 0.04809841978400539, 0.861191343249636]"
5026,343.71008887399944,933306.7537244926,"[0.46706503177764286, 0.17327951768960528, 0.3596554505327519]"
12706,884.224435377571,173233.55404613842,"[0.483573291031415, 0.3481060995070681, 0.16832060946151675]"
49914,908.4523525592792,321952.8124748216,"[0.36520607484581985, 0.3318446417848762, 0.30294928336930377]"
44135,195.3796887873976,594839.0049942953,"[0.49590493760415744, 0.3562052166974077, 0.14788984569843494]"
37819,572.381892887218,451223.0038972997,"[0.6867325820772621, 0.2772838767906494, 0.035983541132088674]"
10181,171.54410848674547,448289.5303809888,"[0.7538353856729941, 0.17513873203728775, 0.07102588228971828]"
1772,746.462997713203,465830.6086866555,"[0.2760772609840247, 0.1819987341871971, 0.5419240048287782]"
777,335.4634919038165,227437.1833628796,"[0.12951254138763385, 0.08421054209228393, 0.7862769165200822]"
26832,774.7751843860269,134349.1493450813,"[0.09678064883071288, 0.1986216760835543, 0.7045976750857329]"
10450,828.1805153057868,228472.0859242556,"[0.27519419429105085, 0.5444574966923679, 0.1803483090165814]"
44923,698.2221452822672,354439.3674031762,"[0.5405754640502706, 0.29200225210987485, 0.16742228383985458]"
40898,966.7836325803432,863852.8263714913,"[0.7936310988063581, 0.1545209113933148, 0.051847989800327086]"
36998,263.33003745250926,409974.9253848308,"[0.06702966074225075, 0.7809048474655481, 0.1520654917922011]"
31516,87.69270150022783,794234.5457094682,"[0.2435067115598626, 0.12841799765305026, 0.6280752907870871]"
1108,126.89902376475574,245246.7262502875,"[0.8418345850474505, 0.05621155026732374, 0.10195386468522587]"
3325,648.6132865941036,588609.9558897745,"[0.05156196057207007, 0.3574563554235516, 0.5909816840043783]"
1142,208.4409235468981,582678.0897739483,"[0.19419586125204666, 0.722610986519483, 0.08319315222847053]"
38421,65.51520541050914,961625.9239137413,"[0.7697865913895184, 0.16919686657411326, 0.061016542036368394]"
27382,492.7442375275084,560450.003037911,"[0.44314921631877174, 0.2969640694062522, 0.2598867142749761]"
13356,520.8453674502722,932705.8438658316,"[0.34964456179141973, 0.3719551979518546, 0.27840024025672566]"
25664,745.0177815311786,504106.2817213018,"[0.31950214237107305, 0.49312282550483283, 0.18737503212409407]"
13569,226.5895621306012,717512.3352758563,"[0.00997857828622717, 0.7797646711783308, 0.210256750535442]"
3156,609.9219302201385,496905.6596815272,"[0.17122002547827583, 0.5718000791942345, 0.25697989532748977]"
33313,708.4925313586554,969162.137706488,"[0.3015039873774808, 0.6238968395112565, 0.0745991731112627]"
42567,133.4109159757598,124927.30596780551,"[0.47093179976465566, 0.5059267243902676, 0.02314147584507682]"
40950,450.5741026917845,978835.7484484876,"[0.17933499845901932, 0.28941555952608305, 0.5312494420148977]"
48373,552.1243341959555,333166.67400347337,"[0.03916034756109947, 0.07677707430560764, 0.8840625781332929]"
15749,647.7990508102745,834769.032723891,"[0.38436904221193935, 0.03005244272282384, 0.5855785150652368]"
16664,345.34370734639407,873909.4775782321,"[0.39948298820258094, 0.09670948013221944, 0.5038075316651995]"
33014,809.7439428867127,901705.7566877516,"[0.6467216391796452, 0.010006125437787136, 0.34327223538256757]"
5279,526.2716244534103,994144.462976446,"[0.02362898206396116, 0.7980876011651322, 0.17828341677090662]"
34611,809.10421301298,558560.7981236712,"[0.8964249800601478, 0.04400985611604299, 0.059565163823809254]"
28808,111.12217400405052,520126.9601552407,"[0.20644972627662683, 0.3517967429972965, 0.44175353072607665]"
24012,794.5555884005827,932855.8535155735,"[0.39563770004708443, 0.07007282216503659, 0.5342894777878789]"
5287,156.95520968263267,387067.7539833433,"[0.08443186957749547, 0.09089738320396998, 0.8246707472185345]"
16888,702.3392592526476,708513.8523651327,"[0.5899307844910168, 0.007861106468268248, 0.40220810904071497]"
153,782.7895361191698,316925.8865817388,"[0.2488585289183312, 0.0981709106298285, 0.6529705604518402]"
25908,179.47571012759298,211981.38309757027,"[0.2461196369579545, 0.47084373047743433, 0.28303663256461126]"
36564,118.43520967554996,425024.3521308417,"[0.47431811606140517, 0.4586435832931223, 0.06703830064547232]"
33769,578.1267290492768,535730.3990876973,"[0.09730293408734612, 0.787716218977607, 0.11498084693504666]"
31541,959.2130707612192,180814.81977014945,"[0.1515656512780464, 0.590954661344323, 0.2574796873776305]"
23631,842.2444649022655,692844.7244365526,"[0.5273484789218846, 0.10119412492200339, 0.3714573961561119]"
1159,152.45014365931675,482319.6800827696,"[0.7236044970168727, 0.2710848693833327, 0.0053106335997945495]"
44256,678.5870141065835,338562.7777425125,"[0.046658597762378386, 0.36300781000023885, 0.5903335922373828]"
45203,962.7360614538874,633421.172066656,"[0.05167944644551562, 0.09197151532758427, 0.8563490382269001]"
36167,450.215466379448,299302.5058796436,"[0.2883407215680749, 0.10101565635543933, 0.6106436220764859]"
13183,594.2627571615777,831415.4099474339,"[0.22887940183197536, 0.4190174904849822, 0.35210310768304237]"
47887,676.4567003855184,341863.5842361616,"[0.6762449302166176, 0.25898988728458405, 0.06476518249879844]"
14469,758.9584791961137,998227.9138649078,"[0.6793279701051409, 0.318706607778022, 0.0019654221168371438]"
27626,99.98724258034596,202405.0396723312,"[0.0005118251153550226, 0.27418335416156364, 0.7253048207230813]"
32211,642.6088140298981,470640.5675371744,"[0.22031110432403528, 0.553564015022731, 0.22612488065323363]"
49049,599.2985179228996,146140.59128763436,"[0.84443240905205, 0.11536602020377844, 0.040201570744171584]"
28628,320.4803762431631,648449.5365236211,"[0.36998311272146184, 0.008510528399953024, 0.6215063588785851]"
33179,370.57058677738513,311436.8567160325,"[0.29580884379898126, 0.6940666286984285, 0.01012452750259015]"
46821,46.5401608065273,647319.2045363041,"[0.10330222322608165, 0.2208151041889345, 0.6758826725849839]"
14346,743.9647335579598,341342.9027805844,"[0.036406372197219934, 0.15471853908141378, 0.8088750887213663]"
23783,417.7435673938183,698560.3271656452,"[0.12244521688159847, 0.8402897852569157, 0.0372649978614859]"
12884,507.02870892265867,727940.0793481007,"[0.10721449408154507, 0.6248177571644657, 0.26796774875398915]"
38538,499.31547794072384,736351.0410625447,"[0.0456458310342435, 0.4502587817970992, 0.5040953871686573]"
22411,783.4703479019448,208269.3914441405,"[0.30849306389881426, 0.5023638913229531, 0.18914304477823268]"
39171,128.74151817941294,960513.8193695856,"[0.11996231544739905, 0.25177476578780594, 0.628262918764795]"
44252,912.258818079059,498603.1261999404,"[0.49986353300679065, 0.286130074120296, 0.21400639287291343]"
36312,57.84830296473383,845734.705717181,"[0.7228444498811059, 0.23104215247074494, 0.046113397648149264]"
7983,825.793353827848,645150.3353160435,"[0.3848180335667165, 0.44371334397595663, 0.17146862245732683]"
12059,946.071200681998,915018.790323037,"[0.5600633564338106, 0.32500417201568016, 0.1149324715505093]"
6744,804.3554758296649,654730.7048231659,"[0.1798727717767653, 0.37466456170684065, 0.44546266651639405]"
46853,868.6245757604022,695569.93937864,"[0.001957113174606329, 0.701178620125554, 0.2968642666998398]"
8682,525.7489321732473,951005.0142739654,"[0.4298502234679003, 0.3436244673085811, 0.2265253092235186]"
2784,47.31939200629989,937112.9897457917,"[0.5290285591662589, 0.4503180903283937, 0.0206533505053476]"
6131,309.42934173570063,703592.0791379235,"[0.7004963562285692, 0.25728829719493646, 0.04221534657649445]"
30020,380.1395248218973,751134.5817376906,"[0.033447106845541016, 0.15910274857888426, 0.8074501445755746]"
15050,896.0722906644118,902774.8991791728,"[0.163698650471132, 0.11189344725123107, 0.724407902277637]"
36514,145.04641102875814,755321.4889572524,"[0.22909076006391638, 0.11185418882024412, 0.6590550511158395]"
1560,932.7043300277036,367740.8450598818,"[0.23896313547042855, 0.2362687794109593, 0.524768085118612]"
2182,522.0817547064723,329077.7633726511,"[0.6131392907185284, 0.38410540519166425, 0.002755304089807502]"
5515,794.0220418537577,790633.7907493085,"[0.46976573388623777, 0.30091154019776856, 0.22932272591599373]"
23553,335.3078624295068,811705.7048942314,"[0.04621479410264885, 0.034170892383146884, 0.9196143135142043]"
1598,642.8017864940045,416851.5628575155,"[0.4971759124092426, 0.38519048898749597, 0.11763359860326149]"
36068,681.4134383262027,489628.0670828057,"[0.075647526302159, 0.8877700980813845, 0.036582375616456476]"
9719,328.3291082793878,135265.9482144023,"[0.18108410851587492, 0.5788081525385324, 0.2401077389455927]"
33504,746.0362827413965,350289.41820322425,"[0.5284358883410505, 0.302833665950402, 0.16873044570854753]"
46667,583.6006898032417,928075.11479677,"[0.16096314689058738, 0.18406903305472422, 0.6549678200546883]"
49059,531.2332373940927,693255.0815572673,"[0.670881394315276, 0.17878547894449368, 0.15033312674023022]"
26718,471.4716002854679,676361.897712,"[0.2344974101134311, 0.7596933816744094, 0.005809208212159463]"
41638,446.2550784226664,445962.5015853941,"[0.5578093793352616, 0.3811875774169034, 0.06100304324783487]"
20475,580.2861375533615,478953.56330668496,"[0.022324449888571945, 0.7395470905796858, 0.23812845953174208]"
4748,180.45196108355933,549246.9107947435,"[0.26700040845299455, 0.6786835455828029, 0.05431604596420255]"
10503,351.93897040245616,143967.31057752066,"[0.19584336079558914, 0.4323861661103937, 0.37177047309401723]"
22741,392.26767973458186,557088.7085855384,"[0.1194714101767239, 0.8665009663716502, 0.014027623451625889]"
37770,107.70887230281174,570902.034437836,"[0.6728289204117016, 0.24349459823412548, 0.08367648135417276]"
33116,572.5148658215512,572144.3190430216,"[0.366611603933966, 0.17603744355804848, 0.4573509525079855]"
38617,673.9074254577664,319890.2559936168,"[0.3719152121401922, 0.47289375101566666, 0.15519103684414126]"
922,51.14439435467229,233143.60757346777,"[0.48722116296840023, 0.26523055509420473, 0.24754828193739503]"
14792,391.7055511403365,940227.1753768452,"[0.4565230389942657, 0.05421854592217516, 0.4892584150835592]"
1167,36.32716279469234,866716.5499170508,"[0.16277892798306157, 0.4694488566518275, 0.3677722153651109]"
11826,137.56248161215677,345659.3877673202,"[0.5476333953397318, 0.36854473368129054, 0.08382187097897763]"
45991,990.956131434713,599047.4003606467,"[0.10782027987415194, 0.6037628806829402, 0.28841683944290786]"
43532,158.8433481613396,594901.648197186,"[0.26377631629798515, 0.5607204427976915, 0.1755032409043234]"
22195,165.89700978921184,525443.7147946532,"[0.1874632758859557, 0.059293951576311975, 0.7532427725377322]"
20086,636.8212334548052,486407.7541632108,"[0.11381674256119327, 0.29046263553586227, 0.5957206219029445]"
12966,512.8194648550038,211233.6777200172,"[0.2730683115168934, 0.2645688011229502, 0.46236288736015635]"
45210,838.2845630358208,116219.3126181722,"[0.12141249168930555, 0.8338289643585503, 0.044758543952144014]"
38002,609.4393473442683,391214.5245801709,"[0.34747315063337353, 0.20513489108869035, 0.44739195827793593]"
14661,745.0142585132949,918326.7813053676,"[0.32093646806656745, 0.04033271935582058, 0.638730812577612]"
4592,93.45855707696217,751617.6933602063,"[0.20557155788194753, 0.7886833559536734, 0.00574508616437895]"
9612,476.2846867363098,896421.0515205852,"[0.03568005974254058, 0.5156659769350501, 0.44865396332240937]"
17471,397.3981153752949,182669.13596086783,"[0.14124887069152633, 0.8514580535251742, 0.00729307578329947]"
4983,936.1272549961864,534855.8043850814,"[0.2932224565231988, 0.38481432772269547, 0.32196321575410575]"
35700,292.33730464236965,175743.14991453348,"[0.11603228825344016, 0.3867348827389944, 0.4972328290075654]"
34630,952.392374124472,499475.0247851978,"[0.8471979260024054, 0.08803629941052621, 0.06476577458706842]"
18509,629.6907120288304,803603.845865496,"[0.17784162468675843, 0.8102835681743892, 0.011874807138852557]"
32317,223.52214120993253,602175.9360007431,"[0.13531987226083184, 0.21071724475751338, 0.6539628829816547]"
33707,676.4823895940694,132979.76689289432,"[0.6314323087939478, 0.2680534907689418, 0.10051420043711044]"
25070,378.74497262185344,199165.5224558568,"[0.4105739657554842, 0.40447657727250486, 0.18494945697201085]"
14709,757.4386679079693,377203.6599417656,"[0.10566575706423613, 0.3301859563313939, 0.5641482866043701]"
26728,71.7085579606701,787663.1815855348,"[0.1699039701373921, 0.7575949313695269, 0.07250109849308078]"
13931,132.33873578811946,429492.5903613063,"[0.1275635100230362, 0.1974784949598497, 0.6749579950171142]"
28933,10.992882227524769,971527.8195818588,"[0.1917993719748371, 0.46262600362422795, 0.34557462440093495]"
48272,615.3198353186372,629072.8498755165,"[0.6891232771452956, 0.017169057895625037, 0.2937076649590793]"
30043,723.0386904292162,406924.4711876755,"[0.02887205835444304, 0.5853142338685068, 0.38581370777705026]"
33724,459.423431177018,905904.2664238582,"[0.31929201201971563, 0.27569552083474763, 0.4050124671455367]"
25408,905.1123418784877,420172.5025725339,"[0.05324530294096838, 0.5703275322129431, 0.3764271648460885]"
43455,742.9044642064844,899288.695511409,"[0.8630585267498403, 0.04454949405764882, 0.09239197919251085]"
2607,520.7571523484868,406603.6040489817,"[0.0890910823780134, 0.6888266937661689, 0.22208222385581763]"
44906,671.5270022301717,881842.0674358925,"[0.011903887227491163, 0.2989350165413899, 0.6891610962311189]"
46284,576.5407603381898,356193.08891907893,"[0.2036031855624572, 0.5975555408126395, 0.1988412736249031]"
11820,395.29021676702223,605114.5210835938,"[0.1736695636721981, 0.5751478268697333, 0.2511826094580686]"
4904,303.4668508930322,501688.9074270229,"[0.26398089374343425, 0.6091692543738841, 0.1268498518826817]"
22838,63.89988486854286,813217.4245558357,"[0.19609561768605702, 0.5061698030785455, 0.2977345792353975]"
37131,386.83118494498336,482688.6946289206,"[0.5742639440384473, 0.17472531853106224, 0.25101073743049057]"
35161,712.8073111679871,317184.5684275053,"[0.46088618183125707, 0.210795028652412, 0.3283187895163309]"
26051,668.6496710272261,450427.0900120312,"[0.8251414257103745, 0.08276785337176709, 0.09209072091785833]"
32643,445.7262840808029,842257.0747421721,"[0.4538841697150486, 0.47554434282863933, 0.07057148745631193]"
38058,478.2546997949151,384024.21350287256,"[0.0440149401580436, 0.37403174922852767, 0.5819533106134287]"
23753,944.3606859514794,685580.0375040484,"[0.09680965256080312, 0.6747075600856993, 0.22848278735349764]"
47354,758.346779731209,630038.529409994,"[0.4173553557089144, 0.49773127416012913, 0.0849133701309565]"
26557,619.7896154473548,147545.4152822337,"[0.4045482393672276, 0.28044005799058175, 0.3150117026421907]"
33133,496.0340893890786,887452.6312654043,"[0.347820518505563, 0.12143469423829657, 0.5307447872561405]"
40588,675.2973346234917,435541.485718243,"[0.5237114210270389, 0.29365136097615846, 0.1826372179968026]"
29320,914.5037923602353,213300.98548195808,"[0.3892482805381062, 0.3928492176162311, 0.2179025018456626]"
19853,703.261537037874,611661.8352616136,"[0.20537171463984477, 0.3693882902526641, 0.42523999510749105]"
44553,504.3156948505163,149848.3794811757,"[0.2680427967017532, 0.6012001151435624, 0.13075708815468443]"
6794,43.8779002869636,186853.5978468103,"[0.25664379637598056, 0.6064964072391694, 0.13685979638485007]"
35706,395.2961482497718,490688.885694132,"[0.3594352095802454, 0.2928597969870603, 0.34770499343269434]"
34852,736.8281166972124,894521.6778800855,"[0.16997551627757707, 0.45959114162525716, 0.37043334209716583]"
22115,810.3851416343555,150357.0719406551,"[0.17251171595442563, 0.7494011099866621, 0.07808717405891219]"
41047,653.9351588271992,316963.3144659583,"[0.14149213916187678, 0.25133264374026437, 0.6071752170978588]"
33026,33.41145530330582,119655.20868088056,"[0.1398398190594217, 0.20128842951246123, 0.658871751428117]"
44501,55.81135620753094,280991.817679075,"[0.5186268273467872, 0.042947670232256124, 0.43842550242095674]"
1373,799.5135723042924,758458.5631502667,"[0.34257679579652617, 0.25486139632953686, 0.402561807873937]"
34116,578.9589257132324,713751.423578292,"[0.3532130626708448, 0.41429400833592533, 0.23249292899322974]"
14173,881.3037631753465,711948.2859727732,"[0.2668314238710143, 0.6885540746285945, 0.04461450150039111]"
24333,183.49938291711848,487876.2785608352,"[0.6750944210095546, 0.040981378489838294, 0.28392420050060707]"
14124,24.91087702075305,449051.3248458208,"[0.28492280504045187, 0.356097882950844, 0.3589793120087041]"
26395,883.7596371820638,643689.7128463374,"[0.185465972459697, 0.2546319088576561, 0.5599021186826468]"
636,203.1544501173815,677350.2539528102,"[0.44741761983299955, 0.32272819121225077, 0.2298541889547496]"
15476,262.17927946777644,530162.4577173602,"[0.02901958238957354, 0.8140559761378887, 0.15692444147253756]"
19535,428.5785868455407,581744.005150879,"[0.006379616147894724, 0.2399500849227836, 0.7536702989293217]"
1634,685.561233441638,502623.83051056927,"[0.14319716846623196, 0.3105704283160298, 0.5462324032177381]"
48215,311.3876761003166,768408.9263208378,"[0.30469133973885953, 0.15307168355316236, 0.5422369767079781]"
28676,383.5798676947878,147843.22183608636,"[0.7394920951479409, 0.03981271622108147, 0.22069518863097767]"
46658,55.80342264350224,183563.58556423296,"[0.951034484196024, 0.002360433225813012, 0.04660508257816312]"
47394,40.47697458717166,565498.5707326056,"[0.18817876573928644, 0.7685484096250104, 0.043272824635703325]"
21741,749.4579121482822,879497.9656753738,"[0.6104264227544209, 0.1955967747813438, 0.19397680246423524]"
25359,335.11050166813794,493705.8627434675,"[0.4404246008441532, 0.20613760104516496, 0.35343779811068177]"
41539,604.2259942180207,667910.3725547268,"[0.4452721084988776, 0.2660537682865702, 0.2886741232145522]"
900,534.0031139207281,697181.2956241249,"[0.5941504154639989, 0.14594178348911757, 0.25990780104688327]"
3550,482.05070499005626,995031.5460177476,"[0.2036103686621284, 0.15608274073320663, 0.6403068906046651]"
14000,686.9727168137517,728058.1683692472,"[0.13901027267143173, 0.7373651570257916, 0.12362457030277653]"
9035,674.7183374325004,287767.4221091714,"[0.04560350768519382, 0.1472091370919117, 0.8071873552228944]"
25445,691.9890138008213,702940.098289804,"[0.022360353121987215, 0.18817111655452895, 0.7894685303234837]"
20861,805.2024205083783,321043.8602162397,"[0.5488091452283301, 0.08534323001631641, 0.36584762475535354]"
32349,480.4168264128014,856848.5889914421,"[0.06295014328651583, 0.4202178598514365, 0.5168319968620478]"
39505,609.0254526036347,638816.9775426629,"[0.08239031122615617, 0.017250797010970303, 0.9003588917628735]"
42320,66.77508089635663,552251.8364704008,"[0.09643661923071233, 0.873894289867501, 0.029669090901786693]"
21837,406.70421344083553,430743.8345861616,"[0.053010794785627, 0.19230758095279954, 0.7546816242615736]"
44843,374.12703977700426,585156.1594611681,"[0.45838490343726, 0.2750630452605433, 0.26655205130219667]"
32209,344.0750385284494,343228.262003209,"[0.5836926296611977, 0.06890360359043635, 0.3474037667483659]"
6007,992.712235625356,998520.7327458096,"[0.25557398775767065, 0.02133641492650914, 0.7230895973158202]"
24725,240.52413630158904,644122.1154253137,"[0.6904455501320034, 0.3005918916078219, 0.008962558260174764]"
15457,457.94499746553385,791372.949707282,"[0.7484268393452663, 0.009972397134827055, 0.24160076351990672]"
20526,318.9506530799108,279713.38192441093,"[0.4410235900300517, 0.39653888664570985, 0.16243752332423841]"
122,661.9169293945279,441164.5807879635,"[0.5940768906030461, 0.3765320551452412, 0.029391054251712682]"
22329,346.85025104812735,794272.7870175187,"[0.3918871086746633, 0.32303603162068967, 0.2850768597046471]"
40389,329.12040004829527,649052.5162991676,"[0.427185477578909, 0.2111327619632527, 0.3616817604578383]"
17776,640.0424941455291,110626.5853829182,"[0.09376682321385961, 0.4511302053038236, 0.45510297148231665]"
29730,473.9436451351378,771533.858933357,"[0.4340791594577498, 0.24965915466679464, 0.31626168587545556]"
21613,927.8625509687394,340503.9592670248,"[0.20925071440497736, 0.7772911227775278, 0.01345816281749488]"
31581,469.93708297183736,323904.77988978464,"[0.03678490954063051, 0.028105412718851194, 0.9351096777405185]"
42769,859.3885198651028,552567.5866038417,"[0.8222998845362192, 0.06788032638550122, 0.10981978907827963]"
43904,311.4570712203665,189446.7834330261,"[0.8068016142037049, 0.14570243711181138, 0.047495948684483716]"
7126,377.581617475925,251205.7069679863,"[0.44710389721892413, 0.5177600796463188, 0.03513602313475715]"
40914,740.7781457989577,149486.2215941162,"[0.46442153107342693, 0.12065843884117121, 0.41492003008540174]"
31312,57.18258741250448,210223.81350361064,"[0.5186988059990839, 0.15596073658741594, 0.32534045741350015]"
42914,336.4765055531552,652416.3673162403,"[0.1407961472606826, 0.17576109535547482, 0.6834427573838425]"
22302,477.48740752436913,827073.6958753951,"[0.27946138901850925, 0.2658829932452763, 0.45465561773621443]"
36333,138.85892118005077,886068.2647010712,"[0.42052415700880036, 0.5045327596412456, 0.07494308334995416]"
40342,872.605158001216,958782.9596168896,"[0.20678218064877302, 0.34823177623952634, 0.4449860431117007]"
646,595.8429110566502,586130.227520478,"[0.3880382119528323, 0.029409227897798148, 0.5825525601493695]"
2882,782.2392387108456,318919.5382746402,"[0.23826851968072085, 0.3942828865620185, 0.3674485937572605]"
43431,862.5807149128859,238700.2735188788,"[0.5468148441078299, 0.2555961642371755, 0.1975889916549945]"
8946,764.7850861950653,770766.1454263458,"[0.19227567944499524, 0.28109211963463987, 0.5266322009203649]"
14423,425.9072273477591,374028.2698521589,"[0.24322654379004743, 0.5463985682181517, 0.21037488799180104]"
26989,452.7925428685382,994526.2069351644,"[0.025203102756334594, 0.19106772606531516, 0.7837291711783503]"
14051,311.712471096614,224283.15988988307,"[0.7765808355793767, 0.21192228795316978, 0.011496876467453697]"
25657,31.55112113463622,130960.7584393514,"[0.4017030083774332, 0.43093551618751397, 0.1673614754350527]"
21966,828.4782879702728,704147.0496702049,"[0.44848381976967727, 0.49133904799149647, 0.060177132238826335]"
8575,730.9380646564578,359589.091192878,"[0.4503183657984624, 0.20515225601006323, 0.34452937819147433]"
10767,873.8033838184604,125544.0308092862,"[0.48425529050316585, 0.232248521168853, 0.28349618832798107]"
20431,430.8814019539301,867609.5973768224,"[0.1695210666611907, 0.225496422708537, 0.6049825106302722]"
21668,327.4896989209552,818627.3154850064,"[0.07142167098710561, 0.34328561367758736, 0.585292715335307]"
37728,263.84928552925874,941617.657328548,"[0.5368246102054572, 0.1324877905181091, 0.3306875992764337]"
3746,645.5325485776875,480027.2221087256,"[0.2549709771437024, 0.6020604692671502, 0.14296855358914745]"
34426,186.9655098254772,445552.8398679992,"[0.23196739147103623, 0.3991525807313067, 0.36888002779765705]"
18272,961.9761487589376,154604.0660012359,"[0.36389651226170083, 0.012574640503333191, 0.6235288472349662]"
1204,288.5977127500965,347175.683814203,"[0.19503588706280317, 0.510167411117213, 0.29479670181998385]"
36485,855.2486746156266,372858.8954932582,"[0.2363876706398707, 0.22681819812009485, 0.5367941312400344]"
21520,426.1117951509392,385319.8156042634,"[0.5379958236741155, 0.26522300097173396, 0.19678117535415054]"
45709,609.5085064195513,899892.0466987203,"[0.17261911746247763, 0.330410935290481, 0.49696994724704147]"
44756,843.6217676401806,237312.36785278263,"[0.5124904425439433, 0.45400809609832404, 0.03350146135773272]"
23742,476.1990532829317,335215.6683893027,"[0.5891440654619459, 0.21679342280398597, 0.19406251173406816]"
47607,641.6167134240293,801637.1612747222,"[0.13606265379682214, 0.32402691650891824, 0.5399104296942596]"
33900,782.27697168278,138883.58842314195,"[0.44793626499902733, 0.4274464553427062, 0.12461727965826638]"
4020,474.3334468655188,297218.7936461845,"[0.0582782653471832, 0.35438031738333814, 0.5873414172694785]"
32377,979.691330094048,627201.4697769316,"[0.3507570664750387, 0.13504797771079632, 0.5141949558141649]"
40703,762.8861826194395,578280.4378662264,"[0.9854358942998203, 0.0019657968964919953, 0.012598308803687817]"
23945,583.810046765537,645644.1942747666,"[0.33688754282866057, 0.1225958939907273, 0.5405165631806121]"
31284,353.50040737702426,506995.2394385341,"[0.24347258153697504, 0.43583788443913035, 0.3206895340238944]"
34604,960.3476001258916,462466.3202439589,"[0.2979363402579088, 0.4873333919055665, 0.2147302678365246]"
36887,798.8193488482596,652755.2432074777,"[0.20271789244993624, 0.4605452069024211, 0.3367369006476426]"
34124,737.7828059804503,298143.9139208909,"[0.2895405371939649, 0.40570668104237323, 0.30475278176366205]"
45160,343.56606187857835,168928.47596497266,"[0.44669580458523034, 0.510270244229261, 0.04303395118550869]"
33656,119.80439767306132,715542.3641864224,"[0.3728241157746943, 0.511414893872739, 0.11576099035256679]"
47493,763.0052234611474,606022.2686034339,"[0.4995472923575162, 0.233045074689062, 0.26740763295342185]"
15516,230.7854473299485,316543.08557412884,"[0.9438605255802804, 0.021282613204909616, 0.03485686121481]"
29240,156.2787240271703,144271.6583122056,"[0.7184687426482051, 0.21040822485590083, 0.07112303249589416]"
16661,964.5662519962935,143671.18615628063,"[0.18379426876212288, 0.6128654707837203, 0.20334026045415687]"
27255,995.8396960208668,952966.755332696,"[0.018934982931515326, 0.7299246555700947, 0.25114036149839014]"
44321,390.8095502603044,860510.2904155207,"[0.29216864888963295, 0.13124933909091527, 0.5765820120194518]"
16405,434.9321093297348,754166.0650472841,"[0.6004131071585731, 0.004031201835645802, 0.3955556910057812]"
1740,264.2914325144524,763634.6703243516,"[0.1089612421837464, 0.4522341431681077, 0.43880461464814585]"
19229,70.78654623082991,797680.2195144779,"[0.5883306801685569, 0.10275425833976556, 0.3089150614916775]"
25292,883.6528088126881,708957.8819796753,"[0.6590364026331974, 0.11067413281230357, 0.23028946455449914]"
43634,938.8967509113508,556496.6818454467,"[0.441538803119207, 0.21966017882781025, 0.3388010180529827]"
7175,737.6877951474685,357480.7318697191,"[0.7212582847006922, 0.007133913891386326, 0.2716078014079216]"
582,646.9689497630503,832965.4380595613,"[0.11607164666655821, 0.2369510133775119, 0.6469773399559298]"
36111,733.0313573828894,224533.36734692816,"[0.33601123865691884, 0.4892256189802276, 0.1747631423628536]"
6196,655.7089372513091,680925.4103336071,"[0.4808298156575405, 0.09244812114317265, 0.4267220631992867]"
47850,239.7912680190841,473988.60735856247,"[0.35572765575999976, 0.3524810493407276, 0.29179129489927275]"
788,572.025845257244,253669.4739760185,"[0.3447626920142874, 0.4275985357165488, 0.22763877226916365]"
29402,920.8566141846758,603817.6361874257,"[0.0013408303356879224, 0.6245690601737506, 0.37409010949056154]"
13653,758.3985025840072,638249.9798693901,"[0.5632486976726333, 0.0333451879815543, 0.4034061143458123]"
3115,265.0976547825592,106432.76554142982,"[0.9059634789988884, 0.08405989353285775, 0.009976627468253957]"
14572,77.51761906113192,766400.1200083959,"[0.37114152268233164, 0.16377388548990432, 0.46508459182776396]"
49468,876.1460622235332,723143.0509365845,"[0.02246627116424731, 0.6191308563299766, 0.3584028725057761]"
3289,880.4762585613768,559567.3048525047,"[0.2530345914610174, 0.6421958674510587, 0.10476954108792383]"
46164,107.07172118366216,563650.398154461,"[0.6384113875905413, 0.2504032010683519, 0.11118541134110667]"
40839,527.0026383184444,527691.1597933413,"[0.6935390608829415, 0.15964763723718267, 0.14681330187987607]"
22768,218.6617464069827,372511.1582786186,"[0.05319459818577955, 0.27345763204095747, 0.673347769773263]"
44010,648.626289838831,493374.5099005906,"[0.17180156528502596, 0.8216163189459582, 0.006582115769015961]"
20031,147.9189588647335,673730.0780488031,"[0.41870973639465664, 0.25097881861302634, 0.33031144499231696]"
33879,854.3085592161951,655998.3660073046,"[0.31073554056183705, 0.35640676496533974, 0.3328576944728232]"
18817,294.96419489697865,946546.274900794,"[0.3199563071128057, 0.005647268545325237, 0.6743964243418691]"
3817,271.3455928253661,843352.4763196587,"[0.23869070932583084, 0.6221557210423649, 0.13915356963180422]"
8237,711.7814441842557,490784.35825320106,"[0.12650091482032585, 0.33792102528558055, 0.5355780598940937]"
35421,362.4652035120598,926443.8860386964,"[0.19905133620989313, 0.4394400020597924, 0.36150866173031443]"
2136,725.2932502088491,233033.1127780917,"[0.42646568590021733, 0.2250360389845945, 0.3484982751151881]"
17709,965.17219812808,904356.2933151316,"[0.464164087015792, 0.41155312360336166, 0.12428278938084636]"
9917,547.3895467166403,995183.049443677,"[0.24389030868885397, 0.14141152366138698, 0.614698167649759]"
21155,899.5992502699272,688061.3136183127,"[0.770373064884915, 0.023181919534252905, 0.2064450155808322]"
36859,128.88540392114786,250577.835050322,"[0.3717725841957364, 0.06665741398838469, 0.561570001815879]"
49280,243.1495317967465,983009.1837676665,"[0.2989702305194735, 0.5617011674584296, 0.139328602022097]"
13731,90.47995231473426,822076.6502448859,"[0.016716974322505136, 0.6850324668693518, 0.29825055880814316]"
33636,488.7293277644113,165741.89845805627,"[0.050791606863382605, 0.20701056463652417, 0.7421978285000931]"
4411,551.6088570048299,575977.1467620858,"[0.15020746986055408, 0.4548610089133167, 0.3949315212261293]"
30026,849.2199781877647,732208.708816711,"[0.22668081623496333, 0.30803758126763564, 0.4652816024974009]"
10782,759.0790085292233,273469.15431269363,"[0.5164167369468934, 0.3445956482220957, 0.13898761483101088]"
29453,863.7702614726184,354225.11193040624,"[0.032540692693858994, 0.5349785222312436, 0.43248078507489757]"
9523,10.952777378465452,571461.9407435837,"[0.3146269321099298, 0.5490892888447799, 0.13628377904529015]"
24961,261.44647454966946,273147.8217909491,"[0.4222305341877931, 0.3211443509080766, 0.2566251149041304]"
48678,585.4123311653732,720702.4594057072,"[0.3693490535190822, 0.04961322267331752, 0.5810377238076004]"
37468,991.359865093789,937364.1509021769,"[0.4371681572943969, 0.5311991421812395, 0.03163270052436353]"
39793,10.088034477133943,131411.5164523725,"[0.1728546617148062, 0.601564848800332, 0.22558048948486192]"
35814,835.3388455790953,523919.7031129656,"[0.7337371514325377, 0.006406843253162652, 0.2598560053142996]"
11233,271.6820094635572,545908.8833080963,"[0.1113034841123699, 0.43903741161706755, 0.4496591042705625]"
10650,821.7855331744138,724827.9416565227,"[0.23690034447093117, 0.10575499822130664, 0.657344657307762]"
25537,854.0601076773946,682308.6828724392,"[0.1278487648903765, 0.8068555744107768, 0.06529566069884665]"
31779,886.9031945070327,481464.6905844222,"[0.299065745309199, 0.2527332357747955, 0.4482010189160054]"
24248,156.19879325012215,150495.30315919302,"[0.008502684990111179, 0.5571036623646775, 0.4343936526452113]"
25071,261.4613670330535,725517.0934442583,"[0.015566854697916072, 0.8796380415808626, 0.10479510372122126]"
33835,435.808954026304,832497.8294117884,"[0.25294254107208386, 0.32639410225891724, 0.4206633566689987]"
45607,91.11851680094564,554937.4875132735,"[0.2684352532563344, 0.15099296092742612, 0.5805717858162394]"
43495,722.133602305619,745669.4554845648,"[0.3730759284225541, 0.07902003737852993, 0.5479040341989159]"
36696,874.6104657745049,803089.2477841257,"[0.20242578412409729, 0.5049376479553024, 0.2926365679206005]"
22039,925.3029837806688,725129.4448488349,"[0.16682410996063776, 0.07194754696289496, 0.7612283430764674]"
38153,812.55739518543,380536.52787118725,"[0.05874648371537233, 0.7446632642971427, 0.19659025198748512]"
46340,930.519199452669,783139.0557314825,"[0.15468038279185, 0.6025521414481321, 0.2427674757600178]"
47112,927.8722992165908,831491.421382606,"[0.5007920074944577, 0.20165876544365408, 0.2975492270618882]"
34580,347.81753805456043,721684.3273744304,"[0.17600340715780438, 0.4769916570661692, 0.3470049357760265]"
36713,445.61289613274863,839278.8061056873,"[0.6676724558601097, 0.04834680337898825, 0.28398074076090213]"
11580,403.3817848525716,212189.07323456343,"[0.2715963914848074, 0.021496872407449782, 0.7069067361077428]"
5857,771.2326932652148,449343.6339191333,"[0.2431028330219484, 0.7315611152971969, 0.02533605168085471]"
1403,616.5832014499231,384096.82114825526,"[0.08536845755196676, 0.6175159409108704, 0.2971156015371627]"
11430,849.1701642731197,818040.1971896746,"[0.13588835726118795, 0.06892490293093577, 0.7951867398078762]"
2743,884.4277405621409,112915.7580320708,"[0.298817374112881, 0.29787730006997837, 0.40330532581714046]"
39939,94.5532799591724,618319.1344260656,"[0.6997106773633792, 0.08668970800609374, 0.21359961463052704]"
11713,581.7277327066054,485835.3092409976,"[0.40533010017544535, 0.18505017847759808, 0.40961972134695657]"
14147,248.34990439008908,599721.3175242912,"[0.7908136599076226, 0.15476876688058422, 0.054417573211793135]"
46806,828.8542534707814,762352.8531393672,"[0.021467204254860553, 0.29837771126034746, 0.680155084484792]"
28335,843.450102529701,734416.1005217774,"[0.05289471102396186, 0.5170046271528196, 0.43010066182321854]"
24869,634.110226369148,488889.8667323704,"[0.05075398907007167, 0.8996730999621194, 0.049572910967809025]"
41157,481.5957535858532,881400.1656062128,"[0.2735449592498443, 0.5119956895348157, 0.21445935121534004]"
25898,325.155659111566,850424.5022893123,"[0.019347942051430554, 0.2611710350039474, 0.7194810229446221]"
9016,288.95661734204333,421704.07165468,"[0.47840228206793106, 0.43652295652276385, 0.08507476140930496]"
8936,182.7372832235272,504824.0530615392,"[0.5611069538141297, 0.1424440887417022, 0.2964489574441681]"
22701,608.2767919405728,121522.7193406032,"[0.35442796670628085, 0.15659967763476784, 0.4889723556589513]"
13412,699.8799330624173,759860.5151948598,"[0.5927312354091164, 0.37835816154599794, 0.028910603044885547]"
42335,648.3115300311661,882158.0312907543,"[0.12808295051532992, 0.22955284462362688, 0.6423642048610431]"
15545,618.1877323789171,310520.4527193834,"[0.1933329466116253, 0.16585435715854097, 0.6408126962298336]"
7909,842.7217703154477,930242.6208725792,"[0.5563221938527971, 0.0247312273597279, 0.418946578787475]"
10727,75.6327174079996,491022.4331152187,"[0.256197771472486, 0.4819871307685425, 0.26181509775897166]"
42846,349.65167508039536,383040.0557348251,"[0.503746371757764, 0.4745348091000886, 0.0217188191421473]"
33956,133.17238297154785,116336.50597858154,"[0.010282689138837385, 0.15057819026117542, 0.8391391205999872]"
47375,861.8967091262984,411267.0021844835,"[0.21977005283000256, 0.25954651286064867, 0.5206834343093488]"
2618,657.7687577842487,988053.21240199,"[0.09037301619984259, 0.5599773232387194, 0.34964966056143804]"
20638,447.53135700846207,451972.4667271591,"[0.3543167013793287, 0.4082089890892332, 0.23747430953143817]"
43552,757.1954578854553,211152.6401731132,"[0.3011148353398718, 0.18123070120106302, 0.5176544634590652]"
33843,525.4552679464762,399590.51581677474,"[0.09400056531345245, 0.08201846917536808, 0.8239809655111794]"
40829,814.05868602197,869488.9770335298,"[0.9320340293374395, 0.013761190336778537, 0.05420478032578187]"
8205,302.8079570110553,428148.26198166993,"[0.03367888819336831, 0.7133976751293994, 0.2529234366772322]"
15840,602.2026529952175,125989.51338660352,"[0.34002291927978356, 0.2656193197160349, 0.39435776100418146]"
27427,394.2419341279759,256024.10518582,"[0.02858896219946833, 0.30103207253129316, 0.6703789652692386]"
38608,759.5204514869242,217620.62079265964,"[0.3305265107902152, 0.06562284665181961, 0.6038506425579653]"
41540,241.09230632883805,880935.8086948069,"[0.43112074626923447, 0.4999053652697387, 0.06897388846102687]"
20232,650.3215908483443,577449.4731798428,"[0.07688380326809137, 0.33811300186315324, 0.5850031948687553]"
21912,86.02387059669933,211254.9693674128,"[0.5254354121576921, 0.20826920775224453, 0.2662953800900635]"
48354,845.2262721561198,470937.98393511993,"[0.09895322280003699, 0.729589922775236, 0.1714568544247268]"
21884,802.8709576608462,840869.314218256,"[0.7171666958563798, 0.20277745480966344, 0.08005584933395671]"
20229,758.7659893277744,149511.52099787176,"[0.6570431048813261, 0.09694266494825972, 0.24601423017041418]"
39639,826.5344658734715,241074.6044399588,"[0.11776090118659129, 0.049570139161044594, 0.8326689596523642]"
2950,177.08077797539656,941021.5299464124,"[0.7588667193706723, 0.21160818617732594, 0.029525094452001757]"
42533,330.5751158350073,135694.69119551603,"[0.4316761622032511, 0.1777873149826954, 0.39053652281405354]"
33578,585.80201897105,450337.2113280284,"[0.6521603348866151, 0.12705024357470948, 0.22078942153867537]"
9744,791.1496865994455,413255.63400735136,"[0.21363254946307422, 0.4546959933122137, 0.3316714572247122]"
5823,655.366630447652,926927.807026016,"[0.23180053558759264, 0.7441212033837622, 0.024078261028645152]"
22471,574.4487499427528,979092.7696374012,"[0.1703741799333421, 0.13574269487383628, 0.6938831251928216]"
43709,933.8785425555286,775166.1248360378,"[0.3933161315662109, 0.5976130889843893, 0.009070779449399859]"
38008,152.49635015794394,699259.1734940418,"[0.2764995966565195, 0.46500110179926085, 0.2584993015442196]"
45715,262.66337555444943,676497.1740165174,"[0.39929557986808734, 0.447826084155086, 0.15287833597682662]"
40144,571.384367739868,614401.0784386023,"[0.7746277088517881, 0.05481677805356057, 0.1705555130946512]"
34699,619.8920390371749,935401.8407551352,"[0.3710056336555187, 0.09173586998831643, 0.537258496356165]"
46347,495.8886757347925,208693.05022006275,"[0.06302812372997765, 0.17477237258623554, 0.7621995036837869]"
38851,139.83076038077633,470698.81449372345,"[0.06768369251722023, 0.45312280689203066, 0.47919350059074917]"
39640,524.3485182045052,981590.349344344,"[0.05402056119870592, 0.8522772094361319, 0.09370222936516213]"
6781,571.9781674473198,920267.7676631444,"[0.04050164198898113, 0.4833878587132015, 0.47611049929781746]"
22720,531.7942270913746,870798.8591744977,"[0.7966302111637732, 0.16784264919358377, 0.03552713964264286]"
34744,436.0199387616623,983165.8536689208,"[0.7695125233706589, 0.16846717197152145, 0.06202030465781976]"
1106,714.8956914672626,760679.5359202942,"[0.33695078598367656, 0.1261316413723548, 0.5369175726439688]"
34632,868.2316998373518,244781.72827672143,"[0.08863143447504128, 0.7334822597032206, 0.17788630582173812]"
4628,718.3704430360276,166359.4013065381,"[0.40435305874555205, 0.35574454014077717, 0.2399024011136708]"
3103,313.2702355301975,757335.258617507,"[0.5497242632354065, 0.3441169981175648, 0.10615873864702866]"
17960,792.7519728551995,327925.8928605183,"[0.09525430496154548, 0.022353678805665734, 0.8823920162327888]"
22694,216.805988712363,823965.780318755,"[0.18296382384088375, 0.7197536358399561, 0.09728254031916016]"
24005,148.39229438605102,862897.7757501791,"[0.028695599933165564, 0.1609581165309666, 0.8103462835358678]"
47566,341.7916068921854,124786.238161675,"[0.026277236709387336, 0.5059034302662331, 0.46781933302437967]"
29553,553.8663791825381,489428.6208113568,"[0.3893422967794668, 0.23806946443142707, 0.3725882387891062]"
24343,168.09205123281384,474441.09242234926,"[0.558388785183298, 0.13815570277771444, 0.3034555120389876]"
29299,452.6551222204815,605687.5634623098,"[0.19191463386995997, 0.2336727242047049, 0.5744126419253351]"
1863,827.9611906999238,968366.9926060904,"[0.14002435741750285, 0.34591666386625436, 0.5140589787162427]"
5493,138.7932064190544,475292.2557408209,"[0.4187498869880053, 0.31488043270796, 0.26636968030403474]"
10586,679.4123500006723,627286.6622736012,"[0.40838651373697066, 0.3791949041010822, 0.21241858216194714]"
17437,330.6442098132205,439758.65412619873,"[0.4139377066326126, 0.1551033914842298, 0.43095890188315766]"
26536,149.57846132397054,210683.6050711234,"[0.24166050782091733, 0.1625132525925136, 0.5958262395865692]"
12017,603.6200569432344,456646.5856909799,"[0.47236826394942305, 0.11003262364708984, 0.4175991124034871]"
361,14.010215153621171,185411.006709396,"[0.05351822703436528, 0.8220233094330138, 0.12445846353262081]"
3542,972.668924549162,745448.803176187,"[0.8063270110904873, 0.06372189509593716, 0.12995109381357536]"
14801,408.3611527182983,405838.7064711874,"[0.3428618159038168, 0.6450721231725113, 0.01206606092367198]"
43453,850.9314581513664,941482.4688338876,"[0.6589764688374978, 0.1501050913399543, 0.1909184398225478]"
35755,517.1717369878743,521144.7672956652,"[0.2609583672051738, 0.028418840177308197, 0.7106227926175182]"
43093,519.7925271266065,914482.142324787,"[0.5402395641283176, 0.04685970694003885, 0.4129007289316436]"
48915,553.337887149779,303895.28237409843,"[0.12566368840483133, 0.5051562799172554, 0.3691800316779133]"
40206,883.5175798410335,638613.5433206841,"[0.09526080157208991, 0.23914399128964609, 0.665595207138264]"
3246,185.8803271175621,928470.0293740612,"[0.03203006143600524, 0.7467778073304008, 0.22119213123359396]"
49868,484.6404264263601,843908.7302607216,"[0.9226330589650783, 0.00623651313950033, 0.07113042789542144]"
9157,993.6103390054752,507229.469637482,"[0.1715710364052909, 0.2639055243030176, 0.5645234392916914]"
47576,865.8123697172346,175610.04976677624,"[0.39031674768033403, 0.06498349290523812, 0.5446997594144279]"
4537,96.13768680156484,922383.3169116277,"[0.6652476462014467, 0.023434773846048158, 0.311317579952505]"
43941,561.9102555998842,463093.9136713945,"[0.3184805374731696, 0.40233568130972397, 0.27918378121710635]"
1680,64.39123494424044,781096.958704012,"[0.3753838933614083, 0.46181756166173565, 0.16279854497685597]"
46795,187.0523430086108,695464.2701061898,"[0.3372642962169926, 0.16083576180804418, 0.5018999419749631]"
9221,205.76995924971453,792380.0797107908,"[0.025983370299687322, 0.2087195677044866, 0.7652970619958261]"
39966,891.0542628285853,285352.4786906098,"[0.598510825931087, 0.03516804354740913, 0.366321130521504]"
47797,777.1516223096652,104007.858337445,"[0.08746044426968183, 0.642273176998622, 0.2702663787316962]"
35112,940.9237194786258,225512.41892157204,"[0.0756161035024128, 0.3760155901208555, 0.5483683063767316]"
9397,607.8396847837192,252964.92247680813,"[0.09610294785356198, 0.2596507043652054, 0.6442463477812326]"
9163,71.48906631260306,656214.729909462,"[0.058272702865558704, 0.40708558016515617, 0.5346417169692851]"
13547,557.6076113159903,352976.7693600165,"[0.30645968865242357, 0.35656547895242274, 0.33697483239515374]"
11388,867.840909621509,498700.2921501978,"[0.2049459458972703, 0.038445253137969856, 0.7566088009647599]"
6847,930.8589129788802,839344.2580821159,"[0.542644980066853, 0.21375199089486502, 0.24360302903828177]"
4442,822.3430140346203,426323.66206935205,"[0.3125298186620774, 0.08277885724627035, 0.6046913240916523]"
15682,129.1820877527838,735482.9308623127,"[0.13497737379802321, 0.5019121575263901, 0.3631104686755867]"
19522,591.7609597789616,570249.012171004,"[0.8174392114984143, 0.15974807685587522, 0.02281271164571063]"
7018,323.12907832958746,331445.08728864766,"[0.5752294480769212, 0.0354884266240347, 0.3892821252990439]"
8736,157.0331782293235,400863.5620161232,"[0.08530659864399398, 0.2709847438136669, 0.6437086575423393]"
32254,617.272196383708,599661.8940220098,"[0.09844326545817461, 0.5629695465045863, 0.33858718803723886]"
32649,927.7201878053892,127014.70963390326,"[0.14259723171336336, 0.24532361992404017, 0.6120791483625965]"
47252,621.6421699545374,733493.6196066483,"[0.15304662539695252, 0.5652284653863302, 0.2817249092167173]"
17051,658.2494707033593,459347.86699474143,"[0.05283152429461057, 0.7549874697291857, 0.19218100597620383]"
19580,625.921785452852,828181.7196818733,"[0.043492765619233, 0.13276890805035818, 0.8237383263304088]"
12012,506.7552477855888,801928.8281028537,"[0.15850087440994437, 0.15040485424093858, 0.6910942713491172]"
11320,298.38754271634707,665144.6044836744,"[0.16644972744658423, 0.043440620916840915, 0.7901096516365749]"
41115,344.540676326076,753568.5119295428,"[0.032318510363203434, 0.3744460125624255, 0.593235477074371]"
45407,322.8744499919466,717440.2809904569,"[0.02929150780672809, 0.3913418856871249, 0.579366606506147]"
14630,92.849095049543,700608.2932575778,"[0.26380773226145726, 0.1867069699246687, 0.549485297813874]"
45408,556.3920790120692,787880.1364509418,"[0.8137033086182602, 0.06421333259684676, 0.12208335878489299]"
45291,661.774835581889,313575.96768063016,"[0.7122560345396554, 0.2775716808479468, 0.010172284612397779]"
44549,833.5317352945286,387688.25324205327,"[0.11305882891338591, 0.8254278497689379, 0.06151332131767615]"
31571,326.10560404745866,229588.9987692856,"[0.21659791553092883, 0.4939232285263551, 0.2894788559427161]"
2589,862.8560091181347,196460.779303309,"[0.3406397540467821, 0.09820174465403902, 0.561158501299179]"
19746,482.9713717598322,400693.48019055417,"[0.9267269611737655, 0.042545749550906876, 0.030727289275327564]"
28162,246.15313774275864,664409.0978693662,"[0.32974234802241703, 0.2947484111008254, 0.3755092408767575]"
44438,848.0695819767133,463062.5004792609,"[0.183475907354755, 0.22709967555294908, 0.5894244170922959]"
24969,972.1177539118596,388934.9142263254,"[0.09477463574893173, 0.28267364099892894, 0.6225517232521394]"
19617,299.89052395489927,104420.914587769,"[0.33134236718893156, 0.41172550231534466, 0.2569321304957239]"
42750,746.0306241232869,561371.0026842754,"[0.32621101136250813, 0.17074578798816192, 0.5030432006493298]"
10075,669.1924499602685,474948.6778086816,"[0.5653875101981197, 0.21924832719443835, 0.21536416260744193]"
29488,570.6966226247772,487449.2167545967,"[0.062080841807143704, 0.19315349014059172, 0.7447656680522645]"
9861,824.7909694537693,499961.58399908594,"[0.17492475493945667, 0.3871697023236875, 0.43790554273685595]"
26624,881.0200754122035,164918.22134955833,"[0.5188575106961133, 0.28792094979849064, 0.1932215395053961]"
8880,530.7163311110278,716308.027650019,"[0.34039805138827606, 0.3155491900165213, 0.34405275859520273]"
38905,736.0961210192537,477819.4047755808,"[0.4430990252069045, 0.29087455455797406, 0.2660264202351215]"
5936,363.4212214600233,990292.6614443512,"[0.2821548230001307, 0.5105781260586237, 0.20726705094124556]"
43632,101.1986376256894,603371.849594508,"[0.09834246557446787, 0.4202469552326516, 0.4814105791928805]"
8150,381.5536799448484,944575.8092958896,"[0.35167418481774937, 0.40926984147175244, 0.2390559737104982]"
10569,623.6844649979656,313607.747621018,"[0.5313025027971654, 0.22904303922485372, 0.2396544579779808]"
40633,550.71655809543,658393.0683672407,"[0.402638479376641, 0.35714757636534517, 0.24021394425801387]"
2309,180.2387878769464,843291.9728353176,"[0.3286528173057438, 0.4869181235218311, 0.18442905917242503]"
3056,943.3927278119886,707951.4552809816,"[0.4803998524349922, 0.4700853841899642, 0.04951476337504359]"
10740,246.7708132958303,603723.929236738,"[0.25300835028621205, 0.4570136550232923, 0.28997799469049573]"
44023,351.77096924096537,224889.1367770272,"[0.6270728051198678, 0.35498104116026186, 0.01794615371987023]"
27338,859.4512063932704,458238.9892064961,"[0.397980369025998, 0.5384868196484079, 0.06353281132559414]"
41764,799.7589386902046,232739.8836288138,"[0.3309664217787852, 0.044702408537681336, 0.6243311696835334]"
48298,724.9466520247903,439859.9437320081,"[0.24206264319824267, 0.4828132698124535, 0.2751240869893039]"
34152,526.2888072326231,962868.3502636424,"[0.4889979490888404, 0.44250269912154133, 0.06849935178961825]"
44176,770.8397640060915,290588.4086868626,"[0.13510587527024878, 0.1922234323765413, 0.67267069235321]"
42989,413.6184968105505,645123.127302137,"[0.20563044654782298, 0.5034446434688624, 0.2909249099833146]"
25536,811.0852306940928,415636.4744598,"[0.8029682604948595, 0.10169824677556076, 0.09533349272957975]"
42684,929.6894333160708,920386.727285274,"[0.03583857702653001, 0.41630219001543856, 0.5478592329580313]"
12674,467.2905305698621,722362.2093503367,"[0.17236477798644165, 0.7799190900406979, 0.047716131972860475]"
13638,901.6788717851516,141044.84580591662,"[0.03484205343184093, 0.32164418187408805, 0.643513764694071]"
36683,618.7101491756373,547452.2976035964,"[0.2706453479144145, 0.21986466685889025, 0.5094899852266952]"
31647,362.1695372603497,810910.2552838546,"[0.1912638842672028, 0.724283313844618, 0.08445280188817927]"
27609,27.0186963271872,340244.1331466421,"[0.24015867235541552, 0.5312611046467606, 0.22858022299782396]"
5290,261.68767971737554,795885.1246980574,"[0.08316784173563274, 0.0007332397864644863, 0.9160989184779028]"
31728,510.662472269544,264065.34612420347,"[0.682635441755256, 0.022665132227846795, 0.2946994260168972]"
41469,772.6733103263377,997767.3044640524,"[0.2668609022580639, 0.35144546596004517, 0.3816936317818908]"
4818,133.47553056820357,128985.90055090608,"[0.01611381396769397, 0.9402845652444152, 0.04360162078789087]"
7718,637.0809393078588,208853.98709748744,"[0.23299064654850385, 0.32744943461787224, 0.4395599188336239]"
19884,823.5559408850334,180645.45066264583,"[0.06882253484712202, 0.34808167239629667, 0.5830957927565813]"
41449,396.91581071273856,828582.3945777639,"[0.10268759224305254, 0.14995668528948705, 0.7473557224674604]"
196,761.068617812512,340432.6087792597,"[0.6547114231474052, 0.19417454651552377, 0.15111403033707094]"
37184,772.9393976219664,139969.09760433267,"[0.23993535386878004, 0.6616677699853128, 0.09839687614590724]"
28534,238.6234533055025,657965.8514703923,"[0.529020759325782, 0.08636964700148853, 0.3846095936727295]"
9444,39.17746893864292,531715.0700982793,"[0.6219637533517671, 0.29010224884190783, 0.08793399780632508]"
1663,80.9038602969806,289192.0620362342,"[0.6900669948849173, 0.03664888190531196, 0.2732841232097707]"
1283,85.16022451152044,363163.6121319421,"[0.6816574941837841, 0.27513920231213557, 0.04320330350408031]"
11739,548.9440359324452,279615.61690036755,"[0.18992816455278688, 0.6929114166610472, 0.11716041878616588]"
23433,146.5035985711719,850832.7885839993,"[0.09447780945572147, 0.3772096546208371, 0.5283125359234414]"
45260,934.4005003110308,528569.185386536,"[0.6700496183409494, 0.07265051426254676, 0.25729986739650373]"
49103,909.1701975083196,334288.3245598305,"[0.29368708295524254, 0.027013106244385472, 0.679299810800372]"
6726,597.632840784432,927810.1769680436,"[0.32339569640678983, 0.5790390174729222, 0.09756528612028804]"
42005,685.3496095062566,395273.2207985168,"[0.039863629135349035, 0.7988859586348167, 0.1612504122298341]"
2771,844.2807600437862,240675.8005668883,"[0.1581054060997274, 0.2722051041184545, 0.5696894897818181]"
29280,573.7113175633045,922834.3034989894,"[0.708482092398718, 0.18102381773185905, 0.11049408986942293]"
31523,202.8451149814924,845998.8587123613,"[0.29746203094186435, 0.18151359066968806, 0.5210243783884475]"
32036,303.1121935814975,467303.5674704076,"[0.705168214152652, 0.09148970844719308, 0.2033420774001551]"
40785,937.2722030420488,333352.5588995927,"[0.2938870621231717, 0.0389283562430849, 0.6671845816337434]"
1270,420.2179798926944,728703.6367107945,"[0.6131335985375196, 0.1885572342874012, 0.19830916717507907]"
4819,325.4355752885955,157282.60409966466,"[0.47344849867382427, 0.5092346489349061, 0.017316852391269674]"
5014,151.28656459129328,419871.290047665,"[0.3848432385894445, 0.5148743361824628, 0.10028242522809266]"
34994,802.4339354784166,849093.6044698907,"[0.005559734248522573, 0.7988989179129156, 0.1955413478385618]"
25297,51.74120809525334,458562.35684825416,"[0.5620996443793521, 0.2540665715051978, 0.18383378411545015]"
15888,439.6762160487198,662269.3074781597,"[0.4803917726993383, 0.16680201220434224, 0.35280621509631943]"
49936,556.7075348782332,956913.7193405718,"[0.6703341397517905, 0.26873088684931423, 0.060934973398895316]"
30520,154.910894874379,337214.711910871,"[0.7973296452138099, 0.06894397629554254, 0.13372637849064758]"
45198,626.3911874244226,261441.28106847292,"[0.0633883133217045, 0.28930910524308184, 0.6473025814352138]"
16528,981.947419730215,223288.8699084572,"[0.3056942948246061, 0.523925284808665, 0.17038042036672896]"
33104,36.42392690851708,232680.45090259137,"[0.7587987211506148, 0.04993134987545225, 0.1912699289739329]"
1513,847.2975042386839,214967.4224779646,"[0.027863834880001184, 0.36019019593885226, 0.6119459691811465]"
896,325.0248928888539,914705.4984781644,"[0.3126577373181471, 0.3774218573985605, 0.30992040528329245]"
3432,539.4675271501364,338642.0171326854,"[0.551660612336976, 0.400799930049236, 0.04753945761378792]"
33830,287.5481338781883,392136.3409497486,"[0.03290611567744514, 0.7079660771203127, 0.25912780720224216]"
11880,119.3141941505207,215498.673397158,"[0.4093357238851858, 0.4655559397185624, 0.1251083363962517]"
20554,601.1423830955555,164726.75997060872,"[0.6230882352105929, 0.220016139443772, 0.15689562534563517]"
29371,337.68543643552664,347233.1628194264,"[0.9298282183911272, 0.030169823335928044, 0.04000195827294484]"
48952,44.27522772912261,971003.2648650316,"[0.06300177840605904, 0.3050620179983617, 0.6319362035955793]"
12424,670.5750381990347,359577.4739597412,"[0.44259560713394946, 0.2016649373911149, 0.3557394554749355]"
28546,659.3882188797971,646247.9549974798,"[0.06132172034896038, 0.4116300469225839, 0.5270482327284558]"
24687,337.8565413984873,904288.6330149034,"[0.6037445751902657, 0.322470808225752, 0.07378461658398223]"
2051,995.5889904695404,868478.5053763521,"[0.3284403333958203, 0.16862706565372948, 0.5029326009504501]"
40788,579.5241283091185,362604.735382944,"[0.12096036724651921, 0.49488576599681317, 0.3841538667566676]"
34506,955.9728813778784,465890.3968546448,"[0.3140262096142872, 0.5193358531145815, 0.16663793727113155]"
41287,597.3023729896287,475931.234221915,"[0.666055414862985, 0.09293480451057694, 0.24100978062643816]"
1966,782.1810020106249,644590.4343076936,"[0.17973050442620858, 0.39292606440348, 0.42734343117031137]"
26920,461.4046648039285,536198.599388113,"[0.23185420950336644, 0.4862613888845521, 0.2818844016120815]"
5749,690.7129205514228,710585.4933083302,"[0.37251493165780913, 0.3381712062925315, 0.28931386204965953]"
45487,929.8863997116472,946591.2599004264,"[0.08973107760367602, 0.5231242073126371, 0.38714471508368703]"
6325,269.2667175616598,597064.9868680008,"[0.10284938712761359, 0.34595594414239533, 0.5511946687299912]"
40615,793.3293664063592,376550.6124173066,"[0.3874937132660323, 0.500109839135846, 0.11239644759812181]"
33439,168.72076212145802,659425.9716458251,"[0.35810685339872567, 0.34385215733392627, 0.29804098926734807]"
19321,432.0353600846797,853650.6615142468,"[0.6668009276217898, 0.11620353065562034, 0.2169955417225898]"
24352,813.4536160729759,632533.702935419,"[0.10837684760062406, 0.5035976108629406, 0.38802554153643515]"
6122,440.3876992942663,901411.2695652724,"[0.1166433785079227, 0.7901571375723284, 0.0931994839197489]"
48593,99.48124767769636,221948.5230506332,"[0.4456684672965405, 0.5235339046312332, 0.03079762807222644]"
40393,396.1144396077285,403826.7842854177,"[0.47989072681919553, 0.4545043358658425, 0.06560493731496184]"
1255,640.4061868821666,169977.04674801146,"[0.6405639755805996, 0.25073317067480516, 0.10870285374459501]"
30014,650.0691135550912,883599.6456806366,"[0.132522804115902, 0.7229459067804499, 0.14453128910364815]"
48335,433.0553462902287,221462.9063227845,"[0.18675259127182764, 0.3260777218673036, 0.4871696868608687]"
278,845.407146492345,280798.11267923086,"[0.8095358079944203, 0.039545107434395946, 0.1509190845711838]"
22619,462.6580387116909,365187.5193174427,"[0.16269427258320926, 0.26396378489397393, 0.5733419425228169]"
38451,33.794198730309915,808513.1749726752,"[0.3988031814318223, 0.08130924486833177, 0.5198875736998461]"
3430,250.0663374384821,448051.241566198,"[0.4932918483833663, 0.1399426164595748, 0.3667655351570589]"
33560,16.681369530400552,615279.9264242717,"[0.6821007679611318, 0.1297428494133818, 0.18815638262548642]"
37711,685.6555534379116,892806.9049348793,"[0.3845057455845724, 0.030417292861551558, 0.5850769615538759]"
49492,532.7968003603231,431427.8068820672,"[0.8421194862386937, 0.05505407485727896, 0.10282643890402725]"
26599,396.0918185996678,424235.3306509518,"[0.025991416197711066, 0.5104423922957589, 0.46356619150652995]"
12315,505.4010897303838,621674.4698297076,"[0.6851818456150652, 0.13043549552071557, 0.18438265886421917]"
15521,37.909715006709234,373823.7410869781,"[0.2156457266442537, 0.40806321557450326, 0.3762910577812429]"
17188,685.3483643888453,620369.0193613286,"[0.6040238961607718, 0.3212038678784076, 0.07477223596082054]"
1823,543.2485990778465,522507.39682880486,"[0.060551257628102435, 0.3156129861372335, 0.6238357562346641]"
9058,836.599049269797,182245.5732194924,"[0.23931622041585823, 0.25972531915099306, 0.5009584604331487]"
36745,737.9431832216193,226245.9686625307,"[0.2758064711087815, 0.7218123474569961, 0.002381181434222444]"
45716,969.6015837320888,836052.0570970748,"[0.5266988044098616, 0.03745199919965371, 0.4358491963904846]"
9235,133.32904728529178,242771.0492259884,"[0.40953951321747106, 0.5271468083073236, 0.0633136784752053]"
24100,266.5451583857798,852676.0554438678,"[0.09535714118850276, 0.663969520796525, 0.24067333801497223]"
39261,151.13843208134193,964416.317872912,"[0.19193492871722692, 0.4079843486339885, 0.4000807226487844]"
5633,13.565292877209288,434398.43197494256,"[0.1233087150503702, 0.3092986265472529, 0.5673926584023768]"
48918,228.67750460782264,182264.0402307584,"[0.13786096296236422, 0.5999413922424339, 0.26219764479520163]"
32827,261.38491059749333,955080.8612602511,"[0.2820599810191087, 0.5441143717785457, 0.17382564720234545]"
22395,316.7269513471815,888302.4005969116,"[0.4961436210428111, 0.3744426585106026, 0.12941372044658628]"
48564,688.7520235663238,284156.4444881202,"[0.2855901090170554, 0.154886231243405, 0.5595236597395397]"
23854,810.9245018450919,244236.4355763532,"[0.35711109861671003, 0.4319625492552713, 0.2109263521280187]"
38193,260.55689216530754,358537.7988488687,"[0.25520669433453813, 0.5428065364424258, 0.20198676922303616]"
19653,322.97255410492033,145970.87526519512,"[0.010320442882458463, 0.6018807960555645, 0.38779876106197686]"
21709,297.116352635583,622174.9785862583,"[0.006463793279532156, 0.18897235195128934, 0.8045638547691785]"
44529,435.3792451412508,996561.0726403364,"[0.05798856342465048, 0.33283225377122094, 0.6091791828041285]"
43413,111.75683474520224,189947.77777228283,"[0.1802612958274484, 0.1671965257316889, 0.6525421784408628]"
24975,559.5023423718123,447651.2904410625,"[0.131641048718264, 0.7648845376051815, 0.10347441367655454]"
18356,478.0193997369555,176225.40655545547,"[0.4324683302735658, 0.07044474907569123, 0.497086920650743]"
9704,170.7671377669161,307055.73089703126,"[0.2869030422841099, 0.07253984852614995, 0.6405571091897401]"
45363,227.29284248578483,228930.24936594552,"[0.759442447447344, 0.15868301603395735, 0.08187453651869876]"
25133,230.79840305071,419305.4587741261,"[0.7718788018937187, 0.11154859542825694, 0.11657260267802444]"
5959,218.8618777667695,586719.7724224176,"[0.08659770610193684, 0.759474880871215, 0.15392741302684815]"
20542,845.1114301784727,813907.429091116,"[0.03643268007798325, 0.859905822840511, 0.10366149708150563]"
8124,765.5437742336943,353786.3766799291,"[0.10552720402787265, 0.678674202113825, 0.21579859385830244]"
14499,152.68862287822225,865212.7887889509,"[0.44019580383662127, 0.0865893880283111, 0.4732148081350676]"
19241,417.1913284617551,560682.0362707452,"[0.008327179116132144, 0.567321738108887, 0.42435108277498085]"
6880,68.03418741907143,752944.8722493977,"[0.6451521198038911, 0.16083063211973578, 0.19401724807637316]"
41201,799.4747299942516,497978.1465783191,"[0.18934907904672788, 0.726596122449307, 0.08405479850396494]"
9107,323.627122327991,746587.8204846377,"[0.6236625863403553, 0.2743174098740362, 0.10202000378560859]"
22413,603.5819361872639,347828.32492415933,"[0.2718800671121438, 0.015339577461533837, 0.7127803554263222]"
16963,634.1524510615176,637680.1420344104,"[0.5038945129486795, 0.43996332113904324, 0.05614216591227719]"
37466,466.9965136785152,709990.6287535365,"[0.22337976575394491, 0.5629280255686567, 0.21369220867739844]"
25353,11.719064755689722,952892.7429023088,"[0.1619975245256826, 0.04104220438763465, 0.7969602710866828]"
46881,840.3660167358111,306872.6461051802,"[0.4108292663421496, 0.38429853460195973, 0.2048721990558908]"
35640,986.6011889876754,130526.43893006924,"[0.5137683107926839, 0.14114427939138194, 0.345087409815934]"
28232,530.4865191279083,923688.2783570854,"[0.6247281745905477, 0.10990393801260616, 0.265367887396846]"
37325,58.06071951599128,451776.61374309583,"[0.12477992192971028, 0.5005726523358065, 0.37464742573448323]"
3148,734.9068965371137,814903.2605530629,"[0.7156045292956971, 0.10371584140642266, 0.18067962929788026]"
3962,325.65760818671043,502941.71529943845,"[0.3043888874208584, 0.129386735867566, 0.5662243767115755]"
42941,482.70669492780473,274095.2624581166,"[0.4012939512130654, 0.381662112040409, 0.21704393674652572]"
7068,745.0919674932313,291118.5287067805,"[0.028580106152205926, 0.6391188480393651, 0.3323010458084288]"
16851,731.1867383380203,861997.8499066057,"[0.3853110764077299, 0.5397881210481397, 0.07490080254413055]"
30473,932.692406540762,924028.6984169428,"[0.10741490521813357, 0.87349391603185, 0.01909117875001639]"
5579,227.6784752606305,513980.9732841361,"[0.39256499042039683, 0.011453796119462125, 0.595981213460141]"
6936,852.9159769378089,888110.1366605712,"[0.05205673704079579, 0.7805029531872366, 0.16744030977196758]"
22160,764.5961148674608,963921.8016571735,"[0.055543399530159396, 0.8533242327237585, 0.09113236774608224]"
21852,809.0189737970356,428058.7911942069,"[0.333060905829225, 0.49394214754327087, 0.17299694662750412]"
40458,601.162799584963,398504.1649338933,"[0.5173406336980064, 0.038163675580040246, 0.44449569072195333]"
14606,414.2846014273477,207980.91979016,"[0.12270527969393491, 0.15071323312006651, 0.7265814871859986]"
6652,741.3804756565002,434807.6428511721,"[0.5209424426708206, 0.14290678437341167, 0.3361507729557678]"
34102,463.833104439856,139911.77183653656,"[0.02164468631099495, 0.557232747497868, 0.4211225661911371]"
37521,603.4109443335856,354388.89079238847,"[0.060302462273151884, 0.30420499340081336, 0.6354925443260347]"
17567,649.9171065062515,988945.074173327,"[0.15935835331697226, 0.31887274012570405, 0.5217689065573239]"
14725,722.5939801236618,784618.0120303443,"[0.6488082246427168, 0.11551365655629989, 0.2356781188009833]"
38554,226.35167519989488,645108.6604460109,"[0.034267124325601854, 0.7701078217242759, 0.19562505395012228]"
9860,371.839445444217,711861.7224060122,"[0.53878492906395, 0.13499568766189424, 0.3262193832741557]"
43586,260.80716712714894,153664.84074797598,"[0.2926036270751976, 0.11177662032771604, 0.5956197525970864]"
19373,563.9570029512512,245155.451724922,"[0.20012976397060384, 0.4835314151649754, 0.31633882086442067]"
32756,443.1215184813207,501879.1953002768,"[0.7841322726281041, 0.19010861334183135, 0.025759114030064437]"
3720,247.35755737348163,498894.1024197764,"[0.030579107582552383, 0.8238650577968971, 0.14555583462055052]"
34339,504.3601616021992,131973.67028609285,"[0.29953281677246224, 0.5453530784350169, 0.15511410479252086]"
5447,411.5039021522948,934238.2026858468,"[0.29777961670112774, 0.10357279213179395, 0.5986475911670781]"
959,107.06890106495156,222450.76276106725,"[0.03959625539863121, 0.7956659016709666, 0.16473784293040233]"
27930,771.0133645560644,454241.3472218423,"[0.07793137953863957, 0.7521941118452142, 0.16987450861614625]"
46644,780.0648169291278,778569.5463628605,"[0.07280781781826756, 0.148662140304393, 0.7785300418773393]"
46184,173.84649240045732,964681.637091838,"[0.2841600721879391, 0.591851054766644, 0.12398887304541688]"
34594,530.486754631897,857823.3663298379,"[0.09830354469658979, 0.9008222392282069, 0.0008742160752032977]"
32002,716.9520890967435,432546.0850599,"[0.16764261294422395, 0.37552726369535055, 0.45683012336042544]"
42108,929.0715701350844,421924.03079586255,"[0.37951479671342275, 0.3960980719949541, 0.22438713129162327]"
16857,330.682445816024,226790.47966666968,"[0.044517776486176865, 0.43970128215011006, 0.5157809413637132]"
32357,365.9140417592761,526768.71292751,"[0.19666650155477777, 0.5838651801935315, 0.2194683182516908]"
23126,385.2028964485403,142489.99081633685,"[0.16995446763166125, 0.42824000336662965, 0.4018055290017091]"
34948,878.745992990549,359048.8717522224,"[0.10735378407637107, 0.7277051025934405, 0.16494111333018843]"
4395,157.3958247507918,566570.3629156788,"[0.22779392579103755, 0.3137632002791428, 0.4584428739298196]"
25817,808.8428407120334,291591.03890392603,"[0.49803899663240825, 0.2505546043602728, 0.2514063990073189]"
46368,710.8435116494285,396784.15372157993,"[0.21375761807580182, 0.07170277521146669, 0.7145396067127314]"
29972,430.5452556264576,606264.5595876335,"[0.23782599944876356, 0.25784561659356603, 0.5043283839576704]"
21599,832.3713081790995,786635.3068119383,"[0.05902172061275127, 0.5788237065043932, 0.3621545728828556]"
21408,850.8808204883867,115182.23696449886,"[0.5633386261804234, 0.2787864716999054, 0.15787490211967112]"
36491,605.7132395346587,664779.9500765251,"[0.046206996518853904, 0.42215407358163703, 0.531638929899509]"
9382,736.9073824211466,494387.9577871189,"[0.2913126721135078, 0.09661559662561713, 0.612071731260875]"
45711,735.2126918408056,724863.6657256078,"[0.06353545216445332, 0.8593025077972544, 0.07716204003829236]"
14833,676.2243351686269,586331.4517097108,"[0.5146168191316346, 0.3276144328597521, 0.15776874800861326]"
34927,144.9234730365036,996134.3436711836,"[0.5719324978751951, 0.031155281302004595, 0.39691222082280037]"
22737,100.09552250383145,943277.6144246416,"[0.686114450851223, 0.043293198770099066, 0.270592350378678]"
49488,101.4964614420618,426783.159340295,"[0.07956614090879549, 0.5408300482645165, 0.3796038108266882]"
44568,978.6730196253064,409578.9744061543,"[0.4734275786895195, 0.0634944397473705, 0.46307798156311014]"
20440,190.97897033915964,258917.99035394128,"[0.010833642970162977, 0.22443918206076272, 0.7647271749690744]"
36458,887.1897097054481,958849.9160371636,"[0.3402001660554424, 0.36207775000296805, 0.29772208394158955]"
4500,675.2302895393826,936746.1200647831,"[0.8014288219358447, 0.16525248164345174, 0.033318696420703585]"
41902,244.47480862273545,291273.816799695,"[0.7613303468079, 0.1373761699270233, 0.10129348326507663]"
34003,992.841760626124,458785.3370646939,"[0.21376256575947747, 0.1861632316453792, 0.6000742025951432]"
35114,57.48973232371281,425606.3496852124,"[0.7097510390571667, 0.10168791120325307, 0.18856104973958016]"
13538,37.60508645418683,537249.7860703247,"[0.8006167864078635, 0.11455180734813541, 0.0848314062440012]"
20608,684.1171734416499,988331.2724754912,"[0.019101925560148524, 0.39045564918037595, 0.5904424252594755]"
17033,669.9901311675444,844184.9123733226,"[0.076342338369069, 0.8645751233606023, 0.05908253827032871]"
36300,791.3874070322519,874274.8312369952,"[0.7365585369399088, 0.09779567170833212, 0.165645791351759]"
44974,961.3374342842696,966783.041844992,"[0.24639768391589909, 0.6383646397430329, 0.1152376763410679]"
11179,119.4733511497899,897733.2762496357,"[0.46984716960337325, 0.5010077587023394, 0.02914507169428721]"
34691,676.9422128148464,640112.9389931699,"[0.6692818961214388, 0.06904491080535102, 0.26167319307321013]"
48107,370.3685005629119,444858.674950431,"[0.17986482358625422, 0.02295163662697083, 0.7971835397867749]"
19331,292.3616926399416,432559.76119068667,"[0.532714472239358, 0.14389722346795197, 0.3233883042926901]"
18350,106.21313782700504,586730.1351090192,"[0.264636005294244, 0.12820289093144271, 0.6071611037743133]"
26672,544.8634037363641,136309.36645571733,"[0.15000052639151853, 0.44732324769296644, 0.40267622591551505]"
14815,371.4229147567556,542694.5915520913,"[0.04898384703722459, 0.42020990925879664, 0.5308062437039789]"
47746,614.7732364154776,198276.1264516054,"[0.5329850320132576, 0.15963108239789953, 0.30738388558884283]"
25377,882.9251598475471,894606.7884056952,"[0.8655861641699047, 0.04306751855719389, 0.09134631727290127]"
14197,695.3907213137361,221099.93774934456,"[0.059888252893102276, 0.2222039786248702, 0.7179077684820274]"
10752,372.6583263150774,729257.3240797557,"[0.27375103192605355, 0.25863541597995554, 0.46761355209399097]"
5494,427.1482442135329,540314.4433288652,"[0.4148189762184514, 0.0014221671712919628, 0.5837588566102566]"
44270,313.6150327425298,958669.1946053518,"[0.8564045197781235, 0.03164923949312499, 0.11194624072875158]"
30302,194.67121911470363,257582.02682814896,"[0.38706573385754933, 0.387427050579189, 0.22550721556326161]"
37978,556.9469663590171,685552.4155587849,"[0.8062208108411237, 0.17833119919209256, 0.015447989966783742]"
21225,358.1964988926445,555911.5114163281,"[0.3577724989045544, 0.4106431098871536, 0.23158439120829194]"
14514,680.4329072328667,425421.4857575503,"[0.10000443313315946, 0.7057079791227917, 0.19428758774404875]"
40232,74.29067754313537,306097.17200403527,"[0.3267094921599197, 0.6721701056831643, 0.0011204021569160214]"
11428,232.21626541123587,841412.5601536622,"[0.09186731962632405, 0.7677762064840572, 0.14035647388961872]"
13713,287.4291480954865,146596.92577555202,"[0.3440542814683038, 0.03425461404449281, 0.6216911044872035]"
27455,499.76151229879366,624882.995353301,"[0.6367440370872027, 0.32976224375815133, 0.033493719154646016]"
12295,873.8164511614712,570524.4091711955,"[0.061492190239950006, 0.4244796530116078, 0.5140281567484424]"
25046,594.7547427616865,105326.56181721948,"[0.3136903119359839, 0.679168441882519, 0.007141246181497081]"
7529,313.3647904550554,965277.7830068852,"[0.05480971149969395, 0.17117513693173736, 0.7740151515685687]"
37804,366.9957645097717,423493.623348617,"[0.20976783983612432, 0.6309678747265932, 0.1592642854372824]"
19043,420.5128113422349,339396.52119798027,"[0.4893855822930405, 0.47309183830938467, 0.0375225793975747]"
37960,549.007455432759,231535.80859430123,"[0.2590956408441156, 0.36475434830584674, 0.3761500108500377]"
20424,139.40428856055777,748766.4272661293,"[0.3741073690907973, 0.1255027880922432, 0.5003898428169594]"
34156,959.6315568930596,440911.0297830111,"[0.34050159027740695, 0.09836413469919063, 0.5611342750234024]"
34841,163.72122461714198,966157.709639325,"[0.3063612876054228, 0.10251404673565034, 0.591124665658927]"
42772,795.9995176469312,987112.038609129,"[0.08219121712060376, 0.38818906752637966, 0.5296197153530167]"
10474,435.6530565820564,649024.7042809022,"[0.0036383735495008093, 0.678405018499025, 0.31795660795147423]"
911,133.69497600633096,461914.945910726,"[0.09056338679909622, 0.013696680027524579, 0.8957399331733793]"
37743,811.5634050734319,787138.1347866801,"[0.3589054288208749, 0.12919301345409615, 0.5119015577250291]"
45460,265.60837924536463,344225.5058173336,"[0.1137789184915636, 0.4121641221280524, 0.47405695938038395]"
3509,164.20731253466707,559944.5316190994,"[0.5723616765143698, 0.16288457735029432, 0.2647537461353359]"
31900,362.051841186247,300587.4409528398,"[0.7171627890655914, 0.10913977683570456, 0.1736974340987042]"
25307,611.1901067935224,839895.976457962,"[0.568808367394177, 0.33491366490786045, 0.09627796769796261]"
49351,988.6482732809188,772181.2434000998,"[0.13996241089419859, 0.05323331269320238, 0.8068042764125991]"
39744,713.3041101493327,867587.8600704775,"[0.09937170626888146, 0.520070252520853, 0.38055804121026554]"
20335,697.7752711372566,374652.8476281242,"[0.6593566996124889, 0.2100127826914128, 0.13063051769609826]"
33804,854.8499906924255,517327.9051182836,"[0.34852896145537104, 0.36784872856273565, 0.2836223099818933]"
26824,576.274377086986,763306.1135286539,"[0.18307776279325333, 0.728528194840983, 0.08839404236576374]"
32835,799.4272587031812,216755.0936243123,"[0.35271734598311283, 0.12342686180662177, 0.5238557922102655]"
27321,876.483218949464,284735.1305122981,"[0.05840118232741779, 0.5140761602059108, 0.4275226574666713]"
27963,186.11504302962285,192340.2755082716,"[0.23439064589791345, 0.30316079663186657, 0.46244855747021996]"
21696,116.07017125516566,869434.6189805254,"[0.6266893031223149, 0.37117905700145926, 0.0021316398762259714]"
37607,926.9775720076768,859245.8513459526,"[0.599485986202172, 0.2767438192629718, 0.12377019453485631]"
25756,845.9380366383853,932730.9343885832,"[0.9038592179931072, 0.03732585546955697, 0.05881492653733598]"
14478,740.3628531964978,230626.94907660663,"[0.04961509761367058, 0.9476338832698713, 0.0027510191164582132]"
16517,370.0328542238246,269664.25169268914,"[0.32632616244456086, 0.0346415357883332, 0.6390323017671059]"
1619,128.90053981387445,620719.4057712231,"[0.06110692187922623, 0.13977680593036862, 0.7991162721904052]"
7895,57.016504215166464,578532.922789712,"[0.6184183128243965, 0.15069236769820474, 0.23088931947739894]"
31729,53.548382626627465,518191.6469792791,"[0.10576387651131249, 0.24660976169847254, 0.647626361790215]"
20182,645.8314134802312,792656.2058140686,"[0.1686065678158777, 0.46234038115626247, 0.3690530510278599]"
5551,644.1895796197289,335676.79031874274,"[0.6800264982449705, 0.2567349542286155, 0.06323854752641395]"
39055,948.0595038937062,991120.4200818556,"[0.5481615669583432, 0.12338981895950409, 0.32844861408215276]"
45178,915.411184130457,715850.2211756348,"[0.27906268382270116, 0.5412776878309169, 0.17965962834638202]"
14294,957.2316892639744,897068.471260427,"[0.06220992823159528, 0.06405925818708548, 0.8737308135813194]"
27611,451.93059186871966,281768.20669278456,"[0.07240347149716256, 0.19194848828054403, 0.7356480402222936]"
47193,609.7998879987483,263639.11416143,"[0.655576315112099, 0.13232732974537184, 0.21209635514252917]"
25308,204.9284343002332,251044.77660820464,"[0.2576752110778, 0.6584392777328654, 0.08388551118933456]"
4143,293.1737712810611,334881.26231782645,"[0.07955313482810913, 0.849824072970538, 0.07062279220135295]"
38894,249.1899130533858,510054.9527962334,"[0.20704486170329459, 0.21389926226965575, 0.5790558760270497]"
4599,839.8261805559443,243691.5997502315,"[0.6386186814327073, 0.0552996343376142, 0.3060816842296786]"
12607,717.9898802406109,565446.5556290868,"[0.30672875440474373, 0.31578356388133527, 0.37748768171392116]"
3822,152.64658067255107,694242.1404421577,"[0.7053542351403593, 0.14132571268750588, 0.15332005217213482]"
22916,940.3364595590564,836956.586180878,"[0.32402379388438257, 0.3467569767043395, 0.3292192294112779]"
8720,693.0263480159541,402865.4292317879,"[0.052364330502267784, 0.7743264494708786, 0.17330922002685362]"
1322,584.8822169560264,760648.2294039935,"[0.015921294210220083, 0.5807273753555823, 0.4033513304341977]"
7888,388.10289183800177,356644.505688427,"[0.06536258123730121, 0.09729607834272314, 0.8373413404199755]"
35598,860.4615252639583,390430.5378906402,"[0.7187804530839712, 0.09794112289517333, 0.1832784240208553]"
23609,273.87687161702536,163896.5013219364,"[0.08621184957046374, 0.5794486027721029, 0.3343395476574335]"
20574,457.425277597081,577092.0324882626,"[0.2962104866870325, 0.3434622344558516, 0.360327278857116]"
2852,716.7499129633424,314337.22225329734,"[0.7028290451643674, 0.06494433984312867, 0.23222661499250383]"
15655,691.2829824010386,731570.0775562676,"[0.5077976663406775, 0.3289767314232347, 0.16322560223608776]"
27417,311.9096204577293,701750.4927716932,"[0.03944516543200454, 0.14109664557803095, 0.8194581889899644]"
6874,884.4847651978199,323579.0648159421,"[0.0954636507760236, 0.7869049244218528, 0.11763142480212366]"
16760,546.157777145676,497720.5400489184,"[0.20733419958341145, 0.464578994260847, 0.32808680615574143]"
12111,132.0343920061352,833285.4180428471,"[0.46166247640823804, 0.05355957273613672, 0.4847779508556252]"
20901,347.69480875176004,787585.6387078045,"[0.1030167674328619, 0.31885182985034277, 0.5781314027167953]"
9626,559.6047756628813,417944.0322225192,"[0.2579863675516988, 0.1731743239506213, 0.5688393084976798]"
45003,752.7177693562198,825693.1510856545,"[0.39394143114932517, 0.379199296704637, 0.22685927214603793]"
14199,480.5045920730996,275776.24971321085,"[0.7462474322834841, 0.19780396064991954, 0.05594860706659633]"
8972,929.3137464352744,412583.8162255468,"[0.5953290171918252, 0.3109791486262172, 0.09369183418195763]"
9883,793.9061714219052,252761.78408943216,"[0.08251664403159407, 0.3888921699961438, 0.5285911859722622]"
36712,942.1668520332684,477419.2672087224,"[0.5002850508076976, 0.4266933740166557, 0.07302157517564664]"
11047,541.650747192172,322652.69760759827,"[0.2829986952883222, 0.41647429547817866, 0.30052700923349907]"
42097,89.2772224315549,516205.1905457304,"[0.16724243165730465, 0.6533098411909971, 0.1794477271516982]"
6716,968.0426445597844,897994.3093814901,"[0.12667614664903873, 0.03650513153106154, 0.8368187218198998]"
20367,150.7743001703357,327459.4398247872,"[0.058522810406917855, 0.7904211183861567, 0.15105607120692544]"
36632,990.2701986908592,228289.7284170625,"[0.19376265231503295, 0.33414438413328773, 0.47209296355167935]"
21465,299.5763357436334,876024.2345670215,"[0.014454827445135777, 0.4820519052269459, 0.5034932673279182]"
5019,671.4864649413782,772205.43905694,"[0.6454625391026823, 0.3073433573366101, 0.047194103560707495]"
12822,259.75745285827,706741.2445484148,"[0.07670119511138182, 0.11588770742916772, 0.8074110974594505]"
24135,565.291442192382,319312.17375557823,"[0.6489661428847655, 0.34714882548083503, 0.003885031634399422]"
29021,553.3310223027079,955410.5640408428,"[0.24909582235048486, 0.5361879019867407, 0.21471627566277432]"
770,678.7377036054039,283230.6406247485,"[0.264220361916166, 0.17963673818401665, 0.5561428998998175]"
3225,686.967424516809,902818.215166971,"[0.5591924653567686, 0.17905956238867546, 0.261747972254556]"
15765,975.1577307003585,652224.5414442113,"[0.014406849208377447, 0.9580054971839551, 0.027587653607667503]"
21956,34.20838224145071,391429.15576148336,"[0.5867419148321799, 0.1860919325480388, 0.22716615261978143]"
43590,287.2529444076163,798601.1379627653,"[0.7108159402871368, 0.16169365224073057, 0.12749040747213283]"
21254,964.6162446355092,882928.3741547895,"[0.24895353124791483, 0.12773861683086726, 0.6233078519212178]"
31526,248.7137182144292,151352.78368406533,"[0.1469891692185195, 0.7443590657246324, 0.10865176505684798]"
45289,21.51112674239252,429926.61231639393,"[0.593505308560392, 0.25858688139124036, 0.14790781004836773]"
7520,678.2816461643192,149614.87827420046,"[0.35958642919278716, 0.5759163045451502, 0.06449726626206276]"
17216,945.3665155868034,484076.6815100781,"[0.017650996576057527, 0.8505481208038134, 0.13180088262012918]"
36346,467.8985891646986,865250.1307576146,"[0.16814045799153698, 0.7894928643056817, 0.042366677702781304]"
13287,327.4682628579576,873810.8146420992,"[0.11770660322211096, 0.28960540320175265, 0.5926879935761363]"
35101,137.90583666371367,880959.3739914974,"[0.23556464383957015, 0.5503091774001754, 0.21412617876025453]"
7302,291.557970263105,649161.4096504137,"[0.009280183763149874, 0.8409118469731044, 0.14980796926374573]"
15524,705.4593831744515,520225.06257051777,"[0.338710113608066, 0.16403408580782083, 0.49725580058411306]"
19216,917.3150203876944,788327.8934676669,"[0.22455242025667946, 0.5514968744540873, 0.22395070528923325]"
10142,68.4572113836856,801564.8899151487,"[0.017087115950868002, 0.7501385032037117, 0.2327743808454204]"
15555,555.6597209805558,959690.2065234229,"[0.5711372799435714, 0.12040802096328097, 0.30845469909314754]"
15821,401.3576546384449,684883.6587340896,"[0.04129247512191339, 0.48525755168851914, 0.47344997318956755]"
758,299.362366405291,698846.698622587,"[0.11276968708015145, 0.3707854792668135, 0.5164448336530351]"
12691,347.6967761383813,845467.7635995407,"[0.5872260738081693, 0.331174115191785, 0.0815998110000456]"
1393,229.4416318005576,578444.0811627284,"[0.2436198014992983, 0.20343392816480427, 0.5529462703358975]"
25354,219.02507245752253,621578.3167134383,"[0.3630483548146734, 0.20525035369570052, 0.431701291489626]"
4486,170.69066792353286,154046.22213978312,"[0.7313277930455051, 0.07403012025114761, 0.19464208670334734]"
33744,485.8034005416902,842581.8126474849,"[0.5882381172792421, 0.06740491138275972, 0.3443569713379982]"
32057,445.3698477248441,580967.266793091,"[0.22790939613495134, 0.7332082007771585, 0.0388824030878901]"
16678,205.4842225551836,413483.96563045576,"[0.15700864121114938, 0.3610096617384782, 0.48198169705037236]"
8260,393.76334848126766,280813.2410973096,"[0.6247605868805349, 0.27957688941442577, 0.09566252370503942]"
48018,237.7749459874755,656120.8595610748,"[0.5038466452985468, 0.29284338877888383, 0.20330996592256947]"
46693,145.64241603186056,865062.9162555708,"[0.06183200884918982, 0.010098802579066457, 0.9280691885717437]"
44318,229.4790724412325,434357.6036980402,"[0.0295632700473042, 0.24152665962250724, 0.7289100703301886]"
45800,340.9453961975161,182602.36311549225,"[0.5669795653570097, 0.06936455855365839, 0.3636558760893319]"
46026,725.4363615358665,313128.45765564125,"[0.7204149122769526, 0.16497354607298295, 0.11461154165006429]"
22050,604.2249456370913,365524.4666562373,"[0.006758515179743521, 0.5753272139109595, 0.41791427090929706]"
5854,698.1241341718197,760923.7252992487,"[0.3527628979544789, 0.14262584003640094, 0.5046112620091202]"
30880,666.4060054799387,924178.3853655772,"[0.3222627511134928, 0.0017647141377856658, 0.6759725347487215]"
10290,509.76819970841257,304345.1949665948,"[0.6797200255505741, 0.1384265547879717, 0.18185341966145413]"
49165,623.715406019585,165845.4569614516,"[0.09374126139091049, 0.024890222338736834, 0.8813685162703528]"
21717,503.0690542943775,372483.58236897335,"[0.15212691566183176, 0.5803348043578886, 0.2675382799802796]"
29041,239.7101074064606,319658.539107516,"[0.02556551533533095, 0.716596578903131, 0.25783790576153814]"
20741,520.8888776705355,122429.7943387937,"[0.1570047206544934, 0.8077072330302923, 0.03528804631521429]"
14106,286.63614143437337,711469.933461535,"[0.09732361871628473, 0.3219248612741437, 0.5807515200095714]"
37954,838.9457927499105,897593.3366828987,"[0.027182879356918557, 0.01781496125066303, 0.9550021593924185]"
45743,137.8946901244825,720286.9565227821,"[0.8181765436343316, 0.027172830755277225, 0.15465062561039117]"
48613,85.87061196578732,951242.484520152,"[0.5326497583917742, 0.3491278010160665, 0.11822244059215922]"
33043,426.5032019477368,614668.4687986239,"[0.06792619982785149, 0.04867186063713176, 0.8834019395350167]"
14438,732.2656250131168,209683.426808004,"[0.13371671946277405, 0.32226586748187014, 0.5440174130553559]"
6869,96.44000108056414,302330.5673008171,"[0.15805890140637602, 0.42614477780827487, 0.4157963207853491]"
23310,710.1446035581266,259876.3405746045,"[0.45991252727353255, 0.1178759338507202, 0.4222115388757472]"
46629,893.3781635826248,301038.4152982476,"[0.4490669516538332, 0.30476310476939655, 0.2461699435767704]"
36168,565.4934282084868,545782.6321484359,"[0.3940402513944221, 0.35411623111664825, 0.2518435174889297]"
46834,798.8486027108446,393225.8737617983,"[0.3041071884677212, 0.1898194929702149, 0.5060733185620637]"
18953,155.2713891908423,522986.6752292907,"[0.08281532395134497, 0.08144534078570202, 0.8357393352629531]"
9251,700.9505102674439,729830.7541623584,"[0.11854371743161501, 0.2089052219079977, 0.6725510606603872]"
48694,759.8454459981389,364852.1010106915,"[0.4102947868543718, 0.0058748461603177, 0.5838303669853104]"
28532,272.8386823574988,319931.33324435994,"[0.5273997780042332, 0.031164055319886752, 0.44143616667588015]"
31347,417.9359887976472,778773.401683668,"[0.7021365627503752, 0.023819333641427375, 0.2740441036081975]"
34643,464.7836882687452,148357.60788726568,"[0.45248879187237956, 0.5268783694193363, 0.02063283870828411]"
45598,319.83510395739046,819627.6416459036,"[0.7789452054922322, 0.0998777566596845, 0.12117703784808315]"
21011,576.6037420626689,549380.0031310461,"[0.31119450838495877, 0.5487713297400655, 0.14003416187497594]"
25463,826.3715939202156,377021.2736591755,"[0.39833251470037945, 0.34297032116115883, 0.2586971641384617]"
9649,351.3840043919289,598900.856841597,"[0.09858434376183726, 0.20483359051792027, 0.6965820657202424]"
14371,779.1525793821748,953623.936751702,"[0.31989951670527766, 0.059432742548253745, 0.6206677407464685]"
36989,343.7128996842499,301429.0734821857,"[0.47705884923509667, 0.44176646406558173, 0.0811746866993217]"
24532,176.97605519916715,358829.9532377282,"[0.2658743588454105, 0.3178316690785215, 0.4162939720760681]"
33741,333.8709282259244,984032.650171704,"[0.32138742104116397, 0.49374161574646175, 0.18487096321237423]"
32727,298.1094233894206,504774.3282335366,"[0.06029225381044587, 0.6344006461826179, 0.3053071000069363]"
22753,195.86356013412663,283602.06600852555,"[0.07992664931008889, 0.22893974843852447, 0.6911336022513865]"
14257,993.3485214170664,979815.1689723112,"[0.31940879213340423, 0.2653906594988868, 0.41520054836770903]"
24960,219.2748107326991,299908.94379893667,"[0.7490963295691992, 0.00494200411759049, 0.2459616663132102]"
12249,954.0660139070922,959308.185344539,"[0.019401738419839113, 0.7059288231262618, 0.27466943845389885]"
33353,811.5243527236288,984745.3793055854,"[0.4906530974340848, 0.3870140212223896, 0.12233288134352562]"
24838,830.0744978749425,755466.6423235926,"[0.19302160093565468, 0.6602517071971414, 0.14672669186720388]"
21064,25.62691669574959,282839.12610732816,"[0.800081353799269, 0.006370685540670561, 0.19354796066006041]"
46969,971.7489194956136,263472.92893553525,"[0.19360970875438124, 0.17265541041635982, 0.6337348808292589]"
24477,399.3921005022534,190514.6713246292,"[0.012546832807798789, 0.7137993473820623, 0.27365381981013875]"
128,887.0149817216377,276960.7749339896,"[0.27296579142009453, 0.501773772150524, 0.22526043642938148]"
32912,742.5221394728555,431716.41974260553,"[0.6887948488982178, 0.277238540738681, 0.03396661036310113]"
32403,51.091012873915744,686451.0649641647,"[0.8508643211582763, 0.07458973748550199, 0.0745459413562218]"
27681,838.2592270957085,403509.0640678495,"[0.626801195871273, 0.07820329414914193, 0.294995509979585]"
264,874.9391088221828,136984.42276353418,"[0.07394487369135291, 0.10380982996434426, 0.8222452963443028]"
33574,762.7525377223769,250192.31014054688,"[0.7481735336389532, 0.0619060945365772, 0.1899203718244697]"
42440,819.2516028469861,217342.1640462124,"[0.6558263784678703, 0.010211091456174718, 0.333962530075955]"
1911,565.7366810389223,892855.0494678803,"[0.09414481197115981, 0.428272280398842, 0.4775829076299981]"
10641,971.8800119984598,111528.4499819287,"[0.6508887111627034, 0.005480559689006091, 0.3436307291482905]"
19800,237.9192711800772,719498.6486705955,"[0.36933878820015986, 0.3656887088497536, 0.2649725029500865]"
39051,919.8802328494696,631685.8604195792,"[0.11425698548551871, 0.7140237177498238, 0.17171929676465764]"
8772,719.8858488193018,305843.59445636213,"[0.8312628093814532, 0.12710731786517362, 0.04162987275337318]"
34159,751.3630517484977,789666.4156281602,"[0.35039316691682976, 0.22967132041651042, 0.41993551266665974]"
17061,348.1572525356615,923896.1156322978,"[0.635646223060183, 0.09444825512535589, 0.2699055218144611]"
40776,95.32632385442508,753786.0260976788,"[0.37790753331612553, 0.06532639103660114, 0.5567660756472732]"
47437,24.287760158176862,403962.3554029028,"[0.15454721482402245, 0.4154147347117556, 0.43003805046422183]"
7509,426.0421811153864,114675.51977834287,"[0.7638572618020769, 0.06008730459784466, 0.17605543360007836]"
26499,293.5004800247523,959103.396944611,"[0.7204697096861046, 0.09196368338629024, 0.1875666069276052]"
18078,527.5052266146672,230940.4496165976,"[0.03821280774002749, 0.390147149409705, 0.5716400428502674]"
11243,273.4448910279437,660137.321477286,"[0.16953941794021635, 0.4269257013935883, 0.4035348806661954]"
48328,748.7339814474486,377489.0000870602,"[0.08163810239674005, 0.5220310573602209, 0.3963308402430389]"
32644,450.1927671161892,753039.9322066284,"[0.7672364727929787, 0.12131705290835786, 0.11144647429866332]"
39066,505.36780464327927,142474.37875964653,"[0.2171411309224738, 0.29423480160658383, 0.4886240674709424]"
31476,575.4950057495327,694801.1674713847,"[0.006200593586189733, 0.6638851408748184, 0.329914265538992]"
11985,611.1838734251727,958625.0075708028,"[0.40210192127634214, 0.1504721242605943, 0.44742595446306355]"
43602,214.08072273899003,445531.7428829939,"[0.3793066222140198, 0.4881072106305611, 0.13258616715541918]"
39453,64.55940598909737,368783.1388500755,"[0.1778652344633798, 0.33295423403125907, 0.48918053150536106]"
37309,249.64917840850617,325154.47684465296,"[0.09184461395384491, 0.021329592790753134, 0.886825793255402]"
21987,45.74496640960814,205210.9613665332,"[0.22427524583542033, 0.14436010929837242, 0.6313646448662072]"
40304,676.3084984747519,890115.0113563979,"[0.7994514348593118, 0.0046115625819368134, 0.19593700255875132]"
36366,73.50981447364505,211607.230894112,"[0.429858853302188, 0.2386924274348881, 0.3314487192629239]"
42985,218.1932905451028,756468.0708398167,"[0.3365728906191985, 0.16142878429520294, 0.5019983250855985]"
18785,431.90559039491166,784929.2877894577,"[0.5271385979857313, 0.09394733484052178, 0.378914067173747]"
13432,233.1160416271364,173355.88267703023,"[0.35088486811928593, 0.49270420351976446, 0.1564109283609496]"
23394,919.4889096619484,588397.5496410099,"[0.09472175996043145, 0.3923708056498058, 0.5129074343897627]"
12959,903.678368002518,203820.61813491143,"[0.17863373440355448, 0.1511235891357355, 0.6702426764607099]"
1454,933.3834616030684,959071.4671105924,"[0.8894851637191671, 0.008095897352857536, 0.10241893892797539]"
41858,70.63796223814057,364416.39659165335,"[0.7466138487357377, 0.027498358667412418, 0.22588779259684996]"
39369,508.2300918593847,869293.9735193194,"[0.1291276940628479, 0.05081577477245486, 0.8200565311646972]"
3448,836.0305875847008,836506.5549241549,"[0.3243948296052268, 0.5690289696593883, 0.10657620073538492]"
35477,770.4209487062623,498036.1748596596,"[0.3302765806638511, 0.05506963514570687, 0.614653784190442]"
1058,329.88494192115104,188866.52212113468,"[0.38801218121283004, 0.43749295344972816, 0.17449486533744182]"
43038,167.97319860369024,345452.10947547434,"[0.8998786572224524, 0.06359385014535589, 0.036527492632191697]"
29091,785.2286044153095,226805.98146977785,"[0.37229514703638783, 0.4840463201911636, 0.14365853277244842]"
8716,317.6403401559804,482759.4294221122,"[0.3630378449044218, 0.33806443148050835, 0.2988977236150698]"
5148,32.39069329044794,768068.7399429947,"[0.2250378359793463, 0.08818932647907378, 0.6867728375415799]"
40673,988.8205104414192,123849.81220597684,"[0.19895322296057225, 0.07560584724734203, 0.7254409297920857]"
41835,236.7906352498809,706819.1615183804,"[0.5399641915130139, 0.07745490625010525, 0.38258090223688085]"
28708,746.0738020559853,251518.77899582835,"[0.022616054746409712, 0.3061425831254573, 0.6712413621281331]"
7992,696.2033425243854,102511.56171238588,"[0.6727365831310809, 0.12585062001098993, 0.20141279685792904]"
11001,106.40111088228844,257420.1745233251,"[0.11030653459323729, 0.3313783201666624, 0.5583151452401004]"
25288,499.8807194754572,421452.0388962977,"[0.5120857834403424, 0.10673773660445707, 0.38117647995520054]"
44771,476.21992377656375,861135.3985798219,"[0.48161839964611564, 0.2271909946027071, 0.2911906057511772]"
16093,827.866574669341,538015.8443349442,"[0.3002737554117614, 0.4368463780638703, 0.2628798665243684]"
38517,268.18408274371745,169168.3519454177,"[0.10164232715390496, 0.6879640290808868, 0.210393643765208]"
33972,711.023133944717,547347.506206899,"[0.2493097023143356, 0.4512522546947561, 0.2994380429909081]"
48315,428.90493787279286,954697.5403512444,"[0.09976815843851942, 0.15266883256992117, 0.7475630089915594]"
42755,36.18809914728392,337624.23554301955,"[0.493093263890214, 0.3148249732848802, 0.19208176282490588]"
12123,856.1402331772478,862716.6763160498,"[0.2603412518912643, 0.3711873601804593, 0.3684713879282764]"
2689,342.2848995687391,577250.2982553599,"[0.3200035927366927, 0.11556548349137562, 0.5644309237719316]"
14588,114.00316749739612,314317.9809236239,"[0.5841035148561535, 0.3408812179163491, 0.0750152672274972]"
11229,686.0622630540016,587284.2564564721,"[0.08183930034852697, 0.8521921790340854, 0.06596852061738767]"
8899,580.6555630806226,317765.3430493081,"[0.4112947207131056, 0.21569428395056253, 0.37301099533633186]"
34963,19.979614911990613,909392.3319993464,"[0.7626790677499421, 0.07040698125200541, 0.1669139509980526]"
15058,652.2989573140292,954806.8762099674,"[0.07374813249725382, 0.5503820790012259, 0.37586978850152036]"
11186,524.9482718297345,454607.1854589689,"[0.26465293598616, 0.4731456599963224, 0.2622014040175176]"
34464,165.46383430783786,618132.6346477824,"[0.35421812564821414, 0.34155160304635823, 0.3042302713054277]"
34190,520.2903344386491,959146.7331376832,"[0.2671109682676751, 0.2918643377817156, 0.4410246939506092]"
300,736.7239450375127,336758.4041991639,"[0.4898292063671448, 0.05892813346570728, 0.45124266016714804]"
34990,124.70188904973791,850426.3526212993,"[0.26849520142580113, 0.45913248415995284, 0.2723723144142461]"
15474,151.92645760843487,903541.8178782682,"[0.5376551852235294, 0.3462817975488924, 0.11606301722757818]"
377,530.9257196648616,404793.881894296,"[0.25917059731580644, 0.5165915573325782, 0.22423784535161523]"
31603,549.2189346014708,483732.6772077177,"[0.22818052753899015, 0.33046152861181316, 0.44135794384919663]"
21457,700.3642867638226,463331.2749400136,"[0.5818527544664396, 0.23841843422747155, 0.1797288113060888]"
48437,229.65892418859443,239684.00794540625,"[0.14904390667553505, 0.15727902548778167, 0.6936770678366833]"
1096,676.5177485740894,355108.7504992119,"[0.03565967467661262, 0.417759264849051, 0.5465810604743364]"
7387,245.33182421511785,819907.5406875372,"[0.8768406178116696, 0.04721593500557658, 0.07594344718275366]"
6058,839.531399117893,323946.26555769925,"[0.7625423862943341, 0.168313642551412, 0.06914397115425386]"
38923,730.4616307783315,746204.9580416782,"[0.5028957030307735, 0.21454261624426138, 0.2825616807249651]"
5926,835.8236013544856,880539.8066172136,"[0.3067036183141171, 0.42604625515652195, 0.26725012652936087]"
21580,442.0478486006052,469114.321486894,"[0.0410617592357341, 0.1400722168425011, 0.8188660239217649]"
33340,17.374099658358322,787931.0405276143,"[0.22939612192470205, 0.04267866389041588, 0.7279252141848821]"
12253,125.22295195515343,403302.82421296457,"[0.4163286198654009, 0.1633706649680238, 0.4203007151665753]"
15079,770.0495979434296,768597.8008654054,"[0.3358463387412388, 0.4206117976477815, 0.2435418636109795]"
24305,677.2994363639198,458989.0024275244,"[0.39975806449758994, 0.05822848138784163, 0.5420134541145684]"
3,26.43318309989106,625953.997091227,"[0.04431170428395098, 0.9352879562791573, 0.02040033943689183]"
26912,698.6728117789188,592049.2482524593,"[0.5805999665978259, 0.3595696066971675, 0.05983042670500673]"
23738,626.5833025073289,615393.8709438895,"[0.038129073186168365, 0.283731510155592, 0.6781394166582397]"
2375,496.5158773538984,978194.5854900136,"[0.6977196741208505, 0.14379414533024273, 0.15848618054890667]"
43240,211.1814951136506,105408.88981507468,"[0.05577224710401854, 0.6816616637629493, 0.26256608913303214]"
35602,232.13818755102128,335319.8377997789,"[0.17791337844582675, 0.616553710520493, 0.20553291103368024]"
26826,781.3589775323113,875784.6179437166,"[0.9309161269644772, 0.0468993372131234, 0.022184535822399397]"
3678,504.9093177407922,571817.5670653151,"[0.5948341420249335, 0.18178960491073506, 0.22337625306433143]"
25980,75.18510084872747,692721.8023737241,"[0.679647866389397, 0.13561239880948234, 0.18473973480112066]"
10550,869.9206710274557,532134.9400174913,"[0.6050178110001052, 0.24912074824183653, 0.14586144075805818]"
10724,501.1142956047873,567097.8415274668,"[0.16988596559886682, 0.4067973772681803, 0.42331665713295286]"
46544,916.3775342341232,783201.2532219155,"[0.27715700352793315, 0.36964740682768255, 0.35319558964438413]"
48491,404.8804947293958,826392.5626607914,"[0.31696169588312423, 0.36080339192719046, 0.3222349121896852]"
44387,93.43220086453228,780008.5712026705,"[0.6813294898926104, 0.27865371162344693, 0.04001679848394262]"
20598,32.244007304534875,894984.4479171712,"[0.15558805765578598, 0.7062542771714264, 0.1381576651727876]"
44356,934.0276198915265,432058.6670030645,"[0.5105552482463455, 0.23684978025354514, 0.25259497150010957]"
4175,459.3660163189343,884756.4814377774,"[0.2540191723365448, 0.7374452975918072, 0.008535530071647947]"
9716,692.3147530943256,136152.96586432905,"[0.0241219580870273, 0.8367043413409696, 0.13917370057200298]"
26927,169.01220445880514,711242.342952977,"[0.2630858138189047, 0.15551037816647503, 0.5814038080146201]"
25339,345.20489151920265,232520.9265562234,"[0.23933077256072538, 0.38844231400817564, 0.3722269134310989]"
33551,485.18033456397467,691844.3659513501,"[0.028955654343768417, 0.7461634533665081, 0.22488089228972327]"
5020,992.59341138204,753738.1133229058,"[0.17515635012160866, 0.38356066813076856, 0.44128298174762265]"
42020,469.77653266171575,196404.35779754983,"[0.14823836645564825, 0.5431218533829951, 0.3086397801613566]"
9070,464.75487560025226,233458.78970528892,"[0.017835027643853862, 0.04475240619929387, 0.9374125661568522]"
27784,598.6244744334493,812977.1447755937,"[0.256929473637966, 0.045587687175679965, 0.697482839186354]"
14329,650.5889484954714,878594.9376980832,"[0.48218590190020105, 0.036392229685212406, 0.4814218684145865]"
47737,812.7965662995158,638772.2537782898,"[0.06980488272839104, 0.470853908899343, 0.45934120837226605]"
11501,465.2333746507291,586870.3959278695,"[0.5519134694343207, 0.3226177906582683, 0.12546873990741095]"
40221,583.8354916761912,128191.68929390688,"[0.21353259700712346, 0.0021735990054617717, 0.7842938039874149]"
11405,834.1636656686526,619216.1738948398,"[0.1644894465396845, 0.5975393931389879, 0.23797116032132765]"
8878,49.01586601929603,666237.8524507824,"[0.596499026457827, 0.29802547629957504, 0.1054754972425978]"
27203,108.28064368211076,810369.0169740055,"[0.7148180339609012, 0.23634564930643617, 0.04883631673266259]"
363,704.0276617087778,845862.83843032,"[0.11482232393425394, 0.8318261146857455, 0.05335156138000052]"
35902,28.264014219366253,888814.8462207487,"[0.013598544765976193, 0.09373387759173912, 0.8926675776422847]"
5774,323.3000944179423,447087.2921507416,"[0.11344700999372512, 0.4340965633473041, 0.4524564266589706]"
18845,998.0472190189564,445209.90077420766,"[0.6078537305529292, 0.2150238364856689, 0.17712243296140193]"
20832,599.652141447495,780970.4772282925,"[0.12464803688009769, 0.6000184248443727, 0.2753335382755297]"
17455,91.87512055852169,963119.6384093384,"[0.23682183477994503, 0.15053967781008287, 0.6126384874099721]"
2183,505.092070084444,431658.5783506448,"[0.13066601862856203, 0.8572664757349003, 0.012067505636537652]"
49345,853.8556516126847,690115.9303043149,"[0.3200542189024847, 0.20348745276839977, 0.4764583283291155]"
3017,425.9658462871577,135103.51731821452,"[0.17391387779710285, 0.3451274582517132, 0.480958663951184]"
40631,757.5319672149966,836912.7833364485,"[0.0983417923692396, 0.7563511472158292, 0.1453070604149313]"
48214,960.0446036026848,563918.9520544538,"[0.0739677942314206, 0.9151298589347466, 0.010902346833832727]"
22669,281.52573962850346,417116.15096647845,"[0.12926997428079973, 0.3234908827120799, 0.5472391430071204]"
41421,581.9327747489946,292255.1625285017,"[0.4145778093853948, 0.06621314958494832, 0.5192090410296568]"
40042,770.1402451874483,878265.4454391866,"[0.202488838666092, 0.672879647529052, 0.12463151380485578]"
25619,512.8542822281003,571419.4546023145,"[0.24460830627679275, 0.46514746668123547, 0.2902442270419717]"
37713,666.2165462450384,732412.5719175506,"[0.38884937625471594, 0.5249218420206773, 0.08622878172460686]"
3015,638.0792772033369,747171.165886505,"[0.3027201165179757, 0.3576846648857226, 0.3395952185963016]"
16625,783.0507041076432,483574.2645884028,"[0.6725876146092582, 0.2928794613755255, 0.03453292401521633]"
45760,169.00881154099122,822665.5910144545,"[0.23787562724363603, 0.6350099390833167, 0.1271144336730473]"
9379,574.9637426666626,943519.510582759,"[0.5659830882306324, 0.03880748237263251, 0.39520942939673503]"
44146,815.6168632324964,297241.2121778935,"[0.588727796133573, 0.1584036462953371, 0.2528685575710899]"
34697,364.9115196115868,786905.6284243062,"[0.4184691177650403, 0.528566441302664, 0.05296444093229575]"
715,982.6295934699388,462445.8588824757,"[0.05838566319856399, 0.752613498531631, 0.18900083826980493]"
45498,339.1846651654921,242272.8030877271,"[0.5402999430224948, 0.240133786732159, 0.2195662702453461]"
48728,596.679319712416,422915.3030631412,"[0.1471894003314484, 0.057105486929755034, 0.7957051127387966]"
22674,209.2942901894287,533528.3649674703,"[0.13883860699463538, 0.4314834844095761, 0.4296779085957884]"
5394,353.69648175657045,449793.7638163869,"[0.21044653351739553, 0.7039585630370011, 0.08559490344560344]"
2348,619.8868759768777,977085.8267149152,"[0.2565748612297055, 0.5168532667664544, 0.2265718720038401]"
10552,876.7866087757263,396393.0121364519,"[0.6450767134422842, 0.13819262816353534, 0.21673065839418046]"
16609,352.37776767366137,291596.06633367087,"[0.10870421140767221, 0.4110072962705621, 0.4802884923217657]"
49652,46.070263114208025,254111.7971499765,"[0.11557931144722233, 0.4383829676026361, 0.44603772095014155]"
2096,656.9010562256946,499449.55953780026,"[0.8692048223102132, 0.12223695044387993, 0.008558227245906953]"
2619,513.0040266628173,525517.9179896717,"[0.5561892822236911, 0.3450710437807018, 0.09873967399560696]"
11057,233.9897213915473,254777.3678596108,"[0.4095579242367516, 0.04289764745886655, 0.5475444283043818]"
42219,698.4002038215505,186543.5598330004,"[0.16555444582928852, 0.6175135546885503, 0.21693199948216116]"
21211,169.41940683506155,660975.258430529,"[0.05674241683572867, 0.38113328436185284, 0.5621242988024185]"
41974,823.3643714661422,449957.71873128274,"[0.020504319887922923, 0.5736521764849626, 0.40584350362711463]"
24222,755.8801889793668,425529.46292001696,"[0.6544148877060592, 0.2505730828329343, 0.09501202946100662]"
12555,892.5727569828456,409835.4047799889,"[0.3425235638832818, 0.014238180356184843, 0.6432382557605335]"
28655,51.75855907781385,279723.46789935394,"[0.01821339359748047, 0.21530802354387607, 0.7664785828586435]"
14754,14.791792971265682,702845.085590018,"[0.10981964374483077, 0.05813800936236201, 0.8320423468928072]"
6192,723.0285416784366,676748.8282880608,"[0.31857068231852814, 0.07876995909913029, 0.6026593585823417]"
15583,653.0266052257678,835041.1305983434,"[0.7230735437869297, 0.1590568977513157, 0.11786955846175474]"
5850,208.51466340823447,333746.27614930936,"[0.6065104784481624, 0.3529434925127672, 0.040546029039070286]"
43137,449.61193374163,960993.217734542,"[0.09213039999109975, 0.8213729191447693, 0.086496680864131]"
41998,335.5556812129627,411606.9426512857,"[0.6661129930077703, 0.0873518152793545, 0.24653519171287522]"
37297,853.9984696596468,180261.4171657661,"[0.046192125712313445, 0.5296586276805201, 0.42414924660716646]"
25379,308.2705638207189,176429.94366067508,"[0.01713106811695565, 0.8027724292512329, 0.18009650263181143]"
44,787.1852670357866,521130.155696488,"[0.6667299404268846, 0.3098609692061159, 0.023409090366999338]"
2957,905.510901981936,102584.18327060265,"[0.13411614516888576, 0.08356355524400044, 0.7823202995871139]"
28508,167.68035189117094,959075.064147981,"[0.47354835911845716, 0.15415998943601564, 0.37229165144552717]"
47359,848.7968713551962,200632.7328373036,"[0.6922022683018907, 0.04147536770879022, 0.2663223639893191]"
32297,664.961929399147,468564.6861576954,"[0.0562454905531536, 0.23275589598549154, 0.7109986134613548]"
32740,567.2955480595593,506860.3375501291,"[0.0018926934017463798, 0.9148095015908548, 0.08329780500739893]"
19593,676.0388993430106,960868.0190697836,"[0.44772028733734526, 0.49810536894194224, 0.054174343720712524]"
1729,528.7327309879685,103903.72131337202,"[0.5768126497705595, 0.05773396780782767, 0.3654533824216129]"
22556,804.0487060830911,162520.0972713466,"[0.4119212651679006, 0.15093605965622697, 0.4371426751758725]"
45936,921.6098761124476,730438.2615745736,"[0.7891845903656822, 0.0558244817633773, 0.1549909278709405]"
14962,634.49186525761,158772.4769071655,"[0.0005702141510326559, 0.5902426815205113, 0.4091871043284562]"
39236,895.8779357076736,673229.4414135151,"[0.17637155014903014, 0.17174252532404702, 0.651885924526923]"
29939,50.323666822997495,609987.0541356539,"[0.05015869123347646, 0.45493582306721747, 0.49490548569930604]"
47921,264.45510122522296,112070.65702165732,"[0.01870949870811961, 0.3204682929992007, 0.6608222082926797]"
5891,426.5116551822865,704508.8805193434,"[0.075520695359465, 0.3581177396220048, 0.5663615650185302]"
6850,998.9386422401844,515385.5192641777,"[0.11937617367387302, 0.27482421916103167, 0.6057996071650954]"
151,487.63947362738,835658.200324808,"[0.06284188336416308, 0.24638522048604938, 0.6907728961497874]"
13830,875.2600295855935,257691.2791324469,"[0.5061587510607725, 0.3654706030792269, 0.1283706458600007]"
23002,178.23381911758398,825119.0267582849,"[0.5311764170122693, 0.46011549076008323, 0.008708092227647471]"
48219,407.0350588264641,554426.1993108704,"[0.055964548433310814, 0.3204821668746284, 0.6235532846920607]"
10738,741.2056724005535,653216.6356034527,"[0.33393300077757265, 0.39589798185750613, 0.2701690173649212]"
18428,508.68307709550913,463707.8959226619,"[0.0996056184193152, 0.47361789682295535, 0.42677648475772945]"
44287,500.7634136029258,118410.20056781628,"[0.3853169364180376, 0.5792895507685133, 0.03539351281344919]"
12233,522.5021407791611,750335.3815942078,"[0.6303984283886425, 0.3249939701517032, 0.04460760145965416]"
25351,179.5948205894403,746047.8230513036,"[0.2707544441500687, 0.653134052125617, 0.07611150372431434]"
49987,158.34890758560132,279416.683417207,"[0.24742319098948215, 0.36459931678970875, 0.38797749222080913]"
5855,305.2349666382663,469500.87636229966,"[0.3263267168276116, 0.6670329295157866, 0.006640353656601797]"
29991,244.14948257864145,713255.7017638738,"[0.5731788665583812, 0.07764078515854478, 0.3491803482830741]"
41398,244.6157018542556,453886.716462286,"[0.8294134042027905, 0.023416074630129277, 0.14717052116708007]"
9904,654.5040646068218,121880.9730125446,"[0.321680196029844, 0.2803923993567164, 0.39792740461343956]"
37612,787.0242961306508,625570.3771277211,"[0.42285428948915954, 0.18264122698518148, 0.39450448352565887]"
6583,965.5423284406744,934015.370073472,"[0.5988952088676203, 0.38178296414243806, 0.019321826989941726]"
11728,795.9168542099086,400518.2166525911,"[0.0015537257601564841, 0.5294800572383481, 0.4689662170014953]"
17513,814.1664703970143,784809.5583540201,"[0.5401033820828715, 0.29489875791191444, 0.16499786000521408]"
30288,616.9723311626183,128856.94914955516,"[0.49369838161566987, 0.023903184831325478, 0.4823984335530047]"
15972,631.6693669879476,433961.3373416842,"[0.3585750956763595, 0.3595791310670912, 0.2818457732565494]"
26654,827.6839062269332,208506.50773403505,"[0.11879130568163965, 0.47014818536417013, 0.41106050895419016]"
14906,647.8099793645764,213171.4324162021,"[0.3949336567892018, 0.16504276836260304, 0.4400235748481952]"
5460,419.87285743771577,474821.8995059794,"[0.9024051545552425, 0.0493066977359629, 0.048288147708794735]"
40517,461.7369694122698,730796.4328114798,"[0.5733694204432551, 0.03466497801535143, 0.3919656015413934]"
40132,597.786694092589,995485.2849634376,"[0.3789527025787906, 0.41715560733150875, 0.20389169008970054]"
28543,137.13435274676954,352387.1006955494,"[0.10398462973232482, 0.0024592996829329527, 0.8935560705847422]"
6855,644.4293723866913,303272.7215207168,"[0.1333542102196326, 0.1913216654751869, 0.6753241243051806]"
46406,995.482613350498,413299.8909613165,"[0.21304784830319468, 0.6287800415472781, 0.1581721101495271]"
25197,653.9852700088393,102222.91435058072,"[0.10211750095207332, 0.18933792356042148, 0.7085445754875052]"
9052,456.67622115677824,290385.6721321051,"[0.39030548475564175, 0.5004195492557463, 0.10927496598861193]"
43175,301.591690385636,116894.1392940184,"[0.18295547279123103, 0.024623887352325822, 0.7924206398564433]"
25710,754.9776495721096,710610.3396444136,"[0.30480875280331304, 0.37715860497751097, 0.31803264221917604]"
48787,784.0676860725903,507038.2420924512,"[0.3374783063418724, 0.366613264203686, 0.29590842945444146]"
43962,997.0967352885052,404974.7469350745,"[0.6401868370169987, 0.15178431847341, 0.20802884450959122]"
31664,225.1258257236085,722371.2784772594,"[0.6763341995091294, 0.0514483726544024, 0.27221742783646813]"
30596,53.69687161036241,585737.567761563,"[0.2950436967780898, 0.32533253331901546, 0.37962376990289465]"
22421,528.8033851041545,366718.4965524669,"[0.08783461627095397, 0.8466943088017592, 0.0654710749272868]"
700,410.0871346873339,354305.37895095267,"[0.13030791611942016, 0.3069071724056464, 0.5627849114749335]"
18208,849.6100714085284,152077.89868375286,"[0.832758390643424, 0.13178480328867748, 0.03545680606789837]"
11734,532.5559271520538,467198.5996360696,"[0.0756629806261769, 0.6073884811950495, 0.31694853817877344]"
33073,556.0302280757592,693109.609232447,"[0.051009871118751694, 0.2460265460558522, 0.7029635828253962]"
7080,397.2778560517376,145782.22362966515,"[0.25684826414947665, 0.12009171176620322, 0.62306002408432]"
45539,975.8199621321124,494819.67602625,"[0.046128916965369804, 0.6129648196091582, 0.34090626342547187]"
9062,359.2709321639497,363416.59146189113,"[0.45894797456118275, 0.08112253066951156, 0.4599294947693057]"
15316,644.4266081031561,778933.834106385,"[0.03783184679888992, 0.21828564110877705, 0.743882512092333]"
35890,54.44824036373996,797298.9799779932,"[0.5402577881298639, 0.2665917801301803, 0.19315043173995583]"
3291,885.7876436952423,400224.9156643214,"[0.020653522924195287, 0.439661102604214, 0.5396853744715907]"
11254,65.55214236236617,851376.1382585722,"[0.10778669144221219, 0.7354423546765155, 0.15677095388127238]"
15046,359.24800040545506,957329.7257175874,"[0.05230067932509375, 0.9362556942800034, 0.011443626394902942]"
45785,479.8772479312469,604340.2042724057,"[0.19474917025704197, 0.47150233779546735, 0.3337484919474907]"
7321,73.2574337339201,665602.004834756,"[0.3494206236446471, 0.5248560161355655, 0.12572336021978736]"
36045,860.2290301339566,904249.8057872746,"[0.6585356041666323, 0.3410106553839347, 0.00045374044943297136]"
9481,504.186562104172,392979.08848348254,"[0.33306769354313864, 0.3618223834852539, 0.30510992297160755]"
20703,113.32772145033438,381755.8013543351,"[0.061790271934894, 0.3990213897419584, 0.5391883383231475]"
48099,277.135399025423,376071.2580932403,"[0.7651947394898969, 0.12102759339350085, 0.11377766711660217]"
45580,255.47897032721,976041.3885153343,"[0.20727410033176047, 0.4961535704050671, 0.29657232926317234]"
28585,608.3898221269144,926445.762375411,"[0.025510034039299013, 0.8983812016752505, 0.07610876428545062]"
24185,382.0133032880226,485233.6244737756,"[0.1009367131468865, 0.23928022440716412, 0.6597830624459495]"
39221,634.4973132589768,168819.555238099,"[0.08529557983627609, 0.4755710001970304, 0.43913341996669353]"
35026,651.706544100092,984001.947066928,"[0.1295296756351024, 0.21999302115306932, 0.6504773032118284]"
5513,132.77663552779376,866876.08203731,"[0.6708955209254241, 0.13251881055675416, 0.1965856685178217]"
10020,173.73659219373192,878694.3505991504,"[0.6262678771703224, 0.16480768832916887, 0.20892443450050868]"
31437,565.8492775243317,754900.8968942403,"[0.11619289339623994, 0.8152890102348435, 0.06851809636891662]"
1877,898.8983845198893,828636.1709560814,"[0.411224631053493, 0.09757154443945193, 0.491203824507055]"
40910,700.8775520114176,355730.20646378695,"[0.5166767481810485, 0.2736626267339637, 0.20966062508498795]"
20862,349.84347371775283,908370.3978240488,"[0.6305348886558365, 0.3531116406783637, 0.016353470665799924]"
48793,17.772800471480966,683843.4940040677,"[0.058010118610517816, 0.03653129240055924, 0.905458588988923]"
6522,295.3314078740077,432561.72265939903,"[0.6762400499947103, 0.05768262047324878, 0.26607732953204083]"
13008,645.3633085030099,120556.4722224595,"[0.11529972741431259, 0.5169994036835395, 0.36770086890214787]"
45354,725.136126110572,846519.5589703914,"[0.7082124172902001, 0.2204500955493953, 0.0713374871604045]"
12106,806.8886672134602,990340.7187476724,"[0.009816911775935529, 0.9081351112801332, 0.08204797694393144]"
9392,28.88443260766285,574816.1805365921,"[0.5965704795501212, 0.1351851006910443, 0.2682444197588346]"
27753,930.7054295449263,721980.5785887925,"[0.1939068097808729, 0.06622581985425097, 0.7398673703648762]"
47230,695.8580815275411,241048.4513043029,"[0.08847183379386551, 0.550237617551543, 0.3612905486545916]"
14922,471.79980685831583,913545.136705686,"[0.21663067129390612, 0.6616295390986758, 0.12173978960741796]"
30532,952.0512216733886,315451.55877778865,"[0.23819405405417235, 0.47898742431062347, 0.2828185216352041]"
12811,586.8381864019187,533876.6303669754,"[0.6196382215207845, 0.08666037337563103, 0.2937014051035844]"
1622,787.8621567422653,669434.2112795606,"[0.06112721433294328, 0.24823358925764197, 0.6906391964094147]"
11955,193.03645814414503,938650.528980354,"[0.39589363016699836, 0.32539625931744987, 0.2787101105155517]"
42534,318.24077005009406,787730.3954905967,"[0.3751829639483614, 0.18003826489074246, 0.4447787711608962]"
2554,196.5857152808725,830051.3524346596,"[0.07374273909263966, 0.5384728030655024, 0.38778445784185805]"
19536,75.23292368124274,378841.4993866961,"[0.0666689560012568, 0.46226247123044195, 0.47106857276830116]"
16326,143.38789673803515,408508.4837570218,"[0.3484978877123717, 0.36133377765355656, 0.29016833463407166]"
41452,896.3377121903839,893190.3195120355,"[0.0944467734446562, 0.374305237891658, 0.5312479886636858]"
10194,794.1265221414807,256497.87881047625,"[0.0025836168808827426, 0.8743931011191758, 0.1230232819999415]"
22976,867.2602228883889,834972.2981482184,"[0.02345880662522716, 0.8840271355982215, 0.0925140577765512]"
15191,510.15806319744087,468496.9954052139,"[0.597346263922783, 0.05782805082200509, 0.34482568525521196]"
38198,565.9388037850413,855015.7296489604,"[0.5014570413658299, 0.16179384246158246, 0.3367491161725877]"
28365,15.920013220674448,618414.6308184611,"[0.44343334418468233, 0.10910653827339949, 0.44746011754191817]"
49227,363.2516737747473,904656.7195551646,"[0.29545655777006896, 0.6753474256854265, 0.029196016544504627]"
47856,20.33294801713095,963632.5781978014,"[0.26827515183410316, 0.6801213133343191, 0.05160353483157765]"
25471,756.5871173453595,436342.9726401421,"[0.07106348582008104, 0.5477601595792668, 0.381176354600652]"
28248,481.7706789492003,441097.92555971065,"[0.6315967707964246, 0.22701063432222574, 0.1413925948813495]"
39985,667.7211311422309,639700.3903893237,"[0.7561209104088774, 0.19478970945349036, 0.049089380137632393]"
30665,429.5500448068981,938027.5568358144,"[0.4330998964147415, 0.5639925718594536, 0.0029075317258047723]"
12374,412.1576446347128,846390.1211943565,"[0.31479586828781275, 0.005940982847568316, 0.6792631488646188]"
49018,735.5206699967456,583593.558326858,"[0.7059130179734011, 0.06226896623496463, 0.23181801579163425]"
22338,194.92303494671395,728856.057347818,"[0.7116231220324749, 0.17282502241718034, 0.11555185555034483]"
35182,825.7232790383841,945290.7857098216,"[0.42031110757698203, 0.5653810423338598, 0.014307850089158169]"
40272,405.63167423800274,203850.73169112028,"[0.2226825415804783, 0.3785882251522716, 0.3987292332672502]"
350,929.5607204960126,807405.9374938635,"[0.009237459148970895, 0.1897328521264085, 0.8010296887246205]"
42917,361.8781905298868,124442.20003357086,"[0.674649837876578, 0.1068509829533909, 0.21849917917003123]"
46465,103.089530951087,322632.4779005069,"[0.0774517151552882, 0.5324514053964866, 0.39009687944822513]"
47694,927.8056435007076,185014.2246753245,"[0.32797925082056173, 0.02959746725209416, 0.6424232819273442]"
30751,258.96897364796,643919.2521659996,"[0.3978728319316618, 0.5781892448627313, 0.023937923205606844]"
5565,369.7294279997159,420760.1417614362,"[0.39172130099701025, 0.5081896941644866, 0.10008900483850325]"
37351,589.1458699597438,227354.39436846,"[0.04663895887972765, 0.018748334955202235, 0.9346127061650701]"
8776,449.0502585499316,672858.7103126656,"[0.33121815875152016, 0.5582447304661858, 0.11053711078229404]"
35748,324.4846256579769,833225.3326606305,"[0.13350992403842077, 0.15415036776780164, 0.7123397081937775]"
24146,460.3560294805881,334756.3365151255,"[0.4675073616400967, 0.3989887302809194, 0.1335039080789838]"
10887,250.1039290948023,262579.2120619809,"[0.7032813704076576, 0.22036068586646532, 0.07635794372587702]"
36759,850.999813700316,284705.7706485543,"[0.17925870356878854, 0.7943993627763647, 0.026341933654846765]"
27577,346.10964290498566,801061.3707818252,"[0.2248152970849559, 0.3607202144182168, 0.41446448849682715]"
20727,434.5171816629644,370065.7250528,"[0.2269025783541992, 0.22099005696207752, 0.5521073646837232]"
35092,771.7979267189286,701742.0295506165,"[0.14000108083590623, 0.8561223178962678, 0.0038766012678259853]"
15206,794.4119672757657,158954.41590228345,"[0.5723161944682016, 0.15996741619967145, 0.267716389332127]"
26677,339.3541017608202,274153.1075569915,"[0.03592505509218105, 0.650186215769825, 0.31388872913799387]"
38161,704.3288927901854,991939.9487367588,"[0.12536732192962025, 0.6261804318380072, 0.2484522462323725]"
17690,849.3342865420134,536147.6866950213,"[0.6698158241826251, 0.278130435968326, 0.052053739849048826]"
30896,199.7593534557813,168988.8633291148,"[0.3716938436721679, 0.18309011659872163, 0.4452160397291105]"
13033,671.4008646818561,485915.8943446299,"[0.17299757124029613, 0.07438430100366565, 0.7526181277560382]"
22484,103.09099994032373,560800.3448996297,"[0.24563571132456485, 0.35271708689629144, 0.4016472017791437]"
6846,107.67641984355951,107861.93451417758,"[0.3965471984935422, 0.337309063098368, 0.26614373840808975]"
13064,254.6271058467676,417437.7695867283,"[0.396680396776858, 0.08961807073851558, 0.5137015324846264]"
32331,428.9388168653305,215315.8031372484,"[0.1354547108151556, 0.3465549536276112, 0.5179903355572332]"
33955,998.9721436310252,975892.2860760612,"[0.01162504461822471, 0.902051807410614, 0.08632314797116121]"
47870,652.0220255347111,885949.4013945934,"[0.10625467562405741, 0.86943054088579, 0.024314783490152606]"
20971,401.8480327676745,875700.5801031942,"[0.2160653322312484, 0.08094449704786226, 0.7029901707208893]"
41418,182.68120092914407,589133.5803116432,"[0.3055308541276466, 0.24274371695525832, 0.4517254289170951]"
11359,327.36350113665395,339927.571374042,"[0.26682256594801224, 0.22366757564579814, 0.5095098584061896]"
28805,704.2555134351735,375950.5702882214,"[0.05140915492787577, 0.3956509192020055, 0.5529399258701188]"
18125,966.9998709001244,372434.83652163495,"[0.5803664411952334, 0.003009538441538697, 0.41662402036322793]"
12032,700.5397446582081,623394.7492542478,"[0.2234012588548199, 0.6974749173058513, 0.07912382383932877]"
36654,211.07467043317973,116533.10232116056,"[0.16220279981447625, 0.6487527271582425, 0.18904447302728106]"
27845,957.77881818228,870632.4279374629,"[0.8180804914350317, 0.12218147926265488, 0.059738029302313436]"
40399,745.7544040231426,614697.2195532043,"[0.5295792610550903, 0.08302632460558214, 0.3873944143393275]"
40337,751.3399421185002,105541.18241348617,"[0.2433019234359136, 0.6910522172441087, 0.06564585931997782]"
31337,516.7803951450553,526968.2947523836,"[0.4272772765232911, 0.26187142660181356, 0.3108512968748953]"
1559,955.4789444727865,954610.6605273096,"[0.07142195007486954, 0.12025519688884549, 0.8083228530362849]"
1241,246.54687637417368,997695.1137312748,"[0.9123333171431833, 0.08194418172232543, 0.005722501134491251]"
3489,557.4500071475993,252468.42903849608,"[0.3611539179788725, 0.1891111759054153, 0.44973490611571226]"
47822,326.92323212744094,916168.3995290942,"[0.7579353522490457, 0.17319689865084417, 0.06886774910011019]"
6314,932.0746232726297,723513.7649785073,"[0.5392767872204663, 0.08044658944639821, 0.38027662333313555]"
8427,890.9335273484096,941295.5368087102,"[0.026715570398777252, 0.5395891305181121, 0.43369529908311083]"
21000,651.3142058799913,329747.4005876636,"[0.7730963144527145, 0.06362379468351886, 0.16327989086376649]"
8916,14.177943738126183,591929.4837069251,"[0.011342094824337614, 0.6604828581024609, 0.32817504707320155]"
25672,167.88302335356067,738156.3737876212,"[0.28262612117412506, 0.3186095548391091, 0.39876432398676565]"
13640,867.7316419616076,729264.6605308072,"[0.03307837763133776, 0.28331761688990964, 0.6836040054787527]"
2349,421.79457761389006,982208.5867973464,"[0.12488510866912853, 0.7279254267593943, 0.14718946457147716]"
35262,775.903886755673,994922.7535605724,"[0.4177338893947671, 0.22623857828754024, 0.3560275323176926]"
48743,538.1252747448978,192848.54656284643,"[0.20894826842788833, 0.3142844741126345, 0.4767672574594773]"
35162,585.9756122760415,546270.2338076732,"[0.7970699151627199, 0.09805994748948664, 0.10487013734779355]"
43023,875.72159305196,235391.42536857416,"[0.32864636316339824, 0.3535013682552215, 0.31785226858138027]"
30112,391.0743913108647,467639.5691593109,"[0.4323057950630909, 0.3756517687118598, 0.1920424362250492]"
29724,81.54624290656898,121930.64772742978,"[0.4595186509314986, 0.47497904877147273, 0.06550230029702862]"
29445,274.78190665924626,785927.7116266593,"[0.2811668981929838, 0.6330990165306424, 0.0857340852763737]"
49365,998.2215743241372,527218.4078392118,"[0.05918765088809531, 0.2731061031160127, 0.6677062459958921]"
31865,249.26714287568177,918390.140883408,"[0.5845600919694564, 0.28909479963834905, 0.12634510839219454]"
6753,618.1086470299869,518795.63541045407,"[0.7509663044360511, 0.1706982198458955, 0.07833547571805345]"
17287,303.5031106046312,355781.8176268969,"[0.1174471944145969, 0.11833086150722089, 0.764221944078182]"
37449,877.3861440351118,668504.3709022568,"[0.3067269891078771, 0.14932164024793504, 0.543951370644188]"
27905,930.3635546955225,191770.4865051628,"[0.08802878023263726, 0.7304117632042427, 0.18155945656312006]"
46744,992.690276842629,894824.5488348907,"[0.5140927460746144, 0.3703140264901784, 0.11559322743520713]"
44673,859.4971271921983,844740.8061901155,"[0.5469914959864525, 0.23679801810857096, 0.21621048590497666]"
15371,328.59674483356207,267463.64733974554,"[0.3721905246663061, 0.3399578442324368, 0.2878516311012571]"
41761,852.8410461234782,213273.3939647443,"[0.4011930141343132, 0.38002496659220353, 0.21878201927348334]"
45166,95.5604131520507,694420.0305026434,"[0.2433259938026079, 0.5040391598029933, 0.2526348463943988]"
25775,271.8277769214741,780595.1820942134,"[0.3562759653007646, 0.09050695780321989, 0.5532170768960155]"
20761,976.9459039512808,831779.6706809344,"[0.845679329713937, 0.03529555948506573, 0.11902511080099716]"
31537,684.9476330243152,842858.2573818997,"[0.2045279267206027, 0.2561898518446071, 0.5392822214347903]"
3369,335.9347823288533,239349.9008164728,"[0.7155437776068996, 0.14880872587017016, 0.1356474965229303]"
34938,104.82140844302192,240192.46261779123,"[0.43917518720747073, 0.3842877565523184, 0.1765370562402109]"
24992,792.1460916319242,543644.7768298981,"[0.609102019567667, 0.0315113120858223, 0.35938666834651056]"
27240,889.1036652462184,151896.33318084347,"[0.16780022484946028, 0.19941019191520584, 0.6327895832353339]"
47126,209.6590379817256,613980.3146282339,"[0.20910066215311093, 0.3755708727876075, 0.41532846505928145]"
31361,719.2086471167277,794910.4066298067,"[0.5172013920981248, 0.16525567864509838, 0.3175429292567769]"
26888,832.9868653585,840588.5514579447,"[0.3678994844809804, 0.3751804527770504, 0.2569200627419692]"
2909,875.4517676321615,762268.4519591246,"[0.02259499276040464, 0.8103344680966432, 0.16707053914295208]"
8996,950.5972046904926,964017.7514608504,"[0.06506010684247392, 0.040979053694333384, 0.8939608394631927]"
36003,243.4388444199454,838336.6844401713,"[0.6097045240929521, 0.38243647187211094, 0.007859004034936898]"
31584,798.2382599108704,284518.19701246213,"[0.1282568088715666, 0.41212693390718674, 0.45961625722124666]"
9671,994.104699627999,932092.636499108,"[0.00025851270417539033, 0.03126902388023552, 0.9684724634155891]"
43871,320.8275160450034,568999.6083554558,"[0.16981803045830338, 0.6189148601515592, 0.21126710939013751]"
25747,629.7807962395074,364336.65981024125,"[0.42070960503783755, 0.5296715105170555, 0.04961888444510693]"
24143,234.0438451616644,436930.6751457496,"[0.26597984808752223, 0.5318313276155237, 0.20218882429695403]"
19014,170.47913895879157,358557.47448421974,"[0.36773849197278147, 0.1174026872731761, 0.5148588207540424]"
44397,198.7263486169956,584009.3230957126,"[0.7227759698851869, 0.06831408927947369, 0.20890994083533954]"
4132,194.51666959656225,936492.160823074,"[0.12898843275370384, 0.2308041615762347, 0.6402074056700616]"
26704,607.1506001647223,272156.7872897819,"[0.7699243374991364, 0.06713534048984439, 0.1629403220110193]"
44610,682.3721913796262,409916.5725119736,"[0.7512874248478555, 0.0652729626502725, 0.18343961250187202]"
4939,436.9222634813696,292595.4488493699,"[0.7493140872036371, 0.12630595021013968, 0.12437996258622332]"
41618,169.51105760373207,741855.1108655848,"[0.4531814414396846, 0.4823327817106595, 0.06448577684965591]"
343,340.6784444427473,723029.1074088117,"[0.13244532799162467, 0.03173317690074917, 0.8358214951076262]"
18180,388.83577087019495,683036.0010071896,"[0.17659366100670557, 0.5755541673412211, 0.24785217165207316]"
41160,991.315730431292,840996.0081393481,"[0.1530835870060451, 0.26961000868327345, 0.5773064043106815]"
26885,554.5453246860513,579053.6497279701,"[0.01426153462620268, 0.34550595578574606, 0.6402325095880513]"
35190,442.5125970972472,649977.335803229,"[0.4738158235086552, 0.29834412804872856, 0.22784004844261627]"
22965,823.2765924238963,620553.6937648964,"[0.28069568301672326, 0.05912185138388506, 0.6601824655993918]"
48665,388.5758180041276,464422.0459681399,"[0.2141158522603971, 0.32717541395146177, 0.4587087337881411]"
35317,107.6852294838896,311997.0153117645,"[0.3899519999929371, 0.061432599038206526, 0.5486154009688564]"
26092,467.09142210275553,412757.3501511805,"[0.055852588401508634, 0.26436457406181524, 0.6797828375366761]"
3263,158.67815497370813,558122.7880608498,"[0.48901186085597753, 0.34952569299563346, 0.16146244614838895]"
1494,243.42188800329865,614871.6407391384,"[0.06748618530489355, 0.8760511500760433, 0.05646266461906311]"
19957,588.5317070311052,524366.2834610787,"[0.1287826141326645, 0.5118284482081412, 0.3593889376591944]"
28355,371.574619587787,552731.6446198176,"[0.29686379278058717, 0.1941674496369184, 0.5089687575824944]"
38111,214.1221743689612,613595.482662085,"[0.74671406107082, 0.17345204374737982, 0.07983389518180017]"
16296,811.3337531546342,752627.7537086651,"[0.025002400363237507, 0.6655817859258849, 0.3094158137108776]"
40467,652.4318115917641,700933.4309468684,"[0.8083285720082535, 0.16164886917538876, 0.03002255881635786]"
16671,398.9022881217855,825472.2339721776,"[0.4643499218937763, 0.5231463961770909, 0.012503681929132916]"
39088,380.7040056001202,900203.6817295182,"[0.7490913926772712, 0.16971591721727572, 0.081192690105453]"
30091,296.2891096113525,419431.1542492061,"[0.2479971903730836, 0.4207612753865326, 0.3312415342403837]"
47475,348.72651284466923,742289.3874042308,"[0.741717513784032, 0.22773059917880928, 0.030551887037158918]"
7578,115.63209273279598,207798.2516692499,"[0.048009481644341774, 0.10727100109978503, 0.8447195172558732]"
28975,768.0550033714023,215667.4459185364,"[0.6164816497460933, 0.19668451077287688, 0.1868338394810297]"
17232,339.5320027856445,893881.0135226885,"[0.32794918296121633, 0.38587274801591637, 0.2861780690228673]"
5585,157.80501020870668,576274.6448157891,"[0.4166706946398984, 0.49355973309161966, 0.08976957226848209]"
28250,78.37431087250604,833492.7445548609,"[0.09934371438955679, 0.3634261252843792, 0.537230160326064]"
86,538.9556099150088,358416.0122164685,"[0.2660939536859743, 0.0011916213398817672, 0.7327144249741439]"
38533,332.72898634056287,608953.1743788831,"[0.35826690914183745, 0.10281858710366458, 0.538914503754498]"
19644,442.29000764937,551555.4390593143,"[0.3614602337229831, 0.4240549601700437, 0.21448480610697318]"
40469,499.233743401605,681264.4267453196,"[0.37787076931524577, 0.4192813393570646, 0.2028478913276896]"
1248,809.6361525200864,641883.8367464177,"[0.4865063928295177, 0.46810815503756864, 0.045385452132913555]"
13436,895.3777447858213,294911.0725716377,"[0.08299322476112485, 0.7416942979234271, 0.1753124773154479]"
4475,597.8516799433357,947244.9888535336,"[0.7977894267581142, 0.19033762980471342, 0.01187294343717237]"
41250,870.523980526459,589231.8837273868,"[0.26390210242845735, 0.714984878984569, 0.02111301858697373]"
37788,62.023978179453344,643114.0999612769,"[0.2962866183202822, 0.24384176179108916, 0.4598716198886287]"
23750,551.4686764374858,745175.9701854016,"[0.21434858593115613, 0.6454076330771581, 0.1402437809916857]"
19709,95.11940724892254,691307.0502884863,"[0.14646961667430483, 0.36230607243746543, 0.4912243108882297]"
38162,86.83865008442578,483617.43934044766,"[0.563346574783041, 0.11481100160048852, 0.32184242361647036]"
11556,433.0094429104523,352200.0478792252,"[0.01640614619204024, 0.020241973114615865, 0.9633518806933439]"
49511,570.6935602424431,938913.5885140398,"[0.23039833887893973, 0.31980700948850727, 0.44979465163255306]"
31823,466.5866664055071,532261.788902283,"[0.20065868796157002, 0.33763587144005314, 0.46170544059837676]"
42037,493.1331990041783,778084.7829765545,"[0.21736806520882004, 0.4965968238160484, 0.2860351109751315]"
15272,147.21403302074287,824548.010082698,"[0.008490548486258624, 0.6466383890301088, 0.3448710624836324]"
33399,271.0909061991181,754289.7990009562,"[0.20311723076986793, 0.3968238621334435, 0.4000589070966887]"
10038,85.54698103157956,820176.0343507895,"[0.340156598168105, 0.6129987968559764, 0.04684460497591857]"
12986,224.69472969835505,205049.5278973565,"[0.9594485447960901, 0.03231816265183081, 0.008233292552079005]"
41729,228.87171534141532,705834.0804870193,"[0.3357296960849321, 0.22563345216546662, 0.43863685174960126]"
43273,229.4661494685416,424110.8826698049,"[0.628478426828738, 0.1746986218940818, 0.19682295127718022]"
35217,353.21554727282137,812893.8105997302,"[0.13667675398399984, 0.5865559792661398, 0.2767672667498604]"
34514,96.6651544447906,556906.7855443999,"[0.22716837294352873, 0.05083705725514561, 0.7219945698013256]"
3169,766.8155750881157,881958.0007964,"[0.06831973987136647, 0.24667362664207268, 0.6850066334865608]"
49515,279.4335079522105,149446.51550805662,"[0.23811255194930886, 0.5320830396852115, 0.22980440836547955]"
2150,17.9817936168299,719722.1674951502,"[0.3717575112101722, 0.4053963421615581, 0.22284614662826951]"
24482,49.61490320673426,748261.32608438,"[0.13128726860044246, 0.4986178887410163, 0.37009484265854115]"
43988,900.7489853197984,150051.49880098976,"[0.08915245303433512, 0.8967901781673644, 0.014057368798300416]"
13201,309.7249637272748,813499.9214203827,"[0.12650525098788107, 0.7812803789761064, 0.09221437003601257]"
2595,70.39152494434677,820862.9285120573,"[0.08237579389955356, 0.033063082513398394, 0.8845611235870479]"
27189,588.9330576760316,177328.5523036475,"[0.389867155223276, 0.4376919423531305, 0.17244090242359356]"
19823,937.5621458590356,724492.1267456342,"[0.1151871920111185, 0.5263458314822882, 0.3584669765065935]"
15824,94.47952533055997,996444.58671262,"[0.6010235895267955, 0.39569328476364846, 0.0032831257095561643]"
49716,48.32846351941354,427034.06881332025,"[0.3596861677687502, 0.3550668824855558, 0.285246949745694]"
3438,966.8255994068668,817533.8459217872,"[0.6560126557981595, 0.004037067358726432, 0.3399502768431142]"
10123,421.04451118066254,381994.6817802473,"[0.04014991379172925, 0.42339862374680276, 0.5364514624614681]"
11759,591.1175739009798,302541.4317623649,"[0.6630403813679847, 0.17861182123292074, 0.1583477973990946]"
46754,513.9894825575855,288019.1932898095,"[0.857377334787941, 0.004579335101381257, 0.13804333011067768]"
15296,191.85931477512008,570800.0987018233,"[0.037313316830338165, 0.43899862685287294, 0.5236880563167889]"
13268,225.52280733853345,580455.4686254393,"[0.08819959566527345, 0.44047029020351636, 0.47133011413121023]"
28490,854.0073210308614,846047.9551973229,"[0.09054723932737581, 0.35421433485255943, 0.5552384258200648]"
7711,271.1302454073559,635829.7330365464,"[0.7305997940892747, 0.2575890247175311, 0.011811181193194402]"
48446,314.7522355598987,513995.14925091737,"[0.23065058443650446, 0.7409994787518159, 0.028349936811679712]"
14716,177.49558427375638,791671.9353600917,"[0.05689254709308728, 0.12627513276087904, 0.8168323201460337]"
9859,885.9892658825719,823033.5737182858,"[0.6157315001708329, 0.08063297343116177, 0.30363552639800534]"
11296,994.4227155744952,866518.8244958579,"[0.10268689447220265, 0.504502238103059, 0.3928108674247383]"
48692,986.9734263160487,542255.1037993012,"[0.12794100274368989, 0.17066794287124476, 0.7013910543850654]"
1386,405.3918959496981,586288.1640462782,"[0.06995968084707715, 0.5952479573277709, 0.334792361825152]"
44618,284.3342555254942,798307.7149479936,"[0.437235297481742, 0.29276022060091283, 0.2700044819173452]"
32338,11.683387259116518,773100.6882071621,"[0.6637215371617097, 0.04939149677082645, 0.2868869660674638]"
15603,811.5123757135668,753463.1981415391,"[0.1662375168778685, 0.18577224839369744, 0.6479902347284341]"
4585,690.7981566678136,243175.0516857493,"[0.1459925116055643, 0.5762715009911997, 0.2777359874032359]"
8316,541.8230035730159,898423.2232003763,"[0.6196258015566127, 0.03207200345531759, 0.3483021949880696]"
30688,237.4628797456444,651173.2301417771,"[0.024865265654113154, 0.7850345849719228, 0.19010014937396405]"
44621,341.3837497862155,859956.9681990207,"[0.19970455449019706, 0.07780160912006882, 0.7224938363897342]"
25261,776.408755367014,722087.4471083219,"[0.5073713057285295, 0.4863899544381767, 0.006238739833293897]"
2624,293.4286479819417,283415.121490766,"[0.022421036993744453, 0.8148786880680047, 0.16270027493825087]"
20146,69.88993524126374,441140.344823718,"[0.039668142157713124, 0.5673301233742841, 0.39300173446800274]"
46428,84.33455458819023,928981.2980880928,"[0.8346730015098393, 0.08167739709549729, 0.08364960139466342]"
33212,437.4312764514061,105653.30251771904,"[0.2600525097804367, 0.4567800998425753, 0.2831673903769881]"
35754,976.2107104899214,127822.26275143222,"[0.6417551583996941, 0.05867268246654913, 0.2995721591337567]"
27425,500.93132431285625,249188.27245185585,"[0.5784799593055884, 0.39864556572853144, 0.022874474965880298]"
20298,31.768513424811328,870165.7956617379,"[0.009718320317972819, 0.024493034984359296, 0.9657886446976678]"
4947,729.6615912918376,434727.326045276,"[0.14455627720673758, 0.2924141905602575, 0.563029532233005]"
6464,156.78093753139845,333410.4690229956,"[0.3034995222051273, 0.5695634523537297, 0.12693702544114296]"
15142,960.0696312597396,716200.395790427,"[0.5987925512672988, 0.1928048404719486, 0.20840260826075246]"
15105,858.4116960193951,768705.855112687,"[0.3559200716861489, 0.5110248190648672, 0.13305510924898392]"
39497,357.77524913446445,273557.7260557628,"[0.4529124819060237, 0.1278735446622382, 0.41921397343173816]"
40003,639.8454179430033,154540.98429594713,"[0.4160997509737323, 0.2541152950273262, 0.32978495399894153]"
46805,89.021198016443,844894.0003813126,"[0.6173689309155433, 0.21588395687667614, 0.16674711220778032]"
35686,811.3117122171154,764935.0955208183,"[0.49135058538175586, 0.21129497342111977, 0.29735444119712434]"
3158,930.9122058238044,883143.5256177648,"[0.29309535339368403, 0.5954117111449099, 0.11149293546140614]"
17860,75.42101540609684,428552.0516235026,"[0.2881834694687669, 0.0719746929017769, 0.6398418376294561]"
40856,331.0167268663071,370877.63318448974,"[0.08790695259516948, 0.9033206790231669, 0.008772368381663445]"
43869,142.52114407761394,694970.5017758993,"[0.10931477146823014, 0.5054657460461044, 0.38521948248566545]"
3117,282.8449944857192,968261.0928288804,"[0.3881472510991253, 0.31961954468322035, 0.2922332042176543]"
16092,530.0449841358658,242846.9843599555,"[0.16271734885134576, 0.3942700195347286, 0.4430126316139257]"
48038,62.52654977476271,955704.7109378368,"[0.1853652127610337, 0.5180432331204553, 0.296591554118511]"
15943,101.53065614261676,154084.9512259474,"[0.5128014544243625, 0.003442226087051885, 0.4837563194885857]"
38912,985.154388999308,692007.985600596,"[0.23523802380857936, 0.6869742452886052, 0.07778773090281554]"
16444,105.54167172918211,832772.0262971122,"[0.5184145350244721, 0.4570198104902882, 0.02456565448523961]"
11958,882.8549284127198,574778.8687696278,"[0.016625415191427403, 0.38874458163687037, 0.5946300031717021]"
9180,790.1696101869159,241127.0602482953,"[0.5507394738750174, 0.03717018474834542, 0.41209034137663697]"
25565,410.0549495959951,390104.0905280781,"[0.2870777614581127, 0.42490889729598436, 0.28801334124590294]"
37694,948.5631995216212,680245.8051926533,"[0.8376851513892759, 0.03085906681452456, 0.13145578179619957]"
40819,123.66647714171168,377852.8352881134,"[0.41749651383213066, 0.5782198247409494, 0.004283661426919979]"
21638,135.66482337035495,912165.4166172732,"[0.4521937950269399, 0.2047587991748969, 0.34304740579816323]"
45987,388.61730777552816,153952.72903054807,"[0.15505514705754386, 0.11939719649370703, 0.7255476564487492]"
6917,562.6832378868288,989624.4253418036,"[0.037687553333452035, 0.9239998460592407, 0.0383126006073073]"
32939,835.414992564884,333685.63143947406,"[0.12768146700687336, 0.42614264145186315, 0.44617589154126347]"
38949,634.906595790061,900002.0140699412,"[0.10526986739859137, 0.4294512946951609, 0.4652788379062478]"
21845,231.95499053476485,485058.618116164,"[0.4779247189509199, 0.08583701999908189, 0.43623826104999813]"
4299,341.634541345702,408583.6717297589,"[0.15001529420396859, 0.42679032056802874, 0.42319438522800285]"
26709,108.77166495162548,969714.5821011364,"[0.08591265862611831, 0.21850200765504824, 0.6955853337188332]"
46915,761.2802667878685,800321.7332758044,"[0.40882128524553246, 0.30177072535570043, 0.28940798939876705]"
46087,995.2091915559474,398471.0813787944,"[0.5465511132396044, 0.08367204227470681, 0.36977684448568876]"
37401,77.90111234393686,427340.4051598196,"[0.013466297072200479, 0.436505850082242, 0.5500278528455576]"
46370,242.15415647589225,580421.9611815028,"[0.2596682757939548, 0.1371365214049101, 0.603195202801135]"
14378,315.2233572844206,292855.4208720516,"[0.04496741924755228, 0.08794250710620936, 0.8670900736462385]"
19640,841.1227452775588,269565.02256736363,"[0.3653968274733094, 0.012010108733624425, 0.6225930637930661]"
21160,319.2910401937437,546065.1394553594,"[0.5346298448741645, 0.09176104678627782, 0.37360910833955757]"
27628,248.4923169707641,820675.0589678677,"[0.012792170646592412, 0.8116904940993545, 0.17551733525405303]"
40510,711.7505176319578,852637.3081806004,"[0.13274030613971033, 0.01460326703608679, 0.852656426824203]"
10261,372.978088123621,798547.2175486664,"[0.29596623759581725, 0.04144622170199055, 0.6625875407021922]"
6293,49.04072299858469,933039.1192998206,"[0.5054286526737714, 0.4060821373480409, 0.0884892099781878]"
47641,69.07720541780886,587312.9107819465,"[0.04321964257093591, 0.22990912806299504, 0.7268712293660691]"
33257,917.3364127360624,831335.5469575031,"[0.18326422487304594, 0.618910311284319, 0.19782546384263505]"
7294,741.4981472875326,236949.27331518708,"[0.08157263972780214, 0.8593004567950892, 0.05912690347710861]"
43427,305.34234727528144,337404.756816133,"[0.33139680346282313, 0.6390181780969033, 0.029585018440273628]"
1190,68.96558775077303,419224.5488418667,"[0.23139798023922, 0.5387742931265969, 0.22982772663418322]"
21720,531.8664727455155,523334.0775572932,"[0.49733502132931345, 0.4843090567963919, 0.01835592187429468]"
41247,919.6005395149086,543466.5737841561,"[0.6328936090261637, 0.053981073040305104, 0.31312531793353116]"
5639,702.4334512337164,476998.9690009308,"[0.2509885435359742, 0.11229749016121361, 0.6367139663028122]"
21814,487.4119549244896,661152.7778317628,"[0.7868487629428758, 0.06249788850584769, 0.15065334855127666]"
3471,631.9715403320172,577243.845650709,"[0.12117234504747264, 0.47626532063099136, 0.40256233432153604]"
2365,412.34264993106206,281768.4207065825,"[0.49902650277297383, 0.4076600800094653, 0.09331341721756099]"
37700,49.389205162485474,701597.8181213993,"[0.5470757806719891, 0.4212059786063001, 0.03171824072171079]"
45798,821.0769664920983,762693.0952718985,"[0.06732900588300751, 0.7745846635399722, 0.1580863305770201]"
41057,685.6348691612752,163847.57402293838,"[0.27450184200406547, 0.4552662006373051, 0.2702319573586294]"
46776,322.7357759808111,856675.3457691959,"[0.12504961516070603, 0.7260403448216592, 0.1489100400176348]"
42986,965.5806483836571,425754.1367605067,"[0.2855444886585083, 0.28034602794416275, 0.434109483397329]"
1686,360.9439851088169,807674.1926344599,"[0.32140869097974584, 0.34136058689824894, 0.33723072212200533]"
19594,298.8591737171226,540614.2114822224,"[0.4422178220006242, 0.31746054478628866, 0.24032163321308717]"
47591,665.1334964728429,840867.0780041243,"[0.337176454519179, 0.6285466596273042, 0.034276885853516716]"
35564,260.3683952298694,316906.1054580828,"[0.11763018546260434, 0.13241998359191628, 0.7499498309454794]"
25246,310.3780990562553,708237.2630389269,"[0.013967449227554482, 0.9208710800293306, 0.06516147074311479]"
46742,699.1629587915377,763459.6201552096,"[0.678330542630673, 0.26194667336908145, 0.0597227840002455]"
48976,509.8003154668845,568156.2850368563,"[0.6649646568307985, 0.24724603759841884, 0.08778930557078271]"
14486,243.0152696686868,476022.0361661096,"[0.11253644597528681, 0.4404667722392786, 0.44699678178543467]"
48400,27.06960340183772,746942.5729575644,"[0.7962931078362678, 0.13784678588071875, 0.06586010628301353]"
34208,550.7851144926183,560131.3897289137,"[0.08853534224684466, 0.4580239138076995, 0.4534407439454558]"
34586,116.53976518901572,181709.1649651748,"[0.14754307939654238, 0.33564176472839036, 0.5168151558750673]"
18099,81.4190820538896,449481.27370355575,"[0.01719841791272396, 0.1266225847849288, 0.8561789973023474]"
12915,212.26610079122247,260414.6041204891,"[0.025495949530858555, 0.11770341516415725, 0.8568006353049842]"
37425,571.2443841278545,765118.3427081679,"[0.6212750184453336, 0.18675486302922778, 0.19197011852543877]"
31517,936.4355494011268,755704.1763582497,"[0.5906424994006407, 0.15704778814821316, 0.25230971245114614]"
8556,719.1355487698644,658228.2073696661,"[0.40410557843326617, 0.2548547564223155, 0.3410396651444184]"
47740,102.22900681644732,392448.2712069547,"[0.19189749221964797, 0.46393125508204536, 0.34417125269830673]"
8140,330.39536061251783,969141.701770522,"[0.21509930441784608, 0.20294831963581653, 0.5819523759463374]"
14862,34.76793452501279,984818.5598619644,"[0.32333004253633607, 0.08344702511842068, 0.5932229323452433]"
40336,295.3396076024866,325104.7112596615,"[0.3841092432599399, 0.5485711201931915, 0.06731963654686857]"
26338,65.03785476696768,860106.518070557,"[0.37090127287955893, 0.3809293486070622, 0.24816937851337886]"
21808,678.0615840545885,805236.9523996314,"[0.4428934846126531, 0.35485191828772383, 0.2022545970996232]"
45168,774.2982746996493,234021.0674142129,"[0.8220728519949732, 0.05406114305972794, 0.12386600494529897]"
10026,439.98804500624817,131934.63209383696,"[0.35187054382551985, 0.45753262403423745, 0.1905968321402426]"
44269,972.492234587583,111474.05170033374,"[0.13131306758063474, 0.737283469169188, 0.13140346325017718]"
48955,790.8548147266797,501406.10339950095,"[0.5965378083082017, 0.2201578115168737, 0.18330438017492462]"
14160,601.2866166936758,753502.1108812682,"[0.10176221640062387, 0.6920143573964249, 0.2062234262029512]"
47225,80.73999120502037,354080.98106405686,"[0.4710784135170637, 0.40335249090479025, 0.12556909557814597]"
1815,503.012480864139,317532.4452515136,"[0.03365958279740221, 0.09590770138458504, 0.8704327158180128]"
13749,261.49708598067,520226.2627320837,"[0.259687908293925, 0.16762251408866755, 0.5726895776174074]"
5904,827.7846215476962,576566.8875464692,"[0.27653711149216037, 0.5226045487821447, 0.2008583397256949]"
34909,894.1243361716444,606576.6078127634,"[0.03418382856538516, 0.9206004757084385, 0.04521569572617632]"
45031,755.4806454909517,107348.24181268516,"[0.8072003493862879, 0.11805280237330877, 0.07474684824040331]"
31068,362.697272374924,964873.6564058608,"[0.8513802869813686, 0.06736105104422879, 0.0812586619744027]"
21021,71.51867337186906,324990.8003091149,"[0.37422140585615427, 0.3390159732483395, 0.2867626208955063]"
33629,950.5219033151856,734026.9261034501,"[0.5001252876034217, 0.10523113350407391, 0.39464357889250445]"
39692,350.0753119931017,690003.5686724742,"[0.4658844132691029, 0.003204162263373596, 0.5309114244675235]"
16962,558.6884387949856,260776.46278197705,"[0.3648349663489981, 0.2990363247137732, 0.3361287089372288]"
46341,528.8316144095459,352096.07279050944,"[0.5230922351318055, 0.3685114275015828, 0.10839633736661185]"
3387,505.3839668281323,182745.77229025823,"[0.6170088923592001, 0.21678334001577407, 0.16620776762502587]"
8438,627.3466633193211,257987.83886867645,"[0.3582663826725545, 0.15664472839644106, 0.48508888893100444]"
40359,537.697828538672,292009.71047563583,"[0.8139066984767623, 0.1394697511554944, 0.046623550367743447]"
443,852.9634653739589,238268.3991026856,"[0.5420002587630209, 0.2846993878679124, 0.17330035336906668]"
19726,648.7751250972372,847219.6465449786,"[0.14170821060957023, 0.6490482871083781, 0.20924350228205169]"
35611,51.86623588695729,941324.9264297404,"[0.29628533222450976, 0.6994007801029873, 0.004313887672502858]"
19038,64.97260918490646,260594.42689853755,"[0.7676532957253558, 0.1453468068451799, 0.08699989742946432]"
27018,363.3383485717168,880410.1147572901,"[0.0654154705112384, 0.3434406701534904, 0.5911438593352711]"
28103,289.21218599092583,159225.5547087824,"[0.3144351668085092, 0.2583709376245208, 0.4271938955669699]"
48885,368.07426119145725,765064.0701557243,"[0.07003468422477772, 0.38523310219201273, 0.5447322135832096]"
35098,665.2234830833114,646405.4022903444,"[0.03361124876742956, 0.6328942369684495, 0.33349451426412097]"
22131,24.47661328620092,467082.34679713566,"[0.14459369641290615, 0.34940725898113767, 0.5059990446059562]"
10924,980.9272428502222,239201.681082244,"[0.27918152270292346, 0.5115620905901408, 0.20925638670693575]"
42875,811.4783064062339,375237.738072795,"[0.1499728690329242, 0.09476089037446324, 0.7552662405926125]"
25169,680.3760725299886,763083.3046124271,"[0.10009631231735058, 0.3048908262376931, 0.5950128614449564]"
36490,488.4296806023139,159475.13838046894,"[0.13284708628326444, 0.05758554152227742, 0.8095673721944582]"
41847,799.5214104385243,855747.0782101643,"[0.7398025744992875, 0.04415328030111083, 0.21604414519960166]"
20355,925.0618433745758,980775.8881446468,"[0.20500797355745315, 0.6687775759159093, 0.12621445052663752]"
2617,675.261330361244,816588.3154871071,"[0.06383734948208773, 0.38337604135422443, 0.5527866091636878]"
28747,728.0797864931542,777248.3146057794,"[0.1557678887608495, 0.3628449318407847, 0.48138717939836584]"
1261,554.0742113003431,239974.39332409087,"[0.22365330884359197, 0.15423429677497816, 0.6221123943814298]"
49445,571.9302553039736,641780.7889952424,"[0.3870957252386905, 0.4574989850904299, 0.1554052896708797]"
13399,285.9670266850799,199351.2621544696,"[0.597009872224967, 0.2916497318609752, 0.11134039591405777]"
46356,988.8659757580224,894402.8300477581,"[0.11510572059995604, 0.17010707792141733, 0.7147872014786266]"
33635,648.6146920056403,406870.5666826538,"[0.1568370249332933, 0.3458336467185151, 0.49732932834819155]"
48866,920.7344655962044,518673.1966476305,"[0.6515764377804415, 0.16332946262336603, 0.1850940995961926]"
36535,332.3863522022506,803707.4546005437,"[0.3094239157730623, 0.3024436474097559, 0.38813243681718185]"
7300,92.21783347767337,154722.18256795412,"[0.5744360588928165, 0.1083761101316956, 0.31718783097548814]"
14224,30.0778774265486,694146.7972453971,"[0.5959862580388995, 0.13001812283734798, 0.2739956191237526]"
27736,943.0097395023182,559912.6323146964,"[0.4123877227428294, 0.4590008636339257, 0.12861141362324482]"
35145,873.7611921955544,989449.4834136692,"[0.7462393251400344, 0.07461573480288675, 0.17914494005707873]"
10907,885.5538504919235,479808.1947782401,"[0.3309018133557305, 0.24790427000912685, 0.4211939166351426]"
38522,533.7737310077248,818887.2392122563,"[0.7181906615464396, 0.1355090647093533, 0.14630027374420715]"
37805,15.497192314396848,238262.9670237637,"[0.0032300658390866347, 0.7364102348753354, 0.260359699285578]"
8041,655.9859928634486,955902.8021616857,"[0.4524604082116882, 0.2613257035579212, 0.2862138882303906]"
31711,414.5636523513577,286946.90627728,"[0.22122366544447025, 0.34792997832792744, 0.4308463562276023]"
3121,384.1062716533452,803363.718970739,"[0.10214421985152694, 0.059299757657869594, 0.8385560224906033]"
11053,431.7492206925233,217157.1867383826,"[0.446864510766814, 0.1467402690734859, 0.4063952201597]"
13001,291.6726819706801,499900.4103277447,"[0.8974277288815392, 0.04366244115074751, 0.05890982996771324]"
31518,379.5720450064727,672217.1519293659,"[0.02486088191252196, 0.003617379476562844, 0.9715217386109151]"
38694,118.46330105091214,204531.2693286285,"[0.5839420190121457, 0.08832730664978557, 0.32773067433806863]"
5245,749.1599141038171,121087.21416444784,"[0.2679536140579862, 0.696533888149732, 0.035512497792282]"
45035,595.3175687047677,124503.67161980362,"[0.08210757113238815, 0.2984235009245822, 0.6194689279430295]"
34489,831.6821607714753,668376.381070581,"[0.5772369612585436, 0.05609542801167067, 0.36666761072978565]"
6266,747.7966717292404,951296.1013250971,"[0.27516904636312944, 0.7024197036658052, 0.022411249971065406]"
42872,644.1517630619351,406653.0855534799,"[0.06199310979789935, 0.16507614182494273, 0.7729307483771579]"
24458,672.4000719091115,247978.1912731725,"[0.42142880632306223, 0.28183770867726343, 0.2967334849996743]"
45199,311.632871238999,346817.9972915381,"[0.3984379279948399, 0.0024307247786362358, 0.599131347226524]"
26308,323.7803495304243,603445.7064189255,"[0.49021703135540673, 0.4506384627598096, 0.059144505884783594]"
17107,858.2492875683266,930557.2042959,"[0.2996047532444494, 0.6244132359006213, 0.07598201085492941]"
39894,134.27081303116648,554968.2690745792,"[0.9079461617916462, 0.01247308032087532, 0.07958075788747845]"
39797,414.5585986621062,883085.6875275302,"[0.173151585928203, 0.03228732684230941, 0.7945610872294876]"
34640,680.1612670575344,534630.0508271146,"[0.14671454290380698, 0.7543603027164328, 0.09892515437976018]"
37298,359.89427474293853,417120.3618668535,"[0.22344813109816966, 0.0845317676552713, 0.6920201012465591]"
11650,540.9526523442635,602258.7626348236,"[0.02381046298155178, 0.8612625796867939, 0.11492695733165455]"
32433,532.6234277916957,367588.4578680309,"[0.07603001193773616, 0.5783518033189919, 0.345618184743272]"
18570,620.9033198409714,812472.932802644,"[0.03475204944771905, 0.5463247369722153, 0.4189232135800657]"
27264,203.8657783870911,459942.954493695,"[0.3683099326241549, 0.029463190413359056, 0.602226876962486]"
38285,762.2099670128819,357317.1783864766,"[0.2112037541615902, 0.5853644979609869, 0.20343174787742282]"
48097,199.52021263494063,375858.70335852215,"[0.5985289572947612, 0.178974034625202, 0.22249700808003667]"
9056,458.9742058592602,842343.3319575526,"[0.678552839769845, 0.17582938182503022, 0.14561777840512458]"
33393,200.92530329407705,670577.0576072988,"[0.7147327614911397, 0.10334687224089563, 0.18192036626796473]"
40749,837.0230681032591,771175.0656496503,"[0.5174530789428717, 0.34958738033842235, 0.1329595407187058]"
22872,387.8033166495129,102795.90504541063,"[0.08430818532170525, 0.5492477016956498, 0.36644411298264473]"
49699,935.7830787492228,873635.6002429324,"[0.10784839211355855, 0.40739765742107215, 0.4847539504653693]"
19813,934.1201040568176,285817.3081251696,"[0.005393970630259664, 0.7245075871205692, 0.270098442249171]"
41392,278.97768068426734,139845.9141453245,"[0.03720446227708061, 0.5037302966365048, 0.45906524108641455]"
18478,467.8209477810007,768140.1040195086,"[0.3229247590664367, 0.07710560720559258, 0.5999696337279707]"
7964,580.0769853886645,728330.3296290394,"[0.3646316828625773, 0.5798887204994109, 0.05547959663801195]"
9131,398.3220172048321,331520.3211433907,"[0.634499731609731, 0.04668956829542316, 0.3188107000948459]"
23996,161.3345001449557,234613.6544448279,"[0.14019306060667053, 0.21083174041874247, 0.648975198974587]"
23872,606.228607340675,901040.225969603,"[0.10607535919095672, 0.6428156186973234, 0.25110902211171987]"
34972,110.61941682320126,126602.8953628255,"[0.5310269746052036, 0.18190655566930547, 0.2870664697254908]"
26874,789.6886932188097,537298.7568291759,"[0.08003420312057585, 0.9078520496395285, 0.012113747239895693]"
41871,836.2538939595124,333034.0036262218,"[0.5659238433690321, 0.40206757409320415, 0.032008582537763654]"
41784,114.78744440960992,765797.7112121951,"[0.3222979703509628, 0.12441081743981429, 0.553291212209223]"
44309,827.0210617217092,969655.3755238544,"[0.14320162338168452, 0.7526823231565972, 0.10411605346171832]"
32513,384.4827146373042,199445.79740230652,"[0.09194841977099594, 0.8244952989422433, 0.08355628128676065]"
23162,527.7974571855956,230468.42598253576,"[0.8301589880359431, 0.10193585729684766, 0.06790515466720914]"
47424,127.43710294766092,537709.6530845321,"[0.3358954866724923, 0.1295739644248961, 0.5345305489026116]"
49376,142.7068927969308,114959.51321595442,"[0.6678127540754002, 0.32280224530495943, 0.009385000619640335]"
41456,233.3187348018678,196300.4325323556,"[0.3914627323549249, 0.06738558751769663, 0.5411516801273785]"
29507,407.8153324179553,967188.6030180708,"[0.019837208906800873, 0.6445575420977553, 0.33560524899544397]"
10790,560.3964881625448,865064.4677831291,"[0.4057680133052623, 0.5172700765092484, 0.07696191018548947]"
11166,587.8648839204195,875881.6901947313,"[0.10678484534742577, 0.24985714214168434, 0.6433580125108899]"
42599,534.5350557904517,889280.0802022461,"[0.003488989127874786, 0.6816492669801372, 0.314861743891988]"
43107,548.1352913555525,383248.9520293362,"[0.27757611179602604, 0.26614664499728663, 0.45627724320668733]"
11860,371.81839824092896,644576.505712963,"[0.14126850791479864, 0.6857336136047096, 0.17299787848049164]"
21590,616.3017311710184,150173.91882560545,"[0.17977296102382845, 0.585946805318419, 0.2342802336577526]"
43843,923.3826146808332,346590.1274043075,"[0.15569216730875537, 0.1725031869944543, 0.6718046456967903]"
31456,495.8183682587558,145711.00060600054,"[0.05168984849926375, 0.7571540280050106, 0.1911561234957256]"
32659,284.97760964936566,997466.4761827836,"[0.08232952488126483, 0.09612587875945477, 0.8215445963592803]"
19949,606.2950712666438,224616.88532875635,"[0.29297353423626715, 0.2953998497124962, 0.4116266160512365]"
37766,369.7337882545036,109072.55100723272,"[0.28535866590632275, 0.647291740584116, 0.06734959350956128]"
44616,736.5728217620263,327927.1003158041,"[0.568414910872039, 0.0655187717495756, 0.3660663173783854]"
46301,470.56332067667313,210693.1885289088,"[0.049893783644687044, 0.7246615345702392, 0.2254446817850737]"
23054,453.5699038296274,147289.28351256397,"[0.3681763612186874, 0.021095711520951747, 0.6107279272603608]"
37764,537.1134310616535,207828.3975923663,"[0.06652515954424666, 0.48320794612917545, 0.45026689432657785]"
32168,78.9714306981631,907868.9786630896,"[0.40701823888104527, 0.3424147319259206, 0.2505670291930342]"
33905,135.65978007707815,218601.2424127162,"[0.1279632380134934, 0.7338631530953553, 0.13817360889115132]"
34898,431.08027654135975,883331.4399864406,"[0.3790605253521613, 0.5629753546165625, 0.057964120031276156]"
14263,410.2295584204727,187228.48915371115,"[0.0732565160903894, 0.9075043075623132, 0.01923917634729728]"
29533,195.5685983930696,740701.9164377364,"[0.019840844790446323, 0.6073570049674609, 0.37280215024209273]"
25049,881.0960029185442,700108.1267740186,"[0.27648820013831243, 0.19343395860243806, 0.5300778412592495]"
41484,520.6275294519933,105426.3040600719,"[0.43177127017713735, 0.5261581166981381, 0.04207061312472449]"
2448,452.08565061357945,700787.7791357544,"[0.08610330361031115, 0.39301944972010977, 0.520877246669579]"
807,578.9924093193462,156490.1221171139,"[0.5257240221517917, 0.21839541763181541, 0.2558805602163927]"
43836,210.0566112742936,368302.4735996938,"[0.015709572810539973, 0.9258268341668703, 0.05846359302258969]"
28417,416.8259625417095,442219.15756949177,"[0.669688402281544, 0.13792656843507262, 0.19238502928338327]"
29477,709.2894572243713,358567.28577425244,"[0.08084126278629848, 0.6629189643317202, 0.2562397728819814]"
43220,389.55352690707815,856381.5941537413,"[0.18557673071782815, 0.015432133636172612, 0.7989911356459993]"
2333,567.8183993984339,988755.8155422476,"[0.10452725637038969, 0.7047834769803898, 0.19068926664922076]"
2541,349.4659349713928,872193.8896562926,"[0.4105230104379144, 0.5232658411043986, 0.06621114845768708]"
22655,652.1673945896198,562497.4663177398,"[0.2257212822882022, 0.15022980535654715, 0.6240489123552506]"
11852,41.98452401320934,927964.0741499732,"[0.605029068759624, 0.07482007397377431, 0.32015085726660175]"
35189,263.6360553547704,994117.7593161336,"[0.1678778175353101, 0.3161391437697089, 0.5159830386949809]"
28704,540.6340545425184,987864.3500059532,"[0.09837438608836271, 0.6903482794704705, 0.2112773344411667]"
4990,28.10651557694208,248805.5280022979,"[0.14151187157170875, 0.6236591320087068, 0.2348289964195844]"
27914,822.7623461587305,212203.5132251901,"[0.258184874258749, 0.17920035044991253, 0.5626147752913385]"
23035,564.1939330742738,324413.31215116166,"[0.3315855638201565, 0.29022479193665673, 0.37818964424318674]"
42233,258.48666696000043,856164.8544352212,"[0.767476109988817, 0.016371853726507127, 0.21615203628467594]"
42084,504.7723541646995,136495.85531544764,"[0.018130960585335726, 0.2828166573205294, 0.6990523820941348]"
9826,378.1710289172031,581965.8639054587,"[0.07162753371913742, 0.035496385745022785, 0.8928760805358398]"
4353,529.6900420630201,924028.7270441442,"[0.19566493687066283, 0.2821101063176023, 0.522224956811735]"
9602,612.9229542677123,253353.03940982136,"[0.3460374856543128, 0.14956352922012697, 0.5043989851255601]"
33611,318.0681126292299,956812.7545734724,"[0.09945007080364657, 0.5703857312678784, 0.33016419792847496]"
17179,746.4992345410295,304181.76792115776,"[0.0573688460925194, 0.26277000550272317, 0.6798611484047573]"
37259,549.7411024756494,455506.1098390837,"[0.44336835921818873, 0.24943392862582922, 0.30719771215598196]"
22452,553.6334205828664,558486.7991134513,"[0.36463158833180703, 0.32523998044848246, 0.3101284312197107]"
37392,981.5187535759536,866665.9594075963,"[0.0367673739266552, 0.5001860908453775, 0.4630465352279674]"
8030,758.453026521757,727567.2680102134,"[0.3673605014988155, 0.3632021719827611, 0.2694373265184234]"
43197,339.1848285876131,532847.0951851632,"[0.7244485085371558, 0.015987953147176933, 0.2595635383156672]"
38020,996.222606433673,493949.6396692246,"[0.39376790627975655, 0.5591167667829741, 0.04711532693726929]"
38811,126.1608373193158,977315.6185538848,"[0.01994153990707677, 0.18726131647000774, 0.7927971436229154]"
9540,203.2340037541909,126283.85465766696,"[0.11517517678250783, 0.28259562488028694, 0.6022291983372051]"
48591,731.1820208707369,513330.057575074,"[0.393292333944202, 0.4091013567687651, 0.19760630928703274]"
3094,378.8799793637663,766152.212902701,"[0.6263085427649944, 0.3450889508511441, 0.028602506383861564]"
14186,912.4725460661044,163469.25194804237,"[0.39577365658387137, 0.33235261382830156, 0.271873729587827]"
38446,43.87623188181361,599986.8383572976,"[0.054317751844023904, 0.09890289222549449, 0.8467793559304816]"
43194,799.3434308279113,418194.3593434645,"[0.2838161559805511, 0.5847774457528332, 0.13140639826661576]"
43908,381.0084493286347,643864.6444525169,"[0.011660877938500168, 0.36648897811541414, 0.6218501439460857]"
37472,748.925939443386,608793.0411139019,"[0.0799840174105653, 0.41994153979460724, 0.5000744427948274]"
18414,490.5260028297464,859834.9777259857,"[0.16115945509061058, 0.3687782708722269, 0.4700622740371626]"
8449,658.5067170301512,450655.8510573803,"[0.49261632225327706, 0.5007191275289671, 0.006664550217755908]"
23638,695.51073599149,470982.8788248213,"[0.4330579800083156, 0.3104348436032971, 0.2565071763883874]"
38865,823.6791829987254,256683.18500608663,"[0.18245773237798754, 0.6359452580013526, 0.1815970096206598]"
14109,860.7099533075522,849316.2201660993,"[0.14040440437943746, 0.5495027447825805, 0.310092850837982]"
29847,484.1745440375898,683476.0115336152,"[0.3563433440151676, 0.5742938112630342, 0.06936284472179818]"
15309,551.1574922978555,571529.6593812278,"[0.45558088443110323, 0.4442239928318004, 0.10019512273709624]"
24885,707.4232100159494,328189.1590352672,"[0.10826602920230204, 0.25206111416201143, 0.6396728566356865]"
36154,422.2428095182536,581972.7041987397,"[0.3701630493798518, 0.19498859788842166, 0.43484835273172656]"
44141,847.1370195596439,545863.5811324888,"[0.6137879482207856, 0.23189189007271827, 0.15432016170649604]"
34544,937.2410708327848,910737.1998904836,"[0.26277891077018994, 0.1411980932210253, 0.5960229960087848]"
13126,856.6591995004001,474637.3136264149,"[0.3124266148143528, 0.2079617390314155, 0.4796116461542317]"
45702,240.0881603305139,163655.153814002,"[0.03061448919208842, 0.7016250197906218, 0.2677604910172899]"
9134,203.3059663805447,483688.0696991957,"[0.7903664520675564, 0.19422671785974416, 0.015406830072699303]"
46564,355.2453537675204,341884.26881764765,"[0.3443610268157547, 0.06864227286961057, 0.5869967003146347]"
42312,69.66561801029364,928318.0617920284,"[0.6583611954787819, 0.2326021823195613, 0.10903662220165672]"
5471,118.74961800871286,298768.26960508025,"[0.10600036265145321, 0.05740584071531799, 0.8365937966332287]"
38943,718.5467402695043,238511.3751476313,"[0.5304812088131766, 0.22721591992309517, 0.2423028712637282]"
37055,461.0552862169041,866160.1927693629,"[0.6558909025785293, 0.15732906657539678, 0.18678003084607395]"
28388,93.75468674483692,132862.81136610964,"[0.4512640270732171, 0.32787583436178325, 0.22086013856499967]"
25937,609.4923406630339,721477.1947819866,"[0.18375405363905722, 0.3525282632085123, 0.4637176831524304]"
27118,366.4404730732429,718353.8084431592,"[0.06028969770370806, 0.28836238111792795, 0.6513479211783639]"
10712,12.544238147787858,486231.67126646783,"[0.48638505450300534, 0.27444994461424665, 0.23916500088274803]"
19276,636.5060028741163,766371.9467314034,"[0.05635195357213415, 0.551016587648019, 0.3926314587798469]"
19663,845.9494093901502,902166.80182789,"[0.40564420369065396, 0.24198810591897857, 0.35236769039036747]"
53,514.397450770274,594456.3727686639,"[0.35925790447304323, 0.5920533556359456, 0.04868873989101123]"
38086,262.5653321457918,971270.111850605,"[0.3303102883004033, 0.14566949212842575, 0.524020219571171]"
34465,342.4430875749403,165921.69883712527,"[0.6112294675144961, 0.2861762903367549, 0.10259424214874886]"
37509,581.3749549636772,922472.0470075818,"[0.7857172750728205, 0.16745751861631317, 0.046825206310866445]"
31105,660.4470666618566,156841.51610432364,"[0.2916904643948894, 0.6149413439533704, 0.09336819165174004]"
44235,941.3068140598222,411004.9480252664,"[0.38832391805614414, 0.4125712879662782, 0.19910479397757766]"
34800,678.4881638290265,936407.2931712848,"[0.5286303644930045, 0.35124662302821086, 0.12012301247878483]"
4487,391.1185408319578,920301.1033578676,"[0.8318658669228043, 0.16110309533837172, 0.007031037738823989]"
42431,351.6672085706139,103918.34457695956,"[0.056076375263149125, 0.5084989067799714, 0.4354247179568793]"
34802,910.9898168635528,797329.5526930438,"[0.5144007807100666, 0.22730634542113687, 0.2582928738687965]"
45811,148.66512370520243,449495.429424402,"[0.23685519722735437, 0.47453707761056957, 0.28860772516207595]"
33194,356.5291781774971,159710.46106460577,"[0.6350770697535599, 0.35989362108119927, 0.005029309165240634]"
29848,621.1347544980888,356935.7875206298,"[0.3776558763090394, 0.5494120367029717, 0.07293208698798885]"
8242,37.21308959921809,742279.056336407,"[0.054378035073605384, 0.542215783310018, 0.4034061816163766]"
12683,970.2265190873252,286996.9458900425,"[0.41546064928772825, 0.1326646412736525, 0.4518747094386191]"
36359,830.0535390370027,709135.6712387452,"[0.4484113831126986, 0.15709170348014279, 0.3944969134071585]"
15717,264.4537439983327,618444.8398892477,"[0.5677246278051151, 0.3006760157137911, 0.1315993564810938]"
43178,543.5567318525943,891658.4881098239,"[0.10390227945654167, 0.46992523958454535, 0.4261724809589129]"
7279,683.3052502449275,419020.661040825,"[0.4121893840396571, 0.3770614003785702, 0.21074921558177268]"
47754,515.1044354062119,737019.2840349871,"[0.31670247856381734, 0.26780280592266853, 0.4154947155135141]"
3339,709.2137110603916,469922.9504467857,"[0.8810994581384378, 0.03582049969063213, 0.08308004217093017]"
45548,287.4493054584246,515042.6433881713,"[0.0328221689432436, 0.8946366719654475, 0.07254115909130888]"
41977,399.9583868155783,678007.6328372816,"[0.3681194773313643, 0.14157653153354582, 0.49030399113509]"
2530,511.8778871144151,220705.5159057568,"[0.10833235880592491, 0.06455290541297744, 0.8271147357810976]"
20456,896.7745983433007,191401.52208756245,"[0.04307885992874625, 0.4039062352408717, 0.553014904830382]"
27805,599.3035090481679,240971.00408910253,"[0.5450005999421477, 0.1498474403354175, 0.3051519597224347]"
19330,534.3927813594877,413027.88006044587,"[0.3212358272726824, 0.335929034244637, 0.34283513848268066]"
46366,340.72375378458764,780218.954182258,"[0.7247507379693787, 0.2688832245812273, 0.0063660374493939645]"
42247,510.1896953363099,275960.4618830347,"[0.4692796754924121, 0.37296444462616174, 0.1577558798814262]"
21511,187.9815817545151,242955.78186270304,"[0.07552298231914391, 0.6106597182192284, 0.3138172994616278]"
43211,442.1885274200022,454791.0760210561,"[0.4824385421724816, 0.3755284619192833, 0.142032995908235]"
39665,884.1119516967194,705941.0233940358,"[0.17102553014804917, 0.5741480429164414, 0.25482642693550944]"
26176,444.3498795031104,464196.8219919063,"[0.7543483939309331, 0.06033390711028579, 0.185317698958781]"
33945,987.2165129542184,532025.9434616792,"[0.16834710235459205, 0.4193235724491149, 0.41232932519629306]"
21904,934.592891150028,518194.5406057413,"[0.6839656418968163, 0.20096013244128091, 0.11507422566190297]"
18724,19.81349537743732,928270.6941804364,"[0.5518131220291681, 0.0640503173128319, 0.3841365606580001]"
18493,953.106616370631,637687.9254383694,"[0.08279579149433883, 0.5848379908487948, 0.3323662176568662]"
45042,962.2351971122796,867739.1417883354,"[0.24131954943296816, 0.2741247749338972, 0.4845556756331345]"
46205,120.7830766367818,854183.3093633399,"[0.14336598977047488, 0.6177051490474236, 0.23892886118210158]"
37547,694.5437811138403,852979.7211497917,"[0.43585219689230426, 0.12913692099157148, 0.4350108821161244]"
7452,326.7969509533909,430259.0184508989,"[0.09319712335755842, 0.3666612169501545, 0.5401416596922871]"
32125,127.65110561199684,366047.4631874574,"[0.19324095181231762, 0.3350554132908177, 0.47170363489686457]"
2601,63.21297688859108,285212.4133792246,"[0.5000342278816949, 0.2834136420918695, 0.2165521300264357]"
48660,313.56639014279546,587056.9111556809,"[0.4267154649367351, 0.49325084851079215, 0.08003368655247259]"
49658,863.7965289412218,479847.7278770508,"[0.5353804390613339, 0.19533257642823923, 0.2692869845104269]"
23777,731.6153485652293,738271.590795762,"[0.5738477174076764, 0.3911155444603414, 0.03503673813198211]"
16389,512.6738253736096,198154.13035197995,"[0.0367110586089453, 0.27975513473055963, 0.683533806660495]"
4704,941.539110706928,287546.7243958722,"[0.4432104676771462, 0.23762308362380014, 0.31916644869905353]"
47658,711.1277511229067,154320.5653684587,"[0.6389510958350324, 0.284008360001628, 0.0770405441633396]"
44512,387.8553550627248,252712.6518130765,"[0.1301271741711734, 0.3747826962755865, 0.4950901295532401]"
38675,542.3559324971877,892451.8623639133,"[0.2920126078981764, 0.4296826245737429, 0.27830476752808075]"
36342,724.1898285957858,198372.9706024686,"[0.09198500214964345, 0.6522843917751623, 0.25573060607519427]"
25793,315.86091420431586,964995.1439205648,"[0.7902568999051139, 0.12549689851954274, 0.08424620157534332]"
39021,100.49933163375948,818628.776121337,"[0.4249341855186854, 0.13476164943751812, 0.4403041650437965]"
23165,80.10838627423341,269000.9817465686,"[0.5486916952645329, 0.25975908457434294, 0.1915492201611241]"
9174,412.7761464800466,281428.91934927914,"[0.25838061045938265, 0.5584492924085749, 0.1831700971320425]"
19505,22.36803981050363,404417.2812787203,"[0.6776751309154244, 0.20360387769790028, 0.11872099138667534]"
16655,453.7258123564781,473793.1313757496,"[0.18850599452103242, 0.20452918683927113, 0.6069648186396964]"
47337,798.93785236292,816865.3448548282,"[0.24314810185466262, 0.6371570759647801, 0.11969482218055733]"
38513,269.3860228792994,798353.830730082,"[0.32898562964922395, 0.027156297805004698, 0.6438580725457715]"
12947,518.7245537182343,312504.43094984,"[0.18408630731398165, 0.2511273845347774, 0.5647863081512409]"
3129,458.1637312420495,127409.53001475488,"[0.5201245917304871, 0.3600692022374085, 0.11980620603210439]"
12833,957.3686832572672,332481.89168951195,"[0.20334643314934892, 0.5698781139643136, 0.22677545288633738]"
39400,453.7031975464419,928047.1000405388,"[0.03871860080311098, 0.33448900660257735, 0.6267923925943116]"
6352,898.9402759662181,937069.8460276206,"[0.4927391953759793, 0.17834812231072203, 0.3289126823132986]"
26816,94.04586864855013,332830.71751566755,"[0.0283991524475984, 0.4797441790367159, 0.49185666851568566]"
36774,404.2720519700911,674022.3029193841,"[0.5909237080799904, 0.2735356167956897, 0.13554067512431967]"
48106,821.8985437405416,846642.1910625356,"[0.8998163531994382, 0.07679763702435931, 0.023386009776202712]"
21665,709.0203872842001,837376.5224031567,"[0.21134901098319697, 0.5282046635353306, 0.26044632548147234]"
35013,195.39246489231712,775680.459391428,"[0.2764760996615985, 0.28634386105795206, 0.4371800392804494]"
22807,484.7783571882203,860742.5742324512,"[0.7378359057176813, 0.03631611898137901, 0.2258479753009396]"
31405,833.9305491217539,582511.8355240637,"[0.09107094053884542, 0.6911763753212871, 0.21775268413986743]"
35355,583.3494694588535,254143.22906108585,"[0.4619408768153456, 0.41768752593308406, 0.12037159725157039]"
47569,778.643568165066,830233.8947886048,"[0.15839074333251985, 0.6073675277996132, 0.23424172886786696]"
17568,271.9710706500108,238162.0079421282,"[0.39496389068332505, 0.6020789757496151, 0.0029571335670600368]"
46865,728.0249198498808,115806.1460386614,"[0.6005670694192667, 0.3316769762367657, 0.0677559543439674]"
35382,209.77558110459768,838226.8556980978,"[0.810354070948533, 0.14442180833622803, 0.04522412071523896]"
23326,680.4797825030307,691695.5627267959,"[0.008402290895569226, 0.5814976462018517, 0.410100062902579]"
13984,396.5401868152888,493392.7712821195,"[0.06591217193303031, 0.45620110337429803, 0.47788672469267157]"
17390,74.44269652057137,777616.4089659395,"[0.46642497500384733, 0.24204921487676728, 0.29152581011938544]"
49003,425.6438881585752,133979.31060778318,"[0.4961756120746467, 0.07115204053585904, 0.43267234738949417]"
39461,234.86478058061184,585083.8676295144,"[0.04863575529531379, 0.7762718470666063, 0.17509239763807982]"
34029,933.308249982418,677932.270163208,"[0.5684973649303948, 0.17724997003079193, 0.25425266503881316]"
30062,721.7348517039462,464926.2520508345,"[0.5581824933737057, 0.37390272778279354, 0.0679147788435008]"
39321,385.3546661435564,994259.5363580628,"[0.007028691208076888, 0.866602842345858, 0.12636846644606523]"
12592,781.4346770460342,539320.1336445084,"[0.5903903720270062, 0.005768184628249216, 0.4038414433447446]"
42441,401.0031776415176,313309.4403023523,"[0.3291531497569118, 0.10867777821075668, 0.5621690720323316]"
48724,501.1695885740388,945209.9734301828,"[0.0934070374994241, 0.5666957361524632, 0.3398972263481127]"
5063,477.56649371353785,581193.5149748789,"[0.46410866492114844, 0.2354284585029259, 0.3004628765759255]"
1034,833.7095306610535,345669.4512830585,"[0.6942773042064849, 0.27431673056951106, 0.03140596522400406]"
11447,412.7952019222661,476439.6571509336,"[0.09850057276962759, 0.13380578543835125, 0.7676936417920213]"
49969,828.9261726291442,224050.33029076288,"[0.352310211815197, 0.43620972302042804, 0.2114800651643749]"
16086,822.9924023325117,752248.826529288,"[0.017175004194245492, 0.3309109967994378, 0.6519139990063165]"
35441,937.9149921628912,611572.4951157228,"[0.1274474240742673, 0.5242197387585847, 0.348332837167148]"
19892,271.170476299398,548281.2505335037,"[0.3515954462917138, 0.14994251147577126, 0.498462042232515]"
30695,240.3709585347252,318671.0756311299,"[0.1289068611328142, 0.0886622645531589, 0.7824308743140269]"
47350,382.5716926059765,600355.7674581062,"[0.19389900992757744, 0.5426860744527636, 0.26341491561965885]"
25355,803.879142085124,701222.9353486751,"[0.3882568091271119, 0.4178304009770378, 0.1939127898958502]"
20171,961.6892479881086,815571.630732251,"[0.02274929040817032, 0.09694642639331719, 0.8803042831985125]"
39937,80.20839460989467,936942.0383123292,"[0.42171869191960043, 0.12855711794622582, 0.4497241901341738]"
35434,687.0260948861423,807753.5647561883,"[0.49842718701324173, 0.03642624369344364, 0.4651465692933147]"
39668,52.74220468994396,132491.69704590522,"[0.2826663608122228, 0.08869226975076111, 0.6286413694370159]"
30707,275.8095250771599,145938.7384530309,"[0.00637807924220225, 0.6281958916504838, 0.3654260291073138]"
13510,978.665499308208,484233.7872553262,"[0.02991346584839642, 0.7317450104486196, 0.23834152370298398]"
23118,128.7474073879755,484919.699892539,"[0.06296944203648959, 0.13732591537033945, 0.799704642593171]"
25607,36.915679122147246,736844.1111910761,"[0.4714337203043945, 0.48496605781706764, 0.043600221878537695]"
1939,877.651810460093,940150.7557727194,"[0.16475256672338687, 0.1379778207633721, 0.697269612513241]"
6939,159.8522142122299,294037.87015411083,"[0.26951283720697694, 0.25492024249971, 0.4755669202933131]"
39983,645.8031753298338,626218.9917155212,"[0.43643804068201314, 0.4820160096382356, 0.08154594967975135]"
29179,104.28941578586108,432943.2142641562,"[0.38986654803435, 0.2509034834960199, 0.3592299684696302]"
6232,860.4696276914392,831616.1191239244,"[0.6114228394194364, 0.3265325148141498, 0.062044645766413796]"
30317,53.80554098276361,892518.3859954934,"[0.37641897200045044, 0.15974149700051485, 0.46383953099903474]"
31345,410.2221790921492,256897.8703999052,"[0.5637356604917959, 0.23134486439629154, 0.2049194751119126]"
35994,351.96550830420176,161248.18238403185,"[0.5494131228222914, 0.3658208572719847, 0.08476601990572395]"
17969,978.2710941946942,242705.06050431868,"[0.03172192597888344, 0.44538462626922315, 0.5228934477518934]"
34300,705.2238608114226,461252.41405508,"[0.2793753847313651, 0.3439590965027481, 0.3766655187658869]"
27636,343.5910348876246,144812.1802592946,"[0.19543656342218296, 0.21019189651029668, 0.5943715400675204]"
44401,384.58840061204336,667664.0412937982,"[0.5697037885755207, 0.2991569804563265, 0.13113923096815278]"
16565,19.89682445336763,734709.8266154253,"[0.32444646374630487, 0.4698222628903028, 0.20573127336339228]"
42079,135.17564763160152,152640.37979991676,"[0.617264354321175, 0.3772507862844322, 0.00548485939439285]"
18679,286.5656190714166,284476.99907379784,"[0.4026912625367937, 0.12729007721172683, 0.47001866025147937]"
23393,499.0735318712997,337107.4282273576,"[0.4173771928951525, 0.19334114283492396, 0.3892816642699236]"
21230,615.4099166961523,587710.4097722501,"[0.20278535596412922, 0.34251998888427887, 0.4546946551515919]"
46153,54.67557207993231,303446.7854922437,"[0.2671023294974165, 0.6372939097058647, 0.09560376079671863]"
25047,486.90580227950574,329724.2968315021,"[0.13028158105289828, 0.2114637245831455, 0.6582546943639563]"
39527,663.2453813913793,700150.2316432801,"[0.3449625911094337, 0.37760357066736194, 0.27743383822320433]"
15368,314.38647503552414,647848.7230053655,"[0.4256887963889444, 0.15797146949835536, 0.41633973411270025]"
12538,144.80581235782964,791551.7998352704,"[0.3062610705253759, 0.20104180584327508, 0.4926971236313491]"
21819,904.67522419325,522080.6169740814,"[0.47916071506392166, 0.15585399824238869, 0.3649852866936897]"
49901,794.3295463507746,307012.6616748953,"[0.12008596687678398, 0.7792946258617932, 0.10061940726142275]"
42795,417.0720876297801,368318.3336445479,"[0.5140904193181071, 0.22324007152137848, 0.26266950916051435]"
23378,636.9975320778154,419859.9647632319,"[0.106966462399012, 0.038177334460691825, 0.8548562031402961]"
17831,526.055708753147,690696.210203083,"[0.47266818885003586, 0.46990064405136384, 0.0574311670986004]"
34953,915.879333171472,675203.899138029,"[0.46331016562054644, 0.3728663743484954, 0.1638234600309582]"
36397,36.21239159263167,100160.87690453844,"[0.12017164569501275, 0.6676810421745909, 0.21214731213039614]"
43225,406.7501136846829,323959.1655465883,"[0.1525969951174091, 0.7726682555183279, 0.07473474936426307]"
951,741.1819973686596,717327.3360821704,"[0.38863191998444785, 0.5975505525270209, 0.01381752748853117]"
11815,238.42150296089488,934584.1708823484,"[0.1679091693575692, 0.5021765038250917, 0.3299143268173393]"
44319,136.65455487058972,581202.7533944123,"[0.3008517926882763, 0.4540438485606988, 0.2451043587510248]"
20754,871.7903582823607,157018.43758901095,"[0.8632362155843794, 0.07600549547876942, 0.060758288936851236]"
9215,260.9060398111052,472713.09143063147,"[0.5678145198798216, 0.34964317329742095, 0.08254230682275761]"
11264,411.64980672730576,467769.9452882633,"[0.3552840263303726, 0.5322723689304795, 0.11244360473914791]"
49853,418.3082192263566,708402.072665336,"[0.23570561153082453, 0.4465361485803575, 0.31775823988881796]"
37580,293.7826692534669,260465.25075147583,"[0.2903027346398479, 0.07126371931935824, 0.6384335460407938]"
45565,224.19698850879652,404523.7639244887,"[0.33099143391817065, 0.008035965873826057, 0.6609726002080032]"
19991,704.6969833251835,376664.46857112274,"[0.13926688781544164, 0.11437781521626518, 0.7463552969682932]"
36007,463.6671494872961,503055.0675225412,"[0.1228943239531558, 0.7276310545179919, 0.1494746215288523]"
14240,507.7533083916896,756972.8884525527,"[0.3215840290182809, 0.45216672616424636, 0.22624924481747283]"
38853,783.9377282971542,466022.98527654354,"[0.05452058219635169, 0.8049612807495227, 0.14051813705412566]"
26210,103.03561959300391,965247.00620004,"[0.13520756079346033, 0.8294769127049553, 0.0353155265015844]"
23161,39.47152265038908,348627.71833466826,"[0.2617425444151844, 0.5844021306371969, 0.15385532494761872]"
15930,929.8445574793992,367815.803674109,"[0.8328437082064046, 0.11514040224945647, 0.05201588954413883]"
11184,209.5702033478058,290145.5175683339,"[0.39289856026873154, 0.2772588244056837, 0.32984261532558473]"
421,957.9512255728245,307890.3027440908,"[0.39322524143228127, 0.35616891930138767, 0.2506058392663312]"
17530,154.76391660964737,216525.7943676161,"[0.3058764616339902, 0.6100662252581905, 0.08405731310781925]"
23291,803.2702407124062,770627.9130440895,"[0.7958613066422131, 0.0004736756063021238, 0.20366501775148463]"
5263,40.69882813377937,803556.2604980156,"[0.6546196758250707, 0.010178834118376487, 0.33520149005655275]"
14121,273.19539464525826,432201.2491581861,"[0.31722941812242406, 0.5925275840794983, 0.09024299779807753]"
6629,523.7139703311564,325870.2341667196,"[0.7176615303173048, 0.008357548559153364, 0.27398092112354183]"
46611,278.04912551270945,131373.6134733747,"[0.2022302093016279, 0.6596411846281085, 0.13812860607026364]"
539,83.47423070286808,933245.2020058864,"[0.9208973235859867, 0.004766603522317141, 0.07433607289169607]"
8182,134.35795524114488,630062.7354548693,"[0.3224022460379178, 0.29525578926693613, 0.382341964695146]"
27148,167.85687628130358,321507.6023544292,"[0.2953649703924526, 0.061243111198749506, 0.643391918408798]"
21330,424.9431202424975,255492.27896075987,"[0.4730287212274767, 0.20602687941904757, 0.3209443993534758]"
11541,795.2380856009735,236668.32434221104,"[0.3211501160671516, 0.32734256554458424, 0.351507318388264]"
16383,654.1362376536042,900057.5791079322,"[0.6400395569535134, 0.18250161687098718, 0.17745882617549932]"
36757,384.1772843032112,181673.14247402127,"[0.09919718944541829, 0.6976950114246363, 0.20310779912994534]"
11466,582.3278693426885,300562.6834546841,"[0.03513094663973424, 0.31240894889755694, 0.6524601044627087]"
12913,932.3786493615028,184082.3696529164,"[0.1577938501081202, 0.2943575642517555, 0.5478485856401242]"
24845,705.3601768851853,752882.1470143179,"[0.02630008582886699, 0.2878994319086807, 0.6858004822624522]"
26072,731.7239070006007,532622.1960022901,"[0.505207793735838, 0.2535455646824204, 0.24124664158174153]"
4017,541.5345074263273,698998.3254542543,"[0.2962124349145932, 0.061846984981812715, 0.6419405801035942]"
6150,885.1615120392422,989338.818618348,"[0.7207985939761122, 0.07898400651121486, 0.200217399512673]"
17193,437.078380671448,481746.294547079,"[0.7597500088638384, 0.06913890291364812, 0.17111108822251353]"
45930,61.59278908028084,676445.719677572,"[0.055477947395931766, 0.16156982801698122, 0.782952224587087]"
17657,150.3380536282731,476986.5533689539,"[0.5049516068539476, 0.1463681471425782, 0.3486802460034743]"
24057,701.6227921355268,921869.3188274762,"[0.007677414029369384, 0.6582621570186994, 0.33406042895193117]"
12307,157.96466162840426,367151.6882561887,"[0.07103282229013093, 0.6332727981805103, 0.29569437952935884]"
10213,745.0979406273374,757168.9468104413,"[0.0010015241178925067, 0.761160677384795, 0.23783779849731249]"
37846,374.8161114961705,400541.4046129681,"[0.3476536919242058, 0.1709332797051341, 0.48141302837066013]"
41131,386.93906660807977,725226.2374202869,"[0.2467374821529335, 0.20983827679632364, 0.543424241050743]"
30700,98.24135111895202,265263.8384541768,"[0.3396850967391397, 0.15682414352253565, 0.5034907597383246]"
39170,434.5597597952759,314621.37816211017,"[0.16720810844482425, 0.29563916839962967, 0.537152723155546]"
31610,175.99276514174568,583741.005130696,"[0.704657384376396, 0.2531666705066602, 0.04217594511694368]"
15588,379.4328402734015,285252.8067683705,"[0.26267622232432836, 0.01771259167416124, 0.7196111860015104]"
14557,724.3735482586226,242533.1538152368,"[0.12074692893120113, 0.7022615782555112, 0.1769914928132875]"
42605,356.4884446112353,542992.5772969846,"[0.3747489107731045, 0.2785256945350542, 0.3467253946918413]"
7702,750.8827696392556,603081.3262311078,"[0.20029644124040805, 0.715872868089393, 0.08383069067019892]"
45646,373.5931899690392,500940.34926650056,"[0.3639738719454218, 0.43576421734567106, 0.2002619107089072]"
14143,171.365992171044,263466.38565684285,"[0.3218035363242073, 0.5312305861755439, 0.14696587750024895]"
811,113.48052799000844,666479.837438032,"[0.49760823501443285, 0.49580499086511065, 0.006586774120456513]"
23395,81.81856578064419,562065.7088767341,"[0.2943481391651997, 0.4089036221255686, 0.29674823870923184]"
19913,345.7641053907893,741664.7099725897,"[0.3137758813516355, 0.6649130387474388, 0.021311079900925716]"
6327,174.69512205068926,299977.03412274027,"[0.6626320525835032, 0.01124444129789, 0.32612350611860674]"
955,32.9508978559175,372326.114269317,"[0.16895241233978447, 0.44945518575641236, 0.38159240190380317]"
37342,147.78080139364832,540065.0260561067,"[0.9608486128746687, 0.007368869608775765, 0.03178251751655542]"
16174,759.5936818600503,220668.53453683795,"[0.42409707017092607, 0.3680034479627477, 0.20789948186632623]"
28767,843.3930124578752,207143.90958438627,"[0.23985019515711858, 0.2068066662689137, 0.5533431385739677]"
20317,998.6557780965873,590688.4339247174,"[0.07556042676993438, 0.33297167243015696, 0.5914679007999086]"
16763,700.2863015720243,995280.4518473784,"[0.23570387941899834, 0.2681700053117488, 0.4961261152692527]"
8059,507.2557817316691,673522.175424858,"[0.32490829286818007, 0.17507445436113797, 0.5000172527706819]"
21081,83.77070813042671,498084.8540319993,"[0.12991552773060056, 0.019733226684590037, 0.8503512455848093]"
23251,720.5380076287723,165198.08805143723,"[0.2851446645370651, 0.2254322080395359, 0.48942312742339905]"
14042,133.3583039206527,157201.40207022594,"[0.6097331695500185, 0.2797413660127763, 0.11052546443720516]"
21145,151.36552024452877,955687.7615874436,"[0.5659432257132893, 0.022137443302427465, 0.4119193309842832]"
7649,256.8899814330039,170396.5098445752,"[0.3015475411286686, 0.11435129469992755, 0.5841011641714038]"
47032,101.27667974135149,969394.1573969376,"[0.7332966610572647, 0.08446586648883206, 0.18223747245390326]"
21358,692.8023498607167,280095.39196736435,"[0.07513652281467642, 0.7354628978461788, 0.1894005793391449]"
27987,807.6122080403836,607236.4379887911,"[0.1424779267450994, 0.7491436505615175, 0.10837842269338308]"
33122,854.6024548369608,431119.9644936266,"[0.07377622554611374, 0.6464575290452338, 0.27976624540865247]"
24026,309.59418499682243,507323.0063631944,"[0.4623534523678321, 0.4109214594597422, 0.12672508817242575]"
43031,998.7179014102215,322854.35543425044,"[0.249357890239924, 0.44450656901593893, 0.30613554074413696]"
8084,557.7016454141886,486800.4646255603,"[0.05203979878454396, 0.2791376391340479, 0.668822562081408]"
4999,103.39826857564272,440357.335258774,"[0.012986758916463146, 0.10238691240846311, 0.8846263286750737]"
43813,210.8423897799165,826386.8516412962,"[0.3193675078829503, 0.3465294090354253, 0.3341030830816244]"
19290,556.241436808906,462873.2664167878,"[0.05938432591050746, 0.4902158837728024, 0.45039979031669014]"
4218,229.54744221679343,113918.38686316286,"[0.1206700402857107, 0.2652170999246944, 0.6141128597895951]"
21593,321.2054822009463,386949.2102424156,"[0.29129859383172646, 0.31321073214030554, 0.39549067402796806]"
10190,478.6214035779026,617396.4624891297,"[0.5206681447855956, 0.2752059042730437, 0.20412595094136085]"
22645,36.44262663590337,302754.1188899899,"[0.4094212355549931, 0.46460019696184895, 0.12597856748315794]"
33959,401.4784629598123,123561.58265130287,"[0.8072355711566808, 0.1705047981054476, 0.02225963073787153]"
49395,398.5351188079531,810652.3952822065,"[0.2380054672876509, 0.30024959032922605, 0.461744942383123]"
18029,780.5819961299137,517538.8919103959,"[0.5725787092260455, 0.33345164550304784, 0.09396964527090683]"
38456,155.62129213717327,331266.669670512,"[0.19803900976800626, 0.18153580547674375, 0.62042518475525]"
32614,215.22924106816825,693631.0138290556,"[0.7641121788336103, 0.11518613004790272, 0.12070169111848708]"
39554,127.9008273891476,336537.98242840776,"[0.35959268623167534, 0.08098679999914551, 0.5594205137691792]"
47215,810.4993241976748,884920.3517198812,"[0.5355999579428974, 0.0821547858438724, 0.3822452562132303]"
43548,300.3840374581898,631684.4885567934,"[0.41329254975848323, 0.3122194650848173, 0.2744879851566994]"
4207,567.4985913397795,531358.2053842216,"[0.16685506041879172, 0.6787199530630305, 0.1544249865181779]"
7204,788.8272774107204,361004.68365136976,"[0.16133277374393648, 0.3047234277384919, 0.5339437985175716]"
38941,66.77686971124282,694916.1818749784,"[0.13905766861615845, 0.7429774943966109, 0.11796483698723055]"
25062,48.93966223759739,661527.800405199,"[0.6261931461011061, 0.191615585761644, 0.18219126813724978]"
8141,582.8389820750697,967200.4126535698,"[0.6706478025292466, 0.32923668628300046, 0.00011551118775311834]"
48391,516.3045117505505,836232.8284203596,"[0.5020833040650654, 0.3601456254387615, 0.1377710704961731]"
42031,698.7518559904535,290411.2950948876,"[0.17960543127276318, 0.7517484096730433, 0.06864615905419329]"
39012,580.1811431105151,511479.7521047917,"[0.13392926187978793, 0.8568357487663403, 0.009234989353871735]"
17512,729.9801056697496,190313.2155614241,"[0.11152598571295533, 0.42606394607745723, 0.4624100682095874]"
12587,678.6904771823557,962234.2854027196,"[0.6043405892555296, 0.1376731669705383, 0.257986243773932]"
40398,607.7567868853731,611716.4174563976,"[0.15667980721704605, 0.8141936683236878, 0.02912652445926609]"
20730,329.15718356895576,774065.8996415772,"[0.47850777846457104, 0.347033163484139, 0.17445905805129008]"
24939,508.9158178345455,928176.5078902956,"[0.3085970792705766, 0.46829071873072536, 0.223112201998698]"
6060,49.32656643479059,110599.39257769634,"[0.08239951919135616, 0.831217846453292, 0.08638263435535189]"
19739,125.26748807998152,531354.9489671895,"[0.3257458082858674, 0.3721288120034597, 0.30212537971067294]"
41837,79.05700797061907,652740.7838453221,"[0.16691634174522083, 0.34099653310767103, 0.49208712514710823]"
47628,617.7523283452783,304277.7852795568,"[0.1003346576018699, 0.03609204708536801, 0.8635732953127621]"
10747,815.7585424261194,384771.9590230977,"[0.12246411378131543, 0.4200208886470751, 0.45751499757160957]"
47603,169.33190082669873,170629.91157201884,"[0.1712235236598353, 0.10796123745949153, 0.7208152388806732]"
33208,204.05500948583767,555091.8553463938,"[0.8991981548287343, 0.027077337079059266, 0.07372450809220636]"
27320,739.4630993167372,607590.6415964882,"[0.6121451339583319, 0.1446003976097234, 0.24325446843194468]"
7506,888.3338798315888,673149.8211913479,"[0.09121658163622322, 0.37478609541266006, 0.5339973229511168]"
9926,645.8147294186728,392839.6062876113,"[0.487151319012541, 0.15167838436284034, 0.36117029662461847]"
24616,543.1288647138038,687574.4043246863,"[0.09538255473077321, 0.3138336133272523, 0.5907838319419745]"
21127,949.7950046573504,365500.13441703375,"[0.07621894121516967, 0.8546232532830871, 0.06915780550174325]"
38771,368.0409238047993,513153.12547141645,"[0.04901365969895592, 0.8511031821023601, 0.09988315819868385]"
46614,327.16923638734625,429619.9815920037,"[0.04103010439117206, 0.15246619652388582, 0.806503699084942]"
27008,911.1235999570428,818669.1469143059,"[0.5319592793321886, 0.246904308449677, 0.22113641221813446]"
18190,770.3333665614308,310244.2248003087,"[0.6092648501780283, 0.0037710658238028034, 0.3869640839981689]"
28737,536.8811786854372,809335.4636644496,"[0.18730805175532572, 0.5413205027815569, 0.27137144546311737]"
8929,57.19312059631356,720169.584539355,"[0.10129292701421441, 0.30015836870081797, 0.5985487042849675]"
4443,578.8903916700855,380739.6605139696,"[0.38692121222119286, 0.3943308459049832, 0.21874794187382382]"
12951,618.9771401582991,602519.8382210345,"[0.45826268893417865, 0.15378466604273427, 0.3879526450230872]"
15885,460.94744937438486,398782.2848373935,"[0.08960078437602904, 0.44475256928165563, 0.46564664634231523]"
11115,841.7358965858018,112342.7532279778,"[0.22111925490191534, 0.3286219257156101, 0.45025881938247464]"
46961,96.32723443147631,328917.8295895604,"[0.5645284760609808, 0.0013040767667690677, 0.4341674471722502]"
30528,254.512264806,147401.41811578049,"[0.2996806233956242, 0.5027289373748776, 0.19759043922949812]"
49434,954.218051614895,374624.4854443797,"[0.2500173515872714, 0.38920419236110815, 0.3607784560516205]"
22678,268.51562125654635,358278.37230760825,"[0.22132168804971236, 0.17483248250812883, 0.6038458294421587]"
32130,177.44177978075305,263134.1148980817,"[0.3934188879427894, 0.25805844294508057, 0.34852266911213015]"
33059,402.4485023376034,379822.25054930337,"[0.26747808607592727, 0.3265465575009985, 0.4059753564230743]"
50,807.9115056600135,921947.734360077,"[0.4501741313772709, 0.48613392242446885, 0.06369194619826024]"
22698,116.94862752593906,280755.1409446816,"[0.7514199118379662, 0.15394577945612287, 0.09463430870591104]"
7451,329.4608459980081,949614.6179843956,"[0.24612424407021394, 0.25226684964883367, 0.5016089062809523]"
26508,158.55286833681973,155146.92942861444,"[0.06173929892681733, 0.8368437995230724, 0.10141690155011018]"
44139,83.34000428692985,881504.3697162265,"[0.36777918386677144, 0.2616954115506617, 0.3705254045825667]"
14690,293.6095846619046,610022.2466890907,"[0.212864783439214, 0.054986672040219585, 0.7321485445205663]"
8273,91.73156630739354,627032.3642785848,"[0.11492564617962324, 0.26942143850826983, 0.6156529153121069]"
46501,326.85372333825006,346436.05310487474,"[0.23545528253704262, 0.04798009579378695, 0.7165646216691703]"
41347,215.94537841824032,582080.4245733394,"[0.16197871459146945, 0.7017705542529569, 0.13625073115557365]"
32916,24.784846152263604,807430.7037907686,"[0.7312775266644195, 0.26732270470976344, 0.0013997686258169816]"
41628,34.72395342570614,121312.10240071152,"[0.6528502740077645, 0.20202726354278472, 0.1451224624494508]"
13836,123.32937794249764,453972.8119851662,"[0.7705641227254423, 0.05036554303190569, 0.17907033424265215]"
31191,789.6944005085721,788429.9069998066,"[0.8643214321515661, 0.026067716665931436, 0.10961085118250236]"
5033,915.4801787842616,184753.7858022207,"[0.2904295720898077, 0.15626287764907404, 0.5533075502611182]"
25949,538.3882261222174,389516.5263808292,"[0.703068494128005, 0.18542534869614138, 0.11150615717585369]"
46141,697.6333553089503,204031.41992408328,"[0.6813038499555034, 0.05024537000356273, 0.26845078004093387]"
43903,637.5176266028895,780448.1140570897,"[0.5311824225979302, 0.20896664983624622, 0.2598509275658236]"
29005,208.39205951350945,987042.0749588584,"[0.20205424059851582, 0.06160605509391617, 0.7363397043075678]"
30859,802.2800489464976,227095.66011721827,"[0.3132571027470481, 0.004654803677569645, 0.6820880935753822]"
13684,541.1478105703904,385833.7232730485,"[0.4252390823949888, 0.4243336502283397, 0.15042726737667153]"
9957,211.1020123773881,488100.1866503143,"[0.18081905991939512, 0.5362430406287275, 0.28293789945187736]"
9674,632.7490517369625,943086.205892798,"[0.3839077191302486, 0.4066778926480376, 0.20941438822171377]"
24625,264.7412809250794,384464.25478013646,"[0.25307179919907624, 0.20086815320335338, 0.5460600475975703]"
21846,183.54094267450785,395123.04217239225,"[0.4311253685851198, 0.5329476239194306, 0.03592700749544961]"
49834,737.3644398060733,919773.6325895244,"[0.21269495177371617, 0.3735679130888497, 0.4137371351374341]"
16466,251.2902639649768,537399.3491339698,"[0.0014374625732920443, 0.4370139145320126, 0.5615486228946952]"
42561,741.8525297492616,700515.6250701424,"[0.47634511850782596, 0.05784435369839413, 0.46581052779377985]"
30297,791.1400177303564,922190.1833813358,"[0.6797685797693275, 0.21107629472182945, 0.10915512550884299]"
38347,167.90145175611156,471498.7897583528,"[0.5573753442573104, 0.41468224014430904, 0.02794241559838068]"
26233,242.33606382272828,412040.3092747523,"[0.015344428522986021, 0.9537741139901983, 0.030881457486815648]"
3885,429.4235872311384,187700.7817193776,"[0.014037812576187907, 0.9671143120843756, 0.018847875339436482]"
4409,327.7894114436764,883780.6912670435,"[0.18679002391325553, 0.6692921499361904, 0.14391782615055412]"
14554,351.3228431471904,757451.3818480632,"[0.02876075087519932, 0.028075435573134782, 0.943163813551666]"
9809,585.148137618144,280984.22199425905,"[0.17462323311311767, 0.07273004666666937, 0.752646720220213]"
13876,539.9344466350481,594146.9204953851,"[0.6633631073339287, 0.0994861051415473, 0.23715078752452393]"
28129,321.88073742001666,206796.1089988933,"[0.11911939970081997, 0.2252295830808319, 0.6556510172183482]"
5539,501.95998504967935,494048.5943800319,"[0.4549187677584994, 0.37847273011399124, 0.16660850212750936]"
37874,842.5500062801372,828971.1954676874,"[0.11526655940450538, 0.054491974734212606, 0.830241465861282]"
31046,293.13112686663493,352872.99966133776,"[0.2798302157099268, 0.7123180486453813, 0.007851735644692078]"
42942,485.7109072881772,336841.56645487325,"[0.23319836855240145, 0.2275532666183043, 0.5392483648292941]"
24708,129.46033077238206,793682.9998848039,"[0.071237549386007, 0.3722480337360841, 0.5565144168779088]"
28385,59.2696632312878,567524.7280434007,"[0.35646738410154366, 0.3427386436420005, 0.3007939722564558]"
14903,682.0754980587608,306834.2042088872,"[0.3100296236694752, 0.23015785084042056, 0.45981252549010415]"
18168,695.2468256840535,764955.625989373,"[0.4455756421269433, 0.17484874681501794, 0.3795756110580387]"
27790,234.01715306996832,568869.0094227118,"[0.16525024894227638, 0.5376701627194738, 0.29707958833825004]"
1045,883.7849779118494,502278.5854920694,"[0.01011388086901982, 0.12651244980301898, 0.8633736693279612]"
39089,980.5310185774588,609241.9926492579,"[0.18756295280036425, 0.5969914158813048, 0.215445631318331]"
49183,205.30205570959848,966217.5176569944,"[0.031609560030955455, 0.8740244327309032, 0.09436600723814136]"
47066,593.8172090306057,807953.9226815405,"[0.008208275573278082, 0.8440851159109677, 0.14770660851575415]"
38075,58.80828038836262,488476.0156099248,"[0.1467221104150863, 0.15064055470370785, 0.7026373348812059]"
48592,616.7414496839535,288275.05808360083,"[0.7019009146614271, 0.10867340888849071, 0.18942567645008224]"
5452,67.51062204742237,716490.4822707059,"[0.13402291553914844, 0.23232782717835382, 0.6336492572824977]"
21015,356.9617643919106,841685.9546021455,"[0.608905649016072, 0.2435341618936699, 0.14756018909025798]"
13338,26.76920170826488,615192.757071157,"[0.5036584188120649, 0.039044620443216334, 0.45729696074471887]"
42109,132.30996996170572,272633.9483300676,"[0.18890298158188243, 0.048977459639762404, 0.7621195587783552]"
5831,323.459122944084,869028.2383573252,"[0.2112507804344133, 0.1776128705811224, 0.6111363489844643]"
47838,282.8166870662154,679489.2765358705,"[0.20805374604411464, 0.4473213618286075, 0.34462489212727804]"
6968,745.1783332638485,699905.7217939891,"[0.5911505196843064, 0.11706552901598072, 0.29178395129971285]"
2070,738.8869204956343,675123.0851895363,"[0.32000062490987113, 0.42845652010841834, 0.2515428549817106]"
48054,260.26570034790257,344385.2301212433,"[0.5908721658191332, 0.1718137020155011, 0.2373141321653658]"
31600,320.83073461199666,965360.6868718624,"[0.7944450786504704, 0.17036366954354867, 0.035191251805980824]"
4111,277.1915507154102,575586.9245010288,"[0.42425260963299777, 0.09857686491282373, 0.4771705254541786]"
11461,849.5144658118688,562784.2289948509,"[0.3774751245188374, 0.10516806472732305, 0.5173568107538397]"
1433,340.42815145866183,365978.8915555004,"[0.2753846375758448, 0.5844603173084083, 0.14015504511574697]"
11630,882.9415944653857,137028.45529809518,"[0.15038451297694083, 0.1161565320027902, 0.7334589550202689]"
34143,624.2716361504076,436490.3847616338,"[0.71062342868758, 0.05687457280584575, 0.23250199850657435]"
11770,795.1170719425783,937994.8021198242,"[0.2597823349009642, 0.6066300270584585, 0.13358763804057736]"
37396,254.9532839349364,759584.2675245812,"[0.30146297449587295, 0.6156163396234472, 0.08292068588067986]"
16827,421.6602344242975,778796.48219719,"[0.7962001180963074, 0.05565544533524371, 0.14814443656844875]"
5259,476.72279046261934,883826.6926264424,"[0.744064577342797, 0.05591419226033611, 0.20002123039686698]"
7614,287.0732275237908,793393.6910423492,"[0.871851267239035, 0.06550955817350845, 0.06263917458745642]"
12969,320.9378450985301,964003.3461823164,"[0.06512365368593862, 0.7659882217223993, 0.16888812459166194]"
34482,750.6762228695185,581718.9279670436,"[0.18314689328626774, 0.0780249665592634, 0.7388281401544687]"
21005,158.08199568164554,387501.0100220432,"[0.18223395843104165, 0.35890375577833394, 0.4588622857906243]"
7028,621.9712218317193,288945.8359124446,"[0.5078858018513331, 0.3199702018129015, 0.17214399633576524]"
15048,545.5492882289966,184304.0519958107,"[0.5435733166151275, 0.09151022958492566, 0.36491645379994675]"
32853,469.9130030194395,180327.52525824367,"[0.868376843868285, 0.006594530919261867, 0.1250286252124532]"
36294,965.6055363398224,696771.6380892856,"[0.42417780436937663, 0.16464202022206376, 0.4111801754085597]"
8870,731.4779418693267,845702.6617688587,"[0.9183044720150073, 0.0631314763647808, 0.01856405162021188]"
31064,563.3462886493884,447799.0839177412,"[0.28593450332048687, 0.12294790303911823, 0.591117593640395]"
23678,477.8559140752976,468132.7719929952,"[0.6640661544515101, 0.014221395794862235, 0.3217124497536278]"
7089,942.2817140001124,839803.08791391,"[0.07106068850239163, 0.14607928557421412, 0.7828600259233941]"
17752,746.0722234639392,387693.2670168149,"[0.4348690770557387, 0.4909088861236047, 0.07422203682065646]"
21822,185.10790316192453,737262.71339446,"[0.10654467684571634, 0.8040021757121985, 0.08945314744208531]"
35567,394.51306356544,612278.5321332663,"[0.5222755590739527, 0.4408843760572291, 0.03684006486881836]"
2140,347.34242936636474,172401.1656506203,"[0.625822733095573, 0.2372431964747374, 0.13693407042968953]"
6947,169.0489358359592,796821.5656477405,"[0.5679454417091933, 0.24247962305892606, 0.18957493523188074]"
40043,611.1246232785721,753779.1000796093,"[0.46204373027724266, 0.3452681615556873, 0.19268810816707]"
34554,662.8916927945895,115736.67351658328,"[0.16834558245040024, 0.12636623140112865, 0.705288186148471]"
40679,389.9563327981343,836166.6894230447,"[0.3894715237710745, 0.07033651968946059, 0.5401919565394647]"
41935,607.0320569582145,794003.2882356285,"[0.7895723630617252, 0.1275466347004667, 0.08288100223780812]"
33425,356.1892867034132,407905.5936054628,"[0.582553750183557, 0.3679828133621418, 0.04946343645430111]"
1842,224.1174393157345,868862.8830406528,"[0.9036590470887762, 0.08762903175669476, 0.008711921154529088]"
17330,26.84515388828956,631938.73792949,"[0.7561842069208412, 0.23810666749527404, 0.005709125583884795]"
47561,351.46269916761327,201781.6382985987,"[0.5504993425598995, 0.25230477132030404, 0.19719588611979644]"
5386,734.507500351436,207095.92859489264,"[0.32227714878480207, 0.276175136782859, 0.40154771443233883]"
34868,338.823789258842,119462.91399858682,"[0.16115084420056291, 0.5100272244434764, 0.3288219313559607]"
36159,473.4586685739395,952690.225432155,"[0.06901622821280037, 0.3495968044901623, 0.5813869672970374]"
43384,837.5396651177202,457360.1575154533,"[0.534016507273573, 0.2505665879439734, 0.21541690478245357]"
35283,946.9991582667546,308280.92709877924,"[0.11395636537690078, 0.46401173698208464, 0.4220318976410146]"
46088,622.491600596777,460227.48772727646,"[0.01782118786328031, 0.1672034477642993, 0.8149753643724202]"
44049,522.0947734192589,454777.07897095307,"[0.08058511993782894, 0.8939075615579656, 0.025507318504205543]"
10067,921.5454474002366,441983.9921947928,"[0.1197358626261502, 0.1326433931091868, 0.747620744264663]"
20524,395.9698627194917,523978.6893586544,"[0.578562894830757, 0.28351636298482824, 0.13792074218441477]"
9520,216.07307393601528,348263.58060176927,"[0.7070883123703564, 0.23439684544839764, 0.0585148421812459]"
2249,682.0157679217976,674054.0233121539,"[0.6146389546603687, 0.028525828890027118, 0.3568352164496042]"
21879,715.6412645143233,637010.4790408475,"[0.6402319130807199, 0.3371359628981789, 0.022632124021101357]"
17438,787.9782528220449,805217.3433438569,"[0.1671012159881375, 0.031711953657407546, 0.801186830354455]"
48257,169.72991299223952,788986.0836749878,"[0.11698290359798663, 0.5900689143549925, 0.2929481820470209]"
22692,62.19266943355319,484555.0945553098,"[0.21747622345306988, 0.2600062546835282, 0.522517521863402]"
44271,960.665636348872,823999.3154664582,"[0.8238545798470257, 0.07235433163321468, 0.10379108851975956]"
11051,832.2164952579255,785053.3685075303,"[0.04174083441208371, 0.582601681051899, 0.3756574845360172]"
28025,781.9719714118463,123473.16500530762,"[0.1404356099451547, 0.28356518735746966, 0.5759992026973756]"
47709,246.44546278881973,423785.9139111715,"[0.8221346394229437, 0.1427305106376208, 0.03513484993943541]"
1091,779.354577927611,875868.2731634519,"[0.14868495585302702, 0.016542650980821843, 0.8347723931661511]"
3053,111.54905518950729,122372.64856334782,"[0.6349650566615782, 0.18490324754786713, 0.18013169579055469]"
27899,332.54004789151674,137053.5331768532,"[0.8801820311384803, 0.08506116373284422, 0.034756805128675614]"
35733,856.0408732017839,160420.72638981935,"[0.7103091108835871, 0.21602912130074034, 0.07366176781567274]"
48424,286.65835941079274,607094.7823769338,"[0.7037603081143057, 0.28524410622275864, 0.010995585662935518]"
20801,467.83768710905207,699746.0016788389,"[0.29441777787000206, 0.4789109958379394, 0.22667122629205855]"
47346,482.72412543998985,944693.3976748016,"[0.09393934920159495, 0.7275608363349823, 0.17849981446342292]"
4824,887.9627016290892,273495.7107677397,"[0.7721775532194791, 0.1187854477856565, 0.10903699899486438]"
25811,596.9356286065854,401498.9956364564,"[0.03537223930411664, 0.25868954497744623, 0.7059382157184371]"
7271,252.9711913549824,885655.9996240498,"[0.4648386902180504, 0.35508857995001436, 0.1800727298319353]"
36396,914.2118778616892,577936.0162866401,"[0.45274554692181435, 0.29757543417633897, 0.24967901890184674]"
11990,442.4194092158891,133119.80243005804,"[0.38552613963416055, 0.05686891436080828, 0.5576049460050312]"
36198,190.505669698439,100790.1185625056,"[0.10429075792627437, 0.5163552449411983, 0.37935399713252727]"
19715,19.414948380023656,173862.81109270678,"[0.2780670734233256, 0.6354805019275364, 0.08645242464913797]"
15201,727.261666642598,229153.9612011661,"[0.33721468012368366, 0.5760695542429718, 0.08671576563334449]"
29619,710.013093253782,312020.9354889025,"[0.05751287600216143, 0.2214170386019031, 0.7210700853959355]"
16899,376.292131974907,556942.9631298981,"[0.08366384326487096, 0.6929257574813964, 0.2234103992537327]"
20152,796.4005040989435,591235.3909065444,"[0.3262273954936526, 0.4126052513536122, 0.2611673531527352]"
40130,329.4889696717295,734040.0534031474,"[0.20243677281922548, 0.37132441732745836, 0.4262388098533163]"
34923,82.29750402776698,995626.1612121044,"[0.24828075494955276, 0.32016020184291816, 0.43155904320752914]"
6112,913.9125744962058,242662.6392076284,"[0.05627031264274859, 0.07280728371779406, 0.8709224036394573]"
29227,980.643220047923,300286.853861825,"[0.42212285282791867, 0.10997515670107594, 0.4679019904710054]"
16558,514.3002643711202,666553.1932597627,"[0.4818084153820307, 0.4907767885060384, 0.02741479611193108]"
33036,424.1861403200181,741060.0126135406,"[0.22404886237404315, 0.08422513906748853, 0.6917259985584684]"
3368,961.2794212164354,165176.22866578604,"[0.7190032570227178, 0.19822403380260661, 0.08277270917467548]"
405,70.94537555995959,845421.5757424164,"[0.05477523776273009, 0.2895665500808272, 0.6556582121564427]"
18006,906.471781949252,896993.8697619282,"[0.5626100426554709, 0.09447684985346573, 0.3429131074910634]"
31356,536.86377254781,347706.5677485885,"[0.1598725682117596, 0.3622179829153171, 0.47790944887292336]"
24136,732.0691279341094,280862.8581119834,"[0.11539232452933014, 0.17490506529972927, 0.7097026101709407]"
47470,603.7593357877547,373202.89146857447,"[0.09334845069892551, 0.5731913062222967, 0.33346024307877775]"
16197,593.4618912551484,468941.0620679336,"[0.03918833654417341, 0.6178215945755038, 0.34299006888032274]"
15448,784.9007829862347,532256.3788346956,"[0.16917770344184344, 0.4855766528025583, 0.3452456437555984]"
10299,601.710872267601,687581.1204196436,"[0.07961626438679312, 0.917400424162292, 0.002983311450915098]"
20406,768.3949581012184,795861.7465237025,"[0.6760277549177571, 0.2390334924644253, 0.08493875261781766]"
43821,340.7963430104749,837523.4301323472,"[0.36903138499131893, 0.6307749165851422, 0.00019369842353889464]"
49763,657.5559332778473,228318.30558995943,"[0.12348768496900109, 0.3902810561351205, 0.48623125889587837]"
43355,711.7447749112996,730580.0744009997,"[0.12395618519793315, 0.3238238846303427, 0.5522199301717241]"
29231,512.7405011327406,348813.5746006796,"[0.010329256809797781, 0.09166181289368729, 0.8980089302965149]"
48486,752.3987525812674,999027.9757583708,"[0.511497454440175, 0.13869083218976266, 0.34981171337006245]"
25431,752.7709663713263,462651.7978879809,"[0.10201791029901461, 0.5102211513778221, 0.3877609383231633]"
2810,337.5129450761597,344694.4933577493,"[0.18261190968649113, 0.7468840131330625, 0.07050407718044624]"
49178,644.860546464271,766772.8436235252,"[0.5689536478767286, 0.40272750827487197, 0.02831884384839933]"
8379,571.6752381008082,403248.5035220773,"[0.10163827813834672, 0.2395999965856638, 0.6587617252759893]"
3466,714.0549631899256,517107.2718493452,"[0.06848855567724409, 0.11745525549068953, 0.8140561888320664]"
11438,404.9463105494201,383370.6395252429,"[0.6734656090381982, 0.22777964594886269, 0.09875474501293906]"
46312,768.9478028398673,148355.2352079072,"[0.3764136157805362, 0.33842499449203167, 0.2851613897274321]"
39670,998.3970083374284,447621.6890452733,"[0.43209118769590205, 0.5083663959926396, 0.059542416311458214]"
36585,656.7316425332643,219332.836216025,"[0.7980743703082434, 0.10342555259642106, 0.09850007709533559]"
544,523.6765587378693,937076.4124089334,"[0.11730673332570844, 0.7682005368626673, 0.11449272981162403]"
12287,411.8495785076177,459884.9136662735,"[0.052180961971793983, 0.1677511747334909, 0.780067863294715]"
11682,929.5543159359244,310842.5493529276,"[0.4071255073010265, 0.12175518434294638, 0.4711193083560272]"
23481,434.9620906189883,821484.7477421745,"[0.7749551193758993, 0.0526911342807084, 0.17235374634339234]"
45374,457.11379705601047,306756.4907906467,"[0.16942594115309745, 0.44704019383049665, 0.38353386501640596]"
24511,263.9479703380863,975988.1263957408,"[0.10138568876965161, 0.04320898124250687, 0.8554053299878415]"
9439,968.2032318629064,795186.431585035,"[0.7201941152492811, 0.11026152532118921, 0.16954435942952983]"
46916,972.472347113252,446297.506316242,"[0.26979917381209506, 0.6349860768933004, 0.09521474929460459]"
21393,572.5958525324971,585780.1472045435,"[0.7790535938828733, 0.13403578279056066, 0.08691062332656616]"
30797,360.39136535973535,478538.1990042552,"[0.7338161435091773, 0.11405127371323508, 0.15213258277758746]"
10925,888.6204507999688,737317.3739955388,"[0.05631252154745818, 0.6909376421622133, 0.2527498362903285]"
12768,611.5570788742957,153604.9406265454,"[0.3871025794823603, 0.051386074043889944, 0.5615113464737498]"
43210,711.0643681643745,661387.6487885261,"[0.4994508903093443, 0.23652724812119183, 0.2640218615694639]"
21771,301.1272313974476,653095.3072406173,"[0.1586558133111055, 0.20370200405920935, 0.6376421826296851]"
39581,912.532453677646,249788.49973238463,"[0.5908122853554524, 0.30826708367716094, 0.10092063096738661]"
7946,367.9544404191696,711156.4106955417,"[0.15806442304570467, 0.0677887774384461, 0.7741467995158493]"
9986,792.7461341163134,513480.75206437166,"[0.16981577503005466, 0.5815032857710386, 0.24868093919890658]"
45259,303.8977486341624,500708.3126420132,"[0.16240983366318623, 0.6276269022496392, 0.2099632640871744]"
26044,561.6777575094172,169657.12072682416,"[0.13475622792661984, 0.18501538097948125, 0.6802283910938989]"
18259,174.49655137037368,765452.7869347625,"[0.2105760860588092, 0.16032401922013118, 0.6290998947210596]"
29627,75.73351501595052,714336.8514671526,"[0.48739727359508256, 0.3876483436922559, 0.12495438271266163]"
40612,623.4056839113358,853071.0317743823,"[0.8840812519065993, 0.07594715326553812, 0.039971594827862576]"
31719,441.6840098405447,972919.747485631,"[0.13554769701971783, 0.5154634671708066, 0.3489888358094754]"
3390,337.02734300728696,954265.378719591,"[0.02068404932200011, 0.21681650449302634, 0.7624994461849736]"
20604,987.2488524099932,205362.668470828,"[0.4987534793726809, 0.2921589713015074, 0.20908754932581172]"
16320,122.727936528852,298585.63825309474,"[0.7019722761463627, 0.15901428278911217, 0.1390134410645252]"
534,285.8473717285915,601159.5669613531,"[0.385395932576506, 0.5816600843420162, 0.03294398308147778]"
41648,989.8298806388208,150972.07011679976,"[0.42908087177658605, 0.00688658639088393, 0.56403254183253]"
37692,441.3814741230623,783581.2667848085,"[0.17938122636401657, 0.02411324137996587, 0.7965055322560176]"
21269,95.10824360358464,610698.1742520558,"[0.2112659566917563, 0.7827210693725261, 0.00601297393571746]"
12651,431.8154634215971,347339.1068814011,"[0.45901321245675314, 0.38650712720735864, 0.1544796603358881]"
3907,720.5875085953571,545657.8916532754,"[0.09007843070710325, 0.39083395158447104, 0.5190876177084257]"
21255,784.9905305233968,991433.4940177236,"[0.38062382633553343, 0.207538417954864, 0.4118377557096027]"
34053,626.5938283293277,116150.95589234166,"[0.07646123945477139, 0.653481703503233, 0.2700570570419956]"
40380,818.9323409591651,307530.89006202755,"[0.0431443628845792, 0.4580783586159467, 0.498777278499474]"
20027,627.3418115896361,987320.8658174932,"[0.3438652451835944, 0.4681648127246001, 0.1879699420918056]"
19700,681.7671671192649,263518.2606095612,"[0.15986165106131991, 0.6186936504946469, 0.22144469844403308]"
37075,894.3292828184698,397197.8854923734,"[0.10536626051983797, 0.10539246586279835, 0.7892412736173636]"
10232,751.235231156197,685162.699238976,"[0.03214441696466837, 0.467081482439328, 0.5007741005960036]"
39039,85.54465303741846,668503.7010551223,"[0.6607444571585123, 0.30062021668314126, 0.03863532615834637]"
27767,286.25208132326287,390472.018762271,"[0.5858162959804815, 0.2946976902526518, 0.1194860137668668]"
13181,180.4389437822392,458101.80452792783,"[0.5736231955078815, 0.08220132988191688, 0.3441754746102016]"
38545,902.7252963880665,320913.6401877345,"[0.07133714074331889, 0.39554874912551613, 0.5331141101311649]"
13275,644.5005023282969,731673.6358718196,"[0.14253505434612793, 0.489311941091869, 0.3681530045620031]"
28663,28.51307398606882,825636.4843608971,"[0.5521773753976719, 0.3264564495609597, 0.12136617504136854]"
10296,139.48368333152308,791276.1828252095,"[0.07734775014385993, 0.168029280865749, 0.7546229689903912]"
15287,397.46003273720646,413623.7202137644,"[0.18975579718926514, 0.47101836250496804, 0.33922584030576675]"
11488,324.96508745419214,959543.1322215226,"[0.5309164544006837, 0.18046251604942382, 0.2886210295498925]"
2636,120.90521413464802,647575.2253628869,"[0.3436994680066158, 0.16240635939013068, 0.4938941726032536]"
31184,516.595838212033,203360.4637497058,"[0.2916494641124639, 0.6412072659512481, 0.06714326993628815]"
12258,269.99774302767696,767501.6275113089,"[0.1446823862922907, 0.8269467722477355, 0.028370841459973813]"
18947,549.2488213843457,895683.1464525905,"[0.2013209867354861, 0.2058056857178463, 0.5928733275466677]"
16967,76.1239521262615,717955.9591547137,"[0.4915527692502627, 0.2910141321565319, 0.21743309859320545]"
37630,203.2997477611416,477953.0067539611,"[0.22380215304072112, 0.5797315129220905, 0.19646633403718852]"
11694,881.4937183982895,184006.11192061089,"[0.22459230681508546, 0.4108613456670498, 0.36454634751786474]"
19765,722.6109790238477,704229.0148465439,"[0.0036568924318773417, 0.3769570563994446, 0.619386051168678]"
13681,309.8460307556612,659406.7302194386,"[0.2983547693251096, 0.35931163309916375, 0.3423335975757267]"
30241,520.882024326205,306787.83226614457,"[0.022014488158529702, 0.002680499904717591, 0.9753050119367527]"
36672,927.3281634676692,376912.6801608361,"[0.548091711703528, 0.2932524001837391, 0.15865588811273282]"
26255,113.41354504059817,869650.6934077911,"[0.6104721660826506, 0.12246127513377492, 0.2670665587835745]"
48887,379.5954215541085,965069.6748473216,"[0.6153416094387419, 0.14546974405421334, 0.2391886465070446]"
2897,117.64239822621124,760019.5333573595,"[0.37340700780816927, 0.24747004857311575, 0.37912294361871507]"
47948,507.5117968000743,848145.2314918033,"[0.11182978268232927, 0.20170609241826873, 0.6864641248994021]"
33581,590.5721058474986,834952.7884733491,"[0.7709940557523304, 0.009904416883349514, 0.21910152736432015]"
45347,845.5383347828515,545783.445355035,"[0.7625487597935928, 0.014185124380812738, 0.22326611582559455]"
40182,226.8022301369744,121739.7871373875,"[0.026891172687964156, 0.31877009979526, 0.6543387275167759]"
8353,41.66651166452584,860529.5268022093,"[0.6279478165138992, 0.08913692238523921, 0.2829152611008617]"
47965,82.25486921452982,183491.27679964912,"[0.2582639649181078, 0.09054717691897318, 0.6511888581629189]"
37678,683.065925466461,158309.25523235684,"[0.6270225143188755, 0.05303287148584177, 0.3199446141952829]"
3286,343.02436918179853,189121.737611962,"[0.35672849586072497, 0.5005341440925648, 0.14273736004671028]"
32809,457.80604387638783,563797.0255080649,"[0.14836809769357379, 0.7650996690191827, 0.08653223328724353]"
48208,995.004579882843,122875.54868382956,"[0.6420682519212397, 0.11287818648435308, 0.2450535615944074]"
14137,341.2193812747711,319886.8639001355,"[0.3289808321910242, 0.6553289657881909, 0.015690202020784888]"
6333,865.4792844115193,242092.5557619952,"[0.5383545485306703, 0.16978937599869115, 0.29185607547063863]"
17701,928.3692004647748,376329.3763906613,"[0.26953819434118675, 0.03181882069484883, 0.6986429849639646]"
27238,454.0127977744039,947659.8981067572,"[0.38044971280574885, 0.34602164814732767, 0.2735286390469235]"
10968,476.38077603523993,784312.8621500625,"[0.04545393894626541, 0.8490388533880798, 0.1055072076656547]"
22274,541.8677581993819,729020.5219378055,"[0.7826459043338294, 0.11754959018334968, 0.09980450548282088]"
3766,217.16126652763623,350320.24549170164,"[0.31191803043385674, 0.31092090549343415, 0.3771610640727091]"
38637,533.9035049587415,206394.31604796235,"[0.21345900680141847, 0.2962337529783814, 0.49030724022020006]"
43405,862.2574766335001,691684.6764957205,"[0.14637869217717148, 0.6893516052440724, 0.16426970257875614]"
17080,846.2877726275265,563481.4480669475,"[0.17561295549669467, 0.5402180349521937, 0.28416900955111163]"
10847,333.69329321765525,913560.5309446862,"[0.018203493452437918, 0.09783222362758734, 0.8839642829199749]"
3602,501.9198825260336,269135.5224962436,"[0.2118435518170185, 0.0857417645023067, 0.7024146836806747]"
15844,135.0689527396337,194871.10537422332,"[0.03408564737934409, 0.8908092348293137, 0.07510511779134213]"
22322,456.6668729648537,273615.44671866274,"[0.005860128857330189, 0.9604664618456318, 0.03367340929703809]"
2842,790.4869736284829,289668.0413728658,"[0.2068374645820605, 0.1979662724334802, 0.5951962629844593]"
24366,519.7239285197652,759957.9109849731,"[0.1308934501720912, 0.09049120946266147, 0.7786153403652473]"
19257,122.8283299102781,648879.2242090402,"[0.5835379964170071, 0.13819535118024084, 0.27826665240275195]"
4573,132.73680789100487,360393.251447479,"[0.14799641196560406, 0.8314907125713373, 0.020512875463058498]"
3488,112.53015940353002,753578.7157722302,"[0.8224958828107205, 0.14726576565481522, 0.030238351534464296]"
1258,922.9298853500987,975582.991397068,"[0.37843040487634955, 0.37956107713533976, 0.2420085179883107]"
15111,746.3313034257494,290059.8744487134,"[0.4934989907445749, 0.18421946689468063, 0.32228154236074447]"
6719,295.1785818102644,564948.8879860784,"[0.15709939148449623, 0.7547361368670727, 0.08816447164843105]"
40297,719.1664060436626,478199.9091651374,"[0.15417882293968352, 0.50958781557021, 0.33623336149010646]"
24938,103.61714076368854,638199.0162066091,"[0.3985427973097787, 0.5577650999200444, 0.04369210277017687]"
28139,785.8796166137788,499157.9660511031,"[0.4481514196989551, 0.07672672195780174, 0.4751218583432432]"
19618,711.4687887649015,457407.9308783487,"[0.4855151021267305, 0.028597037417803766, 0.4858878604554658]"
33289,949.946338024571,405535.3395634579,"[0.517968089898455, 0.39603613740026805, 0.08599577270127687]"
45738,909.337323091992,413639.2189474365,"[0.3829183175295509, 0.37424758500051764, 0.24283409746993134]"
3273,520.704570108008,531798.4024773326,"[0.12196034453045516, 0.2312277532183981, 0.6468119022511468]"
49882,282.84605342640725,717100.6826749698,"[0.43172980861268667, 0.5239888801835024, 0.04428131120381098]"
27049,948.6020911652796,750933.8992036446,"[0.5480072003579799, 0.3610042990787415, 0.09098850056327867]"
39525,686.2898143006257,526925.4676705687,"[0.09902920207596355, 0.46604574114401065, 0.4349250567800257]"
7088,974.5810142323278,682847.443382059,"[0.33249519625273644, 0.2590599979791502, 0.40844480576811343]"
23346,372.7674205634172,446030.9088659214,"[0.03295967103486928, 0.04290515035020718, 0.9241351786149237]"
1722,554.8478161838216,305599.9740028989,"[0.5581434224581308, 0.09576185083567786, 0.34609472670619146]"
24515,419.6389891414285,816105.2066870831,"[0.00944938901080182, 0.1842763248453324, 0.8062742861438656]"
48135,671.2707269219685,289607.2515749763,"[0.3806281187064989, 0.1805362079808328, 0.4388356733126684]"
10495,835.883719584885,685249.106066035,"[0.3414109967254621, 0.32116187045636835, 0.3374271328181695]"
13616,582.1152609954647,415923.81993482704,"[0.04629731830263212, 0.46590571257267566, 0.48779696912469234]"
22623,350.7599622506561,958178.5916507412,"[0.18058658316754775, 0.7119490905881732, 0.10746432624427901]"
22426,561.9455686948568,180325.08609967184,"[0.23656422150292467, 0.1135132424986688, 0.6499225359984064]"
35984,837.4943059568853,662452.1815990375,"[0.6685713550810336, 0.28971042734214913, 0.041718217576817276]"
39747,461.0734128742622,257131.8795824916,"[0.0620795216526994, 0.6925990615102227, 0.24532141683707806]"
35525,797.7440228116459,851603.610493409,"[0.36361777563836123, 0.21756605275098928, 0.41881617161064943]"
45596,445.7963621188565,323959.16517624655,"[0.1647437625868052, 0.4730919417157187, 0.362164295697476]"
20618,124.12656544698802,330890.88269578374,"[0.20577262597131912, 0.3292609421501276, 0.4649664318785533]"
36121,730.2640270089416,920792.9177559826,"[0.4484024633073841, 0.1703538623138917, 0.3812436743787243]"
32023,979.7501154998424,470470.9209547693,"[0.5387183900394745, 0.2256202232645008, 0.23566138669602454]"
39997,651.5677872898766,770158.2316704257,"[0.6046656303055769, 0.34002901537831265, 0.05530535431611052]"
26339,324.22397230163523,533244.9050130998,"[0.012882226385667831, 0.23999414614656786, 0.7471236274677644]"
33781,343.5086742983996,482876.1137186788,"[0.2633155542240327, 0.44300372893043266, 0.2936807168455346]"
36093,952.6211672138808,553086.3762521092,"[0.33413023043808077, 0.015221980565073219, 0.650647788996846]"
5302,340.69928612238004,294588.66908706643,"[0.027858221543007673, 0.05670632849810165, 0.9154354499588906]"
48423,284.39801691344576,234973.98324328792,"[0.6123150451570241, 0.1164877544961753, 0.2711972003468007]"
30883,909.4231190043256,369735.45192546834,"[0.11021626006883774, 0.25919788577556635, 0.6305858541555959]"
143,384.8585458654879,655341.6110918322,"[0.020994090202110984, 0.9571088224897136, 0.021897087308175443]"
32145,96.7795552739718,146268.76357501856,"[0.17687114044068245, 0.7051590677028456, 0.11796979185647215]"
33211,145.19015340969693,529961.8405231247,"[0.4071919443535093, 0.45880528052719166, 0.13400277511929892]"
28520,596.6693854835128,805804.820977774,"[0.24850885074863663, 0.28288291602688004, 0.4686082332244833]"
41850,21.084615238165107,905818.881930749,"[0.18405200995644114, 0.1566595188593502, 0.6592884711842085]"
45814,271.478953824944,582372.4585693551,"[0.15995821497573867, 0.7006689827050867, 0.13937280231917468]"
41674,885.5226104418853,437640.32546537695,"[0.720860148629268, 0.07558400911125555, 0.20355584225947654]"
33976,507.84383874142856,656439.8705665427,"[0.37513880149523493, 0.1719317751894208, 0.45292942331534425]"
11476,677.0477243114673,596941.5099626188,"[0.16696915776367224, 0.10709915011221083, 0.7259316921241169]"
8785,134.1965454808455,495363.5119780729,"[0.4865360526662688, 0.17410838287021946, 0.3393555644635118]"
37485,878.3680591734252,743033.9193119659,"[0.5557602892766383, 0.19674227470793965, 0.24749743601542223]"
981,931.4645743853092,513518.3749596876,"[0.3458157390680875, 0.48897022120564954, 0.16521403972626292]"
47492,849.6489940763469,267660.03789332433,"[0.16933378394931384, 0.3689120939713207, 0.46175412207936545]"
23821,58.56377509686439,707947.1489878959,"[0.3658355366895001, 0.3153495002248625, 0.3188149630856374]"
4582,979.0835217992128,737072.488949166,"[0.5960603222934071, 0.2252873263220774, 0.17865235138451555]"
29134,969.4468597703564,272637.25559990463,"[0.5205293700462245, 0.4299413212583443, 0.049529308695431304]"
23377,478.8178110966162,329684.3325025606,"[0.039392281402481896, 0.35437385930913484, 0.6062338592883832]"
11936,97.36364460804567,777605.2835501198,"[0.11865382536428248, 0.6830938414404268, 0.19825233319529062]"
25561,655.2784191170934,339684.9108827083,"[0.17332427730449745, 0.40933965992207183, 0.41733606277343066]"
829,717.8536716099354,781270.9415068328,"[0.28829455948010285, 0.04796149434835454, 0.6637439461715428]"
45510,473.4444856781296,442594.8098164932,"[0.4409517090801582, 0.4697016347125301, 0.08934665620731175]"
37981,368.8380109502678,315089.9691991294,"[0.299525211209106, 0.0657306908119959, 0.6347440979788982]"
39127,823.6420404330323,903444.8705830084,"[0.006658142090019628, 0.14583690988578754, 0.8475049480241927]"
23861,61.994019552926254,228983.00289170345,"[0.018982773305695002, 0.07327248873631102, 0.907744737957994]"
9484,610.4679334706402,147141.66121551572,"[0.17143655883344958, 0.5709700231882352, 0.2575934179783153]"
19197,956.3070647643868,565793.8080491822,"[0.6676955178775452, 0.00677173944914822, 0.3255327426733066]"
45819,609.0217662184027,770402.0557409399,"[0.17932054093372804, 0.5517970074866043, 0.2688824515796676]"
34772,83.78337037836144,574306.2687615869,"[0.1562557066890519, 0.4837359145274696, 0.36000837878347836]"
43472,354.6726509320918,776978.6757589848,"[0.08629644691857007, 0.35602879984852764, 0.5576747532329023]"
3643,642.3121889021884,834346.2091862884,"[0.42115170509530025, 0.1756140470393516, 0.40323424786534806]"
48380,803.7571775239137,849844.5648519177,"[0.2600150856785411, 0.42804778502845237, 0.31193712929300654]"
7846,759.8529553985337,794340.5645242155,"[0.4051357342056661, 0.1833306697625367, 0.4115335960317972]"
29928,507.6118662961552,193728.5708426406,"[0.007884824108047975, 0.024392200794350612, 0.9677229750976014]"
3669,873.6532799735171,262105.90206935816,"[0.5731637079181728, 0.3457519116438636, 0.08108438043796334]"
8600,944.163393419221,534556.8526081888,"[0.10317323277412421, 0.2534591212452672, 0.6433676459806086]"
35459,169.33358319341104,537515.24122297,"[0.0856309525688865, 0.34398806544845356, 0.57038098198266]"
13322,164.5589403152704,764413.8044615776,"[0.8749904366348503, 0.05985468293313247, 0.0651548804320172]"
8224,536.9670276196358,951509.1910852068,"[0.27338407207691495, 0.5327755472204029, 0.1938403807026822]"
46289,429.4194071385182,751249.5016963255,"[0.3780557014370391, 0.13096799945004192, 0.49097629911291896]"
36760,944.2572537954186,411621.75517417694,"[0.649229938443196, 0.30044727173112384, 0.05032278982568016]"
22004,834.3126490625059,522324.2492116019,"[0.7228583804274625, 0.022148045865314117, 0.2549935737072235]"
26614,879.869133624035,238459.0544558333,"[0.5380802070896941, 0.4363515321793245, 0.02556826073098162]"
727,149.33794642693778,450020.4923059445,"[0.6086701752004813, 0.047163301683977574, 0.3441665231155411]"
40842,483.94799112321647,112302.94681262116,"[0.18736068880954662, 0.5715179262286174, 0.24112138496183597]"
23107,948.1981757307848,379318.89812143525,"[0.17586647834041377, 0.12057778140926645, 0.7035557402503197]"
47384,584.4325870339086,733219.3748290093,"[0.4157808712182449, 0.06694870085929525, 0.5172704279224597]"
44148,448.4333381173176,987250.234588167,"[0.6831109436161508, 0.19172407381539294, 0.1251649825684563]"
42539,513.3820927969923,889166.6455142687,"[0.570349683848308, 0.253599856115582, 0.17605046003611008]"
25192,130.71371697200425,474171.5442325466,"[0.19442024355629428, 0.4001064746937922, 0.40547328174991365]"
40563,212.8101693552222,923789.5038147436,"[0.5622493781976913, 0.09031313780026229, 0.34743748400204644]"
12002,878.6418405977794,465582.5712651626,"[0.36574953981215175, 0.1494124118022727, 0.4848380483855756]"
47877,525.2974579305973,608804.3229682439,"[0.3694040395088657, 0.5734684688207754, 0.057127491670358764]"
9335,255.20391499475744,468024.4905657264,"[0.24506491258333307, 0.6570298889674997, 0.0979051984491673]"
13697,217.91360439684848,239485.0311720068,"[0.40564313570429694, 0.09318581291931886, 0.5011710513763842]"
33193,547.7624637655603,883503.7240226552,"[0.4715769066644797, 0.12495300852080475, 0.4034700848147155]"
14956,500.86544956490616,264805.6083674177,"[0.09793006384797823, 0.5835486979554783, 0.31852123819654354]"
47175,79.64094476985998,487518.0933401037,"[0.5883614133773017, 0.12946859153299697, 0.28216999508970114]"
43268,336.13255170576514,226927.57612864848,"[0.11309155295045942, 0.02198538795895374, 0.8649230590905868]"
22473,472.1495526320325,735902.209185194,"[0.639882933057302, 0.22506244906921022, 0.13505461787348785]"
27509,848.8257937408752,613282.0113398491,"[0.20959139286670406, 0.027576165613155526, 0.7628324415201404]"
23349,37.18979481205693,707824.831254139,"[0.27625253743335626, 0.23539750079353372, 0.48834996177310996]"
34338,822.7950192580946,204502.7939224948,"[0.02173473498763328, 0.05398002604502265, 0.9242852389673442]"
26530,183.93788864832905,460981.886219014,"[0.6446189869594066, 0.031345874079300284, 0.324035138961293]"
38936,191.463124874124,392502.7171543316,"[0.6951619660792826, 0.09492447013818542, 0.20991356378253198]"
10556,832.1726711222756,627916.9956003828,"[0.45879079360341896, 0.5241802612443163, 0.017028945152264833]"
12330,600.3105979429545,973572.2400273824,"[0.11658490529580078, 0.5248473647742576, 0.3585677299299416]"
45689,829.0135548970584,328083.1299146784,"[0.49567116563283964, 0.12897684535437123, 0.3753519890127892]"
47316,666.1931730822287,946263.8654016056,"[0.458763884020183, 0.018890510470058047, 0.522345605509759]"
9144,968.5785364690596,890176.6460693694,"[0.49669255259102063, 0.0008312799617965608, 0.5024761674471827]"
12941,846.7021127226312,367096.7332669445,"[0.021809622846136446, 0.5417830036176353, 0.4364073735362283]"
11224,381.3437032575764,120305.1703380592,"[0.4229705951495704, 0.37199063712385116, 0.20503876772657859]"
33961,47.19565849596047,193239.7835310488,"[0.05051689678069328, 0.8682217635662249, 0.08126133965308177]"
26460,530.0662007577092,358647.7288980599,"[0.498243162857862, 0.3123024790655829, 0.189454358076555]"
6805,874.2694852226616,589470.6359735796,"[0.29342058603834037, 0.15109305991110997, 0.5554863540505496]"
43409,746.3101059653737,377413.100240661,"[0.22270675099248588, 0.21248165900583232, 0.5648115900016819]"
40951,984.4589385000588,971292.8643660304,"[0.36774926194463087, 0.18166483571707037, 0.45058590233829887]"
10547,743.7172663254873,759086.3747886799,"[0.4454593077424039, 0.3182204903101333, 0.23632020194746298]"
46267,888.2980061146441,229726.57651362207,"[0.7468146886523336, 0.11477273963399047, 0.13841257171367602]"
15475,341.99671646585875,705637.3522301584,"[0.09859504582988121, 0.3654854108325806, 0.5359195433375383]"
42161,208.6819226627757,366861.0431184312,"[0.1925809139851971, 0.4189615399087265, 0.3884575461060766]"
38004,590.7268237466528,953651.600480168,"[0.2543944949890058, 0.07097287765441687, 0.6746326273565774]"
44471,160.71340667844655,369143.10367894766,"[0.35179547083645907, 0.32927805261377646, 0.3189264765497643]"
40166,150.59304795272823,498478.2665942903,"[0.5344934688513446, 0.2826065526377595, 0.1828999785108958]"
24774,987.118360883612,512664.437576309,"[0.07865076610412641, 0.8221702377289822, 0.09917899616689142]"
13898,318.1636881043681,775047.7865658511,"[0.17211043462722575, 0.5921736414697555, 0.23571592390301896]"
4596,757.2638797002801,267866.59993902175,"[0.36873073015002666, 0.19712833647900285, 0.43414093337097054]"
15074,134.473751221756,833834.967636971,"[0.555707549233907, 0.01854045691248587, 0.4257519938536073]"
40565,927.3209520232552,103875.86264661077,"[0.39143051664674866, 0.16931716782526554, 0.43925231552798577]"
34446,532.1420093039625,661331.5884352407,"[0.8926572873076203, 0.004639647087756613, 0.10270306560462318]"
5686,659.107905237834,664850.4487389902,"[0.810835032204054, 0.03646765783149913, 0.15269730996444703]"
22606,940.0004244027512,153044.79396822106,"[0.0356955993340481, 0.40215613951535467, 0.5621482611505972]"
23232,909.0428763842835,324274.6991097513,"[0.04369598599186688, 0.7595500034152662, 0.1967540105928668]"
34203,568.1377961609215,425452.84966076096,"[0.2753822644308312, 0.320030203282635, 0.4045875322865338]"
14293,534.3064092013379,187061.18316573888,"[0.6406397179393207, 0.2976185324598825, 0.06174174960079671]"
43862,645.3963832995233,330737.3702207566,"[0.9459068099861981, 0.052695270102633175, 0.001397919911168704]"
11578,367.01657192175526,875795.6108985614,"[0.3619192289396105, 0.0913273285074946, 0.5467534425528948]"
6568,418.3548367699976,532558.5140380498,"[0.2577491020922096, 0.029817905491428848, 0.7124329924163617]"
7326,330.74198440305065,352191.8577048677,"[0.47411225823986664, 0.37050465405949545, 0.1553830877006377]"
46584,645.8210316372516,511565.7094138518,"[0.5664461769195801, 0.0639062264508515, 0.36964759662956825]"
29306,885.7327705882597,389532.5182470343,"[0.3967942342548341, 0.49953570397748154, 0.10367006176768433]"
10967,643.9232360071991,842538.6527401537,"[0.6398193595396247, 0.03185591626883554, 0.3283247241915399]"
1746,493.20523988932433,916311.4520706276,"[0.7202654975198194, 0.10941670158417717, 0.1703178008960034]"
35480,758.497961611406,705917.6936469778,"[0.5833289604232439, 0.28228940323567137, 0.13438163634108471]"
12804,812.0102795126658,840402.4676571896,"[0.07737764758560574, 0.433449615735366, 0.4891727366790283]"
25538,396.6801602704416,995502.26370344,"[0.5709515048513342, 0.3095659000403063, 0.11948259510835947]"
42641,220.9206995632809,590334.5432754483,"[0.6709941061707484, 0.2236078793272823, 0.10539801450196942]"
19891,432.9190224590763,314318.36416728306,"[0.02605759997919857, 0.02301672913882701, 0.9509256708819744]"
47450,864.7078229937795,377935.7920153471,"[0.6353797306862542, 0.312731673129575, 0.05188859618417088]"
45169,15.713326390985996,473616.8819309952,"[0.26739487513932875, 0.22711382402281144, 0.5054913008378599]"
35956,656.9259319324389,537322.5780447479,"[0.3075606954998695, 0.11923468427094348, 0.5732046202291871]"
25366,244.35074769350032,917968.1784436832,"[0.22170586801944042, 0.7416188216989145, 0.03667531028164525]"
25152,320.8052985494599,713254.6313860996,"[0.028870674914808544, 0.17781076438734963, 0.7933185606978419]"
13255,308.70085497174347,830844.3009125642,"[0.24639215041977647, 0.38537752967395755, 0.36823031990626603]"
5698,361.8459839598642,954855.6874135232,"[0.33844450934253006, 0.6360863289470073, 0.025469161710462596]"
43233,578.1028421226351,531540.0344483338,"[0.40641044181430214, 0.3086057814400778, 0.2849837767456201]"
32497,598.1789784739341,190293.7596453899,"[0.4106078807189033, 0.04756131699887209, 0.5418308022822247]"
16454,471.2172329563376,873717.9106937604,"[0.22959558707404168, 0.000761283825053047, 0.7696431291009053]"
7540,883.291440018502,255316.8702871237,"[0.06914451157658369, 0.4772810673696485, 0.4535744210537678]"
28867,772.2532023966033,892390.8663967778,"[0.28066251221564253, 0.0932036894997128, 0.6261337982846447]"
953,925.2322527623496,224503.68311849696,"[0.45617718221313935, 0.05809873799661594, 0.48572407979024457]"
3233,912.8643748949524,853055.755777848,"[0.18034287879357241, 0.3545090456779005, 0.465148075528527]"
39751,333.5097114740913,696006.4537525176,"[0.2945879314181186, 0.4786862761454739, 0.22672579243640756]"
45457,215.309754060754,338618.8596536104,"[0.04047915520591392, 0.7985812910121293, 0.16093955378195687]"
4684,990.795527359566,681388.1073266768,"[0.03812070277134216, 0.9311679490227792, 0.03071134820587869]"
6037,234.17675605374737,356041.13975284994,"[0.4347596898971973, 0.3418357468312902, 0.22340456327151248]"
11390,431.1795712043266,349622.2725608567,"[0.15583016930974233, 0.4536646945378658, 0.39050513615239185]"
40798,785.5679493769645,827397.6984291513,"[0.6794943159555394, 0.04264402987083324, 0.2778616541736274]"
11039,867.0611205548906,928793.8182096884,"[0.4452187057625562, 0.10060008974758415, 0.45418120448985955]"
35589,913.0362590931628,293104.3005430965,"[0.030332932312748133, 0.30874752246753706, 0.660919545219715]"
13459,602.8518143455051,881242.8836150158,"[0.02181964246695788, 0.45670886223625434, 0.5214714952967878]"
5785,321.16218679725046,190843.6947776345,"[0.782853763435806, 0.10943366694865968, 0.10771256961553427]"
39623,222.47937391512323,504330.3442442185,"[0.21645570119033888, 0.5912307749785279, 0.19231352383113334]"
18285,649.8852897290475,882932.9886706581,"[0.7626459788157224, 0.23388079343649987, 0.0034732277477778095]"
16858,673.4475504397104,303505.8495479325,"[0.06379218886034645, 0.23329979921075278, 0.7029080119289007]"
49418,315.5540446158449,524571.3884992724,"[0.1098214753696298, 0.6082730119365237, 0.28190551269384634]"
11551,387.91880082662215,511916.5105158739,"[0.09382036770535006, 0.24539932505378634, 0.6607803072408637]"
27575,605.6411064231778,362715.3933068235,"[0.6312647451813413, 0.041059839258947364, 0.3276754155597114]"
5982,367.6513801497286,882852.2153356851,"[0.7122002524029938, 0.1647327380874347, 0.12306700950957143]"
947,884.67191004015,868456.992857575,"[0.36357426382477565, 0.18125302699541104, 0.4551727091798134]"
23849,344.49245739484184,655824.1133209155,"[0.05632385368357112, 0.2238984055568997, 0.7197777407595292]"
9804,270.5132312867731,704361.5797201508,"[0.14625429514293015, 0.14478313256321673, 0.7089625722938533]"
23029,763.6909641841249,824829.1624076774,"[0.012604802671302522, 0.634630716754243, 0.35276448057445436]"
43116,968.6377628451696,572560.3000081346,"[0.2113627391281624, 0.5127982121393625, 0.275839048732475]"
40245,42.93912578091707,387028.9179072396,"[0.12860943684336548, 0.12409533253396421, 0.7472952306226704]"
41380,788.431712000775,541015.0964440815,"[0.05913592960140032, 0.49272135659332966, 0.4481427138052701]"
4424,825.4660891335902,703256.6440717027,"[0.7141692027023977, 0.1540136865597768, 0.13181711073782565]"
32121,875.2957915257667,371907.8647058597,"[0.47860119823573993, 0.29368465923259307, 0.2277141425316669]"
37219,110.38978477021406,514495.35092150426,"[0.7986754274308893, 0.14468091424818286, 0.05664365832092791]"
19844,519.5144075424294,231439.84313054293,"[0.444593697486393, 0.3588715655552338, 0.1965347369583732]"
20898,952.5550519201738,564192.4201664819,"[0.5624940142217534, 0.35971799304984114, 0.07778799272840538]"
13852,407.8482834584306,743436.8727422358,"[0.4871194109627984, 0.22772973140837083, 0.28515085762883063]"
25871,303.6075104857429,501142.2454249075,"[0.5399908705862304, 0.1746285533986798, 0.2853805760150898]"
7959,983.4291487208334,552480.4167821791,"[0.23452644575964396, 0.3434863990087819, 0.4219871552315742]"
15314,786.8569368070147,119796.48057514416,"[0.2663048185600226, 0.13137400947517805, 0.6023211719647995]"
5613,225.5614035652545,187082.1448746809,"[0.43311235146487703, 0.3603508542308432, 0.2065367943042799]"
3987,356.43691376150457,427826.68952417874,"[0.5036837600532491, 0.22700967727058063, 0.2693065626761701]"
44444,633.9407824582356,759881.4618309542,"[0.5528474148138443, 0.20893678789198447, 0.23821579729417133]"
45412,73.53746281877238,695071.3939548187,"[0.018738466096076826, 0.31198701221047825, 0.6692745216934449]"
12777,699.8652062780637,121445.62650070612,"[0.04091627717808356, 0.09448645829512337, 0.8645972645267931]"
48850,572.1658718699146,561980.8148629089,"[0.07518870868468655, 0.6953465534631651, 0.2294647378521483]"
9537,686.9321648976422,218614.98937509925,"[0.2922113660869359, 0.09895522767047728, 0.608833406242587]"
24947,141.62867990712488,339545.04157962825,"[0.33886192913686597, 0.11747861516586554, 0.5436594556972685]"
32685,243.35945605727585,381225.1828583391,"[0.39893085753697155, 0.2100652627779039, 0.3910038796851244]"
23201,445.5093361624637,680972.0266530405,"[0.7558973061898026, 0.11085467267976948, 0.13324802113042794]"
16660,685.6890091599192,735456.032853586,"[0.09443591566322111, 0.7043920527926387, 0.20117203154414018]"
25947,425.5921673744915,127263.8760947322,"[0.1509914603801375, 0.8449646625757374, 0.004043877044124943]"
1887,405.3516468886139,154252.025321625,"[0.15074341376860298, 0.37449691925862766, 0.47475966697276933]"
3850,416.5780347746899,478652.5755623146,"[0.767893320237311, 0.16803399323924195, 0.06407268652344697]"
49115,397.5184055989863,726167.8768981866,"[0.8268189140900722, 0.11571153815928549, 0.057469547750642204]"
18465,193.1140878423752,916642.7721630124,"[0.15579755596097744, 0.5794724877359813, 0.2647299563030414]"
2203,893.5169540689911,693235.1393249811,"[0.2940556441847881, 0.6708601078155546, 0.0350842479996574]"
41910,116.87433217181712,744932.9852649044,"[0.11410944653370138, 0.1708939775266126, 0.7149965759396861]"
13385,453.5249255104943,130453.40666210857,"[0.33267806462981436, 0.31308382511044514, 0.35423811025974056]"
3468,599.5919384820653,869839.2995832044,"[0.6041748226926851, 0.057062307205595846, 0.33876287010171907]"
15034,747.7761722358548,132333.84774454584,"[0.06251677059455596, 0.7851965988141228, 0.1522866305913211]"
30041,770.6386613296236,455466.023072118,"[0.35647782875551737, 0.27226732386591773, 0.37125484737856473]"
48671,287.84705351651314,392081.4861830751,"[0.4861487102201397, 0.44610167314574223, 0.06774961663411809]"
24909,238.03657701592388,796029.8790189873,"[0.654922269469804, 0.3110442616901306, 0.034033468840065355]"
24120,86.3918956779071,905878.2470437516,"[0.5002411529193496, 0.4637760857344037, 0.03598276134624653]"
18281,591.4913609080589,402322.1325440854,"[0.4745958547552008, 0.026350333115503836, 0.49905381212929545]"
14840,642.3172932288115,200893.10593296,"[0.3832480323012894, 0.005195173079097501, 0.6115567946196132]"
42585,226.0115383870244,594339.6369074485,"[0.6323602374200511, 0.19715701225530996, 0.17048275032463905]"
33669,154.81477885332353,792523.0357403952,"[0.4925757477707599, 0.17243502419129458, 0.3349892280379454]"
5509,571.4574414370959,701925.4991656309,"[0.1855161805066139, 0.4878231426633786, 0.3266606768300075]"
18307,988.227905177902,998766.699096026,"[0.3464141597103966, 0.521846347394446, 0.1317394928951574]"
8574,624.0443670579498,569587.0456318706,"[0.3132288682456288, 0.5089448980471656, 0.17782623370720577]"
869,875.238776567123,415203.8745403668,"[0.47604714179487706, 0.4037218264487212, 0.12023103175640176]"
29889,154.6884844831458,568729.3217316719,"[0.3146306249778502, 0.056847207226286015, 0.6285221677958638]"
1087,335.2585493826744,571196.2222961583,"[0.5520123365751578, 0.3138489777912786, 0.13413868563356365]"
33083,714.811593271752,248920.4818242569,"[0.27226413760598295, 0.6041295328073065, 0.12360632958671051]"
21169,734.8574942503271,685617.0071920651,"[0.08547747741106634, 0.17298393588727248, 0.7415385867016613]"
45861,543.6364378802764,714570.1301511758,"[0.06516551279524505, 0.06992574291447151, 0.8649087442902834]"
13333,492.8058125104649,669659.2148906373,"[0.045049837417056, 0.2832205763103348, 0.6717295862726093]"
7925,861.6875407955946,404608.9515044937,"[0.3522430793095613, 0.1442838959690058, 0.5034730247214331]"
42297,576.4204493977744,899174.3763818927,"[0.19772387418547463, 0.2616364855844454, 0.5406396402300799]"
33182,685.1457832025076,625907.7167541089,"[0.17784979364116327, 0.2780795434316839, 0.5440706629271529]"
27378,779.8830643563977,902537.3567982988,"[0.6430342589452795, 0.2891020534999212, 0.06786368755479918]"
13358,793.3473446694528,172039.12025256583,"[0.3787018664236475, 0.3823780432187048, 0.23892009035764775]"
12814,892.5362635158643,786914.4484319312,"[0.024489831724164003, 0.5016513715216886, 0.47385879675414744]"
12101,158.36308194105075,695799.4414381678,"[0.17969419600514958, 0.1437053144435599, 0.6766004895512905]"
27561,788.912940763052,307677.3531909235,"[0.7074986414443413, 0.02661871570329557, 0.2658826428523632]"
6525,254.9649115058244,788435.3856062868,"[0.15949641608378817, 0.2987904043481928, 0.5417131795680189]"
27873,256.05995683280844,491684.1907952643,"[0.19933847927492757, 0.578926921600206, 0.22173459912486648]"
43364,955.5647666418477,629060.8166724518,"[0.808905410813149, 0.056549609863075986, 0.13454497932377496]"
11158,473.1073139846121,504052.48665682966,"[0.05511293730370038, 0.029109202887975652, 0.915777859808324]"
6913,575.1335534772335,795808.8350515979,"[0.3574576425999412, 0.4112742041496532, 0.23126815325040564]"
45355,170.88427748442805,218666.8608240464,"[0.3473975691321692, 0.007660472615075362, 0.6449419582527555]"
3274,438.2067407978024,948290.9791941816,"[0.48654431332639764, 0.1201791253409772, 0.3932765613326252]"
23646,965.4359716996312,123909.53960989862,"[0.01910371699893905, 0.9057530091542387, 0.07514327384682214]"
14688,229.3188309241692,846071.1088956076,"[0.239919677306697, 0.27578592910176375, 0.4842943935915392]"
29157,303.85278279154016,722247.6388889458,"[0.32841488975459837, 0.06895316098190311, 0.6026319492634985]"
45014,198.9078151914012,792840.3292780898,"[0.5904192640084724, 0.30601795961747486, 0.10356277637405296]"
31097,16.29174245143066,923274.9703938212,"[0.38052692518214715, 0.3951883056122633, 0.22428476920558943]"
17407,516.035505976269,649102.3517191362,"[0.5838581542044105, 0.2973565099825668, 0.11878533581302268]"
46438,596.3365289908589,130630.79383993572,"[0.4051694063260342, 0.3351611961901718, 0.25966939748379386]"
25283,610.919418878127,118533.47997497398,"[0.7564966183552286, 0.05918850495329283, 0.18431487669147856]"
2075,975.9938151250296,950996.5117453992,"[0.5280924496778275, 0.19802091983084313, 0.2738866304913292]"
20854,784.7153391425495,468845.94299572543,"[0.3225960270504072, 0.3279942083999068, 0.34940976454968603]"
33149,723.8965413454189,928294.3633832124,"[0.4530670329204712, 0.30961513355939096, 0.2373178335201378]"
49324,77.01503604144747,843654.7986805085,"[0.3700712424732169, 0.011853735057362024, 0.618075022469421]"
10224,94.43635438887284,380442.81771412224,"[0.43946827599306015, 0.5326586476931802, 0.027873076313759647]"
42748,384.0225009154185,961330.8856249902,"[0.8101430068426515, 0.028901796713812822, 0.1609551964435358]"
16865,294.9746331391349,519705.1022805246,"[0.6084681243622589, 0.0775154340255286, 0.3140164416122125]"
36017,709.0972988407733,565784.2558534949,"[0.3765899553580887, 0.23761854367761298, 0.3857915009642983]"
18672,232.69811256107533,662159.8964604115,"[0.19480103329657159, 0.20142560454886935, 0.603773362154559]"
40552,984.9757765962048,151956.34517981368,"[0.5564878474169065, 0.03466235584728742, 0.40884979673580607]"
13720,488.5080562700067,685962.0289779475,"[0.2535861218944389, 0.45171121382557733, 0.29470266427998393]"
17468,849.6822162144819,328442.4288279772,"[0.2961348861230669, 0.6442912290581131, 0.05957388481881992]"
14496,401.0855204196127,394804.94472047314,"[0.1322854125525002, 0.7366704875843318, 0.13104409986316784]"
24841,533.999072626908,623260.4438249413,"[0.5174163763038375, 0.3908396883707296, 0.09174393532543282]"
39098,802.1404466108814,211341.8934635057,"[0.23402490630573586, 0.6600747665074965, 0.10590032718676771]"
25155,283.148234589955,203791.86538873496,"[0.4826428832700943, 0.49555586407649, 0.021801252653415728]"
38876,271.21216589856243,642036.4920345132,"[0.16675476800608702, 0.3576285729719011, 0.4756166590220119]"
1103,202.7161485755756,494794.89597807615,"[0.002032352626532802, 0.13228819069077694, 0.8656794566826903]"
20968,827.7047356195158,858640.0282229513,"[0.7542327271897653, 0.01638997742243903, 0.22937729538779558]"
40225,559.79057206671,626666.9325490606,"[0.46695257422101877, 0.36297167995057805, 0.1700757458284032]"
36147,138.2150261955271,929144.057178725,"[0.0087359621784296, 0.22282767014190707, 0.7684363676796634]"
43950,185.12646381702703,539800.3069189193,"[0.7699260982822145, 0.14630331712230824, 0.0837705845954772]"
43480,863.540063103183,564908.7602346322,"[0.6832352179620611, 0.27437467388334763, 0.04239010815459128]"
23261,582.3524368666466,816379.0565751438,"[0.31717481546875875, 0.06777851031581389, 0.6150466742154274]"
17265,129.3793925465923,276549.0995522272,"[0.36721150479592785, 0.30791563839350244, 0.3248728568105698]"
36598,413.2891777662919,822345.9638708831,"[0.6192846423388074, 0.16017056468561103, 0.22054479297558152]"
34031,36.13907059635668,541325.0214424832,"[0.42312389797460137, 0.5516072091770774, 0.025268892848321223]"
35456,629.3561666311566,301926.789515611,"[0.6837784507662006, 0.170408337874234, 0.14581321135956535]"
17863,819.6576994331125,181109.9549101778,"[0.22257796910514255, 0.2103115726355094, 0.567110458259348]"
25532,681.2862515830565,453661.8808902747,"[0.18693572171956216, 0.6028409588699281, 0.2102233194105098]"
20316,26.89776824303445,238477.07701407003,"[0.24424479398510646, 0.18895573413955244, 0.5667994718753411]"
24034,489.2794585657763,579089.0386657696,"[0.04034956598304213, 0.8956891438127488, 0.06396129020420903]"
36244,45.04594846375778,987305.4592019038,"[0.43380925767212486, 0.5656480710157845, 0.0005426713120906127]"
39587,523.1643698462685,555846.7016399787,"[0.18411183792840066, 0.07631737382788474, 0.7395707882437146]"
22124,503.5706698506655,935808.1613687404,"[0.23231196228066592, 0.07791999916234557, 0.6897680385569884]"
15313,410.5507075885868,352536.8224641229,"[0.6972146203247891, 0.25724459919615605, 0.04554078047905478]"
27885,161.82104054666135,137479.8596181388,"[0.07459760118699692, 0.301982938149065, 0.6234194606639382]"
19457,108.65422546187868,694657.1419370724,"[0.06572824361510254, 0.23435757117741668, 0.6999141852074808]"
7165,521.0114106155294,699643.1110070253,"[0.5692874591823842, 0.37286641719360974, 0.05784612362400615]"
49063,78.08524738651684,590727.3190494529,"[0.24540706323273542, 0.2781275447563275, 0.4764653920109372]"
5730,680.0842414509634,154143.5198482742,"[0.8641243852297558, 0.043952865421126995, 0.09192274934911723]"
13886,821.5406192233727,124422.41362882312,"[0.25768039556274774, 1.0907570758378886e-05, 0.7423086968664939]"
3791,517.4020440418883,237277.5855614448,"[0.09110353291069195, 0.22538573635776674, 0.6835107307315413]"
44250,209.9773903568774,961191.3444846568,"[0.09683621430876309, 0.7944240260567342, 0.10873975963450269]"
23114,858.4368190704939,712429.6924530622,"[0.4945814621958031, 0.2726860735527179, 0.23273246425147903]"
9390,69.0454888870429,829179.264379674,"[0.2290347327227102, 0.5734829558064678, 0.19748231147082207]"
24555,567.7869641198835,891562.077801937,"[0.331581149993257, 0.6268554242215347, 0.04156342578520812]"
8009,847.0740924852508,102582.05469823796,"[0.17449302354248622, 0.14014177954261006, 0.6853651969149038]"
48292,253.2151318947253,330838.4770261131,"[0.15888614388742864, 0.7325393813149998, 0.10857447479757153]"
24912,513.4993877434447,380133.5398978309,"[0.07169430581057622, 0.27441418914948795, 0.6538915050399358]"
33848,915.548750159518,638609.5828260886,"[0.09327970689529275, 0.32576484197679306, 0.5809554511279142]"
9846,212.5079198906396,798887.9844314092,"[0.35671740266783813, 0.5660393481173698, 0.07724324921479202]"
17375,813.9502490103213,564782.327709656,"[0.15803846615154304, 0.02640096868194568, 0.8155605651665113]"
22335,169.52862413479838,724070.2001219437,"[0.037681988171288164, 0.22690691405477917, 0.7354110977739328]"
41220,496.4298673516381,162429.35105525889,"[0.10229300359758037, 0.38505747038508875, 0.5126495260173308]"
36701,250.09009588872263,344933.12470646633,"[0.14337601974863226, 0.3974280342851647, 0.4591959459662031]"
35024,519.272888375588,693216.3192724619,"[0.5014014841842112, 0.060105538685156355, 0.43849297713063246]"
39292,460.6954306638242,596372.852834554,"[0.4414621394078326, 0.2684821970111431, 0.2900556635810243]"
18018,160.813205760742,236065.02475373703,"[0.5069763763834143, 0.363827118832826, 0.12919650478375974]"
42756,160.7091840665977,806697.5127856462,"[0.4524482467664978, 0.4143608087015647, 0.1331909445319375]"
49750,386.1474343219408,373732.0876538169,"[0.30323054697367924, 0.11525709186187587, 0.581512361164445]"
18115,398.50333003337454,546468.0402473481,"[0.42554071138177146, 0.46266402583379096, 0.11179526278443763]"
41322,915.4303899967156,280117.5017591873,"[0.22815049855636746, 0.11250174261788726, 0.6593477588257451]"
1624,83.87517563883256,738686.482691116,"[0.2511991921847247, 0.291869817848927, 0.45693098996634823]"
5527,980.434225107497,341365.4067133054,"[0.2190428524244194, 0.31098314082981016, 0.46997400674577033]"
4871,955.5814853425054,551100.4334978355,"[0.5463636665534677, 0.35985124248860045, 0.09378509095793189]"
32444,78.54162610848437,758483.5597359414,"[0.386120852165724, 0.10956359811370638, 0.5043155497205698]"
8706,528.5034860657445,604264.9727211782,"[0.2942789214398456, 0.4461444631472241, 0.2595766154129304]"
31163,580.4338772718384,145781.97444940312,"[0.030297844425102558, 0.94070594968737, 0.028996205887527413]"
33095,928.6725336288808,110946.45611698824,"[0.3232427359939207, 0.6334627390958117, 0.043294524910267675]"
28675,330.68020801717535,161631.7204527996,"[0.6562069781168376, 0.031211212364565196, 0.3125818095185972]"
41464,525.0829009157737,478185.4734902583,"[0.016002716673516958, 0.25432722333421887, 0.729670059992264]"
20882,840.0342936669844,385555.0741992972,"[0.3471273516513164, 0.11313826632629172, 0.5397343820223918]"
30620,251.6149814411896,105722.85146468318,"[0.03748333804025358, 0.2661570621231461, 0.6963595998366003]"
28227,264.5347615502603,628444.2377391853,"[0.45596867385215134, 0.4009730946709325, 0.1430582314769162]"
17229,715.8499416642633,838238.684233209,"[0.4598202751824439, 0.22649488612352334, 0.31368483869403285]"
36903,355.9947676108427,206879.3348059546,"[0.07944239725762636, 0.5352966107387713, 0.38526099200360236]"
2776,994.821263350044,691442.372057376,"[0.7680214552322181, 0.23138074822632976, 0.0005977965414521593]"
29843,634.6961564257763,374112.480188694,"[0.0042465954150061325, 0.29197886509427523, 0.7037745394907186]"
20826,689.0924582543963,424181.06963506737,"[0.4121777431433436, 0.17054263607017925, 0.4172796207864773]"
24559,118.94927234909964,329404.81645650545,"[0.7643364223918789, 0.17237665095352428, 0.06328692665459679]"
37206,749.6359038028318,986682.360504938,"[0.3441935848692406, 0.32914382021692434, 0.326662594913835]"
10451,417.1479531316193,901646.965188594,"[0.044451043580938786, 0.29203196961357775, 0.6635169868054834]"
37959,505.16780223387815,953743.0638782422,"[0.6407480627041371, 0.09873627306950733, 0.2605156642263555]"
32385,299.2582842560328,476831.8215598447,"[0.22931451718838528, 0.006661254482450034, 0.7640242283291647]"
26262,961.7926721403834,712688.79991941,"[0.9649005233389751, 0.01812582691165239, 0.016973649749372474]"
23400,450.3429623220509,761034.0670136655,"[0.45526496402603633, 0.12949289637472366, 0.41524213959923995]"
2165,573.7220383401859,328564.3395176168,"[0.43391450363821815, 0.1454916800155626, 0.42059381634621923]"
16101,453.35243756787287,308349.75831031246,"[0.718862029231539, 0.06104767401196107, 0.22009029675649994]"
30586,54.91080079424237,853870.808822776,"[0.1802171027197861, 0.7925921065097272, 0.027190790770486598]"
20341,237.7861927150257,336517.9598681149,"[0.3568207838666795, 0.037282527819596685, 0.6058966883137238]"
48839,28.83052527376713,723474.6507497891,"[0.15033268102973515, 0.563522671602936, 0.2861446473673289]"
31079,316.6831059493679,699027.5621606052,"[0.5576818837066123, 0.21881927807091547, 0.223498838222472]"
12356,485.2991054313239,402071.0227735861,"[0.487002966797907, 0.06968599557451502, 0.4433110376275781]"
31876,913.8929009845028,890919.7470397832,"[0.3288027666550963, 0.0005275714041531058, 0.6706696619407505]"
9654,435.9858996828172,911732.8225251426,"[0.16801047580065048, 0.030593783896508662, 0.8013957403028409]"
23137,693.598995738833,588837.6369441592,"[0.2676467015123369, 0.6569988802698178, 0.07535441821784543]"
26223,758.1572584243684,176524.72545119864,"[0.25059312859718835, 0.08478520408330263, 0.6646216673195091]"
48826,494.3112092777542,168398.59214302397,"[0.6747401467093028, 0.16778676366139048, 0.15747308962930673]"
22355,230.10750462892963,136097.4834232477,"[0.21840063137140944, 0.6319685166796069, 0.1496308519489838]"
41367,718.1633996008471,579315.3330633771,"[0.5721517507466082, 0.15333421603580652, 0.27451403321758533]"
25708,990.7407088184376,172535.00508773729,"[0.09033328026997388, 0.09457637183623259, 0.8150903478937934]"
16332,849.5123022820976,528095.1023239681,"[0.5213199916578489, 0.18620472198629, 0.29247528635586095]"
18707,524.6191832757648,991685.1135055452,"[0.8156160436619679, 0.06667059805388417, 0.11771335828414806]"
32127,570.5474616125807,138761.9082249214,"[0.4554988743622859, 0.39217880717285997, 0.15232231846485406]"
39660,403.1505398890749,231798.3198333388,"[0.039476446150740675, 0.5347009287168817, 0.4258226251323775]"
2679,472.4868163759169,971026.7919867767,"[0.09946030816417153, 0.4755644532995789, 0.42497523853624947]"
27095,264.3967206794573,146751.00215589898,"[0.2827200215541962, 0.08808991922269438, 0.6291900592231093]"
20793,376.1809888441492,246773.84726252625,"[0.8376627816738029, 0.1433830252931743, 0.018954193033022846]"
43735,36.29131029980117,265054.78903652646,"[0.7068420322454153, 0.22671259121539386, 0.06644537653919073]"
149,659.9232538292455,606369.8319683211,"[0.7567281882531659, 0.21199093807708427, 0.031280873669749736]"
7081,348.27759669390565,222544.3563692094,"[0.03562087662250319, 0.22791348506099898, 0.7364656383164978]"
28048,436.0562150380423,302774.5674931972,"[0.5944060670314655, 0.07906942612164823, 0.32652450684688633]"
8208,590.967124913853,984922.2335615188,"[0.27226149843545566, 0.49611006898583854, 0.23162843257870577]"
40030,945.7488760301112,947310.934607388,"[0.058593855526336135, 0.09017416282583349, 0.8512319816478303]"
39756,853.3566941017435,860516.5366592417,"[0.17257837134811815, 0.5623452111699958, 0.2650764174818859]"
5203,392.466676238048,841344.8387663644,"[0.10151353202869139, 0.7129337452602503, 0.18555272271105822]"
24280,483.2532666800439,276456.171610927,"[0.580201532240913, 0.02255437584860942, 0.39724409191047755]"
42485,257.9448587917399,587629.968467928,"[0.29413210157735276, 0.4429182756957721, 0.26294962272687505]"
22826,165.5514450654684,619671.952235116,"[0.1284133768676483, 0.41532364209588923, 0.45626298103646246]"
35052,178.6278051605045,949642.7987521306,"[0.6980180274857414, 0.22089675921141785, 0.08108521330284085]"
49489,474.7695082894093,446406.143903465,"[0.44099421673276984, 0.07463509029357723, 0.4843706929736529]"
1828,440.2701852055241,162283.96041843685,"[0.004508788340303984, 0.6929380398104056, 0.3025531718492903]"
46019,45.0939462769043,236687.5672116933,"[0.19979343356976373, 0.27146996516506533, 0.528736601265171]"
3886,603.010663558294,318713.60608333047,"[0.2918278726779602, 0.28529259365685844, 0.42287953366518144]"
2930,73.09049876484119,313549.7368591668,"[0.05197555229940977, 0.889068714758884, 0.05895573294170627]"
42151,489.0000010395816,526472.8314156795,"[0.25054620215098494, 0.14470342177336193, 0.6047503760756531]"
16576,926.0915245046544,903079.2799517332,"[0.10688161243614637, 0.07326000641054298, 0.8198583811533107]"
33734,768.5767460360694,655586.0254940958,"[0.4465604394162584, 0.4492629554520286, 0.10417660513171292]"
14045,595.155459252836,273773.9464582454,"[0.46097066771616735, 0.41274611297174857, 0.12628321931208417]"
11677,996.6825423432158,674506.5943969729,"[0.3402483632914288, 0.5407797843072975, 0.11897185240127374]"
46251,359.92714250778005,280695.7661954694,"[0.2594378875407079, 0.14458272084228935, 0.5959793916170029]"
29940,617.7855394150615,594958.9399154128,"[0.4358511797100409, 0.11445067533979723, 0.4496981449501618]"
31683,890.198449515141,745071.7309499221,"[0.2708969143220475, 0.09047925550504253, 0.63862383017291]"
13865,845.6237662680647,149376.85378277133,"[0.45518150142015606, 0.3295725099093931, 0.21524598867045086]"
43677,656.3310645420265,352426.1090650848,"[0.32543980029463726, 0.48324001730596694, 0.19132018239939588]"
29016,768.9609281695668,349219.82019694895,"[0.3736191187334405, 0.391650035758931, 0.23473084550762857]"
12152,176.07564953017177,350039.00922332786,"[0.28178839581643955, 0.7120857677531425, 0.006125836430417916]"
30167,193.5347241836089,822768.0344281506,"[0.32899602119946725, 0.23488491859164753, 0.43611906020888513]"
5204,834.6422258479747,934230.6529694102,"[0.34240905893265317, 0.35597249756595717, 0.30161844350138955]"
42423,902.0780140031004,251190.3841176704,"[0.21721242652869469, 0.09529198778605014, 0.6874955856852552]"
6926,806.3016783290129,843730.2464428443,"[0.21938892700859575, 0.7490342574661172, 0.03157681552528698]"
45084,912.64279677531,841783.4044558582,"[0.20480677981104, 0.5038244943873229, 0.2913687258016369]"
42182,970.5078651004194,374199.82753055374,"[0.5624316626191992, 0.24942347733861323, 0.18814486004218756]"
25079,289.9709636426939,725020.3416078318,"[0.5693893029325432, 0.013634533356839031, 0.4169761637106178]"
31757,308.7087363684814,465816.8360947896,"[0.2282179275506182, 0.0712621484178721, 0.7005199240315098]"
15109,227.5787594596029,769072.135727512,"[0.13662834137135996, 0.28156551159928506, 0.5818061470293551]"
34922,326.3896691382969,614735.8958633067,"[0.21133576001707738, 0.6092178641459266, 0.17944637583699605]"
47473,923.1597978433772,528613.8013240306,"[0.4854899088113089, 0.2913686240601391, 0.223141467128552]"
36347,357.6630302034919,113076.2278199971,"[0.13910559792500618, 0.3676932835143082, 0.49320111856068577]"
33163,558.7010100942709,701941.1620545606,"[0.12986926295098086, 0.5325878672826116, 0.33754286976640757]"
30258,327.13246077144663,353738.8617529768,"[0.7586252041457556, 0.12717987542190315, 0.11419492043234118]"
33582,75.73694781184922,453815.8134795369,"[0.005662878590502002, 0.1737153633402001, 0.8206217580692979]"
47134,288.3651068536888,331555.67192387034,"[0.4711611328808676, 0.23346275317143164, 0.2953761139477008]"
48808,619.0164991234734,916143.3517091584,"[0.44712659879664424, 0.22029890842429056, 0.33257449277906526]"
44052,972.0542773791047,302654.13408866985,"[0.22471069701905144, 0.38676716120980903, 0.3885221417711395]"
23846,246.8884633849812,720014.7228874671,"[0.08438977572486839, 0.47145626484925274, 0.44415395942587893]"
22248,647.8543859337983,248313.5521192297,"[0.623852402024624, 0.022222434889889505, 0.35392516308548644]"
44163,429.6597052987139,130636.8148656619,"[0.5480738872396251, 0.13074034934640424, 0.3211857634139704]"
37896,311.94923798131265,793744.1826364802,"[0.2774020936395933, 0.0007931998531256267, 0.7218047065072809]"
28468,453.39693888925217,756327.2966578776,"[0.25431720724324103, 0.0761380565380721, 0.6695447362186869]"
29556,564.1254380322048,721318.3669895534,"[0.19159917145876504, 0.5310949325019844, 0.2773058960392506]"
41780,305.3767025027377,681465.6145779529,"[0.21857658374770572, 0.6041991317928391, 0.17722428445945512]"
4337,420.8830264526729,631075.8254689439,"[0.27862383979319383, 0.48431350872962103, 0.23706265147718497]"
39708,802.5341672123641,908839.3229650792,"[0.7946356583412749, 0.09745632698759259, 0.10790801467113256]"
4125,663.6870786660721,613276.1364096967,"[0.04017431730337272, 0.19667073052315603, 0.7631549521734712]"
25955,429.3187990063054,501081.0699223277,"[0.5305808949212018, 0.35926047501122804, 0.11015863006757008]"
40211,821.8222105029934,224253.54666835585,"[0.24412173813656532, 0.010311419226211725, 0.7455668426372231]"
32669,510.9425296578368,306338.79807900323,"[0.7365455345380887, 0.25572931161737916, 0.007725153844532102]"
37107,817.48194765532,271263.37201756844,"[0.07766854866314359, 0.8172939825390375, 0.10503746879781875]"
3662,709.3327964615739,792272.2614471187,"[0.12694725775130156, 0.27474854291187506, 0.5983041993368233]"
3932,46.76551079228525,902829.4965237136,"[0.5946115532316497, 0.22665602202433796, 0.1787324247440123]"
47421,52.28668989480176,299056.9702809816,"[0.4278643785374743, 0.22697833681004173, 0.3451572846524841]"
46888,740.5110062774374,405981.8254580722,"[0.11267574944624556, 0.8120930383082251, 0.07523121224552941]"
8732,458.25709820381394,693568.0569092612,"[0.1404659508624165, 0.477048544000282, 0.38248550513730145]"
19231,669.2989065531201,472244.9511513246,"[0.4499544969458148, 0.2001442293810961, 0.349901273673089]"
36423,884.571483599959,417488.4971841559,"[0.4692314754855898, 0.5217515323059182, 0.00901699220849205]"
18998,933.382943444516,873098.780771428,"[0.35603914391924385, 0.3984222183193163, 0.24553863776143978]"
13484,613.2092564651581,714071.6783275123,"[0.005540238383589284, 0.11908980653224846, 0.8753699550841623]"
4244,570.5613679247422,185528.58936476425,"[0.22278343683244015, 0.5025195454887367, 0.2746970176788232]"
2925,162.7248842290191,425778.1214573979,"[0.3755844125225068, 0.5331781799534272, 0.0912374075240662]"
28471,27.72545654219462,208427.7987982396,"[0.3256039049398091, 0.5030483582272137, 0.17134773683297716]"
7243,633.1576899566057,828907.3657963785,"[0.29998481794777926, 0.011922494742423125, 0.6880926873097976]"
49779,894.9737917133147,199448.9893391144,"[0.1100571346355745, 0.19827401678819934, 0.6916688485762262]"
32832,485.7922316219504,319449.0724202213,"[0.6161758004949281, 0.10291799603904506, 0.28090620346602685]"
24818,646.437730101131,499653.4606172508,"[0.01179480015894998, 0.4511392863980635, 0.5370659134429865]"
27754,549.771789383941,126845.60077891251,"[0.02607520426871372, 0.6267935822122778, 0.3471312135190085]"
29681,893.6856157206115,382428.9995981311,"[0.6354113535806595, 0.10875108766417597, 0.25583755875516456]"
16230,745.2022158120596,366154.3213675326,"[0.7236989487056474, 0.0773030978722909, 0.19899795342206175]"
4301,552.7135397115928,874092.3168243665,"[0.29059280595276155, 0.07583561285987009, 0.6335715811873683]"
8885,911.9179562101724,892031.5062007762,"[0.251757607336789, 0.5545724502451187, 0.19366994241809238]"
16233,704.5241268797098,993157.1683333116,"[0.22573591246459734, 0.25729410616278353, 0.5169699813726191]"
15817,440.29066631614114,946172.882619086,"[0.48016054722026624, 0.3087331624990256, 0.21110629028070824]"
30044,429.70075707323656,519550.49982306897,"[0.09498265368287305, 0.6435022404929424, 0.2615151058241845]"
12014,270.93046654881493,845138.7741959778,"[0.12267939270696306, 0.15549457456288154, 0.7218260327301553]"
30011,21.29578042627533,168394.7395515443,"[0.12112213612792891, 0.15757757837785, 0.721300285494221]"
41030,974.4598320788832,390943.4509677916,"[0.7084550867053182, 0.17760019223636997, 0.11394472105831188]"
2674,888.2091711930202,933234.9405676508,"[0.33518977810707623, 0.467250805032256, 0.1975594168606678]"
28092,282.65013312925447,975195.784011115,"[0.14290979609942567, 0.1720472594983951, 0.6850429444021793]"
20866,518.4219470340909,288267.61348900566,"[0.37596906321323237, 0.24015145241534877, 0.38387948437141883]"
35638,112.64326685356914,388924.250920984,"[0.04737445860307085, 0.8819108385242665, 0.0707147028726627]"
10986,426.5856840599492,731664.927859911,"[0.19521806081636317, 0.7860662412640143, 0.018715697919622718]"
6844,749.7981307540302,321561.73168788105,"[0.39437613581451775, 0.45368809472680144, 0.15193576945868079]"
25096,362.1797879219585,316620.0336584961,"[0.14468593092576865, 0.2670121625904088, 0.5883019064838224]"
32269,932.488164878736,456486.1975942899,"[0.27767312132355526, 0.4863871795490931, 0.23593969912735166]"
40649,525.1813035465358,950278.857629802,"[0.46985228269475304, 0.11238221750849652, 0.4177654997967505]"
40915,669.734532599858,933691.425050572,"[0.2326256987494139, 0.07603778833514703, 0.6913365129154391]"
2635,592.4583899322955,719659.2400446006,"[0.5722192462022777, 0.16266336762222772, 0.26511738617549463]"
5561,808.47066162273,438238.37738504814,"[0.5624015392786603, 0.16494205401516532, 0.27265640670617425]"
24582,781.7831837700373,742125.5643280124,"[0.5697715215556732, 0.428416284883019, 0.001812193561307719]"
8951,774.9113027169219,572739.0081684173,"[0.49990960672622003, 0.4308165190743202, 0.06927387419945981]"
21436,673.0900122794583,782754.770030449,"[0.018902403389401475, 0.8214046268038103, 0.15969296980678818]"
35577,583.9913395255705,653536.7587755593,"[0.2512337582852455, 0.13415618631254383, 0.6146100554022107]"
20569,809.7734461785186,426679.177976853,"[0.06295185232575456, 0.11690510329176369, 0.8201430443824818]"
29652,846.8938809737176,695434.7665362664,"[0.47289921283896486, 0.4128262109474289, 0.11427457621360622]"
17659,279.31143840019,513820.7448166417,"[0.5385141401086118, 0.22006400053536082, 0.24142185935602734]"
5853,584.1759893152915,329105.7649511347,"[0.05753132192653312, 0.7353148091181454, 0.2071538689553215]"
24359,279.3083788820277,753982.2996826065,"[0.40052726050125625, 0.08181543529760202, 0.5176573042011418]"
42983,118.96711067608013,261578.0306319021,"[0.6770477331867728, 0.014811476600060746, 0.3081407902131664]"
22377,538.955071033101,923368.6180155087,"[0.43752405955398394, 0.2365883234110503, 0.3258876170349657]"
358,324.7995306265115,605832.910574079,"[0.34331535238813254, 0.24186207822205913, 0.41482256938980827]"
26547,873.2189869008956,253923.77286489747,"[0.10902183439507145, 0.5770764854928679, 0.31390168011206077]"
40156,449.57156156713376,956190.1272187224,"[0.5930428208070488, 0.3314168979231444, 0.07554028126980675]"
26746,321.3439609364793,399791.2683765392,"[0.26745059838494506, 0.4016260554138312, 0.3309233462012236]"
274,613.4269867569893,650080.6960734978,"[0.3623187483410138, 0.235280645792155, 0.4024006058668313]"
33989,236.17864225413584,132378.2695716173,"[0.32212948798196683, 0.2895448557202154, 0.3883256562978179]"
27774,956.9736023853408,355608.5402255416,"[0.34090895418148665, 0.30057628885687354, 0.35851475696163987]"
5599,427.9691168849136,113642.70981331667,"[0.051098241731760516, 0.14155988380204623, 0.8073418744661933]"
20977,284.05243671232864,615547.6212147332,"[0.03333299744325829, 0.7599897232531914, 0.20667727930355045]"
15838,739.6080316591349,637058.3087591663,"[0.14475051845630146, 0.560676572748451, 0.29457290879524756]"
4733,126.44596404791275,535215.4739969405,"[0.2874408153957649, 0.0044910246229902, 0.7080681599812448]"
36476,326.8466553463482,450053.0811776973,"[0.27087414144207267, 0.5757137232882586, 0.15341213526966857]"
10359,11.4418256735854,920996.2586269254,"[0.7351996936916335, 0.22575025904495594, 0.039050047263410624]"
23018,851.0969240094353,808841.386501585,"[0.03677182695206959, 0.2861777753698531, 0.6770503976780772]"
2865,288.76577901962975,465093.10804491,"[0.6765725443929463, 0.048866876093433105, 0.2745605795136206]"
10070,953.8237649098668,965976.8513820512,"[0.15513611631535576, 0.6361797491504181, 0.20868413453422624]"
35445,482.06712955020447,263037.0693292632,"[0.12526078375943012, 0.005142502542608073, 0.8695967136979618]"
2519,636.6455071423948,839864.6404831707,"[0.45091671345746637, 0.4091227743389282, 0.1399605122036053]"
4452,776.1387127167744,571533.8676685006,"[0.5125412648821133, 0.3450883780061074, 0.14237035711177942]"
26076,449.01868456164993,176219.13004565897,"[0.7881754328450274, 0.15922987840157776, 0.05259468875339473]"
43899,96.46250533534652,615838.4052002018,"[0.07985739082486629, 0.19390111129597015, 0.7262414978791635]"
6201,463.6143124589536,374849.8139760004,"[0.8438780955745308, 0.1089252652446218, 0.047196639180847405]"
28206,421.6385575699204,470052.9128719618,"[0.2804689493731649, 0.5097909659133255, 0.20974008471350955]"
35209,416.4422058221585,880083.377652465,"[0.7615877333821653, 0.12314864998691705, 0.11526361663091755]"
38582,244.55704543122292,745454.9257213087,"[0.048070842444207805, 0.6808127040708871, 0.27111645348490493]"
32482,449.9598860721815,721693.3214341579,"[0.26839270393613224, 0.3878348138174256, 0.343772482246442]"
19633,498.4113385086705,104939.29645156508,"[0.5694477518280819, 0.2834520893574115, 0.1471001588145066]"
7851,279.3530039304144,878997.3241319209,"[0.20630072270049393, 0.49742795094902825, 0.2962713263504779]"
29633,665.6711103929315,729898.2888290276,"[0.20971100971505877, 0.16802687632511928, 0.622262113959822]"
9569,807.0209325488671,352938.3185616732,"[0.32757568135048, 0.44831156715747983, 0.22411275149204007]"
4586,69.98225827725494,202865.543271269,"[0.08057903848802651, 0.7432006078373181, 0.17622035367465524]"
47938,641.6668472299523,299354.45677567425,"[0.1769607418071467, 0.4332479504204073, 0.38979130777244586]"
38760,175.2976912857279,547099.6634004022,"[0.034656423435795704, 0.052516447681950164, 0.912827128882254]"
42617,758.479534694463,835656.6018946045,"[0.44507079159168395, 0.26288150048107, 0.2920477079272461]"
47469,181.97408954220097,942630.169815494,"[0.5587770368735204, 0.10725384391342431, 0.33396911921305505]"
35290,767.8059825682398,547157.7161699019,"[0.2654132146234425, 0.5285666989425953, 0.2060200864339621]"
14533,845.0285346340388,391677.7181781093,"[0.45577162098678375, 0.23418059899884416, 0.31004778001437205]"
28358,607.6391916743304,330710.4799368252,"[0.401506328886474, 0.016208920940981537, 0.5822847501725444]"
13613,881.1310030787953,451580.63665213314,"[0.09344188681984973, 0.48171230814314997, 0.42484580503700015]"
33720,806.8729517329326,602191.2275685514,"[0.2004069099713654, 0.3535017533466826, 0.44609133668195206]"
14869,886.8460335707274,208978.06840212928,"[0.3850456908316009, 0.01324569779951904, 0.60170861136888]"
38850,662.8217856364279,413755.7755929241,"[0.02273629258957621, 0.4935083361482866, 0.4837553712621371]"
32885,86.50258411164627,239629.07544306308,"[0.3550778782503475, 0.004233955193090453, 0.6406881665565621]"
924,184.68872156877944,689495.6637358029,"[0.4823261628058217, 0.3851608589501634, 0.13251297824401492]"
13736,151.65844800810063,580945.1465162509,"[0.16043772388550417, 0.38133365511851536, 0.4582286209959804]"
18248,678.8911189529424,659641.2290600595,"[0.38926941862643866, 0.07828186657936954, 0.5324487147941918]"
39520,843.776967269171,206484.733796072,"[0.2082491946367381, 0.7408948970399027, 0.05085590832335914]"
20557,565.6936775810527,374111.27989968425,"[0.6799572713373241, 0.03474341074702137, 0.2852993179156545]"
29805,364.9044707749196,827305.0403967274,"[0.4424515711606228, 0.40812610976805125, 0.14942231907132597]"
9067,88.48232323831282,827819.1557590145,"[0.06316678762211893, 0.16998245149822044, 0.7668507608796608]"
33341,159.42881722611247,501619.4133586723,"[0.056042699540366864, 0.8160441300181721, 0.12791317044146125]"
9246,497.39006650058434,856542.6273308193,"[0.21433504957009314, 0.13622279843420262, 0.6494421519957042]"
25138,947.1427038805624,498739.7542238968,"[0.6897244818330373, 0.1451930909883737, 0.16508242717858923]"
14274,863.3069207139296,870517.0661068485,"[0.012899244401661455, 0.9741502446296368, 0.012950510968701714]"
9944,184.5383148470957,783034.4069935953,"[0.11545962016888145, 0.14449356302133012, 0.7400468168097883]"
7617,967.9395644751138,500962.8729708527,"[0.11148287579283167, 0.38634070240532725, 0.5021764218018411]"
47270,866.8998306825347,220468.09764644987,"[0.2945105771788334, 0.6179625847720827, 0.08752683804908393]"
49423,506.03027956744376,948388.9382117708,"[0.33953636945882454, 0.46515377378463174, 0.19530985675654378]"
37174,207.86551523112468,241665.93659814107,"[0.18371116978445237, 0.7869908648151994, 0.029297965400348288]"
27563,605.8437187783286,789027.3225574667,"[0.3050720977800634, 0.3000644219296727, 0.3948634802902639]"
24433,627.9938235791151,719836.2054229581,"[0.05379158002279389, 0.5080317150110436, 0.43817670496616246]"
15000,323.87734931306227,650018.2359761021,"[0.2803840622306402, 0.22864317568046275, 0.49097276208889695]"
7873,342.4229727356465,797655.7649467593,"[0.26676167534591544, 0.06072946252620971, 0.6725088621278749]"
49811,677.6669963394942,293866.3525322691,"[0.14322309151776905, 0.6486715815435196, 0.20810532693871145]"
24639,513.5178949092938,612870.133362432,"[0.1543277398652809, 0.23623404104803877, 0.6094382190866804]"
18282,711.7800754815459,539589.079154636,"[0.3157676553940401, 0.20767096059755072, 0.4765613840084091]"
41767,304.938658384362,139860.54289192264,"[0.4422498663109186, 0.321199903425079, 0.23655023026400226]"
22847,504.7158794808968,514111.569523181,"[0.8241111999880188, 0.1507004212696099, 0.02518837874237124]"
33185,860.3791656624418,846848.8783684685,"[0.6181259472648268, 0.037861749167331045, 0.3440123035678421]"
35631,463.10672270879326,625755.6141050052,"[0.45543466575828584, 0.5258619701898205, 0.018703364051893597]"
748,288.1084189166356,640186.5463407555,"[0.7955485594176985, 0.009828915105935577, 0.19462252547636602]"
22343,84.30377554657782,667839.1017956159,"[0.13007276866594927, 0.04438693404340027, 0.8255402972906505]"
33461,883.3633093566224,145222.16253934568,"[0.2129536254860945, 0.512361874158773, 0.2746845003551325]"
8750,282.0338030415777,958304.5440463864,"[0.1759118030913679, 0.7849535572980889, 0.039134639610543275]"
2672,657.2920407582924,811684.4172530915,"[0.1358626296353579, 0.028556324738132934, 0.8355810456265094]"
17367,348.6168846482768,361287.9124006587,"[0.014477321077355812, 0.3137233536796899, 0.6717993252429543]"
42442,665.1176878687216,372345.88314471766,"[0.9063321929796774, 0.03719559080725971, 0.056472216213062844]"
22515,715.928984903207,612815.3861839087,"[0.339189127034383, 0.23626414855923786, 0.42454672440637925]"
11991,64.67677043051835,784422.0299076049,"[0.5829560564131154, 0.31507131918210746, 0.10197262440477717]"
33373,299.8509198452779,583290.0974938832,"[0.24996923941942775, 0.7153137472831054, 0.03471701329746703]"
6217,258.4240672988299,358017.2312586754,"[0.3416269691546058, 0.11410707188625216, 0.5442659589591421]"
46374,449.1321560967304,408958.2579242202,"[0.007375675794094929, 0.3115603970119176, 0.6810639271939876]"
30463,812.6339344529841,522844.5820552872,"[0.0012530170159534392, 0.9091289517544416, 0.08961803122960492]"
23987,732.4444755906609,938272.7262700052,"[0.5020136769738155, 0.10252152556116785, 0.39546479746501667]"
41187,187.0279349886632,840103.0576249389,"[0.20440747104355764, 0.6781144934808887, 0.11747803547555369]"
23048,939.9731484865032,786858.4243975864,"[0.09470081742494613, 0.3221930005653003, 0.5831061820097535]"
25598,137.52264915096652,325762.9200091412,"[0.004051413029116325, 0.5797384373924142, 0.4162101495784695]"
25557,853.0598086176356,855088.7479905159,"[0.0511250590650647, 0.7192329243241888, 0.22964201661074649]"
15509,600.9580727483122,565956.9609210762,"[0.5284453846862576, 0.4138911107643549, 0.05766350454938754]"
36288,863.367365876195,316245.05681497906,"[0.22412822901604068, 0.7521712903829428, 0.023700480601016614]"
26126,421.6826051625824,152604.633864971,"[0.38103812701304646, 0.20176199692146313, 0.41719987606549047]"
48372,500.7295029361732,532439.3436003521,"[0.0006402510358706288, 0.9989122353913356, 0.000447513572793844]"
6317,850.7648294418307,874631.5597212914,"[0.6872193237044595, 0.3098683511081681, 0.002912325187372373]"
41198,666.2030273799201,461287.8557486049,"[0.23786484099583496, 0.6138075689772343, 0.1483275900269307]"
37056,253.2060874553362,257724.60373591183,"[0.5625553837126502, 0.3532624697236432, 0.08418214656370661]"
15856,176.6730729772193,245463.0705359337,"[0.15900694477873548, 0.08833914640631968, 0.7526539088149449]"
8567,264.46404154339444,674437.197982215,"[0.7670191404973412, 0.1672582488263712, 0.0657226106762876]"
776,206.10793540572823,719126.2330002774,"[0.2582695968323254, 0.15086878558765784, 0.5908616175800168]"
46510,492.7343650125786,205002.1824789627,"[0.04252741188365977, 0.9002108628651087, 0.057261725251231556]"
14936,485.9476505912274,458931.7721881904,"[0.10723762671957669, 0.7627524692295997, 0.1300099040508235]"
4029,367.7871028754115,304454.6741919778,"[0.41280567067049156, 0.42401628306817546, 0.163178046261333]"
46274,747.9529729591296,437796.0168151643,"[0.17313600511596894, 0.7643045173626817, 0.0625594775213495]"
31735,286.0636097509042,546316.0749837935,"[0.48721918044901785, 0.023164373295884173, 0.48961644625509804]"
7518,536.8217290869015,954056.942893948,"[0.025561042443982614, 0.19162674791535098, 0.7828122096406663]"
46206,582.8107581332221,826793.5434211238,"[0.7139873926948748, 0.062032612563655644, 0.22397999474146962]"
4177,935.4934496650806,686522.0935302549,"[0.45425366232794573, 0.1876944325227434, 0.35805190514931096]"
36830,644.1603201323493,637210.9270023404,"[0.4099493551161509, 0.21788446526633018, 0.37216617961751897]"
38504,175.00202697139187,805901.772343765,"[0.013638462796741071, 0.6493357938907425, 0.3370257433125163]"
27362,547.6993252770342,577022.504250685,"[0.25093143429004877, 0.7450034099115208, 0.004065155798430632]"
41059,906.9554777616984,393667.3961889308,"[0.3455854640527929, 0.6507832270746645, 0.0036313088725425627]"
17355,569.0713891697889,555770.3407075411,"[0.5499085893489389, 0.06784328830816239, 0.3822481223428986]"
8136,22.70072257161811,479168.1973889254,"[0.47061451482509253, 0.4516262634112898, 0.0777592217636178]"
33318,755.7789984274758,615394.6965044402,"[0.2263190771570209, 0.705204677914874, 0.06847624492810517]"
38551,913.5662542827826,166451.58563914028,"[0.18368407438266385, 0.24421477285271398, 0.5721011527646223]"
33494,907.8079906783748,161335.30289223132,"[0.4500692004089722, 0.1965837551641219, 0.35334704442690584]"
6614,262.34649554600253,945028.6194417172,"[0.16104495626592086, 0.38180855856649715, 0.4571464851675819]"
20195,768.9671225267082,441472.9687793513,"[0.5237326802446334, 0.054759637954553735, 0.42150768180081283]"
8902,400.7174528685059,571679.1046764778,"[0.19994889361469736, 0.6969379985082073, 0.10311310787709535]"
23411,237.1773579578284,237108.690891748,"[0.34612253064602483, 0.31677641576554105, 0.3371010535884343]"
8597,590.0980822948901,745859.5644386612,"[0.4287650749160289, 0.45543603439770697, 0.11579889068626402]"
538,15.79689021037191,649367.6156803012,"[0.17722152289908563, 0.27270312603033603, 0.5500753510705784]"
44870,525.8316502182905,665605.821370684,"[0.1889433104639346, 0.20732968375419206, 0.6037270057818733]"
13848,460.6989734788652,870873.2955737405,"[0.6058526636388984, 0.35713109737440896, 0.037016238986692505]"
38992,866.8957468022645,241194.20285487644,"[0.6312160039599255, 0.229406721197826, 0.1393772748422485]"
40640,698.5527156905121,944615.676213181,"[0.47422099623250347, 0.05587930343068518, 0.46989970033681133]"
10991,207.4299123179978,850938.2951538648,"[0.42284825400705833, 0.40904734148959687, 0.16810440450334468]"
37670,247.6424397490761,961562.3243940958,"[0.26735743437140813, 0.24605632418287576, 0.4865862414457162]"
8659,144.73100858800277,221541.76249360133,"[0.19959472691663485, 0.45432078227969763, 0.34608449080366743]"
38429,813.1007703540121,727126.3740904516,"[0.21060839044984453, 0.5730292414536506, 0.2163623680965049]"
8296,392.4159262131735,981349.873134881,"[0.7472901975008935, 0.14634705108123355, 0.10636275141787283]"
42721,853.3757551664081,654390.3966688083,"[0.42703504622020433, 0.14804663855257322, 0.42491831522722256]"
47162,237.0290504514836,310117.94598265446,"[0.4783690446285073, 0.3633289492251243, 0.1583020061463683]"
18842,88.44183518830937,508098.1182969188,"[0.37399348554451667, 0.48303674448081746, 0.14296976997466565]"
3821,839.227125190531,480845.3274531569,"[0.29727662383840975, 0.2232969953439778, 0.47942638081761246]"
49527,928.5674643302264,384166.67810054834,"[0.07771056836914085, 0.892998672589471, 0.029290759041388136]"
43770,829.6993928315725,203631.7881037651,"[0.4685552117571744, 0.49197468337370515, 0.03947010486912038]"
36891,660.605669254354,300322.924519101,"[0.31720108658706053, 0.16665133870797072, 0.5161475747049687]"
39606,455.4263106415471,832206.8801458167,"[0.878999686422228, 0.09691649740243563, 0.02408381617533648]"
7417,975.518763106782,593347.23879689,"[0.47261142855163724, 0.004665425955445232, 0.5227231454929175]"
7759,131.8975952635916,519843.60276127147,"[0.2810094699780569, 0.6506937847970174, 0.06829674522492571]"
4373,289.528106694208,690065.8869728489,"[0.06747499131306714, 0.7740310600461519, 0.15849394864078095]"
31082,687.3956574167506,782617.39766793,"[0.07890864476294446, 0.09275898943171648, 0.828332365805339]"
2308,70.74907513641439,364612.35884486086,"[0.38263512034911845, 0.25485924522760894, 0.36250563442327255]"
39774,697.6928287508644,889506.5383341291,"[0.2257332395968326, 0.06604087572583409, 0.7082258846773332]"
17486,583.2162496789416,671325.397110124,"[0.0713441170336202, 0.8383181149892555, 0.09033776797712444]"
34182,490.04567529816114,761846.9133892057,"[0.27230380357034745, 0.03287767861495464, 0.694818517814698]"
35651,213.6305060145044,222870.5406923232,"[0.1370811849087027, 0.3638385446171367, 0.49908027047416054]"
12398,986.5012177416376,514230.4653025954,"[0.678239325263407, 0.04610565353320799, 0.275655021203385]"
44179,223.31254550590305,494071.5093758477,"[0.1957183446261342, 0.7667856079523883, 0.03749604742147743]"
35497,267.95520501273006,534267.8961831843,"[0.17709765361401764, 0.5997662476930206, 0.2231360986929617]"
25491,583.7182411587497,797650.0670037044,"[0.16384697578751797, 0.633886418674318, 0.20226660553816384]"
17623,113.54010180499633,260702.5595270907,"[0.5483979994223929, 0.3204417087724677, 0.13116029180513947]"
41924,343.06089710609496,962021.8575836676,"[0.11308459009894092, 0.12822746902499052, 0.7586879408760684]"
27592,824.7331425703946,249399.0830192326,"[0.6894717939978284, 0.14492749861743057, 0.16560070738474106]"
41434,716.1567640534709,973558.3058305684,"[0.1355079989123554, 0.5983700065360179, 0.2661219945516268]"
33290,950.1609445961608,238165.2976214585,"[0.10054315683801268, 0.7538113905244592, 0.14564545263752793]"
43227,721.5229750564889,695178.8262140432,"[0.6431287312871016, 0.11828809035904835, 0.23858317835385004]"
37441,431.2391347246729,398269.0682684291,"[0.9885633666023, 0.0019502484300483228, 0.009486384967651695]"
20558,879.4121329480444,874901.4627066191,"[0.13806863859356788, 0.19507631968728945, 0.6668550417191426]"
47916,634.944167698481,184175.8829881049,"[0.1850744572808684, 0.14371468232057114, 0.6712108603985604]"
40602,756.5268119042299,365003.85254284,"[0.2563324342809704, 0.5038871120593142, 0.2397804536597153]"
25373,78.3388572172061,701812.5045916011,"[0.5606684850530521, 0.035290893840138726, 0.40404062110680916]"
17372,197.60225514952336,160181.44445602625,"[0.06872720753211836, 0.5139471793013093, 0.41732561316657235]"
31877,543.7257301733582,692316.0169775392,"[0.002842276509978723, 0.759561395929913, 0.2375963275601083]"
1829,637.3792392028552,619953.641711098,"[0.04450090944165038, 0.8297035609977311, 0.12579552956061837]"
37651,891.5940753965349,277938.4346363398,"[0.2739433357694403, 0.4296313687775046, 0.29642529545305524]"
42663,503.07859200213136,450190.4405165762,"[0.41411664650773977, 0.25005019190174327, 0.33583316159051696]"
42271,48.2436883430076,919989.7256361762,"[0.47601404101760025, 0.2548797998460527, 0.26910615913634717]"
35468,997.4511045701464,480684.9579235534,"[0.23042269399452248, 0.592259844285554, 0.17731746171992344]"
24958,414.5576837994847,953118.6452822386,"[0.39496400104562895, 0.2700076934710053, 0.33502830548336593]"
48456,132.6178434273158,786454.4441831452,"[0.08215545698892952, 0.2954582546949618, 0.6223862883161086]"
33573,255.7980531568305,833696.1198614041,"[0.8608679521419428, 0.015436969335705084, 0.12369507852235215]"
19815,526.3040282901889,545009.7540800025,"[0.9182357534721357, 0.06524912761749772, 0.01651511891036659]"
27721,77.51601076720318,529823.5956057878,"[0.7059364668598985, 0.04689148213070036, 0.24717205100940107]"
17934,662.8254826989896,778217.647467737,"[0.8748894695125572, 0.12391326681511498, 0.0011972636723279757]"
5496,918.631203158182,962286.8450791196,"[0.5881729869497936, 0.1207745797999975, 0.29105243325020896]"
25750,61.51370332418759,954734.161773958,"[0.7011525049638555, 0.25150856989736176, 0.04733892513878265]"
20810,900.0961230628492,126231.46474150797,"[0.0930316849019693, 0.08238999886459862, 0.8245783162334321]"
13870,743.2218966231935,776006.6600863647,"[0.506431875507614, 0.15112568201647464, 0.3424424424759114]"
33951,761.9275445354983,116569.28074537378,"[0.4850801614113863, 0.014137360539252738, 0.5007824780493609]"
27682,523.6158161001706,221361.93739489056,"[0.1316320554897068, 0.35385117345559436, 0.514516771054699]"
37643,722.4495472067239,967253.166150213,"[0.1031588301440983, 0.014251307123900651, 0.882589862732001]"
23122,638.4554053551984,205784.13081219123,"[0.24279086346687198, 0.5715915994954233, 0.18561753703770473]"
37454,832.9253099044406,407782.4808211663,"[0.5144865047300449, 0.3471892802844925, 0.13832421498546252]"
16378,436.88993813233145,683681.515426543,"[0.1907882498912683, 0.4791430481703004, 0.33006870193843135]"
26748,645.750594187501,731992.0148097633,"[0.007645228896207704, 0.8421897908365719, 0.1501649802672204]"
19713,770.4085594754982,589781.7430407743,"[0.5686767910308038, 0.037124342467579084, 0.39419886650161706]"
4483,375.31619511553,611346.786275676,"[0.3373945228303346, 0.11969260403343292, 0.5429128731362325]"
21674,146.7610306721244,586002.5136788574,"[0.46272952074497997, 0.010282538222160761, 0.5269879410328592]"
30126,250.9250634083876,332644.17021517723,"[0.17272580307282095, 0.11127116172146623, 0.7160030352057127]"
44582,410.8286804036576,912399.4136319264,"[0.3506074938430487, 0.3436544465889177, 0.3057380595680338]"
5226,462.7771155174518,395040.67529779,"[0.4852141991537331, 0.4820322807058709, 0.03275352014039608]"
18371,124.002801912606,505882.7626932419,"[0.5651057528824056, 0.27522390100277927, 0.15967034611481512]"
12467,423.25985775023554,732489.4622353035,"[0.05013867796706702, 0.06816195490465536, 0.8816993671282777]"
14900,603.0329155683775,536446.9173149343,"[0.12110731363195656, 0.800601694344095, 0.07829099202394854]"
39454,769.6693326001106,469260.0915223584,"[0.11454994500159064, 0.5276797714498286, 0.35777028354858087]"
7625,555.8129468522112,935644.6950420878,"[0.10507323451905187, 0.8642635077330701, 0.030663257747877995]"
46788,300.6585068963026,345916.039722307,"[0.5878822197676757, 0.3313169557964172, 0.08080082443590705]"
33358,231.41624408437104,647575.4262981269,"[0.0967702775688992, 0.527580330183653, 0.37564939224744776]"
17007,316.2964179198448,253550.4516933412,"[0.3197577071367198, 0.2795744281599013, 0.40066786470337884]"
49591,161.22755057044515,744610.7771190401,"[0.612664923236293, 0.32787371897915896, 0.059461357784548176]"
46905,452.18839607313066,110740.31959388596,"[0.3419866548056736, 0.39785731364801386, 0.26015603154631267]"
34715,504.9783859802306,510718.0888238107,"[0.01237207189001751, 0.21112089414261323, 0.7765070339673692]"
48302,494.28064870050525,755930.0477097407,"[0.05357022623319271, 0.7330069582572709, 0.21342281550953632]"
49924,88.56676144101972,664167.7649517764,"[0.0444297072865832, 0.4867944819830252, 0.46877581073039154]"
16259,667.9195304730505,730479.8293515466,"[0.06336613178894951, 0.1947251729603253, 0.7419086952507252]"
15,949.6840617569834,426782.6705809397,"[0.6718114569119712, 0.04900277815547201, 0.27918576493255687]"
43701,719.0403734044756,979793.3064037045,"[0.6514636173713942, 0.32119716244816665, 0.027339220180439064]"
22108,250.76567208162243,158684.07725203273,"[0.22451455771222895, 0.5004132053234764, 0.2750722369642948]"
7032,253.5782125013941,235845.44210977328,"[0.27324164173966536, 0.18361557663109768, 0.5431427816292369]"
7941,612.9251869421219,422332.4151421633,"[0.1322552341411395, 0.4401234488344139, 0.42762131702444656]"
11763,851.9283209876361,760662.5699257778,"[0.2564472341396764, 0.02795218857749426, 0.7156005772828293]"
27064,666.4687466500366,817371.5294650897,"[0.38401717634161636, 0.056778045716593485, 0.5592047779417902]"
22031,219.4750717320939,201029.6134548684,"[0.12701327295138634, 0.17397899584398624, 0.6990077312046274]"
11155,420.4609618649993,928733.0203037022,"[0.5895279344054243, 0.09037350864192455, 0.32009855695265127]"
1789,64.88299590605735,363256.1683259529,"[0.07251384482489678, 0.8884470455628107, 0.039039109612292434]"
33899,156.92811399584627,595196.9334419395,"[0.4475289380902907, 0.47981829079075283, 0.07265277111895659]"
28848,803.9809613810625,381590.5138245959,"[0.4724272255486314, 0.35350519894270893, 0.1740675755086597]"
41915,350.97481533029986,654335.337568319,"[0.08659311153757464, 0.6732611436463066, 0.24014574481611864]"
45688,628.4426351113469,856448.9332288865,"[0.13448850595938994, 0.7625192220734609, 0.10299227196714911]"
7405,405.57397669145,382218.95058729255,"[0.5286158186466513, 0.42544289004365105, 0.04594129130969757]"
42244,989.1371802048636,544885.8397058359,"[0.2575284760844101, 0.5953876662065135, 0.14708385770907637]"
33599,138.1686529932974,807379.4839108966,"[0.13644971461472463, 0.4436567781907671, 0.4198935071945082]"
20784,368.5974873769364,309498.18222965545,"[0.0947737196481945, 0.587459711612226, 0.3177665687395795]"
45164,521.2819740394721,905393.6758909177,"[0.4749868427211203, 0.03626647917009005, 0.4887466781087897]"
24145,481.7154259731656,535736.3959868589,"[0.4434357654157253, 0.2557549669790791, 0.30080926760519555]"
46885,239.6948610829808,390544.6853527885,"[0.4209324721131734, 0.4632223964288034, 0.11584513145802311]"
14034,824.7512028892061,637972.4415532155,"[0.3657489482718379, 0.11639575086817379, 0.5178553008599882]"
45670,394.16299191566736,244868.1248532264,"[0.39956062087323424, 0.34955992001228753, 0.2508794591144782]"
32862,257.2409247781395,820186.8207968256,"[0.08951157618903878, 0.6223791441703497, 0.2881092796406116]"
9752,994.2791211773784,702122.863719637,"[0.6936339760570404, 0.21926408489402877, 0.08710193904893095]"
46540,681.7980615737326,530579.5281125444,"[0.09718331656869687, 0.3762342786550023, 0.5265824047763008]"
11954,991.0172964940252,309186.76572706935,"[0.7042118749289251, 0.09768261747879999, 0.1981055075922749]"
37719,590.673588578685,832524.0571541362,"[0.2856428447961657, 0.20973837645630913, 0.5046187787475251]"
15689,26.2831059382112,501691.3086185173,"[0.10658537574716855, 0.22892543532265588, 0.6644891889301757]"
45305,165.22295203279032,565203.5375795385,"[0.3205722986048135, 0.4366916518478051, 0.2427360495473813]"
8519,467.45392309237553,979937.3782666732,"[0.3939930324046057, 0.5477036621135011, 0.058303305481893115]"
30395,524.9497239731711,208308.7903308953,"[0.538963645173565, 0.29329931438768836, 0.16773704043874657]"
11133,759.2393155161689,874398.6344576422,"[0.2578188549877976, 0.4277798519064607, 0.3144012931057418]"
19627,551.5829710844539,582225.1661485852,"[0.3998465751155351, 0.5896913692480572, 0.010462055636407553]"
45796,388.0006465872692,695878.0034744976,"[0.07244111054683329, 0.2871475426345648, 0.6404113468186019]"
18528,195.17929554068607,913240.2207105132,"[0.45964518271212557, 0.4491621475842958, 0.09119266970357866]"
48526,902.9677004721192,452874.3304100415,"[0.22142770194793218, 0.21833140950177518, 0.5602408885502925]"
25127,157.65423447047328,373344.702294162,"[0.0007278001159121821, 0.29127425774098925, 0.7079979421430985]"
20256,447.9828375402406,805440.5435491237,"[0.4691526162570613, 0.1253006838789359, 0.4055466998640027]"
2770,699.0796046292373,427402.18254419375,"[0.5496877556738885, 0.35827041082575334, 0.0920418335003582]"
11703,315.45295274688226,456636.5641474298,"[0.12961661251927648, 0.11070546827535704, 0.7596779192053665]"
15092,393.8131288878525,723821.787259966,"[0.5263286142567449, 0.31594962739160826, 0.15772175835164687]"
49177,215.8632467528313,227897.07293630604,"[0.3748128923917201, 0.05272450836372371, 0.5724625992445562]"
14269,150.64646981917588,892057.491639743,"[0.7919710047849388, 0.11328218254396068, 0.09474681267110047]"
43910,404.0406274343245,365114.2424996666,"[0.35221991429201654, 0.41318553822673665, 0.2345945474812468]"
30837,540.4857838000221,680731.3375873787,"[0.2723425340174976, 0.1098129638854789, 0.6178445020970236]"
28996,385.63529839340026,262057.5527026062,"[0.2996600447371795, 0.4210165662859936, 0.2793233889768269]"
49233,188.32809071296285,744762.0809327188,"[0.7339654904742037, 0.16497354915151524, 0.10106096037428104]"
45409,282.666316935903,139522.1728755586,"[0.07370555284712839, 0.28314296122850696, 0.6431514859243648]"
43317,515.2468078916658,230420.17948653665,"[0.05802453970184421, 0.09137503487657687, 0.850600425421579]"
11076,132.41592686472205,228859.92843850923,"[0.0682295327230274, 0.2792358401024092, 0.6525346271745633]"
23009,625.0847567851661,575301.2228977543,"[0.12676678642403735, 0.19222476559084717, 0.6810084479851154]"
43236,419.99270946061125,498607.4035588534,"[0.4375747155433541, 0.470165739484097, 0.092259544972549]"
11721,133.19417690781333,222141.29182454583,"[0.6174954418731786, 0.23138929276949816, 0.15111526535732311]"
32227,616.3542349685612,321427.8002418445,"[0.2012212606762288, 0.6507546623741736, 0.14802407694959757]"
31513,443.3813300835875,967190.4043054762,"[0.22569294405288526, 0.6530802755816889, 0.1212267803654258]"
14288,212.9715632690346,829472.0673971116,"[0.06203906999374554, 0.7185348366928817, 0.21942609331337273]"
31008,363.0016053107528,389400.46054705104,"[0.14766854375891678, 0.7127351916411706, 0.13959626459991256]"
398,999.6623653092174,826372.4467573514,"[0.11470435124845839, 0.13370355500093314, 0.7515920937506083]"
19701,764.4972476634664,927293.0749939104,"[0.172597365805762, 0.2176226901877732, 0.6097799440064646]"
18223,881.7182647980394,851624.8577136035,"[0.2143526997818986, 0.3872415755684128, 0.3984057246496886]"
5602,231.3139540891043,364425.6325485368,"[0.6386981423578894, 0.29181483600981895, 0.06948702163229167]"
35807,263.64989057048035,841406.4991456986,"[0.46392256572714846, 0.4849609806656655, 0.051116453607186134]"
13529,854.5088488678952,960430.2796012664,"[0.891039383265961, 0.015604781377544725, 0.0933558353564942]"
40773,855.4680296812448,595655.825288204,"[0.029581783580528154, 0.28763868431017525, 0.6827795321092966]"
32846,787.0516496364947,115603.08739137334,"[0.3220265808546413, 0.4359608270018516, 0.24201259214350707]"
887,561.3477783675748,570308.3945950847,"[0.3193440515098918, 0.3402194861794855, 0.34043646231062263]"
24244,291.5642675021537,844196.6314161383,"[0.02912832967102985, 0.3655734696228694, 0.6052982007061006]"
38618,862.0142997537032,274681.72343177744,"[0.21809430720565112, 0.7361172919333714, 0.045788400860977414]"
47277,827.6316573603467,224649.474784346,"[0.028003296640097163, 0.18259595452073282, 0.7894007488391701]"
26134,487.51672000296486,672508.8209035873,"[0.5172561543966164, 0.4652408273135462, 0.017503018289837434]"
48144,368.2689531162396,461410.5904534065,"[0.20052037818563195, 0.6399799541591199, 0.1594996676552481]"
49497,613.1071428056381,527455.553941738,"[0.5389841686611242, 0.2385813803204356, 0.22243445101844028]"
44422,701.1473436913376,663449.7065384481,"[0.383998753159466, 0.5293720168820996, 0.08662922995843444]"
47462,61.43934832612099,117804.94082409906,"[0.1920977193350756, 0.6242648212063205, 0.18363745945860382]"
37355,53.40358399704503,774560.6383239982,"[0.15320176745158856, 0.5296207657448614, 0.3171774668035501]"
46549,491.5554460058961,645318.0306480635,"[0.25700435844965924, 0.07170784924958605, 0.6712877923007549]"
45784,109.2387500705111,325562.6015083943,"[0.7564828604868377, 0.18241062367810001, 0.06110651583506228]"
19097,494.8109955872009,214482.04939019395,"[0.7607750647993021, 0.007602734736441158, 0.23162220046425674]"
31803,447.03104420055047,446171.2894027653,"[0.364743475266417, 0.22663176479706137, 0.4086247599365217]"
24168,552.7136050236019,805081.3120024602,"[0.3666035288596497, 0.38718719849703087, 0.2462092726433193]"
20652,47.084499048118886,864624.3167342392,"[0.21589694770433465, 0.5992818263604306, 0.18482122593523476]"
9605,461.1242309608174,741425.4124590014,"[0.4068905104903117, 0.15954583841477094, 0.43356365109491735]"
11688,91.99837024237058,963765.2065986786,"[0.7092028189609481, 0.1465996174922672, 0.1441975635467847]"
1126,473.3232803379448,667655.8217186122,"[0.11058061986250473, 0.42471281172986614, 0.46470656840762903]"
842,105.87070478140431,944819.4852843632,"[0.23675635433366704, 0.202675555092076, 0.5605680905742569]"
30003,627.4092962944482,818915.909192812,"[0.3652121810010994, 0.04816426320223063, 0.5866235557966699]"
24042,905.6214337614472,642175.2752970641,"[0.6554448343113964, 0.08006696559906712, 0.2644882000895365]"
25800,303.64388733963483,719977.0609977393,"[0.3552781477163162, 0.6397650129205257, 0.00495683936315814]"
10072,556.7168632361601,870107.7530431539,"[0.6737082668121488, 0.29499355531654003, 0.03129817787131122]"
21229,987.9431927131542,163418.0476764677,"[0.04983980130649369, 0.0468655516770679, 0.9032946470164384]"
49176,366.9932952978174,233309.8696563544,"[0.386893447487209, 0.3816070090217995, 0.23149954349099156]"
4857,857.7283866268182,476852.3709311073,"[0.7963851611829782, 0.1609895297354603, 0.042625309081561404]"
6048,741.8079946510576,385958.6198114788,"[0.048163088453023736, 0.8235349017755437, 0.12830200977143263]"
48184,550.4301498449538,738970.1050598224,"[0.5904713217310766, 0.07698213689821201, 0.3325465413707114]"
3411,581.5044820225603,346181.7595680928,"[0.5409878628081578, 0.26856858179640586, 0.19044355539543645]"
37006,387.9085923795869,173455.0770469722,"[0.005304137327682303, 0.5016117388231202, 0.49308412384919753]"
28216,865.8717097905906,453823.3936973505,"[0.20342688078085044, 0.7927498133042394, 0.0038233059149099845]"
25103,557.4416880441045,702010.1675114761,"[0.14078392193416683, 0.2751564672432388, 0.5840596108225944]"
2759,943.7769070673844,679429.4847545773,"[0.09670998032576135, 0.015194311419612848, 0.8880957082546259]"
26096,455.9565087380179,852076.3646101254,"[0.6189109221890019, 0.16932293891601854, 0.2117661388949796]"
902,754.0307730956526,301953.6505982616,"[0.16715531642354212, 0.6316468041198857, 0.20119787945657233]"
1069,544.2515084860972,986790.9799882356,"[0.008501946613488522, 0.9218270551028351, 0.06967099828367623]"
16099,73.87456013379057,870268.6965090209,"[0.7269851753391716, 0.10200112894385925, 0.17101369571696917]"
21446,208.2427456022972,832500.6729487752,"[0.35843028242440067, 0.055395814992899944, 0.5861739025826993]"
17379,699.1547515158862,401282.69237591495,"[0.8007290942032284, 0.1714827701596347, 0.027788135637136877]"
9208,534.6552437375732,612348.7796629202,"[0.2896651904453149, 0.6840971742541476, 0.026237635300537503]"
39788,660.6568101227555,969645.7291657748,"[0.3557529185984829, 0.4080218574488475, 0.2362252239526695]"
14695,452.4961525674436,516389.67879199714,"[0.6275585967182296, 0.1623519913188738, 0.2100894119628967]"
42284,681.323197624439,264279.990172906,"[0.035720810299354464, 0.45067052728292223, 0.5136086624177232]"
17656,520.2495626883938,109145.69520080168,"[0.08434483322862077, 0.8258577669717547, 0.0897973997996246]"
37895,93.86398764886523,368862.3154076163,"[0.5638670642672337, 0.3450224111050695, 0.09111052462769685]"
16796,887.353387876835,463114.69929199,"[0.10630431161811799, 0.19987546471019854, 0.6938202236716834]"
18150,213.5577359409945,706812.1424246045,"[0.0294765923673517, 0.2654927852847465, 0.7050306223479018]"
46375,749.3072246044222,767254.1020714547,"[0.3053911961837491, 0.6507726793860127, 0.0438361244302382]"
7667,456.239269454682,599339.9249548137,"[0.22696397655344763, 0.17844990412005354, 0.5945861193264987]"
7333,483.15895338900646,755987.6737733658,"[0.4312121250930106, 0.5503939149720216, 0.01839395993496777]"
7865,826.0741457334726,267671.2530859811,"[0.5547579854308068, 0.3569985408934344, 0.0882434736757588]"
2037,539.9621295067926,907297.9092436492,"[0.44163851682418886, 0.30506405303348566, 0.2532974301423254]"
39961,522.9553043703658,423162.6462948537,"[0.7322345923123833, 0.06177344325662738, 0.2059919644309893]"
20358,85.95566376472131,538696.0861012669,"[0.2587142912475391, 0.4029285699690221, 0.33835713878343876]"
191,554.9134947294958,983875.0839704234,"[0.052230121794518816, 0.7507091285126138, 0.19706074969286735]"
26736,757.8279376944711,929873.411851793,"[0.07998732577156341, 0.15427749958317294, 0.7657351746452636]"
47917,633.0044302376165,804389.3041879466,"[0.734944916511386, 0.04142548682056329, 0.22362959666805063]"
45949,733.7691703266994,595361.6942604894,"[0.5784382027312647, 0.21532986814532462, 0.20623192912341057]"
40956,603.4969305119234,490980.31933291466,"[0.3805968023587554, 0.03139589948447596, 0.5880072981567687]"
40590,358.9431120833204,153574.21794168165,"[0.18444458957246518, 0.6856532410662487, 0.12990216936128623]"
44993,465.6155857310364,943067.9811068784,"[0.18044628474381275, 0.5500543734531048, 0.2694993418030824]"
33888,554.9391670718483,403648.3102801955,"[0.0403775734239063, 0.3733729093207758, 0.5862495172553178]"
36561,594.8343658351837,729495.2472661999,"[0.020094977693226046, 0.34407538947466915, 0.6358296328321049]"
28723,594.181473382892,962369.8647796344,"[0.6534660918533446, 0.08849144520979968, 0.2580424629368556]"
25248,299.4012200034442,830121.4192302438,"[0.18835859998840201, 0.6971550209666787, 0.11448637904491941]"
12598,868.0162972233485,646774.1331159851,"[0.2608596616270671, 0.33356191371423116, 0.4055784246587018]"
13682,85.43360377042201,605193.8383816718,"[0.448848019306689, 0.16466529012070227, 0.3864866905726087]"
44109,841.8845659717969,939334.8074076296,"[0.30822328074006083, 0.19499223444538646, 0.4967844848145528]"
34949,632.7198114328056,187556.3177589475,"[0.17162065636837667, 0.4823516420949749, 0.3460277015366483]"
42787,375.08283320013993,526804.7484712019,"[0.670778601827438, 0.2784507705916015, 0.05077062758096047]"
25396,605.5895831462185,634509.7294321761,"[0.07996423601773948, 0.352319782842256, 0.5677159811400045]"
38959,503.7612369888133,351870.18052320776,"[0.06852105500783325, 0.6601865867012284, 0.2712923582909383]"
38368,31.279195170872867,336425.6817101744,"[0.11286873217050492, 0.7376714010816151, 0.14945986674787992]"
28469,484.9353952008102,136899.5930341991,"[0.5886745830541429, 0.1611714366124632, 0.250153980333394]"
31115,396.0009593240108,564519.9993390166,"[0.9254162406569968, 0.0672415738003582, 0.007342185542645021]"
41493,141.96649853579584,869759.5406860721,"[0.012478736116490223, 0.16124431154401436, 0.8262769523394954]"
22056,230.90042077186044,389298.0955616322,"[0.2596615583937639, 0.7206465939103827, 0.01969184769585343]"
16379,613.970343563087,278927.8983681728,"[0.033713072997761495, 0.46976583867673266, 0.49652108832550584]"
13995,296.7465884718961,438778.3198859047,"[0.0039291223728324725, 0.6230447935708233, 0.3730260840563442]"
33638,514.3133642030298,691202.7798349187,"[0.6013798200457503, 0.013045665219313513, 0.3855745147349361]"
23554,474.069923909865,186744.74476040827,"[0.11854249555398534, 0.16336188909077684, 0.7180956153552379]"
26469,72.09656868325357,157200.92962232654,"[0.6227040971127827, 0.07225033375069972, 0.3050455691365176]"
33537,485.72737759798656,461134.4903982222,"[0.3728803036162674, 0.5114311908281207, 0.11568850555561194]"
12372,637.8677739430252,871102.1102243065,"[0.23024247791056324, 0.2659143158992773, 0.5038432061901594]"
9403,623.1588089424149,417978.35940501856,"[0.26557928452301194, 0.588323091697837, 0.146097623779151]"
20161,291.2242961662534,347950.0215346512,"[0.18296253757284509, 0.5085364701401801, 0.3085009922869749]"
12792,650.6576735657527,185569.45184358768,"[0.06398106173923984, 0.9031331719770281, 0.032885766283731833]"
5795,799.8016386572494,907096.3939477816,"[0.22827113829222678, 0.740081886572352, 0.031646975135421244]"
15438,781.7989452731275,607237.1867785396,"[0.34643341011107887, 0.08362091813466772, 0.5699456717542534]"
41031,735.3430864564803,552690.5660973182,"[0.36654662207288086, 0.12435919864227192, 0.5090941792848472]"
44725,526.5184992428974,831585.2140597184,"[0.019885641474562718, 0.3332038149199968, 0.6469105436054404]"
38154,335.9228274437856,706748.7955284524,"[0.5680989325668848, 0.3872454329163638, 0.044655634516751384]"
42690,436.5401651201837,696939.6638004677,"[0.4655180643403137, 0.42027255834548266, 0.1142093773142038]"
46074,865.9355374062566,294358.83880044613,"[0.04154340862391028, 0.4556497612027597, 0.50280683017333]"
22754,101.92819340990668,748269.5686765903,"[0.42033868254812196, 0.116161100641635, 0.463500216810243]"
24463,279.0838849636909,523709.35191659007,"[0.3078985000206892, 0.27832084643946325, 0.41378065353984755]"
15370,548.1207423788761,996566.9004799104,"[0.05053413674463626, 0.04930574369287935, 0.9001601195624844]"
46497,835.4972954959229,322127.68155660306,"[0.26308401706509676, 0.14258779316579187, 0.5943281897691114]"
18712,66.27546793169284,767862.1810939718,"[0.760974586464537, 0.19760645432559396, 0.04141895920986913]"
9958,948.5689571412148,413981.4897424856,"[0.5996273764574358, 0.22047686712715078, 0.17989575641541344]"
21831,801.3671129172978,606419.8579276772,"[0.27329121647915794, 0.26500941664128985, 0.4616993668795522]"
34939,895.6995184943329,494598.524023616,"[0.21632579984850506, 0.2747955696486482, 0.5088786305028467]"
1921,993.9110855092304,685957.4189801117,"[0.1526755276836036, 0.19312966814364005, 0.6541948041727562]"
28687,854.2796052910585,435643.57828645286,"[0.20200405430134613, 0.7321101646447008, 0.06588578105395318]"
13182,838.8232431822112,574178.2304637711,"[0.2664665338057874, 0.021737288654547007, 0.7117961775396656]"
11768,940.9840946786064,296071.37050223514,"[0.7799927435043578, 0.04887093219079, 0.17113632430485226]"
14409,827.0057540810077,169382.15253125862,"[0.22532965225400964, 0.6302080711936254, 0.14446227655236502]"
14570,175.91775847532335,918847.3310457474,"[0.4888544741340012, 0.4616508863137184, 0.04949463955228036]"
20336,442.6483711116478,659241.1684934361,"[0.013466804595014818, 0.1413796133802993, 0.8451535820246859]"
28658,508.25774230834526,392473.0168439456,"[0.1284564292934008, 0.4616311466830286, 0.4099124240235704]"
28582,147.317186507723,474957.4252910337,"[0.3623259875051091, 0.13265296710512448, 0.5050210453897664]"
28713,74.29800783184403,390555.4859355097,"[0.7008224376886323, 0.025694868768867056, 0.2734826935425006]"
43343,553.9279303384957,371463.7222341992,"[0.5351243483247795, 0.12681438307765144, 0.3380612685975691]"
26315,670.4392664081707,186398.9681133922,"[0.08325658009627167, 0.6742103151472705, 0.2425331047564578]"
44963,455.0078818110797,821616.7864249129,"[0.5270551723634334, 0.2460314454570352, 0.22691338217953147]"
26344,785.4720080895868,241765.7089519771,"[0.5159368387189391, 0.2809636179087057, 0.20309954337235525]"
28641,653.2956991669731,744460.8179341822,"[0.22782282066798865, 0.4576421894278108, 0.31453498990420037]"
23345,998.3868958969013,304329.9783156456,"[0.48008308525678506, 0.2750755940981187, 0.24484132064509634]"
4717,335.0091522715694,269939.9999799967,"[0.3488432943699326, 0.19784609964256675, 0.4533106059875005]"
43556,585.2778902893293,910357.1994243409,"[0.16595977519199612, 0.8338575005413152, 0.0001827242666887756]"
34857,792.0210390144966,893648.5379597979,"[0.683049383846335, 0.07326122714880681, 0.24368938900485837]"
26243,840.1953815388821,497199.49391858646,"[0.18519347190889626, 0.43809931054393986, 0.3767072175471639]"
32289,256.9680873090245,191857.8997087864,"[0.33936630203110285, 0.6246306446748435, 0.03600305329405356]"
28671,907.565126322071,345934.344276111,"[0.6014683302641518, 0.13351732408487033, 0.2650143456509778]"
2261,433.2081178420256,771337.5396097999,"[0.7345607938942917, 0.09367934473183105, 0.17175986137387728]"
27472,708.7589201390849,405033.1931218019,"[0.021072357394591616, 0.11815153706834108, 0.8607761055370674]"
49282,120.71537601946429,255912.26530677328,"[0.6549488331974676, 0.08548178084031169, 0.2595693859622207]"
33637,759.7979738751939,799439.5189746588,"[0.227180808771968, 0.05498715465900144, 0.7178320365690306]"
39810,856.032125184122,258851.7236902516,"[0.13684665725791562, 0.7971088499215759, 0.06604449282050846]"
30962,148.7051811910332,646933.1265642362,"[0.16999715989985806, 0.3818671192685183, 0.4481357208316236]"
7598,234.5987970158544,988869.8654334854,"[0.34551563923120926, 0.4498843930027994, 0.20459996776599154]"
40653,976.7220791227136,935210.8120563684,"[0.16944313035774825, 0.6216062184109898, 0.2089506512312618]"
49668,318.95660502953774,301777.4800848816,"[0.11708592702467804, 0.6120153638901037, 0.2708987090852182]"
31391,605.3815563499339,625410.7291712816,"[0.3183658074423041, 0.6032313846224636, 0.07840280793523238]"
6347,871.6287846805964,352894.18696839566,"[0.2870377508836296, 0.6182994093015661, 0.0946628398148043]"
32172,408.47008022561096,707771.5071840795,"[0.43581802611704595, 0.4587430484523746, 0.10543892543057941]"
27435,146.442742880095,841687.7194241973,"[0.521346619972225, 0.3555179467857814, 0.12313543324199357]"
46269,742.1595432281396,106278.0038749922,"[0.1280153290132158, 0.7433080475852721, 0.12867662340151195]"
47000,345.1399933510592,645218.7151868588,"[0.6404700561411139, 0.29718880075842014, 0.062341143100466116]"
11932,674.5746037861816,844449.4570550141,"[0.3028932035877773, 0.23170315404106248, 0.4654036423711603]"
25944,910.585023700345,960394.7611503482,"[0.3519025416062742, 0.3031794768397555, 0.34491798155397035]"
34834,886.4002633931622,893855.3539621639,"[0.37488427503831423, 0.006076697446681482, 0.6190390275150044]"
12874,883.6823956492093,827331.4199487466,"[0.1657986433209041, 0.23883071298038352, 0.5953706436987124]"
26435,986.4693851168008,705792.4010669083,"[0.3912020061002348, 0.02391197057765751, 0.5848860233221077]"
32705,440.7238777726817,404298.5606319687,"[0.23729883450723996, 0.5790169762502153, 0.18368418924254482]"
423,792.3255724658313,588717.7113899323,"[0.11726747671933117, 0.19874590480368948, 0.6839866184769794]"
24378,350.88751449547453,455752.70373782585,"[0.3268905626828211, 0.5839025462382929, 0.08920689107888607]"
34966,230.6196618940851,712386.5137646813,"[0.15004980729916692, 0.6087572239630253, 0.24119296873780782]"
10882,791.416299222226,144819.4829405368,"[0.41645505709377056, 0.051552566400426186, 0.5319923765058033]"
44997,119.32422287015018,125797.78787038468,"[0.8465265328309811, 0.06845555496236468, 0.08501791220665422]"
6979,412.4922338729848,179646.36936291805,"[0.5714238374958519, 0.15553237663620156, 0.2730437858679464]"
14184,429.33763875722417,197703.91461067647,"[0.29935733308911355, 0.07630280133449072, 0.6243398655763956]"
48352,485.669511244256,683242.8642745067,"[0.22399873689726604, 0.13598461106091136, 0.6400166520418225]"
28988,79.3877355030576,857942.1778944773,"[0.22567987269095652, 0.17008697813476084, 0.6042331491742826]"
810,166.21923005180767,375972.5431656488,"[0.165873297139139, 0.32279670013148704, 0.511330002729374]"
26352,730.6697953257489,793862.2351547001,"[0.11170960636920121, 0.2702221234234745, 0.6180682702073242]"
32224,890.6638824531561,222117.45834764536,"[0.9223959671902784, 0.02106998455617643, 0.0565340482535451]"
8818,127.77032002575272,833113.487226146,"[0.2868704012623056, 0.5644672396944583, 0.14866235904323585]"
14787,979.696795638386,819554.6733538863,"[0.2096379079566076, 0.17563161295843224, 0.6147304790849601]"
16153,314.7214432673896,450339.2976603184,"[0.6699545475944982, 0.2565070586203433, 0.0735383937851583]"
23453,367.1091251238367,657454.8898812342,"[0.27744219129415526, 0.5803618798299734, 0.14219592887587132]"
29183,821.0789141302912,113856.37434363965,"[0.5983490336901297, 0.18418286480263546, 0.21746810150723467]"
38341,59.49144119776998,338333.76613327675,"[0.1519962196787663, 0.8235114364238115, 0.024492343897422216]"
2853,714.2973480186326,455659.87432098994,"[0.3985616037962729, 0.2594619193900964, 0.3419764768136307]"
24078,743.2732589998109,445604.5830529786,"[0.08153188824782552, 0.8173501990734685, 0.10111791267870579]"
20462,842.8151540689108,866066.2742178557,"[0.3954844194778572, 0.5191517564240453, 0.08536382409809752]"
30995,790.8909319357541,663325.2477568146,"[0.09437791263712643, 0.7220335880736394, 0.18358849928923426]"
2470,278.9616509463958,997806.3989673248,"[0.3461616476635969, 0.0013646969489528198, 0.6524736553874503]"
16817,291.3848047745616,361731.2448106166,"[0.22059678210689698, 0.16744549950859675, 0.6119577183845062]"
37862,36.26385103345856,125702.3072050904,"[0.09213091644472163, 0.5359372069987949, 0.37193187655648363]"
13774,41.04058340901999,208276.6537311755,"[0.6402240695016251, 0.17827652068850067, 0.18149940980987408]"
49295,180.8880819493759,601426.8653380135,"[0.08621678285162561, 0.31024127245828115, 0.6035419446900933]"
19182,324.371847478099,733844.3948351956,"[0.13735645423649642, 0.3677504449256427, 0.4948931008378608]"
40062,974.5049432885252,610422.9081935904,"[0.5405452173201476, 0.38925093795451493, 0.07020384472533761]"
47612,497.3699309100652,211145.7031841592,"[0.6782420339460945, 0.29193746147153005, 0.029820504582375375]"
49744,690.6665533855754,476861.3328503632,"[0.0009938235781060034, 0.6715204547341053, 0.32748572168778867]"
14039,939.0904077243928,635805.9379919324,"[0.09002780798100371, 0.39903270584525563, 0.5109394861737406]"
6032,398.99001878723897,865817.7492581055,"[0.04676380258940165, 0.1772342342184378, 0.7760019631921604]"
14857,488.0690277878743,330369.47948956094,"[0.17413533171951773, 0.614288168904703, 0.2115764993757794]"
32800,596.0032672670653,251039.87861637105,"[0.267990716172988, 0.5527195685387437, 0.1792897152882685]"
30411,699.3885161327885,797090.7455721,"[0.46546900037185157, 0.09387648973562411, 0.44065450989252436]"
47979,569.2699762857483,604890.0648421594,"[0.12027728879991005, 0.6494528741345071, 0.23026983706558288]"
45180,877.1915927557342,421395.206385057,"[0.49760128946182464, 0.4789095318549666, 0.023489178683208697]"
6506,557.064728409532,106691.49116621308,"[0.04195630784193057, 0.031619130903594236, 0.9264245612544751]"
14866,740.401678627637,565609.972968736,"[0.5240877013108374, 0.462808328772975, 0.01310396991618768]"
9505,778.5866324668322,863257.4326649443,"[0.10924118682533582, 0.36745389912718646, 0.5233049140474776]"
44479,435.7763824017439,322100.4098027505,"[0.4422541768345671, 0.11981162823504496, 0.4379341949303878]"
40381,936.8694238641808,258154.84698514704,"[0.04210165617762782, 0.8195333645436399, 0.13836497927873234]"
25178,898.1610913550328,879557.3302944317,"[0.039677681996568515, 0.4912890623551452, 0.46903325564828646]"
29456,617.2792701052308,716846.8674685874,"[0.42523518169290997, 0.09024159437699196, 0.4845232239300981]"
38824,496.8293809439565,493790.35762227495,"[0.8277081556326821, 0.05688560887369697, 0.11540623549362096]"
1183,193.2496740779439,553854.6471462247,"[0.6641302410872015, 0.14207688732720325, 0.19379287158559522]"
38699,312.72297922483983,756570.6933479956,"[0.33459361286766, 0.6647752511387519, 0.0006311359935879998]"
35436,311.39409823614704,758055.9373834286,"[0.5185274886201856, 0.4589922490190167, 0.022480262360797604]"
33404,840.8620617527131,402524.5447257893,"[0.15975563555761443, 0.24090714415881787, 0.5993372202835677]"
25087,243.5702735706014,242517.3875795062,"[0.23023277364411418, 0.09349696026859837, 0.6762702660872876]"
34316,491.0167881187539,521479.75036583416,"[0.28837873583103873, 0.38641110358078073, 0.3252101605881805]"
18794,107.35000451431172,113925.31028680656,"[0.04440273807002745, 0.8218567121964968, 0.1337405497334758]"
30506,322.8122954488384,160263.76121052174,"[0.09387660211035131, 0.6715956301729604, 0.23452776771668832]"
9218,709.8821495065315,713322.795760436,"[0.4046158381778341, 0.43102299421425583, 0.16436116760791025]"
30430,144.3219031055134,648819.4509159595,"[0.1538921165063515, 0.019650462152638756, 0.8264574213410097]"
49931,714.4947383598293,517523.4592023607,"[0.248547685400336, 0.260460498465391, 0.49099181613427295]"
37998,807.3239162593161,344899.8312559066,"[0.11316531055979709, 0.7905385860677417, 0.09629610337246139]"
20253,841.2146378266602,121130.03131375831,"[0.3464105215783037, 0.43213159459961753, 0.22145788382207884]"
17603,405.7802339254512,432050.7924376236,"[0.6524718602028285, 0.07975291202786265, 0.26777522776930895]"
48414,878.9080138175358,729719.4963820108,"[0.02096440049587614, 0.8262411952079692, 0.15279440429615454]"
12693,36.324714717147614,314108.50573451736,"[0.17998763321185415, 0.15156498025851314, 0.6684473865296326]"
44194,533.363064384787,919901.191998485,"[0.3152928987883988, 0.40878936535849847, 0.27591773585310264]"
30375,124.97250631296056,731259.34072587,"[0.4630133572941377, 0.4640951012456974, 0.07289154146016504]"
6238,66.52407528346714,253570.34394877343,"[0.18446294362858381, 0.5806567311125672, 0.23488032525884917]"
2870,287.7077945504607,193472.90666348144,"[0.730371741631652, 0.21930778918858132, 0.05032046917976664]"
39829,267.5178944692884,246949.826326383,"[0.1811440598816559, 0.8116205196246821, 0.007235420493662096]"
37176,517.943507699509,284375.12881802325,"[0.7134309661402625, 0.18924451300269615, 0.09732452085704128]"
24608,537.3935978657396,195861.8515727097,"[0.09823984297173033, 0.3472518784931096, 0.55450827853516]"
48273,423.292275695348,727677.0240735173,"[0.36778726725727606, 0.4107100919899123, 0.22150264075281165]"
21778,556.2731139298213,729910.6120089615,"[0.15885430514322685, 0.10181142782313232, 0.7393342670336408]"
15780,151.43476870797235,279656.1486855062,"[0.09641038536636261, 0.14472923726285383, 0.7588603773707836]"
26593,683.0036859549466,700913.4638915883,"[0.3074768144085997, 0.05286284203149135, 0.639660343559909]"
24836,39.21564289851848,311041.6263304226,"[0.30861997927508067, 0.5339706238327006, 0.15740939689221883]"
30970,185.32867386825703,837944.6794006883,"[0.5368845794127731, 0.02831866571309174, 0.43479675487413527]"
40714,693.5134498641274,448073.9350462098,"[0.10978432280215886, 0.608754050798981, 0.28146162639886]"
9296,151.837067230231,991297.2047049106,"[0.5029812770662139, 0.26888311436778034, 0.22813560856600573]"
49540,293.8866897912217,497516.1628013664,"[0.1372125794563431, 0.37937932365675836, 0.4834080968868986]"
46953,39.40971756169274,908451.9531753514,"[0.18185956808982262, 0.7047842942963888, 0.11335613761378859]"
14955,570.1525644765563,186109.22571701035,"[0.5024508861756415, 0.11418537654857523, 0.3833637372757834]"
47604,192.3957005004784,317311.74280470284,"[0.09519379995221322, 0.5764416508072627, 0.3283645492405241]"
48002,556.0853834392072,999913.6002467452,"[0.502109553334718, 0.1623826750638981, 0.3355077716013839]"
22221,977.8515122008672,442385.37845647807,"[0.11503178160807513, 0.5145645806352902, 0.3704036377566346]"
39418,529.5365362613388,480675.99472037394,"[0.12007027432701212, 0.8108518942821785, 0.06907783139080927]"
5176,715.8672349511736,739527.6174953857,"[0.10998682115526007, 0.4699412284143788, 0.42007195043036116]"
27044,545.5723193190638,105793.92556669348,"[0.7521975012794934, 0.189670797709555, 0.05813170101095172]"
4236,763.0274715421045,123471.7398938138,"[0.4152396939660715, 0.3728436264348793, 0.21191667959904917]"
21731,636.1020260059425,895010.2169518482,"[0.11441991966439091, 0.7735709431464382, 0.11200913718917091]"
2753,370.5877754386912,409876.0048349008,"[0.7995896112146196, 0.18088781601480103, 0.01952257277057935]"
24547,822.7452740873651,442581.8446308637,"[0.11898998693659973, 0.8455002867623789, 0.0355097263010215]"
29218,223.9776641465077,368139.2624582151,"[0.09776194442505075, 0.39925527515975795, 0.5029827804151912]"
2695,666.6755763305707,616643.507297837,"[0.014765037735612606, 0.6876070339611091, 0.2976279283032782]"
41166,384.81679908871945,457376.7599649635,"[0.09185542607946454, 0.5371965166200668, 0.37094805730046854]"
43926,760.8617858097616,692978.4617312448,"[0.45688566467927, 0.15809790787987577, 0.3850164274408542]"
41105,252.7841021803234,341052.4379363245,"[0.42057636482055444, 0.14489268303929506, 0.43453095214015064]"
26548,499.8952282452621,749570.5620295705,"[0.27460349956024627, 0.4943457791946026, 0.23105072124515122]"
437,194.21391911730868,931786.4167653432,"[0.2077963266038108, 0.551787374647317, 0.2404162987488722]"
47133,231.6030382094774,251333.36978241868,"[0.7945403482434459, 0.1802716075130289, 0.025188044243525155]"
47987,538.155517113514,823340.2396808655,"[0.30383207497637477, 0.5310705803092753, 0.16509734471434998]"
14167,21.487440501708694,531937.8141156321,"[0.1585984276813748, 0.4615854545617068, 0.37981611775691826]"
23082,462.2949261684786,849718.6750997809,"[0.622128008234071, 0.1667644081888597, 0.21110758357706916]"
48594,489.15557588700665,791642.3422873891,"[0.13259714700877043, 0.6996683506206272, 0.16773450237060245]"
45188,541.0455053383247,771143.1355383982,"[0.8000768251294704, 0.02733810631229867, 0.17258506855823086]"
47138,159.66757708440167,555695.2352870009,"[0.14347439530888245, 0.7935487631038729, 0.06297684158724454]"
20239,134.64824520022248,230693.6919383627,"[0.18839526005338883, 0.22683594036392035, 0.5847687995826909]"
25186,753.4039635993954,996168.6811873273,"[0.3352787858619194, 0.5301234985913182, 0.1345977155467624]"
22479,369.21621922499656,709320.7759450771,"[0.7432617893002688, 0.041969114277219596, 0.21476909642251168]"
40137,468.95885639032457,891521.3768015588,"[0.09636997820679266, 0.7860565211730602, 0.11757350062014706]"
19024,367.2618852177409,344355.6174072016,"[0.4643189695870602, 0.42180006755624194, 0.1138809628566981]"
24447,989.0238751358556,636605.1686091734,"[0.08026198402824851, 0.31529460569471723, 0.6044434102770343]"
4048,627.1290795757402,783332.7528085941,"[0.4731268887154626, 0.1494575927172677, 0.37741551856726974]"
48549,56.127710896498,669753.538819959,"[0.2950628010378117, 0.1036601589504054, 0.6012770400117828]"
20929,760.1048905710411,132223.64133821492,"[0.5741594672030741, 0.15453400892950866, 0.27130652386741727]"
36456,327.3207637158412,667201.0608755222,"[0.8037981494339923, 0.12637678456514248, 0.06982506600086529]"
17693,327.4288434102595,845340.2965960258,"[0.16988088624772157, 0.03175742152530221, 0.7983616922269761]"
22522,635.1389023158443,486978.35731304367,"[0.11777076325490327, 0.8607773138582202, 0.021451922886876567]"
42948,49.85632887116575,713855.0612560894,"[0.6297725235000243, 0.10831177134498748, 0.2619157051549881]"
3530,66.82705806390507,331577.5169598432,"[0.22728947547649112, 0.49554856486366283, 0.27716195965984614]"
14535,12.629190398452092,785571.6571880889,"[0.07965486959784276, 0.07956321991013354, 0.8407819104920237]"
7648,604.0184068778526,636602.3027409064,"[0.06223111390089135, 0.37380023908093085, 0.5639686470181776]"
13372,668.1157908341225,991597.9525866272,"[0.19736412449823976, 0.12203351108632123, 0.6806023644154389]"
39794,817.150747629398,146533.1871969884,"[0.812311883007452, 0.042001822102353974, 0.1456862948901939]"
36404,531.4561045859041,880735.4802080371,"[0.306460268023165, 0.28787298815322554, 0.4056667438236094]"
19906,989.1133063587192,465837.4704444752,"[0.4887349473843362, 0.24261375948960512, 0.2686512931260588]"
29903,577.7076558848775,738910.9927414833,"[0.7103110926273598, 0.12406629054133748, 0.16562261683130264]"
39978,266.8304525457155,420869.45421462576,"[0.4082128014835106, 0.28695430885306855, 0.30483288966342087]"
24705,474.72777913823467,444011.5436510408,"[0.6257624328754972, 0.3569501405191888, 0.01728742660531424]"
9721,330.5726103294717,781052.612759517,"[0.3728002744287524, 0.6093537214472293, 0.017846004124018332]"
25974,459.4457502211589,965210.9125121562,"[0.41717543158910575, 0.3303973540939208, 0.25242721431697346]"
31556,808.9356542712599,240800.1611641219,"[0.9777067018329653, 0.016178706048301784, 0.006114592118732905]"
6107,948.9064586519654,427580.9277510669,"[0.4339593766797231, 0.09272883664010768, 0.4733117866801691]"
37665,206.06071762185428,861777.467978,"[0.2633107440979428, 0.38802714038708847, 0.3486621155149688]"
7221,952.708962127542,431094.9720718653,"[0.9065564196385539, 0.013941113173454936, 0.07950246718799116]"
47052,650.9576333711992,180345.92744636547,"[0.4371695737562649, 0.19759180559037204, 0.36523862065336316]"
47913,85.09225795793525,621306.3729914813,"[0.40202547922249204, 0.12886463774043827, 0.46910988303706974]"
39981,790.7904575341391,341330.7913229605,"[0.3210574443582006, 0.19948233219122385, 0.4794602234505755]"
41501,37.20960844072164,934998.4072183556,"[0.41406238126140654, 0.15438021638691532, 0.4315574023516781]"
39898,107.46088573003692,532768.9615969177,"[0.18255678563306071, 0.7228612271115746, 0.09458198725536467]"
14482,322.2874009307189,982908.6597687998,"[0.4749966829404872, 0.38846652983671465, 0.13653678722279816]"
5283,918.2502438114702,232037.97705934432,"[0.4096957469816278, 0.3817593256411242, 0.20854492737724784]"
49648,983.9208284995904,969817.6884508908,"[0.08292958793023669, 0.6693833390450812, 0.2476870730246822]"
13895,682.9357716502998,361709.8779280018,"[0.31857959181911133, 0.6362389493180818, 0.045181458862807]"
738,486.4840560339283,674579.3048664021,"[0.4163836543874148, 0.1784674435111355, 0.4051489021014496]"
15926,894.9900064397212,515962.87933877145,"[0.33773781124255564, 0.33810482517683604, 0.32415736358060826]"
35321,26.22656151821457,389529.9102042268,"[0.7304671635655074, 0.08540997661071399, 0.18412285982377868]"
22919,193.598447898054,481894.28024761286,"[0.025424543395647117, 0.3521512037334175, 0.6224242528709353]"
26465,927.0244012750408,717839.9340285863,"[0.43361079120318374, 0.5432162300357661, 0.023172978761049966]"
9647,469.2119697382898,234145.87216453,"[0.727628209804269, 0.21423042075813875, 0.05814136943759232]"
2342,911.6434226529404,712610.8116002076,"[0.7502065765385794, 0.09473780291311143, 0.15505562054830924]"
46239,10.102292861972252,694016.3489334242,"[0.08432199826590425, 0.7878674856963737, 0.1278105160377221]"
18806,704.8852520052429,859885.6431138394,"[0.4647700463499219, 0.2606841842610927, 0.27454576938898534]"
21525,452.3257875862225,919896.9792641668,"[0.28860705117810176, 0.42154945461988647, 0.28984349420201183]"
31417,206.62193012232592,856409.5695654347,"[0.4416672523132826, 0.13684725273139933, 0.421485494955318]"
10225,827.2894188032234,173505.2819336232,"[0.23551645899357096, 0.21241741720013915, 0.5520661238062898]"
36090,874.7250390652524,378912.5504570535,"[0.17308536130587654, 0.5232486825844801, 0.3036659561096433]"
6398,620.8767724150081,291804.2338788039,"[0.031390013574980224, 0.5485384332964487, 0.42007155312857103]"
8840,248.50989780083813,624185.3290652962,"[0.6711029633947295, 0.046324824064088235, 0.28257221254118237]"
40270,905.1725855730956,868422.0388941073,"[0.03416713497693079, 0.5975613486908898, 0.3682715163321794]"
11871,618.1256026554472,873161.7584735181,"[0.3352489613057297, 0.5081234305722149, 0.15662760812205545]"
28007,749.5490216123178,955596.9565898924,"[0.370707852886306, 0.1547739990457504, 0.4745181480679436]"
44281,389.1533133073201,481135.9011634255,"[0.4750104613951187, 0.034997845886013526, 0.48999169271886756]"
25045,864.4960596364076,647160.0507121772,"[0.15356109622877578, 0.38663125215566, 0.45980765161556425]"
6091,887.52213480095,367575.0885901948,"[0.2152826505354511, 0.43172054639356006, 0.3529968030709887]"
18015,248.82625494645413,124649.36163215632,"[0.49041843758912523, 0.3193831493085988, 0.1901984131022761]"
21097,461.3531787943338,608353.4660927749,"[0.32711751910896225, 0.2810775717626775, 0.3918049091283603]"
24741,979.9154726150664,180710.92047306863,"[0.3026225164049597, 0.12410763360235574, 0.5732698499926846]"
37156,951.275874819461,549922.1941699298,"[0.6435115823389025, 0.13666869164593184, 0.21981972601516553]"
2658,475.6501808731123,720640.1829981677,"[0.5935915136556124, 0.06332394687965945, 0.3430845394647282]"
21428,213.7373911615068,296848.88610804593,"[0.8112027795284548, 0.0818059489027068, 0.10699127156883846]"
23741,857.2524132606673,775146.8646472979,"[0.25880299045381755, 0.0063877184909211715, 0.7348092910552613]"
26209,56.42354021399908,127791.8894183437,"[0.3226765026915173, 0.04844238633123598, 0.6288811109772467]"
32732,455.0242491591849,385264.9423689505,"[0.5764946832768378, 0.09602208775471914, 0.32748322896844295]"
30225,206.8384575959857,949325.502040327,"[0.3070663034604414, 0.09624924959872659, 0.596684446940832]"
38568,712.8253108195828,159127.14038380174,"[0.06142618439093748, 0.777894636496328, 0.1606791791127346]"
44317,396.5041598022441,198098.56425765148,"[0.30197397756437216, 0.07715944198936249, 0.6208665804462653]"
28763,247.912499005134,883771.3951705772,"[0.07105759064796553, 0.16138041771212522, 0.7675619916399092]"
38253,844.4192106758954,590857.055996826,"[0.42638242293784334, 0.08596701715713578, 0.487650559905021]"
36655,738.3369264223354,935271.0455311948,"[0.1669816423173689, 0.5742387190931182, 0.2587796385895129]"
7094,609.1762386162584,299184.52693142404,"[0.2254204619201404, 0.34972171112174455, 0.42485782695811514]"
31544,81.19013642963183,326867.1929581948,"[0.3196391948761472, 0.2824028076114099, 0.3979579975124429]"
844,480.8533497847817,164668.02159776428,"[0.17588791703120596, 0.4503572291662756, 0.3737548538025185]"
40699,349.33438366615576,599651.3522930574,"[0.10230424149337358, 0.18903390231787137, 0.708661856188755]"
18133,560.8546800622895,524826.6560774149,"[0.17617695872260775, 0.017891113686728778, 0.8059319275906635]"
41290,293.6481596101977,584316.9483102255,"[0.24870988874101088, 0.34443990878775066, 0.40685020247123854]"
42348,286.84259919891684,214979.3253373844,"[0.558707491598827, 0.40966884823123834, 0.03162366016993468]"
23449,529.4184066515958,858863.2653611776,"[0.6469540711145796, 0.2959120295743802, 0.05713389931104017]"
44542,979.9652420194784,601025.0335635412,"[0.3196487708623118, 0.4398570388058857, 0.24049419033180242]"
47056,543.1183689340444,441596.7619535908,"[0.05895965214140119, 0.8966255393373216, 0.04441480852127737]"
44715,572.9920165671547,304647.84827531734,"[0.35751838884321663, 0.026546789482736727, 0.6159348216740468]"
47333,752.2554555220415,398921.9395111919,"[0.13818616534947262, 0.7018113171334429, 0.16000251751708444]"
49369,299.5756569769496,529298.471645125,"[0.05340115727911381, 0.8241705829056067, 0.12242825981527952]"
10444,635.114077865629,454843.7091731142,"[0.5186629212119983, 0.32124999423569645, 0.16008708455230541]"
19699,819.1737699466671,145478.63377607538,"[0.6002749403326276, 0.37026135181200487, 0.029463707855367453]"
49138,529.9486141647,853738.9130669924,"[0.37498612028601486, 0.23149303748941824, 0.39352084222456696]"
44266,85.11502640138839,989765.6893889366,"[0.016616828852538828, 0.9090541986949879, 0.07432897245247325]"
32981,770.3273686059594,325250.94016732904,"[0.3969802980026156, 0.12751959185217884, 0.4755001101452056]"
4821,202.03244966430304,493711.9280184925,"[0.6755223691315589, 0.2742904470935397, 0.05018718377490139]"
9436,395.1197791945418,802106.9443888317,"[0.4234571984299934, 0.4553199709044973, 0.12122283066550933]"
27285,421.3746445824908,599211.6007665943,"[0.26845002740191026, 0.6910811626934765, 0.040468809904613275]"
5087,231.96391558989163,666233.1973461622,"[0.5191435356580166, 0.16579321132046623, 0.31506325302151716]"
32189,45.42519627219995,488513.919062044,"[0.6665962060350915, 0.10642520478838548, 0.22697858917652292]"
6220,850.5373668692017,694768.5146302761,"[0.41619334010695663, 0.5622286641255669, 0.02157799576747637]"
33272,320.2426401252724,501706.134484715,"[0.036975966410924856, 0.884970471766241, 0.07805356182283418]"
8955,168.32643619320356,585173.3756883392,"[0.1810674197304072, 0.3786158005792966, 0.4403167796902962]"
11904,464.02491225749407,931183.7449936874,"[0.31711621725683187, 0.5657744665517689, 0.11710931619139923]"
5370,371.8642614688552,869937.0446969323,"[0.12292896999439885, 0.04313117213555007, 0.833939857870051]"
20020,239.75365850703125,336729.19286052627,"[0.5039094172954773, 0.25571026034917604, 0.24038032235534662]"
2916,400.4333574208078,276376.6016175329,"[0.11930719999832204, 0.15620806678378507, 0.7244847332178928]"
43368,119.79816822772808,574635.9743699867,"[0.3025587378978702, 0.23232779906737608, 0.46511346303475387]"
7349,492.7089757752556,147205.26127652283,"[0.06923211551016079, 0.1243908662365552, 0.8063770182532839]"
4342,216.5615932977706,304381.1425177043,"[0.5652512870106187, 0.134884676604811, 0.2998640363845703]"
20304,264.2237644462806,450783.2170508691,"[0.5705450904104261, 0.007562431738925559, 0.4218924778506484]"
36778,797.8548093883069,467661.680612812,"[0.02077579166043245, 0.6743074310556431, 0.3049167772839244]"
4,414.25204332710223,543797.1746188592,"[0.13053756764352495, 0.5361083346668462, 0.33335409768962887]"
4201,870.0116135485958,806108.1531133266,"[0.8095173351015515, 0.1598349258286157, 0.03064773906983276]"
38638,77.16373129438804,322050.03865600144,"[0.12541569977887052, 0.4451489186555527, 0.42943538156557676]"
10806,844.2755699340871,953138.725964849,"[0.304178227290445, 0.3198557175767449, 0.3759660551328101]"
45086,933.3767389068076,512965.0691091452,"[0.29933345247958215, 0.5818167521393292, 0.11884979538108867]"
40886,871.7708709959188,979405.9392913816,"[0.16693403824025, 0.610861734964221, 0.2222042267955289]"
2667,925.9011989634814,646315.7760885047,"[0.34987026640454233, 0.0935833397022686, 0.556546393893189]"
32302,214.38536958193828,488691.177023473,"[0.5747463823477649, 0.2118975117322787, 0.21335610591995663]"
4202,505.7510730529463,629125.9010161543,"[0.6933601037193581, 0.27514963070532694, 0.03149026557531504]"
41997,417.7100170716172,490573.4608711386,"[0.09041762263033272, 0.7531690854653328, 0.15641329190433462]"
42186,936.3436995120916,976985.6201724528,"[0.2077364472319689, 0.06563913615830645, 0.7266244166097244]"
40609,83.42886598106364,101342.26834797194,"[0.3284990573050138, 0.5422496891417697, 0.12925125355321654]"
18985,926.4593097150072,706154.4140987899,"[0.17223491745657135, 0.010792541165157621, 0.816972541378271]"
31061,994.0266602073248,155244.6732854622,"[0.208600227218873, 0.5753157522000485, 0.2160840205810784]"
46750,332.1284415645373,443588.004912782,"[0.40501989855840537, 0.30903747937079906, 0.2859426220707955]"
4896,562.9515178436337,127075.7377498888,"[0.9477102340292183, 0.004813152064517715, 0.047476613906263905]"
19610,404.50444783648817,217098.43110614072,"[0.26994969349135617, 0.38004200438751334, 0.3500083021211304]"
17723,235.76874311549915,484112.1005208604,"[0.19057481904359136, 0.6122293002192498, 0.1971958807371587]"
33364,891.5123981203551,438212.75500142056,"[0.29528816495389865, 0.5353763944123943, 0.16933544063370715]"
37880,738.0810045137835,505641.3677685184,"[0.26934257804870776, 0.08562433608567302, 0.6450330858656192]"
43255,132.6266699256988,744002.5573545201,"[0.3417797854949186, 0.45432557299745957, 0.20389464150762174]"
10506,487.348604330624,253082.8304143256,"[0.2953416383211828, 0.6175930257266073, 0.08706533595220987]"
9769,627.8186182369283,460699.58740851056,"[0.927991202614534, 0.058660661171008745, 0.013348136214457216]"
40205,119.5179043710312,449466.3477183088,"[0.469776442363656, 0.4914536874147366, 0.038769870221607355]"
35306,689.9517317572053,656200.879490233,"[0.7051408935269523, 0.14726896938536405, 0.1475901370876838]"
42961,778.5026679787749,771310.5139525654,"[0.6790253589757103, 0.1832575775249904, 0.13771706349929927]"
34799,912.0019659089892,742095.393812748,"[0.38695826513921483, 0.508713267681185, 0.10432846717960002]"
14448,952.1411966787904,314438.1021743823,"[0.6375113050023697, 0.23411990295862872, 0.12836879203900148]"
25051,796.3747521325587,848125.851749018,"[0.30804151562133103, 0.6738452806625904, 0.018113203716078514]"
37747,502.7720037231204,800492.7135343537,"[0.26668980385054225, 0.08925483085590732, 0.6440553652935505]"
13692,551.310398773566,391482.2340645951,"[0.054878018675162066, 0.12249814239358173, 0.8226238389312562]"
41905,635.1353810345219,137108.93640646525,"[0.15348934215440374, 0.658179763480749, 0.18833089436484735]"
25853,81.4437294951575,733165.6502648358,"[0.7664481328863566, 0.13394373488000522, 0.09960813223363826]"
2741,457.53312888293937,217514.3747256181,"[0.113123457950959, 0.34758053651675835, 0.5392960055322825]"
12080,900.8169525141392,283881.9593106522,"[0.024325501652535827, 0.8178735971327247, 0.15780090121473947]"
44511,166.02324410359807,123471.89358645062,"[0.727706496900912, 0.12309970539135852, 0.1491937977077295]"
49801,586.4157651937197,151075.01210210868,"[0.048759362743912064, 0.6881292955716426, 0.2631113416844454]"
16846,741.5098953680417,954726.020179361,"[0.1957426028013044, 0.6980187109816293, 0.1062386862170664]"
36410,99.0129230419152,134681.42341916182,"[0.011039495652638622, 0.6651153359649589, 0.32384516838240246]"
14168,774.2333690063563,526344.7370374836,"[0.28133591863715374, 0.7167179655583981, 0.0019461158044480908]"
16371,909.6225074429576,517619.9692004423,"[0.4783397081695232, 0.038823017434475623, 0.48283727439600116]"
33541,91.2323733583038,457433.64237159153,"[0.02199235567835302, 0.29984120601385056, 0.6781664383077964]"
33356,574.5015461026239,724000.9235397741,"[0.28151550091706984, 0.43388896115587583, 0.2845955379270542]"
32185,602.421117610994,687889.6273963702,"[0.7055970593596077, 0.06979703792523341, 0.22460590271515882]"
45889,928.470573066654,978155.265069506,"[0.5414829187535608, 0.42390198598338974, 0.03461509526304941]"
16316,61.376464191619085,507146.68334081466,"[0.3946116535199472, 0.20670321782719803, 0.3986851286528548]"
29272,445.4427180157979,457054.5431867506,"[0.237248333591913, 0.5652649176552089, 0.19748674875287814]"
36801,576.8001543264629,479364.938168528,"[0.33172004976470526, 0.2854074724495777, 0.382872477785717]"
5102,125.9816978023775,370570.9427445566,"[0.2926110701747783, 0.4164821909414871, 0.29090673888373453]"
23623,899.0807019465773,580078.9094668422,"[0.15655262076373377, 0.7923958270247269, 0.05105155221153933]"
21645,838.8731670785561,653448.0142580583,"[0.7459116228622074, 0.06441108989756537, 0.18967728724022728]"
27573,152.62288703900666,795263.3883655407,"[0.7979559032390019, 0.19871320280959204, 0.0033308939514061025]"
22364,868.109264410632,869802.8017639437,"[0.23584261746720575, 0.45883856678296703, 0.30531881574982717]"
44420,899.637380239287,514128.240940129,"[0.44325194843342236, 0.014344817260367043, 0.5424032343062106]"
18154,596.202672250617,705290.1562744003,"[0.17361016428465, 0.46492395098848927, 0.36146588472686064]"
23951,796.8013899800377,257999.71128610164,"[0.15154325974278957, 0.1374991291640988, 0.7109576110931116]"
7160,44.524653117764124,413261.47727822274,"[0.2606019139115652, 0.6347572623016188, 0.10464082378681594]"
33129,410.91839830980126,484672.0857946784,"[0.25561739857809074, 0.7144620198927076, 0.029920581529201712]"
9124,109.05990780634164,638698.8980417218,"[0.4596891909803757, 0.4174232171081888, 0.12288759191143554]"
42804,535.4054782906824,453340.73505204136,"[0.011091359766691391, 0.06679477402348628, 0.9221138662098224]"
46094,701.8331143593807,104343.4711663593,"[0.5421340598971094, 0.0581129627990123, 0.3997529773038782]"
26389,625.1087237102988,410909.9699027864,"[0.32045400086249365, 0.40776820177048695, 0.2717777973670193]"
4462,140.70690312999375,152063.8676644627,"[0.678190247304227, 0.27704143564209516, 0.044768317053677995]"
30932,840.2531082245742,725811.8576408564,"[0.2193273482086139, 0.474973782342061, 0.30569886944932506]"
37759,306.18039852955354,514080.8625681922,"[0.44152203226459685, 0.5529326256089734, 0.00554534212642966]"
11561,777.5026348995458,332277.0825224679,"[0.07751206114508863, 0.24921828978330884, 0.6732696490716027]"
24383,605.1920747880727,749755.8514643237,"[0.7723701720719094, 0.1337663694948821, 0.09386345843320867]"
15748,514.5496740757478,948266.32490844,"[0.4790810082319464, 0.18999643538171393, 0.33092255638633966]"
33960,791.8325915081451,883699.2989510719,"[0.09072413248483413, 0.30322666122623876, 0.6060492062889271]"
24494,945.6754847664956,612030.2506045585,"[0.15909941519060475, 0.40680155942007756, 0.4340990253893175]"
23591,249.46941631530737,524452.0031249318,"[0.33755054639758847, 0.4314905095832901, 0.23095894401912131]"
46122,935.0473021548386,133433.76809731306,"[0.7441527270890869, 0.06811075294004004, 0.18773651997087312]"
24035,113.79712419143982,280448.2995801161,"[0.05381060509351801, 0.2904534515421778, 0.6557359433643041]"
20268,40.86179151524728,877099.8927459129,"[0.1371636069074261, 0.06305603322172205, 0.7997803598708517]"
19485,855.0393802074757,121099.5531861724,"[0.5851187058779869, 0.2130439651734363, 0.20183732894857698]"
6946,38.658899636969295,466423.6485347701,"[0.3754185074199522, 0.34939241489516176, 0.27518907768488593]"
17772,720.614409802265,922742.8343617588,"[0.8831298182617116, 0.03820581561128391, 0.07866436612700443]"
15398,755.1761488313723,144261.95020901016,"[0.02580165586328206, 0.5060976281373728, 0.46810071599934516]"
1611,910.1615139360716,195896.66906933737,"[0.416028605625935, 0.1184201747370578, 0.4655512196370072]"
12443,62.51166452709929,178980.5979187878,"[0.12217522586128371, 0.2149064647584408, 0.6629183093802754]"
9375,93.80343349277096,900925.7744192256,"[0.3097488312708333, 0.6747092641962394, 0.015541904532927345]"
18183,298.1534793526604,275667.41150745424,"[0.6263772545638537, 0.11771391085801619, 0.2559088345781301]"
8949,163.41942510698564,836272.2613135283,"[0.46739998637691216, 0.05346277268915248, 0.47913724093393534]"
45549,493.09468139904993,467487.9609091047,"[0.24536717413416015, 0.034827968674591085, 0.7198048571912488]"
45621,172.90780233410698,301553.3405588491,"[0.5589049181119136, 0.23625983975720932, 0.20483524213087712]"
23064,765.9356692376758,127367.98442832188,"[0.5240619532417085, 0.22949981509297568, 0.24643823166531587]"
37417,391.6887273245004,278261.160949023,"[0.7272871658596152, 0.05003614808199207, 0.2226766860583927]"
36847,653.4128192428155,378349.089073025,"[0.11631053010757977, 0.7374164104511552, 0.14627305944126515]"
3227,958.9487530540318,254988.9590617373,"[0.2140825038772987, 0.5436138326126654, 0.24230366351003602]"
49943,179.45963800953882,339868.70438186056,"[0.45350532555949263, 0.25006442197454665, 0.29643025246596083]"
35030,864.0294836365114,190001.75742533035,"[0.8026135567249271, 0.13695893759341315, 0.06042750568165993]"
49171,268.7338546609837,849603.097579713,"[0.7101349585068876, 0.06378569470098226, 0.22607934679213018]"
26269,868.1123061977453,966846.2581424478,"[0.5243295170299234, 0.42051566972800514, 0.055154813242071415]"
4348,365.0010996064601,514874.9645882162,"[0.6757384336866947, 0.16573695630051263, 0.15852461001279258]"
39716,866.5775896108839,324598.74779762456,"[0.4108883865598709, 0.10559385646344355, 0.4835177569766856]"
15310,660.6813975210607,453875.050169828,"[0.49632251060066646, 0.4526623313727739, 0.05101515802655961]"
40109,55.83302746941293,240479.28277517552,"[0.5376855358953971, 0.37712883983397966, 0.08518562427062328]"
35725,56.911578591168286,406424.3152517199,"[0.6926188539303255, 0.23288186694832133, 0.07449927912135307]"
46770,321.3942743799135,522120.4293591753,"[0.022965250970483495, 0.46617220101249446, 0.510862548017022]"
10204,976.1902713989448,550290.0712307777,"[0.46165999289620085, 0.5150946243362784, 0.023245382767520622]"
21935,595.6367912835741,797526.8683604766,"[0.7541519058663728, 0.16172051757876826, 0.08412757655485896]"
36109,984.6770210452124,371162.45129671984,"[0.620103723123091, 0.12112599519781427, 0.2587702816790949]"
3790,868.861812663049,796707.136320385,"[0.032965163561572544, 0.24855497239959193, 0.7184798640388356]"
12001,568.814252259117,468430.104950231,"[0.2925835346687261, 0.15564689938357998, 0.5517695659476941]"
22706,462.213658196062,796717.0487359036,"[0.4319983502709716, 0.2594718471512337, 0.3085298025777946]"
20529,405.652155694651,289808.0680222572,"[0.8812843474773933, 0.105101255377511, 0.01361439714509594]"
4738,443.0041000802914,634115.7681509805,"[0.22323468219050613, 0.18479418776302844, 0.5919711300464654]"
31399,804.6229451504933,103431.00364701968,"[0.21156737389334734, 0.739078283748412, 0.04935434235824072]"
22234,414.1095936072432,378102.8000208411,"[0.3434526909943273, 0.2245866373068055, 0.4319606716988671]"
501,958.8835863641424,617776.3747902098,"[0.17297512649232513, 0.1839745199952705, 0.6430503535124042]"
37732,977.4178765366736,304641.9357524688,"[0.00629384984317454, 0.7608506838842598, 0.23285546627256584]"
9756,618.8164434781681,433330.1220162768,"[0.1781716511566346, 0.4205161066348134, 0.40131224220855205]"
49240,43.68949671826174,886306.6923721047,"[0.3560511320627924, 0.5839712449353585, 0.05997762300184914]"
42652,749.7102840410187,216524.11275475103,"[0.006415530424415688, 0.459707221199636, 0.5338772483759485]"
16862,590.9820751439369,124068.00301650754,"[0.5817291508533283, 0.02783181187104417, 0.3904390372756275]"
17066,697.9525858546982,387626.9509743314,"[0.5550318325035116, 0.3073348762824814, 0.13763329121400683]"
7699,354.1336742274242,262245.6825375402,"[0.03768738729564123, 0.4798969510566268, 0.4824156616477319]"
45807,652.4270296752907,912734.7769838274,"[0.15679842838286426, 0.2993660457606835, 0.5438355258564523]"
11898,888.9681626172311,937120.0951848862,"[0.14775590946973022, 0.3588768484744367, 0.4933672420558329]"
41135,396.5820020372847,923089.169305069,"[0.29509559131515933, 0.34940687259918846, 0.3554975360856522]"
30659,196.01146000415483,646658.5224134404,"[0.3985084650763337, 0.4973069749793999, 0.10418455994426642]"
27980,85.04448666610097,434577.193428896,"[0.07060104581654489, 0.7348874457200325, 0.1945115084634227]"
6441,202.62800524107487,366206.1823631679,"[0.13414143567238562, 0.5230396359548221, 0.34281892837279226]"
6837,703.0033015229143,269782.4300807755,"[0.30031864553686044, 0.5477051173088253, 0.15197623715431405]"
10260,841.2985908156763,549632.5048900987,"[0.03223344850889175, 0.018780977278369106, 0.9489855742127392]"
40528,643.939933389595,681752.563599116,"[0.4966143526697447, 0.2807534750281521, 0.22263217230210328]"
21372,332.42374044007846,607445.3050355883,"[0.030559968033493545, 0.3904222823121023, 0.5790177496544041]"
44222,56.87183195887852,411342.5842543652,"[0.07852948618401302, 0.16452210055818328, 0.7569484132578038]"
15469,697.4714292016638,783870.2460599496,"[0.5286276240228126, 0.3470114623058912, 0.12436091367129617]"
32306,952.1314900709484,629736.4772697629,"[0.002511943884587429, 0.541727468519025, 0.45576058759638743]"
26788,881.8486633278602,126683.8150030555,"[0.6116377126289085, 0.24059888374832358, 0.14776340362276777]"
20869,768.8803510654013,826107.3331820401,"[0.2111981447400204, 0.7032046555829911, 0.08559719967698859]"
23196,189.2230119417538,247955.6631511052,"[0.41504931808012613, 0.012716881582160021, 0.5722338003377138]"
15027,317.2754321529731,361203.2834283064,"[0.4128261740938846, 0.5716901947426749, 0.015483631163440599]"
25567,287.32629340554143,733431.9411718866,"[0.47144516212470794, 0.37243612881165317, 0.15611870906363895]"
48508,655.8297809249732,137250.9286922785,"[0.10963456022376884, 0.48823742767686634, 0.40212801209936483]"
25052,261.2219613989428,626864.3259020263,"[0.7148202577593092, 0.06481006632147115, 0.22036967591921955]"
36911,684.2246471097972,280412.54868583335,"[0.40724500567279304, 0.18317039468959462, 0.40958459963761223]"
18641,128.3628057650388,727542.5641471056,"[0.2005120608552782, 0.0909430629992159, 0.7085448761455059]"
3864,265.95327803883714,647128.3852163745,"[0.10611825352941943, 0.40602384711305783, 0.48785789935752283]"
14677,855.4160818484255,325245.8219137456,"[0.2852296738228032, 0.5666216979530174, 0.1481486282241793]"
30848,783.7156622058754,560292.6878281694,"[0.026609520168694223, 0.7564880755164405, 0.2169024043148653]"
19735,479.645587481372,241596.7132360303,"[0.6608137769887384, 0.1049282762749345, 0.23425794673632705]"
31880,19.94950518260174,298919.96812341054,"[0.06959032971528294, 0.40151491332733014, 0.5288947569573869]"
26204,370.2236828331616,294082.90483643446,"[0.39634420640055673, 0.07693559683972619, 0.526720196759717]"
17522,367.41143795173946,507288.91790673696,"[0.2728453007068353, 0.20868504848737693, 0.5184696508057878]"
14566,697.4129133191781,771589.1518275227,"[0.6004150905742408, 0.2262304923771988, 0.17335441704856047]"
16715,83.87915690134675,902205.87359666,"[0.10353504551975716, 0.6505611859166756, 0.24590376856356744]"
28157,840.8126489107188,802847.039331425,"[0.006709337065323351, 0.9478654207074926, 0.04542524222718406]"
2762,91.78100641828392,735954.6073620241,"[0.5526156104441107, 0.07600637366113118, 0.3713780158947582]"
5512,712.0607865387395,470703.1442077738,"[0.46188424116926236, 0.436891663886643, 0.1012240949440946]"
10380,97.98111610044492,782933.7977891407,"[0.3295034842075176, 0.49683396688458503, 0.17366254890789729]"
12095,299.2185394273533,163789.06293787653,"[0.7154081881614452, 0.18244922028778748, 0.10214259155076737]"
47962,123.16555073482682,208491.1213157255,"[0.45954890494062833, 0.05199533474357059, 0.4884557603158011]"
29559,578.3092908640419,492914.846320886,"[0.3691232333884743, 0.4733875330309243, 0.15748923358060157]"
12984,602.7571304607295,102080.71453996105,"[0.3279469185970426, 0.4712044408768456, 0.20084864052611173]"
17762,866.2644276310294,166849.9306755567,"[0.06394829283111861, 0.6915259914514178, 0.24452571571746373]"
3711,219.08322118377785,194727.70335206177,"[0.18741373573524986, 0.37746951034156534, 0.4351167539231848]"
34043,412.9116545143316,129867.33616099037,"[0.03439831655580381, 0.5334356769447043, 0.4321660064994919]"
37931,723.3658196176472,204126.1555129444,"[0.17551315442677762, 0.30802675008736774, 0.5164600954858546]"
11742,120.87762859287916,400056.3612447926,"[0.11743955504844364, 0.8115094228440244, 0.07105102210753204]"
18049,221.8814542219928,660389.7317247784,"[0.33915716273984625, 0.5783536189749529, 0.08248921828520082]"
22158,724.0484215600956,508310.53275483294,"[0.5164498239569681, 0.045876310608419166, 0.43767386543461284]"
2178,320.546018294145,726875.0417647855,"[0.056599755345677134, 0.03231139519980253, 0.9110888494545204]"
28497,981.8165725885996,665076.1657590858,"[0.0036956289364247752, 0.8270736917770545, 0.16923067928652083]"
37722,788.1790725857751,955204.1499327982,"[0.035564226581352616, 0.20672564193548174, 0.7577101314831657]"
4045,933.6568109343592,370677.6147732049,"[0.18309571934532176, 0.7474117322262555, 0.06949254842842278]"
7252,825.9092939507775,835705.130887453,"[0.2619768038644137, 0.6466374070816502, 0.09138578905393617]"
12286,314.69098729189216,367160.6744749506,"[0.26491527826828964, 0.31629670989627734, 0.4187880118354329]"
9971,835.5795877384047,779631.9592796698,"[0.02079057541415837, 0.9020644809737777, 0.07714494361206387]"
15677,813.4863923480577,349188.39875342173,"[0.14169718656429284, 0.4647323464481503, 0.393570466987557]"
49287,169.91849164779802,829363.2630926303,"[0.3896166025091873, 0.09291839423686915, 0.5174650032539435]"
13893,75.48105053568274,905889.941713644,"[0.018987607094352592, 0.5222285214221958, 0.45878387148345173]"
13807,179.28850412726436,384579.4342702879,"[0.1324233518124931, 0.6456979652897891, 0.22187868289771775]"
48014,855.2015746684841,419518.1539071421,"[0.26665168727351146, 0.24792111774859865, 0.48542719497788994]"
25344,399.2255654665976,451052.43082932185,"[0.6302603701832128, 0.10384579562849729, 0.26589383418829005]"
46577,47.602191728408336,425146.6026296615,"[0.04447861028753252, 0.3163673224930671, 0.6391540672194003]"
13234,116.27274281153753,265472.8702884176,"[0.17750904901299566, 0.5275842207210499, 0.2949067302659545]"
34322,681.4621947321504,707285.0087715876,"[0.4457754266490819, 0.4697114990039683, 0.08451307434694988]"
4923,643.2892186405418,491940.8534586141,"[0.44545080273056376, 0.09008127819607253, 0.46446791907336354]"
11737,800.3528276976292,920418.1198998938,"[0.4866569746652524, 0.5047050550259345, 0.008637970308813109]"
38305,743.4051010011212,793576.8116423583,"[0.43641195903211455, 0.43026389946655336, 0.1333241415013321]"
12611,334.0676114711903,993653.910735456,"[0.18551199632529275, 0.20427130937581173, 0.6102166942988956]"
5100,652.852044836749,201155.1380901729,"[0.36848403565865406, 0.08895712782500394, 0.5425588365163421]"
48422,400.3852166118044,682892.8904573353,"[0.11639600258734228, 0.8467603277651264, 0.03684366964753131]"
28274,442.9903145071995,594508.046735065,"[0.4797401484872301, 0.23115143823128162, 0.2891084132814882]"
25958,884.4660058731633,972013.0113961564,"[0.4860092109602754, 0.4918971017050303, 0.022093687334694297]"
49626,258.1172141521964,215191.65280484283,"[0.31086898677098923, 0.3575646677415627, 0.3315663454874481]"
38211,56.45561389887603,803339.5161257759,"[0.7256480571497473, 0.07074589795472813, 0.20360604489552453]"
31477,884.5137996385434,255551.60459239472,"[0.26460067709349055, 0.1506807164954577, 0.5847186064110518]"
41702,342.6459348962509,428960.8511398916,"[0.7070297396964553, 0.11227006783604528, 0.1807001924674994]"
14846,545.6046778680962,579256.1773851281,"[0.11297876767745342, 0.11981091249431274, 0.7672103198282337]"
47932,435.2845441891008,438963.0493210766,"[0.3424952187333936, 0.10846733568675757, 0.5490374455798488]"
44430,778.0177311677458,521051.6122782424,"[0.08049161984137602, 0.1341872862101035, 0.7853210939485206]"
22034,607.1923993589402,645106.7678905677,"[0.4036673624811889, 0.4302149885630917, 0.16611764895571932]"
22959,754.9627120054682,466957.8600581182,"[0.30553554382524883, 0.48181007630758654, 0.21265437986716473]"
30507,373.8491219696423,650125.5975391993,"[0.027547027111369866, 0.725557659844108, 0.24689531304452197]"
8696,319.2207390618894,183785.4844117404,"[0.4663579479341464, 0.3624690030835307, 0.1711730489823229]"
5477,995.4162689475492,583567.8639180809,"[0.2117258549215818, 0.7262652591395367, 0.06200888593888164]"
43131,865.6800950544869,540665.8009974001,"[0.3696271017375987, 0.13894565103326137, 0.49142724722914]"
15671,646.0672805139058,237290.1887084617,"[0.10351144737199279, 0.35934001006209504, 0.537148542565912]"
6249,444.6077466412675,988971.7110718192,"[0.282427353812358, 0.12619471066273186, 0.5913779355249101]"
8222,487.17522032817897,950355.8659663604,"[0.029339124275091593, 0.4099644441736078, 0.5606964315513006]"
40106,438.9309475145069,558054.46691959,"[0.26283852844460975, 0.060721454868950225, 0.6764400166864399]"
32767,63.36257487003957,534428.4124601714,"[0.16629815339984777, 0.6339845334862837, 0.19971731311386845]"
10838,44.46848583132259,145527.3574059874,"[0.5282395127791075, 0.02266784142053981, 0.44909264580035274]"
23676,198.93287276667192,767812.9367194785,"[0.008890675225533409, 0.4915517452613096, 0.49955757951315705]"
19944,937.232911594274,237491.082596112,"[0.04014739891213564, 0.5974791612079735, 0.3623734398798908]"
23735,27.70405952224704,887634.655588099,"[0.29800659218414927, 0.36932957421137247, 0.33266383360447827]"
38229,666.9358054060579,407990.2378289736,"[0.1007911972628586, 0.46346377898624885, 0.43574502375089263]"
48857,420.45224107018026,513524.0798914422,"[0.5544118735267739, 0.4296106322900025, 0.0159774941832234]"
20062,582.0092663730258,582502.8579692225,"[0.35417478676168274, 0.11077658018693914, 0.5350486330513781]"
30191,313.1134238143621,821987.8269212757,"[0.11248145711738053, 0.1212475796154778, 0.7662709632671416]"
49526,881.7342139193426,482906.34869774646,"[0.22819117710830034, 0.39738605687383083, 0.3744227660178688]"
33935,913.9620757932242,752017.2389472264,"[0.7101485134555791, 0.020050875391648633, 0.26980061115277243]"
1368,22.5714270059022,565074.4756048061,"[0.45550398843689405, 0.2519981750843861, 0.29249783647871985]"
48734,327.78005688999764,364052.89052977855,"[0.023561284642125497, 0.24374856782256202, 0.7326901475353125]"
36845,817.8837915485519,598546.3618176461,"[0.12452672788267533, 0.7303811309139947, 0.14509214120332992]"
1975,926.6190165914586,602021.3321845944,"[0.4562656698793738, 0.0882760773051859, 0.4554582528154403]"
13111,52.17897306146916,559602.1629866698,"[0.01923030705687422, 0.1438194040909428, 0.836950288852183]"
36837,134.84454295115336,140403.79738901323,"[0.3252706035194716, 0.471046592952849, 0.2036828035276793]"
44348,203.30845594406296,470689.204772234,"[0.152315158013144, 0.10672141585366599, 0.7409634261331901]"
33325,520.0841957763084,636488.6547074729,"[0.3705820083324978, 0.24981258403173584, 0.37960540763576633]"
29079,809.2090089941896,572555.9790910401,"[0.27771704752466403, 0.09259924696112318, 0.6296837055142129]"
18407,251.60838682807383,829615.030865017,"[0.13607427221515053, 0.6634853961473232, 0.2004403316375262]"
8387,281.2171537992347,983990.916520852,"[0.46489902370472563, 0.18349657749598786, 0.35160439879928657]"
42697,17.554853150688345,941637.83297802,"[0.1720414256990598, 0.3241417189197615, 0.5038168553811786]"
2546,285.11880437961906,898243.2839318883,"[0.07417303136823963, 0.5579038037931869, 0.36792316483857346]"
16140,141.90458062174292,873879.974696724,"[0.20327133279637916, 0.395124097946597, 0.40160456925702387]"
13888,848.5554790644501,936432.6773507408,"[0.1254521305949776, 0.24016231074128103, 0.6343855586637414]"
19051,456.9343574218666,286300.1553153958,"[0.9830436187509143, 0.00039823666815865037, 0.01655814458092721]"
34509,802.6622668986614,750908.4123408408,"[0.04154426186487229, 0.5352555210993446, 0.42320021703578314]"
34993,310.9061656079981,209459.200893192,"[0.0050042571313086434, 0.7276958021586302, 0.26729994071006125]"
8626,225.8429778657836,769171.4649223456,"[0.2481949047035888, 0.6978372009638172, 0.05396789433259405]"
31817,227.4008292200813,431334.70857461233,"[0.22627322290398835, 0.5512359464030665, 0.22249083069294506]"
13821,139.0638283084038,914791.5924587372,"[0.1584318582423467, 0.7559992924389469, 0.08556884931870648]"
34629,31.0577053258596,592933.0752524409,"[0.26586327982422947, 0.07521382967031572, 0.6589228905054548]"
30925,252.8830137663425,137846.52454247928,"[0.3259269881351931, 0.40608480844483347, 0.26798820341997354]"
45686,849.9228806570213,361584.6233413285,"[0.11124465350291456, 0.4531530977205546, 0.4356022487765308]"
23050,620.1164295700519,970416.3629918589,"[0.4991342006980377, 0.4990486003610835, 0.0018171989408788441]"
3039,23.51787955754321,587481.6241074132,"[0.12036297210685988, 0.09440911625178604, 0.7852279116413541]"
156,96.97497114390622,999056.2193951816,"[0.12644999907277732, 0.09013744435554384, 0.7834125565716789]"
3467,491.786655544337,256373.3473895749,"[0.1098510621138702, 0.35275898553182883, 0.5373899523543009]"
35187,411.6443082285284,186354.4986849564,"[0.41509414447547044, 0.3570029963163528, 0.2279028592081769]"
19015,93.36412405262864,274741.4718203759,"[0.2948089327307262, 0.22826834009294736, 0.47692272717632644]"
49461,836.4565899558572,172705.85189506278,"[0.17017731803782435, 0.2663361501220751, 0.5634865318401007]"
17182,773.58696698855,421801.1574473001,"[0.022038044953074775, 0.8417492341550279, 0.13621272089189726]"
37968,904.6538610030296,684342.2476756402,"[0.061984320522714194, 0.8902319661243863, 0.04778371335289959]"
11383,126.0933176044303,489689.3702238477,"[0.41590405925950785, 0.07874256136680438, 0.5053533793736877]"
9930,343.6626661263789,704025.231963048,"[0.07330527960362855, 0.4650906343336996, 0.46160408606267167]"
11601,364.2259636111291,340549.75491845177,"[0.04983046337973551, 0.6094837842317795, 0.34068575238848503]"
44801,265.18800291625377,895708.6751592255,"[0.0019358866536859259, 0.1827704020562045, 0.8152937112901095]"
7038,870.9858031922223,652512.2737526395,"[0.8693843779585423, 0.08932559387991397, 0.04129002816154372]"
22989,337.9074121784802,149426.96543092176,"[0.09199769873546723, 0.7780705166722746, 0.1299317845922583]"
21371,803.8456952269264,251215.9958881242,"[0.5597182842307423, 0.18431663112196325, 0.25596508464729467]"
14651,960.148824602928,107116.10591230818,"[0.19273507980832258, 0.7288334090794625, 0.07843151111221501]"
114,459.6852634579583,496727.1182151307,"[0.8219116625285379, 0.08119694038612947, 0.09689139708533263]"
1505,269.31358417568504,544690.3868506572,"[0.756386468808238, 0.05804866043826774, 0.18556487075349412]"
22984,631.4721353614572,168844.6757081814,"[0.27827626732074456, 0.6797619006247095, 0.04196183205454592]"
32442,982.0510068352044,614848.3648358522,"[0.12469794611612034, 0.3941297998587371, 0.48117225402514263]"
36371,491.0982618929128,307384.4581632774,"[0.17556450609936827, 0.37045528992055454, 0.45398020398007716]"
5076,251.94047540916188,596875.1291632567,"[0.1852642619640452, 0.20093183376583953, 0.6138039042701153]"
29736,926.291949864728,508631.6311327522,"[0.21469078568101052, 0.6549100287032478, 0.13039918561574176]"
37340,287.99331938751783,992350.8404842344,"[0.2603846645403001, 0.6063342007447312, 0.13328113471496847]"
44930,723.7922332376039,915256.990080553,"[0.1753821101565756, 0.7765099290481017, 0.04810796079532289]"
30064,565.4404179767699,767696.7899568758,"[0.29178457754188275, 0.31569516614672705, 0.3925202563113903]"
37030,258.53616387719774,288424.4772475493,"[0.41187088963791896, 0.22203902041993148, 0.3660900899421496]"
35398,107.6832290895225,613095.9079652322,"[0.46377635820738317, 0.033085958604739944, 0.5031376831878768]"
21605,799.6640291747755,796986.6330212716,"[0.0773832625440561, 0.47389010355455646, 0.4487266339013874]"
13161,94.16727782432432,620992.6632238899,"[0.5157998859224728, 0.00925129793279555, 0.4749488161447316]"
11145,129.02131748501563,999521.5380487395,"[0.4237901924725082, 0.1633164844240768, 0.41289332310341503]"
38427,819.6090088774669,546115.0353969259,"[0.02683706535092305, 0.6775702128067871, 0.29559272184228985]"
48653,902.1731203338212,963591.5867774136,"[0.08335982418907209, 0.36996427727208997, 0.5466758985388379]"
10940,272.0394401418855,139645.54106832755,"[0.20185283810274096, 0.49312064743616724, 0.30502651446109186]"
28985,314.4978172833539,644047.5891808994,"[0.2117272933826387, 0.1892563472925163, 0.5990163593248451]"
42043,987.1731991236626,791769.2380506301,"[0.5803155908841641, 0.019290610300367727, 0.4003937988154681]"
22993,247.32666979996708,173544.47357234062,"[0.40899853261374713, 0.03766537180099494, 0.5533360955852579]"
7879,934.760191300293,187345.23128768257,"[0.010558564734312556, 0.6268735267136367, 0.3625679085520508]"
43982,194.7711956318184,464263.0591076124,"[0.1218299068425458, 0.7539009603132572, 0.12426913284419697]"
22705,264.6610622304156,409809.1848801006,"[0.14877740878043105, 0.3853342723614525, 0.46588831885811643]"
49771,150.32480139557828,194438.47765283656,"[0.0887004521354795, 0.7355827256744503, 0.1757168221900703]"
13004,971.5939074084444,335263.3271299438,"[0.39416196885569355, 0.3978893762387739, 0.20794865490553252]"
28629,858.3659347935012,508254.0881145613,"[0.025553602839142486, 0.7700022501547844, 0.20444414700607313]"
22083,233.7422977005401,579270.9278283452,"[0.45794519393362515, 0.31221519391287417, 0.22983961215350077]"
3065,35.95240056688796,518610.7004963795,"[0.1210001818723442, 0.6651449681301431, 0.21385484999751272]"
17496,815.661647040893,592723.7432221596,"[0.19043463393050913, 0.4267884958097799, 0.38277687025971097]"
25839,449.002246550877,849884.4455061223,"[0.20426612467626398, 0.7906074188143468, 0.005126456509389167]"
9139,805.7236634543729,270425.25523021887,"[0.6500912130168972, 0.09788307916260874, 0.2520257078204941]"
32022,753.7455666354191,916246.836594583,"[0.2207146057289383, 0.15402234753857122, 0.6252630467324906]"
17333,168.89644060556265,721259.9215438799,"[0.02431890430909962, 0.30156047456236795, 0.6741206211285324]"
23152,765.2085417624276,483783.23849706026,"[0.28414156088905307, 0.629381931476224, 0.08647650763472299]"
20914,103.02414076450378,123240.93300411385,"[0.3819193381870492, 0.14587060301073426, 0.4722100588022165]"
17625,375.0432593438181,528190.2687698212,"[0.8299919054278645, 0.046401402743056486, 0.12360669182907913]"
22417,180.9347090521115,562074.2648716283,"[0.14512835832902746, 0.8186370034045621, 0.036234638266410414]"
26652,654.0413828050908,837594.0363753522,"[0.919629868583799, 7.221085987881281e-05, 0.08029792055632227]"
10103,912.4951966968408,811995.5166540004,"[0.29909301533996685, 0.502282299200054, 0.19862468545997924]"
4610,942.3768769892442,644650.824026078,"[0.03231037287484624, 0.8830943778292066, 0.08459524929594722]"
15041,52.91965320304672,804316.5516142033,"[0.18026526543827762, 0.30491117419573954, 0.5148235603659828]"
5644,878.0362078124251,360393.5645954029,"[0.2386487023653559, 0.14097654942296312, 0.620374748211681]"
45191,770.0718889419685,479588.4088792452,"[0.002197220211940147, 0.4025294288885657, 0.5952733508994942]"
2274,318.1089808045629,580970.3050089634,"[0.06604401159763076, 0.8729685462154146, 0.06098744218695457]"
39301,176.9191832477051,102437.24732160608,"[0.5201112912283159, 0.03387305044973788, 0.4460156583219462]"
44822,592.3946692865427,270172.94399750896,"[0.23189141373913416, 0.005958655564633783, 0.762149930696232]"
45397,503.09932366663736,883255.8062212389,"[0.06280236829998292, 0.6073918945347886, 0.3298057371652284]"
33438,239.9271355838088,393162.3533999067,"[0.1431272972736516, 0.529640826846636, 0.3272318758797122]"
7146,558.230337950243,448438.21399300185,"[0.11270395345795234, 0.46953805064902765, 0.4177579958930199]"
26739,550.0920686347505,277836.34805903886,"[0.2155613297103005, 0.4062090064561353, 0.3782296638335644]"
49389,540.0582963400593,805586.719357325,"[0.2868895612804367, 0.1329203280404228, 0.5801901106791405]"
26202,707.613602526335,259771.3987908793,"[0.2371572638721785, 0.4572942726656572, 0.3055484634621643]"
49670,307.5245747296855,789988.9372168308,"[0.06916098686299268, 0.3242590716628697, 0.6065799414741376]"
44893,154.1468487389363,508416.8904059655,"[0.5141335763626109, 0.3234511192196326, 0.1624153044177565]"
6511,30.23580450240545,366702.7260699146,"[0.06641325101090144, 0.3584106436146255, 0.5751761053744731]"
7311,794.265034940846,956744.8862589842,"[0.37279830355524735, 0.5719786095234471, 0.05522308692130539]"
10119,370.62838266204665,891059.0970972055,"[0.12832824041182936, 0.42947460470154136, 0.4421971548866293]"
5199,529.2251174475829,197941.7885246737,"[0.10726206602469697, 0.23580725915119186, 0.6569306748241112]"
44158,526.7984350447484,253348.94615112097,"[0.2943247470421519, 0.6794446335164085, 0.02623061944143962]"
35859,72.08874103261743,655394.481751328,"[0.0612267740719015, 0.9292777597568296, 0.009495466171268936]"
11625,163.2434412936233,810168.6491257227,"[0.1993912672366453, 0.6389733767987377, 0.16163535596461706]"
19712,712.976429751358,997500.7077091348,"[0.07025187586040943, 0.9074634372061182, 0.022284686933472474]"
31862,545.7507616006633,920577.112144308,"[0.2306554247255201, 0.3661666372870851, 0.4031779379873949]"
16274,846.7851656571888,266688.8515918815,"[0.4469073928822951, 0.4780795916519827, 0.07501301546572228]"
25551,49.26417497142644,317411.4658895452,"[0.9076446907755338, 0.07476948289382584, 0.01758582633064039]"
23955,422.79892124995337,448921.5332525971,"[0.5884567175040307, 0.3959947585680913, 0.015548523927878173]"
11495,326.5755858450096,528813.1849628247,"[0.37382226240860295, 0.10394901969315164, 0.5222287178982454]"
32138,18.19001928007875,455308.4873366708,"[0.2755224968819163, 0.3663605734788798, 0.3581169296392039]"
35618,802.436996964535,435667.9850434492,"[0.3758395830590146, 0.037392612094926565, 0.5867678048460587]"
47557,706.4218068528544,249462.37153806945,"[0.19953742242837016, 0.13832225680916585, 0.662140320762464]"
38393,243.2332577732896,731447.5530979745,"[0.6550758949442117, 0.06251364835580503, 0.2824104566999831]"
36317,345.22276905910365,537183.8027254937,"[0.6635707609871971, 0.046221907651907215, 0.29020733136089577]"
48796,584.2321395502822,488297.5019955216,"[0.7845988087328323, 0.07340494490311388, 0.14199624636405384]"
23530,99.46522494123252,555097.9121578252,"[0.6843884831835441, 0.02149359118216993, 0.29411792563428596]"
48333,309.0114979947366,457206.1915105354,"[0.08240605347481475, 0.4810906628201983, 0.43650328370498703]"
42494,452.68922472088445,341884.4329849613,"[0.22244500182160193, 0.036006290179651027, 0.741548707998747]"
35048,899.8538999265306,172955.94910936322,"[0.31395516952358793, 0.5239006589066459, 0.16214417156976618]"
8008,300.3968861836182,951965.0454028178,"[0.49335177046434203, 0.08400513848616127, 0.4226430910494966]"
40893,612.2394628121328,622964.8263326297,"[0.605764503774463, 0.152592900906123, 0.241642595319414]"
34510,435.85997755097617,584509.3605662328,"[0.2134975327906806, 0.3537710073006553, 0.4327314599086642]"
36001,970.751238554985,373040.9149441771,"[0.6253476798867699, 0.17259204927802071, 0.20206027083520947]"
24621,895.8152384102093,420607.5000940296,"[0.10927478118230935, 0.6238287320957675, 0.26689648672192307]"
7763,127.47560267946348,214524.0969473672,"[0.17699739450534638, 0.4578638000820189, 0.36513880541263477]"
32625,473.7650397875519,299615.35160499986,"[0.6199862536048073, 0.16810189632744274, 0.2119118500677499]"
5753,225.72988917396177,330495.86909456784,"[0.2737845160429309, 0.012670273886667669, 0.7135452100704015]"
40485,361.6004896289271,920617.1903671692,"[0.590390099466991, 0.14094656148947368, 0.2686633390435352]"
16041,561.0294863766022,659350.8944557592,"[0.5037822564084566, 0.028155833477009545, 0.4680619101145337]"
6014,70.36008037783488,641630.4819059749,"[0.5531796826311004, 0.31705540037027014, 0.12976491699862952]"
46299,885.557661376499,284755.1818515994,"[0.2711847014813548, 0.45455279079579125, 0.2742625077228539]"
42158,826.2525633330728,167021.11886438815,"[0.10543911761790478, 0.25864268219273734, 0.635918200189358]"
1302,719.176661722153,829025.8206388169,"[0.2533735413913479, 0.6194866383305556, 0.12713982027809637]"
45163,574.5403722268386,524245.3402981927,"[0.49971468622856025, 0.02409963997345969, 0.47618567379798005]"
37103,600.1093903116897,638162.8342159635,"[0.0723662983939624, 0.7701478290842079, 0.1574858725218296]"
34779,281.5534741566065,524938.6407519565,"[0.3070202882297145, 0.5419805263865383, 0.1509991853837472]"
15223,442.7990916364095,695914.2353484423,"[0.21616546407366755, 0.25756682067168823, 0.5262677152546443]"
8805,756.6926940767746,897245.6883554145,"[0.37541167334096887, 0.007410606908892254, 0.6171777197501389]"
45212,105.45896719974064,971834.2066089838,"[0.09854829243039513, 0.5164835375804878, 0.38496816998911704]"
3584,495.890925755354,667141.3099448389,"[0.28910991914572015, 0.5732420098488116, 0.13764807100546825]"
24833,953.2561484619566,649797.4242093184,"[0.14047838549534658, 0.04945190066696172, 0.8100697138376917]"
21690,822.9242275705838,831411.4615056261,"[0.14723067387372518, 0.1949934889110503, 0.6577758372152246]"
26249,478.1697160871638,849493.2854382213,"[0.18938032397653265, 0.7627132068642113, 0.04790646915925589]"
12158,491.8240773525706,279953.8428142128,"[0.10872709546993108, 0.8763211979228429, 0.014951706607226086]"
451,437.6788398226888,683995.4363268805,"[0.30835761514636745, 0.3122517037825173, 0.37939068107111523]"
37045,815.652794484564,340242.4542242856,"[0.15151621696325776, 0.6464497926733255, 0.20203399036341657]"
10605,313.3385915824024,777970.49694757,"[0.6717475490777494, 0.07426491151332747, 0.25398753940892316]"
31717,864.3495947402583,525411.6352634197,"[0.4307099263375362, 0.063052783770531, 0.5062372898919328]"
27935,484.6358540503693,268782.6787637045,"[0.40304062125811313, 0.5135967275282216, 0.0833626512136652]"
24537,189.51487813616544,119960.8511025437,"[0.5646963310468491, 0.21495416139858795, 0.22034950755456295]"
4119,476.4700218085268,944126.7335066464,"[0.10683618581519631, 0.37956275777623116, 0.5136010564085725]"
16662,822.3269294848191,713014.5736911934,"[0.2611811709979852, 0.104054900468017, 0.6347639285339978]"
10581,394.3816134370393,183477.66821178,"[0.032003768294535155, 0.6934343947419894, 0.2745618369634754]"
43229,302.3484099301867,424895.7641832189,"[0.31120089717569427, 0.38408649325502453, 0.30471260956928115]"
35071,267.0322126440614,997328.2437257865,"[0.5450330120498533, 0.043425042170972185, 0.41154194577917447]"
90,990.6087842428564,874461.3612476267,"[0.49366725155508007, 0.48451291740159375, 0.02181983104332615]"
4974,923.1540914663024,275498.67733445903,"[0.5295309846294528, 0.45291938610498167, 0.01754962926556566]"
17526,897.1605504554032,135296.9841480224,"[0.029292264475923858, 0.1086034298966203, 0.8621043056274559]"
42583,71.8927464446673,825587.2360508819,"[0.18229708371555714, 0.7603645165375421, 0.05733839974690063]"
7516,707.6859411951252,695077.1777103943,"[0.8936904423539928, 0.07358287216933697, 0.03272668547667017]"
15047,176.70904726770095,871286.6910228754,"[0.4555421936859187, 0.34385085532369475, 0.20060695099038667]"
24296,855.6232788514616,225652.55074502563,"[0.22230313941063223, 0.08829391883914905, 0.6894029417502188]"
6698,129.0334983847219,445885.3544780359,"[0.45323854666150243, 0.281568739411157, 0.2651927139273406]"
41728,580.7687148196231,657842.5667148852,"[0.365987741533474, 0.5125321256131081, 0.12148013285341772]"
33105,272.67732246640026,824125.7757484779,"[0.06811369399565194, 0.10831980766819174, 0.8235664983361564]"
97,43.69522007575856,180125.04569822084,"[0.33020506365810226, 0.13785022612753464, 0.5319447102143632]"
2684,557.5168022500802,334117.4857992949,"[0.4663383760511412, 0.49438162905338334, 0.039279994895475366]"
32161,601.6810453163761,544539.0465961501,"[0.681726920764802, 0.14719761668775785, 0.17107546254744008]"
19723,15.204338745584812,165659.96558857738,"[0.4185743254168521, 0.0010496543763117464, 0.5803760202068362]"
22743,706.5770771762176,674412.7320049511,"[0.09366381851081636, 0.04227506934035036, 0.8640611121488334]"
24485,562.7282002407334,907844.1913853136,"[0.3996370831746891, 0.543517298611619, 0.056845618213691794]"
25914,986.8541622971348,158348.51836613947,"[0.2096044333231487, 0.7306397826506865, 0.059755784026164875]"
35106,782.1887656526824,445802.2988811994,"[0.9616067962039878, 0.002370023278318333, 0.03602318051769389]"
8649,899.569858941071,611691.7032892127,"[0.7362619899754439, 0.16203604119061737, 0.10170196883393892]"
4404,214.87635591672003,877493.485433907,"[0.2016237978789986, 0.2189195024876182, 0.5794566996333831]"
40351,989.9064454634326,108759.0420058743,"[0.14138124584500794, 0.1931935256803625, 0.6654252284746295]"
16064,837.396182675436,185117.38374990324,"[0.614413554462454, 0.17999993284764068, 0.20558651268990533]"
12709,826.2849874387442,362350.9823558399,"[0.4575344798434437, 0.15722270985943906, 0.3852428102971173]"
29839,460.3758541925576,471810.6027184855,"[0.11458410745031378, 0.19714145851752932, 0.6882744340321568]"
33647,386.2651484449095,209317.69996946043,"[0.24850832555824834, 0.5475452531592176, 0.20394642128253396]"
35490,28.70509274288779,778414.4567145937,"[0.7062739824815925, 0.10511265716556789, 0.18861336035283974]"
32420,455.77172737580446,231861.8578774718,"[0.14932897422417205, 0.5505029532364984, 0.30016807253932937]"
36666,602.3615728183672,213966.4110102788,"[0.4041380019298396, 0.5459355927644521, 0.0499264053057081]"
26856,325.067498615074,250308.0580509786,"[0.1666685491227363, 0.7506355952129813, 0.08269585566428231]"
19187,996.6389883442032,564032.6688825756,"[0.21453935135734337, 0.674105796328951, 0.11135485231370566]"
1924,955.7861723089884,911434.5735312873,"[0.36267819733853995, 0.341083154647977, 0.29623864801348304]"
40742,314.10182872275027,280642.0908038913,"[0.45923639052075294, 0.4821632151713165, 0.05860039430793055]"
8249,527.7568225028588,741157.393450766,"[0.24931020013402905, 0.07586419348952322, 0.6748256063764477]"
7705,898.7785292506902,273108.95959697734,"[0.38651905644576395, 0.5485849482478886, 0.06489599530634745]"
10057,562.7788060098039,616464.057344956,"[0.25258815950728547, 0.28839631413598094, 0.45901552635673354]"
46502,249.42293894069093,991270.7671185804,"[0.06930841301866161, 0.3809118325994076, 0.5497797543819306]"
44513,480.2094424166633,848144.0786798749,"[0.0369640398266846, 0.30614417579666886, 0.6568917843766465]"
41960,653.404052726531,520977.05373527727,"[0.29672452024558843, 0.036109410881750265, 0.6671660688726613]"
34117,262.6083537661925,894718.8238185726,"[0.7396495248097325, 0.04181705845125934, 0.21853341673900814]"
2197,937.9925002919936,795194.0639296656,"[0.7157677034237079, 0.06696648833558752, 0.21726580824070463]"
827,549.4236409360146,870007.0801464887,"[0.22369236302099943, 0.09036772360660034, 0.6859399133724005]"
27269,838.4332094573728,399865.2756990378,"[0.23548440080108501, 0.308845538615459, 0.455670060583456]"
10382,544.7924947835734,548921.631048419,"[0.055741694873144475, 0.2850013328035698, 0.6592569723232857]"
15063,503.6734682879287,414771.170755294,"[0.2889216089951131, 0.15111961394843046, 0.5599587770564564]"
12200,34.80120940124596,157304.93249747765,"[0.5024607200208754, 0.09049876926691629, 0.40704051071220826]"
9479,201.291220192096,690357.5435608772,"[0.057138376987778176, 0.6411241130686764, 0.3017375099435454]"
45973,936.2261120387808,718687.7497203504,"[0.1597746178623685, 0.2659256124776662, 0.5742997696599653]"
43850,50.46401721781156,277329.75055831723,"[0.42003268886609635, 0.4654235537875339, 0.11454375734636969]"
15693,813.7291435880735,485728.42999199184,"[0.023542059767255586, 0.8882570251943492, 0.08820091503839514]"
39622,690.5388243224999,994009.9226743951,"[0.27399278413571765, 0.1401051186232162, 0.5859020972410662]"
3265,124.87524265896,792077.7785515578,"[0.8678989105503417, 0.08377934898311785, 0.04832174046654033]"
4806,651.8707094475702,218789.53102322703,"[0.16689977056745028, 0.05940878983287586, 0.7736914395996737]"
46699,894.6748504859014,172590.81216151587,"[0.21803875305688417, 0.3943670238037077, 0.38759422313940806]"
31452,246.5668368934358,869400.9084100674,"[0.635947695621012, 0.2563144365569753, 0.10773786782201268]"
14981,857.3954780230279,312211.71066973393,"[0.9921691382300832, 0.006374546498852111, 0.0014563152710646851]"
27244,592.8639381253986,781208.7362354143,"[0.6153181900962312, 0.2321993492092459, 0.15248246069452293]"
49982,77.26790340490109,465124.4167245797,"[0.30034654911775566, 0.2982573993135849, 0.4013960515686594]"
20786,18.797822164781063,875161.5028319178,"[0.8782786446003957, 0.09633367798593014, 0.025387677413674273]"
11164,911.776077521301,840743.516523958,"[0.13445218876335954, 0.3845691848314963, 0.48097862640514416]"
46051,117.14956782079388,350298.80422486435,"[0.06821672309956776, 0.5460976247627589, 0.38568565213767336]"
45562,247.377863699942,119386.70374537748,"[0.10043371123150599, 0.5125328616363556, 0.38703342713213845]"
39780,646.794098863233,959612.0109695198,"[0.10519546497801026, 0.3224116077265589, 0.5723929272954309]"
24685,826.8002888503563,637227.4820936304,"[0.5822035775194475, 0.41238352782819976, 0.005412894652352726]"
46842,241.16247431489057,772970.2258546699,"[0.13073767222431873, 0.3544033176930324, 0.5148590100826489]"
28062,804.5368072993167,858194.7229241852,"[0.33767518185037965, 0.16554928842914987, 0.4967755297204705]"
1998,518.2704494557988,664286.2250693898,"[0.3983916229575383, 0.40920964097303897, 0.1923987360694226]"
26569,831.8632023296545,265991.8804466941,"[0.3430352153149084, 0.4837967275780676, 0.17316805710702404]"
6776,228.90767856749017,286439.5886558464,"[0.7080110533217777, 0.07218193329970958, 0.21980701337851286]"
10963,35.729135525611625,581591.9504640682,"[0.8001524181745474, 0.03597051054467523, 0.16387707128077744]"
18840,759.0512348943557,300942.8613954331,"[0.2483876471277553, 0.19892202137656356, 0.5526903314956811]"
46606,975.4682948212566,136210.19048349548,"[0.07270186141124356, 0.27555294537023756, 0.6517451932185189]"
13222,22.915780042417417,378137.3589517279,"[0.4332799770975881, 0.4903891024358189, 0.07633092046659312]"
40771,127.07187105129078,902660.0531618746,"[0.17557997651556337, 0.6935442241450973, 0.13087579933933935]"
25966,368.91002848342725,918682.233762986,"[0.12610835008489177, 0.3941805687897769, 0.4797110811253313]"
46602,290.32506631895166,110679.33163465156,"[0.018865706334157215, 0.9587336628584563, 0.022400630807386458]"
23093,366.1508027871066,741292.4262638472,"[0.20869616849240136, 0.31039335281991975, 0.4809104786876787]"
5024,920.273085983514,333790.51462802204,"[0.7968352366998412, 0.14765673900943094, 0.05550802429072785]"
21765,34.64258675897726,955862.1035911106,"[0.5068544389488586, 0.41770658195387833, 0.07543897909726308]"
35134,955.4332631877622,898961.6825180735,"[0.5834716452952952, 0.07225197695809583, 0.3442763777466091]"
28556,507.64320264809,339384.26450250484,"[0.01854312986819405, 0.8590998760173277, 0.12235699411447837]"
29747,351.7962895536988,892744.0295755996,"[0.13543213139181545, 0.5699145724540441, 0.29465329615414065]"
32010,650.086882277473,363246.6707593416,"[0.2079733206978166, 0.06739828518068598, 0.7246283941214974]"
6475,15.891581680771392,924144.1971831596,"[0.27207161673502683, 0.641538821041148, 0.08638956222382518]"
8386,154.43160882890012,926155.4030420836,"[0.404358557302655, 0.2743742268699337, 0.32126721582741136]"
16596,89.91938695416088,816823.9547664657,"[0.6238888971106799, 0.09537027073385027, 0.28074083215546985]"
16056,881.9852055990145,725343.6467152269,"[0.029885577788156845, 0.38070059548438423, 0.5894138267274589]"
9087,617.4280876887204,977071.8822008016,"[0.01741170092708012, 0.0902651292092935, 0.8923231698636264]"
18832,604.5000724432165,607394.753738575,"[0.44992317357253, 0.10861519319682059, 0.4414616332306494]"
28016,596.7171288984665,349372.39536549355,"[0.08157892098598445, 0.18040171745315253, 0.738019361560863]"
32580,167.18753294598255,758903.5118784938,"[0.21470743983199975, 0.024764348140237407, 0.7605282120277629]"
19456,891.5676206857138,701129.2094883228,"[0.7574907722759525, 0.19526528436579946, 0.04724394335824804]"
16999,556.9135379106236,288299.57363218383,"[0.3732795789449181, 0.5410775775485687, 0.08564284350651331]"
1064,380.6510998270954,271034.3890091301,"[0.7255381503814975, 0.16528870521566635, 0.10917314440283608]"
834,274.8767736607012,352637.2699100581,"[0.12896407289232134, 0.46063120687475184, 0.41040472023292685]"
23275,396.0539913661893,457435.07869907696,"[0.6726479600673045, 0.08419195983399012, 0.2431600800987053]"
7137,614.5509417773656,721035.9367326885,"[0.23929318387295062, 0.06888741892040862, 0.6918193972066409]"
42851,218.23005025090137,495506.3232956069,"[0.9199345704543261, 0.0728212618620038, 0.007244167683670112]"
1331,827.3101265777482,453693.407574105,"[0.27187171917888586, 0.33159619891648184, 0.3965320819046323]"
23276,944.3377777466644,865699.2415820156,"[0.3477603974108172, 0.5102255937717092, 0.14201400881747375]"
41419,839.4121735853954,910263.380869301,"[0.16152671375494176, 0.7410205046426157, 0.0974527816024425]"
21075,56.27127867801393,829228.3305574857,"[0.42542083030729627, 0.2362302188560116, 0.33834895083669214]"
12454,559.9555870138892,212575.50281343388,"[0.3153096079000529, 0.14291048419965782, 0.5417799079002893]"
22904,430.0718754892292,944445.7874244172,"[0.031173959557288772, 0.2058368540732218, 0.7629891863694893]"
32529,229.907430579934,711745.5956876227,"[0.5532038911960487, 0.36876058293624686, 0.07803552586770429]"
34884,841.711376889839,971871.77984814,"[0.38040965106237634, 0.41229953851292644, 0.20729081042469716]"
32287,39.13230298122039,116638.54686399858,"[0.6033713287287745, 0.28356473402930904, 0.11306393724191628]"
47881,68.67789806244582,772168.6550632485,"[0.6771050450848322, 0.12266425023644302, 0.20023070467872478]"
42052,647.1586548253204,947992.3883692118,"[0.5305034032729998, 0.1698027785113624, 0.2996938182156378]"
2127,176.31005607203787,806292.5950032098,"[0.0443281859927147, 0.7947260070695659, 0.16094580693771926]"
6258,664.0724557380337,343919.8585047566,"[0.3973792903424973, 0.5669823428697365, 0.03563836678776614]"
3783,462.82696852323664,313325.86072467605,"[0.28435256140978765, 0.18843984508669465, 0.5272075935035176]"
23757,439.923928404286,523429.33750275255,"[0.5203700001665158, 0.3663081730893113, 0.11332182674417274]"
38340,939.2156911402146,206677.16474438825,"[0.0947132718808097, 0.3390217333403555, 0.5662649947788349]"
37194,584.4609616213962,255911.20129731024,"[0.6416280612022361, 0.034788404071732656, 0.3235835347260312]"
47391,299.2709860808755,597913.717108843,"[0.3406160877044271, 0.1987136035604956, 0.4606703087350772]"
45204,516.8049777459803,978712.4748556216,"[0.1910665648387892, 0.732862306796147, 0.07607112836506384]"
2963,436.2899649727418,502304.9769268239,"[0.2305536680610233, 0.2487054162052229, 0.5207409157337538]"
13267,345.3643889503311,783055.6400387981,"[0.3175889098299735, 0.4851446564129915, 0.19726643375703495]"
39149,607.1647013167648,950549.719982672,"[0.5672277233698697, 0.10590378059606807, 0.3268684960340621]"
17782,109.83326262862012,123419.65295432456,"[0.12803272130802099, 0.8402873402315271, 0.03167993846045202]"
45132,861.8789629291184,781456.5292888691,"[0.10447851205689523, 0.25475043033617506, 0.6407710576069298]"
19493,69.49820038469697,542610.2585482985,"[0.18540470395542535, 0.04818555571093877, 0.7664097403336358]"
13862,267.12178524538905,896001.7095292718,"[0.29131801974399085, 0.3320871514857378, 0.37659482877027134]"
10310,883.0338788600412,573441.098523102,"[0.45327128562948127, 0.13502799426784767, 0.41170072010267106]"
1246,133.36647816098804,877670.1429046617,"[0.2912854292921641, 0.5703781812171763, 0.13833638949065957]"
19349,886.0297139444311,575020.9713893104,"[0.10289780816285878, 0.31712321788944337, 0.5799789739476979]"
37068,315.6042949427059,121144.15959706708,"[0.12524461155840325, 0.7939737974619052, 0.08078159097969148]"
29860,285.74888713068907,144423.95470022253,"[0.29448991630024113, 0.6763538156627023, 0.029156268037056624]"
13688,26.224325151287736,761815.2951862806,"[0.6385633698182434, 0.10038087748645198, 0.2610557526953048]"
21708,809.8514436036527,373515.46710075287,"[0.06135176168340972, 0.2986129403796354, 0.6400352979369548]"
29490,338.01451447132376,520272.52899503225,"[0.20400206018273254, 0.5847518669436801, 0.21124607287358727]"
26043,326.414813442356,521812.8419639313,"[0.4939081584519525, 0.3980591498975818, 0.10803269165046563]"
26579,167.83621364878124,582705.4370794152,"[0.13877964681519192, 0.7056136999423216, 0.1556066532424866]"
14146,687.6266475623117,886558.6213977045,"[0.39441683953949697, 0.17640282221963055, 0.4291803382408725]"
9692,278.62905806727923,366725.33534228,"[0.0901030107397173, 0.5245295086053395, 0.3853674806549431]"
4571,245.84979585821,144340.44788406475,"[0.48903318283595004, 0.35121172353119057, 0.15975509363285942]"
45734,604.5981471256704,481321.7894364922,"[0.383533031979577, 0.24983362076018165, 0.36663334726024127]"
16362,786.5717250617298,135361.9877710649,"[0.14236064655002845, 0.4366808848270897, 0.4209584686228818]"
48891,92.0208889162363,173343.16472316798,"[0.5759256498636791, 0.04544771834886096, 0.37862663178746]"
6144,528.9333378894971,793393.4418916069,"[0.021039182462896478, 0.05313547245294011, 0.9258253450841634]"
40761,321.29092541031565,582677.8211897165,"[0.596046300669802, 0.24352752969098174, 0.16042616963921624]"
34092,707.3018824408437,869187.0246745772,"[0.16559960274383734, 0.3293631777713464, 0.5050372194848164]"
37424,427.3147976557629,297952.9118675919,"[0.27818996773713917, 0.025355514398112206, 0.6964545178647485]"
29396,417.8689663099586,253804.40683862416,"[0.17905441463067015, 0.020145128596487438, 0.8008004567728424]"
3287,869.7811118968995,908942.5396261716,"[0.4509943844927736, 0.15636020906536205, 0.39264540644186424]"
36494,444.0793846291095,183430.12355275603,"[0.08483817607706987, 0.3917896703576744, 0.5233721535652557]"
22563,162.96877556300154,812506.7660975808,"[0.17696133426603747, 0.05187256867870138, 0.7711660970552613]"
28376,951.9905563283812,548901.0234545034,"[0.6927187572039596, 0.2141655928950496, 0.09311564990099098]"
49756,434.0566894116463,904966.281318761,"[0.157468657980745, 0.5433207332744028, 0.29921060874485217]"
24972,262.2042009319132,598031.5474995191,"[0.024524762852149988, 0.4617474130361107, 0.5137278241117393]"
22213,297.9106394947576,570904.777818099,"[0.592231221603639, 0.3500893893355744, 0.057679389060786714]"
38757,881.1343815864211,463051.0511538603,"[0.27934256402798585, 0.21125544875715346, 0.5094019872148607]"
21167,229.02948500358497,431521.4491290848,"[0.8467962222775501, 0.08000431719040128, 0.0731994605320485]"
7593,385.86344491949416,251995.38676707505,"[0.5615524991979698, 0.1725749981007001, 0.2658725027013301]"
15473,633.2794099597323,392099.54688046215,"[0.4019292163065277, 0.5498959702408374, 0.04817481345263515]"
34842,57.6191369386836,839751.1076595361,"[0.10507248223760679, 0.2451998065832351, 0.6497277111791581]"
24396,786.1858731656267,633687.2778976448,"[0.5975518286831172, 0.14696785224806302, 0.25548031906881985]"
47707,334.77193109630383,238147.33615994424,"[0.023317202773451392, 0.32992252804924177, 0.6467602691773069]"
30917,506.0203917390237,485178.9551832951,"[0.7330386015461847, 0.10693078582622047, 0.1600306126275949]"
32187,577.8864634967863,945809.0964720394,"[0.20147755285998675, 0.43821186341330215, 0.3603105837267111]"
37146,661.0832531112994,459459.14578798926,"[0.4115417745979101, 0.5052546188369168, 0.08320360656517316]"
18383,386.32897483097577,501066.21949461655,"[0.40797208898453946, 0.5584293803525495, 0.033598530662910985]"
26251,761.5870012728586,915774.5162275956,"[0.4033992252164861, 0.05805490652992016, 0.5385458682535939]"
30865,755.1480570036041,802387.3110918795,"[0.49791669588383103, 0.03185142693002984, 0.4702318771861393]"
16828,670.2336854116493,776413.0426314587,"[0.2541587315615217, 0.013250032785036935, 0.7325912356534414]"
13384,317.18811659050255,978377.1007156856,"[0.2915078615566765, 0.00795673917581757, 0.700535399267506]"
34897,370.36430373602576,594156.7633591713,"[0.2325774426600062, 0.2926803316859627, 0.47474222565403107]"
2397,566.6837199846686,432541.7328311914,"[0.7038510552336028, 0.0001594093734993495, 0.2959895353928978]"
10054,756.1596663811588,949151.5473093088,"[0.2231163073433388, 0.6301498692552396, 0.14673382340142158]"
37533,435.0307771073173,947225.4483873856,"[0.5478846708271307, 0.30011973449956786, 0.15199559467330157]"
9948,228.01722480472563,925837.8148192562,"[0.22077345546184277, 0.1594319140465032, 0.619794630491654]"
45423,803.2853373357365,890265.3998379222,"[0.4771373425030145, 0.4400108420299215, 0.08285181546706402]"
49472,218.23947490076628,563640.141758827,"[0.014549985726473265, 0.8497811369107086, 0.1356688773628181]"
30475,413.8625699689798,949592.4132032364,"[0.1599738184276633, 0.8035519151154487, 0.03647426645688793]"
9927,836.5720321794188,579965.6521013329,"[0.19983132441797555, 0.05155356108649211, 0.7486151144955323]"
45997,524.342006457558,613490.3391316528,"[0.03800890310321977, 0.6067469839670973, 0.35524411292968316]"
45428,213.8248039827836,145811.85764000006,"[0.49331842090666894, 0.2466115625189168, 0.2600700165744141]"
2336,973.3671894107594,725458.7657185663,"[0.42902353077769173, 0.2539573160741997, 0.31701915314810863]"
5108,742.4584104538347,936263.0216932584,"[0.033364029717751265, 0.3473875493262614, 0.6192484209559872]"
24729,229.30126732891128,369830.4289587206,"[0.1355096024244911, 0.7956416896248261, 0.06884870795068292]"
37464,251.56403497309748,592916.0632711237,"[0.2751080050314, 0.18456996748829188, 0.5403220274803081]"
42232,126.20298195740224,288553.9727640833,"[0.3522767104566028, 0.4505932480334888, 0.19713004150990823]"
13762,261.0187710353342,304664.2039169152,"[0.42343021374274364, 0.4995401289362731, 0.07702965732098327]"
29119,237.245918866378,240813.9545260965,"[0.6717515155061052, 0.2778676715338371, 0.05038081296005782]"
42014,431.34027174127726,139298.23183162147,"[0.2041138944156192, 0.6822398850232463, 0.11364622056113464]"
27206,322.26982146131684,448482.02739141305,"[0.02149768451770439, 0.3682986218922244, 0.6102036935900711]"
48981,449.029772697171,310771.7697228872,"[0.516966178626677, 0.2502767382622625, 0.23275708311106033]"
28566,320.3574954425682,434893.2684830768,"[0.39752730837593464, 0.03048022887698518, 0.5719924627470799]"
3785,296.9444108131931,252785.307641686,"[0.014796820833065874, 0.13213289922294427, 0.8530702799439899]"
33048,275.1829499054168,428397.54027442,"[0.5893236170754986, 0.31866696763454705, 0.09200941528995428]"
46826,728.9285937223385,841218.1624855368,"[0.04173667252793352, 0.12092839770574178, 0.8373349297663247]"
43138,697.7791110371612,775798.1719296762,"[0.24766682875159288, 0.33119441041850467, 0.4211387608299025]"
35961,569.7019111500969,713140.6104042005,"[0.8483299980286888, 0.04396281817709418, 0.10770718379421701]"
40624,768.0447745969907,767259.4776000681,"[0.4535281258537417, 0.227446208353585, 0.3190256657926732]"
15178,119.59784094293832,237880.34497664825,"[0.4768258433328357, 0.04217876022663355, 0.4809953964405308]"
49650,594.3775049248213,599333.9380294932,"[0.36390459752813004, 0.20134429344018875, 0.43475110903168124]"
36952,559.6572664010519,572446.2839669343,"[0.2200493411537375, 0.19256679421489784, 0.5873838646313646]"
31283,66.11776979861015,622394.5506331257,"[0.6642770488047007, 0.06754813677100074, 0.2681748144242985]"
28080,127.1545830934668,515561.4094143596,"[0.4925438613139079, 0.05553331076712162, 0.45192282791897037]"
41282,813.4470459474884,525925.2152874356,"[0.11416739969120754, 0.09468007680552486, 0.7911525235032676]"
4472,634.0169686457164,199123.15096883287,"[0.21067679586459392, 0.1463075581057926, 0.6430156460296135]"
44952,607.9758399138801,487693.5453765306,"[0.9275717808851347, 0.059656150552640196, 0.01277206856222511]"
44752,123.92798034649238,293727.6664306584,"[0.16938865030129832, 0.4582485602723952, 0.37236278942630635]"
3961,492.0143209356066,553179.1967892001,"[0.07381568605020904, 0.214112245824083, 0.7120720681257079]"
5763,898.5732196870879,904181.8430798774,"[0.1528796002186264, 0.17589753046532025, 0.6712228693160532]"
31467,962.644705887417,868758.6663234876,"[0.11289428238558999, 0.35980158578343974, 0.5273041318309702]"
49843,177.15731404045107,911733.669545274,"[0.20174669851378926, 0.6680824408196978, 0.13017086066651298]"
3351,930.3147866107024,847787.919147293,"[0.3950236121148998, 0.37088289784230644, 0.23409349004279362]"
5638,751.8297316614521,465232.5746641241,"[0.3760912601739893, 0.043775329764179874, 0.5801334100618307]"
12337,225.38672338196304,897515.4737059032,"[0.47494622614046916, 0.16244806078385915, 0.3626057130756717]"
43033,516.4851655577269,443034.56814905326,"[0.37191009385446394, 0.30181056402306466, 0.3262793421224714]"
14547,923.8979110339804,130258.12309998547,"[0.48507636560191847, 0.0262577086777931, 0.48866592572028855]"
32880,188.43900945420887,500838.8944968804,"[0.7874091223035511, 0.13262507355037836, 0.07996580414607049]"
27352,792.2800309540997,840769.4716413866,"[0.29746500223252365, 0.6425048157934801, 0.06003018197399635]"
43315,37.86079425762095,933373.96736007,"[0.7365989852984506, 0.2495589337916998, 0.013842080909849671]"
12202,725.9318956836782,928676.1319912836,"[0.2981524494082367, 0.31418921410621314, 0.38765833648555004]"
28869,885.9312510816973,398967.6713343026,"[0.004205361023348968, 0.34848036042720826, 0.6473142785494428]"
20806,296.0771772375715,154751.5071605677,"[0.10056356404549717, 0.5965908869166249, 0.3028455490378778]"
7835,717.5773563164946,566131.7076881473,"[0.005743083257488014, 0.705806646607496, 0.288450270135016]"
5522,594.9565062470376,403886.7911787725,"[0.10554299573500435, 0.23728323822412467, 0.6571737660408709]"
34561,779.2787606059804,696036.2917211563,"[0.34069038152566244, 0.07741353566976354, 0.5818960828045739]"
21321,230.9069022555664,799519.3725737816,"[0.7124553336956148, 0.03559860629024508, 0.2519460600141402]"
38991,19.42732523278825,940943.4840799893,"[0.4006785297422804, 0.3435195577366855, 0.25580191252103424]"
43219,59.23600280684551,297960.2662493861,"[0.2023740975017692, 0.625632979221685, 0.17199292327654578]"
35227,377.396822765448,700946.6659509379,"[0.04931443388088523, 0.4641978414946138, 0.4864877246245011]"
37844,591.3870342714804,811846.3043219261,"[0.14454687977725234, 0.7013875298059777, 0.1540655904167698]"
27488,21.096684515130327,461685.8795613052,"[0.5250426107165913, 0.17198246795783942, 0.30297492132556914]"
40361,94.75585389963356,965459.6766441052,"[0.08432788901198368, 0.05467642398782673, 0.8609956870001895]"
45033,882.5711998295673,843584.5225832319,"[0.04450342166639152, 0.7026589487378111, 0.25283762959579725]"
42957,674.2164006526245,289698.4236378221,"[0.19708057102650162, 0.25478286047033516, 0.5481365685031633]"
29801,672.295686586934,364337.31161121145,"[0.6932747519818412, 0.12161106599853888, 0.1851141820196199]"
19279,639.2482007147964,742258.5777302075,"[0.6390922989515668, 0.2806918806736392, 0.08021582037479394]"
40111,851.1290491187049,814895.0635077964,"[0.04007291523906538, 0.18257325849583886, 0.7773538262650957]"
21800,592.6447719884214,189927.2560154176,"[0.27138421229760307, 0.15333910561264694, 0.5752766820897501]"
5074,690.3683292426281,758614.338179018,"[0.16788155437352825, 0.43371713444367693, 0.3984013111827947]"
35097,381.5868332860113,911332.0081201012,"[0.4421981287851473, 0.5249440381633849, 0.0328578330514678]"
10815,904.6037061649928,456487.8331633575,"[0.7346954474607262, 0.057156689357829756, 0.20814786318144377]"
25345,872.7265792034137,228343.7108476822,"[0.14168442400497555, 0.5175523752245739, 0.3407632007704504]"
17256,543.2045628221007,628122.3348187933,"[0.294049735358545, 0.5667349221976051, 0.1392153424438498]"
16260,107.32823825204802,668864.5583146111,"[0.2867750450388516, 0.1109953703590079, 0.6022295846021405]"
33513,243.41622589820224,311427.3539088529,"[0.27758046668725994, 0.5210618436411131, 0.20135768967162704]"
852,31.633907703077337,370714.4526247492,"[0.02729421356851034, 0.08721799430036258, 0.8854877921311272]"
30602,312.30001454737845,104541.01285943748,"[0.5462319602789631, 0.21198314994375264, 0.24178488977728416]"
27093,595.3699882217834,986246.1141205494,"[0.20829697847565076, 0.7775626865976049, 0.014140334926744403]"
9346,15.578682289942948,628178.2771872061,"[0.11622208383773633, 0.7618647282204903, 0.1219131879417734]"
48322,461.825760468942,853376.8371343534,"[0.2224468154913216, 0.40442822201049333, 0.37312496249818505]"
32884,171.07000959925685,595628.936062961,"[0.2544902304422713, 0.4455014421966577, 0.30000832736107086]"
4840,579.3368972479064,200712.05669635363,"[0.13852408670316274, 0.7946718018617748, 0.06680411143506235]"
30017,363.4244803409166,247854.11027568657,"[0.3941339490102447, 0.2642938868236759, 0.34157216416607944]"
39083,289.48189688451026,759928.9420398468,"[0.16611715099653993, 0.2363403516221695, 0.5975424973812906]"
49672,711.9963900737503,741694.0267550629,"[0.02872224221003815, 0.6477141983830151, 0.3235635594069468]"
33802,20.523808038785354,607743.7712026581,"[0.648888747684247, 0.3209871132629293, 0.030124139052823865]"
20876,368.5274530661006,901212.4087855476,"[0.2905160446348696, 0.6594957441896702, 0.04998821117546029]"
34995,495.854117387494,497331.5092151828,"[0.15618892747257637, 0.6632665766436838, 0.18054449588373989]"
15361,883.1750964242342,275274.7324530296,"[0.6122979386226775, 0.33033083976637234, 0.05737122161095037]"
11219,322.6799030456897,645886.8064386223,"[0.06734748954044129, 0.63914677853812, 0.29350573192143886]"
28351,332.3395202390944,293911.07042631856,"[0.25103934353639384, 0.4810141666681528, 0.2679464897954534]"
47436,429.0936462715648,475811.0725595111,"[0.15543391618656074, 0.7056224454694032, 0.1389436383440361]"
44402,476.1617005339518,945459.3059434306,"[0.5068462382348835, 0.08547104932875009, 0.40768271243636645]"
29964,356.9973656113093,286380.98332072824,"[0.0153223137280304, 0.4890111891136142, 0.49566649715835553]"
47444,185.2097533003071,943453.8192121136,"[0.15960043368782986, 0.06847858494894825, 0.7719209813632218]"
4489,822.937600676965,228919.6793025641,"[0.1789953036822003, 0.18973355108453657, 0.6312711452332631]"
3870,521.2183982976245,625505.6966055237,"[0.06239753180859162, 0.4663734373995601, 0.47122903079184836]"
13421,49.20344213082288,331490.43065290886,"[0.4016698746910267, 0.11765507110050329, 0.48067505420846995]"
43661,444.75024442808166,480393.80992555554,"[0.19366643257654065, 0.006921495481159276, 0.7994120719423001]"
44180,845.217540542952,725522.5480084486,"[0.39258427444146143, 0.4623486027830186, 0.14506712277551997]"
8017,257.92686382666545,614071.376305664,"[0.09020251093790763, 0.6324325039324941, 0.2773649851295981]"
956,443.6342100874662,986140.6568402116,"[0.005871208688389207, 0.9804652032603194, 0.01366358805129132]"
34169,768.5477617561605,743091.4973833889,"[0.39384018564916806, 0.25759413081919785, 0.3485656835316341]"
5424,937.8209037154786,203960.18249485875,"[0.19129594221555604, 0.16231039659133253, 0.6463936611931114]"
9915,425.1207938538145,980537.7081076788,"[0.10910130186198407, 0.6030257613420881, 0.28787293679592785]"
47116,592.0830241762576,622876.0817581469,"[0.12797763315677052, 0.3752929035899074, 0.49672946325332196]"
37504,145.87962359860987,912440.4423745108,"[0.7790506328558677, 0.1984238052174359, 0.022525561926696476]"
45983,68.56492480811673,531461.223568188,"[0.03573992743424338, 0.33204597282758436, 0.6322140997381723]"
6363,510.6767087417357,114650.37825044332,"[0.13320022359663203, 0.30313837628852525, 0.5636614001148428]"
28743,594.6365195117877,603405.2689272508,"[0.08976550388615633, 0.6876559421862186, 0.22257855392762502]"
31200,696.003102116287,516366.4094552382,"[0.5008260393570848, 0.14798878167894236, 0.3511851789639728]"
35741,53.8113707360103,290152.4307842767,"[0.41118226157160565, 0.2590946234118653, 0.329723115016529]"
22592,875.4347304521928,438049.1330386404,"[0.4321493463107057, 0.17679946625133786, 0.3910511874379566]"
36287,130.0088569898716,555413.2961203738,"[0.013297843157231913, 0.26569226642533966, 0.7210098904174284]"
9315,291.3637355997668,541297.21155707,"[0.23755423095196257, 0.7464652117623984, 0.015980557285639]"
23265,608.5779464401932,192319.46181912723,"[0.02414642272997041, 0.16539940665213682, 0.8104541706178926]"
36536,751.7498373957162,318781.5363442886,"[0.28247842399537776, 0.011353866150054747, 0.7061677098545676]"
18201,263.83267806379047,346006.0489348429,"[0.670636406956509, 0.0761439326657532, 0.25321966037773785]"
45226,436.7983666615512,818061.7356222701,"[0.35861325913445097, 0.601892765897367, 0.03949397496818217]"
6674,313.4168447729346,617101.8804284204,"[0.09602270936119905, 0.18739126495808833, 0.7165860256807127]"
45739,315.71226830547505,779285.2657126223,"[0.17272258552092654, 0.12616669544644762, 0.7011107190326259]"
42544,667.137826562741,560275.4738620177,"[0.7157723325767457, 0.14018949140302614, 0.14403817602022811]"
2626,542.9253559390462,382090.5941182008,"[0.3939352874624353, 0.33606686042056366, 0.2699978521170009]"
16998,738.2876421548989,746459.0814205565,"[0.0836123345532673, 0.8685755086110868, 0.04781215683564592]"
26959,742.1673587375464,527958.1265242947,"[0.4100381369377544, 0.4018050861423537, 0.18815677691989185]"
32324,998.9661861875746,219027.9079090173,"[0.11461138541468927, 0.803903941516499, 0.08148467306881174]"
26231,246.0612412857125,347683.1520714946,"[0.48700678437481204, 0.29230198971834137, 0.22069122590684662]"
30890,455.4403016836982,509972.1628451048,"[0.27499848160640084, 0.0774138896809741, 0.647587628712625]"
11957,541.9764939153944,589246.3353603759,"[0.2133275696057599, 0.6275741093231652, 0.1590983210710749]"
25578,114.1649216676772,899270.5272431953,"[0.06403242582949432, 0.33948415116679703, 0.5964834230037086]"
39699,667.8624282530649,970757.0118401482,"[0.3317170407128426, 0.6174508511671554, 0.05083210812000209]"
36194,427.6266770238863,294998.72756397224,"[0.35688052473137377, 0.4370782609566738, 0.2060412143119524]"
4859,96.64956052727948,734374.7171948473,"[0.3661940456194831, 0.40178554617058926, 0.23202040820992764]"
40151,220.4368672303704,567395.8490948068,"[0.007457088920237799, 0.06922191175301304, 0.9233209993267493]"
26632,918.670087253434,164605.86839027406,"[0.23399297834369726, 0.5000780022838184, 0.2659290193724844]"
5099,272.0826080373045,711639.7319320269,"[0.5680692699929969, 0.1949138201805923, 0.23701690982641088]"
18758,793.5239462472114,914399.2862341828,"[0.4110762348118431, 0.21930541196540884, 0.36961835322274794]"
39990,505.1978334696985,622653.9941109356,"[0.09456387325051571, 0.3790968399020079, 0.5263392868474766]"
25175,305.48175249137176,501448.1173550087,"[0.32339230115329454, 0.4856911727349607, 0.19091652611174467]"
34231,773.393715777894,139796.35528207576,"[0.6395458099694616, 0.04053668088336494, 0.3199175091471735]"
34625,977.9293343638432,616375.8254631342,"[0.13604028666408202, 0.3022976549213739, 0.561662058414544]"
48243,840.7744405356508,433953.8894963337,"[0.20510478326375856, 0.46571454951679875, 0.32918066721944256]"
16859,697.2525549146973,320650.5727992443,"[0.6806346998287771, 0.18174785642799357, 0.13761744374322923]"
14198,218.79621913323092,751483.8538568115,"[0.1380344407000698, 0.41134513922506577, 0.4506204200748645]"
33349,980.806617585138,241878.8968322936,"[0.37586623918645046, 0.3652408871466571, 0.25889287366689256]"
10827,379.6740300104504,498991.9289223539,"[0.4136024389216475, 0.36848928992202595, 0.21790827115632658]"
1816,673.5544558804459,104265.41289278204,"[0.2362009111552242, 0.3623091883314392, 0.4014899005133365]"
49045,694.9649426731472,353274.43812774774,"[0.7516504534625025, 0.1643893763848491, 0.08396017015264848]"
43539,609.219733268178,834424.4534904214,"[0.6217503222305806, 0.27047942575478023, 0.1077702520146392]"
28479,310.61340511785266,430289.9501644046,"[0.01752325105851147, 0.7580279588231135, 0.224448790118375]"
18338,199.4539967111241,710818.9490996741,"[0.1330152066850015, 0.36090591118771786, 0.5060788821272806]"
17685,310.90810441250017,762690.8517457615,"[0.5768275354366179, 0.3365706689745496, 0.08660179558883248]"
20105,181.22176411679607,491329.4037496844,"[0.6547364502339511, 0.11672626665200095, 0.22853728311404797]"
5501,841.304075862568,250346.073647297,"[0.5075041842977072, 0.4918198679284591, 0.0006759477738337045]"
41091,490.8718425873994,873933.304091508,"[0.3086540814384461, 0.5372343002731583, 0.15411161828839567]"
36819,482.0802600179455,613855.5048425682,"[0.5770733453108469, 0.35787488463149864, 0.06505177005765439]"
21217,547.9730087976316,342074.78885487246,"[0.22443528860635992, 0.5208308163652867, 0.2547338950283535]"
48319,381.3706309045028,840347.2020629317,"[0.31972134595969987, 0.43343995522329726, 0.24683869881700282]"
20663,601.491182877284,693078.8220315089,"[0.5381058199212012, 0.07923525405721762, 0.3826589260215811]"
23144,231.6021338475693,327107.0139513412,"[0.3406646246743333, 0.3635929056442333, 0.2957424696814336]"
46851,184.78806927416497,586004.7332864731,"[0.4491662658429119, 0.2185669281694374, 0.33226680598765057]"
20712,598.4800385136399,102580.60551211397,"[0.2400301390528036, 0.7225574058898058, 0.03741245505739073]"
1503,733.2407425987437,669723.6423748777,"[0.5413860854732996, 0.1834984535296032, 0.27511546099709716]"
3747,781.6383048688933,243216.09290828195,"[0.008880721746718365, 0.7664262343718626, 0.22469304388141903]"
21459,51.01304231947754,152649.27765569394,"[0.5470959006540923, 0.39746605529081264, 0.05543804405509508]"
17030,528.8784920408506,655671.193399374,"[0.01797338415498853, 0.7167503739572857, 0.2652762418877258]"
45277,836.8895543032376,654743.0779528476,"[0.39282212705751335, 0.11182311890897371, 0.4953547540335131]"
29163,752.2128296938172,848263.8932720306,"[0.8015313716680917, 0.19151516778478997, 0.00695346054711835]"
45651,308.11216454161746,457112.1445308482,"[0.07411059152199484, 0.16291171782774846, 0.7629776906502567]"
33493,678.5173645296179,356685.00668140006,"[0.13351213984526492, 0.5997842665896519, 0.2667035935650833]"
29122,331.13983202337045,540067.3212197749,"[0.3740523489942685, 0.17201724059908705, 0.4539304104066444]"
23439,959.525244529682,897114.673545915,"[0.21298873444533342, 0.09260588051690559, 0.694405385037761]"
18152,371.47059650691074,552920.1337337333,"[0.5976285898891479, 0.052752974574198724, 0.34961843553665334]"
30403,59.73049512414055,531474.0707201827,"[0.5050668805716514, 0.3074829123041211, 0.18745020712422747]"
29626,585.7522402920051,618262.1159285508,"[0.030685369861127475, 0.574466738978813, 0.3948478911600596]"
45559,446.42703756246414,433214.0250551456,"[0.31776353205753105, 0.030950467643275515, 0.6512860002991933]"
1896,302.9693620734761,606777.7917728613,"[0.14003576014917826, 0.49425942118136085, 0.3657048186694609]"
3814,981.2032480466956,700122.8923111036,"[0.07836496891890307, 0.17832159479067852, 0.7433134362904184]"
27944,903.718237204382,545607.4779640443,"[0.0409795357435029, 0.8005142400175936, 0.15850622423890337]"
32235,577.9324810049656,196440.21358643245,"[0.17675803981807228, 0.26835984688679954, 0.5548821132951283]"
43072,58.04215450009822,364400.9231447051,"[0.2357486566630768, 0.4340081493680194, 0.33024319396890384]"
28272,31.529651824507084,974785.1802292424,"[0.15844272942429383, 0.3305739370920856, 0.5109833334836205]"
7728,200.34895699575608,291526.3482045806,"[0.3443044948188199, 0.08140244534035672, 0.5742930598408232]"
17769,158.6820400945745,683092.576999798,"[0.06802783652955133, 0.7799104162829262, 0.1520617471875223]"
11294,89.85138432772621,240233.58217860915,"[0.396786224083458, 0.0903271890645754, 0.5128865868519668]"
13917,467.1179123123756,196973.93067366103,"[0.16730970323662903, 0.42820371933482626, 0.40448657742854477]"
25043,777.7770617519222,193791.8781473093,"[0.1456964610394146, 0.4685530646267561, 0.38575047433382925]"
23835,381.49278753083706,399619.4384413884,"[0.11335748595224074, 0.7252003381140132, 0.1614421759337461]"
22529,650.2197464416909,808668.8825408805,"[0.0629534014334047, 0.11080785498266144, 0.8262387435839338]"
31205,207.610803623416,484111.6877198839,"[0.3332962103004222, 0.23032719866561904, 0.43637659103395854]"
29046,701.6494420768199,330989.23566703417,"[0.08909023163336333, 0.6859276754248058, 0.22498209294183075]"
47442,747.3754069431764,586787.8221459838,"[0.27121381231576736, 0.6564829653123567, 0.07230322237187586]"
26123,634.7304068454263,169785.80363927386,"[0.2930871696828907, 0.08615241892727361, 0.6207604113898356]"
9183,603.3916097257309,113277.2316437922,"[0.5727907488390552, 0.29290058195338275, 0.13430866920756207]"
23211,33.22885322114679,181059.3565840421,"[0.2857928104116968, 0.16874768052281902, 0.5454595090654843]"
39775,547.3581009404181,254651.2728541016,"[0.6950351297320583, 0.1702411561120627, 0.13472371415587908]"
6274,416.5804628380321,210811.47049396,"[0.07412866743241991, 0.5324888945363466, 0.3933824380312334]"
10431,855.3458346946886,785206.8505932265,"[0.5449170545376111, 0.08532016214304552, 0.36976278331934337]"
42622,835.2000752365589,808729.8328455095,"[0.6077134508546415, 0.18607827485583717, 0.20620827428952151]"
39200,102.32045858032028,678899.1846089269,"[0.14404458495706074, 0.28824429184416284, 0.5677111231987764]"
8155,990.7829359580438,257254.52533176512,"[0.08793222489941588, 0.4538371520239985, 0.45823062307658563]"
24275,614.9633874117585,324567.6334138431,"[0.8591598683103971, 0.022202104539891902, 0.11863802714971095]"
32045,96.05040323024832,285274.5337737736,"[0.3812022015196017, 0.44527392744124583, 0.17352387103915246]"
32704,381.4159609958614,373362.4101009296,"[0.7025995639548445, 0.016557204642736002, 0.28084323140241946]"
17570,996.749247616711,608344.3517194968,"[0.09685932635729244, 0.49464226839938863, 0.408498405243319]"
7631,904.6596600694068,921527.5186269308,"[0.6104632245518156, 0.04298203717707616, 0.3465547382711083]"
38520,363.27851950025394,473374.73983089,"[0.1809598910008929, 0.1551967690955906, 0.6638433399035166]"
31178,827.4295650806741,762367.0801758516,"[0.06338451001857705, 0.37928687907784814, 0.5573286109035748]"
44129,351.60630077772106,680743.5263840567,"[0.4504966843961906, 0.2235925661965166, 0.32591074940729287]"
23309,160.53789721739105,277495.90356744337,"[0.5674109260244213, 0.024118413188750795, 0.40847066078682787]"
18653,426.6684317886794,338253.7697672672,"[0.3560296814953181, 0.3677793239052014, 0.27619099459948065]"
47068,405.6696166742637,898556.7061266241,"[0.2696637086330631, 0.6844781943674543, 0.04585809699948258]"
12399,67.81460732161486,377741.1753528388,"[0.13767641457793975, 0.4102579245180403, 0.4520656609040199]"
40345,585.4542986726036,277011.6577529024,"[0.4058333490806183, 0.36535117879203466, 0.22881547212734693]"
32241,275.2193162060668,362864.4991572588,"[0.14785267103331542, 0.655905000680003, 0.1962423282866816]"
505,476.1625032652971,460258.8022516234,"[0.5537105038708727, 0.36884548932718525, 0.07744400680194205]"
24371,725.8707634202059,233608.3234755672,"[0.08244565957943462, 0.5966579282542471, 0.3208964121663182]"
27003,287.6296069637721,590689.7983435411,"[0.019399128284310868, 0.251115974896201, 0.7294848968194881]"
3374,661.5955118836952,209244.6683717446,"[0.5788191063532129, 0.16408558282652505, 0.25709531082026205]"
35088,182.2802093290248,606178.7815489768,"[0.11294679895211143, 0.1414601738918952, 0.7455930271559934]"
28307,353.75571829309285,559788.9964803243,"[0.8734620935558178, 0.046409114066434866, 0.08012879237774727]"
34023,137.64816076848297,983315.009037566,"[0.3766973498870918, 0.3256893091239278, 0.29761334098898046]"
42558,635.4846737756118,184940.91136054444,"[0.23847176942850168, 0.6448799357230943, 0.11664829484840392]"
38389,877.9215610187957,338104.1321534114,"[0.5218189812661996, 0.3857635258133359, 0.09241749292046435]"
33252,94.95338119254428,123836.36895556108,"[0.15495592844410136, 0.6081520970308842, 0.23689197452501443]"
12923,319.0427703094685,490278.332903106,"[0.3682441025377188, 0.3683253346932225, 0.2634305627690587]"
11352,800.4862523305223,766661.4151591789,"[0.5387417917587984, 0.28330622461015004, 0.17795198363105158]"
40853,118.08670556739904,941392.683681134,"[0.2719022012536253, 0.4573085859967463, 0.2707892127496285]"
48185,826.1488848138947,402310.4292194059,"[0.22931311794190076, 0.7128592061758299, 0.05782767588226943]"
29788,680.4861197112377,940274.5640393412,"[0.37574991517304335, 0.02077486953324595, 0.6034752152937106]"
18032,909.6521805234026,605712.7156875471,"[0.11376499581624669, 0.8524964678204817, 0.03373853636327175]"
34028,253.89016970135003,754578.2942349783,"[0.07168698685864053, 0.7263106535059618, 0.20200235963539762]"
44045,826.4213503981563,262976.8359612007,"[0.16184891679897573, 0.050013911913885885, 0.7881371712871386]"
6030,708.8408859288204,964213.179046088,"[0.7644866913776098, 0.18967080498092076, 0.0458425036414695]"
44104,878.1388178214405,362721.08873700106,"[0.5791349285128992, 0.2291999953184272, 0.19166507616867365]"
20774,152.2822502835395,321683.95826276287,"[0.31023620605060176, 0.6784802885969337, 0.011283505352464678]"
33526,848.170068712517,452624.6614763712,"[0.2992945297849272, 0.6352705926887968, 0.06543487752627593]"
106,178.16392124057944,923656.837448888,"[0.542356179125518, 0.2815887983703766, 0.1760550225041053]"
44939,588.8741471660102,460277.6519176585,"[0.6450096897849934, 0.3125393222389318, 0.04245098797607485]"
36510,438.538163461466,572943.381277248,"[0.14497117908760696, 0.37069065498870774, 0.4843381659236854]"
5169,573.215473321121,430906.1021503647,"[0.2442481779857476, 0.5528195598572202, 0.2029322621570323]"
32875,197.1638907484193,403078.8201746531,"[0.825306013191667, 0.06575090749615331, 0.10894307931217952]"
2061,18.63556247781649,740874.3463602021,"[0.05955409639223363, 0.12923626197914698, 0.8112096416286193]"
41754,597.0385090738904,445831.6721706151,"[0.6484144869285732, 0.07496792137711493, 0.2766175916943118]"
17779,882.2833979418335,361585.4296433644,"[0.28849847901099196, 0.7035213579808296, 0.007980163008178503]"
14860,956.8811703109924,416603.3343893484,"[0.4710747926568921, 0.4514223185604027, 0.07750288878270521]"
13221,995.9593536529612,481590.9562275047,"[0.6654132353422993, 0.14179495477208873, 0.19279180988561195]"
1156,494.0276674832628,198238.75004506635,"[0.11734214881598735, 0.5501148588562194, 0.33254299232779316]"
42581,432.097721543212,537071.8530923532,"[0.33688599574070727, 0.10323672384153997, 0.5598772804177529]"
1648,164.2886129340374,944411.5735801624,"[0.00636240703471982, 0.011141918259680647, 0.9824956747055995]"
3255,790.4111952866017,689316.1900682264,"[0.03280532885434713, 0.4535607832824766, 0.5136338878631763]"
42273,557.0129630992049,856148.078105608,"[0.10165869524623579, 0.41768797911910815, 0.48065332563465596]"
4007,363.3235434126341,838760.3742256985,"[0.2760874849263291, 0.604524762680408, 0.11938775239326278]"
1374,193.9533639870224,260293.03293074417,"[0.21297781745213337, 0.6291492069199925, 0.1578729756278741]"
21999,564.2408106736625,946366.9550690226,"[0.14620222510539474, 0.779203452871508, 0.07459432202309715]"
43954,210.7669646587317,639843.0343119559,"[0.11759459457721216, 0.7710478531053093, 0.11135755231747851]"
44314,461.2766751787783,939119.9347403388,"[0.22776474315022124, 0.06037416733345106, 0.7118610895163275]"
7445,813.4647876836311,317933.3015175741,"[0.3298064905830076, 0.10811554476634189, 0.5620779646506505]"
31875,389.6650921567352,584677.9883633582,"[0.21739672551535483, 0.5576116939204666, 0.22499158056417848]"
12252,133.0044416121176,925325.9976766414,"[0.3353741736711214, 0.6408741191399756, 0.023751707188903036]"
25612,420.68728550760056,418472.6845493078,"[0.04634107598781293, 0.8718154220231202, 0.08184350198906677]"
40962,695.3041399993117,329221.362377184,"[0.528006216864686, 0.17866456954285964, 0.29332921359245456]"
35149,285.1631213566659,793740.0448020608,"[0.19440300288439571, 0.5924435357299227, 0.21315346138568156]"
19571,731.6107550888413,803982.419719163,"[0.36101408609976465, 0.5720646325321914, 0.06692128136804398]"
21298,892.2276001262373,856628.0740166534,"[0.3032156620909684, 0.3353094635109516, 0.36147487439808007]"
19438,249.1156698012343,210513.2181216563,"[0.0027191221150761175, 0.9499889328957158, 0.047291944989207885]"
27957,195.1351300219532,686174.5595444795,"[0.2658838777030721, 0.1336242402741942, 0.6004918820227336]"
8455,84.8805603003993,224465.2685888045,"[0.09352155468213401, 0.49532943076636454, 0.41114901455150143]"
1742,796.1269578859213,626645.364809901,"[0.49956005684114535, 0.14917319280020788, 0.3512667503586468]"
18553,601.9788663346884,427642.858481457,"[0.02966288490616578, 0.8792418160999756, 0.09109529899385857]"
439,929.8013492750736,723048.5999399184,"[0.5111607291767483, 0.4830711689663112, 0.0057681018569405345]"
20848,968.6087607632628,751300.708689794,"[0.05626242271977918, 0.4610549163490491, 0.48268266093117174]"
30236,657.8568641305678,825173.2795294316,"[0.0968816286371081, 0.7729905893595859, 0.13012778200330602]"
45964,122.79481977398363,869747.611522279,"[0.5858915529627886, 0.05961828073452338, 0.3544901663026881]"
36013,876.3822699810639,323254.8768738273,"[0.16845989197642752, 0.30605336585638576, 0.5254867421671866]"
32660,630.3925797248746,103803.97839810728,"[0.14486272933118755, 0.6899867895211518, 0.16515048114766065]"
33737,412.9258980919273,513407.7613293229,"[0.05038369122692347, 0.6510457057110149, 0.2985706030620617]"
27633,858.5574310699066,575481.1414094993,"[0.5058366194565593, 0.1125598208900351, 0.38160355965340576]"
32064,130.425075315236,984280.0075922702,"[0.19073919951050447, 0.6739207868472372, 0.13534001364225817]"
7735,871.275386541312,255578.02357051987,"[0.2390632483816417, 0.23058086640635939, 0.5303558852119991]"
14602,541.5833970214671,112450.50844150042,"[0.7327433621875854, 0.09443716372466174, 0.17281947408775292]"
18556,774.922003047439,440863.937920604,"[0.443814953147151, 0.29216197503283275, 0.2640230718200163]"
19028,218.49834488535816,285758.6117290909,"[0.5595299402824419, 0.4328561931015359, 0.007613866616022295]"
47914,734.7905760529472,582895.914902893,"[0.30576037629565034, 0.2950086579022322, 0.3992309658021176]"
37925,988.8278901251252,960116.789209386,"[0.5913460942879426, 0.16426106874603383, 0.24439283696602357]"
39374,996.4353445188352,158050.40497186515,"[0.5948973916833723, 0.313908011556824, 0.09119459675980356]"
49594,347.897778742616,152594.00149012794,"[0.3973907935698171, 0.31716637810391457, 0.2854428283262682]"
4012,96.75924454354814,849610.7635383987,"[0.22801261613454815, 0.012730411039401179, 0.7592569728260505]"
23032,944.0972753761178,941022.8123679088,"[0.49689673275679136, 0.15874334122672945, 0.3443599260164792]"
24118,222.7997415359216,279140.08299509913,"[0.07036812234511963, 0.47220295227953274, 0.45742892537534763]"
14176,689.9533086133248,125348.22089929736,"[0.5432507975060741, 0.17557531977064053, 0.2811738827232854]"
43098,621.6418853409965,751662.0448546382,"[0.32184474178282363, 0.19771621466806116, 0.4804390435491152]"
24793,231.216643004054,465832.20136998274,"[0.09926187565664468, 0.8764265635563666, 0.024311560786988616]"
5726,636.5077159716787,405806.1467290181,"[0.39255792463266354, 0.061218149737121086, 0.5462239256302154]"
21535,259.94688705014653,269538.96192488214,"[0.5645154044608964, 0.26754910812305943, 0.16793548741604408]"
31870,913.67283093485,798218.9304496105,"[0.27692546675401053, 0.21498888998168317, 0.5080856432643063]"
30071,47.064370263052766,240120.57311149983,"[0.056063975681429234, 0.5781193581216143, 0.3658166661969566]"
10488,60.5008853426957,275197.8343697601,"[0.3105486304043768, 0.6779662360497796, 0.011485133545843634]"
19168,186.8151959617689,788145.7597568791,"[0.767321699637035, 0.027005319499258412, 0.2056729808637065]"
33714,520.3790501350958,308859.38722216105,"[0.10724757689387594, 0.6796517825836661, 0.213100640522458]"
22827,408.7277784987352,349687.3570549567,"[0.4363413147762325, 0.42718637508872814, 0.13647231013503944]"
35158,261.0358178620946,979969.721125082,"[0.3385066461622974, 0.22964891353414932, 0.43184444030355323]"
41357,160.339236723078,306359.3762749199,"[0.0495556163882424, 0.3794325165498694, 0.5710118670618881]"
17869,842.6183947506432,403173.1730127563,"[0.03959423499753145, 0.9521760742672694, 0.008229690735199333]"
20330,841.5041555527781,780351.4358587085,"[0.014620191473979766, 0.8121605340171811, 0.17321927450883917]"
43572,179.39226883534462,806024.2778492362,"[0.3273254965358464, 0.18575127377880424, 0.4869232296853493]"
20857,105.7333971037613,667202.0051410547,"[0.15234685964478217, 0.49260100012608776, 0.3550521402291302]"
26963,822.6181853987381,173088.94750230783,"[0.14260727018804725, 0.26856792005877683, 0.588824809753176]"
25253,299.4025247253168,558578.0502409725,"[0.33409578477206947, 0.05045714521286687, 0.6154470700150637]"
601,844.5368260094491,747548.0162398888,"[0.11295500598462303, 0.3955864600888222, 0.4914585339265548]"
23153,500.4388310654494,882827.7111472246,"[0.8710343927825097, 0.04231929510405499, 0.08664631211343529]"
18254,748.0253187060126,107794.98621926764,"[0.005392327964517568, 0.11971257259237758, 0.8748950994431047]"
2893,601.8289318856068,740165.7429513094,"[0.3247404544146288, 0.6745688995502047, 0.0006906460351664716]"
35252,734.6513176967409,453053.0305398437,"[0.7406982892751177, 0.11211909128314111, 0.14718261944174102]"
35323,280.86451190286743,656443.4389694862,"[0.5496050731060654, 0.20341502413286291, 0.24697990276107165]"
23132,224.50928435278504,845940.9306684033,"[0.14588353172478016, 0.45136002353606175, 0.4027564447391579]"
18734,80.87517520487458,635267.6574099567,"[0.18652339915970867, 0.01801915702938933, 0.7954574438109019]"
46816,275.05275829232573,382547.654546117,"[0.13845044816117794, 0.47972027274987705, 0.3818292790889451]"
26997,838.9167400309962,856268.4353325978,"[0.45789289150505785, 0.23068189725957977, 0.3114252112353623]"
29245,960.9395210154682,584424.5781448619,"[0.2225255666916899, 0.5374771717986928, 0.23999726150961723]"
47363,617.8973833424525,429371.8668402091,"[0.20479276714216263, 0.3817087687152104, 0.41349846414262703]"
30826,523.2796561720025,206832.85624444133,"[0.5566791635724017, 0.09162832058643233, 0.35169251584116584]"
8647,808.1509501444618,194180.79715518007,"[0.18866439964954984, 0.39126215798792713, 0.420073442362523]"
13732,681.9164868493913,867930.4596641976,"[0.09915500784587061, 0.5910572544374678, 0.3097877377166615]"
18678,916.9726853632076,470160.2202159292,"[0.09083180335851768, 0.8998827268259455, 0.009285469815536754]"
31619,519.1670705788051,803146.5508118607,"[0.21136407783293382, 0.26764192704483714, 0.5209939951222291]"
10143,611.3974806857991,350099.3760534976,"[0.24022271829251174, 0.30556238549622633, 0.4542148962112618]"
16605,933.1952943822422,985958.6352916964,"[0.12542045012769867, 0.3777493189633479, 0.4968302309089534]"
28717,108.0080819346852,280209.08886078146,"[0.11433336527687961, 0.1009745942675606, 0.7846920404555597]"
35823,485.5247450498696,225399.6622340984,"[0.08463812261396121, 0.2382860670302189, 0.67707581035582]"
31013,414.5202470863146,644855.6257084984,"[0.006601070094751778, 0.6094846049495224, 0.3839143249557258]"
905,836.0790945568077,969844.3221587032,"[0.1326779535588521, 0.22607267833590863, 0.6412493681052391]"
32715,704.3338237934084,608634.418176567,"[0.08712119612479895, 0.885817557851733, 0.027061246023468086]"
35450,575.5442303473612,968055.5725700046,"[0.5205906999964858, 0.16296652679045986, 0.31644277321305436]"
27201,965.0188773147128,403515.7368898108,"[0.30025267554829815, 0.6384998638681015, 0.06124746058360025]"
8330,144.96770348731653,724099.2528015401,"[0.7553162877005193, 0.09242250221520915, 0.1522612100842715]"
49938,493.730164369466,197028.73704770053,"[0.4589608466497063, 0.23864978675613702, 0.3023893665941566]"
31860,374.6417881011449,182183.10269871776,"[0.13200642328256745, 0.5582263106753523, 0.30976726604208027]"
3863,693.7279576695951,612365.71717182,"[0.5860287293701744, 0.06881394371128274, 0.34515732691854295]"
40946,220.3859713532437,520241.296735708,"[0.02244161685617624, 0.8728468598931219, 0.10471152325070181]"
30118,304.82612804935974,666311.9687182761,"[0.016196995488608836, 0.49785415738410577, 0.4859488471272854]"
32054,183.04064465204172,288779.52246564825,"[0.24118743571701196, 0.3398177435783373, 0.4189948207046508]"
21480,985.000222591848,899729.5014359779,"[0.2842547427104858, 0.022522529418241018, 0.6932227278712731]"
3331,222.4793321279856,123667.6448432218,"[0.25319651220065786, 0.15472423178579614, 0.592079256013546]"
9209,199.53425344799743,103406.18026552054,"[0.6848748699951812, 0.12611456385004308, 0.18901056615477577]"
13159,752.9161833619305,653178.6744825889,"[0.6155642565492014, 0.2491283382752227, 0.135307405175576]"
34041,639.8597201147569,172160.9248042416,"[0.15623441920228082, 0.7960055870961384, 0.04775999370158079]"
41596,391.67468033423074,108054.95862471811,"[0.25795259305510776, 0.6408117175525566, 0.10123568939233574]"
6292,432.54908604358536,447244.8510399343,"[0.19955564685253144, 0.7241487724064645, 0.07629558074100416]"
43014,906.2045837712932,357853.7621386345,"[0.23310280695605645, 0.17367060464027503, 0.5932265884036686]"
8174,33.05079754673373,678761.1832172008,"[0.15524926571796355, 0.25071253497584167, 0.5940381993061947]"
23659,665.5938612726651,494336.9831013073,"[0.5461424499665766, 0.07693149389110268, 0.3769260561423207]"
14500,807.773048121619,772186.0688031852,"[0.6900850475078405, 0.16685582529557938, 0.14305912719658012]"
10415,970.3649579180492,625513.257905658,"[0.3666245167835631, 0.03293373456972305, 0.6004417486467138]"
12378,994.8540109678868,828432.0098880624,"[0.24114624308476265, 0.6757986888767038, 0.08305506803853349]"
422,25.226244707098992,964272.2997483064,"[0.2339217285855706, 0.22933818339796555, 0.5367400880164639]"
19995,946.0447055022616,285602.02885278175,"[0.44875816998983176, 0.10088479469347143, 0.4503570353166969]"
33957,611.5594612294312,656393.8004973503,"[0.0776610868577857, 0.7163363972311076, 0.20600251591110674]"
23231,399.7882017755975,791426.2108209099,"[0.2526650155337132, 0.6291609392023308, 0.11817404526395607]"
41794,136.96008767884848,607123.1418254629,"[0.41548418762172434, 0.14380504793830923, 0.4407107644399664]"
41509,713.789538737061,676973.6132868851,"[0.6594474595587277, 0.1998657378709223, 0.14068680257034982]"
36293,831.5721564378881,882507.4580637407,"[0.21105675701401688, 0.6115019206627349, 0.17744132232324825]"
1716,604.7361892664682,279272.7505819039,"[0.5306133438607533, 0.3805576303913675, 0.08882902574787935]"
39138,854.5080400433123,981372.9783564184,"[0.656479139082148, 0.10992093638519163, 0.23359992453266032]"
33269,273.53782265706326,595128.706106491,"[0.9883480591975482, 0.009232762835542628, 0.0024191779669090717]"
2538,495.5476721264133,916370.9296172836,"[0.00047854966734766887, 0.2525534062460214, 0.7469680440866309]"
32124,542.9304060076079,499274.6294388356,"[0.20917888857693717, 0.42734452899881475, 0.36347658242424813]"
3845,180.9834973419244,645397.8248742362,"[0.38958237172817384, 0.4465301420097742, 0.16388748626205193]"
43561,116.48174075559815,746585.8840159999,"[0.8567631227655756, 0.022740933387234385, 0.12049594384719009]"
45866,453.3073813142026,370861.8461305403,"[0.28122135977752016, 0.26819601802437676, 0.4505826221981031]"
27111,98.31525081428666,674609.421814408,"[0.31759568206798483, 0.46405916802082803, 0.21834514991118711]"
46282,726.8001024701733,735946.1888707989,"[0.5589868148597795, 0.33963841536943346, 0.10137476977078712]"
21192,926.4897364452322,699699.660813616,"[0.014786153132170937, 0.11851327017466814, 0.8667005766931609]"
6423,511.9717064628292,614563.6179683115,"[0.140789300029733, 0.39900866370130395, 0.4602020362689631]"
22860,535.4576310567832,182685.59092023887,"[0.17525593306013088, 0.32725062708480174, 0.4974934398550675]"
18525,104.27490108033092,743327.4400978667,"[0.3150050186159844, 0.38708097082928544, 0.2979140105547301]"
20822,159.5201637034939,650971.4781803458,"[0.14104808171757705, 0.6699807843065623, 0.18897113397586057]"
9195,405.0680027740747,951131.0161582788,"[0.12375258101610034, 0.766624381665185, 0.10962303731871474]"
20507,561.0309833979404,836943.6556545907,"[0.24304217566584357, 0.6747070041767883, 0.08225082015736823]"
48773,773.8167968085124,353864.7526008241,"[0.8298878372211898, 0.1533798635235085, 0.016732299255301904]"
42879,477.4476170552724,671398.3023097006,"[0.07346669567632173, 0.614083111458771, 0.3124501928649073]"
26154,224.4747740862288,590201.5858246919,"[0.4841390108044897, 0.5101992381180235, 0.005661751077487039]"
21089,626.4059766976195,100201.30455196455,"[0.5196087627350425, 0.203042786022201, 0.2773484512427565]"
2346,498.57527626872894,253170.85998327195,"[0.05859354395277338, 0.16363081954565428, 0.7777756365015724]"
43165,356.03797442097823,701841.0406980831,"[0.3997555677438259, 0.284580206871825, 0.31566422538434924]"
21954,51.32508513897355,695870.1787560022,"[0.07681156397655164, 0.16978281466996514, 0.7534056213534832]"
44127,404.2291526920849,434222.855700977,"[0.6680073209290841, 0.2171361125055428, 0.11485656656537317]"
5352,258.95740028907045,105890.19143302894,"[0.3933045702164051, 0.21007131284847205, 0.3966241169351229]"
47674,446.7175158222483,511193.054069505,"[0.02236466867341867, 0.3823299346013894, 0.5953053967251918]"
13280,811.241960448548,767609.6488740554,"[0.1699131161623458, 0.171233402032598, 0.6588534818050562]"
43162,817.7276721641488,889169.5113740765,"[0.6662398861767219, 0.19921064247036038, 0.13454947135291778]"
16948,845.2486825401187,599767.6146140606,"[0.30165408532079363, 0.1962113020201207, 0.5021346126590855]"
36031,299.49968038462833,588702.8140010787,"[0.36898631431541873, 0.5575089122731123, 0.07350477341146888]"
27172,235.24975416969409,796236.2198138733,"[0.30718096035403225, 0.2392930673174388, 0.453525972328529]"
28286,450.6436859398112,235735.92178824852,"[0.3129937265342222, 0.2641306026946941, 0.42287567077108357]"
7672,934.1527775474264,688231.2993294417,"[0.08172543200077932, 0.28217305722885677, 0.6361015107703638]"
42386,453.3263384103295,812546.4348111547,"[0.8787539265656903, 0.07854009496393495, 0.04270597847037468]"
27961,866.7720002621547,237203.7642027882,"[0.44617585433791856, 0.3838132950280549, 0.17001085063402652]"
14080,471.20479811404107,107394.06472807749,"[0.48189218234986814, 0.35097701689374217, 0.16713080075638972]"
40274,154.5833597396155,347692.4346241999,"[0.5077229682879975, 0.478901849702816, 0.013375182009186535]"
14069,377.5732154623232,333453.1396825699,"[0.31888292369391813, 0.6231212988301046, 0.057995777475977325]"
11559,108.96379917901152,346172.1782130985,"[0.4977728238331533, 0.11713362264161832, 0.3850935535252283]"
2019,666.0206628765967,660628.8581211951,"[0.5357609241913238, 0.2569870488755015, 0.2072520269331748]"
40204,475.1817773849511,556698.5255467843,"[0.021693327485523106, 0.17367498258484995, 0.804631689929627]"
47076,148.1198006739637,504012.675728773,"[0.11847959371078945, 0.12263663381081856, 0.7588837724783921]"
37132,143.62769821783348,750742.5619786675,"[0.15198451606940946, 0.7408145734188905, 0.10720091051169998]"
36815,442.96261268103297,267508.9702552256,"[0.17809186974095478, 0.6495113458487366, 0.1723967844103086]"
29660,901.1845383163708,184592.5073479476,"[0.2324413175272843, 0.42171006046613496, 0.34584862200658073]"
43799,153.97963210157332,650036.7126116437,"[0.09142985981535533, 0.17877832321907172, 0.7297918169655729]"
20762,341.1369451568954,818684.8624966429,"[0.09730242776989852, 0.2892818366159874, 0.6134157356141141]"
22149,449.05337179938687,269541.8060329343,"[0.6764315299957796, 0.3212131618071822, 0.002355308197038124]"
1237,643.7839098464372,427525.95751693513,"[0.04653580101573341, 0.838168887942397, 0.11529531104186981]"
37050,440.2407709683848,362253.0132480695,"[0.5109008180678763, 0.1492124516397293, 0.3398867302923943]"
8248,962.1657726664744,697868.2939904439,"[0.12964814499503896, 0.4644308459562272, 0.40592100904873385]"
22373,678.6051026777676,906652.3203870323,"[0.7524677480915993, 0.15139194722340482, 0.09614030468499582]"
35295,594.4843462272416,647032.2707749432,"[0.30100774909835215, 0.15212845437344297, 0.5468637965282047]"
16019,501.66184550376886,251857.36301258724,"[0.20330399679136635, 0.7070020031582144, 0.08969400005041932]"
19189,88.25610628369236,636066.0151363079,"[0.3912588235126954, 0.24595880401347608, 0.36278237247382844]"
3944,837.3035534002057,864323.5663364996,"[0.39438784762347323, 0.2878725227802752, 0.31773962959625157]"
38887,661.8054058181079,311936.8541646148,"[0.5746457784767566, 0.13235314145479996, 0.2930010800684436]"
4476,202.23131368483595,324057.4120682274,"[0.12197863069345401, 0.022670810068079614, 0.8553505592384664]"
44860,772.2562110798419,348205.76350164314,"[0.6708241335802249, 0.3038559773275273, 0.025319889092247968]"
8082,919.6474949195843,839390.2188996664,"[0.2449276564989924, 0.31011828604442154, 0.4449540574565861]"
17687,188.03175455629645,631488.6863486316,"[0.3242940056702987, 0.5885238014270167, 0.08718219290268461]"
39786,800.7323034335177,522158.5113102179,"[0.2991217875011047, 0.41316277566952175, 0.2877154368293737]"
23353,393.58503654197614,942976.100815198,"[0.14037582846767468, 0.4810436198039977, 0.37858055172832755]"
37778,974.9771333069092,402626.7917799115,"[0.28229192020082927, 0.17413469416786104, 0.5435733856313097]"
22337,777.8463400837949,322804.85160947294,"[0.21963185967550272, 0.008722191294635853, 0.7716459490298615]"
17298,548.1297420992848,712629.4609897576,"[0.5766509544783343, 0.19121467616880594, 0.23213436935285978]"
2579,590.5913345289393,854730.982691825,"[0.391290933432975, 0.593424880237236, 0.015284186329788913]"
21268,446.1714641142238,867945.8651809609,"[0.40283474247665363, 0.5274379272951149, 0.06972733022823138]"
29990,72.63144496994349,135280.5076651663,"[0.6237896903683269, 0.08703470794201472, 0.2891756016896585]"
40284,244.9958185690186,483980.6993331965,"[0.687774783069359, 0.0414130396414786, 0.27081217728916246]"
40068,681.3489271482223,607421.3230765379,"[0.19488135833917672, 0.6810020166278838, 0.12411662503293944]"
7819,515.2826770107163,905460.9867376146,"[0.18130115227955398, 0.32523216671716887, 0.4934666810032772]"
8381,883.9543262331291,669397.6230275609,"[0.5252132562445152, 0.2752153068006041, 0.199571436954881]"
27012,892.4876101757744,899937.9087903016,"[0.08794551270969504, 0.6914448695674906, 0.22060961772281434]"
32334,588.6393853464073,712243.2640253032,"[0.2517664014680767, 0.011438257549325303, 0.736795340982598]"
39715,748.7589595181904,755821.1135760373,"[0.3320160033350086, 0.6442325935693822, 0.023751403095609237]"
37165,998.815248865102,492421.11347590765,"[0.26206476384989597, 0.48130841222645354, 0.25662682392365055]"
41385,703.2742503586325,414653.7163577299,"[0.45131321875491565, 0.21760947884827433, 0.33107730239681]"
18037,796.0220992997265,787131.3684075479,"[0.6008096218680717, 0.05671317304743571, 0.3424772050844926]"
9507,356.39485447656807,633600.8605574899,"[0.015077471073137583, 0.3397763207294881, 0.6451462081973743]"
32133,70.03150760750418,735774.8067720581,"[0.03759551054577646, 0.854857123717008, 0.10754736573721571]"
27499,337.40290419232167,261480.4298249031,"[0.07722035615964885, 0.10867271382461023, 0.8141069300157409]"
2252,661.1802984324592,942059.0087352172,"[0.10371903867051827, 0.36975412792790824, 0.5265268334015734]"
27993,648.5989464464495,666103.4451950515,"[0.35150767346516976, 0.13602267769766482, 0.5124696488371653]"
29018,813.8097466392758,676192.8853174993,"[0.06077273606624143, 0.05512338073750662, 0.8841038831962519]"
21440,951.99828247314,189614.9804977893,"[0.3478167841874242, 0.35087116978617117, 0.3013120460264047]"
2239,212.9363267693216,574613.9971809817,"[0.3802246574044799, 0.4264508411607913, 0.19332450143472882]"
37183,974.2112392985504,355260.49418728193,"[0.31625793858238216, 0.542076458560773, 0.14166560285684493]"
47169,596.2170402966422,258612.2715305075,"[0.29338159115725904, 0.5188682553313063, 0.18775015351143462]"
38631,326.64147754028176,840934.3976365274,"[0.25315716920419934, 0.7049936262012139, 0.041849204594586784]"
24015,716.8620474192875,779745.5251070232,"[0.04911654196608892, 0.6779280285955875, 0.27295542943832357]"
37224,63.13396182567028,322075.56604889827,"[0.4513563462242371, 0.039424822532115045, 0.5092188312436479]"
9590,879.8954816760664,348019.5749430621,"[0.05231291168322439, 0.010322872475750247, 0.9373642158410255]"
17694,94.49276599037955,161673.69371944325,"[0.15233661831880813, 0.7211953864335936, 0.12646799524759836]"
40708,602.8039183798484,486517.0900900484,"[0.06820826513506792, 0.09283903182305038, 0.8389527030418817]"
2782,330.5972117489698,837858.2276452228,"[0.008685389271718623, 0.09076330565593872, 0.9005513050723426]"
26524,918.0382991624858,399937.5943175,"[0.06056514682349016, 0.6413181604812983, 0.2981166926952115]"
12140,608.4096551497937,872052.8800403263,"[0.16948961481718483, 0.6698616694389732, 0.16064871574384199]"
34376,24.02823399771652,970258.2592547826,"[0.8165058608521563, 0.16132773180621135, 0.022166407341632402]"
2913,183.152932145183,832382.0233020282,"[0.2272379143340754, 0.16655361443757644, 0.6062084712283483]"
46380,925.1535403920284,933445.9111379738,"[0.3139089904711498, 0.4054782750700408, 0.28061273445880947]"
19521,598.369792883042,491113.95835887385,"[0.08179243100144057, 0.2651553737659141, 0.6530521952326453]"
30545,37.84842479942594,551006.802495149,"[0.19477851588580433, 0.502867004951641, 0.3023544791625546]"
35390,99.1256257270695,754258.7382264329,"[0.631292182993755, 0.16462758832586394, 0.204080228680381]"
19975,138.5199633256048,297717.8865796471,"[0.23163728111229528, 0.43552476384948735, 0.33283795503821734]"
42135,716.5441570325133,561764.3285838591,"[0.06886772793332982, 0.21569407165613277, 0.7154382004105375]"
2354,651.8775766970692,590296.2589561678,"[0.5325731425580373, 0.28205069813845834, 0.1853761593035043]"
9632,940.0535425180244,457166.6636096331,"[0.12263322993407327, 0.6163253292237593, 0.26104144084216746]"
30866,423.9730235028488,917498.3993616264,"[0.022227175190140898, 0.34134851297997804, 0.6364243118298811]"
3884,279.5523524530227,962109.6429705246,"[0.42723998547863057, 0.2981660352254745, 0.2745939792958948]"
29411,697.7255417684386,330130.710292695,"[0.06477413825625514, 0.5793158981888087, 0.3559099635549363]"
41768,857.5321962925859,253541.2395108516,"[0.04820745593253937, 0.03557558643699751, 0.9162169576304631]"
12902,219.0277165617188,524265.3870733325,"[0.23608265351946944, 0.015490343662211139, 0.7484270028183194]"
15419,515.0747952566205,242029.1591601047,"[0.7929377037669688, 0.1970747192872031, 0.009987576945828037]"
24767,596.6958405047295,365681.376091343,"[0.07061690025627715, 0.6764751613771298, 0.252907938366593]"
31256,702.5386833898734,452071.73726540734,"[0.28490210513051756, 0.27207216497409575, 0.4430257298953867]"
17297,771.1456374132424,811390.3070017314,"[0.18387037530413258, 0.1692684942108626, 0.6468611304850048]"
27538,855.1643850664748,253930.91564511097,"[0.33799932945448957, 0.5724201416956832, 0.08958052884982734]"
16310,271.3969847408503,261317.0328119165,"[0.4725019403550576, 0.04747403570246486, 0.4800240239424777]"
19924,121.49438917629227,277393.85643242754,"[0.053169162393509585, 0.21841199993232802, 0.7284188376741624]"
6433,538.7696435150552,425679.5627759953,"[0.2647151858733361, 0.0473997308250281, 0.6878850833016357]"
48015,643.9740352433773,550882.463198272,"[0.2843779662597855, 0.15352398072460802, 0.5620980530156066]"
6045,494.9344004971108,298787.1300343567,"[0.08504141428530437, 0.27705822600948715, 0.6379003597052084]"
6134,910.5596245611646,325358.60980229697,"[0.3464602167605448, 0.35194427966675274, 0.3015955035727026]"
44362,233.6211906894339,847916.9105535507,"[0.4240482816410067, 0.3726917827243746, 0.20325993563461864]"
30331,540.9258549613969,105994.5881604892,"[0.3005085856783911, 0.28890304987070514, 0.41058836445090374]"
22251,198.02652804676288,774288.065149133,"[0.4254351659776219, 0.23290863768290104, 0.3416561963394772]"
42968,174.37798319095404,743227.7677897717,"[0.4118245230522348, 0.35654785250935467, 0.23162762443841048]"
49855,948.7690982975126,626878.5809262443,"[0.2029990925744846, 0.060924137584590435, 0.736076769840925]"
4989,759.4733838213731,658160.2956951383,"[0.07639503646690608, 0.16259766632477884, 0.7610072972083152]"
32711,108.84875449894376,545162.3123070828,"[0.07995930989304723, 0.3993831772794343, 0.5206575128275186]"
13059,154.32350913928505,996690.7700766824,"[0.35320642099397564, 0.533163944279655, 0.11362963472636937]"
6816,617.6062222994844,166940.1037697295,"[0.0920443138881602, 0.408806597656258, 0.4991490884555818]"
35738,506.3278500866074,961567.2751805964,"[0.6417717622137091, 0.1586927528048231, 0.19953548498146773]"
20513,706.4713723564703,229275.20931165968,"[0.01632673386146652, 0.9603767075928605, 0.02329655854567279]"
21587,407.5421775008856,500913.7741820711,"[0.6679156728234813, 0.16428339398361594, 0.16780093319290282]"
21073,590.4531415620813,695572.1457445958,"[0.40728485566479705, 0.5266385832517323, 0.06607656108347067]"
42065,449.6032819446028,359273.65263309656,"[0.01733379385052808, 0.6847298892662936, 0.29793631688317823]"
34567,393.86003935563673,788077.5004475481,"[0.380923508746242, 0.3943990880687124, 0.22467740318504575]"
27860,957.7333713023846,513934.4825768911,"[0.7716043669366709, 0.029809786828513773, 0.19858584623481548]"
33074,567.3937053680543,340187.6700867935,"[0.40842449828839394, 0.3552121855566799, 0.2363633161549263]"
33423,905.2098485441704,519836.31747832295,"[0.20980257098843935, 0.1498437955930505, 0.6403536334185101]"
18945,76.81060015903945,860050.7499912416,"[0.23487135791614244, 0.6272135297132779, 0.13791511237057946]"
21549,212.3011472493734,965743.3384764222,"[0.3585711195669836, 0.3750526068898239, 0.26637627354319227]"
36783,175.94857263258697,948339.9449734784,"[0.1040737253569273, 0.6890764269060278, 0.20684984773704482]"
36852,782.8483411857524,493747.354305924,"[0.040052572164096405, 0.23180176846431338, 0.72814565937159]"
46555,451.8070849700848,145980.0709522004,"[0.36076019602280146, 0.2725767427174432, 0.3666630612597553]"
35060,255.62597739471568,275716.68228851387,"[0.10824673956707925, 0.7395291546340588, 0.15222410579886206]"
44480,950.8802812016314,462013.0834923208,"[0.25896250053998227, 0.018319730172097943, 0.7227177692879199]"
24580,586.5427036154986,298820.43106513313,"[0.5681504404580314, 0.38897832996788295, 0.04287122957408558]"
43152,439.5056788995872,462310.5818490079,"[0.09261246367349997, 0.816576306096813, 0.09081123022968701]"
32292,655.8517728520922,870714.3146167,"[0.7783062452675686, 0.19330945602198393, 0.028384298710447262]"
10273,981.098860395454,339444.2001238248,"[0.3943298661611358, 0.14569642640889527, 0.45997370742996885]"
24104,759.041742119162,837266.7138166962,"[0.7675847517436991, 0.17465774285469518, 0.05775750540160578]"
35887,202.36169917083777,905831.746120326,"[0.49086095845770006, 0.09077273279638676, 0.41836630874591335]"
48060,311.51275175870563,772957.2673068956,"[0.34241656653285063, 0.5418271110052694, 0.11575632246187986]"
12565,844.17576805146,923704.7117327836,"[0.4947766539935731, 0.46781843245036425, 0.03740491355606274]"
25620,792.6182979716846,674414.9026212336,"[0.08253548041495945, 0.0765909213583577, 0.8408735982266828]"
7558,392.1272497014882,985038.5366501274,"[0.3961813789001746, 0.05740717429699594, 0.5464114468028295]"
34516,455.03903989235937,808245.1384996718,"[0.548275851653214, 0.15025618893763548, 0.30146795940915055]"
48398,271.062174991986,408624.09687191714,"[0.15008459797233156, 0.2931422682183072, 0.5567731338093613]"
23246,627.5897310348496,953482.668054818,"[0.5469427377726072, 0.12189925017814401, 0.3311580120492488]"
43191,376.2325394849818,303173.3063472159,"[0.10914654874444339, 0.7368365869638333, 0.1540168642917234]"
30663,65.43672546439586,966258.3908932736,"[0.08255230517455417, 0.42983947522515326, 0.48760821960029266]"
41637,117.11685216073847,513571.89063344384,"[0.536090712948877, 0.2723840377796731, 0.1915252492714498]"
34400,847.7393403018966,625511.8328381284,"[0.10005766692441681, 0.7908603442065654, 0.1090819888690178]"
44895,831.3368039872927,307684.2523224647,"[0.5235521516832533, 0.16659732886516226, 0.3098505194515845]"
27346,736.5920371064117,602092.3658083683,"[0.16178374820381927, 0.6171216773961331, 0.22109457440004776]"
32117,85.4602534937386,335030.9767540413,"[0.42381501832362123, 0.2157479487871263, 0.36043703288925244]"
35563,815.3818372267747,683187.5998265257,"[0.4487273493942826, 0.08758335851365485, 0.46368929209206255]"
1151,125.32989277415908,837588.5232735791,"[0.08619461346022397, 0.907231854806156, 0.006573531733620035]"
17400,961.7022281692688,397393.9725771878,"[0.4586665467181831, 0.11348946822703233, 0.42784398505478444]"
7305,295.6274265811364,101333.78596531316,"[0.6435862886950358, 0.3537431195798296, 0.0026705917251346628]"
13919,153.07908339651922,189445.76163215848,"[0.5144797901339737, 0.13763002911168873, 0.3478901807543375]"
4798,907.140778492921,943151.5433801224,"[0.5615664818162228, 0.0664116512361583, 0.37202186694761896]"
12124,230.9811385541149,752466.2165615456,"[0.03286305579600145, 0.33446087148516357, 0.632676072718835]"
39386,796.0513097110664,770351.5190188198,"[0.37497537558927196, 0.07665157567943193, 0.5483730487312962]"
46372,211.64412986354952,733935.6740221395,"[0.2505341961618739, 0.6931235183174179, 0.05634228552070835]"
28296,921.3163638694416,403888.5018456216,"[0.1092519677867627, 0.8103962383261222, 0.0803517938871153]"
6784,383.7667628211992,888244.8956085487,"[0.013303047532369314, 0.7110021715388213, 0.27569478092880945]"
44804,736.904284825592,965419.4548399708,"[0.23361831506835903, 0.08262561746128065, 0.6837560674703604]"
32714,146.23342470497303,565958.3155533364,"[0.27901268286842634, 0.5603929111545626, 0.16059440597701122]"
12316,695.8465460834628,675395.3040149325,"[0.690530224053984, 0.10961852351884906, 0.19985125242716695]"
16863,396.8593609851071,367590.3518534871,"[0.7134579511473012, 0.23712866226386548, 0.049413386588833264]"
6231,897.8625543114716,458211.05937858624,"[0.3028803441593336, 0.154279000874092, 0.5428406549665744]"
12130,988.3750757003684,502506.3001438151,"[0.588167115416908, 0.04791005861686912, 0.3639228259662228]"
12187,277.11704421887544,664976.2679941726,"[0.849958345938848, 0.0008920840108874042, 0.1491495700502645]"
8117,996.912215701435,210797.06728095,"[0.06030450949642335, 0.590164829582314, 0.34953066092126256]"
47936,403.1748516469316,508078.12873935513,"[0.22301890472829755, 0.5696251699440061, 0.20735592532769628]"
44458,837.6989006385909,416213.3317881464,"[0.05670197934994259, 0.29514973310325965, 0.6481482875467978]"
27898,972.5102527491796,981505.7953376948,"[0.07623901534354378, 0.6002591954856192, 0.3235017891708369]"
26278,897.0206721943915,373696.49973090354,"[0.4431532614558493, 0.27496288621277853, 0.2818838523313721]"
37801,247.6031664745044,104595.004500231,"[0.06313835165005946, 0.3283019947846056, 0.608559653565335]"
3685,138.99312820536522,651284.8843727849,"[0.35389529653415175, 0.1859615848924179, 0.4601431185734305]"
37016,298.8733915445748,612407.598492221,"[0.4219440138603549, 0.11147401365111256, 0.46658197248853256]"
22625,710.9964527299974,531437.8082423335,"[0.4924636864274476, 0.21474157480374104, 0.29279473876881135]"
41459,543.1347673531913,597989.0600484898,"[0.2885090823255254, 0.5166933632679003, 0.19479755440657423]"
26712,746.1649426391238,241491.08962377947,"[0.32197547759033934, 0.5948722956557683, 0.0831522267538924]"
7276,190.87050858159407,964037.6317677576,"[0.11873164788008882, 0.1557807716138203, 0.7254875805060909]"
1410,260.1646168443875,969293.1996606984,"[0.4194319920021382, 0.3843407897423517, 0.19622721825550998]"
46014,735.407267872484,404382.6611360184,"[0.2629339151253478, 0.48023945332963175, 0.2568266315450204]"
33328,773.3521157968984,854917.1903727532,"[0.36498694886874794, 0.4437268042737739, 0.19128624685747803]"
18089,171.46781507626412,762414.3174852899,"[0.11857221148226442, 0.2829336472846152, 0.5984941412331204]"
44419,383.97263701127264,237246.09154369548,"[0.7445606094925943, 0.032123613092323165, 0.2233157774150825]"
34276,496.26467582736944,676951.8572392773,"[0.1280099832102828, 0.45933753670026023, 0.4126524800894569]"
15791,243.9069449098676,907804.3661528708,"[0.5920984047273359, 0.34267458994505334, 0.06522700532761076]"
18110,170.3089561114024,500808.0112228759,"[0.03427833149633466, 0.6139725719756631, 0.3517490965280021]"
22380,969.3734113720084,181325.23359501184,"[0.2225875947022687, 0.604522522435869, 0.17288988286186224]"
30717,834.4091794505667,566899.1421731461,"[0.10995300219676866, 0.13325974725186737, 0.756787250551364]"
16043,838.8645940670475,401670.8563850354,"[0.2823838978765591, 0.3333541099178921, 0.384261992205549]"
4288,218.71399596368948,712913.7473178062,"[0.028482252781996977, 0.009521994392385387, 0.9619957528256177]"
32358,634.1959090998579,333213.19132529746,"[0.054212568222156095, 0.5911248825341333, 0.3546625492437105]"
44211,769.5124282921753,397257.8728502787,"[0.5098474736785855, 0.46035251694575124, 0.029800009375663093]"
29771,676.6252790984407,160852.7993272959,"[0.23133165801229505, 0.4716022156515049, 0.2970661263362001]"
21766,123.17900724730696,394454.3025664476,"[0.38597744250066857, 0.19871533634786082, 0.4153072211514706]"
3698,715.3756884385416,714008.4875224174,"[0.23599005410590587, 0.7574778458049448, 0.006532100089149388]"
38877,966.8795864976746,495420.86590799625,"[0.26474408414951794, 0.732614152929406, 0.0026417629210762268]"
49790,849.1988786007832,557334.4127455389,"[0.3992992360452245, 0.21120861615859246, 0.3894921477961831]"
42826,474.8605699456395,867479.752177866,"[0.11118746012623514, 0.2847038110521239, 0.6041087288216409]"
24902,505.2685573837335,231627.2363607508,"[0.24474634700514034, 0.35225581014674934, 0.4029978428481103]"
34411,806.3547509734228,441495.15353017097,"[0.06295454221750668, 0.08553380909134056, 0.8515116486911527]"
35730,180.7442490445408,152268.31470470567,"[0.18425311475404238, 0.7573484091947937, 0.05839847605116407]"
214,337.3280956973414,338846.443386004,"[0.8087452637393681, 0.016015191256137054, 0.17523954500449498]"
40239,532.0330510020895,107461.9688014313,"[0.8899505481596057, 0.081845082496462, 0.02820436934393223]"
21856,987.8771864725268,880436.0431155103,"[0.2543976023783953, 0.6924326075596641, 0.053169790061940586]"
29448,583.1583908645287,473324.5277037446,"[0.2981499284606083, 0.6604704608753462, 0.04137961066404556]"
8464,732.2483063649219,708269.4828579967,"[0.2866738885232963, 0.4251223369770794, 0.28820377449962425]"
25335,234.77988704701505,453833.35008002346,"[0.36264411847061, 0.4713546185459996, 0.16600126298339046]"
45157,731.2461672706914,203911.3588400276,"[0.4262616260736148, 0.5506386605269888, 0.023099713399396468]"
20989,330.7194987972632,410224.9202950873,"[0.1118301740696371, 0.7720383999893747, 0.11613142594098816]"
26783,818.8482089966434,357217.349264281,"[0.02782463455813833, 0.6708234979842808, 0.301351867457581]"
25167,941.5004242807984,632059.1830777217,"[0.13180390484079474, 0.17542472992578295, 0.6927713652334223]"
37380,173.03120615670989,821937.557307083,"[0.4921281585959766, 0.21036750981175062, 0.2975043315922728]"
9465,550.6082617443922,200686.39286331472,"[0.28599166401289094, 0.606398487393901, 0.10760984859320791]"
42744,652.3000426665437,604684.2863548261,"[0.36391632295783544, 0.5778304094907921, 0.05825326755137255]"
45729,805.1314282422882,939739.5724762868,"[0.3468814559047615, 0.5385303663460853, 0.11458817774915313]"
5465,519.0046988309252,724076.47729027,"[0.3715307444048778, 0.3499986035495179, 0.27847065204560434]"
36885,755.3888764367895,314809.66870045,"[0.015988890025138296, 0.8402286034351433, 0.1437825065397183]"
1225,606.1923858290526,897034.9679063042,"[0.02391876442359024, 0.5769116407507588, 0.3991695948256509]"
18438,166.74537355226474,150881.6745053315,"[0.3137522181228754, 0.14181380665342186, 0.5444339752237027]"
19654,544.914804047631,590013.8606662959,"[0.0571331912068619, 0.29370225510647024, 0.6491645536866678]"
14693,861.6997049367444,141803.26887239743,"[0.441365691999996, 0.25115843336453986, 0.3074758746354641]"
46007,389.3372722313411,439345.4915635748,"[0.23154916915210313, 0.6416348655983043, 0.12681596524959268]"
3128,931.697964669438,462586.2811697954,"[0.40291902961972625, 0.1472940116379687, 0.4497869587423049]"
41352,357.5409760798005,676793.403382474,"[0.6730130200535351, 0.07779210587730545, 0.24919487406915936]"
40712,513.4004390329981,626108.1249300858,"[0.14170416969485455, 0.26272581748594576, 0.5955700128191997]"
42606,98.26793333135586,779143.9659593881,"[0.2376568353604255, 0.3696352815871764, 0.39270788305239807]"
38000,96.72442647289816,789373.5119764141,"[0.6653828786622215, 0.20869873208654102, 0.12591838925123744]"
34501,467.2098278738444,885584.1321885679,"[0.17710257928190803, 0.7993980647167883, 0.023499356001303654]"
15688,769.0999321072508,502240.3220661733,"[0.3954222493775057, 0.04297188809683876, 0.5616058625256555]"
11,733.3296068119665,363837.0957510662,"[0.9352795952796156, 0.06064549291395787, 0.004074911806426447]"
41544,421.21479951479535,428348.6222650382,"[0.5539061461391762, 0.018810295998569187, 0.4272835578622546]"
19205,968.1184595946468,472606.9823380864,"[0.1228108594673523, 0.48703769493772814, 0.39015144559491943]"
1067,543.1692558535747,109319.8030063828,"[0.2949904997476276, 0.4685449835192737, 0.2364645167330988]"
41714,891.4393138234889,893899.2399538959,"[0.12942711342387545, 0.22894630172915115, 0.6416265848469734]"
40429,289.70526740561223,194524.92081506303,"[0.3444865897051659, 0.022607522858197646, 0.6329058874366364]"
11676,783.1388248403451,252839.0200819744,"[0.4357186223772644, 0.33030149983343987, 0.23397987778929577]"
38780,49.77632710714201,381408.97344063455,"[0.20869319133370962, 0.5684409611100687, 0.22286584755622174]"
3338,369.4454498870044,605286.6324912058,"[0.05602669531439627, 0.011335988959911357, 0.9326373157256923]"
14450,215.2342833194213,432307.3262082498,"[0.33479860946743883, 0.34337913523738317, 0.3218222552951779]"
47060,92.15001356381772,687161.973654971,"[0.36136591576559746, 0.5156342066406289, 0.12299987759377388]"
26882,885.8267635164204,812067.3064438805,"[0.42670705267532577, 0.5175286585904529, 0.05576428873422117]"
39907,430.0864776944223,710655.8657392851,"[0.5926457556073207, 0.1260534149631985, 0.2813008294294808]"
29181,775.6376566193284,738979.1906026443,"[0.32518563355647684, 0.1259352724211772, 0.5488790940223459]"
32569,969.2804790524426,819053.0040940945,"[0.06674258445993193, 0.2633146334043657, 0.6699427821357024]"
10301,969.382378925322,229666.88361472933,"[0.4699616056601593, 0.30098237442964904, 0.2290560199101917]"
17824,304.52468142835954,476219.3918079885,"[0.5528460998682931, 0.30860408678745227, 0.1385498133442546]"
48586,619.3709328364054,732019.6554212429,"[0.3096350463851822, 0.6037154100992008, 0.08664954351561703]"
38151,781.6350315658757,863369.9492680958,"[0.282412744698809, 0.40838519461559675, 0.3092020606855942]"
12524,688.4539757989295,553902.4100381526,"[0.00864798036225742, 0.536337204636211, 0.4550148150015315]"
18020,827.0157576552997,534549.353564717,"[0.009158164080906184, 0.18833243438472874, 0.8025094015343651]"
30145,633.2138151948773,353899.20739875955,"[0.11506325485998177, 0.3839397865297759, 0.5009969586102423]"
33195,138.0619436478996,552146.8157294838,"[0.07892621207710743, 0.4043589800796421, 0.5167148078432504]"
23626,242.18583977125093,228688.9829922557,"[0.8104295086061235, 0.18805409073486684, 0.0015164006590094577]"
2456,610.3859058318909,934198.3719797971,"[0.21370110199763467, 0.115257760290871, 0.6710411377114943]"
39553,79.03868537676391,836988.0819123369,"[0.5954556667826227, 0.022418100344541773, 0.3821262328728354]"
36571,62.73133743957614,188980.64577493625,"[0.04074479784680566, 0.9096894068801099, 0.049565795273084474]"
268,835.1130660381468,919552.9908028814,"[0.38582931022452643, 0.5379916731131941, 0.07617901666227965]"
47683,624.053722664023,578368.1932135476,"[0.9040202884790879, 0.07227756557191682, 0.023702145948995116]"
26657,755.7389992586975,580368.6277409977,"[0.16177196179249403, 0.152913733495815, 0.685314304711691]"
24046,719.2984362106716,835686.134245782,"[0.4503671839404345, 0.37805061970240156, 0.17158219635716393]"
16435,586.5808637507196,213512.8887275617,"[0.46122179380676254, 0.3285746049769038, 0.21020360121633364]"
47959,755.8824152075509,985883.4870226044,"[0.5941530975724947, 0.30882453270109683, 0.09702236972640856]"
15289,925.6798238860508,188446.65835727047,"[0.7165678557890187, 0.11109386463815205, 0.17233827957282916]"
38262,513.3060739962718,596086.5726397297,"[0.11647308429993124, 0.8197983224027565, 0.06372859329731223]"
47082,260.7831588726916,775003.0281424726,"[0.1825521742398431, 0.27269247169190486, 0.544755354068252]"
26124,777.1122260615634,623092.288905272,"[0.19306867003872072, 0.2596570969345933, 0.547274233026686]"
11312,707.7366439640405,902565.36893747,"[0.022679231395729235, 0.05515367914936377, 0.9221670894549071]"
32692,428.3608292713791,853890.9743101925,"[0.657518443713247, 0.15493172552435952, 0.1875498307623937]"
33865,727.7910377215513,526284.7466067439,"[0.5190832684930263, 0.14910779395607188, 0.3318089375509018]"
47031,129.29346503525386,676312.47853112,"[0.6656962993264719, 0.008116640999566046, 0.3261870596739622]"
13629,488.5122042845542,163379.4107049461,"[0.13153103775894792, 0.01896093252083768, 0.8495080297202143]"
16486,536.4973298627867,965834.6279154696,"[0.15087064138778628, 0.7972984203731673, 0.05183093823904642]"
37378,359.8645942442392,707105.8309581551,"[0.46740483424344, 0.4924939305254063, 0.04010123523115372]"
34252,722.2705491101028,994570.4829261972,"[0.6011169876686059, 0.2188642937636719, 0.18001871856772234]"
45380,850.7356463864759,197068.63002861865,"[0.620745706658702, 0.3562007344479171, 0.023053558893380878]"
30526,919.922547546352,739226.805461688,"[0.4533290213354252, 0.027789247227810728, 0.5188817314367641]"
30944,616.7567318203659,490548.83714356925,"[0.7509797954663593, 0.11145371706842787, 0.13756648746521277]"
36041,197.5473128791276,328102.6654702989,"[0.32277062908949505, 0.6534725189659679, 0.023756851944537187]"
8552,324.1850709358669,997258.0003601696,"[0.18980491965192656, 0.07929670564603306, 0.7308983747020403]"
33873,872.8049649364418,407931.5617062462,"[0.1635809190875068, 0.6084554082462394, 0.22796367266625375]"
47552,551.5790155165502,265836.125538823,"[0.710806270711181, 0.020597959391075994, 0.2685957698977429]"
32851,833.1445050247577,310074.4345344476,"[0.0642916712044582, 0.5782494521649147, 0.3574588766306272]"
38474,902.0818976832714,949351.8322681868,"[0.5129527020218717, 0.252940813711465, 0.2341064842666634]"
14932,623.5177785967063,358868.82376330753,"[0.6009222066686976, 0.1121863043822873, 0.28689148894901517]"
40442,921.6218112226412,977030.3807237945,"[0.0640490904235425, 0.8367594060825491, 0.09919150349390836]"
27420,448.924067669432,245076.0847261364,"[0.4755743806178027, 0.38940714594947473, 0.13501847343272264]"
19482,905.4852236837664,998290.251975609,"[0.8912796058241906, 0.08160253582591569, 0.02711785834989364]"
43354,727.7745185869356,380656.7237107924,"[0.6787725721414981, 0.1852792718976959, 0.13594815596080598]"
44738,855.0579634368776,309922.2088172274,"[0.15472017661218532, 0.4312510268128621, 0.4140287965749525]"
25338,326.46351100973254,364900.6692354875,"[0.2119078045621675, 0.508901970576631, 0.27919022486120154]"
23173,289.18222414963384,857666.1938609394,"[0.3265487023449217, 0.03060515192416379, 0.6428461457309145]"
32239,126.36882743461624,862286.9944664809,"[0.6550550382987246, 0.03700347869755057, 0.30794148300372487]"
1831,373.1985615069561,592068.6849166367,"[0.33894088253526733, 0.10904867918331844, 0.5520104382814142]"
10378,213.54864408616308,160033.86630723346,"[0.2356581157468128, 0.2776213199690755, 0.48672056428411165]"
43348,155.2814590736495,381558.5271393353,"[0.6089039150020786, 0.1702977027588649, 0.22079838223905646]"
33100,289.663465613543,646037.6180532395,"[0.36867808212065106, 0.4458316161923603, 0.18549030168698885]"
786,112.70338112992624,256104.614432098,"[0.024626885611675066, 0.41339859584546573, 0.5619745185428592]"
40600,701.9484074357921,261723.5758838133,"[0.28901731602561603, 0.14788307407589366, 0.5630996098984904]"
16764,855.3745284305364,126817.56705454444,"[0.2657996304564999, 0.25182830612978035, 0.48237206341371985]"
4024,92.45407563002657,575369.2869358712,"[0.030264561914894354, 0.36321251262046567, 0.6065229254646399]"
12173,698.702808094213,883290.707333494,"[0.2824415774203094, 0.574238826720315, 0.14331959585937548]"
49090,113.6183642706762,377212.38638080575,"[0.2983733976520879, 0.10341534497620876, 0.5982112573717034]"
32315,45.67153915196288,665784.2191659437,"[0.1854744968664205, 0.8060665940265216, 0.008458909107058066]"
5299,74.08273265193124,904463.2557518324,"[0.0856069486995782, 0.23790617741338316, 0.6764868738870387]"
47343,270.3182808360872,817189.8984027605,"[0.07068560290765126, 0.05373601596308838, 0.8755783811292605]"
48540,240.7458870436715,562091.5549983957,"[0.41123253916168717, 0.2613872349881219, 0.3273802258501909]"
30232,146.87609246307662,307405.0750871645,"[0.0880798173158886, 0.8700246691993037, 0.04189551348480788]"
22307,606.365410415444,178373.83269553486,"[0.611315152965227, 0.08006671884584048, 0.3086181281889325]"
48337,819.0548598532092,876301.8846002084,"[0.1617279292836501, 0.7502392161558246, 0.08803285456052538]"
39118,527.2494418250532,167413.0298492083,"[0.7690160490275727, 0.08577993552375356, 0.14520401544867362]"
14507,455.0071436056227,260565.0540068604,"[0.47573268341816927, 0.49866417355629483, 0.02560314302553607]"
11590,846.0894094546874,637128.5914286997,"[0.15232793843460177, 0.7978730260945653, 0.04979903547083297]"
2690,424.4121987077164,579847.3904827454,"[0.12291442060311646, 0.02742870687720451, 0.849656872519679]"
43579,808.4804959320822,841593.3670476457,"[0.607524776949786, 0.3883732021896682, 0.004102020860545782]"
26833,204.78823721233363,901777.7089384638,"[0.3684431310729914, 0.12852788775452695, 0.5030289811724816]"
48481,164.68747945024356,488421.83762611146,"[0.22610211534283725, 0.569303740419296, 0.20459414423786687]"
4814,335.2837461229175,938446.7201039558,"[0.23637094869199177, 0.024419785708065352, 0.7392092655999428]"
15102,210.80440341738736,560177.8100811988,"[0.1681104958640822, 0.2680461045769651, 0.5638433995589527]"
48312,296.1493431686982,713698.1843964881,"[0.37382891674488034, 0.008718851290251376, 0.6174522319648682]"
48246,24.960644941173463,393766.9132912257,"[0.1318795656848607, 0.3092531199881273, 0.5588673143270119]"
45276,649.3152678749505,328756.86454503005,"[0.41104762345746, 0.0798577214036112, 0.5090946551389288]"
1110,249.24330411077227,260998.7956030633,"[0.22546979221178062, 0.6194710154137681, 0.15505919237445118]"
22815,29.17368396073194,264861.10726453026,"[0.26419931724811746, 0.7173788044784556, 0.018421878273427148]"
26641,292.1120398769989,493668.1268338338,"[0.7405824836018364, 0.014146192922077897, 0.2452713234760857]"
3655,836.4405814570129,526120.8288782231,"[0.1192924688638936, 0.7191604207379448, 0.16154711039816141]"
11938,977.3742819946248,357699.7806615333,"[0.013637493093739838, 0.5977598944364071, 0.38860261246985295]"
10321,555.8504824226113,147876.73726514284,"[0.060431791381302384, 0.7354603363637114, 0.204107872254986]"
39237,879.2276123011147,662935.7581897336,"[0.20299364616092572, 0.06385515604689596, 0.7331511977921784]"
36946,218.0753642704437,529433.3178347953,"[0.4990416951474491, 0.054257931534036026, 0.4467003733185148]"
35288,692.767417210012,651961.2076779208,"[0.19336795030566548, 0.43570750393116536, 0.3709245457631691]"
13609,792.9094338435036,257247.13180027888,"[0.0003213171968053306, 0.901073582283005, 0.09860510052018968]"
29757,839.1454574289161,788560.607014317,"[0.6605873745001243, 0.2578651041245042, 0.08154752137537144]"
13565,813.5167642122093,176737.3090450496,"[0.04063053506329977, 0.23623839691132786, 0.7231310680253724]"
12269,244.47292709103465,341506.78147885244,"[0.46542497353049456, 0.48210972651684325, 0.05246529995266221]"
34986,917.4735411214316,951624.782286467,"[0.5783369270853917, 0.15903116614718413, 0.2626319067674243]"
49805,322.6246318023622,228037.149192772,"[0.11692675500222306, 0.8392776449291801, 0.043795600068597]"
8842,318.8680018014836,105885.75132079035,"[0.12423820119419934, 0.1608637312101623, 0.7148980675956383]"
5805,701.7347229679195,167585.12846127333,"[0.04017822708894581, 0.41112601492859724, 0.5486957579824572]"
32402,537.6913851113784,805539.730910555,"[0.06985366632554639, 0.42504995455841477, 0.5050963791160389]"
29169,140.51100248168305,890850.0772051878,"[0.8957954552001615, 0.05525741422817567, 0.04894713057166277]"
33936,994.3638762909306,984032.6137595832,"[0.10379468592604114, 0.11245240519097563, 0.7837529088829832]"
15088,484.40313859961736,989416.1388214934,"[0.28420391986601895, 0.27261016822711953, 0.44318591190686146]"
5084,322.41796999337004,174927.76677655498,"[0.22490303888959176, 0.7711498067262944, 0.003947154384113752]"
34928,720.9659484601243,454703.7104272673,"[0.28769060022638704, 0.18904700909012775, 0.5232623906834851]"
7154,652.2013129525874,855550.7834166539,"[0.21655233424547302, 0.18479147370862342, 0.5986561920459035]"
43203,341.57191616856016,712542.4471579537,"[0.41962198931434275, 0.5739039423508356, 0.00647406833482178]"
22533,821.3902600995439,541407.5282410815,"[0.5336760138831007, 0.15164229989272363, 0.31468168622417564]"
39044,653.6966848133849,741452.3396680378,"[0.2450199159090507, 0.3926478562780589, 0.3623322278128904]"
19748,922.5013113254772,759680.7381318086,"[0.3261694577631615, 0.1983385864169855, 0.47549195581985304]"
35294,521.1756356657098,772935.3113092862,"[0.5927212127991263, 0.3291039097081437, 0.07817487749273021]"
29588,494.8603457018747,574717.7264558774,"[0.409425031922061, 0.4730468634803284, 0.11752810459761065]"
1364,345.2806802993046,172520.7850578493,"[0.20891839605513052, 0.7807203437458226, 0.010361260199046885]"
22298,178.09321700945242,428872.5835668278,"[0.0719538746606285, 0.3323266028451545, 0.5957195224942171]"
12224,763.5811805238876,643190.5062345647,"[0.3523017820943323, 0.6158983745591425, 0.03179984334652506]"
5197,528.30250919436,758239.6635370126,"[0.24446549626087802, 0.08172681573521051, 0.6738076880039114]"
28969,103.01230391842378,371598.5393838466,"[0.17711414635890646, 0.5407366319068695, 0.282149221734224]"
11964,628.0710478834382,322654.67492699914,"[0.028535542782812763, 0.513746597340038, 0.45771785987714925]"
45965,779.5891433140995,189128.2951473859,"[0.33719533631366144, 0.32745509410515056, 0.335349569581188]"
20519,878.3102059557513,518403.3980890208,"[0.03640495701387938, 0.6849149362633242, 0.27868010672279636]"
13307,683.7665198709617,933039.3776590332,"[0.29105470508953046, 0.3784441388478452, 0.33050115606262426]"
40909,728.1514355002485,395043.2499327572,"[0.12257998675220241, 0.2787492707566945, 0.5986707424911031]"
38311,797.0773185556058,725798.3178731825,"[0.15778990652544955, 0.19629493194318604, 0.6459151615313643]"
1356,934.4603343613792,539835.5704230147,"[0.47553001847722315, 0.1311754136757173, 0.39329456784705946]"
48741,490.61797674852255,734144.2064942486,"[0.047918854108807175, 0.5081724953895695, 0.4439086505016232]"
24545,845.9818311214211,513760.2001651584,"[0.33377483077570663, 0.2464698062188306, 0.4197553630054628]"
28199,555.4901478126759,541225.0579726608,"[0.4595153108740413, 0.4355507819972555, 0.10493390712870306]"
3194,379.05505148171306,944118.5180785462,"[0.44121021841360103, 0.27465009837385745, 0.2841396832125416]"
14282,130.64950140334392,562619.6428720059,"[0.2960214151001984, 0.5146601370325575, 0.18931844786724406]"
36775,330.83451162086453,585856.8413137952,"[0.188635136193472, 0.030283524025813212, 0.7810813397807149]"
11419,965.8421457717436,914724.2507088124,"[0.47820884379250295, 0.15622249714228986, 0.3655686590652073]"
49508,465.2246638303418,731885.067296418,"[0.28062323347711576, 0.2228075183667527, 0.49656924815613146]"
44951,271.7998355569246,704630.1231159397,"[0.4323643641513393, 0.5660538748730363, 0.0015817609756243903]"
9332,213.8907660844652,115318.96220210793,"[0.5354411995541984, 0.05235288517973639, 0.41220591526606515]"
26964,543.9135921061081,746628.7859541976,"[0.08588880079473105, 0.6771403146709799, 0.23697088453428897]"
3500,702.9493690709055,599236.0844607942,"[0.47003649085422855, 0.07676225928917887, 0.4532012498565925]"
40519,713.2671899100384,817306.8702417859,"[0.6605314816370303, 0.17572361097390507, 0.16374490738906447]"
32997,386.7702937403119,117445.20867837596,"[0.11286195915132728, 0.5685263737601968, 0.31861166708847594]"
31254,721.979330085584,688832.3825795567,"[0.08221811351547104, 0.5583263432952501, 0.3594555431892788]"
27188,407.9905554369952,348584.3999215384,"[0.1235549301982751, 0.7580630557026237, 0.11838201409910121]"
37255,206.62511417762607,330159.3763203303,"[0.022807633421758854, 0.21786938851576396, 0.7593229780624771]"
14544,278.32785109488765,444091.3782941701,"[0.46983599075851346, 0.33760403553726126, 0.19255997370422537]"
31749,966.17282434708,542877.7557086102,"[0.4067708625923545, 0.45667595881576223, 0.13655317859188332]"
37593,231.7440186470225,183626.87145023447,"[0.3429463961521679, 0.4117117397514105, 0.24534186409642167]"
14248,22.873266733554267,387283.13969563873,"[0.8553785799468703, 0.10054905305127725, 0.04407236700185262]"
17357,634.4331003106903,484066.17963499937,"[0.5848736465509009, 0.3392121416250013, 0.07591421182409781]"
36877,947.3546670522668,903558.2231598562,"[0.24841074458692933, 0.3510759817867992, 0.4005132736262715]"
36229,166.88580701750666,560899.4878635465,"[0.6180298205027527, 0.116805685569623, 0.26516449392762426]"
7083,712.9096829565809,552215.5338022255,"[0.7275147759512487, 0.15493951854895766, 0.11754570549979369]"
22788,419.4744544356647,350006.0014832393,"[0.25284846236471153, 0.10616630469577937, 0.6409852329395092]"
6069,186.94314330688908,430654.9203860962,"[0.005199127735332079, 0.20200392694676444, 0.7927969453179035]"
38539,332.2754926405328,147062.19980942816,"[0.15732443468934687, 0.25464667138801655, 0.5880288939226366]"
44105,873.8747354860105,197150.98658998407,"[0.28821734897132767, 0.5703071755145385, 0.14147547551413375]"
34652,725.7608560812911,576648.6066407326,"[0.39211310922636833, 0.5881975901406628, 0.01968930063296897]"
10198,647.8720629328391,586656.2131624655,"[0.5734936702098816, 0.27262917178309376, 0.15387715800702456]"
13914,656.6657743295443,582557.0086762148,"[0.34853439913431267, 0.45342363849944933, 0.19804196236623797]"
14742,289.0903913745285,488499.3059107204,"[0.026522577041874135, 0.37352712237518193, 0.599950300582944]"
38235,326.91916497646395,757574.496694754,"[0.074192137250271, 0.6963286261844231, 0.22947923656530594]"
17406,983.4872561169692,139204.0241426702,"[0.7270386322199379, 0.010532175454783787, 0.2624291923252782]"
33787,848.942602642806,647651.0951897018,"[0.268288703115864, 0.0832324732652232, 0.6484788236189127]"
46927,277.4509543838957,690080.9164398053,"[0.5597798254507289, 0.4043103864862172, 0.035909788063053893]"
41193,69.7141085789551,828956.3431981832,"[0.2212941232974007, 0.22881062274132882, 0.5498952539612705]"
216,665.7349023821312,966897.0390240886,"[0.06309469715948768, 0.7815237603894207, 0.15538154245109165]"
36610,931.9036101672344,712280.9365090524,"[0.02036945518065494, 0.7051483789406935, 0.27448216587865165]"
35916,730.1581736618249,242834.9726565195,"[0.10978685127736043, 0.6363308096306901, 0.25388233909194946]"
33827,420.3923142909756,288030.900973536,"[0.345130783006852, 0.5895396250607167, 0.06532959193243129]"
4165,288.2640603342955,574580.7675074092,"[0.06837668075992819, 0.9009247772982999, 0.030698541941772024]"
44242,215.61330127931123,644220.2362433261,"[0.7647627357501073, 0.11465230390125218, 0.12058496034864052]"
15807,861.4602139285151,278850.65010546497,"[0.0960553002616997, 0.42725504717984847, 0.4766896525584518]"
7239,388.3572308169975,904142.3914301048,"[0.16052793037092755, 0.04517713683258903, 0.7942949327964833]"
42896,680.300794421047,352165.1622561236,"[0.21563419876934187, 0.03408418052630432, 0.750281620704354]"
18802,155.58058080272502,649439.7142866856,"[0.5610316744954249, 0.04813284636257439, 0.3908354791420007]"
3587,151.4356751435651,345522.9312356238,"[0.10027993307154218, 0.540898943432824, 0.3588211234956338]"
16385,183.56935308686883,292448.5296889063,"[0.49351573832433154, 0.44942743409531666, 0.0570568275803519]"
16178,594.3411173275698,850753.1939592164,"[0.2154524466839795, 0.1386559510135592, 0.6458916023024613]"
3459,20.36181608509081,276664.59281301126,"[0.4661372799355147, 0.0036190918391183387, 0.5302436282253671]"
43513,586.4601691667409,706046.3509136584,"[0.6329651872869952, 0.11658678648429407, 0.2504480262287107]"
12825,730.312126398688,128942.65257908653,"[0.04357046580855663, 0.5782930654136325, 0.37813646877781093]"
38930,709.3827325293519,418398.75027017936,"[0.1536659591409654, 0.19542971544790486, 0.6509043254111297]"
47701,156.0313971354648,499897.8273296406,"[0.06915879604198234, 0.8234995238500478, 0.1073416801079698]"
14220,213.91266017235617,729364.2815416192,"[0.28697156070976776, 0.2278438867560787, 0.48518455253415366]"
45978,796.5624532086955,165862.6474231457,"[0.18029024606934782, 0.07867968470528673, 0.7410300692253655]"
13476,532.9847938023931,247828.97978534488,"[0.004194150022989639, 0.6374765439974239, 0.35832930597958634]"
14312,698.7121711991833,759486.2567883395,"[0.3635117375890762, 0.4688011742540589, 0.16768708815686495]"
8610,419.72335231785337,599743.7777021343,"[0.10621934275900549, 0.43841075476244534, 0.4553699024785492]"
20110,540.7072711971512,926598.2441633736,"[0.6967844580359936, 0.014225833779282248, 0.2889897081847243]"
21216,602.0591343414629,825243.6662496845,"[0.8190978319132173, 0.11379546049612611, 0.0671067075906566]"
21071,875.5372587833048,877855.6175621005,"[0.26617938759918397, 0.5179863427604451, 0.2158342696403708]"
14398,688.1832193518424,590115.3579812504,"[0.5613469925027412, 0.4323437325332745, 0.0063092749639843]"
31107,86.61259247010089,957275.1185714168,"[0.20553366947595744, 0.43588526363426183, 0.3585810668897809]"
18981,824.9155492141172,111097.58971363767,"[0.14231322501833668, 0.7983745643086073, 0.059312210673055976]"
34524,962.9237674509296,741695.6781332222,"[0.13953047299813254, 0.7660238098956368, 0.09444571710623072]"
32943,136.57445835722928,502452.79796471255,"[0.3083198974403955, 0.3674105924976125, 0.32426951006199206]"
10522,405.54603553031336,263168.7881405051,"[0.6622616425255322, 0.148771142675315, 0.18896721479915285]"
33916,106.17932128797844,451100.1264763165,"[0.01687496422226659, 0.12653129331723645, 0.8565937424604969]"
292,492.3728359675421,306891.42659780965,"[0.47235437276513176, 0.21024495063242302, 0.31740067660244536]"
26229,152.23555336202185,424973.1635315085,"[0.8084582199873033, 0.16442052299355026, 0.027121257019146517]"
37886,924.6132201145722,245989.25479425685,"[0.540310190091222, 0.10161301722860377, 0.35807679268017417]"
41432,782.0538619441779,643775.2891825848,"[0.5140183551876057, 0.11089554698505677, 0.3750860978273375]"
6641,504.6911574961245,704792.7497670336,"[0.14248716151932342, 0.49842113036147007, 0.3590917081192066]"
30985,496.0808384180849,278177.6684929776,"[0.15648417713267576, 0.4611479502473687, 0.38236787261995564]"
21499,681.6312687862054,852049.3808577989,"[0.19051181501965456, 0.2464232058627843, 0.5630649791175611]"
4211,389.3711972104287,763668.349587291,"[0.10658523849621346, 0.2575993966578384, 0.6358153648459482]"
26078,212.668354243208,935014.76087641,"[0.7665951604104845, 0.207886444623334, 0.025518394966181433]"
39784,154.41827451235443,477531.1855250927,"[0.29976083753408583, 0.27429127955757576, 0.4259478829083384]"
27732,315.1731972969289,309140.6631411064,"[0.39719881307744126, 0.14601450315109282, 0.45678668377146586]"
13100,778.3519689494883,247302.8342477117,"[0.23411257046674408, 0.08178333328381843, 0.6841040962494374]"
23150,293.3066095265725,488653.9701070156,"[0.7136080055146511, 0.10740545622002311, 0.17898653826532598]"
4334,610.448880293187,465583.8186684938,"[0.08168837208122026, 0.8037107173440134, 0.11460091057476628]"
4867,377.0583888615343,401751.11035111913,"[0.7432639457973952, 0.11782256468846002, 0.13891348951414478]"
7232,538.9420447421068,527101.4359305123,"[0.07295333839191703, 0.5142727036628539, 0.41277395794522903]"
20753,326.2466403612748,110988.36308645023,"[0.6925902994285931, 0.08911165951820148, 0.21829804105320555]"
44001,412.712361362785,235474.37460186376,"[0.35140061575589415, 0.6283347924746567, 0.020264591769449038]"
34703,887.4768807055435,865734.2653959804,"[0.2928745926301191, 0.3381750019791218, 0.36895040539075913]"
11675,640.6298179257328,885323.7431091324,"[0.10820018325457414, 0.3207007737248386, 0.5710990430205872]"
24674,733.8546151344414,381356.9196353069,"[0.2377726570323702, 0.6082469273914263, 0.15398041557620337]"
26294,119.4690659874466,484412.1863175299,"[0.020035934258525068, 0.8955443935362701, 0.08441967220520481]"
11790,989.2220157597784,425374.4997176701,"[0.05220186100835848, 0.4406075837789182, 0.5071905552127233]"
28942,142.81527218636637,532658.4766777857,"[0.7370697487814806, 0.14577109826962117, 0.11715915294889821]"
35448,412.0062855359345,113563.97800810872,"[0.10542382350284012, 0.8373683619059412, 0.057207814591218605]"
40160,788.4433497744953,457386.1856204195,"[0.34677864534797637, 0.1711346134281055, 0.48208674122391815]"
6289,89.84830634233465,894985.6577971345,"[0.43317132793568724, 0.5305483691306578, 0.036280302933654925]"
5065,590.0777570818946,687219.1517675243,"[0.3690456793308589, 0.42759051614658833, 0.2033638045225527]"
36999,845.998314423264,471917.5910490175,"[0.6060327469791646, 0.36000260426707914, 0.03396464875375621]"
47404,968.130230064059,390691.7062435841,"[0.48186450958228966, 0.13464492754679047, 0.38349056287092004]"
18576,426.4832766932717,925542.9367027284,"[0.46162616244640087, 0.3440540911033916, 0.19431974645020755]"
13951,319.055669916063,770107.7996037189,"[0.5000249904817363, 0.2685351538239492, 0.23143985569431444]"
12520,770.8327212393312,101631.58641699296,"[0.4047796957739181, 0.2617610119015766, 0.3334592923245053]"
14331,57.7027669899122,939306.6099551064,"[0.07173953009468027, 0.7161427850383872, 0.21211768486693236]"
23544,902.241236220304,593919.1581024725,"[0.6474933624281825, 0.09667376832567164, 0.25583286924614607]"
35503,575.4787607509962,878705.9237839717,"[0.016727415675640827, 0.8344980873092258, 0.14877449701513343]"
38575,115.20337592725804,798563.5040876442,"[0.33299987598433345, 0.3960869787753236, 0.27091314524034305]"
26617,538.1359965821624,943506.4403885206,"[0.24892410317663838, 0.2523196096880445, 0.49875628713531706]"
46513,65.38841162035995,196592.9954495327,"[0.11038448384667567, 0.34867623861958036, 0.540939277533744]"
2483,992.4599421004136,557093.7511069893,"[0.03575736469404337, 0.2373268273758432, 0.7269158079301135]"
32128,640.7902589256826,142650.00340553178,"[0.37665494123037857, 0.504347921586535, 0.11899713718308647]"
29543,230.12597644152743,198028.75031391293,"[0.1258520677658553, 0.16872587495006358, 0.7054220572840811]"
14117,774.1676116514169,920111.8198942868,"[0.4851075307500858, 0.4725010718255345, 0.04239139742437983]"
28151,705.2494658874773,954615.4224840832,"[0.3268191989553945, 0.5848882764706359, 0.08829252457396962]"
4899,854.3661251183579,825731.8407911168,"[0.3682410528466227, 0.47512688818684845, 0.15663205896652893]"
14885,527.4456986699581,918281.576544039,"[0.3551619978193444, 0.03863787342062228, 0.6062001287600333]"
43416,91.48920418798014,798381.0886525178,"[0.8036358568385278, 0.13156568323085077, 0.06479845993062132]"
6838,974.712678524385,410598.4885395039,"[0.27307712357571096, 0.2412573890568648, 0.48566548736742415]"
12325,789.9188371922384,409583.95388361753,"[0.4426863957191768, 0.36545111379688505, 0.1918624904839382]"
6446,581.3115225103709,730810.1536613444,"[0.15235972061758737, 0.7273069563162389, 0.12033332306617364]"
22820,988.8810227492556,516571.80799422,"[0.0020133494412479325, 0.07895216710894566, 0.9190344834498064]"
31346,940.1664721274118,963994.02191309,"[0.3911105675267577, 0.24320118613777814, 0.3656882463354642]"
44862,353.41969552061704,690467.959313363,"[0.14530939358066935, 0.038898441924192464, 0.8157921644951381]"
6224,366.770517659562,254287.3689520502,"[0.4586673509716066, 0.1355632128449473, 0.4057694361834461]"
47926,749.1640015269872,587717.89462295,"[0.24840805167968866, 0.2183347213422004, 0.5332572269781108]"
32355,851.3863704282289,747201.1435434378,"[0.08146789921102306, 0.848958261603942, 0.06957383918503485]"
30831,143.7749039785777,641686.6863722538,"[0.3107412428925439, 0.3113829024225522, 0.377875854684904]"
26057,884.615446864763,692114.1687027774,"[0.2610895845998136, 0.3029730552601975, 0.43593736013998896]"
8306,140.92846935019983,299135.19806545245,"[0.23233647003610516, 0.3028392294140355, 0.46482430054985924]"
37505,982.278802362923,105493.32728445904,"[0.3000353208425272, 0.34794980073424353, 0.3520148784232294]"
11925,41.24844593367517,221864.0064320473,"[0.18973624033580896, 0.2598433988838211, 0.5504203607803699]"
29512,144.67935507613055,415677.6577086747,"[0.09934497917778169, 0.8414338162986839, 0.05922120452353435]"
29818,541.7454316159309,593005.2498707804,"[0.33202365473482115, 0.34035537644840735, 0.32762096881677144]"
16991,994.632998816622,688169.8376739125,"[0.9240434892696643, 0.06346553879861654, 0.012490971931719254]"
39075,531.6505276942229,435558.9786223556,"[0.22211314933432555, 0.6164093226789236, 0.16147752798675086]"
43156,823.8863872531555,488570.7059396226,"[0.7293923697408147, 0.2683472596778282, 0.0022603705813570314]"
11836,695.0102176049311,466890.29115859023,"[0.24802966352614375, 0.2764591068391372, 0.475511229634719]"
24003,883.2637472652478,223797.0298978268,"[0.8676832230645208, 0.05074273480352634, 0.08157404213195285]"
35502,494.84015163394974,854469.9061723184,"[0.15364416069643572, 0.1956809613138334, 0.6506748779897308]"
6617,778.9417534809547,270782.2420352332,"[0.06473028250400224, 0.3532311140411817, 0.5820386034548161]"
35901,961.3919957838632,302302.9830917306,"[0.2592048723702968, 0.6141516943833623, 0.12664343324634095]"
39850,913.7232504003688,539667.0807439126,"[0.020306980731420256, 0.012961067670466696, 0.9667319515981131]"
20140,187.1666497952734,750864.6347475777,"[0.7173600937583972, 0.07012597993746375, 0.21251392630413896]"
38436,782.3689501779903,902632.5537134954,"[0.07887533740958584, 0.37031029253125397, 0.5508143700591602]"
16717,924.0476966171838,409316.6336009529,"[0.24805601971921915, 0.45707144669654903, 0.29487253358423177]"
42115,507.4304232005219,882126.91446001,"[0.5942125083179793, 0.20269896468265708, 0.2030885269993636]"
28093,761.8597831164794,708020.7205186741,"[0.0851661567541498, 0.36208222441206667, 0.5527516188337833]"
4000,677.9529551072794,122803.8749794436,"[0.05861679259758547, 0.45879391363937877, 0.4825892937630359]"
8135,929.265109584924,315653.69693456526,"[0.4544703417981136, 0.32871995208122023, 0.21680970612066622]"
14966,677.1614656390511,965540.6309954782,"[0.7339495900575639, 0.14880014526723015, 0.11725026467520606]"
29048,414.8562599902646,526642.5653134185,"[0.030092657071594822, 0.5667263952680012, 0.4031809476604041]"
2319,238.6695346296304,954036.5756118495,"[0.43686794718275457, 0.47844338460335106, 0.08468866821389434]"
35920,997.9956087874828,823359.9942289853,"[0.23962054475117756, 0.1598005667528924, 0.6005788884959301]"
22088,914.6641819771762,440204.4044253571,"[0.014805898068581267, 0.29496169913920806, 0.6902324027922108]"
15581,298.7223111599365,266873.9891632757,"[0.06639547054118267, 0.6462874983347607, 0.2873170311240566]"
8741,337.500178029117,899469.223496433,"[0.5009882878914679, 0.19575394635205448, 0.3032577657564776]"
19510,400.15418885986185,126349.01791661466,"[0.5899592944254194, 0.1838628153716858, 0.22617789020289486]"
44046,887.4094535211179,340236.39174420567,"[0.36250242139832173, 0.23181334337194953, 0.40568423522972885]"
39621,961.6555548151013,603806.1670105846,"[0.6353717904543132, 0.18870466469654845, 0.1759235448491382]"
49518,274.0920733844715,725890.9000487691,"[0.3245660097138673, 0.37796700284078844, 0.2974669874453443]"
33371,596.8623697726478,452030.7406160684,"[0.6091545041407276, 0.2929623764529864, 0.09788311940628604]"
29210,941.7936096910512,460115.3047416136,"[0.2992433266847155, 0.6734902184986321, 0.02726645481665241]"
18280,461.4023168785472,967354.712316785,"[0.22151046049507997, 0.2469670358434477, 0.5315225036614722]"
25525,337.6418752873437,165048.22949155475,"[0.4523295414676677, 0.07561782253363922, 0.47205263599869307]"
41143,709.9838538701645,632624.0997483389,"[0.5088865425454278, 0.25574705587976054, 0.23536640157481156]"
30683,940.8224597135109,865058.2240236315,"[0.7952715977577943, 0.01926728717801855, 0.18546111506418717]"
5806,277.2325905850888,641420.603066619,"[0.1515076061516021, 0.18499024785128743, 0.6635021459971104]"
46818,624.2997769138207,769736.344789503,"[0.175834039313974, 0.5169565292108572, 0.3072094314751687]"
21749,154.64689000968963,712267.8096431948,"[0.49711456855151126, 0.48105514056543575, 0.02183029088305319]"
45931,819.4763357353702,325896.8178705206,"[0.8009465288181329, 0.12855694205274326, 0.07049652912912394]"
28714,146.83286277646607,475483.5315481583,"[0.5652684656235339, 0.1678157466717385, 0.2669157877047278]"
145,781.330050878087,818669.892209822,"[0.13433147288831646, 0.28188156236038964, 0.583786964751294]"
10420,225.148652573803,199480.21749032452,"[0.035300361940242296, 0.7421361045908107, 0.2225635334689471]"
16335,168.84104477296992,949429.7459607362,"[0.06447409761809565, 0.7540242196654141, 0.18150168271649025]"
46309,880.9318150488782,515758.9335161226,"[0.04465243893224913, 0.7395441103886711, 0.2158034506790798]"
16412,569.9909435994736,629026.0762283911,"[0.5940768158310514, 0.07127487786239191, 0.3346483063065565]"
12715,846.0562627430817,782270.0693201047,"[0.3350492883725541, 0.32318820725028946, 0.3417625043771565]"
42821,537.7118156965684,457972.2307962048,"[0.18450542216749893, 0.7141044553162869, 0.10139012251621426]"
27973,86.17848536887169,474259.7678298994,"[0.2534155399237945, 0.43803412036564315, 0.3085503397105624]"
29432,743.4461841010551,312858.0528803902,"[0.3596586982844315, 0.12842782189684895, 0.5119134798187196]"
3599,237.10606457638423,511177.3361879604,"[0.050480262938385874, 0.1275280245826366, 0.8219917124789775]"
45071,501.5369416614056,789113.2134561844,"[0.8684868468662797, 0.033753095851845424, 0.09776005728187465]"
17593,432.4960820735564,874749.9610823054,"[0.08513094106917804, 0.7250977962251612, 0.18977126270566058]"
40175,990.0379020403528,557934.2470979899,"[0.2791093727930273, 0.37682282594641886, 0.3440678012605539]"
10121,924.1712047572626,933566.3719925192,"[0.35251934305725313, 0.04488361155734983, 0.6025970453853972]"
44608,366.5397180226757,377913.7216562153,"[0.5558038292552137, 0.02299729453525844, 0.42119887620952795]"
2005,751.0641735940845,737911.8036466445,"[0.10600256108260084, 0.7128384383814002, 0.18115900053599898]"
18892,139.42675559050485,683430.0915659901,"[0.7504594719434821, 0.02255438535138396, 0.226986142705134]"
12561,165.1560432137404,471215.5280762087,"[0.4153953388476823, 0.2142061226594741, 0.37039853849284354]"
15392,989.4168945780146,740269.5837247042,"[0.269759269118485, 0.5737334852919915, 0.15650724558952359]"
46759,393.1141357473831,552469.6081256012,"[0.3610396719095819, 0.5576038140855141, 0.08135651400490415]"
4792,458.6371955508768,389569.0489386111,"[0.5506460941045904, 0.03942826141478519, 0.40992564448062446]"
19242,81.71855341591032,171314.64262741193,"[0.1768369663403733, 0.4708550956575341, 0.35230793800209265]"
23744,882.6866467226914,994305.230680259,"[0.010337095953624406, 0.6226914802857214, 0.36697142376065417]"
46662,216.60164548940173,703745.6379503709,"[0.2866678687936374, 0.566243393779561, 0.1470887374268015]"
34778,792.7677799535013,596399.0857350486,"[0.4859837246606097, 0.35753779137661135, 0.15647848396277897]"
48127,704.4245379290137,296970.24068042124,"[0.3454456773293062, 0.21949865158197554, 0.4350556710887182]"
45690,769.3959858142345,351123.8519908288,"[0.35761540132218106, 0.24516478937492475, 0.39721980930289397]"
6635,919.6049805905948,976207.994181836,"[0.030645016860364183, 0.35689982980121515, 0.6124551533384208]"
33750,155.38361200572106,400402.4764566555,"[0.24092734067831093, 0.5828602264907679, 0.17621243283092122]"
41110,979.9792643376496,102726.77237956738,"[0.3150686380379088, 0.07739543967711315, 0.6075359222849781]"
12294,273.57062967240506,812116.8423041636,"[0.7616500963400751, 0.14733027812864952, 0.09101962553127535]"
7537,118.12026901173414,464115.0681755669,"[0.47465223342476537, 0.0946258252804035, 0.43072194129483116]"
8476,97.1037899804353,159869.58497122658,"[0.10992428769117535, 0.39062740889520614, 0.49944830341361857]"
35711,662.9280296245141,553264.4183707971,"[0.3444218102879121, 0.06406133078405736, 0.5915168589280305]"
18908,619.9622901544318,565352.4111753015,"[0.06859119063378914, 0.049563025668305616, 0.8818457836979052]"
25545,584.6746772556963,759704.0559216477,"[0.13643316197146735, 0.7515847591560338, 0.11198207887249868]"
13077,988.836569977708,609375.8032145915,"[0.07499542159074082, 0.887798997907842, 0.037205580501417264]"
36773,734.6793045011761,170770.46099319382,"[0.03399788354230918, 0.20275659991808287, 0.7632455165396079]"
188,124.74158341530564,307580.23478008376,"[0.2022378561948678, 0.7453182009775912, 0.052443942827541064]"
33183,109.05481719156016,575206.4914529284,"[0.0044610823147095, 0.5090272326907324, 0.48651168499455816]"
25414,29.825863694045413,607227.6731364515,"[0.2085201088128607, 0.7711615083915132, 0.02031838279562612]"
10459,478.8095949187976,816759.5911219794,"[0.23649484275361485, 0.011894969621988188, 0.7516101876243969]"
26758,471.0353846109778,861579.8425079448,"[0.06406436742016598, 0.00046760492865129534, 0.9354680276511828]"
38033,159.01489430890854,367449.0758230216,"[0.32471445191192777, 0.3966369436929399, 0.2786486043951324]"
2572,176.3007809366477,910801.4239490645,"[0.25630983902063936, 0.4484863220978573, 0.2952038388815033]"
33152,513.8113459473846,371872.796041679,"[0.22936105634218676, 0.6850354442970127, 0.08560349936080057]"
16926,941.3571966280144,592755.3234007291,"[0.22705290737959472, 0.42179237555258386, 0.3511547170678213]"
22629,66.78626053420643,752142.3451003737,"[0.5639717058484349, 0.08405808295805488, 0.35197021119351035]"
14946,947.3695197492842,139119.57349166175,"[0.4379603900043061, 0.4804280339536597, 0.08161157604203416]"
31899,471.16792990085736,576593.4827480154,"[0.6094590478759, 0.043154550909272046, 0.347386401214828]"
10961,27.20268765274061,116286.10853779812,"[0.06445971230977385, 0.1638972029839831, 0.771643084706243]"
28401,365.14234068905887,113562.9490733988,"[0.25393310229653726, 0.03539365424120174, 0.710673243462261]"
5296,835.896461593193,271351.7918532359,"[0.1698827838875832, 0.7187003913255035, 0.11141682478691327]"
16788,324.08695131626644,450074.01594249846,"[0.058973973215042226, 0.036803224471940205, 0.9042228023130175]"
31667,172.6804966694066,187656.70917888853,"[0.12959007947159173, 0.34853137269783224, 0.521878547830576]"
41430,615.0404676640926,208414.82710690267,"[0.11900539625743713, 0.6493600707568716, 0.2316345329856912]"
22982,591.8286492312449,915206.7415850442,"[0.5354506477879558, 0.22268320014112997, 0.24186615207091416]"
19407,341.53161038564264,737258.8798566615,"[0.2109941587790103, 0.0859701059811794, 0.7030357352398102]"
38392,966.9833126162684,762466.020278569,"[0.11463630363395086, 0.6225148787320389, 0.26284881763401025]"
23736,338.46464623719515,741051.1779121085,"[0.24186785218189572, 0.35751733470438296, 0.40061481311372127]"
34851,782.1235254516606,193911.2612433182,"[0.3930177709984649, 0.512337174119176, 0.09464505488235893]"
30222,579.0943458493393,446182.72016726737,"[0.5088395893017766, 0.38938903676589415, 0.10177137393232932]"
4569,721.2811006464419,548151.6835618024,"[0.5503971264141093, 0.23673822959672855, 0.21286464398916205]"
48504,871.609164682244,845336.9185328198,"[0.44549002542099586, 0.10901393016642875, 0.4454960444125754]"
48518,96.19398321726864,234687.55921916413,"[0.579344617518791, 0.3320245815573606, 0.08863080092384856]"
34217,975.9672574915272,622822.0366653586,"[0.12068667142151256, 0.4023736635257771, 0.4769396650527105]"
21823,574.0238931257574,787843.9683600798,"[0.5818426097957586, 0.10556416723700553, 0.31259322296723585]"
45414,338.95894139517696,589316.5468613718,"[0.5332618477761177, 0.0826073805445347, 0.38413077167934767]"
1134,767.7665479564076,874054.0785135732,"[0.36156487152511824, 0.562172521694949, 0.07626260677993289]"
39825,406.5491549834322,830225.412361976,"[0.2679999311806757, 0.6271342938589389, 0.10486577496038542]"
13177,317.1515686265591,725882.7967036362,"[0.24988138516458241, 0.5272223120309244, 0.22289630280449316]"
15931,200.1998828346213,593177.9082510767,"[0.4541184280419017, 0.5314782972333976, 0.014403274724700661]"
33203,330.85752212281994,499008.0210705383,"[0.26142283967225327, 0.6689157605618752, 0.06966139976587143]"
21086,716.358782520202,359747.52503129025,"[0.20636963629653324, 0.23460922494071043, 0.5590211387627564]"
25376,288.38712496536675,918965.5238420984,"[0.08824859642523163, 0.4742594482271531, 0.4374919553476152]"
10255,338.12334217297484,512936.7241373769,"[0.27884099696103615, 0.30197449819445166, 0.4191845048445123]"
37973,845.1735435795356,520831.4615504288,"[0.1775020518266702, 0.02574309408008148, 0.7967548540932483]"
27192,618.8684618050703,658278.5640968625,"[0.6525095781744846, 0.16614441489665732, 0.18134600692885805]"
13470,118.47026110518,173368.84950682713,"[0.009899559859963918, 0.1144802306455521, 0.8756202094944838]"
28184,10.12093347234261,338133.86082916555,"[0.8272197013337408, 0.12842135098605528, 0.04435894768020395]"
21609,633.4656363096946,313839.6069994569,"[0.5917985602623637, 0.10893051828050739, 0.2992709214571288]"
32957,362.2397458913615,678109.6285782682,"[0.5067257611574338, 0.1499683659183824, 0.3433058729241837]"
16749,711.4535870795986,308576.8802859525,"[0.8160302067161481, 0.18124790540702282, 0.00272188787682906]"
37866,774.2115725173493,650870.7827729045,"[0.21646271741242898, 0.4305883046717544, 0.35294897791581664]"
11473,396.95569199438063,961430.4863476251,"[0.24180634772842605, 0.633358089393391, 0.12483556287818288]"
34429,110.17999365939656,758163.4371257032,"[0.3497570595150473, 0.5680012733768384, 0.08224166710811424]"
1727,398.0111744156324,656237.2533752866,"[0.37093269890820185, 0.4453869578416267, 0.1836803432501717]"
27737,931.0126169355714,401418.0471469299,"[0.2685539741334728, 0.08264571838975049, 0.6488003074767767]"
13269,760.2279392702418,279758.7932794102,"[0.5168614237512189, 0.144658620291716, 0.33847995595706526]"
44225,731.9786809564216,826401.6417954825,"[0.23629055315698708, 0.6484338610628944, 0.11527558578011875]"
1172,425.8039605230887,822573.0968907877,"[0.2970264716177497, 0.26573811072906617, 0.43723541765318424]"
27048,777.9075970665234,897381.4412710504,"[0.2542363702884049, 0.6713296106970782, 0.07443401901451682]"
46477,349.13569798184216,539064.6795488412,"[0.5425844165957519, 0.2621463926862699, 0.19526919071797824]"
19046,791.2469481795101,115662.02484844768,"[0.14023828369165986, 0.16956182624181287, 0.6901998900665274]"
21468,446.22395739688767,197276.2069167765,"[0.3535115289545342, 0.34087759598711576, 0.30561087505835]"
42256,839.3380634719992,354759.5383406334,"[0.3109341705892, 0.6334403688495936, 0.055625460561206416]"
28071,971.4627607662696,600735.7681145224,"[0.24970247049995128, 0.34649938157876575, 0.4037981479212831]"
5696,905.656178647463,789506.7390679221,"[0.08910727601310889, 0.10817333945115895, 0.8027193845357322]"
9545,778.4121475920202,636946.7346870166,"[0.24330414982936716, 0.18527172650565227, 0.5714241236649805]"
44612,329.3830735769088,864685.4796351965,"[0.26889359892694453, 0.2513575838546837, 0.4797488172183717]"
49260,388.4047121538702,376140.8306068588,"[0.6017173142776318, 0.3943517940957895, 0.0039308916265787695]"
8443,247.5392327055278,415560.49655951903,"[0.09342965440597989, 0.7008848336952842, 0.2056855118987359]"
2459,64.01733781324228,369269.5827293945,"[0.3264131513871765, 0.5865998564835256, 0.08698699212929775]"
23751,229.77340733426945,464399.89196835685,"[0.23645237822426762, 0.29444941068820696, 0.4690982110875255]"
27918,896.794273679157,369040.1503275416,"[0.10471728037335597, 0.4307338271608018, 0.46454889246584236]"
12445,461.5459700044412,905360.1201628756,"[0.024394078522502763, 0.5772842555047488, 0.3983216659727485]"
6977,885.3201333149649,348931.20648408035,"[0.6270084593896467, 0.12015470132663122, 0.2528368392837221]"
27826,146.24577392854172,488879.9879950385,"[0.6180758565027736, 0.07554527742935901, 0.3063788660678674]"
15423,573.2933976096166,237744.53086664857,"[0.3689669683489928, 0.00017908351127485903, 0.6308539481397323]"
17898,978.132351461806,479537.29779816687,"[0.21589381675905256, 0.026149009509212066, 0.7579571737317353]"
25274,144.54118697661193,413547.45302802935,"[0.12785743443158906, 0.48774205279119814, 0.3844005127772128]"
37545,647.7212954337626,798937.0891551288,"[0.10325166543087838, 0.09149165456762406, 0.8052566800014975]"
35080,234.85067483366075,963367.269583116,"[0.23525579012213563, 0.44044802698991314, 0.3242961828879512]"
21333,90.8321814614017,705688.2945027426,"[0.36987303304403796, 0.3491522623510791, 0.28097470460488294]"
48146,373.3526128863986,616430.0997033373,"[0.4812037243486433, 0.30262858046863855, 0.21616769518271828]"
13913,857.2988194684634,991181.3699429143,"[0.3559317603195609, 0.16299398172213278, 0.48107425795830644]"
40213,888.508709756245,397576.1965705848,"[0.02644838150280635, 0.8281835385775828, 0.14536807991961084]"
21859,266.17027169318783,862879.1241192039,"[0.9518300612725255, 0.03160900648685731, 0.016560932240617127]"
21413,875.7583707632784,812251.3135649625,"[0.2182183918017789, 0.09633920737333151, 0.6854424008248895]"
47353,589.568835109035,303851.1854095804,"[0.04203778435202533, 0.49988454470254284, 0.458077670945432]"
12601,843.792773881601,473417.9398264334,"[0.17802802841463913, 0.08578149614629436, 0.7361904754390666]"
14365,113.7319119867815,276415.82859502424,"[0.3120567961433426, 0.10663295152040578, 0.5813102523362516]"
14458,513.2205049904717,482357.741060854,"[0.013901423200236188, 0.1712998876964021, 0.8147986891033617]"
41124,777.5354899799438,950685.8561477156,"[0.15946026646556055, 0.006438700395250743, 0.8341010331391886]"
10160,263.48837828437263,230336.57622662143,"[0.2998276530710767, 0.043842437851683604, 0.6563299090772398]"
47956,86.89401612495347,551841.9473774896,"[0.34648215686543166, 0.19057870810047045, 0.4629391350340978]"
20044,60.41461344381556,541218.6255308104,"[0.26819636262059415, 0.49611127412712636, 0.23569236325227952]"
43143,121.58334831136824,616022.5369551161,"[0.29669741586137316, 0.09344887772398665, 0.6098537064146401]"
4501,894.5592522029704,664985.7256823163,"[0.28704752123939714, 0.6390970262045059, 0.07385545255609688]"
4637,71.40231539959044,933017.0030426095,"[0.052743149198091296, 0.1230255011675366, 0.8242313496343721]"
18617,777.7800956768809,903567.5659106058,"[0.09503979515205671, 0.21539351694017497, 0.6895666879077683]"
47989,911.1369941570988,667822.0323150337,"[0.18433439408691987, 0.6334949383332177, 0.18217066757986244]"
15904,616.9843532277926,418601.7214265021,"[0.25422033500756536, 0.6571530831185085, 0.08862658187392625]"
14431,888.7278605250498,783560.1258590925,"[0.43585961001423346, 0.10385280839460416, 0.4602875815911623]"
11287,66.21265548663857,477493.5297422291,"[0.047051749824062065, 0.5811157562881768, 0.3718324938877611]"
11370,437.45167062787385,858664.8654421279,"[0.25812761570565795, 0.25898428522137856, 0.4828880990729636]"
8531,718.8192444187291,392416.7079539011,"[0.3761464540238222, 0.07890437201292863, 0.5449491739632492]"
35305,841.4724974375847,332639.14600404724,"[0.07407196968908372, 0.07025868187726117, 0.8556693484336552]"
1390,416.01287898714935,986286.3948313716,"[0.11437076660833606, 0.3189470712023215, 0.5666821621893423]"
22106,77.17307354505574,117693.3855714302,"[0.2238524600117411, 0.08690887259689999, 0.6892386673913589]"
15263,279.3909015185921,548559.9631720848,"[0.10617601166008621, 0.5760622598905838, 0.31776172844933004]"
16547,16.418153718101806,820149.2562258162,"[0.10344798758476337, 0.20025605854825293, 0.6962959538669837]"
43121,817.853484872107,924680.1312554626,"[0.6339828660850626, 0.2144150069396925, 0.15160212697524475]"
18957,836.5713821807585,524089.0134607582,"[0.11114640100333736, 0.26155813104996806, 0.6272954679466946]"
30529,121.61393575909923,859452.3173358466,"[0.5694400138546275, 0.2606036028312017, 0.1699563833141707]"
49016,966.2082681860996,403725.21632801567,"[0.31839188817132164, 0.42036838137346705, 0.26123973045521137]"
16773,950.1367264292036,245551.03625114332,"[0.041353870370678454, 0.8128133233149426, 0.14583280631437912]"
44933,548.9422976463757,289915.52442492166,"[0.46917962524202034, 0.03200075520712992, 0.49881961955084975]"
11882,869.1917308630104,645440.1622599913,"[0.12573315301952315, 0.01845095712816599, 0.8558158898523108]"
16919,389.7420904268452,626289.1185343671,"[0.4945997484558699, 0.05672222983745778, 0.44867802170667237]"
157,116.10700219914582,971958.3385775496,"[0.6328183246804068, 0.188649899161014, 0.17853177615857935]"
29718,843.7341872123877,474759.30938328645,"[0.45245014997389293, 0.1477630940857008, 0.3997867559404062]"
28435,165.8459636858147,305871.93822902814,"[0.5033737675853271, 0.2952997740700623, 0.20132645834461063]"
40481,721.9573253348229,562582.2100043725,"[0.11880443220956938, 0.5535952508654539, 0.32760031692497676]"
9568,597.1974943525215,301462.11715712165,"[0.081743529377356, 0.7136939368847832, 0.2045625337378607]"
28646,330.48704517436306,389159.1505380586,"[0.285067281153118, 0.13752893694625207, 0.5774037819006299]"
14368,242.95982279116188,914604.2969909182,"[0.22430426183602084, 0.45455663808746954, 0.3211391000765096]"
11968,11.909074901041883,147451.0937683466,"[0.3842037009641605, 0.05504642675238281, 0.5607498722834566]"
23041,877.3034989010422,298487.6713339534,"[0.25922445372640374, 0.4295203688681144, 0.31125517740548175]"
7861,204.6733873515393,325358.9705700692,"[0.048295873086236674, 0.6906038293450811, 0.26110029756868225]"
29862,21.55108955291351,894776.0853732638,"[0.20357880277497115, 0.7655761851692943, 0.030845012055734637]"
20870,350.2922542898089,770818.2958339432,"[0.09814359700915627, 0.8378692608300465, 0.0639871421607972]"
19497,963.7344703707868,372281.9021073423,"[0.09589442502393046, 0.33854605497692136, 0.5655595199991483]"
12893,978.810851134423,839614.2249619717,"[0.02370263649157823, 0.5761496901999269, 0.4001476733084949]"
10764,817.0192763856944,677920.793844586,"[0.43072453560812085, 0.11998236273621801, 0.4492931016556613]"
35352,911.4720979804912,213046.0612847156,"[0.08535920304910626, 0.5098528709221838, 0.40478792602870994]"
42184,361.995193870858,770562.013943455,"[0.6136925881035155, 0.20472671009873317, 0.18158070179775151]"
16059,403.9650319251457,127734.40418519736,"[0.21046443259561962, 0.3645977212344857, 0.4249378461698946]"
12089,332.86748638797496,891221.1694202337,"[0.06907885406437826, 0.871729052890634, 0.05919209304498788]"
1217,723.0491835013157,689114.5440820145,"[0.37542946364864493, 0.17419781972537263, 0.4503727166259823]"
5708,683.1164066979036,136381.84865623713,"[0.25632139878946925, 0.6279186085018817, 0.11575999270864903]"
36213,260.47085023606724,276715.6411630737,"[0.3516674443972478, 0.25139012913173037, 0.3969424264710218]"
29692,523.2345195102508,408976.66708276543,"[0.4177271000114543, 0.15624459698821502, 0.4260283030003307]"
12999,541.0059241270684,274346.02574753633,"[0.3321740661755292, 0.08945897177419364, 0.5783669620502772]"
5540,949.576767164392,217562.38278297675,"[0.03237705031220917, 0.3890850550218611, 0.5785378946659298]"
1934,213.46276239990428,428006.67698304617,"[0.14417307405230273, 0.23552447504173094, 0.6203024509059664]"
35228,32.3331334083946,942195.3323345731,"[0.10494533979285885, 0.718483326949829, 0.1765713332573123]"
46025,269.7232744073577,625508.4398652343,"[0.5331397164359023, 0.1644339171223297, 0.30242636644176807]"
26537,944.1683044781208,798327.3967482453,"[0.31766251852353367, 0.5464536090623501, 0.1358838724141162]"
27125,897.398012723579,843878.8673658385,"[0.5727901555950707, 0.1503395385115418, 0.2768703058933874]"
25323,757.69163092524,272822.4313657102,"[0.6298827269347307, 0.10985161368104505, 0.26026565938422436]"
3764,855.7203711529326,197305.11553474865,"[0.07838592389323477, 0.08743853907634595, 0.8341755370304192]"
13711,841.6188230693454,894957.086463061,"[0.1167306695601539, 0.856666776693013, 0.02660255374683306]"
2571,581.6111981519132,971497.9923315336,"[0.11374601726213113, 0.18396249599989026, 0.7022914867379786]"
14287,190.91224043686915,705067.3255095467,"[0.6666387854121325, 0.2977480627793502, 0.03561315180851736]"
3299,108.69299676800048,209358.07357717125,"[0.09767415447614924, 0.2284724936206097, 0.6738533519032411]"
45683,545.3913119716068,954639.0921929508,"[0.5618128351126189, 0.29333913319377614, 0.14484803169360488]"
48276,830.4582902932597,618474.9373037865,"[0.37755387634743626, 0.1904002247713023, 0.43204589888126155]"
15133,378.722158396778,327401.51077535417,"[0.10657200152151276, 0.36712947640456073, 0.5262985220739265]"
49019,913.335763028603,265146.97394309286,"[0.7464551681378825, 0.18593340738177302, 0.06761142448034459]"
1311,163.28072497820213,401515.1109164798,"[0.41449695408293746, 0.28075861329904206, 0.3047444326180206]"
39491,790.3969585168919,769232.6640155669,"[0.028707016871864884, 0.5533175460585541, 0.4179754370695811]"
40935,607.6609169561258,994893.1581079972,"[0.08633843931313726, 0.6194402354485278, 0.294221325238335]"
2493,415.1254291918477,912477.6926251422,"[0.4947134120299318, 0.11370692822215152, 0.3915796597479167]"
37619,801.5121972750762,755254.0415713051,"[0.1633097138497452, 0.08172854112573345, 0.7549617450245212]"
47409,381.30338397192975,742992.8129488651,"[0.41473660509683696, 0.1518552903881467, 0.4334081045150163]"
7745,937.4392420585752,271107.9905455252,"[0.02970363445144827, 0.13813266074463784, 0.8321637048039139]"
2604,233.550479234026,224255.4845965953,"[0.2549386675328403, 0.6778477398805421, 0.06721359258661765]"
25705,714.4032723612563,257071.83901877532,"[0.5521330769474296, 0.4043508385873648, 0.04351608446520549]"
5938,992.1196278892348,147458.61975540625,"[0.8793570615283433, 0.047056442424605514, 0.07358649604705124]"
28099,715.2656107497005,955793.1812005412,"[0.6716435233670276, 0.12408597261169016, 0.20427050402128222]"
36953,694.5214820694832,642707.2936319957,"[0.2473148668395872, 0.3951104958267677, 0.3575746373336451]"
48662,719.4229331893882,155856.85464141675,"[0.1879764066849363, 0.1237785128274679, 0.6882450804875959]"
44601,620.6713572104087,972658.4725757174,"[0.3020682790162416, 0.028777654298806583, 0.6691540666849518]"
36958,196.755304733185,505210.7689471339,"[0.10883767543309186, 0.5255674990503101, 0.36559482551659794]"
8992,928.4539925737406,728128.6795867134,"[0.13235951296459308, 0.7499788894973088, 0.11766159753809816]"
26261,13.92947252265946,669685.5079892009,"[0.6482393101778886, 0.17884674151031574, 0.17291394831179566]"
47289,422.6392955947409,482693.9542362482,"[0.4896982375997546, 0.4601752435711649, 0.05012651882908036]"
19743,483.958741029564,380345.5359695695,"[0.19893071309578197, 0.28644252991420815, 0.5146267569900098]"
56,592.8826814611018,815710.2570419797,"[0.23151739678554561, 0.5484099049771004, 0.22007269823735406]"
10653,240.77906129509964,707361.3134562549,"[0.54244058658347, 0.04520114858467476, 0.4123582648318553]"
1632,807.8174285860188,909389.9895961024,"[0.16303397354842009, 0.7226497579243387, 0.11431626852724112]"
36375,265.9981300658004,466009.5253331383,"[0.18986471092676474, 0.6115553914551726, 0.19857989761806272]"
22893,745.4578348699309,484819.5167906613,"[0.3265761207275828, 0.1707280956127426, 0.5026957836596746]"
45841,866.7172475232476,879199.9558695712,"[0.09849427136472534, 0.6694687143207357, 0.23203701431453885]"
23374,301.3119971645747,616754.3707764663,"[0.27823043265119884, 0.6312576237427958, 0.09051194360600541]"
9495,36.766405331130414,757924.3356043837,"[0.03308290457405915, 0.6138648303804142, 0.3530522650455268]"
47415,687.0055662061421,105322.84776481216,"[0.039248434997637756, 0.7614199594392946, 0.1993316055630677]"
13954,520.3518699837334,722483.6381171278,"[0.037644170959448754, 0.7870197770947331, 0.17533605194581814]"
43253,572.9935889516398,708709.4995809434,"[0.19921285485420384, 0.29895374325846125, 0.5018334018873348]"
16718,484.2326431589674,750789.9852668756,"[0.19494937306436155, 0.07921971743057551, 0.7258309095050628]"
32221,455.5910266195528,200543.44673070373,"[0.5144561755198591, 0.19295572083561677, 0.29258810364452426]"
46596,964.2866619288476,666071.08708067,"[0.010034356133774645, 0.7852266504996962, 0.20473899336652912]"
5235,38.81800560581332,508695.3155980168,"[0.4941248991470597, 0.25025997615569784, 0.25561512469724246]"
24707,551.0519343749618,133725.5697636091,"[0.14316540963378932, 0.21221750198408354, 0.644617088382127]"
2122,404.4325290917115,561495.4223445791,"[0.45324475351297006, 0.17828947445032936, 0.36846577203670056]"
25841,976.5663331986756,408254.6326818492,"[0.12555276781731087, 0.21713728346759328, 0.6573099487150958]"
18588,635.0640390974216,767658.356133373,"[0.20637416632693006, 0.3561935941095045, 0.4374322395635654]"
47668,467.1292548437358,751578.5995021806,"[0.33232382722173587, 0.3690708851011877, 0.29860528767707634]"
40801,956.0345407664915,858050.0011345492,"[0.22109641361848764, 0.5786000154718646, 0.20030357090964776]"
28132,889.8225910535172,424000.3097478393,"[0.19524875823240653, 0.1729057763114144, 0.6318454654561791]"
43984,965.7049464146422,852981.018878564,"[0.6342324477100844, 0.01732048542847086, 0.34844706686144483]"
342,715.180625675062,470294.191490537,"[0.2980571932278015, 0.16574595096327363, 0.5361968558089251]"
35177,200.47132415182736,311872.23799929,"[0.6183977154696223, 0.37553746724508125, 0.006064817285296443]"
8294,745.7100238981476,878684.1062015025,"[0.6987145893101376, 0.05989104991310825, 0.24139436077675405]"
40474,994.4920930405888,803376.3049936971,"[0.575766479314674, 0.05924643236557404, 0.3649870883197522]"
9353,490.3487564234868,555696.2174545235,"[0.45033870652550706, 0.2979229005221071, 0.25173839295238565]"
10458,151.08205891787492,945384.2580341584,"[0.0850612691270697, 0.06352901184777703, 0.8514097190251533]"
40254,140.18328066167172,940186.3910623676,"[0.41052919426438195, 0.4261599289955749, 0.16331087674004305]"
29308,81.42499002554247,809877.9829086188,"[0.34679445204269127, 0.26749811916249855, 0.38570742879481024]"
33145,140.7092332957142,114579.09642675468,"[0.011381718891825439, 0.6201167532623503, 0.36850152784582424]"
27106,396.18529874506265,756610.6437224916,"[0.14121831959554107, 0.24786258617625895, 0.6109190942282]"
15329,232.9972592204706,598471.3959664525,"[0.49542492159293755, 0.3543712580393992, 0.1502038203676633]"
8701,327.98617012543593,612006.5555833397,"[0.14145720688854577, 0.08846641424621152, 0.7700763788652427]"
20771,822.2215743851456,916638.253676236,"[0.12507787327686679, 0.43654933057706485, 0.43837279614606833]"
46895,985.759441951628,268705.4742986498,"[0.22499115118659443, 0.4101501461997623, 0.36485870261364317]"
35140,227.2754176419318,327077.2858576002,"[0.4150364631208984, 0.036575148570041835, 0.5483883883090599]"
3137,768.2540716259422,492821.7559601826,"[0.026446712335191212, 0.7318189082772578, 0.24173437938755105]"
17142,251.67841162681063,148151.9636904992,"[0.08244940452766639, 0.5848033499709899, 0.3327472455013437]"
46781,74.45163928353864,914682.9838881934,"[0.6342304268732608, 0.09552752602367551, 0.27024204710306365]"
24377,782.2476707080295,402248.811194434,"[0.3293375145310366, 0.29823463580216786, 0.3724278496667956]"
21714,138.1645527628696,874754.8039253431,"[0.3763504003437643, 0.3128081652944938, 0.3108414343617419]"
14897,853.3427352924435,187404.06197804603,"[0.25210634037312246, 0.04938766850195978, 0.6985059911249177]"
30673,791.1608856464658,191307.01906302053,"[0.2190829757685133, 0.10964191342489686, 0.6712751108065899]"
743,37.03833721712412,498385.3588395311,"[0.3081183465556533, 0.2377202181183524, 0.45416143532599434]"
3805,386.7641835735665,442498.4803437231,"[0.22038681357854267, 0.42987831751891925, 0.3497348689025381]"
21491,948.5723944558072,113656.25924721413,"[0.12565201191930905, 0.539943713690966, 0.33440427438972486]"
46597,743.9918313823058,554080.3112627513,"[0.9573285835705948, 0.009551896237887747, 0.03311952019151745]"
1284,689.0761185946122,717519.5814014837,"[0.03699284452522944, 0.6896172264046466, 0.2733899290701238]"
37632,487.0654088225004,412226.7685055607,"[0.9291215797543182, 0.06304686457447851, 0.007831555671203541]"
29237,171.20737838979383,319445.95276476786,"[0.40151237201081663, 0.40740095014181504, 0.19108667784736846]"
22853,701.9270179863839,128945.7021794091,"[0.4311210376160579, 0.37565291404078094, 0.1932260483431612]"
26350,382.8872204236653,322888.27441711666,"[0.05534206654967685, 0.6253811558582241, 0.31927677759209916]"
1514,960.8848035360012,406009.9113499851,"[0.07034131702092598, 0.008442631226033346, 0.9212160517530407]"
45129,405.1189026747674,149841.19902735358,"[0.7214726075708147, 0.1529152368001379, 0.12561215562904746]"
1732,825.1827279883586,634922.5358901933,"[0.8906926159125017, 0.0877858611368442, 0.021521522950654147]"
13067,562.221461240863,655405.9280910052,"[0.7278054522871342, 0.16387762965949923, 0.1083169180533665]"
5940,868.4210403809742,832715.4126050757,"[0.10257957069042352, 0.4627686322716461, 0.4346517970379304]"
23547,996.4765204078436,510237.5344189397,"[0.22493159913066724, 0.7090533565422756, 0.06601504432705721]"
17749,641.7577976246155,818643.5526589587,"[0.22997841619803117, 0.332712956084834, 0.43730862771713497]"
19343,64.47197158970178,186593.09879296727,"[0.18080825657992977, 0.365143376030326, 0.4540483673897443]"
30074,673.2581708083868,570576.9513252862,"[0.13857532605586828, 0.2868857309484127, 0.574538942995719]"
34305,31.3086781839912,591900.7696170325,"[0.13404983955574098, 0.5990574338577886, 0.26689272658647045]"
22612,923.3325061319584,755810.1904973168,"[0.2676593353125384, 0.15209971319842341, 0.5802409514890382]"
28194,965.5877573501378,248903.3885630852,"[0.5211498776573488, 0.3155800058948962, 0.16327011644775494]"
19681,774.6800702640951,174038.92672801937,"[0.7200726027714897, 0.11067707254508218, 0.16925032468342807]"
309,215.8072373968133,728745.2559077602,"[0.1825255426340112, 0.0384164346716399, 0.779058022694349]"
7347,242.88290143408776,373306.3386727718,"[0.14728355623050518, 0.6587573443172929, 0.19395909945220177]"
10111,855.674743909707,913192.9913462836,"[0.2682280988996224, 0.42926119173279975, 0.3025107093675778]"
3021,734.0768973751802,195767.3614765395,"[0.07896578557911317, 0.5100220302654973, 0.41101218415538954]"
22026,692.0632245361811,608411.1481175645,"[0.07007954188288733, 0.817297401051895, 0.11262305706521775]"
38550,377.074736814886,768752.7677911224,"[0.2639640947235149, 0.19959643090011328, 0.5364394743763717]"
1109,99.93455819387223,293202.18326082546,"[0.311768574282639, 0.1662251762958051, 0.522006249421556]"
39180,607.4473341531852,860489.4635342546,"[0.3189780799670464, 0.48641264838734244, 0.1946092716456112]"
38869,604.8220526713825,486707.99878994667,"[0.1010442909685066, 0.04770041548839636, 0.8512552935430969]"
21775,713.6071780814307,405123.797211788,"[0.31729231758287174, 0.1610010000953762, 0.5217066823217522]"
7248,964.5595063502368,643063.6011005458,"[0.5729084249920647, 0.18056090226016028, 0.24653067274777501]"
46921,959.4297272989372,516977.8666273858,"[0.34515984060151256, 0.13796251806514606, 0.5168776413333414]"
24673,380.3931352329973,401115.01966943854,"[0.6288478786457053, 0.2439108115048664, 0.1272413098494282]"
12164,107.20668605672908,676740.7084055122,"[0.551458392448541, 0.2890571610369914, 0.1594844465144676]"
11021,88.81449352302035,886319.7434056989,"[0.3373693327615904, 0.5491838056021033, 0.11344686163630631]"
28014,783.1296101148502,147424.11448852258,"[0.03385460160674445, 0.8088991722142397, 0.1572462261790157]"
41323,288.90278750157734,712723.85827993,"[0.3771656373270408, 0.09598708417796498, 0.5268472784949944]"
48049,293.5878781743343,725811.7397005407,"[0.21626544144941445, 0.2082130592267575, 0.5755214993238281]"
38881,68.33685296158737,382754.2504904841,"[0.6560561299817298, 0.2575788115301024, 0.08636505848816771]"
25808,103.61797514055064,628646.4323956998,"[0.07751414083917967, 0.08393805522914281, 0.8385478039316776]"
47278,564.4970967805967,230546.00412053423,"[0.22669437319475963, 0.7495679849938415, 0.023737641811398855]"
6071,390.4218043298201,577559.8779655573,"[0.4748672689891864, 0.40491569128780613, 0.12021703972300757]"
49944,789.5702706886821,936113.6280818344,"[0.8031971984426356, 0.01083625270227774, 0.18596654885508654]"
8414,518.3657475818648,873616.8170893359,"[0.2378561779172079, 0.3018740590430238, 0.4602697630397683]"
24460,274.1821901586855,410735.2042621248,"[0.11631511148392354, 0.8764511204893211, 0.007233768026755398]"
45790,787.1247429900262,862333.1263248886,"[0.6013130740630287, 0.392399081463038, 0.006287844473933377]"
48818,607.4527144533099,323184.8600242363,"[0.36265484958908173, 0.46226912349537747, 0.1750760269155408]"
44912,590.3372946499138,846784.4142486902,"[0.12807923119573203, 0.8614420749814741, 0.010478693822793943]"
37574,505.9532139794221,378168.4758957957,"[0.7157777949978283, 0.07142849874291535, 0.21279370625925623]"
7328,265.51123299259064,912945.9535704796,"[0.4260824115064247, 0.5678958425964349, 0.006021745897140319]"
20226,640.2635184020025,597904.5883768204,"[0.219709771111056, 0.3621114042026924, 0.4181788246862517]"
19082,246.88561528697528,870363.7799003591,"[0.5530251708860884, 0.105121254171265, 0.3418535749426465]"
32764,755.7106896193447,997264.9822602728,"[0.15359382921183795, 0.25583901158744543, 0.5905671592007166]"
25361,650.9219851757348,952637.4585133076,"[0.5993491186437202, 0.3095088464431797, 0.09114203491310013]"
9234,808.8335417118695,516378.3664121794,"[0.055502951967701684, 0.40481177489024167, 0.5396852731420567]"
1871,242.3201461649911,530825.1797130147,"[0.19753840376461668, 0.5769014524151574, 0.2255601438202259]"
12689,93.70140727094496,603022.9826194732,"[0.36498486605715974, 0.45674578946303374, 0.17826934447980652]"
2959,541.1282051480291,661317.7909735995,"[0.5903656576445648, 0.3637308878772876, 0.045903454478147664]"
38291,227.2781234395657,628164.4949262106,"[0.4267079333288353, 0.27349003274731976, 0.29980203392384513]"
37697,350.3139781898559,169657.6133745939,"[0.07786656627758318, 0.42774146648681977, 0.4943919672355971]"
39451,811.1890328045658,939283.136071261,"[0.0208172967732378, 0.5844778303215282, 0.39470487290523393]"
7637,58.2435562618458,621524.1873385007,"[0.28698150899789426, 0.5486202930381479, 0.16439819796395788]"
14433,571.2194135756265,744895.0547563706,"[0.07985256093318023, 0.5390324709539457, 0.381114968112874]"
43149,781.4489436145319,811572.6901515687,"[0.3190281658745025, 0.12172894200926591, 0.5592428921162316]"
9002,198.2716066875996,349068.1914151778,"[0.10832993595393667, 0.30014528406595925, 0.5915247799801041]"
25126,943.9829276236431,969402.9004066036,"[0.5653056179707582, 0.08865205895720626, 0.3460423230720354]"
17420,351.24760363584807,276734.613231468,"[0.21367540650641537, 0.4262350283224394, 0.36008956517114515]"
663,441.4327474110901,638486.7975228681,"[0.04945760983657989, 0.36695220280449803, 0.583590187358922]"
36180,367.9418505939442,935119.9913223076,"[0.21438414018816854, 0.6562232323384966, 0.1293926274733349]"
19,736.2708585301878,446254.8596402061,"[0.17751656368283739, 0.7580236224537069, 0.06445981386345565]"
6607,132.15137319311356,459295.73045808345,"[0.2054685552889278, 0.30378787713109534, 0.4907435675799769]"
36956,604.1366386812524,511994.2489818645,"[0.4059902548053195, 0.3895057022299278, 0.20450404296475275]"
41958,290.6176776094811,158639.95384400216,"[0.012373275811625822, 0.8209739597713178, 0.16665276441705643]"
6668,334.18251529554834,574986.700829837,"[0.09361208594008558, 0.6377194830122744, 0.26866843104764]"
17139,755.9461861050066,733938.7246782386,"[0.46293619719347884, 0.4038491338636655, 0.13321466894285558]"
23655,620.2569334304326,382377.228842982,"[0.5451269120981257, 0.10376910097017686, 0.35110398693169725]"
25260,654.4817013866564,144412.3006778696,"[0.06040941791597236, 0.2162306591139945, 0.7233599229700333]"
29153,190.64460247725145,415348.9296562735,"[0.2597254467128476, 0.36442448301845615, 0.3758500702686962]"
34104,631.7608673648845,822604.2504078806,"[0.30505714430680464, 0.47436438626021404, 0.22057846943298132]"
22971,775.4691551938906,507244.9612549881,"[0.0023007784723251333, 0.6832715581146029, 0.3144276634130719]"
20650,194.6698023405561,441033.9870549714,"[0.2648431466470127, 0.5292495571042847, 0.20590729624870266]"
49632,406.5262383479968,967874.1716572902,"[0.06050964380683052, 0.5130065057578048, 0.42648385043536463]"
21836,920.8993235167018,293355.0598660975,"[0.011983339255751964, 0.6871958838635601, 0.30082077688068787]"
20343,688.9673516667406,629929.4092335702,"[0.3148933380417929, 0.472335276493827, 0.21277138546438015]"
27610,338.3561139039789,611399.1360002961,"[0.11388598477579255, 0.2978118888181865, 0.588302126406021]"
17672,476.2669093917093,754217.713773218,"[0.16872539711530396, 0.3271420375987977, 0.5041325652858984]"
20012,641.2948170424958,347436.0970200555,"[0.14979440334591426, 0.4067246319104484, 0.4434809647436374]"
5609,355.93943129491896,510473.9000240608,"[0.627406320919532, 0.0663730055300309, 0.3062206735504372]"
46280,624.7468944281717,876110.0157631953,"[0.5093381368183831, 0.2920612014951745, 0.19860066168644225]"
12144,340.1065637770255,933138.4645640736,"[0.007047966230290835, 0.20590297226285206, 0.7870490615068572]"
39511,303.4684789390789,278038.0806598328,"[0.1701979752964717, 0.36275525790118324, 0.4670467668023452]"
44937,120.68432269963164,201339.83776226256,"[0.26505173998607473, 0.3478354465560415, 0.38711281345788384]"
15420,128.42600482814248,364935.9550117645,"[0.785737826936971, 0.1994690316125076, 0.014793141450521515]"
10312,340.5668690365659,388539.4211145106,"[0.18404930168750197, 0.39801270766996155, 0.41793799064253634]"
10853,952.9582013426184,364711.6503703704,"[0.3653857277350868, 0.5357673163580534, 0.09884695590685982]"
14410,389.9365218996329,761267.2560721687,"[0.20348034401268994, 0.5521647613026284, 0.24435489468468166]"
23903,705.060835581476,501489.0716705053,"[0.5880354250285226, 0.2830537688656297, 0.12891080610584782]"
16809,366.7641412514712,135530.44588293473,"[0.017367236729612403, 0.2627573607917659, 0.7198754024786216]"
41541,463.6462451788221,833472.7235662253,"[0.5251301819214337, 0.2164601235282043, 0.2584096945503619]"
11631,257.02292166434967,533969.5572843356,"[0.1784708288015098, 0.33093793247389003, 0.4905912387246002]"
1733,778.8842738685053,726135.17186266,"[0.008361258036642269, 0.9039823977220144, 0.08765634424134329]"
6226,291.59264178949314,429694.0784439964,"[0.0018875543163532852, 0.4116597299022232, 0.5864527157814236]"
449,825.0835550864215,820583.2735165935,"[0.061071974568958, 0.15680654696500834, 0.7821214784660335]"
35032,837.8450439340054,919981.9721981809,"[0.601287826028143, 0.20974326737923413, 0.18896890659262294]"
28623,863.301204635902,168652.9931032355,"[0.8890940676506743, 0.09403778944475005, 0.016868142904575455]"
17001,382.5123281667565,627932.5592607518,"[0.03459350833792393, 0.46547873467664297, 0.499927756985433]"
49187,876.0818262674001,849044.8337535369,"[0.16733231368994045, 0.1580967496651513, 0.6745709366449081]"
48931,253.5363411134993,447195.4066619399,"[0.09847088215300881, 0.006061275444789557, 0.8954678424022018]"
3059,844.8627748035625,804634.4662594056,"[0.7279250929249508, 0.05698994266884946, 0.2150849644061998]"
15541,609.0304471920135,523429.98776390025,"[0.3531591377269826, 0.4381416946015398, 0.20869916767147748]"
49733,300.13771686914055,608710.4800887741,"[0.6641080769504201, 0.02589200335151208, 0.30999991969806795]"
45283,569.7785446349216,953919.7755363452,"[0.5934611227461982, 0.06285863426190919, 0.34368024299189265]"
18506,903.0383872534356,531941.159101655,"[0.11174353492130717, 0.8561152498256486, 0.03214121525304423]"
7622,886.0398328829252,707285.0452134294,"[0.5207207448070489, 0.31723052321013007, 0.1620487319828211]"
8014,174.8875401208944,536510.9828000498,"[0.6392586421395396, 0.1588454582855694, 0.20189589957489076]"
18301,130.0916694032788,296423.441152166,"[0.7645755841270708, 0.17215090952577042, 0.0632735063471586]"
5224,11.13610871713832,567406.514548212,"[0.0032965237492431107, 0.5910657907591544, 0.40563768549160245]"
38938,591.0981214992145,615097.364670329,"[0.3549977116218995, 0.2701521715674078, 0.3748501168106928]"
11269,883.9932000250814,805112.1383224339,"[0.6951939041489276, 0.05371642500669004, 0.2510896708443822]"
48133,806.4908080849929,551792.8667601321,"[0.7846881919793994, 0.14453964349322324, 0.0707721645273773]"
39945,454.615644921925,164585.9220691374,"[0.03350366753874827, 0.6197046863806146, 0.3467916460806372]"
19270,87.84725512114612,281343.11856165703,"[0.10164358181121949, 0.39242332705833916, 0.5059330911304413]"
7492,201.4911669543189,232308.89422482235,"[0.0351976819561505, 0.3703069754813042, 0.5944953425625453]"
45165,800.6002876811154,470928.2536124996,"[0.07874322065311108, 0.779029237840649, 0.14222754150623995]"
18339,584.5919583389767,578021.5876029416,"[0.15394208520313546, 0.30915134977272857, 0.536906565024136]"
38511,53.82279274316229,883054.6703265489,"[0.01773964059957057, 0.8480036097714928, 0.1342567496289365]"
29222,889.6626245515679,581461.3884024491,"[0.0079097120997325, 0.5208696176180465, 0.4712206702822211]"
15138,391.8569258068952,845094.9511266687,"[0.23618592920937412, 0.7112888745569923, 0.052525196233633546]"
46452,438.9534172690537,201120.05557752977,"[0.013200489083836767, 0.0671452289343572, 0.9196542819818061]"
5849,289.3526334296279,546917.5768220478,"[0.7869155356516627, 0.16057314877748616, 0.05251131557085109]"
46345,868.2168121065804,117321.75716530033,"[0.09306941419988032, 0.18288372112893383, 0.7240468646711858]"
12840,415.4169883199424,228128.9343104259,"[0.6784314661745272, 0.29417445068192544, 0.027394083143547465]"
41171,893.9403283536261,735362.5839419198,"[0.7160546623225449, 0.28117443592879876, 0.00277090174865641]"
5010,616.4973410067446,298973.2038495607,"[0.11879265461608678, 0.2108131536850054, 0.6703941916989078]"
25552,331.15212927139936,288558.7888371702,"[0.9344383051003173, 0.016682053940601575, 0.04887964095908121]"
15762,329.59899487032993,810927.4413348812,"[0.028629919456975905, 0.3563144486017551, 0.615055631941269]"
13043,757.8903436546427,866128.4637585339,"[0.7876511599473551, 0.11300082871247759, 0.09934801134016719]"
34739,931.8117674549458,480600.7128609156,"[0.3498744637169567, 0.43226364248271154, 0.21786189380033177]"
14132,10.086136016788206,917454.437303983,"[0.20285725180131517, 0.35857121131590924, 0.43857153688277567]"
6899,685.0015583744013,525912.4977126305,"[0.7649297518274385, 0.19456762629297011, 0.04050262187959136]"
38329,198.44175636678105,521998.6415527852,"[0.12535828701751256, 0.24804652276936293, 0.6265951902131244]"
30423,814.7698280853648,808137.1244948584,"[0.26305249556131766, 0.07212447827488212, 0.6648230261638001]"
26719,624.8096949891622,516292.1904659895,"[0.43448761702951477, 0.3877216834030545, 0.17779069956743065]"
19273,179.6265319327382,503041.6454260072,"[0.6111895166667469, 0.38376704618961627, 0.0050434371436366655]"
9007,130.72369144623156,415237.85468441487,"[0.21553523745213465, 0.49727225419107324, 0.2871925083567921]"
45465,808.6724683342513,932117.289596666,"[0.7969896022983708, 0.13313439082202963, 0.06987600687959977]"
2797,901.0899764264724,432374.9312089833,"[0.6438489554771766, 0.33665395560581607, 0.019497088917007393]"
25090,681.585502593534,229281.17791862407,"[0.1282476526470515, 0.3820690519766501, 0.4896832953762985]"
26138,649.9771748013995,310027.1591323328,"[0.3262419076133985, 0.3905724786611897, 0.28318561372541173]"
49298,569.0420657045341,632493.5340537411,"[0.41992931059672817, 0.46392788131777013, 0.11614280808550173]"
15899,357.14820890021764,562495.4961144093,"[0.32699698687206125, 0.28447884395889705, 0.3885241691690417]"
22266,838.1982063007846,989824.4193459322,"[0.2357002881936688, 0.681233415932366, 0.08306629587396519]"
24610,247.04785739842507,981788.5465457924,"[0.39035518985519496, 0.125687839006755, 0.4839569711380499]"
48868,287.6269811395265,676341.703365456,"[0.19920560806649817, 0.6270706755398503, 0.17372371639365156]"
3243,996.8618960877836,700040.1508770698,"[0.575164187463153, 0.4007625343355946, 0.024073278201252428]"
40058,267.768614438584,257731.8063118921,"[0.03859119828194821, 0.6309744832735054, 0.33043431844454646]"
29214,896.4945908582353,464106.7313800294,"[0.2718150290247924, 0.36917342678284126, 0.35901154419236625]"
19989,20.42669668600304,668655.2602698297,"[0.7845104392507843, 0.07970356774087672, 0.135785993008339]"
43251,963.3807154448256,760125.4138456467,"[0.7572953612953222, 0.16051900599581026, 0.08218563270886764]"
22803,550.6144069931323,685789.4182498,"[0.27118707076470505, 0.07817058128286046, 0.6506423479524344]"
10754,25.1780045354109,388558.4179078873,"[0.1060163753429538, 0.13708563037958363, 0.7568979942774626]"
17827,52.37690539739468,852932.4834674348,"[0.07766666554400112, 0.7328423536765609, 0.189490980779438]"
44505,610.4826998000958,722378.7027558879,"[0.1758711169051811, 0.748468273483557, 0.07566060961126185]"
2731,149.33930751237904,676072.8934983296,"[0.7723934326274616, 0.18794873718767757, 0.039657830184860875]"
39253,580.98082400703,417562.0516787614,"[0.4396873981884251, 0.2878842932561821, 0.27242830855539285]"
49230,277.86159332750367,691125.3882692548,"[0.16854369001457056, 0.44469462606441734, 0.38676168392101207]"
46764,943.3056791951904,918908.3696149824,"[0.6903278855421323, 0.30895233766352204, 0.0007197767943456536]"
40074,245.99271857612155,770689.2818033891,"[0.549826703785293, 0.2940650483218229, 0.15610824789288408]"
35595,546.9653363535367,852778.6907396973,"[0.32207894631023104, 0.5091025977945481, 0.1688184558952208]"
9232,437.402267394086,759470.1735025654,"[0.7903868946181777, 0.20718301924307955, 0.002430086138742749]"
47305,357.3929741003364,963875.5397745458,"[0.37391173218919194, 0.3417484375717924, 0.28433983023901577]"
17691,129.32859677530723,134940.80111779447,"[0.023250148132194743, 0.8997614351898743, 0.07698841667793078]"
44624,801.5246981619596,481416.4058251485,"[0.3652819443999855, 0.5588933001983319, 0.07582475540168249]"
28955,533.988168546188,588687.8442053681,"[0.42878439335501317, 0.3184013088985405, 0.2528142977464463]"
46423,732.9559456838764,399744.3426578724,"[0.9124289534284261, 0.07773106099050947, 0.009839985581064414]"
49399,975.9020222474476,694812.1738072397,"[0.15352826803064012, 0.49026102456139536, 0.3562107074079646]"
34241,232.098030709104,376822.9608851888,"[0.49865337861395065, 0.28790787106392973, 0.21343875032211973]"
49226,203.3424898806429,916854.8927621128,"[0.15863415411429466, 0.5771346365838927, 0.2642312093018125]"
12046,779.4887181173252,809071.5663945078,"[0.15620040416270542, 0.752818223485123, 0.09098137235217146]"
9819,601.9645569284774,880079.1191830889,"[0.01933165270614726, 0.5017204841747266, 0.47894786311912624]"
39832,208.66704089720247,644941.2432041718,"[0.8422563119029747, 0.13628214185238702, 0.021461546244638356]"
9934,323.5654881832458,314374.5087904656,"[0.1338486234940695, 0.4302438611888109, 0.4359075153171195]"
35619,86.82974154852904,220174.0284851897,"[0.14211254225251435, 0.26369762418697074, 0.5941898335605149]"
1920,734.0157065885114,593085.2896579828,"[0.4135909455386344, 0.5421972939372567, 0.044211760524108905]"
5278,950.7883223518984,744007.8860223313,"[0.1320860008122571, 0.5821404629704603, 0.28577353621728263]"
20775,37.80240881123096,233993.5675709789,"[0.37430155628422357, 0.22172480060489735, 0.40397364311087913]"
16637,612.4265106244274,985983.531194122,"[0.1069370921461635, 0.6144602395892057, 0.2786026682646308]"
14395,412.9126736558031,734859.0654466163,"[0.532076859890582, 0.41413286450714215, 0.05379027560227584]"
38647,163.97155296569824,582127.2391909368,"[0.420929705660945, 0.18182732916249106, 0.39724296517656393]"
13460,123.93195808341504,771605.9802268427,"[0.1322639405994867, 0.23354625560198622, 0.6341898037985271]"
21256,85.20003388697006,929764.7024343258,"[0.563062523702615, 0.4281263036206385, 0.008811172676746573]"
329,755.6379055298153,500500.92761439335,"[0.04611999691952468, 0.448041626500332, 0.5058383765801433]"
46641,649.0177870711636,693323.1098896321,"[0.4664038991406745, 0.019593570798534667, 0.5140025300607909]"
21045,914.023074786435,105575.1509747168,"[0.609167217758881, 0.06057013045299012, 0.33026265178812886]"
13253,163.55747633589976,950798.928360508,"[0.8861785841116129, 0.0832792939400256, 0.030542121948361405]"
8185,223.95860036378892,381512.0127703845,"[0.12429101435356087, 0.7766433025650609, 0.09906568308137816]"
14200,356.601213998441,629253.0289418275,"[0.0711784168545143, 0.03747944830037216, 0.8913421348451136]"
34763,559.617791885736,123811.9260342618,"[0.194195867528902, 0.04228135660030482, 0.7635227758707931]"
41707,245.4671003598412,885893.6674853353,"[0.8065951093028654, 0.16162353096209517, 0.03178135973503938]"
16213,675.2073673801812,145211.62116272957,"[0.3512346149066838, 0.6069321305656453, 0.04183325452767094]"
1750,926.975506792489,115347.7903693467,"[0.2902083622266144, 0.42040910701545076, 0.28938253075793485]"
13953,146.56132634419552,935183.364094264,"[0.18906968955448947, 0.772312869278883, 0.03861744116662746]"
15168,94.73339262134692,940898.6671929267,"[0.228601231202474, 0.6424276915466837, 0.12897107725084217]"
15408,815.7060960387658,611925.0925515083,"[0.1273965538305489, 0.5010091401667108, 0.3715943060027404]"
24454,182.43582251594032,107059.590375966,"[0.696254983891657, 0.22594676190861232, 0.07779825419973077]"
42293,752.8477507414283,514141.6620392746,"[0.6323001997070807, 0.00654941078613932, 0.36115038950677997]"
22341,935.3564904089676,158098.77458582708,"[0.5781216776604892, 0.07550151606050418, 0.34637680627900674]"
36073,888.007074310775,547882.1503352067,"[0.18227887892014688, 0.8088010817331487, 0.008920039346704345]"
43582,890.0337622926228,454323.2080374655,"[0.11982265643881124, 0.32730408444705217, 0.5528732591141365]"
27726,420.9441605128429,227376.0516565968,"[0.04713231352516516, 0.14587407811932976, 0.8069936083555052]"
25733,903.8501389755168,903685.7031581348,"[0.06123552615061778, 0.8641512513124617, 0.0746132225369205]"
38973,344.7122859197515,292084.12597097503,"[0.12748627206955618, 0.48805547833820373, 0.38445824959223995]"
25019,551.8293549081695,695283.1381631414,"[0.309163163688584, 0.5832123825089902, 0.10762445380242584]"
48643,93.53657765971806,114135.99892177877,"[0.33476687619337425, 0.29484395894417886, 0.3703891648624467]"
49659,348.2436566507579,752498.5912545489,"[0.15305984545696044, 0.5388992464879357, 0.3080409080551038]"
2036,971.579460133748,591650.89754233,"[0.17783658248450207, 0.19825705607314276, 0.6239063614423551]"
49607,325.976508352886,672328.651837053,"[0.5948360952090213, 0.20131082538950953, 0.2038530794014692]"
48883,121.38777724099673,248930.2139567317,"[0.011395176344063665, 0.4374398037231054, 0.551165019932831]"
38443,324.7875039819823,542922.2779459277,"[0.14143496779312814, 0.8415920322907277, 0.0169729999161443]"
21941,351.0274145574413,246340.3649437645,"[0.2620279811069638, 0.3501898565472469, 0.3877821623457894]"
1981,248.39787565764792,112484.75249736686,"[0.012386610839672258, 0.16996934740736308, 0.8176440417529647]"
36866,991.4558870307204,687285.2727659643,"[0.02642883623556455, 0.7307245101293601, 0.24284665363507527]"
3891,378.1871438071384,289944.52891488525,"[0.186544575025029, 0.03640674834125066, 0.7770486766337202]"
24716,78.20543998015606,850351.1654116923,"[0.4951366694494957, 0.23188747573354007, 0.27297585481696407]"
26881,39.39820078037482,679135.4911585248,"[0.6181126136361121, 0.20688973470365957, 0.17499765166022815]"
30552,505.3876812673972,864344.3232844363,"[0.09373282221665952, 0.4262911656046755, 0.47997601217866503]"
37924,443.3642242235232,587979.6492111109,"[0.07336142416277137, 0.4296048837741397, 0.497033692063089]"
40807,252.03214151914128,618525.9972260068,"[0.40366401984505795, 0.15445734550138476, 0.4418786346535572]"
18068,603.4542070173342,247466.31402748337,"[0.3062997194874898, 0.30498676839444827, 0.3887135121180618]"
19003,491.05779658977104,615839.1662680205,"[0.03897219328758268, 0.9335368445021278, 0.027490962210289398]"
44370,626.9136726018622,931319.4804209324,"[0.25059648131076323, 0.41624829460084556, 0.3331552240883912]"
12571,409.9622578805564,825275.4812432535,"[0.42977710732532437, 0.27060178707354204, 0.29962110560113336]"
809,617.5848523867352,725321.1975906488,"[0.019797930607107408, 0.780743711756284, 0.1994583576366086]"
12831,600.070798664623,628829.3621348252,"[0.230389084887942, 0.739050897839854, 0.03056001727220397]"
13813,399.3565179005244,614523.4059914808,"[0.18843509425071522, 0.7819419754591453, 0.029622930290139474]"
9162,510.31765539245066,980628.222931723,"[0.21924762114151347, 0.7354161799134292, 0.04533619894505742]"
7093,219.9734926605741,391085.96316711634,"[0.6247182094766243, 0.3298388270000141, 0.045442963523361635]"
20467,270.25980987122654,810684.4801338816,"[0.2479478646393827, 0.4230901957836608, 0.32896193957695646]"
2254,135.99072758598336,956439.4864045264,"[0.017047426026538207, 0.7548469443178203, 0.2281056296556415]"
44173,368.70447069052807,966696.188310925,"[0.4128615912938988, 0.5300395858919901, 0.05709882281411109]"
31392,106.70495991542636,541142.5961650545,"[0.07353620195299639, 0.8180462567350192, 0.10841754131198433]"
33448,845.5785890827316,514871.49398067297,"[0.10474680830173769, 0.8301034756010368, 0.06514971609722552]"
34034,218.22744474647376,984558.5988890126,"[0.5005036677897667, 0.12750948480190752, 0.3719868474083256]"
36028,829.5969219336389,632347.4033887523,"[0.5293325777061593, 0.3993348165859809, 0.07133260570785992]"
28426,85.52842031832861,747209.445269522,"[0.18720503016094162, 0.2530829530331261, 0.5597120168059323]"
4010,226.8650294610081,620132.0892924857,"[0.055630765336655355, 0.7959761128863988, 0.1483931217769458]"
36997,58.75665130885928,686385.037872011,"[0.4975044017593039, 0.16715879888540564, 0.33533679935529054]"
4614,558.8704882866591,565809.3785391969,"[0.24844673929953762, 0.5616417816374133, 0.18991147906304923]"
33820,355.0322292199171,748896.1798833685,"[0.34139695254952646, 0.33559013334254456, 0.3230129141079291]"
5567,854.8452132706927,788221.8650694861,"[0.28224063037205416, 0.4698800772960028, 0.247879292331943]"
10751,636.6655776893825,981232.9952980998,"[0.5872972892071152, 0.15798722883718186, 0.2547154819557029]"
32461,918.865682893672,708265.5781695185,"[0.2275123656188167, 0.4455874959406952, 0.3269001384404881]"
42515,885.1702790870293,253007.96617768923,"[0.0653994557505991, 0.07705016633242269, 0.8575503779169781]"
44206,577.078563710708,181927.1213156032,"[0.13067050617190906, 0.17312858663233632, 0.6962009071957547]"
19127,895.9583442785319,712238.4564984323,"[0.0953761336866313, 0.5638988745177307, 0.3407249917956381]"
10406,533.889539637566,524507.9839490028,"[0.15367137369800987, 0.74454447956286, 0.1017841467391301]"
26227,487.98989054473583,789740.0822119897,"[0.5280670997553129, 0.08364235343431937, 0.3882905468103676]"
7634,698.9517719597255,644475.7934350442,"[0.2769851376042519, 0.10312196356735416, 0.6198928988283939]"
16615,260.3862961233415,329558.38239373954,"[0.18783814499592383, 0.28967725406500977, 0.5224846009390665]"
29715,892.1510475415789,972602.3982587578,"[0.5052735442958725, 0.01825145351298662, 0.4764750021911409]"
33395,539.763752459233,741271.5313953966,"[0.035011177008604934, 0.414033117386421, 0.5509557056049741]"
32775,79.62348587516496,168240.84761695564,"[0.29950827049798034, 0.6757398271781418, 0.0247519023238779]"
204,539.9505607520168,711360.7040838685,"[0.7462772554309678, 0.14335911630876141, 0.11036362826027067]"
33792,63.264310459279336,802454.1628047248,"[0.4177194268148339, 0.5672886001899191, 0.014991972995246917]"
5277,950.3453227608528,722459.3749446991,"[0.36640665243605214, 0.6121084493941467, 0.021484898169801103]"
8611,358.7838650278112,892171.3103690877,"[0.11062560362200752, 0.5528389413185603, 0.33653545505943205]"
103,453.8344614859042,579350.1359181746,"[0.037088628154554625, 0.8554405499799795, 0.10747082186546589]"
12197,335.90320743573926,423111.4086373206,"[0.11481179199510042, 0.02034932016149311, 0.8648388878434065]"
4985,476.5241818072426,108967.99661304618,"[0.10301539121958443, 0.757279434492717, 0.13970517428769855]"
20421,564.3577959833424,917948.1249615503,"[0.4026601735306109, 0.15279238895907543, 0.4445474375103138]"
10671,18.42340620552414,990653.4283469666,"[0.4121562636970269, 0.15442757743595442, 0.4334161588670186]"
21170,296.0224293007779,179418.43511831897,"[0.9043011866054936, 0.01928170709821816, 0.0764171062962882]"
8969,528.7541973543707,402455.3096626641,"[0.23679854855199917, 0.27504871424137967, 0.4881527372066211]"
45287,81.51407104091471,841001.204622324,"[0.5292761085189894, 0.011023704114963749, 0.45970018736604695]"
10184,31.613623986365223,862075.7983492438,"[0.31338907529644566, 0.2629781774424482, 0.4236327472611061]"
31781,348.280526550076,426864.8333237175,"[0.4060286282277356, 0.03802135124077707, 0.5559500205314875]"
4663,28.34890311151136,111136.1049587576,"[0.25183009421384134, 0.25781081246890813, 0.4903590933172505]"
28922,630.0339616426768,939722.8610611744,"[0.6351791754822261, 0.23237680124992605, 0.1324440232678478]"
43303,220.46892707304423,388917.8014405542,"[0.38279803969787957, 0.01772627647670506, 0.5994756838254154]"
37863,352.9997713005502,548879.6479460562,"[0.9118039473586723, 0.04353304876667045, 0.04466300387465723]"
35036,857.9098664275366,273874.99141463207,"[0.6215534335121644, 0.0016255560644537488, 0.3768210104233818]"
47019,965.4843291489592,667095.2826799853,"[0.09969419488835093, 0.49481911332117384, 0.40548669179047525]"
17837,751.5348588044626,386069.6586839262,"[0.7154852160084517, 0.27900580949326237, 0.005508974498285712]"
38488,914.3325032619044,711534.4927198924,"[0.19805940885881942, 0.6870464169312664, 0.11489417420991427]"
40903,296.8042516720424,932426.8828576218,"[0.687359370563938, 0.1882180848242475, 0.12442254461181432]"
12990,803.5186742299954,670637.3146307371,"[0.4704994193070082, 0.3070845716250133, 0.22241600906797848]"
40732,574.9878306967616,524813.5364382258,"[0.40266580483686765, 0.00412068505798308, 0.5932135101051493]"
1070,675.8835166144057,564357.6403142777,"[0.3927502858084823, 0.4953681253959137, 0.111881588795604]"
29865,471.2227359276801,230888.09021233665,"[0.18431639021325208, 0.4938356657987165, 0.32184794398803146]"
9049,262.5852512647682,644764.2347636024,"[0.366150478146436, 0.6235690623999203, 0.01028045945364393]"
36540,632.7434480046327,691690.4748383671,"[0.6343772015944241, 0.26205577368682925, 0.10356702471874646]"
43009,508.9972487246126,154563.13433598296,"[0.17278150236057038, 0.13344541799486137, 0.6937730796445684]"
39815,809.7183344167214,997663.4303028038,"[0.29948467731957024, 0.16567072331535962, 0.5348445993650702]"
21118,21.65119186584933,328957.1290006777,"[0.5557608767846975, 0.417016356766693, 0.02722276644860944]"
21643,859.4242134521485,498057.83343138633,"[0.23603636923053614, 0.5576173257027309, 0.20634630506673274]"
4458,493.56437109210304,255093.2118964952,"[0.7007713744948817, 0.013976063687856196, 0.2852525618172622]"
22941,942.9146227773329,295313.3195435407,"[0.28367115249397623, 0.34691038449814116, 0.3694184630078826]"
48329,834.9324183677323,723798.2244573879,"[0.8229897470143832, 0.06562040049548015, 0.11138985249013666]"
10414,936.07945990327,138054.68887412545,"[0.13073921455885285, 0.1189609582349033, 0.7502998272062439]"
29194,188.7166139880064,366110.8200584193,"[0.20607274703669692, 0.5358182191776804, 0.25810903378562267]"
7407,669.3606954438541,374189.4104326908,"[0.507079129623959, 0.3300043848231186, 0.16291648555292254]"
19730,995.8108611750844,978603.9330747606,"[0.013187917880338343, 0.43900425803195997, 0.5478078240877019]"
13342,868.5301927424456,480809.0236453511,"[0.4485268016631502, 0.31915584134168556, 0.23231735699516443]"
34557,396.9461731954084,676700.466156627,"[0.11105362073616896, 0.28856471382262655, 0.6003816654412045]"
27228,599.8338226344326,174962.97502598463,"[0.5846306485499635, 0.2982934341150467, 0.11707591733498983]"
27030,657.03957001624,863906.3112631568,"[0.6127497769465338, 0.02605863813011633, 0.36119158492334985]"
44372,300.5255105299288,313414.28917535546,"[0.15244618043666472, 0.7603831212403129, 0.08717069832302238]"
867,365.2604688085309,935436.2564115422,"[0.6824547454186654, 0.13937743696214172, 0.178167817619193]"
23527,389.8972849411576,521730.2551648491,"[0.004928777760781, 0.006435878530502431, 0.9886353437087165]"
14683,269.8530908199603,904832.3203091024,"[0.4405901105813999, 0.4074666316761441, 0.1519432577424559]"
31432,521.1389732462185,162789.6564055244,"[0.2822178079112115, 0.45888962198600275, 0.2588925701027856]"
41208,995.2546537652478,912682.3849070718,"[0.1480460940893555, 0.7306178850349682, 0.12133602087567635]"
20365,171.3156499162287,640186.182069631,"[0.1181557496541882, 0.3702446585287126, 0.5115995918170992]"
29697,411.4113993466761,324346.1058123363,"[0.2899806306567617, 0.27430834523452413, 0.4357110241087141]"
24407,250.48742462955363,422650.8000690064,"[0.11609535907663372, 0.13225900583424102, 0.7516456350891253]"
27443,538.2175043415987,954739.3912443907,"[0.15788975436856864, 0.0996956043525516, 0.7424146412788797]"
21920,216.05417442750613,660920.3175110903,"[0.21049885700895954, 0.607620890149376, 0.18188025284166423]"
49435,434.07661592503945,831154.8304937328,"[0.6799337868703426, 0.2199630051595399, 0.10010320797011754]"
48458,301.1030762373617,244206.7789824172,"[0.22634724333755804, 0.547331688634473, 0.22632106802796903]"
5867,940.3317508698448,824443.6873218493,"[0.03530226479909667, 0.7280092717411507, 0.23668846345975264]"
7869,712.3843045228971,606720.2505394082,"[0.09383249335986417, 0.15985353823984205, 0.7463139684002938]"
31867,847.7901127764591,755572.0889432636,"[0.5954736356820972, 0.3528093038419145, 0.051717060475988445]"
40248,768.0921232581612,351779.7588711983,"[0.26584500080532386, 0.6543749627800148, 0.07978003641466128]"
18368,441.3941823226004,512245.8347506957,"[0.6985670425638277, 0.23090603400065884, 0.07052692343551338]"
1850,524.8272053058964,871773.1244386578,"[0.3445135274644414, 0.5935969382650378, 0.061889534270520866]"
38512,158.85104571235445,797555.8772337233,"[0.24367476739287236, 0.551518838883797, 0.2048063937233305]"
43790,318.7025689977038,151281.40300582114,"[0.3167467172355412, 0.1382036060357348, 0.545049676728724]"
13746,95.55190221061204,965156.331627724,"[0.12048121155802116, 0.3616096859140269, 0.5179091025279519]"
47221,948.3592482770578,509493.33783094125,"[0.7260458730363403, 0.17496772234425972, 0.09898640461939992]"
14597,475.7425548944134,574992.8760155628,"[0.4301231343147107, 0.23635017554250456, 0.33352669014278463]"
29072,782.9011934369539,319798.7204190866,"[0.06450641904964216, 0.1168756051816203, 0.8186179757687376]"
43653,608.1981084007347,977509.6739280951,"[0.10569059242810797, 0.19182205387836876, 0.7024873536935232]"
13367,202.4407356250492,431446.62227016833,"[0.27617253592329244, 0.2759164391834023, 0.44791102489330514]"
46395,623.4126917684316,657614.3627324045,"[0.08622902139900204, 0.8171787140432791, 0.09659226455771888]"
38399,894.9817447421602,314469.89458327903,"[0.5389412970841981, 0.30622410960389085, 0.15483459331191113]"
15387,861.7107721154902,348265.03536351817,"[0.6661128293773424, 0.04693053868472101, 0.2869566319379366]"
46789,531.604837936837,919416.9632277064,"[0.6854738189005815, 0.041129792762889986, 0.2733963883365285]"
4140,392.2586190827713,414107.6897761684,"[0.24260011285832658, 0.1775996788008649, 0.5798002083408085]"
13883,946.7653884120048,721424.5969199383,"[0.21328119763631823, 0.21021622804455992, 0.5765025743191219]"
44775,834.9783670149841,390361.0090704624,"[0.44239883417501147, 0.35518025441714035, 0.20242091140784826]"
39287,472.89460700732207,950995.8455404724,"[0.6840648162363573, 0.3020535335068368, 0.013881650256805867]"
8262,605.6858630474322,452051.1073410957,"[0.04110545786436235, 0.34554496957592146, 0.6133495725597161]"
14705,424.4786908574428,671889.6346878507,"[0.4344830778549365, 0.21035009969976076, 0.35516682244530284]"
32537,940.301432909768,864515.1656487968,"[0.11510598917791627, 0.45528344934294135, 0.4296105614791423]"
41173,858.5071808549352,813796.1530932295,"[0.35743806078309837, 0.3805416489734581, 0.26202029024344353]"
17953,753.0747934136625,449079.1637786496,"[0.4750876602174204, 0.17937942598324688, 0.3455329137993326]"
19422,730.2185846120254,161789.8884587048,"[0.3664030477732713, 0.1775539165175302, 0.4560430357091986]"
3249,218.04569774167064,370215.2073182512,"[0.021328813521851668, 0.11465172793503743, 0.864019458543111]"
27014,604.1277616446234,293622.2870143589,"[0.22688280098023453, 0.29805664403344695, 0.47506055498631866]"
25594,764.378784293559,787844.4865644065,"[0.8078810774861949, 0.19054585491000897, 0.0015730676037960661]"
16488,26.89301885776091,462806.8594762396,"[0.37278284991362365, 0.02826075563474692, 0.5989563944516293]"
23857,633.5184068135724,199395.2897510468,"[0.08489912547017714, 0.15902053929046103, 0.7560803352393618]"
28242,903.8773050335012,357191.1993680694,"[0.7230261573463316, 0.10937682256525687, 0.16759702008841165]"
27155,557.2592889966289,949420.7511661514,"[0.6669109815623232, 0.03593196873003503, 0.29715704970764184]"
41921,926.5348352376458,399503.673020574,"[0.34916095190069174, 0.19724246028104903, 0.4535965878182592]"
44067,823.5757986792652,277301.9205964622,"[0.564441010338242, 0.24423460319184626, 0.1913243864699118]"
23697,986.0339278483016,388515.1388997063,"[0.2562514407251483, 0.05754131470617398, 0.6862072445686777]"
35962,316.77772777308394,955195.4286960491,"[0.5485465171737135, 0.10092306540334123, 0.3505304174229453]"
3313,321.85933719489145,240727.7069240524,"[0.786929436857146, 0.12953899048935708, 0.08353157265349705]"
18255,530.4728529667167,505261.9567415664,"[0.3456530605472401, 0.28144571659757817, 0.37290122285518174]"
11327,731.0753014930923,961073.0600620812,"[0.5322988399396897, 0.3371363895733415, 0.13056477048696888]"
19988,702.0093268411049,466685.7280566375,"[0.3612248824061464, 0.3920384887506534, 0.24673662884320013]"
10435,298.6879586084637,152036.6664201761,"[0.028513136025056503, 0.309406860784751, 0.6620800031901924]"
14391,891.0778279169476,360473.56565784384,"[0.337717382048786, 0.3064781334784627, 0.3558044844727513]"
39860,432.7669159520602,795850.7440900757,"[0.17888579843944902, 0.39284431510395534, 0.4282698864565956]"
993,750.855907985278,490859.1715392008,"[0.4478139594462296, 0.2547322289208773, 0.2974538116328931]"
22699,262.0766116320198,827252.6433882505,"[0.2856734799382329, 0.03528603198225978, 0.6790404880795072]"
24853,842.1144957081931,228601.28580357463,"[0.23365100499660174, 0.03785944558085212, 0.7284895494225461]"
34323,645.8263264867221,646870.3521025212,"[0.833144968912708, 0.08287069468854354, 0.08398433639874843]"
16283,43.88687752822313,659123.5964352078,"[0.020132873758637152, 0.44623945390240605, 0.5336276723389568]"
27369,399.2490951542358,920995.988662014,"[0.15859325908334695, 0.38144050216952774, 0.4599662387471253]"
5004,521.5308905662872,710092.326834446,"[0.21993190765320084, 0.17831161405811044, 0.6017564782886887]"
48890,188.0778410232321,302600.66489518003,"[0.9083432338493649, 0.04859996545087643, 0.043056800699758625]"
18624,688.8974962818949,849196.8225084399,"[0.7911581991714994, 0.19229348102481494, 0.016548319803685412]"
29868,761.0813401694693,131611.40135404427,"[0.6996769091066863, 0.12552243293188245, 0.17480065796143118]"
13930,232.67275319407807,856055.7831499241,"[0.05402261641198671, 0.18859258488094277, 0.7573847987070704]"
23918,356.96408871928685,537183.0594676647,"[0.03326257064283834, 0.6625080243782611, 0.3042294049789006]"
1867,666.9209289272018,671220.6200565618,"[0.5412033346872062, 0.07001443039989715, 0.38878223491289665]"
38028,926.5819438288707,531961.1621893253,"[0.3800856720005406, 0.5823347431251464, 0.03757958487431293]"
28484,105.14986124258712,895206.8807278288,"[0.6368730444523181, 0.1504511733811438, 0.21267578216653815]"
15591,863.4865271725832,566196.6945773673,"[0.005718892851227066, 0.831474105233922, 0.162807001914851]"
39421,150.71321240177411,612454.3661438765,"[0.39620604777440493, 0.39841327513749675, 0.20538067708809832]"
40704,625.6170300706675,112074.80246424062,"[0.24358921216959406, 0.185745781525823, 0.570665006304583]"
44207,199.6807591143202,600198.7636979002,"[0.030620258758461312, 0.5169179805815024, 0.45246176066003624]"
35556,309.1941269564617,868165.510611552,"[0.48205267889496956, 0.17365459940821953, 0.34429272169681086]"
20310,604.9150079727425,576088.3118083549,"[0.1376839767694709, 0.7122493024931326, 0.15006672073739658]"
34150,901.870685573784,423679.3687717631,"[0.09762572125823585, 0.39686961567170315, 0.505504663070061]"
35358,555.7143939458444,805062.2141802757,"[0.3277122545754378, 0.16997484070154348, 0.5023129047230188]"
30065,271.72675170609017,766667.746315182,"[0.2375286215329085, 0.6890053150404316, 0.07346606342665973]"
7063,318.20933755656625,172336.5562385359,"[0.14757372176843722, 0.37929410955636, 0.4731321686752029]"
15334,819.6226116936093,227817.20560525224,"[0.291690615236173, 0.06958792522459903, 0.638721459539228]"
28467,945.521787705552,946841.4906212426,"[0.36546340584874504, 0.5987092613414202, 0.03582733280983485]"
28309,502.3889012478786,350886.5724611556,"[0.30261471889993286, 0.09070452067848468, 0.6066807604215825]"
13489,165.61887168582084,537113.5315596755,"[0.5141380819991864, 0.43004642186284886, 0.05581549613796472]"
48784,828.124717729474,242173.3389098056,"[0.10400115239388517, 0.4722384096846561, 0.42376043792145884]"
1170,670.8938945439594,844205.5494355123,"[0.7222151708794787, 0.2535120078286178, 0.024272821291903415]"
43599,745.0118944614085,819246.279802574,"[0.11622087034693517, 0.26902512419240454, 0.6147540054606603]"
36927,134.02519421486116,709085.8998219897,"[0.7747091263466386, 0.09137991940772928, 0.1339109542456321]"
48736,823.505075113135,485248.21062269167,"[0.7728219310060146, 0.07042304499310137, 0.15675502400088423]"
1382,742.4934575562337,739807.1916068064,"[0.6827821524047675, 0.1924478745076655, 0.1247699730875669]"
28096,113.59585466004512,585188.4631442686,"[0.4649605514231352, 0.27868687383604546, 0.2563525747408193]"
23203,151.5462406244945,844665.0376262801,"[0.31744233448426856, 0.24108596094207305, 0.4414717045736584]"
17392,755.0253868770324,547552.0010390491,"[0.6556271741000933, 0.23482489812414248, 0.10954792777576436]"
43534,997.6867238574036,568692.0402499207,"[0.47894302590543847, 0.22151196207305873, 0.2995450120215029]"
1039,225.24964195213727,521441.6493515648,"[0.8412813755189034, 0.017151617322753714, 0.14156700715834294]"
18867,55.66536544494807,753740.449099309,"[0.6472326348813946, 0.23639229896832903, 0.11637506615027646]"
48321,714.9158495393825,946834.5062675412,"[0.12877778415465327, 0.51968215218173, 0.35154006366361673]"
5430,586.0358940633904,393724.51493749634,"[0.33054749979806186, 0.35295971307618673, 0.3164927871257515]"
38885,540.9324601324403,962757.5049231056,"[0.5168667656265968, 0.18317049779522518, 0.29996273657817796]"
37744,494.0719768730709,410180.0437863716,"[0.1391642387784714, 0.5494562631423322, 0.3113794980791964]"
42712,340.12337049075046,677040.2967849096,"[0.468245332475356, 0.3564682733146621, 0.17528639420998177]"
19300,17.018986142958994,333268.2469662968,"[0.23331366864045228, 0.06203797871067507, 0.7046483526488727]"
12442,218.6111108804423,156035.11006184053,"[0.5687222471845371, 0.09094568387196209, 0.34033206894350065]"
17801,277.4703730669934,511452.3337771599,"[0.3700115426424239, 0.16876350886807703, 0.46122494848949913]"
42305,146.84361799516074,552792.3381422192,"[0.4096641494964606, 0.5036382420950063, 0.08669760840853317]"
19822,314.0165800738091,304017.60800174606,"[0.6885827296128958, 0.17999528382035793, 0.13142198656674609]"
8060,832.6052459698669,410616.17180161807,"[0.10516350350553046, 0.5891862838323288, 0.30565021266214065]"
47178,69.7207051166531,238075.5978392709,"[0.5162748900822519, 0.2379173695741077, 0.24580774034364034]"
43804,390.1340755760111,248048.7610686428,"[0.002526278975075318, 0.044991830925294504, 0.9524818900996302]"
10994,390.3024499539947,463363.79446979455,"[0.4295626480731384, 0.1142761075913447, 0.456161244335517]"
33482,641.4726730462044,562369.9506709693,"[0.9707661902499201, 0.011044722025557997, 0.01818908772452216]"
35500,510.8476092962204,801945.6733273605,"[0.018947295181562535, 0.7853543108571306, 0.19569839396130678]"
5894,392.84073689875146,215454.3410958752,"[0.04234148690246269, 0.8855470792672995, 0.07211143383023784]"
46311,986.778738155875,594426.6192303326,"[0.7754898639232495, 0.21319454802632581, 0.011315588050424676]"
29927,923.8932072229268,544534.5214406147,"[0.007178636038778204, 0.2906163803160567, 0.7022049836451651]"
28083,10.479083963124314,545519.7920910462,"[0.6419794059739182, 0.08745366403541363, 0.27056692999066817]"
34679,577.2230073994472,197800.8164371446,"[0.15829737019581547, 0.45921810624011816, 0.3824845235640665]"
39514,184.39877850221447,654964.9027236231,"[0.5732367912169539, 0.08310737339706163, 0.34365583538598454]"
45887,196.9565431309501,367355.85294509615,"[0.288456822063264, 0.27086014679967285, 0.44068303113706314]"
5788,154.23750903936903,238536.46505980732,"[0.09702230675315479, 0.7699823482809592, 0.13299534496588591]"
22021,585.5661761169571,640816.440981944,"[0.26674266005273456, 0.30826362451220174, 0.4249937154350636]"
17828,525.6300383272536,950431.914371352,"[0.4301962636562528, 0.3328820031089299, 0.23692173323481736]"
28726,390.1468701694122,480045.42846569605,"[0.7722964125508383, 0.05360134981965959, 0.17410223762950222]"
42394,360.2858998791653,127808.95621703808,"[0.1692953429187059, 0.6710445845609735, 0.15966007252032052]"
29983,425.2483084050339,374214.9360802596,"[0.5057255541374759, 0.2899404842140653, 0.20433396164845882]"
12019,219.9645962801464,395288.8300864908,"[0.5152958829214923, 0.2998467162180171, 0.18485740086049054]"
22072,384.4356716214695,380981.11337044346,"[0.47872471213050194, 0.5137060909761316, 0.007569196893366574]"
40174,236.6575712543531,367128.3752580269,"[0.6890021613565287, 0.277155187275716, 0.03384265136775535]"
27648,40.389395763839744,931109.0276543612,"[0.20972431878190612, 0.7083051952160175, 0.08197048600207622]"
18669,819.5509849295746,833042.5943440283,"[0.4710232369091957, 0.33399462699717847, 0.19498213609362583]"
47790,206.5094980644363,223015.07332667927,"[0.22826982534512633, 0.6629737179123771, 0.10875645674249647]"
49504,991.3910436937084,285603.8578020744,"[0.658992920281209, 0.15030810498059002, 0.1906989747382011]"
40990,904.1453552097072,103375.43195704676,"[0.47840701023778637, 0.29508490084070893, 0.2265080889215046]"
42209,601.0875701335424,309272.0213359428,"[0.17806097969062165, 0.3317178240504104, 0.4902211962589679]"
11395,106.69275463769978,255829.2864986928,"[0.13670067376744177, 0.34736094702908066, 0.5159383792034776]"
22099,126.011340000247,204250.81911198885,"[0.18842619506150424, 0.1570168003382571, 0.6545570046002388]"
35751,589.5194981591404,516439.8274689288,"[0.28300806526962274, 0.4502721524510819, 0.2667197822792953]"
28488,175.76994374572985,518040.6580940831,"[0.31606213418706663, 0.666779056406526, 0.017158809406407374]"
2285,287.2372709351059,172028.00080219796,"[0.3986632072965464, 0.17233559810469967, 0.42900119459875397]"
48171,613.8324257513506,146086.22955991334,"[0.3194204800366286, 0.25622764492608885, 0.4243518750372825]"
38276,532.7962857435937,272351.09366018174,"[0.12154398800895864, 0.2222012938009144, 0.6562547181901269]"
20051,199.3090573075083,849427.9309797668,"[0.15240644607269185, 0.4348705121949847, 0.4127230417323234]"
12932,446.12962721635057,443972.9858863244,"[0.48637479334288186, 0.050111543584003305, 0.46351366307311487]"
24093,523.79992170084,160764.667711337,"[0.31699313000857676, 0.6034089340421842, 0.07959793594923911]"
45265,156.4352937136127,630756.3031173651,"[0.4453680886793783, 0.47965285315218875, 0.07497905816843285]"
43606,261.78263727275737,373403.5407284222,"[0.40942611025061637, 0.5283699378341251, 0.06220395191525851]"
16907,57.46439686662868,432891.5057270533,"[0.37888839033384003, 0.028789317413653655, 0.5923222922525062]"
33453,277.33122226539683,753453.9317355305,"[0.4836220055944196, 0.2464133761863169, 0.26996461821926343]"
21004,503.95456915862377,644781.7781625533,"[0.5478062628945151, 0.1264810949842397, 0.32571264212124523]"
48737,445.1979247143428,672336.4289562061,"[0.22508631079219316, 0.7359328025010174, 0.03898088670678935]"
3298,25.46544725107546,916947.3548905298,"[0.15359825353238205, 0.6038481395114632, 0.2425536069561548]"
6532,104.26390061549706,359202.57163363544,"[0.15845941795348883, 0.033336218099338774, 0.8082043639471724]"
32345,148.17804500575113,377205.2783221466,"[0.11462348346775314, 0.48302801151639285, 0.40234850501585395]"
38055,781.439693521043,731388.6781061772,"[0.3441868856550852, 0.5738478906888107, 0.08196522365610402]"
21943,292.1554779425601,104854.25787614036,"[0.24259575413761633, 0.183683753023943, 0.5737204928384407]"
40346,172.24568704549216,673040.1905531423,"[0.188196357215392, 0.13232360707874183, 0.6794800357058661]"
46085,831.507068612715,500041.05019054166,"[0.16603880342652755, 0.6020673535139915, 0.231893843059481]"
28409,601.5300218526212,634896.884481552,"[0.20604674705541, 0.3855663002356104, 0.4083869527089796]"
18851,349.49469406299846,316930.288795675,"[0.012364436766746329, 0.8703398342497385, 0.11729572898351523]"
44017,613.1066906244732,871217.9442863159,"[0.393448440817607, 0.16044478218354158, 0.44610677699885143]"
34962,712.1327563879584,107800.16613833372,"[0.7980199499904057, 0.16186010676021603, 0.04011994324937835]"
38053,627.8565317799629,961170.0565262767,"[0.18677251039278564, 0.11881753709982569, 0.6944099525073887]"
47275,174.12298490482857,203668.9785387453,"[0.06253383538332853, 0.08744507480607884, 0.8500210898105927]"
30141,651.2907317958333,192397.27336871228,"[0.19011603963504536, 0.12388042197739063, 0.686003538387564]"
8848,298.4644584975673,459444.34207817697,"[0.37168224356026197, 0.33035956111982123, 0.2979581953199169]"
17044,667.1768445385173,378882.7309528,"[0.1607002236179356, 0.7032122983417792, 0.13608747804028523]"
27810,971.9300224061652,171851.22046444728,"[0.6978151588282325, 0.22298151530441696, 0.07920332586735034]"
15971,312.15110603920004,284000.5896326655,"[0.4244917955800478, 0.40531820995372325, 0.17018999446622904]"
31937,84.75542949508765,725331.350980701,"[0.23737343400687025, 0.18338216460624918, 0.5792444013868807]"
40192,261.44559035578175,681800.0259672691,"[0.5162976309345162, 0.43370130990102934, 0.05000105916445452]"
3181,570.6536653625932,928584.7928455285,"[0.23500184238157032, 0.10678384998214485, 0.6582143076362849]"
35003,419.1732497760114,502554.652584193,"[0.8193708275647014, 0.08744233369925065, 0.09318683873604808]"
30172,913.2960586589516,425252.1593112584,"[0.2411190117809874, 0.46935277988452345, 0.2895282083344891]"
23701,259.7176766365934,937610.0648997938,"[0.569948956286191, 0.11705714294641036, 0.31299390076739864]"
22673,32.081227191169475,924255.709937578,"[0.1548566436587561, 0.003072770052555993, 0.842070586288688]"
35372,583.5975069741352,629820.6185523954,"[0.3058377098854616, 0.19538073562059807, 0.49878155449394024]"
33434,527.9392258394589,184049.27570132515,"[0.13389838249963668, 0.4775318273134643, 0.388569790186899]"
49068,632.6110333684338,502556.7838619476,"[0.053250501001877656, 0.38005567464192663, 0.5666938243561956]"
27830,253.78797270326825,960645.8312962786,"[0.12162081593603571, 0.5764541516650695, 0.3019250323988948]"
34052,814.4113200078979,685535.7355572218,"[0.2158741485813728, 0.6145277510987995, 0.16959810031982775]"
8431,27.18875317833691,252356.21761515472,"[0.004949906744356712, 0.23845726250772528, 0.756592830747918]"
46605,931.1307736040168,528749.4283831425,"[0.3981848608376652, 0.15459797547671103, 0.4472171636856238]"
35208,566.5950085264602,793706.1328602927,"[0.19482424978470592, 0.5695829739653419, 0.23559277624995215]"
40285,330.69959040088685,106074.59671477332,"[0.27413858723248985, 0.6501981684927202, 0.07566324427479014]"
11758,942.1877906963904,239695.6264672909,"[0.4615559421601723, 0.21437037723159755, 0.32407368060823016]"
27067,648.7186191743651,990165.0895851403,"[0.043369148930066256, 0.20199715651892214, 0.7546336945510117]"
1416,91.6845702484287,255029.56645360525,"[0.04888238779522213, 0.6272792335039268, 0.32383837870085114]"
4713,84.0161162313187,120924.44483251512,"[0.3750837425905446, 0.35517671552543484, 0.26973954188402066]"
31447,991.1915100915868,199273.741368522,"[0.3666201458317189, 0.11816432745631196, 0.5152155267119691]"
49188,935.2767822252612,517445.7119323073,"[0.15823114059403048, 0.25966405260862313, 0.5821048067973463]"
7309,585.5796513181675,212922.5714702144,"[0.09390559359461792, 0.7419240795429879, 0.16417032686239405]"
41591,962.355536878624,652051.2071297553,"[0.7957319408368598, 0.09448135777276616, 0.10978670139037419]"
23883,413.8996753459825,956838.643953826,"[0.5826528989780722, 0.3410580099945604, 0.07628909102736756]"
25526,555.817016339128,651162.9072030679,"[0.04293099604476015, 0.37025649811059774, 0.5868125058446422]"
40147,937.7760973037686,747260.5095147413,"[0.2890758701457942, 0.5628461067371873, 0.14807802311701831]"
27700,927.2347384357116,186299.5507919161,"[0.11405307419676879, 0.5218639319813922, 0.36408299382183906]"
15741,180.8339772651217,268816.1646899694,"[0.07823621462969797, 0.6309451985578669, 0.2908185868124351]"
44970,646.3989235107935,456442.3631059315,"[0.1398185250044805, 0.748380390700809, 0.11180108429471056]"
36206,487.6351754805021,214462.254874346,"[0.5363273340666356, 0.32260990590294547, 0.14106276003041887]"
3971,944.9693429838492,827478.1672105103,"[0.3077408122156492, 0.5247769698262513, 0.16748221795809953]"
6896,696.6765429944832,830575.4084818582,"[0.5890336731696152, 0.16765170702556972, 0.24331461980481509]"
20602,285.2875142861195,827000.4269493405,"[0.11465240252570663, 0.7260550581804425, 0.1592925392938508]"
42700,260.2070735378494,452513.1473729825,"[0.4011544586670174, 0.3917831014958183, 0.20706243983716432]"
19154,368.9114604828653,816463.8809073699,"[0.8113347982535426, 0.14035263721389502, 0.048312564532562455]"
30102,52.66538182909835,284331.72848189634,"[0.514604105629319, 0.08357726903965022, 0.40181862533103085]"
19020,460.992900753245,386238.77792296105,"[0.6141616310441678, 0.3119757727115364, 0.07386259624429584]"
39430,37.81989677421119,537236.8442702632,"[0.18963219271926463, 0.5799848997453982, 0.23038290753533716]"
32743,72.45901608336538,590529.7537089076,"[0.12681280471932918, 0.4797960444267504, 0.3933911508539205]"
12072,871.3733065564962,964801.811114392,"[0.49276483056639403, 0.37453390479954046, 0.1327012646340654]"
12839,385.2838105980311,149737.447348169,"[0.3196230570142081, 0.6005476043599178, 0.07982933862587398]"
14600,587.6949983906136,417287.2427230645,"[0.8155189841835658, 0.13106884474327063, 0.05341217107316357]"
44284,787.9757610074718,264457.45619471336,"[0.26211791368916304, 0.6418758308027801, 0.0960062555080569]"
15975,446.1560764202886,548553.1911969016,"[0.5517140867082927, 0.21369929842320984, 0.23458661486849733]"
21964,970.6721136923902,420640.3272866605,"[0.21445618725734228, 0.1406309012833182, 0.6449129114593395]"
18620,156.96693392885027,605618.2713279824,"[0.4477424869184463, 0.07352673384957295, 0.47873077923198065]"
31842,55.899071371987645,860596.7448147113,"[0.07045096741229288, 0.5199086228055315, 0.40964040978217553]"
18148,651.158793609477,257874.4780579739,"[0.05139471420712983, 0.5625947287043471, 0.386010557088523]"
29956,847.0594176355678,965702.457862663,"[0.03301912434801517, 0.7169402322393237, 0.2500406434126612]"
42314,259.23606233988085,567901.2593279646,"[0.437924906021891, 0.33728593017785824, 0.2247891638002508]"
12430,567.2497976841686,280058.57834210445,"[0.6499109993925678, 0.026981021069169057, 0.32310797953826315]"
44313,189.71076271883624,190620.30220475697,"[0.4699372864501367, 0.05891743837927331, 0.47114527517058996]"
3641,126.99987225175332,113682.77139862048,"[0.6161507939586703, 0.07488826809016177, 0.30896093795116786]"
31787,621.6662981515777,537783.7095704477,"[0.03775999968251141, 0.5021862050998694, 0.46005379521761924]"
13409,386.6864846161205,472014.4057070204,"[0.7440885259397898, 0.0031518317106304337, 0.2527596423495799]"
7370,202.65294639073,306438.68043820164,"[0.6964255390558193, 0.1971830636378884, 0.10639139730629225]"
4087,974.9916261056676,676773.5385356507,"[0.2003913776611224, 0.5438718891255221, 0.25573673321335544]"
7199,822.7946195813504,789062.7025199264,"[0.24512366588116377, 0.6816090742985356, 0.0732672598203007]"
38566,300.0196339447229,186779.221657608,"[0.6963458222433223, 0.17052151778459584, 0.13313265997208193]"
15294,422.1713401144657,588665.8981713017,"[0.517493078367579, 0.06688630767640227, 0.41562061395601874]"
14832,582.2206575865359,648464.9426317948,"[0.6767198930251688, 0.01993545394347428, 0.3033446530313568]"
24896,687.8153841633215,894105.0585696091,"[0.32459234940971105, 0.4142182066521148, 0.26118944393817417]"
14723,982.9472094194548,132150.97803951337,"[0.23351037610233205, 0.08212360517287398, 0.6843660187247941]"
37610,544.6811618674377,382011.3557534879,"[0.201665568187178, 0.19764204290827111, 0.6006923889045509]"
17207,639.838487414327,687829.4273613166,"[0.6094736431514031, 0.22963736589799819, 0.16088899095059878]"
39982,753.2120200627934,501006.2907438327,"[0.13311937887075892, 0.5714299036428188, 0.2954507174864224]"
48363,638.8928223166224,886152.5981964068,"[0.5896201895402368, 0.07773395621967397, 0.3326458542400892]"
49913,215.05467270449827,133742.61271350196,"[0.2807407212983481, 0.36667863767387404, 0.3525806410277779]"
23863,239.65448831887915,617298.1787426805,"[0.40546958921854886, 0.06441588980178568, 0.5301145209796655]"
39266,399.28947138775857,702897.0314451454,"[0.5176105663553117, 0.12218520491713375, 0.3602042287275546]"
40789,88.03958424968815,106756.57342631403,"[0.03182807149997235, 0.7001769302600139, 0.26799499824001366]"
33863,64.30666768729921,662346.3404270204,"[0.008742958678711365, 0.263763217045611, 0.7274938242756777]"
24149,916.2266880795196,403214.7598174163,"[0.22799986832820202, 0.745024401015709, 0.026975730656088943]"
32663,490.10875286080926,451684.33199793793,"[0.14654804549682282, 0.14539653484563508, 0.708055419657542]"
24678,36.22836261446808,960408.9643517538,"[0.10119752740291175, 0.6375222123476876, 0.26128026024940065]"
30422,815.9790908156513,573186.1559272449,"[0.4595852687944017, 0.2607523328895837, 0.2796623983160145]"
24667,612.1509429492496,680253.8471532383,"[0.12028411244665667, 0.7016375063567084, 0.17807838119663486]"
36919,119.62149964179856,866731.763671012,"[0.03941016055733543, 0.29511109690120296, 0.6654787425414616]"
7683,407.6467028418133,938736.8761786992,"[0.10492838434602421, 0.8713381825890621, 0.023733433064913784]"
47303,701.5858739313409,283497.5613278373,"[0.22736841054976537, 0.3178696638064615, 0.4547619256437732]"
15809,28.743199976952045,773966.278231113,"[0.4488814020054691, 0.2967564235100432, 0.25436217448448756]"
13528,100.28841773684348,388475.94463095744,"[0.13893283381044833, 0.10610951984876897, 0.7549576463407828]"
32119,462.32457657787705,158814.13016056723,"[0.30604578880389927, 0.41555219636505253, 0.2784020148310482]"
15442,410.5324209841586,475663.7734467992,"[0.7329228986205515, 0.21107134534649447, 0.05600575603295402]"
46809,942.0975726707616,142855.90607117116,"[0.17333606513062394, 0.31926934495442555, 0.5073945899149507]"
5162,80.54023511224875,688882.6988319235,"[0.1209193108304638, 0.00441155631935774, 0.8746691328501783]"
12280,590.0988859914293,933642.1945799672,"[0.8171573666811147, 0.1647138708419305, 0.018128762476954757]"
17780,563.1409663766999,799342.5981123539,"[0.014092583462901402, 0.8235823659652003, 0.16232505057189833]"
23989,124.53352868168808,307047.2707655002,"[0.04033554621852854, 0.935133237156543, 0.024531216624928513]"
18441,471.7680047983261,244259.51821560264,"[0.27497892830940984, 0.06446435780042986, 0.6605567138901604]"
10686,246.58716023742463,265227.92117190216,"[0.9075785083607095, 0.037756492110069706, 0.05466499952922089]"
35591,308.9937129884306,914903.5800180816,"[0.011241566509476237, 0.49228737076186313, 0.49647106272866076]"
49361,523.755901874249,951644.8953008384,"[0.01842923212531539, 0.5897771296433862, 0.3917936382312985]"
46909,160.78168609981034,419058.76064250845,"[0.03422213193532057, 0.5254090642777597, 0.4403688037869198]"
29026,231.3452330801456,524489.2914827587,"[0.0004904573846159716, 0.2523567860472155, 0.7471527565681685]"
13354,165.0714395275945,171636.7453385325,"[0.44416282509830407, 0.18184472306999572, 0.37399245183170016]"
23980,521.3957503557726,206744.92749228684,"[0.2575053903311361, 0.7399010239299789, 0.0025935857388850276]"
37569,381.3888735195239,735911.7025256162,"[0.2406310918483839, 0.6281497973888642, 0.13121911076275183]"
5881,711.7564050508623,840950.6606322575,"[0.15920492991478974, 0.06417365367128083, 0.7766214164139296]"
1780,799.9029403689655,577113.4528876785,"[0.5164268063376396, 0.3033446329906706, 0.1802285606716898]"
46409,78.50639282676059,459345.7866293723,"[0.4093160287041939, 0.2318286184915078, 0.35885535280429826]"
32251,237.61359051242505,767304.7926198068,"[0.006896021507744965, 0.9703362382808399, 0.02276774021141511]"
28443,169.2778015892107,984135.1531107182,"[0.7106573190946727, 0.06329484537660587, 0.2260478355287214]"
10133,721.3239297154405,707916.1980412789,"[0.04441927153735744, 0.516879013639783, 0.43870171482285963]"
19690,46.92791238802716,593335.8624946754,"[0.8188090421065878, 0.11805762819617832, 0.06313332969723384]"
30429,460.56969536186926,936153.8113866892,"[0.024935711771068087, 0.9061587163692549, 0.0689055718596769]"
24167,778.6705530619117,863519.371467609,"[0.18491817732883767, 0.6817961609204302, 0.13328566175073217]"
40173,153.36091054846068,591291.093784009,"[0.5614573595469847, 0.4085048650290926, 0.03003777542392271]"
31193,339.16004863114307,757643.8892130804,"[0.5233214500525566, 0.14089675663337728, 0.33578179331406616]"
19114,697.0088205537081,310628.253861348,"[0.4814945098977584, 0.4631850639071236, 0.05532042619511814]"
6761,401.6797320504217,836436.9113303896,"[0.5216113962899296, 0.14615472517110747, 0.33223387853896286]"
45573,737.5997275624956,610534.0995281017,"[0.10507070913928362, 0.2516972735725419, 0.6432320172881745]"
26334,741.5949719654899,508081.9600280839,"[0.05180163564482243, 0.14816992954489278, 0.8000284348102848]"
2583,979.2979396896334,627208.8530835685,"[0.003785515897424042, 0.05851162402550855, 0.9377028600770675]"
6949,259.21891274008954,985700.4485727872,"[0.48113453046419846, 0.26687320524640507, 0.2519922642893965]"
3553,353.74915904241067,207588.30888891616,"[0.04097427680684212, 0.6491096130328381, 0.3099161101603199]"
32271,537.4437247284859,865176.7169756757,"[0.31229001167118975, 0.5797801130742141, 0.10792987525459624]"
20015,596.3974870699376,997831.1730140464,"[0.20290920240712124, 0.1575053404756259, 0.6395854571172529]"
2452,550.1428503309869,286871.41744683485,"[0.5959454671399695, 0.19086031553637944, 0.21319421732365101]"
49655,993.2708406155411,482115.219770376,"[0.6974021901094033, 0.2010128726704274, 0.10158493722016934]"
46049,953.2367302431484,811430.8810997877,"[0.20114433351684266, 0.4144402599233177, 0.38441540655983975]"
8373,601.8943323058435,236050.9955795628,"[0.7799317125786633, 0.18978329909968794, 0.030284988321648706]"
34845,278.3293942397666,436958.9252931441,"[0.3021979095941161, 0.2904259999799721, 0.40737609042591183]"
37399,17.252412960514402,623301.6436928588,"[0.014152507244305113, 0.8841635102787035, 0.10168398247699133]"
24375,350.8320149150749,483389.6350765692,"[0.1675590867950006, 0.29515282674979826, 0.5372880864552012]"
20910,129.11696232769762,115081.28076063792,"[0.34215320233273533, 0.13131162390864826, 0.5265351737586164]"
13826,689.3568097877748,713477.9081222184,"[0.36571174293634534, 0.21006589121087868, 0.4242223658527761]"
24081,848.9948414125303,432594.6105155023,"[0.23663909416332618, 0.14414879442963374, 0.61921211140704]"
28498,754.3050383046383,193239.47375806852,"[0.6048422554369908, 0.2716997270746393, 0.12345801748837007]"
13393,925.314410118962,885074.839701692,"[0.22596050685042404, 0.24854505118779088, 0.5254944419617851]"
24457,798.1120971934912,673986.2282982734,"[0.30647874506776235, 0.6858567354453925, 0.0076645194868449765]"
35314,879.765174096777,716761.3652055312,"[0.5123464559803058, 0.1801421428875749, 0.30751140113211933]"
48525,390.3103928765894,214902.7605559305,"[0.8104384076289299, 0.07525583117971871, 0.11430576119135137]"
25999,980.1271286150372,176692.5625755078,"[0.055178202303620624, 0.8699625318656257, 0.07485926583075372]"
11032,553.0638012150462,476406.035648244,"[0.4051921613436374, 0.29202003377846625, 0.3027878048778964]"
9600,539.1221286300317,576537.6984881293,"[0.17404155363655135, 0.507614759547028, 0.3183436868164207]"
11602,510.2409574744639,724197.9156996392,"[0.08072079408953992, 0.45894779254330637, 0.4603314133671538]"
5292,721.465160591158,941389.6844021508,"[0.06862274853070462, 0.7705157043679969, 0.16086154710129846]"
30814,537.2912449628242,274203.5754573612,"[0.15804000125388104, 0.3247733947657283, 0.5171866039803905]"
29252,323.3718366134691,925068.980377928,"[0.6530077825862901, 0.11100856062186558, 0.23598365679184433]"
44196,666.19613576643,346606.1630793483,"[0.02854736184750825, 0.6796029274409248, 0.29184971071156685]"
43785,244.79772623633752,847229.7948217476,"[0.7804060902851729, 0.17658816696266957, 0.04300574275215747]"
12755,244.4212623672373,646907.1668581766,"[0.5062287700881988, 0.3063383921035585, 0.18743283780824246]"
17174,466.5659256802712,735223.1463806343,"[0.2982321937989319, 0.18034200679770238, 0.5214257994033658]"
18658,758.6685254923966,505330.7638781596,"[0.06062135456937921, 0.0981149310497055, 0.8412637143809153]"
19093,761.545758439599,842822.6743811155,"[0.5005801304203112, 0.4694411055478905, 0.029978764031798128]"
21540,915.0233024547848,780193.1575324876,"[0.06694759812298043, 0.42957723293136635, 0.5034751689456533]"
18273,365.1863173981832,214660.8110299961,"[0.07466963574779427, 0.3905299768601147, 0.534800387392091]"
611,211.04125208725668,366936.4292229539,"[0.23446456639384194, 0.6419589415584672, 0.12357649204769078]"
37688,875.8653478404196,865656.6695472734,"[0.4011030943063916, 0.3041779924532409, 0.29471891324036736]"
47687,149.4599272565532,524717.9482171106,"[0.1664727514294415, 0.2122700007133796, 0.6212572478571788]"
35433,325.20330039037293,622605.2987813789,"[0.3678735569392597, 0.40546818526685247, 0.22665825779388787]"
14416,43.45407959416134,742434.3941675918,"[0.2933384228842328, 0.1467270277164905, 0.5599345493992769]"
9119,528.596522894187,787382.6047238001,"[0.7350256730951351, 0.20523313288314743, 0.05974119402171742]"
9706,94.56552700013556,760177.554066327,"[0.5076420965907233, 0.48865851330540905, 0.0036993901038676015]"
8486,344.19040356281704,102222.72406306076,"[0.9157073768002022, 0.03564058495396273, 0.04865203824583518]"
14996,696.3703723013938,877088.1652258061,"[0.5639362635481175, 0.25118550893909924, 0.1848782275127831]"
27519,905.0870583036192,318363.06898329884,"[0.10023824246663443, 0.8521121351431471, 0.04764962239021835]"
1569,543.7063488833129,732705.2228808795,"[0.39317724241935154, 0.4210368552629592, 0.1857859023176894]"
10220,191.0374853949716,489013.39425787766,"[0.49544266159677514, 0.005091918299401363, 0.49946542010382344]"
5818,703.7631795109442,550223.261336012,"[0.4501605772267834, 0.11563403659348744, 0.4342053861797291]"
27114,877.8146459853652,134318.0344340946,"[0.09430761860568469, 0.43401632331240864, 0.4716760580819066]"
3925,949.9918775278536,642592.9547805443,"[0.4026874359981587, 0.17376308232042093, 0.4235494816814204]"
15713,623.6237924877212,579106.4504629595,"[0.08699482245480104, 0.04364333978278577, 0.8693618377624132]"
22186,970.5783885071612,961206.0851489698,"[0.021113188907707883, 0.3607834586705069, 0.6181033524217853]"
5968,968.6764273905148,163132.5031629893,"[0.4596679012426024, 0.3351271519922875, 0.20520494676511003]"
34343,639.6505295422091,892070.790204203,"[0.4028751411885943, 0.02627543433239835, 0.5708494244790074]"
42466,689.9422630640655,475438.1644366508,"[0.0036970162775820602, 0.30213407306339524, 0.6941689106590228]"
13976,736.2081548876733,580565.4700533476,"[0.5223639365682495, 0.25526958939792876, 0.22236647403382176]"
5723,561.1597057521802,155248.06247242176,"[0.2900566580879019, 0.30361336092581276, 0.40632998098628526]"
31658,620.3843478669553,113117.65625988154,"[0.07416463868858765, 0.49238955420934205, 0.43344580710207026]"
21053,136.84891803758734,644782.3139274601,"[0.001489741858164834, 0.9439624592401277, 0.05454779890170738]"
16302,974.7635109393308,172266.71145903372,"[0.20809662214831814, 0.35627291783425824, 0.43563046001742356]"
42492,542.8005050034021,412520.918454954,"[0.26364291306705856, 0.1477204684265556, 0.5886366185063859]"
31692,74.79437526493896,983938.1635949943,"[0.47892468237712504, 0.42033627417984587, 0.10073904344302914]"
9795,270.9276491013862,852069.4666734658,"[0.338561316856406, 0.31668982023939707, 0.344748862904197]"
29256,597.2357247428195,578773.130214066,"[0.07230924710557099, 0.6278888029548468, 0.2998019499395822]"
15121,914.8394100218636,601716.0332553568,"[0.26288480314091883, 0.18426752646963795, 0.5528476703894432]"
18504,871.9611528738551,419155.3839033445,"[0.7092124845323035, 0.006382156119298219, 0.28440535934839833]"
7939,531.5580053905151,843238.940473252,"[0.5016657210226012, 0.3205131942250892, 0.17782108475230948]"
45922,870.1420661408076,118427.3399794524,"[0.6034149900685578, 0.2582186060095078, 0.1383664039219344]"
37113,366.3642529360495,109066.9223544037,"[0.469103064143919, 0.3134063043347857, 0.21749063152129522]"
15189,724.2992215990441,943051.4883651732,"[0.9078713920821372, 0.09009881993108022, 0.0020297879867826754]"
5859,67.38948733788993,364998.5336055144,"[0.054656753321615924, 0.1191662080098849, 0.8261770386684991]"
45268,409.8158611496692,609107.8607941287,"[0.15668079770025414, 0.410980446777437, 0.432338755522309]"
2991,398.39794173986905,334265.1483120642,"[0.03637714554738873, 0.0009652870546946572, 0.9626575673979165]"
44979,21.36179000558929,574531.3038512304,"[0.1369654327560459, 0.49818665486161845, 0.36484791238233555]"
32962,253.19966256637016,184179.0649962313,"[0.30381623909387406, 0.07129171396286449, 0.6248920469432615]"
13535,614.3965964112647,999752.3821369258,"[0.3531590566843803, 0.47920621438768635, 0.16763472892793338]"
3693,959.3823523031572,107897.12207466437,"[0.0921282121402333, 0.09690720318022804, 0.8109645846795387]"
41335,868.7952263724636,452503.16299502185,"[0.08852589335190184, 0.6638969116216744, 0.24757719502642378]"
30549,255.83224780453943,397505.9740925421,"[0.513222374841692, 0.4620352288335418, 0.024742396324766047]"
42061,145.07848382065487,893137.7367026157,"[0.2853476663342181, 0.6958580843180868, 0.018794249347695063]"
8897,701.1322482779162,395120.05439132417,"[0.07146713700743768, 0.4095768049325213, 0.5189560580600412]"
12921,76.64895316048181,502289.40328515385,"[0.047037462316906246, 0.8128146299702165, 0.14014790771287727]"
47923,983.5606603318988,330961.8412793785,"[0.004440483474265266, 0.45916366548000837, 0.5363958510457264]"
40667,351.04748816365924,342106.76959580515,"[0.4050667390273729, 0.3760087063346925, 0.2189245546379345]"
49377,576.2941017869908,886315.277940699,"[0.24228778342906596, 0.6717518255743854, 0.08596039099654881]"
38558,638.1143502984631,428169.37318833394,"[0.22392862672006908, 0.25806069679772076, 0.5180106764822101]"
48543,895.412231830068,546541.504026757,"[0.7020483250265124, 0.26010440093562154, 0.037847274037865974]"
36157,602.2600731905309,627729.0399380599,"[0.47658625414399375, 0.23983595343603398, 0.28357779241997233]"
19107,260.3193611474064,727945.3451963376,"[0.10913945990495955, 0.6412303400489453, 0.24963020004609515]"
33939,791.5341322923725,646426.130771113,"[0.0679375474321583, 0.4594527458555033, 0.4726097067123385]"
9500,315.9327948770333,893704.8665752818,"[0.37825731602410173, 0.1270661030612443, 0.4946765809146541]"
23934,824.8206269273719,959411.2811075724,"[0.040392286746001115, 0.5948056701264126, 0.3648020431275863]"
11775,811.427307696266,815335.9757634103,"[0.6316404831117274, 0.14555495135378263, 0.22280456553449]"
47331,62.27458935163175,765447.0746405327,"[0.5835976652377505, 0.31438661374018606, 0.10201572102206345]"
49459,346.4267609674084,430843.4456654871,"[0.6854084671576486, 0.12149158003445563, 0.19309995280789588]"
4700,485.4102542533244,971746.4453496764,"[0.6580387856170453, 0.0479137491924484, 0.2940474651905063]"
28564,902.7679402441356,661065.716274827,"[0.5171543441665304, 0.4587536207593184, 0.024092035074151242]"
42524,91.02550004676728,618235.1550031705,"[0.264785409277906, 0.14316806008588331, 0.5920465306362107]"
13831,465.947823747645,669505.2812328107,"[0.039318777566274055, 0.25733518554880447, 0.7033460368849215]"
27841,277.595914785018,486552.03858345794,"[0.12029440553327704, 0.46691304806014405, 0.41279254640657886]"
16033,760.0008552432832,687732.5646241811,"[0.7687971314757256, 0.15945169157447958, 0.0717511769497949]"
31822,716.7759654163243,425559.2710356942,"[0.5853281878221435, 0.29766853755567835, 0.11700327462217822]"
26807,249.819552370742,679704.8373506035,"[0.37790929817455104, 0.2174085872452821, 0.4046821145801669]"
27405,324.6391503710368,746992.78963852,"[0.7715845859258261, 0.02779265645910703, 0.200622757615067]"
36427,762.5765672438778,200287.437443303,"[0.11654188033156583, 0.14358978325394806, 0.7398683364144861]"
23436,564.2555190964313,296249.8655383316,"[0.660369176491908, 0.22889867571503517, 0.11073214779305691]"
48464,943.9461508161424,565450.2854967944,"[0.16444374435303938, 0.023183697719836832, 0.8123725579271237]"
3458,47.46115847902352,531057.150945572,"[0.17626232128915514, 0.19249729495034587, 0.631240383760499]"
8264,228.99246996281184,954595.7844735116,"[0.16705684080207353, 0.46081421800341177, 0.3721289411945147]"
20916,406.07222773314,630201.674481322,"[0.2822321555147621, 0.28805231863290975, 0.42971552585232803]"
39610,538.6411553902414,904161.1951744686,"[0.028882960741659063, 0.6055949000926535, 0.3655221391656873]"
9192,517.8130933101974,106343.09835471246,"[0.7992867496863728, 7.750735797515511e-05, 0.2006357429556522]"
43812,712.335314487238,755462.0577607799,"[0.707091814130255, 0.0017857560836078321, 0.29112242978613717]"
30901,442.2972795636372,256683.0067273884,"[0.09441339617046926, 0.39798008147943587, 0.507606522350095]"
8230,155.44481467768642,263064.08153528755,"[0.645681393905907, 0.0835902851183267, 0.27072832097576627]"
11323,169.5191717153264,134739.26303951745,"[0.16836327052248437, 0.06490119660557166, 0.766735532871944]"
49270,273.5024364892833,128720.76891430494,"[0.2219900343993893, 0.32883732670400734, 0.44917263889660325]"
19102,249.2855564977465,537378.5901109357,"[0.32329712249106074, 0.10205970536129348, 0.5746431721476458]"
24461,748.1311878698834,375096.6090615838,"[0.037661633835211886, 0.41470398499930505, 0.547634381165483]"
2137,554.0681037571177,681124.7229514621,"[0.2902301351836782, 0.36649308869846847, 0.34327677611785345]"
31575,233.1919833139252,132078.77620495594,"[0.23064851314346105, 0.09543995474107685, 0.6739115321154621]"
13650,742.2282871652992,531109.2161964166,"[0.5467639270419843, 0.11483606944504135, 0.3384000035129744]"
16186,123.874036434066,811438.495728355,"[0.5849741550772046, 0.3289864818911178, 0.08603936303167746]"
12846,471.8704352322115,186541.30353721467,"[0.11934537241706818, 0.23393724947820652, 0.6467173781047253]"
11007,279.2462193488546,494777.91011520143,"[0.033946263705860305, 0.12039603793669083, 0.8456576983574489]"
13775,134.83399361622793,589798.8194656137,"[0.20315413294538, 0.5628090871488839, 0.2340367799057361]"
13246,718.2180966634468,487874.6055447779,"[0.8549896969497465, 0.12243408674065068, 0.02257621630960272]"
37780,92.09953508353227,543887.2644431271,"[0.13571332446317733, 0.34490726531653504, 0.5193794102202876]"
24006,699.2130613471662,519481.40274825593,"[0.18374998352335595, 0.061620729449535824, 0.7546292870271082]"
46437,281.3099362822962,747613.1994223458,"[0.312054688311126, 0.39641046968324334, 0.29153484200563073]"
16618,133.9116629230321,807682.3283248226,"[0.7458478047766336, 0.0800797741139542, 0.1740724211094123]"
4960,752.2427295814529,908586.7049661784,"[0.2354757902639242, 0.16350235442653224, 0.6010218553095436]"
40364,202.7156381295692,267232.7156059453,"[0.6201942815999317, 0.1961865573256423, 0.183619161074426]"
1926,478.2716352393192,525413.0897482471,"[0.26061765641683865, 0.5695151490732111, 0.1698671945099501]"
41713,775.3565874230627,901801.9715225446,"[0.0015402641333514154, 0.7197452375778218, 0.27871449828882683]"
10557,917.4398117089488,411198.6489534188,"[0.3645297320548975, 0.4730002788191692, 0.16246998912593325]"
22062,691.9606322718332,503570.05477911246,"[0.6032834499812448, 0.2598537793304674, 0.13686277068828767]"
32220,530.6728754057477,431080.9330096489,"[0.12567427712412754, 0.7305396971133894, 0.14378602576248314]"
15089,147.59806974017337,111248.50836772588,"[0.6297904032410542, 0.2499506819297185, 0.12025891482922739]"
20755,474.82706986712566,248637.57003099195,"[0.39702364236829873, 0.5422256450361908, 0.06075071259551058]"
25742,549.2513738043173,774200.8294023644,"[0.6415124192240296, 0.20251362432296424, 0.15597395645300616]"
47115,75.68359894103699,887956.064854139,"[0.04984415963780186, 0.618016187922361, 0.33213965243983706]"
48580,253.2587424885189,776267.5466614909,"[0.22423113740271733, 0.413723492638013, 0.3620453699592696]"
25182,677.6971703859238,909130.5264360766,"[0.16308421637895265, 0.34237896738952717, 0.49453681623152007]"
18147,375.1400122617314,836991.4417054469,"[0.19600286117799143, 0.23389734457125838, 0.5700997942507502]"
# ('Methane', 'Ethane', 'N-Pentane')